2021-01-07 00:00:00,969.3,NA,NA,NA,NA
2021-01-07 03:00:00,971.2,1011.9,21.2,97,NA
2021-01-07 06:00:00,969.7,1010.4,20.5,98,NA
2021-01-07 09:00:00,970.6,1011.4,19.2,97,NA
2021-01-07 10:00:00,971.4,1012.3,19.3,98,NA
2021-01-07 11:00:00,972.2,1013.2,18.7,97,NA
2021-01-07 12:00:00,972.9,1013.9,19.4,97,NA
2021-01-07 13:00:00,973.3,1014.3,19.3,97,NA
2021-01-07 14:00:00,973.6,1014.6,19.6,97,NA
2021-01-07 15:00:00,973.2,1014.2,20.2,95,NA
2021-01-07 16:00:00,972.2,1013.2,21.1,91,NA
2021-01-07 17:00:00,971.3,1012.1,22,86,NA
2021-01-07 18:00:00,970,1010.6,23.8,78,NA
2021-01-07 19:00:00,969,1009.6,25,72,NA
2021-01-07 20:00:00,968.5,1009.1,24.6,74,NA
2021-01-07 21:00:00,968.1,1008.7,24.1,78,NA
2021-01-07 22:00:00,967.8,1008.5,24.7,77,NA
2021-01-07 23:00:00,969,1009.7,24,80,NA
2021-01-08 00:00:00,NA,1009.8,23.5,84,NA
2021-01-09 00:00:00,965.2,NA,NA,NA,NA
2021-01-09 03:00:00,966,1006,23.8,90,NA
2021-01-09 06:00:00,NA,1004.4,22,90,NA
2021-01-09 09:00:00,963,1002.9,21.8,93,NA
2021-01-09 10:00:00,963.2,1003,21.7,95,NA
2021-01-09 11:00:00,964.1,1004,22.6,90,NA
2021-01-09 12:00:00,965,1004.9,25.2,83,NA
2021-01-09 13:00:00,966,1005.8,27,76,NA
2021-01-09 14:00:00,966.5,1006.3,28.7,70,NA
2021-01-09 15:00:00,966.4,1006.2,30,65,NA
2021-01-09 16:00:00,966,1005.7,32,59,NA
2021-01-09 17:00:00,964.8,1004.3,35,49,NA
2021-01-09 18:00:00,964.1,1003.6,35.2,49,NA
2021-01-09 19:00:00,963.2,1002.8,33.1,53,NA
2021-01-09 20:00:00,962,1001.6,32.4,54,NA
2021-01-09 21:00:00,961.8,1001.5,32,57,NA
2021-01-09 22:00:00,962.4,1002.1,32.2,57,NA
2021-01-09 23:00:00,962.8,1002.5,30.3,67,NA
2021-01-10 00:00:00,NA,1003.8,27.2,77,NA
2021-01-11 00:00:00,959,NA,NA,NA,NA
2021-01-11 03:00:00,961,1000.4,28.2,85,NA
2021-01-11 06:00:00,959.6,998.8,26.2,94,NA
2021-01-11 09:00:00,960,999.2,25.8,94,NA
2021-01-11 10:00:00,960.6,1000,25.2,96,NA
2021-01-11 11:00:00,961.2,1000.5,26.2,91,NA
2021-01-11 12:00:00,961,1000.4,27.5,87,NA
2021-01-11 13:00:00,961,1000.3,29.8,76,NA
2021-01-11 14:00:00,961,1000.2,31.8,66,NA
2021-01-11 15:00:00,960.6,999.8,32.5,63,NA
2021-01-11 16:00:00,960.2,999.4,33.4,58,NA
2021-01-11 17:00:00,959.4,998.4,35.3,55,NA
2021-01-11 18:00:00,959.3,998.4,34.2,60,NA
2021-01-11 19:00:00,958.8,997.8,35.2,59,NA
2021-01-11 20:00:00,958.1,997.1,34.7,60,NA
2021-01-11 21:00:00,958,997,34.6,61,NA
2021-01-11 22:00:00,958.1,997.2,34.5,57,NA
2021-01-11 23:00:00,958.6,997.7,33.5,59,NA
2021-01-12 00:00:00,NA,998.5,32.3,64,NA
2021-01-13 00:00:00,970.9,NA,NA,NA,NA
2021-01-13 03:00:00,972.6,1013.4,22.4,90,NA
2021-01-13 06:00:00,972.1,1012.8,21.5,95,NA
2021-01-13 09:00:00,971.8,1012.4,21.4,96,NA
2021-01-13 10:00:00,972.4,1013.1,21.4,93,NA
2021-01-13 11:00:00,973,1013.8,21.6,92,NA
2021-01-13 12:00:00,974,1014.8,22,91,NA
2021-01-13 13:00:00,974.1,1014.9,22.5,90,NA
2021-01-13 14:00:00,974.1,1014.8,23.7,84,NA
2021-01-13 15:00:00,973.7,1014.3,23.9,83,NA
2021-01-13 16:00:00,973,1013.7,24.4,79,NA
2021-01-13 17:00:00,972.6,1013.1,26,71,NA
2021-01-13 18:00:00,971.4,1011.9,26.7,68,NA
2021-01-13 19:00:00,970.6,1011.1,26,72,NA
2021-01-13 20:00:00,969.8,1010.3,26,74,NA
2021-01-13 21:00:00,969.3,1009.7,25.2,79,NA
2021-01-13 22:00:00,969.7,1010.2,24.7,81,NA
2021-01-13 23:00:00,969.6,1010.1,24.6,83,NA
2021-01-14 00:00:00,NA,1011,24.2,87,NA
2021-01-15 00:00:00,964.5,NA,NA,NA,NA
2021-01-15 03:00:00,965.8,1005.8,25.8,87,NA
2021-01-15 06:00:00,964.2,1003.9,24.4,93,NA
2021-01-15 09:00:00,963.8,1003.4,23.8,95,NA
2021-01-15 10:00:00,963.7,1003.3,23.6,93,NA
2021-01-15 11:00:00,963.7,1003.3,24.3,91,NA
2021-01-15 12:00:00,963.8,1003.5,26.2,85,NA
2021-01-15 13:00:00,963.7,1003.2,28.5,74,NA
2021-01-15 14:00:00,963.4,1002.9,30.5,64,NA
2021-01-15 15:00:00,962.8,1002.2,32.4,60,NA
2021-01-15 16:00:00,961.8,1001,34,54,NA
2021-01-15 17:00:00,960.6,999.8,34.8,50,NA
2021-01-15 18:00:00,959.6,998.8,35.2,49,NA
2021-01-15 19:00:00,958.8,997.9,35.3,52,NA
2021-01-15 20:00:00,957.7,996.8,35.9,47,NA
2021-01-15 21:00:00,956.6,995.6,35.8,48,NA
2021-01-15 22:00:00,956.2,995.3,34.2,54,NA
2021-01-15 23:00:00,956.5,995.8,32,69,NA
2021-01-16 00:00:00,NA,996.5,30.4,75,NA
2021-01-17 00:00:00,958.2,NA,NA,NA,NA
2021-01-17 03:00:00,967.4,1007.6,20.6,95,NA
2021-01-17 06:00:00,968.5,1008.4,20.4,98,NA
2021-01-17 09:00:00,969.6,1009.7,19.8,96,NA
2021-01-17 10:00:00,970.8,1010.9,19.7,95,NA
2021-01-17 11:00:00,971.8,1012.1,19.6,95,NA
2021-01-17 12:00:00,972.5,1012.8,20.4,87,NA
2021-01-17 13:00:00,972.8,1013.3,21.4,81,NA
2021-01-17 14:00:00,973,1013.6,22.6,70,NA
2021-01-17 15:00:00,972.9,1013.6,23.8,71,NA
2021-01-17 16:00:00,972.5,1013.2,24.9,66,NA
2021-01-17 17:00:00,NA,1012.5,25.4,64,NA
2021-01-17 18:00:00,NA,1012.4,25.6,63,NA
2021-01-17 19:00:00,NA,1011.8,25.9,61,NA
2021-01-17 20:00:00,NA,1011.5,26.4,59,NA
2021-01-17 21:00:00,NA,1011.1,26.8,56,NA
2021-01-17 22:00:00,NA,1011.3,25.6,61,NA
2021-01-17 23:00:00,NA,1012.1,23.8,74,NA
2021-01-18 00:00:00,NA,1012.8,23,83,NA
2021-01-19 03:00:00,NA,1012.5,21,82,NA
2021-01-19 06:00:00,NA,1011.5,19.2,85,NA
2021-01-19 09:00:00,NA,1012.2,17.6,92,NA
2021-01-19 10:00:00,NA,1012.9,17.4,92,NA
2021-01-19 11:00:00,NA,1013.6,18.6,88,NA
2021-01-19 12:00:00,NA,1013.9,21.2,79,NA
2021-01-19 13:00:00,NA,1013.9,23.5,68,NA
2021-01-19 14:00:00,NA,1013.7,25.8,57,NA
2021-01-19 15:00:00,NA,1012.8,27.8,55,NA
2021-01-19 16:00:00,NA,1012.2,29,49,NA
2021-01-19 17:00:00,NA,1011.1,30.2,38,NA
2021-01-19 18:00:00,NA,1010.4,30.5,39,NA
2021-01-19 19:00:00,NA,1009.6,30.8,40,NA
2021-01-19 20:00:00,NA,1008.7,31.6,37,NA
2021-01-19 21:00:00,NA,1008.7,30.8,35,NA
2021-01-19 22:00:00,NA,1008.5,30.8,40,NA
2021-01-19 23:00:00,NA,1009.1,28,54,NA
2021-01-20 00:00:00,NA,1010,25.2,63,NA
2021-01-21 03:00:00,NA,1011.1,23,81,NA
2021-01-21 06:00:00,NA,1010.5,22.1,90,NA
2021-01-21 09:00:00,NA,1011.3,20.7,93,NA
2021-01-21 10:00:00,NA,1011.8,20.8,89,NA
2021-01-21 11:00:00,NA,1012.7,22,83,NA
2021-01-21 12:00:00,NA,1013,22.6,80,NA
2021-01-21 13:00:00,NA,1013,23.8,74,NA
2021-01-21 14:00:00,NA,1013.2,26,62,NA
2021-01-21 15:00:00,NA,1012.6,28.9,50,NA
2021-01-21 16:00:00,NA,1012,29.6,47,NA
2021-01-21 17:00:00,NA,1011.2,30.4,45,NA
2021-01-21 18:00:00,NA,1010.5,31,43,NA
2021-01-21 19:00:00,NA,1009.8,30.6,39,NA
2021-01-21 20:00:00,NA,1008.9,31.5,38,NA
2021-01-21 21:00:00,NA,1008.7,30.8,42,NA
2021-01-21 22:00:00,NA,1009.1,29.7,44,NA
2021-01-21 23:00:00,NA,1009.3,28,57,NA
2021-01-22 00:00:00,NA,1010.4,27.2,64,NA
2021-01-23 03:00:00,NA,1012.9,24.8,76,NA
2021-01-23 06:00:00,NA,1011.1,23.8,82,NA
2021-01-23 09:00:00,NA,1010.1,23.6,85,NA
2021-01-23 10:00:00,NA,1010.8,22.4,93,NA
2021-01-23 11:00:00,NA,1011.3,23,90,NA
2021-01-23 12:00:00,NA,1011.6,25.5,79,NA
2021-01-23 13:00:00,NA,1011,28.5,64,NA
2021-01-23 14:00:00,NA,1010.8,29.8,56,NA
2021-01-23 15:00:00,NA,1010.1,30.8,50,NA
2021-01-23 16:00:00,NA,1009,32.5,47,NA
2021-01-23 17:00:00,NA,1008.3,33.5,49,NA
2021-01-23 18:00:00,NA,1006.4,34,46,NA
2021-01-23 19:00:00,NA,1005,34.5,44,NA
2021-01-23 20:00:00,NA,1003.9,34.8,42,NA
2021-01-23 21:00:00,NA,1003.5,33.8,46,NA
2021-01-23 22:00:00,NA,1003.5,33.2,49,NA
2021-01-23 23:00:00,NA,1004,29.9,66,NA
2021-01-24 00:00:00,NA,1004.8,28.5,70,NA
2021-01-25 03:00:00,NA,1005.4,26.2,81,NA
2021-01-25 06:00:00,NA,1003.9,24,91,NA
2021-01-25 09:00:00,NA,1003.1,22.9,93,NA
2021-01-25 10:00:00,NA,1003.2,22.8,95,NA
2021-01-25 11:00:00,NA,1003.4,23.4,93,NA
2021-01-25 12:00:00,NA,1003.3,24.6,88,NA
2021-01-25 13:00:00,NA,1003,26.6,80,NA
2021-01-25 14:00:00,NA,1002.9,27.7,75,NA
2021-01-25 15:00:00,NA,1002.8,28.4,71,NA
2021-01-25 16:00:00,NA,1002.4,29.8,63,NA
2021-01-25 17:00:00,NA,1001.5,30.9,57,NA
2021-01-25 18:00:00,NA,1000.5,31.9,56,NA
2021-01-25 19:00:00,NA,998.9,32,58,NA
2021-01-25 20:00:00,NA,998.5,31.6,63,NA
2021-01-25 21:00:00,NA,998.3,31,67,NA
2021-01-25 22:00:00,NA,998.1,30.8,65,NA
2021-01-25 23:00:00,NA,998.8,28.8,80,NA
2021-01-26 00:00:00,NA,999.3,27.8,87,NA
2021-01-26 15:00:00,962.5,NA,30.2,61,NA
2021-01-26 16:00:00,962.2,NA,30.4,65,NA
2021-01-26 17:00:00,961.4,NA,31.6,60,NA
2021-01-26 18:00:00,960.8,NA,33,55,NA
2021-01-26 19:00:00,959.7,NA,32.6,56,NA
2021-01-26 20:00:00,958.6,NA,33,54,NA
2021-01-27 03:00:00,NA,1006.2,20.8,100,NA
2021-01-27 06:00:00,NA,1004.7,20.2,92,NA
2021-01-27 09:00:00,NA,1005.2,19.8,92,NA
2021-01-27 10:00:00,NA,1006.1,19.6,95,NA
2021-01-27 11:00:00,NA,1006.8,20.4,92,NA
2021-01-27 12:00:00,NA,1008.7,22.5,83,NA
2021-01-27 13:00:00,NA,1008.4,25.2,76,NA
2021-01-27 14:00:00,NA,1008.2,26.9,74,NA
2021-01-27 15:00:00,NA,1007.6,28.5,68,NA
2021-01-27 16:00:00,NA,1006.2,30.6,63,NA
2021-01-27 17:00:00,NA,1005.4,31.6,59,NA
2021-01-27 18:00:00,NA,1004.8,30.8,63,NA
2021-01-27 19:00:00,NA,1003.6,30.6,59,NA
2021-01-27 20:00:00,NA,1002.7,32.2,46,NA
2021-01-27 21:00:00,NA,1001.9,31.6,50,NA
2021-01-27 22:00:00,NA,1002.4,29.6,69,NA
2021-01-27 23:00:00,NA,1002.4,28.5,71,NA
2021-01-28 00:00:00,NA,1003.2,27.3,75,NA
2021-01-29 03:00:00,NA,1001.1,26.4,83,NA
2021-01-29 06:00:00,NA,998.2,25.1,84,NA
2021-01-29 09:00:00,NA,997.2,22.2,92,NA
2021-01-29 10:00:00,NA,997.9,21.9,90,NA
2021-01-29 11:00:00,NA,999,23,88,NA
2021-01-29 12:00:00,NA,999.2,25.2,81,NA
2021-01-29 13:00:00,NA,999.4,26.8,74,NA
2021-01-29 14:00:00,NA,999.4,28.6,68,NA
2021-01-29 15:00:00,NA,998.9,30.6,66,NA
2021-01-29 16:00:00,NA,998.5,32.4,60,NA
2021-01-29 17:00:00,NA,997.8,33.8,55,NA
2021-01-29 18:00:00,NA,997.2,35,51,NA
2021-01-29 19:00:00,NA,996.6,35.7,48,NA
2021-01-29 20:00:00,NA,995.8,34.8,49,NA
2021-01-29 21:00:00,NA,995.9,34.8,51,NA
2021-01-29 22:00:00,NA,996.3,33.9,54,NA
2021-01-29 23:00:00,NA,996.5,32.5,55,NA
2021-01-30 00:00:00,NA,997.8,28.7,74,NA
2021-01-31 03:00:00,965.3,1005,24.2,82,NA
2021-01-31 06:00:00,966.4,1006,22.6,91,NA
2021-01-31 09:00:00,967.3,1007,22.2,93,NA
2021-01-31 10:00:00,968.1,1007.8,22.1,94,NA
2021-01-31 11:00:00,968.8,1008.8,21.8,95,NA
2021-01-31 12:00:00,969,1009.1,21.9,94,NA
2021-01-31 13:00:00,969.3,1009.3,22.2,90,NA
2021-01-31 14:00:00,969.6,1010.1,22.4,88,NA
2021-01-31 15:00:00,969.4,1009.9,22.6,86,NA
2021-01-31 16:00:00,968.2,1008.5,24,78,NA
2021-01-31 17:00:00,967.6,1007.9,24.8,74,NA
2021-01-31 18:00:00,965.8,1006,25.8,70,NA
2021-01-31 19:00:00,965.3,1005.5,25.4,76,NA
2021-01-31 20:00:00,964.4,1004.6,25.2,75,NA
2021-01-31 21:00:00,963.6,1003.8,24.6,79,NA
2021-01-31 22:00:00,963.7,1003.9,24.2,87,NA
2021-01-31 23:00:00,964.6,1004.9,23.8,88,NA
2021-02-01 00:00:00,965.6,1006,23.2,93,NA
2021-02-02 00:00:00,965.6,NA,NA,NA,NA
2021-02-02 03:00:00,968.2,1008.9,20.5,97,NA
2021-02-02 06:00:00,967,1007.6,20.1,97,NA
2021-02-02 09:00:00,966.2,1006.8,20,96,NA
2021-02-02 10:00:00,967.3,1007.9,20.2,96,NA
2021-02-02 11:00:00,968.1,1008.7,20.2,98,NA
2021-02-02 12:00:00,968.2,1009,20.3,97,NA
2021-02-02 13:00:00,968,1008.6,21.4,95,NA
2021-02-02 14:00:00,967.4,1008.1,22.6,87,NA
2021-02-02 15:00:00,966.6,1007.2,23.9,81,NA
2021-02-02 16:00:00,966.4,1006.8,25.4,75,NA
2021-02-02 17:00:00,NA,1006.6,25.8,73,NA
2021-02-02 18:00:00,965.8,1006.1,26,72,NA
2021-02-02 19:00:00,965.8,1006.3,23.2,89,NA
2021-02-02 20:00:00,965.6,1006.2,22.6,95,NA
2021-02-02 21:00:00,966,1006.6,22.2,96,NA
2021-02-02 22:00:00,966.4,1007,22,97,NA
2021-02-02 23:00:00,967,1007.6,22.2,95,NA
2021-02-03 00:00:00,NA,1008.6,22,96,NA
2021-02-04 00:00:00,974.8,NA,NA,NA,NA
2021-02-04 03:00:00,978.2,1019.4,20.4,96,NA
2021-02-04 06:00:00,977,1017.9,19.7,97,NA
2021-02-04 09:00:00,976.2,1017.4,19.8,95,NA
2021-02-04 10:00:00,976.6,1017.9,19.8,95,NA
2021-02-04 11:00:00,977,1018.2,19.8,95,NA
2021-02-04 12:00:00,977.4,1018.7,20.4,95,NA
2021-02-04 13:00:00,978,1019.1,22.2,86,NA
2021-02-04 14:00:00,977.8,1018.7,25.4,73,NA
2021-02-04 15:00:00,977.4,1018.2,26.4,67,NA
2021-02-04 16:00:00,976.2,1016.9,28.2,59,NA
2021-02-04 17:00:00,975.2,1015.7,29.6,56,NA
2021-02-04 18:00:00,974.2,1014.6,30.6,48,NA
2021-02-04 19:00:00,973,1013.3,30.6,42,NA
2021-02-04 20:00:00,972.4,1012.7,30.4,48,NA
2021-02-04 21:00:00,971.8,1012.3,29.2,52,NA
2021-02-04 22:00:00,971.6,1012.2,26.4,71,NA
2021-02-04 23:00:00,971.7,1012.3,25.5,74,NA
2021-02-05 00:00:00,NA,1013.1,24,82,NA
2021-02-05 03:00:00,NA,1015.3,23,81,NA
2021-02-05 06:00:00,NA,1014.9,22.2,86,NA
2021-02-05 09:00:00,NA,1014.3,21.2,93,NA
2021-02-05 10:00:00,NA,1014.7,20.2,96,NA
2021-02-05 11:00:00,NA,1015.2,20.8,91,NA
2021-02-05 12:00:00,NA,1015.3,23.4,77,NA
2021-02-05 13:00:00,NA,1014.4,25.5,63,NA
2021-02-05 14:00:00,NA,1014.2,26.6,59,NA
2021-02-05 15:00:00,NA,1013,27.8,56,NA
2021-02-05 16:00:00,NA,1012,28.3,50,NA
2021-02-05 17:00:00,NA,1011.2,29.3,52,NA
2021-02-05 18:00:00,NA,1009.8,30.2,51,NA
2021-02-05 19:00:00,NA,1009.1,30.3,49,NA
2021-02-05 20:00:00,NA,1008.5,30.5,50,NA
2021-02-05 21:00:00,NA,1008.3,30.1,49,NA
2021-02-05 22:00:00,NA,1008.2,29.5,52,NA
2021-02-05 23:00:00,NA,1008.9,27.4,72,NA
2021-02-06 00:00:00,969.4,1009.7,25.3,78,NA
2021-02-06 03:00:00,970,NA,NA,NA,NA
2021-02-06 06:00:00,969.6,NA,NA,NA,NA
2021-02-06 09:00:00,969.8,NA,NA,NA,NA
2021-02-06 10:00:00,970.2,NA,NA,NA,NA
2021-02-06 11:00:00,971.4,NA,NA,NA,NA
2021-02-06 12:00:00,971.8,NA,NA,NA,NA
2021-02-06 13:00:00,971.8,NA,NA,NA,NA
2021-02-06 14:00:00,971.8,NA,NA,NA,NA
2021-02-06 15:00:00,971.6,NA,NA,NA,NA
2021-02-06 16:00:00,971,NA,NA,NA,NA
2021-02-06 17:00:00,969.8,NA,NA,NA,NA
2021-02-06 18:00:00,969.2,NA,NA,NA,NA
2021-02-06 19:00:00,968.6,NA,NA,NA,NA
2021-02-06 20:00:00,968.1,NA,NA,NA,NA
2021-02-06 21:00:00,967.7,NA,NA,NA,NA
2021-02-06 22:00:00,967.7,NA,NA,NA,NA
2021-02-06 23:00:00,968.1,NA,NA,NA,NA
2021-02-08 00:00:00,967.3,NA,NA,NA,NA
2021-02-08 03:00:00,968.6,1008.4,27,59,NA
2021-02-08 06:00:00,968.6,1008.3,24.5,76,NA
2021-02-08 09:00:00,NA,1008,22.4,91,NA
2021-02-08 10:00:00,NA,1008.3,21.5,92,NA
2021-02-08 11:00:00,NA,1009.2,23.2,90,NA
2021-02-08 12:00:00,NA,1009.6,25.2,76,NA
2021-02-08 13:00:00,NA,1009.8,27.6,70,NA
2021-02-08 14:00:00,NA,1009.3,28.6,62,NA
2021-02-08 15:00:00,NA,1008.4,30.8,48,NA
2021-02-08 16:00:00,NA,1007.8,31.8,43,NA
2021-02-08 17:00:00,NA,1006.5,32.7,38,NA
2021-02-08 18:00:00,NA,1005.3,33.4,35,NA
2021-02-08 19:00:00,NA,1004.1,34,33,NA
2021-02-08 20:00:00,NA,1003.9,33.6,34,NA
2021-02-08 21:00:00,NA,1003.4,33.4,35,NA
2021-02-08 22:00:00,NA,1004.3,29,54,NA
2021-02-08 23:00:00,NA,1004.8,28.2,54,NA
2021-02-09 00:00:00,NA,1006.5,28,50,NA
2021-02-10 03:00:00,NA,1015.5,20.2,95,NA
2021-02-10 06:00:00,NA,1014.3,19.5,98,NA
2021-02-10 09:00:00,NA,1014.1,18.9,98,NA
2021-02-10 10:00:00,NA,1014.4,18.8,98,NA
2021-02-10 11:00:00,NA,1015.6,18.8,98,NA
2021-02-10 12:00:00,NA,1016.1,18.8,98,NA
2021-02-10 13:00:00,NA,1016.6,19.4,96,NA
2021-02-10 14:00:00,NA,1016.8,19.8,93,NA
2021-02-10 15:00:00,NA,1016.6,20.2,92,NA
2021-02-10 16:00:00,NA,1015.9,20.7,90,NA
2021-02-10 17:00:00,NA,1015.2,21,87,NA
2021-02-10 18:00:00,NA,1014.2,22.6,77,NA
2021-02-10 19:00:00,NA,1013.2,23.3,73,NA
2021-02-10 20:00:00,NA,1013.3,20.6,93,NA
2021-02-10 21:00:00,NA,1012.1,21.4,82,NA
2021-02-10 22:00:00,NA,1012.4,21.2,86,NA
2021-02-11 00:00:00,NA,1013.5,20.2,95,NA
2021-02-10 23:00:00,971.7,NA,20.3,94,NA
2021-02-11 03:00:00,973.7,NA,20,94,NA
2021-02-11 06:00:00,971.8,NA,19.7,93,NA
2021-02-11 09:00:00,971.7,NA,19.4,96,NA
2021-02-11 10:00:00,971.7,NA,19.2,98,NA
2021-02-11 11:00:00,972.2,NA,19.4,96,NA
2021-02-11 12:00:00,972.6,NA,23.1,65,NA
2021-02-11 13:00:00,972.8,NA,21,88,NA
2021-02-11 14:00:00,972.6,NA,22.4,80,NA
2021-02-11 15:00:00,972.1,NA,24.8,59,NA
2021-02-11 16:00:00,971.4,NA,25.3,68,NA
2021-02-11 17:00:00,970.5,NA,25.9,64,NA
2021-02-11 18:00:00,969.7,NA,27.1,60,NA
2021-02-11 19:00:00,968.9,NA,27.8,57,NA
2021-02-11 20:00:00,968,NA,27.3,58,NA
2021-02-11 21:00:00,967.8,NA,27,60,NA
2021-02-11 22:00:00,968.2,NA,25,73,NA
2021-02-11 23:00:00,969,NA,23.2,76,NA
2021-02-12 03:00:00,NA,1011.4,20.8,91,NA
2021-02-12 06:00:00,NA,1009.5,18.8,90,NA
2021-02-12 09:00:00,NA,1010,18.2,96,NA
2021-02-12 10:00:00,NA,1010.6,17.1,98,NA
2021-02-12 11:00:00,NA,1010.9,18.2,90,NA
2021-02-12 12:00:00,NA,1011.2,20.4,87,NA
2021-02-12 13:00:00,NA,1011.1,23,75,NA
2021-02-12 14:00:00,NA,1010.7,25.2,66,NA
2021-02-12 15:00:00,NA,1010.6,27.4,59,NA
2021-02-12 16:00:00,NA,1009.8,28.2,56,NA
2021-02-12 17:00:00,NA,1008.8,29.6,57,NA
2021-02-12 18:00:00,NA,1007.8,29.6,54,NA
2021-02-12 19:00:00,NA,1006.7,30.2,51,NA
2021-02-12 20:00:00,NA,1005.9,30.6,50,NA
2021-02-12 21:00:00,NA,1005.1,30.8,49,NA
2021-02-12 22:00:00,NA,1005.5,29.2,55,NA
2021-02-12 23:00:00,965.4,NA,25.8,69,NA
2021-02-13 00:00:00,966.1,NA,25.8,60,NA
2021-02-13 03:00:00,968.6,NA,24.2,71,NA
2021-02-13 06:00:00,967.2,NA,22.2,87,NA
2021-02-13 09:00:00,967.7,NA,21.8,91,NA
2021-02-13 10:00:00,968.2,NA,21.8,91,NA
2021-02-13 11:00:00,969,NA,21.8,93,NA
2021-02-13 12:00:00,969.4,NA,22.4,91,NA
2021-02-13 13:00:00,970,NA,23.8,78,NA
2021-02-13 14:00:00,969.7,NA,24.6,77,NA
2021-02-13 15:00:00,969,NA,26.3,67,NA
2021-02-13 16:00:00,968.4,NA,26.5,67,NA
2021-02-13 17:00:00,967.6,NA,26.8,65,NA
2021-02-13 18:00:00,966.2,NA,26.8,66,NA
2021-02-13 19:00:00,965.2,NA,27.5,63,NA
2021-02-13 20:00:00,964.4,NA,27.9,63,NA
2021-02-13 21:00:00,964.2,NA,27.3,69,NA
2021-02-13 22:00:00,964.2,NA,26,74,NA
2021-02-13 23:00:00,964.6,NA,24.6,74,NA
2021-02-14 03:00:00,NA,1007.9,23.4,84,NA
2021-02-14 06:00:00,NA,1006.2,22,90,NA
2021-02-14 09:00:00,NA,1006.1,21.8,91,NA
2021-02-14 10:00:00,NA,1006.9,21.5,97,NA
2021-02-14 11:00:00,NA,1007.3,22.1,96,NA
2021-02-14 12:00:00,NA,1007.2,23.3,92,NA
2021-02-14 13:00:00,NA,1006.7,25.6,86,NA
2021-02-14 14:00:00,NA,1006.2,27.4,76,NA
2021-02-14 15:00:00,NA,1005.9,28.8,67,NA
2021-02-14 16:00:00,NA,1005.4,30.1,63,NA
2021-02-14 17:00:00,NA,1004.5,31.2,59,NA
2021-02-14 18:00:00,NA,1002.9,32.9,52,NA
2021-02-14 19:00:00,NA,1001.8,33.3,51,NA
2021-02-14 20:00:00,NA,1001,33.4,50,NA
2021-02-14 21:00:00,NA,1000.6,31.8,57,NA
2021-02-14 22:00:00,NA,1000.7,31.6,58,NA
2021-02-14 23:00:00,NA,1001.5,29.2,73,NA
2021-02-15 00:00:00,962.6,NA,26.8,79,NA
2021-02-15 03:00:00,965.3,NA,25.4,85,NA
2021-02-15 06:00:00,966.2,NA,24.3,89,NA
2021-02-15 09:00:00,967.6,NA,23,82,NA
2021-02-15 10:00:00,968.2,NA,23,81,NA
2021-02-15 11:00:00,968.6,NA,23.4,83,NA
2021-02-15 12:00:00,969,NA,24.8,78,NA
2021-02-15 13:00:00,969.4,NA,25.6,73,NA
2021-02-15 14:00:00,968.8,NA,28.8,62,NA
2021-02-15 15:00:00,968.4,NA,27.6,66,NA
2021-02-15 16:00:00,967.8,NA,29.7,61,NA
2021-02-15 17:00:00,966.2,NA,30.4,58,NA
2021-02-15 18:00:00,964.8,NA,31.2,58,NA
2021-02-15 19:00:00,963.7,NA,32,53,NA
2021-02-15 20:00:00,962.8,NA,32.3,53,NA
2021-02-15 21:00:00,962.2,NA,31.2,56,NA
2021-02-15 22:00:00,962.9,NA,31.5,56,NA
2021-02-15 23:00:00,963.3,NA,29.1,65,NA
2021-02-16 03:00:00,NA,1009,22.6,94,NA
2021-02-16 06:00:00,NA,1009.5,22.1,94,NA
2021-02-16 09:00:00,NA,1010.6,20.4,97,NA
2021-02-16 10:00:00,NA,1010.9,20.2,95,NA
2021-02-16 11:00:00,NA,1011.8,19.8,97,NA
2021-02-16 12:00:00,NA,1012.4,20.3,95,NA
2021-02-16 13:00:00,NA,1013.4,20.6,96,NA
2021-02-16 14:00:00,NA,1013.4,21,96,NA
2021-02-16 15:00:00,NA,1013.6,21.3,93,NA
2021-02-16 16:00:00,NA,1012.6,22.3,87,NA
2021-02-16 17:00:00,NA,1011.7,22.8,83,NA
2021-02-16 18:00:00,NA,1010.8,22.6,83,NA
2021-02-16 19:00:00,NA,1009.8,21.8,90,NA
2021-02-16 20:00:00,NA,1008.7,23.5,75,NA
2021-02-16 21:00:00,NA,1007.9,24.8,69,NA
2021-02-16 22:00:00,NA,1008.2,24.5,72,NA
2021-02-16 23:00:00,NA,1008.7,23.5,75,NA
2021-02-17 00:00:00,968.8,NA,22.5,86,NA
2021-02-17 03:00:00,970.6,NA,21.7,91,NA
2021-02-17 06:00:00,969.2,NA,20.5,95,NA
2021-02-17 09:00:00,968.6,NA,20,95,NA
2021-02-17 10:00:00,969,NA,20.2,96,NA
2021-02-17 11:00:00,970,NA,20.6,94,NA
2021-02-17 12:00:00,970.1,NA,21.1,91,NA
2021-02-17 13:00:00,970.6,NA,23.2,88,NA
2021-02-17 14:00:00,970.4,NA,24.6,75,NA
2021-02-17 15:00:00,969.8,NA,27.8,64,NA
2021-02-17 16:00:00,969.4,NA,29,58,NA
2021-02-17 17:00:00,968.4,NA,30.1,57,NA
2021-02-17 18:00:00,967.4,NA,29.8,58,NA
2021-02-17 19:00:00,966.6,NA,30.8,56,NA
2021-02-17 20:00:00,965.8,NA,30.8,54,NA
2021-02-17 21:00:00,965.4,NA,30.6,55,NA
2021-02-17 22:00:00,965.4,NA,30,58,NA
2021-02-17 23:00:00,966.2,NA,27.6,68,NA
2021-02-18 03:00:00,NA,1007.7,24.1,86,NA
2021-02-18 06:00:00,NA,1007.1,22.6,92,NA
2021-02-18 09:00:00,NA,1007.3,22.6,91,NA
2021-02-18 10:00:00,NA,1007.7,22.5,92,NA
2021-02-18 11:00:00,NA,1008.6,22.9,89,NA
2021-02-18 12:00:00,NA,1008.9,24.1,87,NA
2021-02-18 13:00:00,NA,1009.3,26.3,75,NA
2021-02-18 14:00:00,NA,1008.9,28.8,64,NA
2021-02-18 15:00:00,NA,1008.1,30.7,56,NA
2021-02-18 16:00:00,NA,1007,31.5,59,NA
2021-02-18 17:00:00,NA,1006.5,31.8,58,NA
2021-02-18 18:00:00,NA,1005.7,32.5,55,NA
2021-02-18 19:00:00,NA,1004.4,33.3,52,NA
2021-02-18 21:00:00,NA,1004.7,31.4,57,NA
2021-02-18 22:00:00,NA,1005,24.4,80,NA
2021-02-18 23:00:00,NA,1006.4,23,88,NA
2021-02-19 00:00:00,966.9,NA,22.9,86,NA
2021-02-19 03:00:00,968.1,NA,22.4,94,NA
2021-02-19 06:00:00,965.7,NA,21.5,91,NA
2021-02-19 09:00:00,965.8,NA,21.9,93,NA
2021-02-19 10:00:00,966.5,NA,21.8,94,NA
2021-02-19 11:00:00,967.4,NA,22.7,91,NA
2021-02-19 12:00:00,968,NA,23.4,79,NA
2021-02-19 13:00:00,968.2,NA,25.6,81,NA
2021-02-19 14:00:00,967.8,NA,27.3,73,NA
2021-02-19 15:00:00,967.3,NA,29.8,65,NA
2021-02-19 16:00:00,966.6,NA,31,56,NA
2021-02-19 17:00:00,966.2,NA,32.2,54,NA
2021-02-19 18:00:00,965.4,NA,32.1,54,NA
2021-02-19 19:00:00,964.9,NA,33.1,50,NA
2021-02-19 20:00:00,964.2,NA,33.1,51,NA
2021-02-19 21:00:00,964.5,NA,33,56,NA
2021-02-19 22:00:00,964.6,NA,31.4,64,NA
2021-02-19 23:00:00,965.8,NA,29.3,70,NA
2021-02-20 03:00:00,NA,1011.4,24.8,80,NA
2021-02-20 06:00:00,NA,1011.7,22.2,93,NA
2021-02-20 09:00:00,NA,1011.8,20.4,97,NA
2021-02-20 10:00:00,NA,1013.1,20.6,96,NA
2021-02-20 11:00:00,NA,1014.1,20.2,97,NA
2021-02-20 12:00:00,NA,1014.3,20.8,93,NA
2021-02-20 13:00:00,NA,1014.7,21.8,88,NA
2021-02-20 14:00:00,NA,1015.1,23.6,82,NA
2021-02-20 15:00:00,NA,1013.8,24.5,74,NA
2021-02-20 16:00:00,NA,1013.4,24.4,75,NA
2021-02-20 17:00:00,NA,1012.5,24.8,74,NA
2021-02-20 18:00:00,NA,1011,26.8,70,NA
2021-02-20 19:00:00,NA,1009.9,26.2,69,NA
2021-02-20 20:00:00,NA,1009,27.1,64,NA
2021-02-20 21:00:00,NA,1008.6,27.4,64,NA
2021-02-20 22:00:00,NA,1008.7,25.8,74,NA
2021-02-20 23:00:00,NA,1008.5,24.3,83,NA
2021-02-21 00:00:00,968.6,NA,23.5,83,NA
2021-02-21 03:00:00,969.8,NA,23.3,89,NA
2021-02-21 06:00:00,969.8,NA,22.5,91,NA
2021-02-21 09:00:00,969.3,NA,22.4,89,NA
2021-02-21 10:00:00,969.6,NA,22.2,90,NA
2021-02-21 11:00:00,970.1,NA,22.8,91,NA
2021-02-21 12:00:00,970.6,NA,23,91,NA
2021-02-21 13:00:00,971.4,NA,23.6,88,NA
2021-02-21 14:00:00,971.2,NA,23.6,87,NA
2021-02-21 15:00:00,971,NA,24.6,80,NA
2021-02-21 16:00:00,970.8,NA,25,79,NA
2021-02-21 17:00:00,969.7,NA,27.8,64,NA
2021-02-21 18:00:00,969,NA,28.3,64,NA
2021-02-21 19:00:00,967.8,NA,28.6,63,NA
2021-02-21 20:00:00,967.4,NA,29,62,NA
2021-02-21 21:00:00,966.6,NA,28,67,NA
2021-02-21 22:00:00,966.5,NA,27.1,73,NA
2021-02-21 23:00:00,966.6,NA,26.6,76,NA
2021-02-22 03:00:00,NA,1008.3,24.8,89,NA
2021-02-22 06:00:00,NA,1007,24.7,88,NA
2021-02-22 09:00:00,NA,1006.3,23.6,96,NA
2021-02-22 10:00:00,NA,1006.2,23.4,98,NA
2021-02-22 11:00:00,NA,1006.5,23.4,96,NA
2021-02-22 12:00:00,NA,1006.9,25,89,NA
2021-02-22 13:00:00,NA,1006.8,26.9,79,NA
2021-02-22 14:00:00,NA,1007.1,28.3,73,NA
2021-02-22 15:00:00,NA,1006.6,30.8,62,NA
2021-02-22 16:00:00,NA,1005.8,33,56,NA
2021-02-22 17:00:00,NA,1005.1,34,52,NA
2021-02-22 18:00:00,NA,1004.1,33.6,55,NA
2021-02-22 19:00:00,NA,1003.8,35,48,NA
2021-02-22 20:00:00,NA,1002.9,34.5,47,NA
2021-02-22 21:00:00,NA,1003,33.8,51,NA
2021-02-22 22:00:00,NA,1003.2,32.4,61,NA
2021-02-22 23:00:00,NA,1003.8,30.6,71,NA
2021-02-23 00:00:00,964.4,NA,29.2,71,NA
2021-02-23 03:00:00,965.8,NA,27.4,76,NA
2021-02-23 06:00:00,965,NA,25,89,NA
2021-02-23 09:00:00,965.8,NA,24.8,90,NA
2021-02-23 10:00:00,966.2,NA,24.7,91,NA
2021-02-23 11:00:00,967.4,NA,25.5,88,NA
2021-02-23 12:00:00,968.5,NA,26.6,81,NA
2021-02-23 13:00:00,968.6,NA,27.1,81,NA
2021-02-23 14:00:00,968.8,NA,30.4,68,NA
2021-02-23 15:00:00,968.6,NA,32.1,66,NA
2021-02-23 16:00:00,968.2,NA,32.4,66,NA
2021-02-23 17:00:00,967,NA,34.2,56,NA
2021-02-23 18:00:00,966.9,NA,35,54,NA
2021-02-23 19:00:00,965.2,NA,35.3,48,NA
2021-02-23 20:00:00,964.2,NA,35.4,48,NA
2021-02-23 21:00:00,964.2,NA,35.1,49,NA
2021-02-23 22:00:00,964.6,NA,32.4,61,NA
2021-02-23 23:00:00,965,NA,29.8,70,NA
2021-02-24 03:00:00,NA,1007.2,27.8,79,NA
2021-02-24 06:00:00,NA,1007.4,25.6,89,NA
2021-02-24 09:00:00,NA,1008.4,25.6,91,NA
2021-02-24 10:00:00,NA,1009.9,24.2,98,NA
2021-02-24 11:00:00,NA,1010.6,24.2,96,NA
2021-02-24 12:00:00,NA,1011.6,26.8,77,NA
2021-02-24 13:00:00,NA,1012.1,28.8,66,NA
2021-02-24 14:00:00,NA,1011.8,29.8,67,NA
2021-02-24 15:00:00,NA,1010.7,30.2,58,NA
2021-02-24 16:00:00,NA,1009.1,31.4,58,NA
2021-02-24 17:00:00,NA,1008.4,31.8,57,NA
2021-02-24 18:00:00,NA,1007,32,57,NA
2021-02-24 19:00:00,NA,1005.5,32.6,54,NA
2021-02-24 20:00:00,NA,1004.8,33.8,54,NA
2021-02-24 21:00:00,NA,1004,31.5,57,NA
2021-02-24 22:00:00,NA,1005.2,29.8,65,NA
2021-02-24 23:00:00,NA,1005.5,28.6,70,NA
2021-02-25 00:00:00,967.2,NA,28.4,70,NA
2021-02-25 03:00:00,970,NA,24.8,83,NA
2021-02-25 06:00:00,970.6,NA,20.5,96,NA
2021-02-25 09:00:00,971,NA,21,98,NA
2021-02-25 10:00:00,970.1,NA,21.2,98,NA
2021-02-25 11:00:00,971.3,NA,21.8,98,NA
2021-02-25 12:00:00,971,NA,21.8,98,NA
2021-02-25 13:00:00,971.8,NA,22.4,95,NA
2021-02-25 14:00:00,972.4,NA,23.4,93,NA
2021-02-25 15:00:00,971.6,NA,24,89,NA
2021-02-25 16:00:00,971.4,NA,24.2,88,NA
2021-02-25 17:00:00,970.6,NA,24.4,86,NA
2021-02-25 18:00:00,968.6,NA,25.8,80,NA
2021-02-25 19:00:00,967.3,NA,27.4,75,NA
2021-02-25 20:00:00,966.1,NA,27.2,75,NA
2021-02-25 21:00:00,965.8,NA,27.2,75,NA
2021-02-25 22:00:00,968.1,NA,27.6,74,NA
2021-02-25 23:00:00,968.4,NA,26.2,84,NA
2021-02-26 03:00:00,NA,1010.5,22.8,93,NA
2021-02-26 06:00:00,NA,1008.4,21.6,96,NA
2021-02-26 09:00:00,NA,1007.5,21.6,95,NA
2021-02-26 10:00:00,NA,1008.2,20.8,98,NA
2021-02-26 11:00:00,NA,1009.6,21.5,96,NA
2021-02-26 12:00:00,NA,1009.5,23.6,91,NA
2021-02-26 13:00:00,NA,1010.5,25.3,80,NA
2021-02-26 14:00:00,NA,1009.5,26.4,77,NA
2021-02-26 15:00:00,NA,1009.1,28.5,69,NA
2021-02-26 16:00:00,NA,1008.6,29.3,70,NA
2021-02-26 17:00:00,NA,1007.6,30.2,67,NA
2021-02-26 18:00:00,NA,1006.6,29.6,66,NA
2021-02-26 19:00:00,NA,1005.8,31,63,NA
2021-02-26 20:00:00,NA,1005.2,31.8,59,NA
2021-02-26 21:00:00,NA,1005.2,30.6,64,NA
2021-02-26 22:00:00,NA,1005.6,30.1,67,NA
2021-02-26 23:00:00,NA,1006.6,28.4,73,NA
2021-02-27 00:00:00,967.4,NA,26.8,86,NA
2021-02-27 03:00:00,969.2,NA,25.1,91,NA
2021-02-27 06:00:00,969,NA,23.4,96,NA
2021-02-27 09:00:00,969,NA,23.2,96,NA
2021-02-27 10:00:00,969.3,NA,23.1,95,NA
2021-02-27 11:00:00,970.4,NA,23.4,96,NA
2021-02-27 12:00:00,971,NA,25.2,90,NA
2021-02-27 13:00:00,971.4,NA,26.9,82,NA
2021-02-27 14:00:00,971,NA,29.6,72,NA
2021-02-27 15:00:00,970.8,NA,30.6,68,NA
2021-02-27 16:00:00,970,NA,31,64,NA
2021-02-27 18:00:00,968.1,NA,32.2,60,NA
2021-02-27 19:00:00,967.4,NA,31.6,61,NA
2021-02-27 20:00:00,966.6,NA,31.5,62,NA
2021-02-27 21:00:00,966.8,NA,31.6,60,NA
2021-02-27 22:00:00,967.3,NA,31,62,NA
2021-02-27 23:00:00,967.8,NA,28.6,80,NA
2021-02-28 03:00:00,NA,1010.1,25.6,75,NA
2021-02-28 06:00:00,NA,1009.6,23.6,91,NA
2021-02-28 09:00:00,NA,1009.7,23.2,91,NA
2021-02-28 10:00:00,NA,1009.9,23.1,92,NA
2021-02-28 11:00:00,NA,1010,23.6,86,NA
2021-02-28 12:00:00,NA,1009.9,26,78,NA
2021-02-28 13:00:00,NA,1010.3,26.2,75,NA
2021-02-28 14:00:00,NA,1009.9,28,69,NA
2021-02-28 15:00:00,NA,1009.5,28.8,70,NA
2021-02-28 16:00:00,NA,1008.6,30.4,62,NA
2021-02-28 17:00:00,NA,1007.8,31.8,57,NA
2021-02-28 18:00:00,NA,1006.4,32.6,54,NA
2021-02-28 19:00:00,NA,1005,32.7,53,NA
2021-02-28 20:00:00,NA,1004.5,33.8,54,NA
2021-02-28 21:00:00,NA,1004,32.2,56,NA
2021-02-28 22:00:00,NA,1004.2,32,57,NA
2021-02-28 23:00:00,NA,1005,29.1,72,NA
2021-03-01 00:00:00,NA,1005.1,27.4,76,NA
2021-03-02 03:00:00,NA,1005.2,24.8,79,NA
2021-03-02 06:00:00,NA,1005.7,24.3,88,NA
2021-03-02 09:00:00,NA,1007.7,23.4,80,NA
2021-03-02 10:00:00,NA,1008.1,22.9,87,NA
2021-03-02 11:00:00,NA,1008.9,23,88,NA
2021-03-02 12:00:00,NA,1009.3,24.7,79,NA
2021-03-02 13:00:00,NA,1009.2,26.1,74,NA
2021-03-02 14:00:00,NA,1009.4,27.2,73,NA
2021-03-02 15:00:00,NA,1008.9,28.5,69,NA
2021-03-02 16:00:00,NA,1008,29.3,64,NA
2021-03-02 17:00:00,NA,1007.4,29.8,62,NA
2021-03-02 18:00:00,966.5,1006.3,30.4,59,NA
2021-03-02 19:00:00,965.3,1004.9,31.7,55,NA
2021-03-02 20:00:00,964.2,1003.9,32,53,NA
2021-03-02 21:00:00,964,1003.6,31.9,52,NA
2021-03-02 22:00:00,964.2,1003.9,31.5,54,NA
2021-03-02 23:00:00,964.6,1004.6,28.3,73,NA
2021-03-03 00:00:00,NA,1005.2,26.7,78,NA
2021-03-04 00:00:00,968.4,NA,NA,NA,NA
2021-03-04 03:00:00,971.2,1011.5,22.2,94,NA
2021-03-04 06:00:00,971,1011.3,21.4,98,NA
2021-03-04 09:00:00,971,1011.4,21.3,98,NA
2021-03-04 10:00:00,971.7,1012.1,21.4,98,NA
2021-03-04 11:00:00,972,1012.6,21.2,98,NA
2021-03-04 12:00:00,972.4,1013,21.4,97,NA
2021-03-04 13:00:00,972.6,1013.3,21.7,97,NA
2021-03-04 14:00:00,972.6,1013.4,22.2,95,NA
2021-03-04 15:00:00,972.2,1012.9,23.1,92,NA
2021-03-04 16:00:00,971.2,1011.7,24.3,86,NA
2021-03-04 17:00:00,970.9,1011.4,25.2,81,NA
2021-03-04 18:00:00,970.5,1011,25.8,81,NA
2021-03-04 19:00:00,969.4,1009.8,26.2,80,NA
2021-03-04 20:00:00,968.8,1009.1,26.6,77,NA
2021-03-04 21:00:00,968.6,1009,26.2,74,NA
2021-03-04 22:00:00,968.2,1008.6,26,78,NA
2021-03-04 23:00:00,968.5,1008.9,25.8,78,NA
2021-03-05 00:00:00,NA,1009.5,24.2,88,NA
2021-03-06 00:00:00,968.5,NA,NA,NA,NA
2021-03-06 03:00:00,970.4,1010.4,24.2,85,NA
2021-03-06 06:00:00,970,1009.9,22.9,91,NA
2021-03-06 09:00:00,969.4,1009.3,22.4,93,NA
2021-03-06 10:00:00,969.4,1009.5,22.3,94,NA
2021-03-06 11:00:00,970.2,1010.5,22.3,92,NA
2021-03-06 12:00:00,970.6,1011,23.3,88,NA
2021-03-06 13:00:00,970.8,1010.9,25.8,76,NA
2021-03-06 14:00:00,970.9,1011.1,27.4,66,NA
2021-03-06 15:00:00,970.1,1010.2,28.4,65,NA
2021-03-06 16:00:00,969.7,1009.7,29.5,61,NA
2021-03-06 17:00:00,968.6,1008.6,31,55,NA
2021-03-06 18:00:00,967.8,1007.8,31.2,52,NA
2021-03-06 19:00:00,966.9,1006.7,31.9,48,NA
2021-03-06 20:00:00,966.2,1006.1,31.8,51,NA
2021-03-06 21:00:00,966.2,1006.1,31.5,53,NA
2021-03-06 22:00:00,966.2,1006.1,30.2,59,NA
2021-03-06 23:00:00,966.6,1006.8,28.3,71,NA
2021-03-07 00:00:00,NA,1007.4,25.6,86,NA
2021-03-08 00:00:00,966.2,NA,NA,NA,NA
2021-03-08 03:00:00,968.4,1008.3,24.2,87,NA
2021-03-08 06:00:00,967.2,1007,22.1,94,NA
2021-03-08 09:00:00,969.3,1009.3,21.1,97,NA
2021-03-08 10:00:00,968.4,1008.4,20.8,96,NA
2021-03-08 11:00:00,969,1009.3,21.3,91,NA
2021-03-08 12:00:00,970.5,1010.8,23.4,85,NA
2021-03-08 13:00:00,971.4,1011.7,25.6,77,NA
2021-03-08 14:00:00,971.8,1012,27.3,72,NA
2021-03-08 15:00:00,971.2,1011.3,28.7,63,NA
2021-03-08 16:00:00,971.2,1011.1,30.8,58,NA
2021-03-08 17:00:00,970.8,1010.7,32.8,56,NA
2021-03-08 18:00:00,969.6,1009.4,33.6,49,NA
2021-03-08 19:00:00,968.6,1008.5,34,47,NA
2021-03-08 20:00:00,968.2,1008,33.6,43,NA
2021-03-08 21:00:00,968.2,1008,33.8,41,NA
2021-03-08 22:00:00,968.4,1008.4,31.4,52,NA
2021-03-08 23:00:00,968.8,1009,28.3,70,NA
2021-03-09 00:00:00,NA,1009.5,26.3,76,NA
2021-03-10 00:00:00,967.8,NA,NA,NA,NA
2021-03-10 03:00:00,969.6,1009.6,23.2,91,NA
2021-03-10 06:00:00,968.6,1008.5,22.8,91,NA
2021-03-10 09:00:00,968.2,1008.1,21.6,95,NA
2021-03-10 10:00:00,968.8,1008.8,21.6,93,NA
2021-03-10 11:00:00,969,1009.4,21.8,94,NA
2021-03-10 12:00:00,969.6,1009.9,23.1,88,NA
2021-03-10 13:00:00,969.8,1010.1,24.7,75,NA
2021-03-10 14:00:00,969.8,1010,27.6,62,NA
2021-03-10 15:00:00,969.3,1009.3,29.3,57,NA
2021-03-10 16:00:00,968.1,1008,30.3,52,NA
2021-03-10 17:00:00,966.8,1006.6,31.4,51,NA
2021-03-10 18:00:00,965.4,1005.2,31.7,53,NA
2021-03-10 19:00:00,964.2,1003.9,32.6,57,NA
2021-03-10 20:00:00,963.4,1003.1,31.7,54,NA
2021-03-10 21:00:00,963.2,1002.9,32.1,51,NA
2021-03-10 22:00:00,963,1002.8,31.5,54,NA
2021-03-10 23:00:00,963.2,1003.1,29.1,68,NA
2021-03-11 00:00:00,NA,1003.7,26.6,81,NA
2021-03-12 00:00:00,965.4,NA,NA,NA,NA
2021-03-12 03:00:00,967.4,1007.2,26.4,71,NA
2021-03-12 06:00:00,967.3,1007,22.5,98,NA
2021-03-12 09:00:00,968.5,1008.2,22.8,93,NA
2021-03-12 10:00:00,969.3,1009.5,22.8,91,NA
2021-03-12 11:00:00,969.8,1010,23.2,89,NA
2021-03-12 12:00:00,970.4,1010.6,23.6,91,NA
2021-03-12 13:00:00,970.9,1011,24.8,81,NA
2021-03-12 14:00:00,971,1011,27.2,70,NA
2021-03-12 15:00:00,970.6,1010.7,27.5,69,NA
2021-03-12 16:00:00,969.6,1009.6,29.7,63,NA
2021-03-12 17:00:00,968.4,1008.4,30.2,64,NA
2021-03-12 18:00:00,967.4,1007.3,31,57,NA
2021-03-12 19:00:00,966.4,1006.2,31.5,55,NA
2021-03-12 20:00:00,966.1,1006,30.5,61,NA
2021-03-12 21:00:00,965.4,1005.2,31.3,58,NA
2021-03-12 22:00:00,965.6,1005.5,28.8,74,NA
2021-03-12 23:00:00,966.2,1006.4,26.8,84,NA
2021-03-13 00:00:00,NA,1007.2,26,86,NA
2021-03-14 03:00:00,NA,1011.1,24.1,89,NA
2021-03-14 06:00:00,NA,1012,21.2,95,NA
2021-03-14 09:00:00,NA,1012.5,21,96,NA
2021-03-14 10:00:00,NA,1012,21.2,96,NA
2021-03-14 11:00:00,NA,1012,21.2,95,NA
2021-03-14 12:00:00,NA,1012.5,21.5,95,NA
2021-03-14 13:00:00,NA,1012.2,22.6,90,NA
2021-03-14 14:00:00,NA,1012.4,23.9,85,NA
2021-03-14 15:00:00,NA,1012.2,25.7,77,NA
2021-03-14 16:00:00,NA,1011.5,27.2,73,NA
2021-03-14 17:00:00,NA,1011.3,28.6,66,NA
2021-03-14 18:00:00,NA,1010.3,29.8,63,NA
2021-03-14 19:00:00,NA,1008.6,30.4,62,NA
2021-03-14 20:00:00,NA,1008.1,29.3,60,NA
2021-03-14 21:00:00,NA,1007.7,29.3,62,NA
2021-03-14 22:00:00,NA,1008.2,27.9,68,NA
2021-03-14 23:00:00,NA,1008.7,26.5,76,NA
2021-03-15 00:00:00,NA,1010.2,24.6,88,NA
2021-03-15 12:00:00,968.8,NA,22.8,92,NA
2021-03-15 13:00:00,968.6,NA,24.1,87,NA
2021-03-15 14:00:00,968.6,NA,25.6,79,NA
2021-03-15 15:00:00,968.4,NA,26,81,NA
2021-03-15 16:00:00,967.4,NA,27,79,NA
2021-03-15 18:00:00,965.2,NA,29.8,70,NA
2021-03-16 03:00:00,NA,1004.7,25.8,89,NA
2021-03-16 06:00:00,NA,1002.5,23.7,92,NA
2021-03-16 09:00:00,NA,1001.7,22.6,96,NA
2021-03-16 10:00:00,NA,1001.8,22.4,96,NA
2021-03-16 11:00:00,NA,1002.4,22.4,95,NA
2021-03-16 12:00:00,NA,1002.6,23.8,93,NA
2021-03-16 13:00:00,NA,1002.5,26,86,NA
2021-03-16 14:00:00,NA,1002.1,27.6,79,NA
2021-03-16 15:00:00,NA,1002.1,28.5,74,NA
2021-03-16 16:00:00,NA,1001.5,29,74,NA
2021-03-16 17:00:00,NA,1001.1,30,70,NA
2021-03-16 18:00:00,NA,1000.7,30.3,69,NA
2021-03-16 19:00:00,NA,1000,31.8,60,NA
2021-03-16 20:00:00,NA,1000.3,32,61,NA
2021-03-16 21:00:00,NA,1000.5,31.3,64,NA
2021-03-16 22:00:00,NA,1000.8,30.7,66,NA
2021-03-16 23:00:00,NA,1001.6,27.8,80,NA
2021-03-17 00:00:00,962.9,NA,27.4,83,NA
2021-03-17 03:00:00,965.7,NA,26,85,NA
2021-03-17 06:00:00,966.9,NA,22.4,94,NA
2021-03-17 09:00:00,969,NA,22.2,91,NA
2021-03-17 10:00:00,970.5,NA,22,98,NA
2021-03-17 11:00:00,971.4,NA,19,90,NA
2021-03-17 12:00:00,973.4,NA,18.7,93,NA
2021-03-18 03:00:00,NA,1015.6,21.4,91,NA
2021-03-18 06:00:00,NA,1015.1,20.6,95,NA
2021-03-18 09:00:00,NA,1015.5,20.8,87,NA
2021-03-18 10:00:00,NA,1016.2,20.2,82,NA
2021-03-18 11:00:00,NA,1017.1,19.9,86,NA
2021-03-18 12:00:00,NA,1017.2,19.2,92,NA
2021-03-18 13:00:00,NA,1017,19.4,91,NA
2021-03-18 14:00:00,NA,1016.9,19.2,92,NA
2021-03-18 15:00:00,NA,1015.6,20.2,82,NA
2021-03-18 16:00:00,NA,1014.8,20.4,82,NA
2021-03-18 17:00:00,NA,1013.5,21.8,76,NA
2021-03-18 18:00:00,NA,1012.7,22.1,74,NA
2021-03-18 19:00:00,NA,1011.3,23.2,71,NA
2021-03-18 20:00:00,NA,1010.3,23.3,70,NA
2021-03-18 21:00:00,NA,1009.9,22.7,74,NA
2021-03-18 22:00:00,NA,1010,22.2,75,NA
2021-03-18 23:00:00,NA,1010.2,21.7,82,NA
2021-03-19 00:00:00,969.8,NA,21.3,85,NA
2021-03-19 03:00:00,970.9,NA,20.8,90,NA
2021-03-19 06:00:00,970.5,NA,19.8,92,NA
2021-03-19 09:00:00,969.4,NA,19.5,93,NA
2021-03-19 10:00:00,970.1,NA,19.6,92,NA
2021-03-19 11:00:00,970.2,NA,20,90,NA
2021-03-19 12:00:00,970.8,NA,20.2,90,NA
2021-03-19 13:00:00,970.4,NA,21.4,82,NA
2021-03-19 14:00:00,970.2,NA,21.8,82,NA
2021-03-19 15:00:00,970,NA,22.3,77,NA
2021-03-19 16:00:00,968.9,NA,23,74,NA
2021-03-19 17:00:00,967.3,NA,23.7,72,NA
2021-03-19 18:00:00,966.2,NA,24,71,NA
2021-03-19 19:00:00,964.9,NA,23.1,77,NA
2021-03-19 20:00:00,964.2,NA,23.1,78,NA
2021-03-19 21:00:00,963.8,NA,22.8,81,NA
2021-03-19 22:00:00,963.8,NA,22,86,NA
2021-03-19 23:00:00,964.2,NA,21.7,87,NA
2021-03-20 03:00:00,NA,1007.9,21.1,93,NA
2021-03-20 06:00:00,NA,1006.8,21.1,93,NA
2021-03-20 09:00:00,NA,1007.3,19.8,95,NA
2021-03-20 10:00:00,NA,1007.6,19.4,98,NA
2021-03-20 11:00:00,NA,1008,19.4,97,NA
2021-03-20 12:00:00,NA,1009.1,19.6,96,NA
2021-03-20 13:00:00,NA,1009.2,20.5,93,NA
2021-03-20 14:00:00,NA,1009.2,21.6,90,NA
2021-03-20 15:00:00,NA,1008.8,22.6,84,NA
2021-03-20 16:00:00,NA,1008.1,23.8,81,NA
2021-03-20 17:00:00,NA,1007.4,25,76,NA
2021-03-20 18:00:00,NA,1006.7,25.6,76,NA
2021-03-20 19:00:00,NA,1006.3,25.9,73,NA
2021-03-20 20:00:00,NA,1007.2,25.4,78,NA
2021-03-20 21:00:00,NA,1007.6,24,82,NA
2021-03-20 22:00:00,NA,1008.4,23.6,82,NA
2021-03-20 23:00:00,NA,1009.2,23,85,NA
2021-03-21 00:00:00,969.8,NA,22.8,88,NA
2021-03-21 03:00:00,972.2,NA,20.5,94,NA
2021-03-21 06:00:00,974.6,NA,19.6,96,NA
2021-03-21 09:00:00,975.7,NA,18.8,95,NA
2021-03-21 10:00:00,976.9,NA,18.5,95,NA
2021-03-21 11:00:00,978.5,NA,18.8,96,NA
2021-03-21 12:00:00,979,NA,19,96,NA
2021-03-21 13:00:00,979.8,NA,20.2,87,NA
2021-03-21 14:00:00,980.2,NA,21.4,79,NA
2021-03-21 15:00:00,979.4,NA,23.1,72,NA
2021-03-21 16:00:00,978.6,NA,23.6,69,NA
2021-03-21 17:00:00,978,NA,24.6,64,NA
2021-03-21 18:00:00,976,NA,25.6,60,NA
2021-03-21 19:00:00,975.3,NA,25.8,59,NA
2021-03-21 20:00:00,974.8,NA,25.4,57,NA
2021-03-21 21:00:00,974.4,NA,25.4,57,NA
2021-03-21 22:00:00,974.6,NA,23.4,59,NA
2021-03-21 23:00:00,975.6,NA,21.6,75,NA
2021-03-22 03:00:00,NA,1018.6,20,87,NA
2021-03-22 06:00:00,NA,1016.3,20,87,NA
2021-03-22 09:00:00,NA,1015,19,96,NA
2021-03-22 10:00:00,NA,1015.4,19.2,95,NA
2021-03-22 11:00:00,NA,1015.9,19.3,95,NA
2021-03-22 12:00:00,NA,1016.7,19.8,84,NA
2021-03-22 13:00:00,NA,1017.3,20.3,86,NA
2021-03-22 14:00:00,NA,1017.3,21.2,86,NA
2021-03-22 15:00:00,NA,1016.8,22.5,76,NA
2021-03-22 16:00:00,NA,1015.9,23.5,70,NA
2021-03-22 17:00:00,NA,1015.1,23.7,67,NA
2021-03-22 18:00:00,NA,1014.1,23.1,74,NA
2021-03-22 19:00:00,NA,1013.8,21,85,NA
2021-03-22 20:00:00,NA,1013.3,21.4,86,NA
2021-03-22 21:00:00,NA,1013.6,20.8,87,NA
2021-03-22 22:00:00,NA,1014.3,20.5,90,NA
2021-03-22 23:00:00,NA,1014.9,20.3,89,NA
2021-03-23 00:00:00,975,NA,20.2,90,NA
2021-03-23 03:00:00,977,NA,19.3,96,NA
2021-03-23 06:00:00,976.6,NA,19.1,96,NA
2021-03-23 09:00:00,975,NA,19,96,NA
2021-03-23 10:00:00,975.4,NA,19,96,NA
2021-03-23 11:00:00,975.8,NA,19.1,96,NA
2021-03-23 12:00:00,975.8,NA,19.4,93,NA
2021-03-23 13:00:00,975.8,NA,20.4,90,NA
2021-03-23 14:00:00,975.8,NA,22.2,79,NA
2021-03-23 15:00:00,975.4,NA,23.1,74,NA
2021-03-23 16:00:00,974.6,NA,24,71,NA
2021-03-23 17:00:00,973.4,NA,24.3,71,NA
2021-03-23 18:00:00,971.8,NA,24.2,72,NA
2021-03-23 19:00:00,970.2,NA,24.7,71,NA
2021-03-23 20:00:00,969.2,NA,24.8,68,NA
2021-03-23 21:00:00,968.6,NA,24.8,72,NA
2021-03-23 22:00:00,968.8,NA,23.4,83,NA
2021-03-23 23:00:00,969.2,NA,23.1,82,NA
2021-03-24 03:00:00,NA,1012.1,22.1,87,NA
2021-03-24 06:00:00,NA,1010.6,20.8,96,NA
2021-03-24 09:00:00,NA,1010.5,20.2,98,NA
2021-03-24 10:00:00,NA,1010.8,20.1,97,NA
2021-03-24 11:00:00,NA,1011.7,20,98,NA
2021-03-24 12:00:00,NA,1011.9,20.2,98,NA
2021-03-24 13:00:00,NA,1011.7,20.5,98,NA
2021-03-24 14:00:00,NA,1011.8,20.8,98,NA
2021-03-24 15:00:00,NA,1011.4,21.1,97,NA
2021-03-24 16:00:00,NA,1011,22,91,NA
2021-03-24 17:00:00,NA,1009.9,23.6,86,NA
2021-03-24 18:00:00,NA,1008.3,25.2,81,NA
2021-03-24 19:00:00,NA,1007.1,26.5,75,NA
2021-03-24 20:00:00,NA,1006.1,26.9,74,NA
2021-03-24 21:00:00,NA,1006.1,26,78,NA
2021-03-24 22:00:00,NA,1006.3,25,84,NA
2021-03-24 23:00:00,NA,1006.2,24.2,88,NA
2021-03-25 00:00:00,966.5,NA,24.2,89,NA
2021-03-25 03:00:00,967.8,NA,23.3,95,NA
2021-03-25 06:00:00,966.2,NA,22.5,95,NA
2021-03-25 09:00:00,965.8,NA,21.7,94,NA
2021-03-25 10:00:00,966.1,NA,21.5,96,NA
2021-03-25 11:00:00,966.6,NA,22.2,99,NA
2021-03-25 12:00:00,966.8,NA,23,95,NA
2021-03-25 13:00:00,967.2,NA,24.6,88,NA
2021-03-25 14:00:00,966.8,NA,26.2,78,NA
2021-03-25 15:00:00,966.1,NA,26.6,78,NA
2021-03-25 16:00:00,965.4,NA,27.4,77,NA
2021-03-25 17:00:00,964.4,NA,28.3,72,NA
2021-03-25 18:00:00,963.2,NA,28.8,70,NA
2021-03-25 19:00:00,962.2,NA,30.1,67,NA
2021-03-25 20:00:00,961.8,NA,30,66,NA
2021-03-25 21:00:00,961.4,NA,30,67,NA
2021-03-25 22:00:00,961.7,NA,29.6,67,NA
2021-03-25 23:00:00,962.9,NA,27,82,NA
2021-03-26 03:00:00,NA,1004.8,25.2,92,NA
2021-03-26 06:00:00,NA,1003.3,24,95,NA
2021-03-26 09:00:00,NA,1003.1,23,96,NA
2021-03-26 10:00:00,NA,1003.8,22.6,98,NA
2021-03-26 11:00:00,NA,1004.8,22.5,96,NA
2021-03-26 12:00:00,NA,1005.7,23.8,94,NA
2021-03-26 13:00:00,NA,1006.5,25.8,83,NA
2021-03-26 14:00:00,NA,1007,26.6,81,NA
2021-03-26 15:00:00,NA,1007.2,27.4,79,NA
2021-03-26 16:00:00,NA,1006.9,26.5,84,NA
2021-03-26 17:00:00,NA,1006.6,24.9,95,NA
2021-03-26 18:00:00,NA,1006,25.4,94,NA
2021-03-26 19:00:00,NA,1006,25.1,83,NA
2021-03-26 20:00:00,NA,1006.1,23.7,82,NA
2021-03-26 21:00:00,NA,1006.9,22.3,98,NA
2021-03-26 22:00:00,NA,1007.4,21.7,96,NA
2021-03-26 23:00:00,NA,1008.6,21.7,95,NA
2021-03-27 00:00:00,968.6,NA,21.4,92,NA
2021-03-27 03:00:00,970.2,NA,20.4,98,NA
2021-03-27 06:00:00,970.6,NA,19.9,98,NA
2021-03-27 09:00:00,971.3,NA,19.8,96,NA
2021-03-27 10:00:00,972.4,NA,18.8,96,NA
2021-03-27 11:00:00,973.7,NA,18.3,98,NA
2021-03-27 12:00:00,974.4,NA,18,96,NA
2021-03-27 13:00:00,975,NA,17.6,96,NA
2021-03-27 14:00:00,975.4,NA,18.7,93,NA
2021-03-27 15:00:00,975.3,NA,19.7,82,NA
2021-03-27 16:00:00,975.2,NA,19.3,85,NA
2021-03-27 17:00:00,974.6,NA,20.8,75,NA
2021-03-27 18:00:00,973.8,NA,19.5,83,NA
2021-03-27 19:00:00,973.6,NA,19.6,79,NA
2021-03-27 20:00:00,973.4,NA,19,83,NA
2021-03-27 21:00:00,973.4,NA,17.8,93,NA
2021-03-27 22:00:00,974.2,NA,17.4,95,NA
2021-03-27 23:00:00,975,NA,17.1,96,NA
2021-03-28 03:00:00,NA,1018.4,17.2,98,NA
2021-03-28 06:00:00,NA,1017.1,17.2,98,NA
2021-03-28 09:00:00,NA,1016.8,17.1,94,NA
2021-03-28 10:00:00,NA,1017.2,17,93,NA
2021-03-28 11:00:00,NA,1017.4,17.2,96,NA
2021-03-28 12:00:00,NA,1017.6,17.8,91,NA
2021-03-28 13:00:00,NA,1018.1,19.1,88,NA
2021-03-28 14:00:00,NA,1018.1,20,85,NA
2021-03-28 15:00:00,NA,1017.4,22.3,70,NA
2021-03-28 16:00:00,NA,1016.2,24,59,NA
2021-03-28 17:00:00,NA,1014.8,24.5,54,NA
2021-03-28 18:00:00,NA,1014,24.6,56,NA
2021-03-28 19:00:00,NA,1013.5,24,55,NA
2021-03-28 20:00:00,NA,1012.8,23.3,59,NA
2021-03-28 21:00:00,NA,1012.4,22.6,63,NA
2021-03-28 22:00:00,NA,1012.8,22.3,68,NA
2021-03-28 23:00:00,NA,1013.5,21.5,77,NA
2021-03-29 00:00:00,972.9,NA,20,79,NA
2021-03-29 03:00:00,974.9,NA,18.8,95,NA
2021-03-29 06:00:00,974.2,NA,17.8,93,NA
2021-03-29 09:00:00,974,NA,17.5,93,NA
2021-03-29 10:00:00,974.2,NA,17.3,92,NA
2021-03-29 11:00:00,975,NA,17,95,NA
2021-03-29 12:00:00,975.6,NA,18.6,90,NA
2021-03-29 13:00:00,975.8,NA,21,78,NA
2021-03-29 14:00:00,975.8,NA,22.6,70,NA
2021-03-29 15:00:00,975.3,NA,24.4,63,NA
2021-03-29 16:00:00,974.6,NA,25.4,57,NA
2021-03-29 17:00:00,973.8,NA,26.6,51,NA
2021-03-29 18:00:00,973,NA,26.8,50,NA
2021-03-29 19:00:00,972.6,NA,25.8,55,NA
2021-03-29 20:00:00,972.4,NA,26.2,53,NA
2021-03-29 21:00:00,972.4,NA,25.6,56,NA
2021-03-29 22:00:00,972.6,NA,25,60,NA
2021-03-29 23:00:00,973.3,NA,22.6,73,NA
2021-03-30 03:00:00,NA,1015.6,19.2,89,NA
2021-03-30 06:00:00,NA,1014.9,18,92,NA
2021-03-30 09:00:00,NA,1014.6,17,93,NA
2021-03-30 10:00:00,NA,1015.1,16.6,94,NA
2021-03-30 11:00:00,NA,1015.5,16.2,94,NA
2021-03-30 12:00:00,NA,1016.4,18.9,83,NA
2021-03-30 13:00:00,NA,1016.1,22.1,71,NA
2021-03-30 14:00:00,NA,1016.1,24.3,65,NA
2021-03-30 15:00:00,NA,1015.5,25.2,59,NA
2021-03-30 16:00:00,NA,1014.3,26.3,58,NA
2021-03-30 17:00:00,NA,1013.3,27.2,57,NA
2021-03-30 18:00:00,NA,1012.1,27.2,58,NA
2021-03-30 19:00:00,NA,1011.5,26.7,57,NA
2021-03-30 20:00:00,NA,1010.9,27.1,54,NA
2021-03-30 21:00:00,NA,1010.5,26,60,NA
2021-03-30 22:00:00,NA,1011.2,24.8,66,NA
2021-03-30 23:00:00,NA,1011.2,23.7,71,NA
2021-03-31 00:00:00,971,NA,22.1,82,NA
2021-03-31 03:00:00,972,NA,21.5,88,NA
2021-03-31 06:00:00,971.2,NA,21.3,88,NA
2021-03-31 09:00:00,971.4,NA,20.4,90,NA
2021-03-31 10:00:00,971.4,NA,20.2,88,NA
2021-03-31 11:00:00,972.2,NA,20.2,95,NA
2021-03-31 17:00:00,971.6,NA,22.7,75,NA
2021-03-31 18:00:00,970.5,NA,22.9,77,NA
2021-03-31 19:00:00,969.8,NA,23,74,NA
2021-03-31 20:00:00,969,NA,23,76,NA
2021-03-31 21:00:00,969,NA,22.6,80,NA
2021-03-31 22:00:00,969.2,NA,22.3,83,NA
2021-03-31 23:00:00,969.4,NA,21.7,86,NA
2021-04-01 03:00:00,NA,1011.9,20.5,93,NA
2021-04-01 06:00:00,NA,1010.6,19.8,95,NA
2021-04-01 09:00:00,NA,1010.8,19.8,95,NA
2021-04-01 10:00:00,NA,1011.3,19.8,95,NA
2021-04-01 11:00:00,NA,1012.4,19.5,95,NA
2021-04-01 12:00:00,NA,1012.9,19.6,91,NA
2021-04-01 13:00:00,NA,1013.4,20,89,NA
2021-04-01 14:00:00,NA,1013.8,20.2,88,NA
2021-04-01 15:00:00,NA,1013.5,21.4,84,NA
2021-04-01 16:00:00,NA,1012.6,21.7,81,NA
2021-04-01 17:00:00,NA,1012.2,22.3,79,NA
2021-04-01 18:00:00,NA,1011.3,22.4,79,NA
2021-04-01 19:00:00,NA,1010.9,22.2,80,NA
2021-04-01 20:00:00,NA,1010.6,22.2,81,NA
2021-04-01 21:00:00,NA,1010.3,21.8,82,NA
2021-04-01 22:00:00,NA,1010.7,21.1,85,NA
2021-04-01 23:00:00,NA,1011.2,20.6,89,NA
2021-04-02 00:00:00,971,NA,20.4,92,NA
2021-04-02 03:00:00,972.4,NA,19.8,92,NA
2021-04-02 06:00:00,972.4,NA,19.6,94,NA
2021-04-02 09:00:00,972.6,NA,19.5,95,NA
2021-04-02 10:00:00,973,NA,19.4,96,NA
2021-04-02 11:00:00,973.4,NA,19.6,96,NA
2021-04-02 12:00:00,974.4,NA,19.6,96,NA
2021-04-02 13:00:00,974.8,NA,20.6,94,NA
2021-04-02 14:00:00,974.6,NA,23,76,NA
2021-04-02 15:00:00,974.4,NA,25,62,NA
2021-04-02 16:00:00,973.4,NA,25.2,58,NA
2021-04-02 17:00:00,972.5,NA,27,51,NA
2021-04-02 18:00:00,971.6,NA,27,57,NA
2021-04-02 19:00:00,971.3,NA,25.6,64,NA
2021-04-02 20:00:00,971,NA,24.6,68,NA
2021-04-02 21:00:00,971,NA,24.2,68,NA
2021-04-02 22:00:00,971,NA,23.6,73,NA
2021-04-02 23:00:00,971.3,NA,23,79,NA
2021-04-03 03:00:00,NA,1013.6,21.4,89,NA
2021-04-03 06:00:00,NA,1012.4,20.6,96,NA
2021-04-03 09:00:00,NA,1012,20.4,92,NA
2021-04-03 10:00:00,NA,1012.5,20.4,95,NA
2021-04-03 11:00:00,NA,1013.5,20.5,93,NA
2021-04-03 12:00:00,NA,1013.8,20.6,95,NA
2021-04-03 13:00:00,NA,1014.5,20.9,93,NA
2021-04-03 14:00:00,NA,1014.4,21.4,89,NA
2021-04-03 15:00:00,NA,1013.9,22.4,84,NA
2021-04-03 16:00:00,NA,1013.2,23.2,81,NA
2021-04-03 17:00:00,NA,1012.7,23.2,81,NA
2021-04-03 18:00:00,NA,1012.3,22.6,95,NA
2021-04-03 19:00:00,NA,1011.4,23,88,NA
2021-04-03 20:00:00,NA,1011.1,22.8,90,NA
2021-04-03 21:00:00,NA,1011.1,23,88,NA
2021-04-03 22:00:00,NA,1011.1,22.8,88,NA
2021-04-03 23:00:00,NA,1011.6,22.2,91,NA
2021-04-04 00:00:00,971.8,NA,21.9,93,NA
2021-04-04 03:00:00,973,NA,21.5,96,NA
2021-04-04 06:00:00,972,NA,20.7,96,NA
2021-04-04 09:00:00,971.4,NA,20.7,96,NA
2021-04-04 10:00:00,972.1,NA,20.7,96,NA
2021-04-04 11:00:00,972.5,NA,20.8,98,NA
2021-04-04 12:00:00,972.9,NA,20.6,98,NA
2021-04-04 13:00:00,973.4,NA,21.1,98,NA
2021-04-04 14:00:00,973.2,NA,21.4,95,NA
2021-04-04 15:00:00,972.6,NA,21.7,95,NA
2021-04-04 16:00:00,971.4,NA,22.4,90,NA
2021-04-04 17:00:00,970.4,NA,23.3,84,NA
2021-04-04 18:00:00,968.8,NA,24.1,79,NA
2021-04-04 19:00:00,968.2,NA,23.6,81,NA
2021-04-04 20:00:00,967.3,NA,23.2,83,NA
2021-04-04 21:00:00,967.7,NA,23,86,NA
2021-04-04 22:00:00,967,NA,22.7,88,NA
2021-04-04 23:00:00,968.1,NA,22.2,91,NA
2021-04-05 03:00:00,NA,1010.7,22.1,95,NA
2021-04-05 06:00:00,NA,1009.7,21.6,95,NA
2021-04-05 09:00:00,NA,1009.1,20.7,96,NA
2021-04-05 10:00:00,NA,1009.2,20.8,98,NA
2021-04-05 11:00:00,NA,1009.8,21.3,96,NA
2021-04-05 12:00:00,NA,1009.7,22.1,94,NA
2021-04-05 13:00:00,NA,1010.3,22.6,90,NA
2021-04-05 14:00:00,NA,1010.3,23.3,88,NA
2021-04-05 15:00:00,NA,1009.5,23.8,86,NA
2021-04-05 16:00:00,NA,1008.4,24.8,80,NA
2021-04-05 17:00:00,NA,1007.4,25.1,78,NA
2021-04-05 18:00:00,NA,1006,26.7,73,NA
2021-04-05 19:00:00,NA,1004.9,27.3,70,NA
2021-04-05 20:00:00,NA,1004.8,26.7,75,NA
2021-04-05 21:00:00,NA,1005.1,26.3,78,NA
2021-04-05 22:00:00,NA,1005.7,25.1,86,NA
2021-04-05 23:00:00,NA,1006.9,23.6,92,NA
2021-04-06 00:00:00,967.6,NA,23.8,90,NA
2021-04-06 03:00:00,968.6,NA,23.8,91,NA
2021-04-06 06:00:00,969.3,NA,23.1,95,NA
2021-04-06 10:00:00,968.6,NA,21.1,93,NA
2021-04-06 11:00:00,970,NA,20.8,95,NA
2021-04-06 12:00:00,970.6,NA,22.6,94,NA
2021-04-06 13:00:00,971.8,NA,23.8,89,NA
2021-04-06 14:00:00,971.4,NA,24.6,84,NA
2021-04-06 15:00:00,970.9,NA,25.8,80,NA
2021-04-06 16:00:00,969.8,NA,27.6,75,NA
2021-04-06 17:00:00,968.6,NA,28.3,72,NA
2021-04-06 18:00:00,967.8,NA,29.5,69,NA
2021-04-06 19:00:00,967.2,NA,29.1,70,NA
2021-04-06 20:00:00,966.9,NA,28.8,70,NA
2021-04-06 21:00:00,967.2,NA,28.4,71,NA
2021-04-06 22:00:00,968.1,NA,26.6,82,NA
2021-04-06 23:00:00,968.6,NA,24.4,90,NA
2021-04-07 03:00:00,NA,1010.9,22.7,93,NA
2021-04-07 06:00:00,NA,1009.9,20.6,95,NA
2021-04-07 09:00:00,NA,1009.5,21.6,95,NA
2021-04-07 10:00:00,NA,1009.8,21.8,96,NA
2021-04-07 11:00:00,NA,1010.1,22.2,96,NA
2021-04-07 12:00:00,NA,1010.1,23.2,95,NA
2021-04-07 13:00:00,NA,1010,24.4,88,NA
2021-04-07 14:00:00,NA,1010.1,25.6,81,NA
2021-04-07 15:00:00,NA,1009.8,27.6,75,NA
2021-04-07 16:00:00,NA,1008.4,29,68,NA
2021-04-07 17:00:00,NA,1007.4,29.8,68,NA
2021-04-07 18:00:00,NA,1006.8,29.8,68,NA
2021-04-07 19:00:00,NA,1005.4,30,65,NA
2021-04-07 20:00:00,NA,1004.9,30.6,63,NA
2021-04-07 21:00:00,NA,1004.6,30.2,65,NA
2021-04-07 22:00:00,NA,1004.8,29.2,75,NA
2021-04-07 23:00:00,NA,1005.1,26.2,90,NA
2021-04-08 00:00:00,NA,1005.9,25.2,92,NA
2021-04-08 15:00:00,966.4,NA,28.2,77,NA
2021-04-08 16:00:00,965.3,NA,29.6,72,NA
2021-04-08 17:00:00,964.2,NA,29.8,70,NA
2021-04-08 18:00:00,963.2,NA,30.9,66,NA
2021-04-08 19:00:00,962.2,NA,31.5,64,NA
2021-04-08 20:00:00,962.2,NA,31.6,63,NA
2021-04-08 21:00:00,962.1,NA,30.5,65,NA
2021-04-08 22:00:00,962.4,NA,29.8,67,NA
2021-04-08 23:00:00,963,NA,28.8,72,NA
2021-04-09 03:00:00,NA,1004.9,26.5,81,NA
2021-04-09 06:00:00,NA,1004.5,25.2,95,NA
2021-04-09 09:00:00,NA,1004.4,24,95,NA
2021-04-09 10:00:00,NA,1004.9,23.8,95,NA
2021-04-09 11:00:00,NA,1005.8,23.3,95,NA
2021-04-09 12:00:00,NA,1006.5,24,94,NA
2021-04-09 13:00:00,NA,1007.4,24.4,91,NA
2021-04-09 14:00:00,NA,1007.3,25.3,89,NA
2021-04-09 15:00:00,NA,1006.8,27.7,79,NA
2021-04-09 16:00:00,NA,1005.6,30.3,68,NA
2021-04-09 17:00:00,NA,1004.7,30.4,66,NA
2021-04-09 18:00:00,NA,1003.8,30.3,69,NA
2021-04-09 19:00:00,NA,1002.9,31.5,65,NA
2021-04-09 20:00:00,NA,1002.9,31.1,66,NA
2021-04-09 21:00:00,NA,1002.7,31.1,66,NA
2021-04-09 22:00:00,NA,1003.1,28.8,74,NA
2021-04-09 23:00:00,NA,1003.9,27.6,84,NA
2021-04-10 00:00:00,NA,1004.4,27.2,86,NA
2021-04-11 03:00:00,NA,1004.8,26.6,90,NA
2021-04-11 06:00:00,NA,1007.2,22.5,77,NA
2021-04-11 09:00:00,NA,1011.9,19.1,78,NA
2021-04-11 10:00:00,NA,1013.5,18.8,81,NA
2021-04-11 11:00:00,NA,1015.6,17.8,98,NA
2021-04-11 12:00:00,NA,1016.8,17.6,97,NA
2021-04-11 13:00:00,NA,1018.6,17.5,98,NA
2021-04-11 14:00:00,NA,1019.4,17.8,87,NA
2021-04-11 15:00:00,NA,1020,17.2,91,NA
2021-04-11 16:00:00,NA,1020,17,98,NA
2021-04-11 17:00:00,NA,1019.9,17,97,NA
2021-04-11 18:00:00,NA,1018.5,18.5,81,NA
2021-04-11 19:00:00,NA,1017.9,19.2,73,NA
2021-04-11 20:00:00,NA,1018,19.5,75,NA
2021-04-11 21:00:00,NA,1018,18.4,71,NA
2021-04-11 22:00:00,NA,1018.3,17.6,78,NA
2021-04-11 23:00:00,NA,1018.6,17.4,86,NA
2021-04-12 00:00:00,NA,1018.6,17.4,90,NA
2021-04-13 03:00:00,NA,1018.5,18.8,88,NA
2021-04-13 06:00:00,NA,1017.7,18.6,92,NA
2021-04-13 09:00:00,NA,1017.2,18,90,NA
2021-04-13 10:00:00,NA,1017.6,18,91,NA
2021-04-13 11:00:00,NA,1018.5,17.9,91,NA
2021-04-13 12:00:00,NA,1018.7,18.6,88,NA
2021-04-13 13:00:00,977.8,1019.1,21.6,76,NA
2021-04-13 14:00:00,977.8,1019,23.2,70,NA
2021-04-13 15:00:00,977.3,1018.2,26,61,NA
2021-04-13 16:00:00,975.8,1016.7,27.2,55,NA
2021-04-13 17:00:00,974.9,1015.6,27.6,52,NA
2021-04-13 18:00:00,973.8,1014.5,26.5,57,NA
2021-04-13 19:00:00,973.4,1014.1,26.8,55,NA
2021-04-13 20:00:00,973.6,1014.4,26.2,57,NA
2021-04-13 21:00:00,973.8,1014.7,25,63,NA
2021-04-13 22:00:00,973.4,1014.5,22.9,75,NA
2021-04-13 23:00:00,974,1015.1,22,83,NA
2021-04-14 00:00:00,NA,1015.7,22,83,NA
2021-04-15 00:00:00,968.1,NA,NA,NA,NA
2021-04-15 03:00:00,969,1009.6,22.1,87,NA
2021-04-15 06:00:00,969,1009.4,21.5,90,NA
2021-04-15 09:00:00,968.8,1009.2,21.4,90,NA
2021-04-15 10:00:00,968.9,1009.4,21.3,92,NA
2021-04-15 11:00:00,969.7,1010.3,21.3,95,NA
2021-04-15 12:00:00,970.1,1010.7,22.6,90,NA
2021-04-15 13:00:00,970.4,1010.9,24.5,78,NA
2021-04-15 14:00:00,970.9,1011.3,25.3,76,NA
2021-04-15 15:00:00,970.4,1010.8,26.5,74,NA
2021-04-15 16:00:00,NA,1009.4,27.6,66,NA
2021-04-15 17:00:00,968.4,1008.6,27.5,67,NA
2021-04-15 18:00:00,967.4,1007.6,28.2,65,NA
2021-04-15 19:00:00,966.8,1006.9,28.6,65,NA
2021-04-15 20:00:00,966.2,1006.3,28.1,65,NA
2021-04-15 21:00:00,967,1007.2,28.8,64,NA
2021-04-15 22:00:00,966.4,1006.6,26.8,76,NA
2021-04-15 23:00:00,966.9,1007.3,25.2,79,NA
2021-04-16 00:00:00,NA,1008,23.3,90,NA
2021-04-17 00:00:00,968.1,NA,NA,NA,NA
2021-04-17 03:00:00,970.6,1010.9,22.4,90,NA
2021-04-17 06:00:00,970.8,1011.1,21.4,92,NA
2021-04-17 09:00:00,970.6,1010.9,20.8,93,NA
2021-04-17 10:00:00,970.9,1011.4,20.4,96,NA
2021-04-17 11:00:00,971.6,1012.3,20.1,96,NA
2021-04-17 12:00:00,972.1,1012.6,23.2,86,NA
2021-04-17 13:00:00,972.6,1013.4,22,96,NA
2021-04-17 14:00:00,972.9,1013.5,24.4,83,NA
2021-04-17 15:00:00,972.2,1012.7,25.6,77,NA
2021-04-17 16:00:00,971.2,1011.5,27.2,72,NA
2021-04-17 17:00:00,970.2,1010.5,28,69,NA
2021-04-17 18:00:00,969.6,1009.8,29.2,64,NA
2021-04-17 19:00:00,968.8,1009.1,27.8,69,NA
2021-04-17 20:00:00,968.5,1008.7,28.4,67,NA
2021-04-17 21:00:00,968.2,1008.6,27.6,69,NA
2021-04-17 22:00:00,NA,1009.1,27,72,NA
2021-04-17 23:00:00,969.7,1010.3,25.2,79,NA
2021-04-18 00:00:00,NA,1010.8,23.6,86,NA
2021-04-19 00:00:00,970.4,NA,NA,NA,NA
2021-04-19 03:00:00,971.4,1012,22.6,95,NA
2021-04-19 06:00:00,971.4,1011.8,21.8,96,NA
2021-04-19 09:00:00,971.3,1011.7,21.8,93,NA
2021-04-19 10:00:00,971.7,1012.2,21.8,95,NA
2021-04-19 11:00:00,972.1,1012.7,22,92,NA
2021-04-19 12:00:00,972.8,1013.5,22.4,94,NA
2021-04-19 13:00:00,973.2,1013.8,23.2,90,NA
2021-04-19 14:00:00,973.2,1013.8,24.5,83,NA
2021-04-19 15:00:00,973,1013.5,25.4,79,NA
2021-04-19 16:00:00,972.2,1012.6,26.5,79,NA
2021-04-19 17:00:00,971.2,1011.5,28,70,NA
2021-04-19 18:00:00,970.2,1010.5,27.6,66,NA
2021-04-19 19:00:00,969.8,1010.1,28.3,67,NA
2021-04-19 20:00:00,969,1009.2,28.2,67,NA
2021-04-19 21:00:00,969,1009.3,27.4,72,NA
2021-04-19 22:00:00,968.9,1009.2,26.4,78,NA
2021-04-19 23:00:00,969.2,1009.6,25,87,NA
2021-04-20 00:00:00,NA,1010.3,24.5,88,NA
2021-04-21 00:00:00,966.2,NA,NA,NA,NA
2021-04-21 03:00:00,966,1006,24.8,90,NA
2021-04-21 06:00:00,963.6,1003.4,22.4,91,NA
2021-04-21 09:00:00,963.8,1003.7,21.2,96,NA
2021-04-21 10:00:00,964.6,1004.7,20.5,97,NA
2021-04-21 11:00:00,965.2,1005.4,21.5,99,NA
2021-04-21 12:00:00,966.1,1006.4,21.6,99,NA
2021-04-21 13:00:00,966.1,1006.4,22.6,98,NA
2021-04-21 14:00:00,966,1006.1,24.6,88,NA
2021-04-21 15:00:00,965.8,1005.8,25.8,81,NA
2021-04-21 16:00:00,965.3,1005.2,27.2,74,NA
2021-04-21 17:00:00,964.9,1004.9,27.8,70,NA
2021-04-21 18:00:00,964.2,1004.2,29,67,NA
2021-04-21 19:00:00,964,1003.9,28.8,69,NA
2021-04-21 20:00:00,963.8,1003.9,28.8,69,NA
2021-04-21 21:00:00,964,1004,28.6,74,NA
2021-04-21 22:00:00,965,1005.3,26.8,83,NA
2021-04-21 23:00:00,965.4,1005.6,26,86,NA
2021-04-22 00:00:00,NA,1006.3,25.2,87,NA
2021-04-23 00:00:00,968.4,NA,NA,NA,NA
2021-04-23 03:00:00,969.4,1009.9,19.4,98,NA
2021-04-23 06:00:00,967.4,1007.9,19.6,96,NA
2021-04-23 09:00:00,NA,1008.3,19.4,99,NA
2021-04-23 10:00:00,NA,1008.5,19.4,98,NA
2021-04-23 11:00:00,NA,1009.4,19.4,98,NA
2021-04-23 12:00:00,NA,1009.7,19.8,96,NA
2021-04-23 13:00:00,NA,1009.5,20.6,95,NA
2021-04-23 14:00:00,NA,1009.2,20.5,95,NA
2021-04-23 15:00:00,NA,1008,21.8,87,NA
2021-04-23 16:00:00,NA,1006.8,22.3,86,NA
2021-04-23 17:00:00,NA,1006.3,22.6,84,NA
2021-04-23 18:00:00,NA,1005.3,22.6,84,NA
2021-04-23 19:00:00,NA,1004.7,22.1,89,NA
2021-04-23 20:00:00,NA,1004.8,22.3,88,NA
2021-04-23 21:00:00,NA,1005.2,22.2,89,NA
2021-04-23 22:00:00,NA,1005.9,21.9,91,NA
2021-04-23 23:00:00,NA,1007.4,21.6,93,NA
2021-04-24 00:00:00,NA,1008.6,20.8,98,NA
2021-04-25 03:00:00,NA,1019.3,18,96,NA
2021-04-25 06:00:00,NA,1018.7,18.5,95,NA
2021-04-25 09:00:00,NA,1018.6,17.8,97,NA
2021-04-25 10:00:00,NA,1019.4,17.8,96,NA
2021-04-25 11:00:00,NA,1020.1,17.9,95,NA
2021-04-25 12:00:00,NA,1020.5,18.5,95,NA
2021-04-25 13:00:00,NA,1020.9,18.8,91,NA
2021-04-25 14:00:00,NA,1021.2,20.5,79,NA
2021-04-25 15:00:00,NA,1020.8,20.4,82,NA
2021-04-25 16:00:00,NA,1019.1,22.4,83,NA
2021-04-25 17:00:00,NA,1018.1,22.4,74,NA
2021-04-25 18:00:00,NA,1016.9,22.8,69,NA
2021-04-25 19:00:00,NA,1016.2,23.2,64,NA
2021-04-25 20:00:00,NA,1015.8,24.1,61,NA
2021-04-25 21:00:00,NA,1016.4,21.8,79,NA
2021-04-25 22:00:00,NA,1016.7,20.8,83,NA
2021-04-25 23:00:00,NA,1017.5,19.5,89,NA
2021-04-26 00:00:00,NA,1017.9,19.1,87,NA
2021-04-27 03:00:00,NA,1017.9,18.6,89,NA
2021-04-27 06:00:00,NA,1016.6,18.5,89,NA
2021-04-27 09:00:00,NA,1016,18.2,93,NA
2021-04-27 10:00:00,NA,1016.6,17.9,95,NA
2021-04-27 11:00:00,NA,1017.3,18,96,NA
2021-04-27 12:00:00,NA,1018,18.4,94,NA
2021-04-27 13:00:00,NA,1018.4,19.2,91,NA
2021-04-27 14:00:00,NA,1018.3,20,87,NA
2021-04-27 15:00:00,NA,1018.2,23,70,NA
2021-04-27 16:00:00,NA,1016.7,23.6,63,NA
2021-04-27 17:00:00,NA,1015.4,24.8,56,NA
2021-04-27 18:00:00,NA,1015,23.8,60,NA
2021-04-27 19:00:00,NA,1014,23.7,59,NA
2021-04-27 20:00:00,NA,1014,23.8,58,NA
2021-04-27 21:00:00,NA,1013.9,24.3,56,NA
2021-04-27 22:00:00,NA,1014.8,21.2,76,NA
2021-04-27 23:00:00,NA,1015.1,19.8,91,NA
2021-04-28 00:00:00,974.5,NA,19.2,88,NA
2021-04-28 03:00:00,975.3,NA,18.4,90,NA
2021-04-28 06:00:00,974.8,NA,15,95,NA
2021-04-28 09:00:00,975.4,NA,14.2,97,NA
2021-04-28 10:00:00,976.4,NA,13.8,97,NA
2021-04-28 11:00:00,977.7,NA,13.5,97,NA
2021-04-28 12:00:00,978.4,NA,15.6,94,NA
2021-04-28 13:00:00,978.9,NA,16.8,89,NA
2021-04-28 14:00:00,979.3,NA,19.2,81,NA
2021-04-28 16:00:00,978,NA,23.4,57,NA
2021-04-28 17:00:00,977,NA,25,51,NA
2021-04-28 18:00:00,976.2,NA,26,50,NA
2021-04-28 19:00:00,975.8,NA,26.3,48,NA
2021-04-28 20:00:00,976,NA,25.6,50,NA
2021-04-28 21:00:00,976.8,NA,24.1,54,NA
2021-04-28 22:00:00,977,NA,21,75,NA
2021-04-28 23:00:00,977.4,NA,19.6,83,NA
2021-04-29 03:00:00,NA,1019.9,16.6,94,NA
2021-04-29 06:00:00,NA,1019.3,15.6,94,NA
2021-04-29 09:00:00,NA,1019.3,14.3,97,NA
2021-04-29 10:00:00,NA,1020.3,14.1,97,NA
2021-04-29 11:00:00,NA,1021.3,12.9,99,NA
2021-04-29 12:00:00,NA,1021.9,14.9,91,NA
2021-04-29 13:00:00,NA,1021.9,18.1,83,NA
2021-04-29 14:00:00,NA,1022,19.7,77,NA
2021-04-29 15:00:00,NA,1021.1,21.5,67,NA
2021-04-29 16:00:00,NA,1019.8,22.9,61,NA
2021-04-29 17:00:00,NA,1018.6,24,58,NA
2021-04-29 18:00:00,NA,1017.6,24.8,59,NA
2021-04-29 19:00:00,NA,1016.8,25.4,54,NA
2021-04-29 20:00:00,NA,1016.3,25.6,50,NA
2021-04-29 21:00:00,NA,1016.3,24.9,53,NA
2021-04-29 22:00:00,NA,1016.6,22.5,66,NA
2021-04-29 23:00:00,NA,1017.3,18.7,86,NA
2021-04-30 00:00:00,976.2,NA,17.2,88,NA
2021-04-30 03:00:00,976.8,NA,16.3,91,NA
2021-04-30 06:00:00,975.6,NA,15,93,NA
2021-04-30 09:00:00,974.4,NA,13.9,95,NA
2021-04-30 10:00:00,974.9,NA,14.8,96,NA
2021-04-30 11:00:00,975.7,NA,14.7,98,NA
2021-04-30 12:00:00,976,NA,14.7,98,NA
2021-04-30 13:00:00,976.2,NA,16.8,88,NA
2021-04-30 14:00:00,976.2,NA,18.2,83,NA
2021-04-30 15:00:00,975.6,NA,19.7,76,NA
2021-04-30 16:00:00,974.2,NA,21.8,69,NA
2021-04-30 17:00:00,972.9,NA,24.1,55,NA
2021-04-30 18:00:00,971.4,NA,24.8,56,NA
2021-04-30 19:00:00,970.2,NA,25.1,55,NA
2021-04-30 20:00:00,969.7,NA,24.4,54,NA
2021-04-30 21:00:00,969.4,NA,25.1,52,NA
2021-04-30 22:00:00,969.6,NA,24.1,60,NA
2021-04-30 23:00:00,970.2,NA,21.3,76,NA
2021-05-01 03:00:00,NA,1012.5,20.3,86,NA
2021-05-01 06:00:00,NA,1010.9,19.2,92,NA
2021-05-01 09:00:00,NA,1010.4,17.6,97,NA
2021-05-01 10:00:00,NA,1011.3,17.7,98,NA
2021-05-01 11:00:00,NA,1012.2,16.5,98,NA
2021-05-01 12:00:00,NA,1013,17.8,86,NA
2021-05-01 13:00:00,NA,1012.7,19.8,86,NA
2021-05-01 14:00:00,NA,1012.3,22.3,73,NA
2021-05-01 15:00:00,NA,1011.3,24.4,64,NA
2021-05-01 16:00:00,NA,1009.8,25.4,56,NA
2021-05-01 17:00:00,NA,1009,26.4,51,NA
2021-05-01 18:00:00,NA,1008.2,26.9,48,NA
2021-05-01 19:00:00,NA,1007.5,27.8,48,NA
2021-05-01 20:00:00,NA,1007.5,27.5,50,NA
2021-05-01 21:00:00,NA,1008,26.6,54,NA
2021-05-01 22:00:00,NA,1008.3,24.3,67,NA
2021-05-01 23:00:00,967.8,NA,20.6,87,NA
2021-05-02 00:00:00,968.6,NA,19.6,87,NA
2021-05-02 03:00:00,969.4,NA,18.8,89,NA
2021-05-02 06:00:00,968.1,NA,16.3,95,NA
2021-05-02 09:00:00,968.2,NA,16.1,94,NA
2021-05-02 10:00:00,968.9,NA,15.3,98,NA
2021-05-02 11:00:00,969.4,NA,15.2,98,NA
2021-05-02 12:00:00,970,NA,17.5,90,NA
2021-05-02 13:00:00,969.8,NA,20.4,81,NA
2021-05-02 14:00:00,970,NA,22.6,70,NA
2021-05-02 15:00:00,968.8,NA,24.4,60,NA
2021-05-02 16:00:00,967.8,NA,27.2,55,NA
2021-05-02 17:00:00,966.9,NA,28,53,NA
2021-05-02 18:00:00,966.2,NA,28.6,55,NA
2021-05-02 19:00:00,965.4,NA,28.2,57,NA
2021-05-02 20:00:00,965,NA,29.2,53,NA
2021-05-02 21:00:00,965.4,NA,28.4,58,NA
2021-05-02 22:00:00,965.8,NA,26.8,67,NA
2021-05-02 23:00:00,965.8,NA,22,85,NA
2021-05-03 03:00:00,NA,1007,20.2,91,NA
2021-05-03 06:00:00,NA,1005.1,18.8,96,NA
2021-05-03 09:00:00,NA,1004.4,17.6,96,NA
2021-05-03 10:00:00,NA,1004.4,17.6,97,NA
2021-05-03 11:00:00,NA,1005.2,17.4,97,NA
2021-05-03 12:00:00,NA,1005.6,19.6,91,NA
2021-05-03 13:00:00,NA,1005.8,21.6,82,NA
2021-05-03 14:00:00,NA,1005.3,23.3,74,NA
2021-05-03 15:00:00,NA,1004.6,25.8,63,NA
2021-05-03 16:00:00,NA,1003.7,27.6,61,NA
2021-05-03 17:00:00,NA,1003,28.7,58,NA
2021-05-03 18:00:00,NA,1001.9,29.2,57,NA
2021-05-03 19:00:00,NA,1001.4,30,54,NA
2021-05-03 20:00:00,NA,1001.8,28.7,60,NA
2021-05-03 21:00:00,NA,1002,28.6,63,NA
2021-05-03 22:00:00,NA,1002.3,25.6,79,NA
2021-05-03 23:00:00,NA,1003.1,23.5,89,NA
2021-05-04 00:00:00,963.2,NA,23,88,NA
2021-05-04 03:00:00,964.8,NA,21.1,95,NA
2021-05-04 06:00:00,965.8,NA,20.4,92,NA
2021-05-04 09:00:00,967.7,NA,21.4,92,NA
2021-05-04 10:00:00,968.4,NA,21.9,91,NA
2021-05-04 11:00:00,969.4,NA,22.2,91,NA
2021-05-04 12:00:00,970.4,NA,22.6,90,NA
2021-05-04 13:00:00,971.3,NA,23.7,86,NA
2021-05-04 14:00:00,972,NA,24.8,82,NA
2021-05-04 15:00:00,971.8,NA,25.9,80,NA
2021-05-04 16:00:00,971.8,NA,25.7,73,NA
2021-05-04 17:00:00,972.4,NA,21.3,73,NA
2021-05-04 18:00:00,972.6,NA,21.6,69,NA
2021-05-04 19:00:00,973,NA,20,67,NA
2021-05-04 20:00:00,974.2,NA,18.3,72,NA
2021-05-04 21:00:00,975.3,NA,17.4,77,NA
2021-05-04 22:00:00,976.9,NA,15,94,NA
2021-05-04 23:00:00,978,NA,14.3,95,NA
2021-05-05 03:00:00,NA,1023.5,12.3,96,NA
2021-05-05 06:00:00,NA,1024.3,11.4,97,NA
2021-05-05 09:00:00,NA,1024.5,10.3,96,NA
2021-05-05 10:00:00,NA,1025.2,9.8,95,NA
2021-05-05 11:00:00,NA,1026.2,9.5,95,NA
2021-05-05 12:00:00,NA,1027.1,9.6,88,NA
2021-05-05 13:00:00,NA,1027.2,9.4,87,NA
2021-05-05 14:00:00,NA,1027.5,9.4,91,NA
2021-05-05 15:00:00,NA,1026.2,9.8,92,NA
2021-05-05 16:00:00,NA,1025,10.8,82,NA
2021-05-05 17:00:00,NA,1023.8,11.2,78,NA
2021-05-05 18:00:00,NA,1022.3,11.9,80,NA
2021-05-05 19:00:00,NA,1021.9,11.4,81,NA
2021-05-05 20:00:00,NA,1022,11.4,85,NA
2021-05-05 21:00:00,NA,1022.4,11.4,85,NA
2021-05-05 22:00:00,NA,1023.1,10.8,88,NA
2021-05-05 23:00:00,NA,1024.4,10.8,91,NA
2021-05-06 00:00:00,982.5,NA,11.2,89,NA
2021-05-06 03:00:00,984.6,NA,11.2,92,NA
2021-05-06 06:00:00,984.6,NA,10.8,92,NA
2021-05-06 09:00:00,983.8,NA,10.5,91,NA
2021-05-06 10:00:00,985.2,NA,10.4,91,NA
2021-05-06 11:00:00,985.8,NA,10.4,89,NA
2021-05-06 13:00:00,986.9,NA,11.8,83,NA
2021-05-06 14:00:00,987,NA,12.8,77,NA
2021-05-06 15:00:00,986.6,NA,13.7,74,NA
2021-05-06 16:00:00,985.3,NA,15.5,67,NA
2021-05-06 17:00:00,983.8,NA,15.7,67,NA
2021-05-06 18:00:00,982.9,NA,16.5,68,NA
2021-05-06 19:00:00,982,NA,17.7,66,NA
2021-05-06 20:00:00,981.8,NA,18.2,62,NA
2021-05-06 21:00:00,981.8,NA,17.6,65,NA
2021-05-06 22:00:00,981.7,NA,15.2,80,NA
2021-05-06 23:00:00,981.8,NA,13.6,85,NA
2021-05-07 03:00:00,NA,1024.8,11.2,91,NA
2021-05-07 06:00:00,NA,1022.5,10.4,96,NA
2021-05-07 09:00:00,NA,1021.8,10.1,99,NA
2021-05-07 10:00:00,NA,1022,9.3,97,NA
2021-05-07 11:00:00,NA,1023,8.6,99,NA
2021-05-07 12:00:00,NA,1024.1,9.7,95,NA
2021-05-07 13:00:00,NA,1024.3,11.9,92,NA
2021-05-07 14:00:00,NA,1024.4,15,81,NA
2021-05-07 15:00:00,NA,1023.4,17.8,68,NA
2021-05-07 16:00:00,NA,1022,19.1,62,NA
2021-05-07 17:00:00,NA,1020.3,20.6,54,NA
2021-05-07 18:00:00,NA,1018.9,21.3,50,NA
2021-05-07 19:00:00,NA,1017.6,22,49,NA
2021-05-07 20:00:00,NA,1017.2,22.1,44,NA
2021-05-07 21:00:00,NA,1017.4,21.2,50,NA
2021-05-07 22:00:00,NA,1018,18.7,67,NA
2021-05-07 23:00:00,NA,1018.9,14.7,87,NA
2021-05-08 00:00:00,977.4,NA,12.9,90,NA
2021-05-08 03:00:00,978.2,NA,11.3,93,NA
2021-05-08 06:00:00,977.7,NA,10.8,93,NA
2021-05-08 09:00:00,977.8,NA,8.8,96,NA
2021-05-08 10:00:00,978.6,NA,8.6,94,NA
2021-05-08 11:00:00,979,NA,8.6,94,NA
2021-05-08 12:00:00,979.8,NA,10,86,NA
2021-05-08 13:00:00,980,NA,12.6,76,NA
2021-05-08 14:00:00,979.4,NA,14.7,73,NA
2021-05-08 15:00:00,979,NA,16.4,72,NA
2021-05-08 16:00:00,977.4,NA,18,64,NA
2021-05-08 17:00:00,976.2,NA,19.6,53,NA
2021-05-08 18:00:00,975.2,NA,19.2,58,NA
2021-05-08 19:00:00,974.4,NA,18.8,62,NA
2021-05-08 20:00:00,974.2,NA,18.7,64,NA
2021-05-08 21:00:00,974,NA,18.4,70,NA
2021-05-08 22:00:00,974.2,NA,17.5,77,NA
2021-05-08 23:00:00,974.6,NA,17,72,NA
2021-05-09 03:00:00,NA,1017.2,15.8,89,NA
2021-05-09 06:00:00,NA,1015.7,15.3,89,NA
2021-05-09 09:00:00,NA,1015.8,15.2,93,NA
2021-05-09 10:00:00,NA,1016.4,15.1,96,NA
2021-05-09 11:00:00,NA,1016.8,15.2,93,NA
2021-05-09 12:00:00,NA,1017.3,15.7,91,NA
2021-05-09 13:00:00,NA,1017.5,16.7,87,NA
2021-05-09 14:00:00,NA,1017.5,17.8,81,NA
2021-05-09 15:00:00,NA,1017.1,18.8,74,NA
2021-05-09 16:00:00,NA,1016,19.7,69,NA
2021-05-09 17:00:00,NA,1015.1,19.4,70,NA
2021-05-09 18:00:00,NA,1014.5,19.5,69,NA
2021-05-09 19:00:00,NA,1014,19.2,72,NA
2021-05-09 20:00:00,NA,1014.2,19.1,72,NA
2021-05-09 21:00:00,NA,1014.7,18.5,76,NA
2021-05-09 22:00:00,NA,1015.7,18.1,82,NA
2021-05-09 23:00:00,NA,1016.5,17.6,86,NA
2021-05-10 00:00:00,975.6,NA,17.2,89,NA
2021-05-10 03:00:00,977,NA,16.7,92,NA
2021-05-10 06:00:00,977.4,NA,15.7,98,NA
2021-05-10 09:00:00,977.2,NA,15.6,98,NA
2021-05-10 10:00:00,977.8,NA,15.5,98,NA
2021-05-10 11:00:00,978.8,NA,15.7,96,NA
2021-05-10 12:00:00,979.4,NA,15.6,98,NA
2021-05-10 13:00:00,980.2,NA,15.9,98,NA
2021-05-10 14:00:00,980.6,NA,16.2,95,NA
2021-05-10 15:00:00,980.4,NA,16.8,95,NA
2021-05-10 16:00:00,979.6,NA,17.3,89,NA
2021-05-10 17:00:00,978.5,NA,17.8,87,NA
2021-05-10 18:00:00,977.4,NA,18.1,86,NA
2021-05-10 19:00:00,976.6,NA,18.4,80,NA
2021-05-10 20:00:00,976.2,NA,18.2,79,NA
2021-05-10 21:00:00,976.8,NA,18.4,79,NA
2021-05-10 22:00:00,977.3,NA,17.7,85,NA
2021-05-10 23:00:00,977.8,NA,17.1,92,NA
2021-05-11 03:00:00,NA,1021.7,16.4,91,NA
2021-05-11 06:00:00,NA,1021.7,14.2,91,NA
2021-05-11 09:00:00,NA,1021.3,14.1,94,NA
2021-05-11 10:00:00,NA,1021.4,14.2,94,NA
2021-05-11 11:00:00,NA,1022.5,14.3,93,NA
2021-05-11 12:00:00,NA,1022.7,14.7,90,NA
2021-05-11 13:00:00,NA,1023.2,15,89,NA
2021-05-11 14:00:00,NA,1023,15.8,84,NA
2021-05-11 15:00:00,NA,1022.1,16.5,83,NA
2021-05-11 16:00:00,NA,1021.4,16.8,82,NA
2021-05-11 17:00:00,NA,1020,18.3,72,NA
2021-05-11 18:00:00,NA,1019.3,18.5,69,NA
2021-05-11 19:00:00,NA,1018.5,18.6,67,NA
2021-05-11 20:00:00,NA,1019,18.3,67,NA
2021-05-11 21:00:00,NA,1019.4,17.3,79,NA
2021-05-11 22:00:00,979,NA,14.8,96,NA
2021-05-12 00:00:00,980.2,NA,14.6,96,NA
2021-05-12 03:00:00,980.5,NA,14.4,96,NA
2021-05-12 06:00:00,980,NA,14,94,NA
2021-05-12 10:00:00,980.2,NA,13.3,96,NA
2021-05-12 11:00:00,980.9,NA,13.9,94,NA
2021-05-12 12:00:00,981.4,NA,14.5,95,NA
2021-05-12 13:00:00,982.2,NA,15.2,87,NA
2021-05-12 14:00:00,982.6,NA,15.6,89,NA
2021-05-12 15:00:00,981.4,NA,15.8,89,NA
2021-05-12 16:00:00,980.2,NA,16.6,84,NA
2021-05-12 17:00:00,979,NA,18.3,77,NA
2021-05-12 18:00:00,977.7,NA,20,65,NA
2021-05-12 19:00:00,977,NA,21.8,59,NA
2021-05-12 20:00:00,976.5,NA,21.4,60,NA
2021-05-12 21:00:00,976.5,NA,20.6,61,NA
2021-05-12 23:00:00,977,NA,15,87,NA
2021-05-13 03:00:00,NA,1019.4,13.5,97,NA
2021-05-13 06:00:00,NA,1019.4,11.9,93,NA
2021-05-13 09:00:00,NA,1016.8,10.8,96,NA
2021-05-13 10:00:00,NA,1017.1,11.2,97,NA
2021-05-13 11:00:00,NA,1017.9,10.9,99,NA
2021-05-13 12:00:00,NA,1017.9,11.5,95,NA
2021-05-13 13:00:00,NA,1018.3,12.5,96,NA
2021-05-13 14:00:00,NA,1018.6,13.8,92,NA
2021-05-13 15:00:00,NA,1018.1,15.5,87,NA
2021-05-13 16:00:00,NA,1017.1,18.1,76,NA
2021-05-13 17:00:00,NA,1016.2,19.6,70,NA
2021-05-13 18:00:00,NA,1016.3,20,66,NA
2021-05-13 19:00:00,NA,1015.4,20.3,66,NA
2021-05-13 20:00:00,NA,1015.4,19.5,68,NA
2021-05-13 21:00:00,NA,1016.2,18.3,75,NA
2021-05-13 22:00:00,NA,1016.8,17.9,80,NA
2021-05-13 23:00:00,NA,1017.8,17.3,84,NA
2021-05-14 00:00:00,976.2,NA,16.9,86,NA
2021-05-14 03:00:00,976.6,NA,16.3,93,NA
2021-05-14 06:00:00,975.6,NA,15.1,95,NA
2021-05-14 09:00:00,974.9,NA,15,95,NA
2021-05-14 10:00:00,975,NA,15.3,96,NA
2021-05-14 11:00:00,976,NA,15.4,96,NA
2021-05-14 12:00:00,976.6,NA,15.8,95,NA
2021-05-14 13:00:00,976.9,NA,17.6,85,NA
2021-05-14 14:00:00,976.8,NA,19.8,77,NA
2021-05-14 16:00:00,975.3,NA,21.9,62,NA
2021-05-14 18:00:00,973.2,NA,22,58,NA
2021-05-14 19:00:00,972.8,NA,21.7,59,NA
2021-05-14 20:00:00,972.5,NA,21.5,64,NA
2021-05-14 21:00:00,972.6,NA,20.9,68,NA
2021-05-14 22:00:00,973.3,NA,19.8,77,NA
2021-05-15 03:00:00,NA,1015.8,15.7,90,NA
2021-05-15 06:00:00,NA,1014.4,14.1,94,NA
2021-05-15 09:00:00,NA,1014.3,12.1,92,NA
2021-05-15 10:00:00,NA,1015.2,11.6,95,NA
2021-05-15 11:00:00,NA,1016.2,13,90,NA
2021-05-15 12:00:00,NA,1016.8,13.8,89,NA
2021-05-15 13:00:00,NA,1017.4,14.8,89,NA
2021-05-15 14:00:00,NA,1017.8,16.2,85,NA
2021-05-15 15:00:00,NA,1017.3,17.4,81,NA
2021-05-15 16:00:00,NA,1016.3,19.5,73,NA
2021-05-15 17:00:00,NA,1014.9,21.5,67,NA
2021-05-15 18:00:00,NA,1014,22.5,59,NA
2021-05-15 19:00:00,NA,1013.4,22.6,58,NA
2021-05-15 20:00:00,NA,1013.4,22.2,60,NA
2021-05-15 21:00:00,NA,1013.5,21,65,NA
2021-05-15 22:00:00,NA,1014.3,20.2,72,NA
2021-05-15 23:00:00,NA,1014.5,19.5,73,NA
2021-05-16 00:00:00,973.2,NA,19.3,75,NA
2021-05-16 03:00:00,973.7,NA,17.6,88,NA
2021-05-16 06:00:00,973.4,NA,16.8,89,NA
2021-05-16 09:00:00,972.8,NA,17,90,NA
2021-05-16 10:00:00,973.2,NA,17.2,89,NA
2021-05-16 11:00:00,974,NA,17.2,89,NA
2021-05-16 12:00:00,974.8,NA,18.2,82,NA
2021-05-16 13:00:00,975.6,NA,18.5,80,NA
2021-05-16 14:00:00,975.8,NA,18.8,78,NA
2021-05-16 15:00:00,975.6,NA,20.3,67,NA
2021-05-16 16:00:00,974.8,NA,20.7,67,NA
2021-05-16 17:00:00,973.6,NA,22.2,68,NA
2021-05-16 18:00:00,972.6,NA,24,60,NA
2021-05-16 19:00:00,972.6,NA,23.6,66,NA
2021-05-16 20:00:00,972.6,NA,23.6,66,NA
2021-05-16 21:00:00,973,NA,23,70,NA
2021-05-16 22:00:00,973.4,NA,21.8,79,NA
2021-05-16 23:00:00,973.8,NA,19.4,88,NA
2021-05-17 03:00:00,NA,1017.1,16.8,94,NA
2021-05-17 06:00:00,NA,1017.2,15.6,91,NA
2021-05-17 09:00:00,NA,1017.4,17,95,NA
2021-05-17 10:00:00,NA,1018,17,98,NA
2021-05-17 11:00:00,NA,1018.8,17.7,98,NA
2021-05-17 12:00:00,NA,1019.2,17.9,99,NA
2021-05-17 13:00:00,NA,1019.8,18.2,100,NA
2021-05-17 14:00:00,NA,1020.4,18.6,98,NA
2021-05-17 15:00:00,NA,1020,19.1,96,NA
2021-05-17 16:00:00,NA,1019,19.9,95,NA
2021-05-17 17:00:00,NA,1018.4,19.6,96,NA
2021-05-17 18:00:00,NA,1017.4,20,95,NA
2021-05-17 19:00:00,NA,1016.8,20.3,95,NA
2021-05-17 20:00:00,NA,1016.5,19.9,95,NA
2021-05-17 21:00:00,NA,1016.9,19.5,98,NA
2021-05-17 22:00:00,NA,1017,19.2,99,NA
2021-05-17 23:00:00,NA,1017.4,18.9,99,NA
2021-05-18 00:00:00,976.2,NA,18.8,98,NA
2021-05-18 03:00:00,976.6,NA,18.7,96,NA
2021-05-18 06:00:00,975,NA,18.6,98,NA
2021-05-18 09:00:00,973.7,NA,18.5,98,NA
2021-05-18 10:00:00,974.1,NA,18.5,98,NA
2021-05-18 11:00:00,974.5,NA,18.7,98,NA
2021-05-18 12:00:00,974.6,NA,18.6,98,NA
2021-05-18 13:00:00,975.2,NA,18.6,98,NA
2021-05-18 14:00:00,975,NA,19.2,96,NA
2021-05-18 15:00:00,974.5,NA,19.4,96,NA
2021-05-18 16:00:00,973.2,NA,20.1,94,NA
2021-05-18 17:00:00,971.6,NA,21.4,85,NA
2021-05-18 18:00:00,971,NA,21.2,84,NA
2021-05-18 19:00:00,970,NA,20.8,88,NA
2021-05-18 21:00:00,969.7,NA,20.6,90,NA
2021-05-18 22:00:00,970,NA,19.8,96,NA
2021-05-18 23:00:00,970.5,NA,19.8,96,NA
2021-05-19 03:00:00,NA,1011.1,19.7,97,NA
2021-05-19 06:00:00,NA,1008.6,19.5,97,NA
2021-05-19 09:00:00,NA,1006.7,19.3,98,NA
2021-05-19 10:00:00,NA,1007.1,19.4,98,NA
2021-05-19 11:00:00,NA,1007.6,19,98,NA
2021-05-19 12:00:00,NA,1008,19,99,NA
2021-05-19 13:00:00,NA,1008.2,19.6,98,NA
2021-05-19 14:00:00,NA,1008.1,20.5,93,NA
2021-05-19 15:00:00,NA,1007.7,21.8,86,NA
2021-05-19 16:00:00,NA,1007,22.5,82,NA
2021-05-19 17:00:00,NA,1005.8,23.3,77,NA
2021-05-19 18:00:00,NA,1005,24.2,76,NA
2021-05-19 19:00:00,NA,1004.6,24.2,74,NA
2021-05-19 20:00:00,NA,1004,24.5,73,NA
2021-05-19 21:00:00,NA,1003.7,24.1,75,NA
2021-05-19 22:00:00,NA,1004,22.2,86,NA
2021-05-19 23:00:00,NA,1004.8,20.3,90,NA
2021-05-20 00:00:00,964.5,NA,19.6,92,NA
2021-05-20 03:00:00,965,NA,17.8,98,NA
2021-05-20 06:00:00,964.6,NA,18.1,98,NA
2021-05-20 09:00:00,964.8,NA,16.5,96,NA
2021-05-20 10:00:00,965,NA,16.3,96,NA
2021-05-20 11:00:00,965.4,NA,16.3,98,NA
2021-05-20 12:00:00,965.7,NA,16.7,98,NA
2021-05-20 13:00:00,966,NA,18.4,96,NA
2021-05-20 16:00:00,963.6,NA,25.3,69,NA
2021-05-20 17:00:00,962.1,NA,26.5,65,NA
2021-05-20 18:00:00,961,NA,27,62,NA
2021-05-20 19:00:00,960.1,NA,27.2,61,NA
2021-05-20 20:00:00,959.4,NA,27.5,61,NA
2021-05-20 21:00:00,959.8,NA,25.9,70,NA
2021-05-20 22:00:00,960.3,NA,24,77,NA
2021-05-20 23:00:00,962.2,NA,21.8,91,NA
2021-05-21 03:00:00,NA,1003.4,19.3,97,NA
2021-05-21 06:00:00,NA,1002.6,18.3,97,NA
2021-05-21 09:00:00,NA,1002.5,18.3,98,NA
2021-05-21 10:00:00,NA,1004,18.2,98,NA
2021-05-21 11:00:00,NA,1004.6,17.2,96,NA
2021-05-21 12:00:00,NA,1004.4,18.9,92,NA
2021-05-21 13:00:00,NA,1004.3,20.6,86,NA
2021-05-21 14:00:00,NA,1003.3,23,72,NA
2021-05-21 15:00:00,NA,1002.2,25.1,69,NA
2021-05-21 16:00:00,NA,1000.7,26.7,67,NA
2021-05-21 17:00:00,NA,999.6,29.8,60,NA
2021-05-21 18:00:00,NA,999.8,29.3,62,NA
2021-05-21 19:00:00,NA,1000.4,29.5,59,NA
2021-05-21 20:00:00,NA,1002.5,26.5,61,NA
2021-05-21 21:00:00,NA,1004.7,24.5,65,NA
2021-05-21 22:00:00,NA,1006.1,23.4,62,NA
2021-05-21 23:00:00,NA,1008.6,22.6,66,NA
2021-05-22 00:00:00,969.6,NA,22,63,NA
2021-05-22 03:00:00,972.2,NA,20.8,54,NA
2021-05-22 06:00:00,972.8,NA,18.4,50,NA
2021-05-22 09:00:00,974,NA,17.3,51,NA
2021-05-22 10:00:00,974.8,NA,16.9,51,NA
2021-05-22 11:00:00,975.4,NA,16.7,55,NA
2021-05-22 12:00:00,976.6,NA,16.7,54,NA
2021-05-22 13:00:00,977.2,NA,17.4,52,NA
2021-05-22 14:00:00,977.4,NA,19.3,39,NA
2021-05-22 15:00:00,976.9,NA,18.5,53,NA
2021-05-22 16:00:00,975.4,NA,19.1,43,NA
2021-05-22 17:00:00,974.2,NA,19.5,44,NA
2021-05-22 18:00:00,972.6,NA,19.3,45,NA
2021-05-22 19:00:00,972.1,NA,19.3,44,NA
2021-05-22 20:00:00,972.1,NA,19.1,47,NA
2021-05-22 21:00:00,972.6,NA,18.3,53,NA
2021-05-22 22:00:00,973.4,NA,17.1,62,NA
2021-05-22 23:00:00,974.5,NA,16.3,72,NA
2021-05-23 03:00:00,NA,1019.7,14.8,85,NA
2021-05-23 06:00:00,NA,1020.2,14.3,88,NA
2021-05-23 09:00:00,NA,1020.8,12.3,96,NA
2021-05-23 10:00:00,NA,1021.2,11.5,96,NA
2021-05-23 11:00:00,NA,1022,10.4,96,NA
2021-05-23 12:00:00,NA,1023.1,13,77,NA
2021-05-23 13:00:00,NA,1023.5,15.2,79,NA
2021-05-23 14:00:00,NA,1023.4,17.6,64,NA
2021-05-23 15:00:00,NA,1023.1,18.9,56,NA
2021-05-23 16:00:00,NA,1021.4,21.1,45,NA
2021-05-23 17:00:00,NA,1019.9,21,43,NA
2021-05-23 18:00:00,NA,1019.1,21.8,41,NA
2021-05-23 19:00:00,NA,1018.5,21.2,45,NA
2021-05-23 20:00:00,NA,1018.5,20.6,43,NA
2021-05-23 21:00:00,NA,1018.6,19.4,54,NA
2021-05-23 22:00:00,NA,1019.2,16.6,76,NA
2021-05-23 23:00:00,NA,1020.3,14.4,87,NA
2021-05-24 00:00:00,NA,1020.9,13.5,86,NA
2021-05-25 03:00:00,NA,1016.4,11.2,92,NA
2021-05-25 06:00:00,NA,1014.8,10.1,95,NA
2021-05-25 09:00:00,NA,1014.2,9.1,99,NA
2021-05-25 10:00:00,NA,1014.9,8.9,97,NA
2021-05-25 11:00:00,NA,1016,8.3,97,NA
2021-05-25 12:00:00,NA,1016.6,9.5,96,NA
2021-05-25 13:00:00,NA,1017.1,12.2,92,NA
2021-05-25 14:00:00,NA,1017.3,15.4,78,NA
2021-05-25 15:00:00,NA,1017,18.6,68,NA
2021-05-25 16:00:00,NA,1016.1,20.3,59,NA
2021-05-25 17:00:00,NA,1015.2,21.5,53,NA
2021-05-25 18:00:00,NA,1014.1,23.2,50,NA
2021-05-25 19:00:00,NA,1013.9,23.4,49,NA
2021-05-25 20:00:00,NA,1014.1,23.6,50,NA
2021-05-25 21:00:00,NA,1014.9,22.6,53,NA
2021-05-25 22:00:00,NA,1016,18.3,69,NA
2021-05-25 23:00:00,NA,1017.5,16,87,NA
2021-05-26 00:00:00,NA,1017.9,15.5,89,NA
2021-05-27 03:00:00,NA,1015.2,14.8,96,NA
2021-05-27 06:00:00,NA,1013.8,13.3,97,NA
2021-05-27 09:00:00,NA,1012.1,12.8,96,NA
2021-05-27 10:00:00,NA,1012.8,12.1,96,NA
2021-05-27 11:00:00,NA,1013.5,11.9,95,NA
2021-05-27 12:00:00,NA,1013.6,15,93,NA
2021-05-27 13:00:00,NA,1013.6,15.8,87,NA
2021-05-27 14:00:00,NA,1013.3,17.3,84,NA
2021-05-27 15:00:00,NA,1011.4,20,76,NA
2021-05-27 16:00:00,NA,1009.7,21.5,71,NA
2021-05-27 17:00:00,966.9,1008,21.7,70,NA
2021-05-27 18:00:00,965.8,1006.8,23.5,58,NA
2021-05-27 19:00:00,965,1006.1,23.3,60,NA
2021-05-27 20:00:00,964.8,1005.7,23.8,58,NA
2021-05-27 21:00:00,965,1006.2,22.6,65,NA
2021-05-27 22:00:00,965.2,1006.5,19.6,82,NA
2021-05-27 23:00:00,964.8,1006.2,18.6,83,NA
2021-05-28 00:00:00,NA,1005.9,17.4,89,NA
2021-05-29 00:00:00,961.6,NA,NA,NA,NA
2021-05-29 03:00:00,964.2,1004.9,17.2,88,NA
2021-05-29 06:00:00,964.9,1005.2,15.8,91,NA
2021-05-29 09:00:00,NA,1008.1,15,98,NA
2021-05-29 10:00:00,968.6,1009.5,14.8,98,NA
2021-05-29 11:00:00,970,1011.2,14.5,94,NA
2021-05-29 12:00:00,971.4,1012.7,15.6,85,NA
2021-05-29 13:00:00,972.6,1013.7,19.8,67,NA
2021-05-29 14:00:00,973.4,1014.8,20.3,62,NA
2021-05-29 15:00:00,973.8,1014.9,22.5,58,NA
2021-05-29 16:00:00,973.6,1014.6,23.6,52,NA
2021-05-29 17:00:00,973,1014.1,23.5,53,NA
2021-05-29 18:00:00,972.6,1013.7,23,55,NA
2021-05-29 19:00:00,972.9,1014.1,22.2,55,NA
2021-05-29 20:00:00,973.2,1014.5,21.5,56,NA
2021-05-29 21:00:00,973.8,1015.3,20.3,58,NA
2021-05-29 22:00:00,975.2,1016.8,19.5,56,NA
2021-05-29 23:00:00,976.2,1017.9,18.3,64,NA
2021-05-30 00:00:00,NA,1018.1,17.7,69,NA
2021-05-31 00:00:00,978.6,NA,NA,NA,NA
2021-05-31 03:00:00,978.1,1020.2,11.4,95,NA
2021-05-31 06:00:00,977.2,1019.1,10.8,90,NA
2021-05-31 09:00:00,976.9,1019.1,8.8,92,NA
2021-05-31 10:00:00,976.9,1019.1,9.2,95,NA
2021-05-31 11:00:00,977.4,1019.7,8.9,95,NA
2021-05-31 12:00:00,NA,1020,11.3,90,NA
2021-05-31 13:00:00,978.2,1020.3,13.6,84,NA
2021-05-31 14:00:00,NA,1020.5,16.6,73,NA
2021-05-31 15:00:00,977.3,1019.2,19.1,64,NA
2021-05-31 16:00:00,976.4,1018.2,20.9,53,NA
2021-05-31 17:00:00,975.2,1016.9,22.1,56,NA
2021-05-31 18:00:00,974.4,1016,23.1,52,NA
2021-05-31 19:00:00,973.4,1014.9,24.3,50,NA
2021-05-31 20:00:00,973.4,1015,24.3,46,NA
2021-05-31 21:00:00,973.3,1014.9,23.5,49,NA
2021-05-31 22:00:00,973.8,1015.7,19.4,76,NA
2021-05-31 23:00:00,974.2,1016.4,15.9,86,NA
2021-06-01 00:00:00,NA,1016.4,15,88,NA
2021-06-02 00:00:00,964.1,NA,NA,NA,NA
2021-06-02 03:00:00,965.3,1006.3,15.1,93,NA
2021-06-02 06:00:00,964.6,1005.4,13.4,97,NA
2021-06-02 09:00:00,965.8,1006.8,12.1,96,NA
2021-06-02 10:00:00,967.4,1008.8,12.1,95,NA
2021-06-02 11:00:00,968.5,1010.1,11.8,97,NA
2021-06-02 12:00:00,970.1,1011.8,12.8,99,NA
2021-06-02 13:00:00,971,1012.6,16,87,NA
2021-06-02 14:00:00,971.7,1013.1,19.4,73,NA
2021-06-02 15:00:00,971.3,1012.5,21.8,65,NA
2021-06-02 16:00:00,971,1012.1,24,56,NA
2021-06-02 17:00:00,970.6,1011.7,26.4,48,NA
2021-06-02 18:00:00,970.2,1011.2,26.4,55,NA
2021-06-02 19:00:00,970.2,1011.1,26.9,48,NA
2021-06-02 20:00:00,970.6,1011.7,27.4,48,NA
2021-06-02 21:00:00,971.4,1012.7,24.1,58,NA
2021-06-02 22:00:00,972.6,1014,22.4,66,NA
2021-06-02 23:00:00,973.3,1014.8,21.8,68,NA
2021-06-03 00:00:00,NA,1015.5,20.4,71,NA
2021-06-04 00:00:00,969.2,NA,NA,NA,NA
2021-06-04 03:00:00,969.4,1010.5,16.8,90,NA
2021-06-04 06:00:00,967.8,1008.7,15.3,96,NA
2021-06-04 09:00:00,966.4,1007.2,15,98,NA
2021-06-04 10:00:00,966.2,1007.4,14.4,96,NA
2021-06-04 11:00:00,967,1008.4,14,97,NA
2021-06-04 12:00:00,967.4,1008.8,15.4,94,NA
2021-06-04 13:00:00,967.2,1008.3,18.2,81,NA
2021-06-04 14:00:00,966.6,1007.5,21,67,NA
2021-06-04 15:00:00,965.4,1006.2,23,66,NA
2021-06-04 16:00:00,964.6,1005.3,24.7,60,NA
2021-06-04 17:00:00,963.6,1004.1,25.9,60,NA
2021-06-04 18:00:00,962.9,1003.4,27.2,59,NA
2021-06-04 19:00:00,961.4,1001.8,27.3,59,NA
2021-06-04 20:00:00,961,1001.6,26.2,64,NA
2021-06-04 21:00:00,961,1001.6,25,73,NA
2021-06-04 22:00:00,961.4,1002.2,22.6,84,NA
2021-06-04 23:00:00,962.1,1003.1,20.2,84,NA
2021-06-05 00:00:00,NA,1003.6,20,91,NA
2021-06-06 00:00:00,972.6,NA,NA,NA,NA
2021-06-06 03:00:00,974.1,1014.7,21.2,74,NA
2021-06-06 06:00:00,973,1013.6,19.2,89,NA
2021-06-06 09:00:00,973.6,1014.3,18.8,78,NA
2021-06-06 10:00:00,974.2,1015.2,18.1,78,NA
2021-06-06 11:00:00,975,1016,17.7,80,NA
2021-06-06 12:00:00,975.8,1016.9,17.7,79,NA
2021-06-06 13:00:00,976.1,1017.2,17.8,81,NA
2021-06-06 14:00:00,976,1017.2,17.8,79,NA
2021-06-06 15:00:00,975,1016.3,18.1,78,NA
2021-06-06 16:00:00,974.1,1015.2,19.1,75,NA
2021-06-06 17:00:00,972.9,1014,19,72,NA
2021-06-06 18:00:00,NA,1012.9,19,76,NA
2021-06-06 19:00:00,971.3,1012.4,19.3,75,NA
2021-06-06 20:00:00,970.8,1011.9,19,77,NA
2021-06-06 21:00:00,970.5,1011.7,18.4,81,NA
2021-06-06 22:00:00,970.6,1011.9,18.2,81,NA
2021-06-06 23:00:00,971.3,1012.6,17.6,87,NA
2021-06-07 00:00:00,NA,1012.5,17.8,86,NA
2021-06-07 23:00:00,972.6,NA,NA,NA,NA
2021-06-08 00:00:00,973.8,NA,NA,NA,NA
2021-06-08 03:00:00,975,1016.7,15.4,96,NA
2021-06-08 06:00:00,974.9,1016.4,15,96,NA
2021-06-08 09:00:00,974.1,1015.6,15.6,96,NA
2021-06-08 10:00:00,974.5,1016.1,15.4,91,NA
2021-06-08 11:00:00,NA,1016.8,15.8,90,NA
2021-06-08 12:00:00,NA,1017.2,16,87,NA
2021-06-08 13:00:00,NA,1017.5,17.2,88,NA
2021-06-08 14:00:00,NA,1018,18,84,NA
2021-06-08 15:00:00,NA,1016.9,19.3,80,NA
2021-06-08 16:00:00,NA,1016.2,19.8,74,NA
2021-06-08 17:00:00,NA,1014.7,20,75,NA
2021-06-08 18:00:00,NA,1014.1,19.8,77,NA
2021-06-08 19:00:00,NA,1013.4,19.8,74,NA
2021-06-08 20:00:00,NA,1013.2,19.6,80,NA
2021-06-08 21:00:00,NA,1013.2,19.5,78,NA
2021-06-08 22:00:00,NA,1013.5,18.9,82,NA
2021-06-08 23:00:00,NA,1014.2,18.2,88,NA
2021-06-09 00:00:00,NA,1014.8,18,90,NA
2021-06-10 00:00:00,972,NA,NA,NA,NA
2021-06-10 03:00:00,973.4,1014.8,16,98,NA
2021-06-10 06:00:00,973,1014.3,15.1,97,NA
2021-06-10 09:00:00,972.8,1014.2,13.7,99,NA
2021-06-10 10:00:00,973.3,1015,12,99,NA
2021-06-10 11:00:00,974.1,1015.8,13.2,94,NA
2021-06-10 12:00:00,974.9,1016.6,13.5,92,NA
2021-06-10 13:00:00,976,1017.6,15.2,89,NA
2021-06-10 14:00:00,976.6,1018.2,18.9,74,NA
2021-06-10 15:00:00,977,1018.5,20.3,74,NA
2021-06-10 16:00:00,976.5,1017.9,22,69,NA
2021-06-10 17:00:00,976.4,1017.8,22.8,62,NA
2021-06-10 18:00:00,975.8,1017.1,23.6,60,NA
2021-06-10 19:00:00,975.7,1016.9,24.1,55,NA
2021-06-10 20:00:00,975.8,1017.2,24.5,56,NA
2021-06-10 21:00:00,976.4,1017.8,23.7,60,NA
2021-06-10 22:00:00,977.2,1019,19.8,82,NA
2021-06-10 23:00:00,978.2,1020.1,18.8,80,NA
2021-06-11 00:00:00,NA,1021.7,16.5,83,NA
2021-06-12 00:00:00,978.8,NA,NA,NA,NA
2021-06-12 03:00:00,978.4,1019.7,15.2,94,NA
2021-06-12 06:00:00,977.4,1018.7,14.9,94,NA
2021-06-12 09:00:00,976.6,1018.1,13.4,97,NA
2021-06-12 10:00:00,976.6,1018.4,13.2,96,NA
2021-06-12 11:00:00,976.9,1018.9,11.8,96,NA
2021-06-12 12:00:00,977,1019.1,12.3,97,NA
2021-06-12 13:00:00,977.6,1019.5,15.7,85,NA
2021-06-12 14:00:00,977.4,1019.1,18.6,76,NA
2021-06-12 15:00:00,NA,1018.3,20.2,69,NA
2021-06-12 16:00:00,975.6,1016.9,22.5,63,NA
2021-06-12 17:00:00,973.8,1015.1,23.8,56,NA
2021-06-12 18:00:00,973,1014.1,24,55,NA
2021-06-12 19:00:00,972,1013,24.9,53,NA
2021-06-12 20:00:00,971.4,1012.5,25.4,52,NA
2021-06-12 21:00:00,971.4,1012.7,24.4,53,NA
2021-06-12 22:00:00,972,1013.4,21.1,68,NA
2021-06-12 23:00:00,972.2,1014,17.8,84,NA
2021-06-13 00:00:00,NA,1014.6,16.2,90,NA
2021-06-14 00:00:00,970.6,NA,NA,NA,NA
2021-06-14 03:00:00,971,1012.7,12.8,96,NA
2021-06-14 06:00:00,970,1011.3,11.7,97,NA
2021-06-14 09:00:00,969.8,1011.1,11.2,99,NA
2021-06-14 10:00:00,970.6,1012.3,11,99,NA
2021-06-14 11:00:00,971.6,1013.5,10.9,99,NA
2021-06-14 12:00:00,972,1013.8,12.4,96,NA
2021-06-14 13:00:00,973.2,1014.9,15.2,89,NA
2021-06-14 14:00:00,973.4,1015,18,77,NA
2021-06-14 15:00:00,973.4,1015.1,20.6,70,NA
2021-06-14 16:00:00,973,1014.5,22.4,70,NA
2021-06-14 17:00:00,NA,1014,23.4,64,NA
2021-06-14 18:00:00,971.8,1013.1,24.6,56,NA
2021-06-14 19:00:00,971.4,1012.8,25.2,53,NA
2021-06-14 20:00:00,971.7,1013,24.6,54,NA
2021-06-14 21:00:00,972.5,1013.9,24.4,55,NA
2021-06-14 22:00:00,973.8,1014.9,20,76,NA
2021-06-14 23:00:00,974.8,1016.8,17.6,86,NA
2021-06-15 00:00:00,NA,1018.1,16.9,90,NA
2021-06-16 03:00:00,NA,1024.4,11.9,97,NA
2021-06-16 06:00:00,NA,1024.7,9.9,99,NA
2021-06-16 09:00:00,NA,1024.2,9.5,97,NA
2021-06-16 10:00:00,NA,1024.7,9.4,99,NA
2021-06-16 11:00:00,NA,1025.3,9.4,97,NA
2021-06-16 12:00:00,NA,1025.7,9.5,96,NA
2021-06-16 13:00:00,NA,1025.8,9.9,96,NA
2021-06-16 14:00:00,NA,1025.9,10.1,92,NA
2021-06-16 15:00:00,982.6,1025.5,10.1,95,NA
2021-06-16 16:00:00,982,1024.8,10.3,92,NA
2021-06-16 17:00:00,981,1023.8,10.1,94,NA
2021-06-16 18:00:00,980.1,1023,9.9,97,NA
2021-06-16 19:00:00,979.8,1022.8,9.6,96,NA
2021-06-16 20:00:00,980.2,1023.2,9.5,88,NA
2021-06-16 21:00:00,980.8,1023.8,9.5,91,NA
2021-06-16 22:00:00,981.8,1024.8,9.1,92,NA
2021-06-16 23:00:00,983,1026.1,8.8,95,NA
2021-06-17 00:00:00,NA,1026.9,8.8,92,NA
2021-06-18 00:00:00,982.4,NA,NA,NA,NA
2021-06-18 03:00:00,982.8,1025.9,9,92,NA
2021-06-18 06:00:00,982.2,1025.3,8.8,92,NA
2021-06-18 09:00:00,981.4,1024.6,8,86,NA
2021-06-18 10:00:00,981.8,1024.9,8,83,NA
2021-06-18 11:00:00,972.2,1025.4,7.9,85,NA
2021-06-18 12:00:00,982.2,1025.4,8.3,85,NA
2021-06-18 13:00:00,982.6,1025.8,8.8,79,NA
2021-06-18 14:00:00,982.1,1025.1,9.7,74,NA
2021-06-18 15:00:00,981,1024.1,9.9,75,NA
2021-06-18 16:00:00,979.8,1022.8,10.6,73,NA
2021-06-18 17:00:00,978.5,1021.3,11,74,NA
2021-06-18 18:00:00,977.7,1020.5,10.8,73,NA
2021-06-18 19:00:00,977.4,1020.2,10.7,74,NA
2021-06-18 20:00:00,977.2,1020,10,80,NA
2021-06-18 21:00:00,977.7,1020.6,10.1,86,NA
2021-06-18 22:00:00,NA,1021.3,9.9,82,NA
2021-06-18 23:00:00,979,1022.1,9.8,86,NA
2021-06-19 00:00:00,NA,1023.2,9.8,85,NA
2021-06-20 00:00:00,980.8,NA,NA,NA,NA
2021-06-20 03:00:00,980.9,1023.8,8.2,89,NA
2021-06-20 06:00:00,979.8,1022.5,7.5,90,NA
2021-06-20 09:00:00,978.9,1021.6,7.4,94,NA
2021-06-20 10:00:00,978.8,1021.6,6.5,97,NA
2021-06-20 11:00:00,979.3,1022.4,5.8,99,NA
2021-06-20 12:00:00,979,1022.3,5.9,99,NA
2021-06-20 13:00:00,979.4,1022.6,6,99,NA
2021-06-20 14:00:00,979.3,1022.5,7.4,94,NA
2021-06-20 15:00:00,978.2,1021.1,10,87,NA
2021-06-20 16:00:00,976.6,1019.2,12.6,73,NA
2021-06-20 17:00:00,974.9,1017.4,14.7,56,NA
2021-06-20 18:00:00,974,1016.4,14.3,60,NA
2021-06-20 19:00:00,973.3,1015.7,14,63,NA
2021-06-20 20:00:00,973,1015.6,13.7,66,NA
2021-06-20 21:00:00,973.3,1015.8,13.6,68,NA
2021-06-20 22:00:00,974,1016.6,13,74,NA
2021-06-20 23:00:00,974.2,1017,12.6,78,NA
2021-06-21 00:00:00,NA,1017.6,11.9,86,NA
2021-06-22 00:00:00,976.8,NA,NA,NA,NA
2021-06-22 03:00:00,976.6,1019,9.6,95,NA
2021-06-22 06:00:00,976.6,1019.1,6.7,95,NA
2021-06-22 09:00:00,975.4,1017.8,7.3,97,NA
2021-06-22 10:00:00,975.8,1018.4,7.1,95,NA
2021-06-22 11:00:00,976.6,1019.4,6.8,97,NA
2021-06-22 12:00:00,977,1019.9,7,97,NA
2021-06-22 13:00:00,977.7,1020.5,8.2,95,NA
2021-06-22 14:00:00,977.4,1020.2,11,88,NA
2021-06-22 15:00:00,NA,1019.1,14.4,74,NA
2021-06-22 16:00:00,NA,1017.8,16.6,65,NA
2021-06-22 17:00:00,NA,1016.1,17,65,NA
2021-06-22 18:00:00,NA,1014.5,17.8,61,NA
2021-06-22 19:00:00,NA,1013.7,17.4,62,NA
2021-06-22 20:00:00,NA,1013.1,17.2,62,NA
2021-06-22 21:00:00,NA,1013.5,16.4,68,NA
2021-06-22 22:00:00,NA,1013.6,15.4,74,NA
2021-06-22 23:00:00,NA,1014.1,14.2,72,NA
2021-06-23 00:00:00,NA,1014.3,13.6,78,NA
2021-06-24 00:00:00,963.8,NA,NA,NA,NA
2021-06-24 03:00:00,967,1008.8,10.8,91,NA
2021-06-24 06:00:00,968.5,1010.3,9,96,NA
2021-06-24 09:00:00,969.6,1011.5,8.8,99,NA
2021-06-24 10:00:00,972,1014.2,8,97,NA
2021-06-24 11:00:00,974.1,1016.5,8.1,99,NA
2021-06-24 12:00:00,975.6,1018.1,8.8,96,NA
2021-06-24 13:00:00,976.6,1019,12.5,88,NA
2021-06-24 14:00:00,976.9,1019.1,15.3,81,NA
2021-06-24 15:00:00,976.2,1018.3,16.6,75,NA
2021-06-24 16:00:00,975.4,1017.4,18.9,67,NA
2021-06-24 17:00:00,973.8,1015.8,20.6,56,NA
2021-06-24 18:00:00,972.9,1014.7,21.2,57,NA
2021-06-24 19:00:00,972,1013.7,21.4,50,NA
2021-06-24 20:00:00,971.7,1013.4,22.3,49,NA
2021-06-24 21:00:00,971.6,1013.3,21.6,50,NA
2021-06-24 22:00:00,971.8,1013.9,17.1,76,NA
2021-06-24 23:00:00,972.2,1014.6,13.7,89,NA
2021-06-25 00:00:00,NA,1014.8,12.7,91,NA
2021-06-26 00:00:00,966.1,NA,NA,NA,NA
2021-06-26 03:00:00,966.2,1007.6,14.8,83,NA
2021-06-26 06:00:00,965,1006.2,13.6,87,NA
2021-06-26 09:00:00,964.4,1005.7,11,90,NA
2021-06-26 10:00:00,NA,1006.6,10,97,NA
2021-06-26 11:00:00,NA,1008.1,9.5,97,NA
2021-06-26 12:00:00,NA,1009.2,10.1,96,NA
2021-06-26 13:00:00,NA,1010.8,13.7,87,NA
2021-06-26 14:00:00,NA,1011.5,15.1,85,NA
2021-06-26 15:00:00,NA,1011.6,18.8,54,NA
2021-06-26 16:00:00,NA,1012.2,18.8,66,NA
2021-06-26 17:00:00,NA,1012.3,18.8,62,NA
2021-06-26 18:00:00,NA,1012.1,18.6,65,NA
2021-06-26 19:00:00,NA,1012.5,19.3,62,NA
2021-06-26 20:00:00,NA,1012,19.2,65,NA
2021-06-26 21:00:00,NA,1014.4,18.4,73,NA
2021-06-26 22:00:00,NA,1015.7,17.7,78,NA
2021-06-26 23:00:00,NA,1017.4,16.8,67,NA
2021-06-27 00:00:00,NA,1018.5,15.7,71,NA
2021-06-28 03:00:00,NA,1028.7,8.7,88,NA
2021-06-28 06:00:00,NA,1028.7,8.6,92,NA
2021-06-28 09:00:00,NA,1030.4,8.5,94,NA
2021-06-28 10:00:00,NA,1031.2,8.2,93,NA
2021-06-28 11:00:00,NA,1032.7,7.9,93,NA
2021-06-28 12:00:00,NA,1033.8,8.2,92,NA
2021-06-28 13:00:00,NA,1035,9,88,NA
2021-06-28 14:00:00,NA,1035.6,10.4,78,NA
2021-06-28 15:00:00,NA,1035.4,11.8,63,NA
2021-06-28 16:00:00,NA,1034.7,12.6,47,NA
2021-06-28 17:00:00,NA,1033.3,13.4,46,NA
2021-06-28 18:00:00,NA,1031.5,14.2,40,NA
2021-06-28 19:00:00,NA,1030.2,14.2,46,NA
2021-06-28 20:00:00,NA,1029.8,13.9,44,NA
2021-06-28 21:00:00,NA,1029.7,13,48,NA
2021-06-28 22:00:00,NA,1030.1,10.2,60,NA
2021-06-28 23:00:00,NA,1030.5,8.4,71,NA
2021-06-29 00:00:00,NA,1030.9,6.1,85,NA
2021-06-30 00:00:00,984.1,NA,NA,NA,NA
2021-06-30 03:00:00,984.1,1027.2,6.6,87,NA
2021-06-30 06:00:00,983,1025.8,4.8,86,NA
2021-06-30 09:00:00,981.8,1024.8,2.8,86,NA
2021-06-30 10:00:00,982.2,1025.5,2.1,86,NA
2021-06-30 11:00:00,982.4,1026,2.5,91,NA
2021-06-30 12:00:00,982.6,1026.3,3.4,88,NA
2021-06-30 13:00:00,982.8,1026.1,7.6,80,NA
2021-06-30 14:00:00,982.8,1026.1,9.5,77,NA
2021-06-30 15:00:00,982.2,1025.1,13.4,59,NA
2021-06-30 16:00:00,980.9,1023.6,16.1,51,NA
2021-06-30 17:00:00,979,1021.7,17.3,48,NA
2021-06-30 18:00:00,977.7,1020.1,19.3,40,NA
2021-06-30 19:00:00,976.6,1018.9,20.3,35,NA
2021-06-30 20:00:00,976,1018.5,20,35,NA
2021-06-30 21:00:00,975.8,1018.3,19.5,37,NA
2021-06-30 22:00:00,975.8,1018.8,15,56,NA
2021-06-30 23:00:00,976.2,1019.4,10.9,75,NA
2021-07-01 00:00:00,NA,1019.7,9.2,83,NA
