2021-01-07 00:00:00,869.3,NA,NA,NA,NA
2021-01-07 12:00:00,871.2,1512,18,93,NA
2021-01-07 18:00:00,869.3,1495,19.9,82,NA
2021-01-08 00:00:00,NA,1496,19.4,89,NA
2021-01-09 00:00:00,867.2,NA,NA,NA,NA
2021-01-09 12:00:00,868.1,1484,20.4,81,NA
2021-01-09 18:00:00,866.5,1469,26.6,60,NA
2021-01-10 00:00:00,NA,1470,21,91,NA
2021-01-11 00:00:00,862.6,NA,NA,NA,NA
2021-01-11 12:00:00,864.2,1447,22.3,78,NA
2021-01-11 18:00:00,862.5,1431,33,29,NA
2021-01-12 00:00:00,NA,1440,27,59,NA
2021-01-13 00:00:00,871,NA,NA,NA,NA
2021-01-13 12:00:00,873.2,1533,18,93,NA
2021-01-13 18:00:00,871.4,1517,23.3,70,NA
2021-01-14 00:00:00,NA,1509,19.4,95,NA
2021-01-15 00:00:00,867.4,NA,NA,NA,NA
2021-01-15 12:00:00,866,1465,22.6,84,NA
2021-01-15 18:00:00,863.6,1440,28.5,59,NA
2021-01-16 00:00:00,NA,1431,24.9,76,NA
2021-01-17 00:00:00,863.6,NA,NA,NA,NA
2021-01-17 12:00:00,873.7,1538,15.2,96,NA
2021-01-17 18:00:00,NA,1514,23.6,58,NA
2021-01-18 00:00:00,NA,1523,18.3,84,NA
2021-01-19 12:00:00,NA,1529,17,88,NA
2021-01-19 18:00:00,NA,1509,26,49,NA
2021-01-20 00:00:00,NA,1515,21.3,67,NA
2021-01-21 12:00:00,NA,1535,19.5,68,NA
2021-01-21 18:00:00,NA,1518,28.2,38,NA
2021-01-22 00:00:00,NA,1529,22,65,NA
2021-01-23 12:00:00,NA,1520,21.2,75,NA
2021-01-23 18:00:00,NA,1497,27.9,48,NA
2021-01-24 00:00:00,NA,1494,23,73,NA
2021-01-25 12:00:00,NA,1464,21.2,77,NA
2021-01-25 18:00:00,NA,1436,30,53,NA
2021-01-26 00:00:00,NA,1443,20.5,85,NA
2021-01-26 12:00:00,865.3,NA,20.3,78,NA
2021-01-26 18:00:00,863.7,NA,23.6,83,NA
2021-01-27 12:00:00,NA,1495,19.4,75,NA
2021-01-27 18:00:00,NA,1470,27.8,40,NA
2021-01-28 00:00:00,NA,1467,20,65,NA
2021-01-29 12:00:00,NA,1429,20.2,70,NA
2021-01-29 18:00:00,NA,1420,31.8,35,NA
2021-01-30 00:00:00,NA,1426,25.8,59,NA
2021-01-31 00:00:00,865.3,NA,NA,NA,NA
2021-01-31 12:00:00,869,1493,18.8,87,NA
2021-01-31 18:00:00,866.4,1466,19,86,NA
2021-02-01 00:00:00,866.4,1466,18.1,90,NA
2021-02-02 00:00:00,864.6,NA,NA,NA,NA
2021-02-02 12:00:00,866.8,1470,17.2,96,NA
2021-02-02 18:00:00,865.6,1459,21.4,79,NA
2021-02-03 00:00:00,NA,1479,17.8,95,NA
2021-02-04 00:00:00,873.3,NA,NA,NA,NA
2021-02-04 12:00:00,875.8,1557,17.2,87,NA
2021-02-04 18:00:00,873.3,1536,25.4,47,NA
2021-02-05 00:00:00,NA,1530,20.8,75,NA
2021-02-05 12:00:00,NA,1535,18.4,83,NA
2021-02-05 18:00:00,NA,1493,26.5,50,NA
2021-02-06 00:00:00,870.1,1503,21,71,NA
2021-02-06 12:00:00,870.9,NA,NA,NA,NA
2021-02-06 18:00:00,868.9,NA,NA,NA,NA
2021-02-08 00:00:00,868.8,NA,NA,NA,NA
2021-02-08 12:00:00,NA,1497,21.4,74,NA
2021-02-08 18:00:00,NA,1473,26.8,58,NA
2021-02-09 00:00:00,NA,1487,20.1,75,NA
2021-02-10 12:00:00,NA,1525,15.4,96,NA
2021-02-10 18:00:00,NA,1515,18.4,83,NA
2021-02-11 00:00:00,870.5,NA,14.9,93,NA
2021-02-11 12:00:00,870.6,NA,15.9,92,NA
2021-02-11 18:00:00,868,NA,23.7,57,NA
2021-02-12 12:00:00,NA,1499,16.6,82,NA
2021-02-12 18:00:00,NA,1482,25.2,58,NA
2021-02-13 00:00:00,867.8,NA,20.1,67,NA
2021-02-13 12:00:00,868.8,NA,17,83,NA
2021-02-13 18:00:00,866.1,NA,22.4,68,NA
2021-02-14 12:00:00,NA,1475,17.9,84,NA
2021-02-14 18:00:00,NA,1449,28.1,48,NA
2021-02-15 00:00:00,865.2,NA,22.7,74,NA
2021-02-15 12:00:00,868.8,NA,19.6,86,NA
2021-02-15 18:00:00,866,NA,27.8,47,NA
2021-02-16 12:00:00,NA,1513,15.8,94,NA
2021-02-16 18:00:00,NA,1486,21,75,NA
2021-02-17 00:00:00,868.5,NA,19.4,83,NA
2021-02-17 12:00:00,869.2,NA,18.8,86,NA
2021-02-17 18:00:00,867.4,NA,25,59,NA
2021-02-18 12:00:00,NA,1488,18.3,84,NA
2021-02-18 18:00:00,NA,1468,28.5,52,NA
2021-02-19 00:00:00,867.4,NA,21,84,NA
2021-02-19 12:00:00,868.2,NA,19.1,82,NA
2021-02-19 18:00:00,866.6,NA,29,46,NA
2021-02-20 12:00:00,NA,1525,18.2,91,NA
2021-02-20 18:00:00,NA,1496,20.4,80,NA
2021-02-21 00:00:00,868,NA,19.1,85,NA
2021-02-21 12:00:00,870.2,NA,18.2,94,NA
2021-02-21 18:00:00,869,NA,23.8,70,NA
2021-02-22 12:00:00,NA,1477,20.1,85,NA
2021-02-22 18:00:00,NA,1472,28.4,55,NA
2021-02-23 00:00:00,867.3,NA,24.2,78,NA
2021-02-23 12:00:00,869.6,NA,20.9,87,NA
2021-02-23 18:00:00,868.1,NA,28.9,58,NA
2021-02-24 12:00:00,NA,1526,19.7,86,NA
2021-02-24 18:00:00,NA,1480,28.5,59,NA
2021-02-25 00:00:00,868.4,NA,23,86,NA
2021-02-25 12:00:00,872.2,NA,19.5,95,NA
2021-02-25 18:00:00,866.9,NA,26.8,65,NA
2021-02-26 12:00:00,NA,1489,19.7,83,NA
2021-02-26 18:00:00,NA,1478,26.7,65,NA
2021-02-27 00:00:00,868.5,NA,22.3,85,NA
2021-02-27 12:00:00,871.3,NA,21,86,NA
2021-02-27 18:00:00,868.6,NA,28.2,58,NA
2021-02-28 12:00:00,NA,1498,19.5,89,NA
2021-02-28 18:00:00,NA,1480,27.1,61,NA
2021-03-01 00:00:00,NA,1480,19.9,88,NA
2021-03-02 12:00:00,NA,1502,18.1,95,NA
2021-03-02 18:00:00,867.4,1478,23.2,71,NA
2021-03-03 00:00:00,NA,1484,21.4,84,NA
2021-03-04 00:00:00,869.6,NA,NA,NA,NA
2021-03-04 12:00:00,872,1521,17.8,96,NA
2021-03-04 18:00:00,870.8,1511,24.8,60,NA
2021-03-05 00:00:00,NA,1514,18.8,86,NA
2021-03-06 00:00:00,869.7,NA,NA,NA,NA
2021-03-06 12:00:00,871.2,1513,18,87,NA
2021-03-06 18:00:00,868.9,1493,28.6,55,NA
2021-03-07 00:00:00,NA,1496,21.8,83,NA
2021-03-08 00:00:00,868.8,NA,NA,NA,NA
2021-03-08 12:00:00,872.2,1525,19.8,83,NA
2021-03-08 18:00:00,871.2,1516,30.3,51,NA
2021-03-09 00:00:00,NA,1527,21.2,66,NA
2021-03-10 00:00:00,869.6,NA,NA,NA,NA
2021-03-10 12:00:00,870.2,1506,20,85,NA
2021-03-10 18:00:00,866.8,1472,29.2,50,NA
2021-03-11 00:00:00,NA,1468,22.1,78,NA
2021-03-12 00:00:00,868.8,NA,NA,NA,NA
2021-03-12 12:00:00,871.4,1518,19,88,NA
2021-03-12 18:00:00,868.6,1491,26.6,62,NA
2021-03-13 00:00:00,NA,1495,20.6,91,NA
2021-03-14 12:00:00,NA,1523,18.7,93,NA
2021-03-14 18:00:00,NA,1493,26.1,58,NA
2021-03-15 00:00:00,NA,1500,20.8,82,NA
2021-03-15 12:00:00,868.5,NA,19.6,86,NA
2021-03-15 18:00:00,865.7,NA,24.1,67,NA
2021-03-16 12:00:00,NA,1449,17.3,95,NA
2021-03-16 18:00:00,NA,1441,29.4,59,NA
2021-03-17 00:00:00,865.8,NA,22.5,89,NA
2021-03-17 12:00:00,872.1,NA,17,91,NA
2021-03-18 12:00:00,NA,1532,15.4,92,NA
2021-03-18 18:00:00,NA,1495,17,86,NA
2021-03-19 00:00:00,869.2,NA,15.1,93,NA
2021-03-19 12:00:00,868,NA,15.6,90,NA
2021-03-19 18:00:00,864.5,NA,19.8,68,NA
2021-03-20 12:00:00,NA,1477,16,94,NA
2021-03-20 18:00:00,NA,1475,22,71,NA
2021-03-21 00:00:00,871.4,NA,17.8,95,NA
2021-03-21 12:00:00,877.7,NA,14.8,92,NA
2021-03-21 18:00:00,875,NA,20.4,50,NA
2021-03-22 12:00:00,NA,1535,14.9,93,NA
2021-03-22 18:00:00,NA,1518,19.4,68,NA
2021-03-23 00:00:00,874.1,NA,15.5,95,NA
2021-03-23 12:00:00,873,NA,15.8,93,NA
2021-03-23 18:00:00,869.7,NA,20.4,73,NA
2021-03-24 12:00:00,NA,1501,16.4,94,NA
2021-03-24 18:00:00,NA,1478,22.2,76,NA
2021-03-25 00:00:00,867.8,NA,19,91,NA
2021-03-25 12:00:00,867.2,NA,18.1,91,NA
2021-03-25 18:00:00,864,NA,24.3,69,NA
2021-03-26 12:00:00,NA,1482,19.6,88,NA
2021-03-26 18:00:00,NA,1472,23,76,NA
2021-03-27 00:00:00,870.1,NA,17.9,94,NA
2021-03-27 12:00:00,872.6,NA,14,95,NA
2021-03-27 18:00:00,871.2,NA,14.1,91,NA
2021-03-28 12:00:00,NA,1528,13.6,94,NA
2021-03-28 18:00:00,NA,1504,16.5,72,NA
2021-03-29 00:00:00,871.3,NA,13.8,90,NA
2021-03-29 12:00:00,873.2,NA,14.6,93,NA
2021-03-29 18:00:00,871.3,NA,20.5,63,NA
2021-03-30 12:00:00,NA,1531,15.6,92,NA
2021-03-30 18:00:00,NA,1511,21,69,NA
2021-03-31 00:00:00,870.8,NA,17.5,84,NA
2021-03-31 12:00:00,871.2,NA,15.6,93,NA
2021-03-31 18:00:00,868.5,NA,20.3,71,NA
2021-04-01 12:00:00,NA,1503,15.6,93,NA
2021-04-01 18:00:00,NA,1488,20.2,69,NA
2021-04-02 00:00:00,870.2,NA,16.5,84,NA
2021-04-02 12:00:00,872,NA,15.8,92,NA
2021-04-02 18:00:00,870,NA,21.2,67,NA
2021-04-03 12:00:00,NA,1520,16.5,92,NA
2021-04-03 18:00:00,NA,1507,20.5,71,NA
2021-04-04 00:00:00,871.8,NA,17.5,90,NA
2021-04-04 12:00:00,872.4,NA,15.9,93,NA
2021-04-04 18:00:00,868.8,NA,20.9,77,NA
2021-04-05 12:00:00,NA,1495,16.2,94,NA
2021-04-05 18:00:00,NA,1464,26,60,NA
2021-04-06 00:00:00,869.6,NA,21.2,84,NA
2021-04-06 12:00:00,869.3,NA,17.5,87,NA
2021-04-06 18:00:00,867.3,NA,27.6,52,NA
2021-04-07 12:00:00,NA,1497,19.6,92,NA
2021-04-07 18:00:00,NA,1476,26,65,NA
2021-04-08 00:00:00,NA,1480,20.9,86,NA
2021-04-08 12:00:00,866.5,NA,19.3,87,NA
2021-04-08 18:00:00,864.2,NA,27.2,62,NA
2021-04-09 12:00:00,NA,1484,20.5,95,NA
2021-04-09 18:00:00,NA,1463,27.2,67,NA
2021-04-10 00:00:00,NA,1474,21.9,88,NA
2021-04-11 12:00:00,NA,1540,13.6,96,NA
2021-04-11 18:00:00,NA,1549,14.8,75,NA
2021-04-12 00:00:00,NA,1552,13.8,77,NA
2021-04-13 12:00:00,875,1548,14.6,88,NA
2021-04-13 18:00:00,872.6,1528,23,55,NA
2021-04-14 00:00:00,NA,1535,17.3,77,NA
2021-04-15 00:00:00,868.4,NA,NA,NA,NA
2021-04-15 12:00:00,870.4,1504,17,89,NA
2021-04-15 18:00:00,867.7,1480,25,54,NA
2021-04-16 00:00:00,NA,1490,18.5,84,NA
2021-04-17 00:00:00,869.2,NA,NA,NA,NA
2021-04-17 12:00:00,872.1,1521,16.2,94,NA
2021-04-17 18:00:00,869.2,1495,25,57,NA
2021-04-18 00:00:00,NA,1510,19.6,88,NA
2021-04-19 00:00:00,871,NA,NA,NA,NA
2021-04-19 12:00:00,872.2,1523,17.7,92,NA
2021-04-19 18:00:00,870.1,1503,23.1,64,NA
2021-04-20 00:00:00,NA,1506,19.2,89,NA
2021-04-21 00:00:00,867.3,NA,NA,NA,NA
2021-04-21 12:00:00,866.6,1467,15.6,90,NA
2021-04-21 18:00:00,865.4,1458,27.2,57,NA
2021-04-22 00:00:00,NA,1482,19.1,89,NA
2021-04-23 00:00:00,866.8,NA,NA,NA,NA
2021-04-23 12:00:00,NA,1479,16.6,85,NA
2021-04-23 18:00:00,NA,1445,22.9,69,NA
2021-04-24 00:00:00,NA,1480,18.3,88,NA
2021-04-25 12:00:00,NA,1555,12.8,94,NA
2021-04-25 18:00:00,NA,1528,17.2,77,NA
2021-04-26 00:00:00,NA,1534,14.3,93,NA
2021-04-27 12:00:00,NA,1535,10.8,93,NA
2021-04-27 18:00:00,NA,1518,20.7,54,NA
2021-04-28 00:00:00,873.2,NA,14.6,89,NA
2021-04-28 12:00:00,875.2,NA,11.6,90,NA
2021-04-28 18:00:00,874.1,NA,20.7,55,NA
2021-04-29 12:00:00,NA,1562,9.6,90,NA
2021-04-29 18:00:00,NA,1542,21.8,54,NA
2021-04-30 00:00:00,874.8,NA,15.1,84,NA
2021-04-30 12:00:00,872.4,NA,10.2,95,NA
2021-04-30 18:00:00,868.6,NA,19.8,58,NA
2021-05-01 12:00:00,NA,1497,11.3,90,NA
2021-05-01 18:00:00,NA,1477,22.8,51,NA
2021-05-02 00:00:00,869,NA,15.2,86,NA
2021-05-02 12:00:00,869.4,NA,12,84,NA
2021-05-02 18:00:00,866.6,NA,25,48,NA
2021-05-03 12:00:00,NA,1457,13.3,86,NA
2021-05-03 18:00:00,NA,1431,25.8,49,NA
2021-05-04 00:00:00,866.1,NA,19,82,NA
2021-05-04 12:00:00,871.2,NA,17,86,NA
2021-05-04 18:00:00,871,NA,16.9,81,NA
2021-05-05 12:00:00,NA,1566,5.4,97,NA
2021-05-05 18:00:00,NA,1535,7.8,87,NA
2021-05-06 00:00:00,877.6,NA,7.8,80,NA
2021-05-06 12:00:00,880.4,NA,7.3,92,NA
2021-05-06 18:00:00,877.6,NA,16.3,56,NA
2021-05-07 12:00:00,NA,1554,6.3,96,NA
2021-05-07 18:00:00,NA,1526,15.4,61,NA
2021-05-08 00:00:00,874.2,NA,12.3,79,NA
2021-05-08 12:00:00,874.1,NA,10.3,75,NA
2021-05-08 18:00:00,871,NA,13.9,69,NA
2021-05-09 12:00:00,NA,1515,11,88,NA
2021-05-09 18:00:00,NA,1498,14.8,70,NA
2021-05-10 00:00:00,873,NA,12.2,91,NA
2021-05-10 12:00:00,876.1,NA,11.2,95,NA
2021-05-10 18:00:00,874,NA,14.7,74,NA
2021-05-11 12:00:00,NA,1556,10.4,95,NA
2021-05-11 18:00:00,NA,1528,11.2,96,NA
2021-05-12 00:00:00,876,NA,9.9,96,NA
2021-05-12 12:00:00,876.4,NA,7.8,94,NA
2021-05-12 18:00:00,873.3,NA,15.2,70,NA
2021-05-13 12:00:00,NA,1512,10,94,NA
2021-05-13 18:00:00,NA,1511,12.6,83,NA
2021-05-14 00:00:00,873.7,NA,11.8,88,NA
2021-05-14 12:00:00,872.6,NA,7.3,94,NA
2021-05-14 18:00:00,869.7,NA,19.3,56,NA
2021-05-15 12:00:00,NA,1518,9.3,92,NA
2021-05-15 18:00:00,NA,1505,20.1,58,NA
2021-05-16 00:00:00,872.1,NA,15.6,78,NA
2021-05-16 12:00:00,872.9,NA,13.3,80,NA
2021-05-16 18:00:00,871.3,NA,21.3,53,NA
2021-05-17 12:00:00,NA,1555,12,90,NA
2021-05-17 18:00:00,NA,1533,22,61,NA
2021-05-18 00:00:00,874.4,NA,16.2,88,NA
2021-05-18 12:00:00,871.4,NA,11.6,94,NA
2021-05-18 18:00:00,868,NA,20.7,64,NA
2021-05-19 12:00:00,NA,1468,13,88,NA
2021-05-19 18:00:00,NA,1441,23.4,53,NA
2021-05-20 00:00:00,866,NA,16.4,88,NA
2021-05-20 12:00:00,865.2,NA,12.7,86,NA
2021-05-20 18:00:00,860.9,NA,24.2,61,NA
2021-05-21 12:00:00,NA,1440,14.8,53,NA
2021-05-21 18:00:00,NA,1418,25.2,43,NA
2021-05-22 00:00:00,868.6,NA,16.3,73,NA
2021-05-22 12:00:00,871.3,NA,10.3,74,NA
2021-05-22 18:00:00,869,NA,11.8,67,NA
2021-05-23 12:00:00,NA,1548,4.5,87,NA
2021-05-23 18:00:00,NA,1529,16.6,46,NA
2021-05-24 00:00:00,NA,1535,10.2,84,NA
2021-05-25 12:00:00,NA,1502,5.4,95,NA
2021-05-25 18:00:00,NA,1506,23.2,35,NA
2021-05-26 00:00:00,NA,1534,11.8,78,NA
2021-05-27 12:00:00,869.6,1492,8.1,89,NA
2021-05-27 18:00:00,865.3,1453,22,52,NA
2021-05-28 00:00:00,NA,1449,14.8,86,NA
2021-05-29 00:00:00,864.5,NA,NA,NA,NA
2021-05-29 12:00:00,869.4,1492,9,81,NA
2021-05-29 18:00:00,870.8,1506,18.2,58,NA
2021-05-30 00:00:00,NA,1527,12.8,69,NA
2021-05-31 00:00:00,874.9,NA,NA,NA,NA
2021-05-31 12:00:00,874.4,1535,5.4,86,NA
2021-05-31 18:00:00,871.8,1515,21.4,35,NA
2021-06-01 00:00:00,NA,1517,10.9,81,NA
2021-06-02 00:00:00,864.8,NA,NA,NA,NA
2021-06-02 12:00:00,869,1486,7.2,79,NA
2021-06-02 18:00:00,870.4,1502,21.2,46,NA
2021-06-03 00:00:00,NA,1521,16,73,NA
2021-06-04 00:00:00,868.5,NA,NA,NA,NA
2021-06-04 12:00:00,866.6,1465,8.6,92,NA
2021-06-04 18:00:00,862.8,1429,23.5,52,NA
2021-06-05 00:00:00,NA,1443,15.3,85,NA
2021-06-06 00:00:00,872,NA,NA,NA,NA
2021-06-06 12:00:00,871.7,1516,14.2,83,NA
2021-06-06 18:00:00,868,1479,14,84,NA
2021-06-07 00:00:00,NA,1483,13.4,90,NA
2021-06-08 00:00:00,871.4,NA,NA,NA,NA
2021-06-08 12:00:00,NA,1519,9.2,83,NA
2021-06-08 18:00:00,NA,1494,17.2,56,NA
2021-06-09 00:00:00,NA,1501,13.2,79,NA
2021-06-10 00:00:00,870.4,NA,NA,NA,NA
2021-06-10 12:00:00,873,1525,6.4,71,NA
2021-06-10 18:00:00,873.4,1531,23.2,28,NA
2021-06-11 00:00:00,NA,1569,13.4,75,NA
2021-06-12 00:00:00,875.7,NA,NA,NA,NA
2021-06-12 12:00:00,874.1,1535,7,91,NA
2021-06-12 18:00:00,870.5,1504,20.2,52,NA
2021-06-13 00:00:00,NA,1506,11.6,85,NA
2021-06-14 00:00:00,869.3,NA,NA,NA,NA
2021-06-14 12:00:00,870.4,1499,7.4,93,NA
2021-06-14 18:00:00,871,1508,22.1,48,NA
2021-06-15 00:00:00,NA,1545,15.8,71,NA
2021-06-16 12:00:00,876,1550,6.1,96,NA
2021-06-16 18:00:00,873.6,1527,5.6,97,NA
2021-06-17 00:00:00,NA,1556,4.5,95,NA
2021-06-18 00:00:00,874.6,NA,NA,NA,NA
2021-06-18 12:00:00,874.8,1536,2.9,95,NA
2021-06-18 18:00:00,871,1500,4.3,88,NA
2021-06-19 00:00:00,NA,1523,3.9,91,NA
2021-06-20 00:00:00,874.4,NA,NA,NA,NA
2021-06-20 12:00:00,872.4,1514,3,95,NA
2021-06-20 18:00:00,868,1475,10.1,69,NA
2021-06-21 00:00:00,NA,1489,5.8,89,NA
2021-06-22 00:00:00,871.7,NA,NA,NA,NA
2021-06-22 12:00:00,872,1510,1.4,95,NA
2021-06-22 18:00:00,NA,1478,13.4,64,NA
2021-06-23 00:00:00,NA,1475,7.3,92,NA
2021-06-24 00:00:00,863.3,NA,NA,NA,NA
2021-06-24 12:00:00,871.8,1511,5.3,67,NA
2021-06-24 18:00:00,869.6,1494,18.8,33,NA
2021-06-25 00:00:00,NA,1495,9,74,NA
2021-06-26 00:00:00,864.2,NA,NA,NA,NA
2021-06-26 12:00:00,NA,1449,5.2,91,NA
2021-06-26 18:00:00,NA,1478,13.2,65,NA
2021-06-27 00:00:00,NA,1513,9.8,89,NA
2021-06-28 12:00:00,NA,1608,1.6,95,NA
2021-06-28 18:00:00,NA,1593,8.8,59,NA
2021-06-29 00:00:00,NA,1591,2.3,92,NA
2021-06-30 00:00:00,878.6,NA,NA,NA,NA
2021-06-30 12:00:00,876.1,1546,-0.6,92,NA
2021-06-30 18:00:00,872.8,1520,14.4,43,NA
2021-07-01 00:00:00,NA,1517,5.9,80,NA
