2021-01-06 18:00:00,918.1,NA,NA,NA,NA
2021-01-07 00:00:00,918.1,NA,NA,NA,NA
2021-01-07 12:00:00,919.1,1568,18.2,97,NA
2021-01-07 18:00:00,916.9,1555,25.6,69,NA
2021-01-08 00:00:00,NA,1544,21.8,85,NA
2021-01-09 00:00:00,912.6,NA,NA,NA,NA
2021-01-09 12:00:00,914.9,1539,22.8,76,NA
2021-01-09 18:00:00,913.9,1528,25.9,68,NA
2021-01-10 00:00:00,NA,1518,24.4,81,NA
2021-01-10 18:00:00,909.5,NA,NA,NA,NA
2021-01-11 00:00:00,908.1,NA,NA,NA,NA
2021-01-11 12:00:00,909,1490,25,77,NA
2021-01-11 18:00:00,907.2,1471,35,50,NA
2021-01-12 00:00:00,NA,1497,37.4,33,NA
2021-01-13 00:00:00,919.7,NA,NA,NA,NA
2021-01-13 12:00:00,921.7,1594,18.5,97,NA
2021-01-13 18:00:00,919.9,1580,21.6,88,NA
2021-01-14 00:00:00,NA,1568,20.2,96,NA
2021-01-14 18:00:00,914.9,NA,NA,NA,NA
2021-01-15 00:00:00,913.9,NA,NA,NA,NA
2021-01-15 12:00:00,911.7,1512,24.8,77,NA
2021-01-15 18:00:00,908.5,1487,32.5,59,NA
2021-01-16 00:00:00,NA,NA,27.5,80,NA
2021-01-16 18:00:00,907.1,NA,NA,NA,NA
2021-01-17 00:00:00,912.5,NA,NA,NA,NA
2021-01-17 12:00:00,921.3,1586,17,83,NA
2021-01-17 18:00:00,NA,1574,22.2,72,NA
2021-01-18 00:00:00,NA,1573,20.6,88,NA
2021-01-19 12:00:00,NA,1587,19.8,59,NA
2021-01-19 18:00:00,NA,1569,28.8,42,NA
2021-01-20 00:00:00,NA,1566,21.8,69,NA
2021-01-21 12:00:00,NA,1589,21.6,65,NA
2021-01-21 18:00:00,NA,1580,30,41,NA
2021-01-22 00:00:00,NA,1575,24.2,71,NA
2021-01-23 12:00:00,NA,1567,23,68,NA
2021-01-23 18:00:00,NA,1553,32.8,45,NA
2021-01-24 00:00:00,NA,1534,24.7,75,NA
2021-01-25 12:00:00,NA,1508,20.8,83,NA
2021-01-25 18:00:00,NA,1489,32.3,53,NA
2021-01-26 00:00:00,NA,1478,24.5,72,NA
2021-01-26 12:00:00,911.5,NA,25.9,65,NA
2021-01-26 18:00:00,911,NA,27,69,NA
2021-01-27 12:00:00,NA,1543,23.7,62,NA
2021-01-27 18:00:00,NA,1525,28.8,48,NA
2021-01-28 00:00:00,NA,1507,23.8,73,NA
2021-01-29 12:00:00,NA,1469,22.1,73,NA
2021-01-29 18:00:00,NA,1472,34.8,44,NA
2021-01-31 00:00:00,913.1,NA,NA,NA,NA
2021-01-31 12:00:00,918.2,1561,17.2,96,NA
2021-01-31 18:00:00,914.6,1527,20.4,84,NA
2021-02-01 00:00:00,914.5,1524,18.6,96,NA
2021-02-01 18:00:00,913.8,NA,NA,NA,NA
2021-02-02 00:00:00,914.5,NA,NA,NA,NA
2021-02-02 12:00:00,915.9,1537,17.8,96,NA
2021-02-02 18:00:00,917,1550,20.6,89,NA
2021-02-03 00:00:00,NA,1549,16.8,98,NA
2021-02-04 00:00:00,922.1,NA,NA,NA,NA
2021-02-04 12:00:00,923.8,1614,21.4,65,NA
2021-02-04 18:00:00,921.3,1595,27.2,47,NA
2021-02-05 00:00:00,NA,1601,22,77,NA
2021-02-05 12:00:00,NA,1600,21,67,NA
2021-02-05 18:00:00,NA,1567,28,50,NA
2021-02-06 00:00:00,917.8,1565,24.2,77,NA
2021-02-06 12:00:00,919,NA,NA,NA,NA
2021-02-06 18:00:00,916.5,NA,NA,NA,NA
2021-02-08 00:00:00,916.2,NA,NA,NA,NA
2021-02-08 12:00:00,NA,1561,20.2,79,NA
2021-02-08 18:00:00,NA,1534,29.8,47,NA
2021-02-09 00:00:00,NA,1549,20.9,87,NA
2021-02-10 12:00:00,NA,1592,16.5,94,NA
2021-02-10 18:00:00,NA,1580,21.6,74,NA
2021-02-11 00:00:00,919.1,NA,18.6,90,NA
2021-02-11 12:00:00,919.3,NA,16.7,91,NA
2021-02-11 18:00:00,917,NA,24.6,61,NA
2021-02-12 12:00:00,NA,1553,18.2,84,NA
2021-02-12 18:00:00,914.7,NA,27.5,59,NA
2021-02-13 00:00:00,915.5,NA,18.6,88,NA
2021-02-13 12:00:00,916.7,NA,20,80,NA
2021-02-13 18:00:00,914.9,NA,24.9,73,NA
2021-02-14 12:00:00,NA,1528,20.6,80,NA
2021-02-14 18:00:00,NA,1515,30.4,60,NA
2021-02-15 00:00:00,913.7,NA,22.1,85,NA
2021-02-15 12:00:00,916.2,NA,20.6,85,NA
2021-02-15 18:00:00,913.5,NA,28.6,63,NA
2021-02-16 12:00:00,NA,1572,18,94,NA
2021-02-16 18:00:00,NA,1557,23.7,71,NA
2021-02-17 00:00:00,916.7,NA,21.3,90,NA
2021-02-17 12:00:00,917.8,NA,19.2,90,NA
2021-02-17 18:00:00,915.7,NA,27.6,64,NA
2021-02-18 12:00:00,NA,1162,21.2,76,NA
2021-02-18 18:00:00,913.8,NA,28.4,61,NA
2021-02-19 00:00:00,913.7,NA,22.4,94,NA
2021-02-19 12:00:00,915.4,NA,24,70,NA
2021-02-19 18:00:00,913.9,NA,31.8,51,NA
2021-02-20 12:00:00,NA,1594,17.2,96,NA
2021-02-20 18:00:00,NA,1564,21,84,NA
2021-02-21 00:00:00,917.7,NA,19.2,93,NA
2021-02-21 12:00:00,919.1,NA,19,93,NA
2021-02-21 18:00:00,916.2,NA,26.4,70,NA
2021-02-22 12:00:00,NA,1535,23.4,84,NA
2021-02-22 18:00:00,913.4,NA,30.8,61,NA
2021-02-23 12:00:00,917,NA,23.4,81,NA
2021-02-23 18:00:00,915.3,NA,32.3,52,NA
2021-02-24 12:00:00,NA,1591,20.8,96,NA
2021-02-24 18:00:00,NA,1566,23.4,79,NA
2021-02-25 00:00:00,917.5,NA,21.7,91,NA
2021-02-25 12:00:00,920.1,NA,20.8,96,NA
2021-02-25 18:00:00,917.5,NA,24.9,80,NA
2021-02-26 12:00:00,NA,1543,21.8,88,NA
2021-02-26 18:00:00,914.9,NA,26.4,78,NA
2021-02-27 00:00:00,915.5,NA,23.7,91,NA
2021-02-27 12:00:00,917.9,NA,22.2,89,NA
2021-02-27 18:00:00,917.5,NA,28.1,71,NA
2021-02-28 12:00:00,NA,1558,21.1,83,NA
2021-02-28 18:00:00,NA,1544,29.6,65,NA
2021-03-01 00:00:00,NA,1531,23.3,83,NA
2021-03-02 12:00:00,917.5,1559,19.4,95,NA
2021-03-02 18:00:00,915.1,1537,24,76,NA
2021-03-03 00:00:00,NA,1546,22.2,91,NA
2021-03-04 00:00:00,917.4,NA,NA,NA,NA
2021-03-04 12:00:00,918.9,1570,21,86,NA
2021-03-04 18:00:00,917.7,1565,27,63,NA
2021-03-05 00:00:00,NA,1559,19.9,92,NA
2021-03-06 00:00:00,919.4,NA,NA,NA,NA
2021-03-06 12:00:00,918.1,1564,20.8,78,NA
2021-03-06 18:00:00,915.9,1548,28.4,63,NA
2021-03-07 00:00:00,NA,1548,22.4,91,NA
2021-03-08 00:00:00,915.7,NA,NA,NA,NA
2021-03-08 12:00:00,918.6,1573,21.8,82,NA
2021-03-08 18:00:00,918.2,1574,30.4,53,NA
2021-03-09 00:00:00,NA,1574,21.8,96,NA
2021-03-10 00:00:00,917.8,NA,NA,NA,NA
2021-03-10 12:00:00,917,1557,20.9,83,NA
2021-03-10 18:00:00,913.5,1530,28.8,59,NA
2021-03-11 00:00:00,NA,1510,23.1,84,NA
2021-03-12 00:00:00,915,NA,NA,NA,NA
2021-03-12 12:00:00,919.7,NA,19.7,90,NA
2021-03-12 18:00:00,916.3,1553,27.5,66,NA
2021-03-13 00:00:00,NA,1559,20.8,96,NA
2021-03-14 12:00:00,NA,1585,18.4,98,NA
2021-03-14 18:00:00,NA,1566,24.4,81,NA
2021-03-15 00:00:00,NA,1563,22.8,89,NA
2021-03-15 12:00:00,915.7,NA,20.4,91,NA
2021-03-15 18:00:00,913,NA,27,69,NA
2021-03-16 12:00:00,NA,1487,20.2,91,NA
2021-03-16 18:00:00,NA,1505,27.8,71,NA
2021-03-17 00:00:00,914.3,NA,21.6,92,NA
2021-03-17 12:00:00,921.3,NA,16.4,93,NA
2021-03-18 12:00:00,NA,1595,15,97,NA
2021-03-18 18:00:00,NA,1531,17.4,90,NA
2021-03-19 00:00:00,917.5,NA,16.7,86,NA
2021-03-19 12:00:00,917.5,NA,15,97,NA
2021-03-19 18:00:00,913.9,NA,17.1,94,NA
2021-03-20 12:00:00,NA,1524,17.4,97,NA
2021-03-20 18:00:00,NA,1543,18,98,NA
2021-03-21 00:00:00,920.5,NA,17.2,98,NA
2021-03-21 12:00:00,926.3,NA,15.4,93,NA
2021-03-21 18:00:00,923,NA,21.5,62,NA
2021-03-22 12:00:00,NA,1591,15.5,95,NA
2021-03-22 18:00:00,NA,1584,19.7,77,NA
2021-03-23 00:00:00,922.3,NA,17.2,93,NA
2021-03-23 12:00:00,921.7,NA,16.9,93,NA
2021-03-23 18:00:00,918.7,NA,22.8,75,NA
2021-03-24 12:00:00,NA,1550,18.4,95,NA
2021-03-24 18:00:00,NA,1539,21.8,91,NA
2021-03-25 00:00:00,914.7,NA,20.2,95,NA
2021-03-25 12:00:00,914.5,NA,20.2,98,NA
2021-03-25 18:00:00,911.7,NA,27.8,73,NA
2021-03-26 12:00:00,NA,1540,20.1,93,NA
2021-03-26 18:00:00,916.3,NA,19.1,96,NA
2021-03-27 00:00:00,918.1,NA,17.3,96,NA
2021-03-27 12:00:00,922.1,NA,15.4,79,NA
2021-03-27 18:00:00,921,NA,17.9,76,NA
2021-03-28 12:00:00,NA,1590,15.7,88,NA
2021-03-28 18:00:00,920.1,NA,20.8,73,NA
2021-03-29 00:00:00,920.1,NA,17.3,85,NA
2021-03-29 12:00:00,921.5,NA,16.2,83,NA
2021-03-29 18:00:00,920.7,NA,24,61,NA
2021-03-30 12:00:00,NA,1588,15.4,86,NA
2021-03-30 18:00:00,NA,1569,22.1,72,NA
2021-03-31 00:00:00,919.1,NA,19.2,88,NA
2021-03-31 12:00:00,919.9,NA,16.4,92,NA
2021-03-31 18:00:00,917.1,NA,21.9,75,NA
2021-04-01 12:00:00,NA,1566,17,90,NA
2021-04-01 18:00:00,916.7,NA,22.6,70,NA
2021-04-02 00:00:00,918.3,NA,18.6,92,NA
2021-04-02 12:00:00,921,NA,19.6,81,NA
2021-04-02 18:00:00,918.1,NA,25.4,60,NA
2021-04-03 12:00:00,NA,1576,17.4,88,NA
2021-04-03 18:00:00,916.1,NA,24,71,NA
2021-04-04 00:00:00,919.8,NA,19,93,NA
2021-04-04 12:00:00,919.5,NA,18.9,92,NA
2021-04-04 18:00:00,916.1,NA,23.6,74,NA
2021-04-05 12:00:00,NA,1540,20.4,86,NA
2021-04-05 18:00:00,NA,1523,28.4,61,NA
2021-04-06 00:00:00,916.5,NA,23.3,90,NA
2021-04-06 12:00:00,918.1,NA,19.9,99,NA
2021-04-06 18:00:00,916.9,NA,24.4,79,NA
2021-04-07 12:00:00,NA,1545,19.8,99,NA
2021-04-07 18:00:00,NA,1533,26.3,80,NA
2021-04-08 12:00:00,913.7,NA,20.7,98,NA
2021-04-08 18:00:00,911.3,NA,29,68,NA
2021-04-09 12:00:00,NA,1532,22.6,91,NA
2021-04-09 18:00:00,NA,1518,29.7,72,NA
2021-04-10 00:00:00,NA,1518,24.7,93,NA
2021-04-11 12:00:00,NA,1613,14,94,NA
2021-04-11 18:00:00,NA,1606,18.9,69,NA
2021-04-12 00:00:00,NA,1602,15.8,91,NA
2021-04-13 12:00:00,923.9,1606,15,91,NA
2021-04-13 18:00:00,920.1,1593,19.8,80,NA
2021-04-14 00:00:00,NA,1584,16.9,89,NA
2021-04-15 00:00:00,915.7,NA,NA,NA,NA
2021-04-15 12:00:00,918.1,1561,18.6,89,NA
2021-04-15 18:00:00,914.9,1539,28,60,NA
2021-04-16 00:00:00,NA,1541,21,92,NA
2021-04-17 00:00:00,916.7,NA,NA,NA,NA
2021-04-17 12:00:00,920.1,1582,19.8,87,NA
2021-04-17 18:00:00,917.8,1563,24.2,75,NA
2021-04-18 00:00:00,NA,1559,19.8,88,NA
2021-04-18 18:00:00,919.4,NA,NA,NA,NA
2021-04-19 00:00:00,918.6,NA,NA,NA,NA
2021-04-19 12:00:00,919.4,1574,19.4,91,NA
2021-04-19 18:00:00,916.6,1555,26.5,66,NA
2021-04-21 00:00:00,913.5,NA,NA,NA,NA
2021-04-21 12:00:00,913,1516,19.8,87,NA
2021-04-21 18:00:00,911.1,1508,29.2,62,NA
2021-04-22 00:00:00,NA,1531,22.7,84,NA
2021-04-23 00:00:00,915,NA,NA,NA,NA
2021-04-23 12:00:00,NA,1530,16.8,99,NA
2021-04-23 18:00:00,NA,1503,21.4,84,NA
2021-04-25 12:00:00,NA,1618,14.1,97,NA
2021-04-25 18:00:00,NA,1600,19,72,NA
2021-04-26 00:00:00,NA,1591,14.8,91,NA
2021-04-27 12:00:00,NA,1589,13.4,89,NA
2021-04-27 18:00:00,NA,1578,21.2,66,NA
2021-04-28 00:00:00,921.1,NA,15.4,94,NA
2021-04-28 12:00:00,917.4,NA,12.2,90,NA
2021-04-28 18:00:00,923.1,NA,22.2,59,NA
2021-04-29 12:00:00,NA,1610,11.8,88,NA
2021-04-29 18:00:00,922.1,NA,22.6,64,NA
2021-04-30 00:00:00,922.8,NA,15.8,87,NA
2021-04-30 12:00:00,920.9,NA,13.2,74,NA
2021-04-30 18:00:00,917,NA,23.4,51,NA
2021-05-01 12:00:00,NA,1543,12.8,80,NA
2021-05-01 18:00:00,NA,1524,25.6,51,NA
2021-05-02 00:00:00,915.5,NA,17.2,88,NA
2021-05-02 12:00:00,915.7,NA,13.4,82,NA
2021-05-02 18:00:00,913.3,NA,27.9,51,NA
2021-05-03 12:00:00,NA,1495,14.9,77,NA
2021-05-03 18:00:00,908.7,NA,28.6,57,NA
2021-05-04 00:00:00,912.6,NA,21.9,85,NA
2021-05-04 12:00:00,919.5,NA,18.3,92,NA
2021-05-04 18:00:00,921.7,NA,15.8,70,NA
2021-05-05 12:00:00,NA,1628,3.9,99,NA
2021-05-05 18:00:00,NA,1600,7.3,90,NA
2021-05-06 00:00:00,928.2,NA,6,97,NA
2021-05-06 12:00:00,930.2,NA,8.6,94,NA
2021-05-06 18:00:00,927.3,NA,19,55,NA
2021-05-07 12:00:00,NA,1599,7.8,97,NA
2021-05-07 18:00:00,922.6,NA,18.4,63,NA
2021-05-08 00:00:00,922.9,NA,13.2,88,NA
2021-05-08 12:00:00,923.7,NA,9.8,87,NA
2021-05-08 18:00:00,919.9,NA,20.8,52,NA
2021-05-09 12:00:00,NA,1574,12.5,92,NA
2021-05-09 18:00:00,NA,1569,16.4,71,NA
2021-05-10 00:00:00,922.5,NA,13.8,96,NA
2021-05-10 12:00:00,926.3,NA,12.4,90,NA
2021-05-10 18:00:00,923.3,NA,17.8,66,NA
2021-05-11 12:00:00,NA,1617,10.8,95,NA
2021-05-11 18:00:00,923.9,NA,11.4,97,NA
2021-05-12 00:00:00,925.3,NA,10.8,93,NA
2021-05-12 12:00:00,926.1,NA,10.6,94,NA
2021-05-12 18:00:00,922.1,NA,19.4,63,NA
2021-05-13 12:00:00,NA,1567,8,90,NA
2021-05-13 18:00:00,NA,1566,18.8,64,NA
2021-05-14 00:00:00,922.1,NA,14,91,NA
2021-05-14 12:00:00,922.1,NA,9.1,93,NA
2021-05-14 18:00:00,919.1,NA,21.4,59,NA
2021-05-15 12:00:00,NA,1567,11.4,86,NA
2021-05-15 18:00:00,NA,1553,21.8,61,NA
2021-05-16 00:00:00,919.7,NA,17,86,NA
2021-05-16 12:00:00,922.1,NA,13.6,86,NA
2021-05-16 18:00:00,919.9,NA,22.6,56,NA
2021-05-17 12:00:00,NA,1608,15.6,91,NA
2021-05-17 18:00:00,NA,1596,19.3,82,NA
2021-05-18 00:00:00,922.6,NA,16.8,96,NA
2021-05-18 12:00:00,920.2,NA,16.2,97,NA
2021-05-18 18:00:00,916.7,NA,19.5,84,NA
2021-05-19 12:00:00,NA,1514,15,94,NA
2021-05-19 18:00:00,910.6,NA,23.9,67,NA
2021-05-20 00:00:00,913.3,NA,19,93,NA
2021-05-20 12:00:00,911.8,NA,14.2,94,NA
2021-05-20 18:00:00,908.6,NA,26.9,62,NA
2021-05-21 12:00:00,NA,1472,15.9,97,NA
2021-05-21 18:00:00,NA,1507,20.1,69,NA
2021-05-22 00:00:00,918.1,NA,15.5,74,NA
2021-05-22 12:00:00,921.8,NA,10.4,80,NA
2021-05-22 18:00:00,919.4,NA,14.2,59,NA
2021-05-23 12:00:00,NA,1603,5.4,80,NA
2021-05-23 18:00:00,NA,1593,17.6,37,NA
2021-05-24 00:00:00,NA,1582,8.6,86,NA
2021-05-25 12:00:00,NA,1551,8.4,79,NA
2021-05-25 18:00:00,NA,1563,21.4,43,NA
2021-05-26 00:00:00,NA,1578,12.2,86,NA
2021-05-27 12:00:00,917.3,1538,10.6,86,NA
2021-05-27 18:00:00,912.2,1499,21.4,60,NA
2021-05-28 00:00:00,NA,1482,15.6,89,NA
2021-05-29 00:00:00,911.1,NA,NA,NA,NA
2021-05-29 12:00:00,920.7,1571,10.8,79,NA
2021-05-29 18:00:00,921.8,1581,15.2,59,NA
2021-05-30 00:00:00,NA,1583,12.6,89,NA
2021-05-31 00:00:00,923,NA,NA,NA,NA
2021-05-31 12:00:00,922.1,1572,6.6,86,NA
2021-05-31 18:00:00,920.3,1569,22.2,48,NA
2021-06-02 00:00:00,911.7,NA,NA,NA,NA
2021-06-02 12:00:00,917.3,1538,10.3,83,NA
2021-06-02 18:00:00,919.5,1565,22.8,54,NA
2021-06-04 00:00:00,915.5,NA,NA,NA,NA
2021-06-04 12:00:00,912.2,1493,10.4,85,NA
2021-06-04 18:00:00,908.7,1472,28,50,NA
2021-06-05 00:00:00,NA,1481,19.4,76,NA
2021-06-06 00:00:00,921.8,NA,NA,NA,NA
2021-06-06 12:00:00,922.1,1586,11.6,93,NA
2021-06-06 18:00:00,917.7,1548,17.4,65,NA
2021-06-07 00:00:00,NA,1543,14.7,86,NA
2021-06-07 18:00:00,917.5,NA,NA,NA,NA
2021-06-08 00:00:00,920.7,NA,NA,NA,NA
2021-06-08 12:00:00,NA,1569,12.5,94,NA
2021-06-08 18:00:00,NA,1549,18.4,65,NA
2021-06-09 00:00:00,NA,1455,15.2,81,NA
2021-06-09 18:00:00,914.6,NA,NA,NA,NA
2021-06-10 00:00:00,918.9,NA,NA,NA,NA
2021-06-10 12:00:00,920.7,1562,7.8,73,NA
2021-06-10 18:00:00,923.5,1599,20.7,57,NA
2021-06-11 00:00:00,NA,1619,15.7,81,NA
2021-06-12 00:00:00,924.9,NA,NA,NA,NA
2021-06-12 12:00:00,921.3,1568,7.2,86,NA
2021-06-12 18:00:00,917.5,1547,24.2,47,NA
2021-06-13 00:00:00,NA,1538,10.5,89,NA
2021-06-13 18:00:00,915.1,NA,NA,NA,NA
2021-06-14 00:00:00,916.3,NA,NA,NA,NA
2021-06-14 12:00:00,919.7,1554,8.4,84,NA
2021-06-14 18:00:00,920.2,1571,23.2,49,NA
2021-06-15 00:00:00,NA,1603,16.5,74,NA
2021-06-16 12:00:00,927.4,1617,5.3,98,NA
2021-06-16 18:00:00,925.7,1596,5.2,97,NA
2021-06-17 00:00:00,NA,1624,4.3,98,NA
2021-06-17 18:00:00,925.3,NA,NA,NA,NA
2021-06-18 00:00:00,926.6,NA,NA,NA,NA
2021-06-18 12:00:00,926.1,1595,2.6,97,NA
2021-06-18 18:00:00,923.1,1569,4.5,94,NA
2021-06-19 00:00:00,NA,1588,4.4,97,NA
2021-06-19 18:00:00,923.3,NA,NA,NA,NA
2021-06-20 00:00:00,925.1,NA,NA,NA,NA
2021-06-20 12:00:00,922.3,1569,5.4,91,NA
2021-06-20 18:00:00,917.5,1535,14.2,57,NA
2021-06-21 00:00:00,NA,1557,8.6,89,NA
2021-06-21 18:00:00,920.1,NA,NA,NA,NA
2021-06-22 00:00:00,921.7,NA,NA,NA,NA
2021-06-22 12:00:00,921,1558,5.2,91,NA
2021-06-22 18:00:00,NA,1535,18.2,54,NA
2021-06-23 00:00:00,NA,1519,8.2,95,NA
2021-06-24 00:00:00,913.5,NA,NA,NA,NA
2021-06-24 12:00:00,921.9,1568,4.4,84,NA
2021-06-24 18:00:00,920.2,1559,16.9,53,NA
2021-06-25 00:00:00,NA,1535,19,37,NA
2021-06-26 00:00:00,912.7,NA,NA,NA,NA
2021-06-26 12:00:00,NA,1540,8.8,90,NA
2021-06-26 18:00:00,NA,1538,15.2,68,NA
2021-06-27 00:00:00,NA,1538,7.5,96,NA
2021-06-28 12:00:00,NA,NA,3.2,96,NA
2021-06-28 18:00:00,NA,1648,13.2,39,NA
2021-06-29 00:00:00,NA,1637,4.6,95,NA
2021-06-30 00:00:00,926.9,NA,NA,NA,NA
2021-06-30 12:00:00,924.7,1583,1.5,98,NA
2021-06-30 18:00:00,922.6,1577,16.5,46,NA
2021-07-01 00:00:00,NA,1543,5.4,91,NA
