2021-01-07 00:00:00,985.1,NA,NA,NA,NA
2021-01-07 12:00:00,989.7,1013.3,21.8,86,NA
2021-01-07 18:00:00,987.1,NA,27,67,NA
2021-01-08 00:00:00,NA,1009.2,26,76,NA
2021-01-08 18:00:00,983.6,NA,NA,NA,NA
2021-01-09 00:00:00,981.1,NA,NA,NA,NA
2021-01-09 12:00:00,984.3,1007.1,28,78,NA
2021-01-09 18:00:00,982.7,NA,27.8,92,NA
2021-01-10 00:00:00,NA,1003.9,28.6,79,NA
2021-01-11 00:00:00,976.3,NA,NA,NA,NA
2021-01-11 12:00:00,982.3,1004.9,30.2,67,NA
2021-01-11 18:00:00,977.6,NA,37.6,43,NA
2021-01-12 00:00:00,NA,1000.5,33.2,59,NA
2021-01-13 00:00:00,986.5,NA,NA,NA,NA
2021-01-13 12:00:00,990.9,1014.3,24.2,83,NA
2021-01-13 18:00:00,988.9,NA,29.4,58,NA
2021-01-14 00:00:00,NA,1009.7,28.4,64,NA
2021-01-14 18:00:00,984.4,NA,NA,NA,NA
2021-01-15 12:00:00,982.3,1004.9,31.2,62,NA
2021-01-15 18:00:00,977.4,NA,38.8,33,NA
2021-01-16 00:00:00,NA,997.3,34,59,NA
2021-01-17 00:00:00,978.9,NA,NA,NA,NA
2021-01-17 12:00:00,989.3,1012.9,19.8,92,NA
2021-01-17 18:00:00,NA,NA,26.2,49,NA
2021-01-18 00:00:00,NA,1012.9,23.6,66,NA
2021-01-19 12:00:00,NA,1012.7,24,58,NA
2021-01-19 18:00:00,NA,NA,33,36,NA
2021-01-20 00:00:00,NA,1009.1,28,55,NA
2021-01-21 12:00:00,NA,1011.3,25.8,60,NA
2021-01-21 18:00:00,NA,NA,35,30,NA
2021-01-22 00:00:00,NA,1009.3,30.4,50,NA
2021-01-23 12:00:00,NA,1010.4,29.2,73,NA
2021-01-23 18:00:00,NA,NA,37.4,33,NA
2021-01-24 00:00:00,NA,1004.8,32.4,56,NA
2021-01-25 12:00:00,NA,1002.4,29,59,NA
2021-01-25 18:00:00,NA,NA,36.5,23,NA
2021-01-26 00:00:00,NA,1005.9,30.4,34,NA
2021-01-26 12:00:00,979.9,NA,28,63,NA
2021-01-26 19:00:00,976.8,NA,34,52,NA
2021-01-27 12:00:00,NA,1011.3,25.8,60,NA
2021-01-27 18:00:00,NA,NA,32,39,NA
2021-01-28 00:00:00,NA,1004.8,29,53,NA
2021-01-29 12:00:00,NA,999.9,26,55,NA
2021-01-29 18:00:00,NA,NA,37,28,NA
2021-01-30 00:00:00,NA,998.8,32,50,NA
2021-01-31 00:00:00,978.1,NA,NA,NA,NA
2021-01-31 12:00:00,986.9,1009.9,23.2,78,NA
2021-01-31 18:00:00,986.9,NA,29.8,55,NA
2021-02-01 00:00:00,982.1,1005.1,28.8,63,NA
2021-02-02 00:00:00,982,NA,NA,NA,NA
2021-02-02 12:00:00,984.7,1008.1,20.8,94,NA
2021-02-02 18:00:00,983.2,NA,23,93,NA
2021-02-03 00:00:00,NA,1009.1,22.6,91,NA
2021-02-04 00:00:00,991.3,NA,NA,NA,NA
2021-02-04 12:00:00,994.1,1017.9,22.2,84,NA
2021-02-04 18:00:00,991.3,NA,34.2,31,NA
2021-02-05 00:00:00,NA,1013.3,27.2,50,NA
2021-02-05 12:00:00,NA,1016,22.4,68,NA
2021-02-05 18:00:00,NA,NA,34.2,28,NA
2021-02-06 00:00:00,987.3,1010.7,28.6,47,NA
2021-02-06 12:00:00,989.6,NA,NA,NA,NA
2021-02-06 18:00:00,986.3,NA,NA,NA,NA
2021-02-08 00:00:00,984.8,NA,NA,NA,NA
2021-02-08 12:00:00,NA,1010.1,25.4,56,NA
2021-02-08 18:00:00,NA,NA,38,25,NA
2021-02-09 00:00:00,NA,1005.5,32,33,NA
2021-02-10 12:00:00,NA,1014.5,19.8,98,NA
2021-02-10 18:00:00,990.9,NA,25.6,69,NA
2021-02-11 00:00:00,987.6,NA,21.8,89,NA
2021-02-11 12:00:00,990.4,NA,20.4,98,NA
2021-02-11 18:00:00,987.2,NA,29.4,55,NA
2021-02-12 12:00:00,NA,1011.1,23.2,80,NA
2021-02-12 18:00:00,985.1,NA,34.2,36,NA
2021-02-13 00:00:00,987.1,NA,29.4,50,NA
2021-02-13 12:00:00,987.2,NA,23.4,81,NA
2021-02-13 18:00:00,984,NA,31.8,54,NA
2021-02-14 12:00:00,NA,1006.7,25.8,76,NA
2021-02-14 18:00:00,NA,NA,36.2,39,NA
2021-02-15 00:00:00,978.4,NA,32.4,48,NA
2021-02-15 12:00:00,986.3,NA,22.8,100,NA
2021-02-15 18:00:00,981.9,NA,33,48,NA
2021-02-16 12:00:00,NA,1001.3,20.8,98,NA
2021-02-16 18:00:00,NA,NA,29.6,56,NA
2021-02-17 00:00:00,985.3,NA,26.8,68,NA
2021-02-17 12:00:00,986.7,NA,23,89,NA
2021-02-17 18:00:00,985.1,NA,34,47,NA
2021-02-18 12:00:00,NA,1008.7,26.8,73,NA
2021-02-18 18:00:00,NA,NA,35.4,43,NA
2021-02-19 00:00:00,982.9,NA,30.2,58,NA
2021-02-19 12:00:00,982.9,NA,27.4,64,NA
2021-02-19 18:00:00,982.4,NA,37,39,NA
2021-02-20 12:00:00,NA,1014.3,21.8,82,NA
2021-02-20 18:00:00,NA,NA,30,50,NA
2021-02-21 00:00:00,986.3,NA,28.4,63,NA
2021-02-21 12:00:00,988,NA,25.8,73,NA
2021-02-21 18:00:00,985.7,NA,35.4,38,NA
2021-02-22 12:00:00,NA,1006.7,27.4,62,NA
2021-02-22 18:00:00,NA,NA,39.8,26,NA
2021-02-23 00:00:00,981.3,NA,33.2,42,NA
2021-02-23 12:00:00,985.3,NA,27.8,28,NA
2021-02-23 18:00:00,983.1,NA,41.6,26,NA
2021-02-24 12:00:00,NA,1010.9,28.2,72,NA
2021-02-24 18:00:00,NA,NA,31.8,58,NA
2021-02-25 00:00:00,982.7,NA,30.2,61,NA
2021-02-25 12:00:00,988.4,NA,24.8,87,NA
2021-02-25 18:00:00,986.4,NA,30,67,NA
2021-02-26 12:00:00,NA,1009.3,24.2,96,NA
2021-02-26 18:00:00,NA,NA,32.4,60,NA
2021-02-27 00:00:00,984.1,NA,29,78,NA
2021-02-27 12:00:00,988,NA,28.2,65,NA
2021-02-27 18:00:00,985.5,NA,37.2,36,NA
2021-02-28 12:00:00,NA,1010.4,28.8,61,NA
2021-02-28 18:00:00,NA,NA,38.8,30,NA
2021-03-01 00:00:00,NA,1004.4,30.4,58,NA
2021-03-02 12:00:00,NA,1008.7,25.6,75,NA
2021-03-02 18:00:00,982.3,NA,34.6,45,NA
2021-03-03 00:00:00,NA,1006.9,25,79,NA
2021-03-04 00:00:00,985.7,NA,NA,NA,NA
2021-03-04 12:00:00,989.5,1013,23.2,75,NA
2021-03-04 18:00:00,974.7,NA,32,45,NA
2021-03-05 00:00:00,NA,1008,28.8,61,NA
2021-03-06 00:00:00,985.5,NA,NA,NA,NA
2021-03-06 12:00:00,986.4,1009.3,23.8,72,NA
2021-03-06 18:00:00,984.5,NA,34,38,NA
2021-03-07 00:00:00,NA,1008.3,28,61,NA
2021-03-08 00:00:00,983.1,NA,NA,NA,NA
2021-03-08 12:00:00,987.1,1010,27.4,60,NA
2021-03-08 18:00:00,984.8,NA,39,27,NA
2021-03-10 00:00:00,984.8,NA,NA,NA,NA
2021-03-10 12:00:00,987.3,1010.8,24.6,61,NA
2021-03-10 18:00:00,983.2,NA,36.6,32,NA
2021-03-11 00:00:00,NA,1004.8,31.2,49,NA
2021-03-12 00:00:00,982.4,NA,NA,NA,NA
2021-03-12 12:00:00,988,1010.9,26.2,74,NA
2021-03-12 18:00:00,984.9,NA,35.2,40,NA
2021-03-13 00:00:00,NA,1007.2,30.4,43,NA
2021-03-14 12:00:00,NA,1012.4,23.2,69,NA
2021-03-14 18:00:00,NA,NA,32,50,NA
2021-03-15 00:00:00,NA,1010.3,28.8,57,NA
2021-03-15 12:00:00,986.9,NA,25,86,NA
2021-03-15 18:00:00,982.1,NA,34,44,NA
2021-03-16 12:00:00,NA,1004,28,72,NA
2021-03-16 18:00:00,NA,NA,35,32,NA
2021-03-17 00:00:00,980.5,NA,31.6,45,NA
2021-03-17 12:00:00,990.3,NA,19.4,92,NA
2021-03-18 12:00:00,NA,1016.8,20,81,NA
2021-03-18 18:00:00,NA,NA,27.8,51,NA
2021-03-19 00:00:00,987.9,NA,24,71,NA
2021-03-19 12:00:00,987.3,NA,22,75,NA
2021-03-19 18:00:00,982.5,NA,29.4,49,NA
2021-03-20 12:00:00,NA,1007.7,23,83,NA
2021-03-20 18:00:00,NA,NA,30.4,59,NA
2021-03-21 00:00:00,987.3,NA,22.2,96,NA
2021-03-21 12:00:00,996.7,NA,18.8,98,NA
2021-03-21 18:00:00,993.9,NA,23.8,72,NA
2021-03-22 12:00:00,NA,1017.4,20.8,93,NA
2021-03-22 18:00:00,NA,NA,25,63,NA
2021-03-23 00:00:00,992.3,NA,23.6,71,NA
2021-03-23 12:00:00,992.7,NA,21.4,80,NA
2021-03-23 18:00:00,989.6,NA,27.8,62,NA
2021-03-24 12:00:00,NA,1012.5,24,85,NA
2021-03-24 18:00:00,NA,NA,33.2,51,NA
2021-03-25 00:00:00,983.7,NA,27.8,67,NA
2021-03-25 12:00:00,985.6,NA,27.2,72,NA
2021-03-25 18:00:00,980.9,NA,36.2,43,NA
2021-03-26 12:00:00,NA,1006.4,28.6,68,NA
2021-03-26 18:00:00,NA,NA,27.6,78,NA
2021-03-27 00:00:00,985.2,NA,22.8,91,NA
2021-03-27 12:00:00,991.5,NA,18.2,93,NA
2021-03-27 18:00:00,992.9,NA,18.8,79,NA
2021-03-28 12:00:00,NA,1018.8,17.8,88,NA
2021-03-28 18:00:00,NA,NA,26.2,45,NA
2021-03-29 00:00:00,990.5,NA,21.6,72,NA
2021-03-29 12:00:00,992.9,NA,20.4,83,NA
2021-03-29 18:00:00,991.1,NA,28.2,42,NA
2021-03-30 12:00:00,NA,1016.4,21.2,76,NA
2021-03-30 18:00:00,NA,NA,28.6,46,NA
2021-03-31 00:00:00,988.5,NA,23.6,70,NA
2021-03-31 12:00:00,990.9,NA,20.8,78,NA
2021-03-31 18:00:00,988.1,NA,27.8,47,NA
2021-04-01 12:00:00,NA,1012.1,20.8,76,NA
2021-04-01 18:00:00,NA,NA,28,46,NA
2021-04-02 00:00:00,988.9,NA,24,67,NA
2021-04-02 12:00:00,991.3,NA,23.4,62,NA
2021-04-02 18:00:00,987.9,NA,31,37,NA
2021-04-03 12:00:00,NA,1014.3,23,74,NA
2021-04-03 18:00:00,NA,NA,31,38,NA
2021-04-04 00:00:00,989.2,NA,27,57,NA
2021-04-04 12:00:00,989.6,NA,24,69,NA
2021-04-04 18:00:00,985.5,NA,26.8,58,NA
2021-04-05 12:00:00,NA,1009.5,24,77,NA
2021-04-05 18:00:00,NA,NA,32,45,NA
2021-04-06 00:00:00,984.9,NA,30,48,NA
2021-04-06 12:00:00,988.1,NA,25.4,82,NA
2021-04-06 18:00:00,984.9,NA,34,51,NA
2021-04-07 12:00:00,NA,1010.5,24,77,NA
2021-04-07 18:00:00,NA,NA,31,38,NA
2021-04-08 00:00:00,NA,1012.5,27,58,NA
2021-04-08 12:00:00,989.6,NA,24,69,NA
2021-04-08 18:00:00,982.1,NA,33,41,NA
2021-04-09 12:00:00,NA,1008.1,26,63,NA
2021-04-09 18:00:00,NA,NA,32,43,NA
2021-04-10 00:00:00,NA,1003.3,30,49,NA
2021-04-11 12:00:00,NA,1018.7,15,91,NA
2021-04-11 18:00:00,NA,NA,19,48,NA
2021-04-11 19:00:00,NA,NA,NA,NA,NA
2021-04-12 00:00:00,NA,1019.6,18.6,74,NA
2021-04-13 12:00:00,995.5,1019.2,19.6,59,NA
2021-04-13 18:00:00,NA,NA,28,35,NA
2021-04-13 19:00:00,990.7,NA,NA,NA,NA
2021-04-14 00:00:00,NA,1009.5,24.2,68,NA
2021-04-15 00:00:00,983.9,NA,NA,NA,NA
2021-04-15 12:00:00,986.9,1010.3,24,61,NA
2021-04-15 18:00:00,982.2,NA,33,41,NA
2021-04-16 00:00:00,NA,1006.5,28,55,NA
2021-04-17 00:00:00,986.9,NA,NA,NA,NA
2021-04-17 12:00:00,990.1,1013.5,23,76,NA
2021-04-17 18:00:00,986.8,NA,30,47,NA
2021-04-18 00:00:00,NA,1011.9,25,63,NA
2021-04-18 18:00:00,983.9,NA,NA,NA,NA
2021-04-19 12:00:00,986,1009.1,23,69,NA
2021-04-19 18:00:00,983.7,NA,32.6,42,NA
2021-04-20 00:00:00,NA,1005.6,27,51,NA
2021-04-20 18:00:00,983.6,NA,NA,NA,NA
2021-04-21 00:00:00,982.4,NA,NA,NA,NA
2021-04-21 12:00:00,988,1011.3,26,64,NA
2021-04-21 18:00:00,983.5,NA,34.2,37,NA
2021-04-22 00:00:00,NA,1003.9,28.4,56,NA
2021-04-23 00:00:00,984.5,NA,NA,NA,NA
2021-04-23 12:00:00,NA,1011.2,22,84,NA
2021-04-23 18:00:00,NA,NA,27,64,NA
2021-04-24 00:00:00,NA,1013.6,23,95,NA
2021-04-25 12:00:00,NA,1014.5,17,82,NA
2021-04-25 18:00:00,NA,NA,25,56,NA
2021-04-26 00:00:00,NA,1011.5,18,73,NA
2021-04-27 12:00:00,NA,1019.2,12.8,81,NA
2021-04-27 18:00:00,NA,NA,26,54,NA
2021-04-28 00:00:00,990.9,NA,18,61,NA
2021-04-28 12:00:00,991.1,NA,16,66,NA
2021-04-28 18:00:00,988.9,NA,27,51,NA
2021-04-29 12:00:00,NA,1013.3,15,72,NA
2021-04-29 18:00:00,NA,NA,27,64,NA
2021-04-30 00:00:00,990.5,NA,18,57,NA
2021-04-30 12:00:00,995.1,NA,13.6,75,NA
2021-04-30 18:00:00,989.3,NA,27.4,53,NA
2021-05-01 12:00:00,NA,1013.6,16.2,77,NA
2021-05-01 18:00:00,987.9,NA,31,37,NA
2021-05-02 00:00:00,985.2,NA,24,61,NA
2021-05-02 12:00:00,987.9,NA,20.2,81,NA
2021-05-02 18:00:00,983.6,NA,32.6,50,NA
2021-05-03 12:00:00,NA,1006.9,24,72,NA
2021-05-03 18:00:00,NA,NA,33.6,36,NA
2021-05-04 00:00:00,979.9,NA,27,71,NA
2021-05-04 12:00:00,986.9,NA,24,69,NA
2021-05-04 18:00:00,991.2,NA,17.6,58,NA
2021-05-05 12:00:00,NA,1020.7,11,88,NA
2021-05-05 18:00:00,NA,NA,13,58,NA
2021-05-06 00:00:00,997.2,NA,12,68,NA
2021-05-06 12:00:00,995.6,NA,13,70,NA
2021-05-06 18:00:00,994,NA,19,40,NA
2021-05-07 12:00:00,NA,1024.9,8.2,86,NA
2021-05-07 18:00:00,NA,NA,19,49,NA
2021-05-08 00:00:00,993.5,NA,15,66,NA
2021-05-08 12:00:00,998.4,NA,8.4,83,NA
2021-05-08 18:00:00,980.1,NA,24,39,NA
2021-05-09 12:00:00,NA,1017.7,17.6,77,NA
2021-05-09 18:00:00,NA,NA,21.4,71,NA
2021-05-10 00:00:00,992.9,NA,20,78,NA
2021-05-10 12:00:00,996.1,NA,16.6,95,NA
2021-05-10 18:00:00,994.8,NA,17.6,98,NA
2021-05-11 12:00:00,NA,1022.5,15,81,NA
2021-05-11 19:00:00,994.8,NA,20,65,NA
2021-05-12 00:00:00,997.5,NA,17.4,80,NA
2021-05-12 12:00:00,999.3,NA,12.4,93,NA
2021-05-12 18:00:00,995.6,NA,22.8,45,NA
2021-05-13 12:00:00,NA,1019.2,9,82,NA
2021-05-13 18:00:00,990.8,NA,23,60,NA
2021-05-14 00:00:00,993.5,NA,18,64,NA
2021-05-14 12:00:00,994.4,NA,10.2,82,NA
2021-05-14 18:00:00,988.7,NA,25,55,NA
2021-05-15 12:00:00,NA,1016.7,13,79,NA
2021-05-15 18:00:00,NA,NA,28.6,50,NA
2021-05-16 00:00:00,989.7,NA,22.8,71,NA
2021-05-16 12:00:00,992.3,NA,19.2,85,NA
2021-05-16 18:00:00,990.4,NA,28.4,57,NA
2021-05-17 12:00:00,NA,1018,20,95,NA
2021-05-17 18:00:00,NA,NA,21.2,93,NA
2021-05-18 00:00:00,993.9,NA,20,98,NA
2021-05-18 12:00:00,992.4,NA,19.8,85,NA
2021-05-18 18:00:00,990.7,NA,28,34,NA
2021-05-19 12:00:00,NA,1008.9,20.2,84,NA
2021-05-19 18:00:00,NA,NA,33,38,NA
2021-05-20 00:00:00,982.4,NA,24.8,71,NA
2021-05-20 12:00:00,982.4,NA,19,88,NA
2021-05-20 19:00:00,981,NA,27.4,59,NA
2021-05-21 12:00:00,NA,1003.5,19.2,91,NA
2021-05-21 18:00:00,NA,NA,29.4,54,NA
2021-05-22 00:00:00,986,NA,22.4,66,NA
2021-05-22 12:00:00,994.7,NA,17,44,NA
2021-05-22 18:00:00,990.8,NA,23,60,NA
2021-05-23 12:00:00,NA,1023.7,8.2,76,NA
2021-05-23 18:00:00,NA,NA,23,27,NA
2021-05-24 00:00:00,NA,1020.7,13.4,60,NA
2021-05-25 12:00:00,NA,1017.3,9.4,77,NA
2021-05-25 18:00:00,NA,NA,26,35,NA
2021-05-26 00:00:00,NA,1018.4,16.6,70,NA
2021-05-27 12:00:00,989.1,1013.1,13.4,87,NA
2021-05-27 18:00:00,982.7,NA,26.6,51,NA
2021-05-28 00:00:00,NA,1005.5,21.6,77,NA
2021-05-29 00:00:00,976.4,NA,NA,NA,NA
2021-05-29 12:00:00,989.3,1012.9,16.4,82,NA
2021-05-29 18:00:00,989.7,NA,22.8,53,NA
2021-05-30 00:00:00,NA,1017.1,18,56,NA
2021-05-31 00:00:00,992,NA,NA,NA,NA
2021-05-31 12:00:00,995.6,1020.5,9.8,88,NA
2021-05-31 18:00:00,992.4,NA,25.4,35,NA
2021-06-01 00:00:00,NA,1015.2,16,60,NA
2021-06-02 00:00:00,981.2,NA,NA,NA,NA
2021-06-02 12:00:00,986.9,1010.9,15.4,83,NA
2021-06-02 18:00:00,986.5,NA,24.8,53,NA
2021-06-03 00:00:00,NA,1014,21.6,58,NA
2021-06-04 00:00:00,985.9,NA,NA,NA,NA
2021-06-04 12:00:00,983.9,1007.2,22,76,NA
2021-06-04 18:00:00,978.1,NA,32,33,NA
2021-06-05 00:00:00,NA,1003.2,29,34,NA
2021-06-06 00:00:00,988.8,NA,NA,NA,NA
2021-06-06 12:00:00,992.9,1016.5,17,86,NA
2021-06-06 18:00:00,988.9,NA,20.2,66,NA
2021-06-07 00:00:00,NA,1013.5,19,76,NA
2021-06-07 18:00:00,988.1,NA,NA,NA,NA
2021-06-08 00:00:00,991.3,NA,NA,NA,NA
2021-06-08 12:00:00,NA,1016.3,17.2,90,NA
2021-06-08 18:00:00,NA,NA,23,61,NA
2021-06-09 00:00:00,NA,1014.1,19.2,81,NA
2021-06-09 18:00:00,988.7,NA,NA,NA,NA
2021-06-10 00:00:00,990.1,NA,NA,NA,NA
2021-06-10 12:00:00,992.9,1016.9,14.4,85,NA
2021-06-10 18:00:00,994.4,NA,23.6,62,NA
2021-06-11 00:00:00,NA,1020.8,21.6,68,NA
2021-06-12 00:00:00,996.9,NA,NA,NA,NA
2021-06-12 12:00:00,995.9,1020.9,11.8,88,NA
2021-06-12 18:00:00,991.3,NA,25.8,37,NA
2021-06-13 00:00:00,NA,1015.1,17.2,53,NA
2021-06-13 18:00:00,987.3,NA,NA,NA,NA
2021-06-14 00:00:00,989.1,NA,NA,NA,NA
2021-06-14 01:00:00,NA,NA,NA,NA,NA
2021-06-14 12:00:00,989.7,1014,16,71,NA
2021-06-14 18:00:00,989.1,NA,28.8,45,NA
2021-06-15 00:00:00,NA,1016.7,22.8,61,NA
2021-06-16 12:00:00,1000.8,1025.5,10.4,86,NA
2021-06-16 18:00:00,999.5,NA,9.2,85,NA
2021-06-17 00:00:00,NA,1027.3,8,92,NA
2021-06-18 00:00:00,999.9,NA,NA,NA,NA
2021-06-18 12:00:00,1001.2,1026,9.4,71,NA
2021-06-18 18:00:00,995.6,NA,14,59,NA
2021-06-19 00:00:00,NA,1022.9,12,67,NA
2021-06-20 00:00:00,998.4,NA,NA,NA,NA
2021-06-20 12:00:00,998,1022.9,2.2,89,NA
2021-06-20 18:00:00,992.3,NA,16.8,43,NA
2021-06-21 00:00:00,NA,1017.7,13,69,NA
2021-06-21 18:00:00,994,NA,NA,NA,NA
2021-06-22 00:00:00,994,NA,NA,NA,NA
2021-06-22 12:00:00,996.1,1020.8,8,76,NA
2021-06-22 18:00:00,NA,NA,19,41,NA
2021-06-23 00:00:00,NA,1014.5,15,71,NA
2021-06-24 00:00:00,995.7,NA,NA,NA,NA
2021-06-24 12:00:00,994.9,1018.8,14,69,NA
2021-06-24 18:00:00,993.5,NA,21,51,NA
2021-06-24 19:00:00,993.5,NA,NA,NA,NA
2021-06-25 00:00:00,NA,1017.1,16,62,NA
2021-06-25 18:00:00,993.6,NA,NA,NA,NA
2021-06-26 00:00:00,989.6,NA,NA,NA,NA
2021-06-26 12:00:00,NA,1008.4,17.6,80,NA
2021-06-26 18:00:00,NA,NA,17.8,79,NA
2021-06-27 00:00:00,NA,1018.4,15.4,69,NA
2021-06-28 12:00:00,NA,1034.1,7.4,59,NA
2021-06-28 18:00:00,NA,NA,16.6,31,NA
2021-06-29 00:00:00,NA,1022.1,8.2,68,NA
2021-06-29 18:00:00,1003.9,NA,NA,NA,NA
2021-06-30 12:00:00,1000.9,1026.3,2.8,66,NA
2021-06-30 18:00:00,997.2,NA,20.6,23,NA
2021-07-01 00:00:00,NA,1019.5,10.8,50,NA
