2021-01-07 00:00:00,995.7,NA,NA,NA,NA
2021-01-07 09:00:00,996.1,1010.8,21.8,86,NA
2021-01-07 10:00:00,996.9,1011.8,21.9,87,NA
2021-01-07 11:00:00,997,1011.9,23.6,82,NA
2021-01-07 12:00:00,997.4,1012.3,26.1,74,NA
2021-01-07 13:00:00,998.1,1013,27,73,NA
2021-01-07 14:00:00,998.6,1013.6,27.8,73,NA
2021-01-07 15:00:00,998.4,1013.3,29.1,67,NA
2021-01-07 16:00:00,997.6,1012.4,31.6,58,NA
2021-01-07 17:00:00,996.4,1011.1,31,60,NA
2021-01-07 18:00:00,995.8,1010.7,30.6,61,NA
2021-01-07 19:00:00,995.4,1010.3,31.2,59,NA
2021-01-07 20:00:00,994.5,1009.3,30.1,61,NA
2021-01-07 21:00:00,993.7,1008.5,31,59,NA
2021-01-07 22:00:00,993.8,1008.7,29.8,64,NA
2021-01-07 23:00:00,994.1,1008.8,28.6,68,NA
2021-01-08 00:00:00,NA,1009.4,26.9,79,NA
2021-01-09 00:00:00,992,NA,NA,NA,NA
2021-01-09 09:00:00,991,1005.7,23.4,91,NA
2021-01-09 10:00:00,991.2,1005.9,23.2,93,NA
2021-01-09 11:00:00,992,1006.6,25.2,87,NA
2021-01-09 12:00:00,993.7,1008.4,27.6,79,NA
2021-01-09 13:00:00,994.4,1009,29.8,69,NA
2021-01-09 14:00:00,994.1,1008.6,31.4,63,NA
2021-01-09 15:00:00,993.3,1007.9,31.3,70,NA
2021-01-09 16:00:00,992.6,1007.3,31.2,65,NA
2021-01-09 17:00:00,993.2,1008.1,25.6,89,NA
2021-01-09 18:00:00,992.5,1007.4,27.4,85,NA
2021-01-09 19:00:00,992,1006.8,28.2,79,NA
2021-01-09 20:00:00,990.4,1005.2,30.2,72,NA
2021-01-09 21:00:00,990,1004.7,31.2,64,NA
2021-01-09 22:00:00,990.8,1005.5,30.8,66,NA
2021-01-09 23:00:00,991.3,1006,29.2,78,NA
2021-01-10 00:00:00,NA,1006.5,28.2,82,NA
2021-01-11 00:00:00,988.4,NA,NA,NA,NA
2021-01-11 09:00:00,990,1004.5,26.8,81,NA
2021-01-11 10:00:00,990.2,1004.8,26.4,83,NA
2021-01-11 11:00:00,991,1005.5,28,78,NA
2021-01-11 12:00:00,991.6,1006.1,30.2,68,NA
2021-01-11 13:00:00,991.2,1005.6,33,57,NA
2021-01-11 14:00:00,990.9,1005.3,35.2,49,NA
2021-01-11 15:00:00,990.5,1004.9,36.8,44,NA
2021-01-11 16:00:00,989.7,1004,38.2,35,NA
2021-01-11 17:00:00,988.8,1003.2,39.2,31,NA
2021-01-11 18:00:00,988.4,1002.7,39.6,30,NA
2021-01-11 19:00:00,987.3,1001.6,40.4,28,NA
2021-01-11 20:00:00,987,1001.4,39.6,30,NA
2021-01-11 21:00:00,986.6,1001,38.6,33,NA
2021-01-11 22:00:00,986.8,1001.2,37.2,37,NA
2021-01-11 23:00:00,987.2,1001.6,34.6,44,NA
2021-01-12 00:00:00,NA,1002.3,33,50,NA
2021-01-13 00:00:00,996.1,NA,NA,NA,NA
2021-01-13 09:00:00,997.7,1012.6,23.2,76,NA
2021-01-13 10:00:00,998.2,1013.1,23,78,NA
2021-01-13 11:00:00,998.9,1013.8,23.6,79,NA
2021-01-13 12:00:00,999.3,1014.2,24.6,74,NA
2021-01-13 13:00:00,999.2,1014.1,26.6,66,NA
2021-01-13 14:00:00,999.3,1014.2,28.2,62,NA
2021-01-13 15:00:00,999,1013.9,29.5,58,NA
2021-01-13 16:00:00,998.6,1013.4,31,56,NA
2021-01-13 17:00:00,998.2,1013.1,31.4,54,NA
2021-01-13 18:00:00,997,1011.8,32.5,53,NA
2021-01-13 19:00:00,996.1,1010.8,32.6,53,NA
2021-01-13 20:00:00,995.3,1010,33.3,50,NA
2021-01-13 21:00:00,994.5,1009.2,32.4,53,NA
2021-01-13 22:00:00,994.2,1009,32.2,54,NA
2021-01-13 23:00:00,994.5,1009.3,30.4,60,NA
2021-01-14 00:00:00,NA,1010.1,29,67,NA
2021-01-15 00:00:00,992,NA,NA,NA,NA
2021-01-15 09:00:00,991.7,1006.3,25.2,87,NA
2021-01-15 10:00:00,991.8,1006.5,25,87,NA
2021-01-15 11:00:00,992.2,1006.8,27.6,79,NA
2021-01-15 12:00:00,992,1006.6,30.7,66,NA
2021-01-15 13:00:00,991.8,1006.4,32.4,60,NA
2021-01-15 14:00:00,991.6,1006.1,34.3,54,NA
2021-01-15 15:00:00,990.1,1004.6,35.6,49,NA
2021-01-15 16:00:00,989.2,1003.6,36.4,45,NA
2021-01-15 17:00:00,989.2,1003.7,37.4,41,NA
2021-01-15 18:00:00,987.7,1002.1,38.6,37,NA
2021-01-15 19:00:00,987.4,1001.9,39,35,NA
2021-01-15 20:00:00,985.6,1000,38.4,36,NA
2021-01-15 21:00:00,984.6,999,38.8,38,NA
2021-01-15 22:00:00,984.5,999,37,40,NA
2021-01-15 23:00:00,985,999.5,35.2,44,NA
2021-01-16 00:00:00,NA,1000.5,33.6,50,NA
2021-01-17 00:00:00,987.2,NA,NA,NA,NA
2021-01-17 09:00:00,992.2,1006.8,21.2,95,NA
2021-01-17 10:00:00,993,1007.7,21,95,NA
2021-01-17 11:00:00,994.4,1009.2,21.2,95,NA
2021-01-17 12:00:00,996.2,1011.2,21.4,93,NA
2021-01-17 13:00:00,997,1012,21.4,95,NA
2021-01-17 14:00:00,997.2,1012.1,20.4,92,NA
2021-01-17 15:00:00,997.3,1012.3,20,87,NA
2021-01-17 16:00:00,996.9,1011.9,21,75,NA
2021-01-17 17:00:00,NA,1011.5,21.6,68,NA
2021-01-17 18:00:00,NA,1011.5,23.2,60,NA
2021-01-17 19:00:00,NA,1011.1,24,60,NA
2021-01-17 20:00:00,NA,1010.8,23.8,52,NA
2021-01-17 21:00:00,NA,1010.9,24,52,NA
2021-01-17 22:00:00,NA,1010.9,24,58,NA
2021-01-17 23:00:00,NA,1011,23,66,NA
2021-01-18 00:00:00,NA,1012.4,21.4,79,NA
2021-01-19 09:00:00,NA,1013.6,17,76,NA
2021-01-19 10:00:00,NA,1013.9,16.8,78,NA
2021-01-19 11:00:00,NA,1014.1,20.4,68,NA
2021-01-19 12:00:00,NA,1014.4,23.2,61,NA
2021-01-19 13:00:00,NA,1014.7,25.8,52,NA
2021-01-19 14:00:00,NA,1014.5,27.4,43,NA
2021-01-19 15:00:00,NA,1014,28.8,36,NA
2021-01-19 16:00:00,NA,1013.4,29.5,36,NA
2021-01-19 17:00:00,NA,1012.7,31,35,NA
2021-01-19 18:00:00,NA,1011.8,31.4,30,NA
2021-01-19 19:00:00,NA,1011.3,32.2,28,NA
2021-01-19 20:00:00,NA,1010.2,31.8,27,NA
2021-01-19 21:00:00,NA,1010,32,28,NA
2021-01-19 22:00:00,NA,1010,31,30,NA
2021-01-19 23:00:00,NA,1010.4,29,42,NA
2021-01-20 00:00:00,NA,1011,25.6,61,NA
2021-01-21 09:00:00,NA,1011.1,23,81,NA
2021-01-21 10:00:00,NA,1011.8,22.4,84,NA
2021-01-21 11:00:00,NA,1012.4,24.8,78,NA
2021-01-21 12:00:00,NA,1012.6,27.4,70,NA
2021-01-21 13:00:00,NA,1012.9,29.2,65,NA
2021-01-21 14:00:00,NA,1012.8,31,57,NA
2021-01-21 15:00:00,NA,1012.3,32.4,45,NA
2021-01-21 16:00:00,NA,1011.3,33.6,40,NA
2021-01-21 17:00:00,NA,1011.6,34.2,38,NA
2021-01-21 18:00:00,NA,1011.3,34.2,37,NA
2021-01-21 19:00:00,NA,1010.3,34.8,35,NA
2021-01-21 20:00:00,NA,1009.4,34.8,33,NA
2021-01-21 21:00:00,NA,1008.9,35.2,35,NA
2021-01-21 22:00:00,NA,1009,34.4,36,NA
2021-01-21 23:00:00,NA,1010.1,31.4,45,NA
2021-01-22 00:00:00,NA,1010.7,30,59,NA
2021-01-23 09:00:00,NA,1012.8,22.8,93,NA
2021-01-23 10:00:00,NA,1013.1,23,91,NA
2021-01-23 11:00:00,NA,1013.2,25,87,NA
2021-01-23 12:00:00,NA,1013.4,28,78,NA
2021-01-23 13:00:00,NA,1013.7,30.4,67,NA
2021-01-23 14:00:00,NA,1013.1,32.8,58,NA
2021-01-23 15:00:00,NA,1012.4,32.4,56,NA
2021-01-23 16:00:00,NA,1011.3,33.6,52,NA
2021-01-23 17:00:00,NA,1010,35.1,45,NA
2021-01-23 18:00:00,NA,1008.9,34.6,47,NA
2021-01-23 19:00:00,NA,1007.8,35.2,46,NA
2021-01-23 20:00:00,NA,1007,35.3,43,NA
2021-01-23 21:00:00,NA,1006.5,35.8,42,NA
2021-01-23 22:00:00,NA,1007.1,32.2,60,NA
2021-01-23 23:00:00,NA,1007.8,29.4,65,NA
2021-01-24 00:00:00,NA,1008.3,27.6,72,NA
2021-01-25 09:00:00,NA,1005.7,25,89,NA
2021-01-25 10:00:00,NA,1006.1,24.8,90,NA
2021-01-25 11:00:00,NA,1006.3,26.3,83,NA
2021-01-25 12:00:00,NA,1006.7,28.4,72,NA
2021-01-25 13:00:00,NA,1006.7,31,61,NA
2021-01-25 14:00:00,NA,1006.4,31,57,NA
2021-01-25 15:00:00,NA,1005.5,34.8,46,NA
2021-01-25 16:00:00,NA,1004.9,36.4,43,NA
2021-01-25 17:00:00,NA,1003.9,36,40,NA
2021-01-25 18:00:00,NA,1002.8,35.6,41,NA
2021-01-25 19:00:00,NA,1001.4,36.5,39,NA
2021-01-25 20:00:00,NA,1000.4,37.3,39,NA
2021-01-25 21:00:00,NA,999.7,37.2,38,NA
2021-01-25 22:00:00,NA,998.9,36.6,41,NA
2021-01-25 23:00:00,NA,1000,34.2,45,NA
2021-01-26 00:00:00,NA,1001.6,32.2,53,NA
2021-01-26 15:00:00,989.7,NA,29.2,70,NA
2021-01-26 16:00:00,989.4,NA,29,74,NA
2021-01-26 17:00:00,988.5,NA,27.6,87,NA
2021-01-26 18:00:00,988.1,NA,29.6,75,NA
2021-01-26 19:00:00,988,NA,25,91,NA
2021-01-26 20:00:00,987.3,NA,23.6,94,NA
2021-01-27 09:00:00,NA,1006.5,23.5,96,NA
2021-01-27 10:00:00,NA,1006.8,23.4,96,NA
2021-01-27 11:00:00,NA,1007.2,24,95,NA
2021-01-27 12:00:00,NA,1007.4,25,87,NA
2021-01-27 13:00:00,NA,1008,27,73,NA
2021-01-27 14:00:00,NA,1008.3,28,67,NA
2021-01-27 15:00:00,NA,1007.9,28.6,67,NA
2021-01-27 16:00:00,NA,1007,30,62,NA
2021-01-27 17:00:00,NA,1006.9,30.6,56,NA
2021-01-27 18:00:00,NA,1006.2,31.8,53,NA
2021-01-27 19:00:00,NA,1005.1,32.4,50,NA
2021-01-27 20:00:00,NA,1004,32.8,51,NA
2021-01-27 21:00:00,NA,1003.7,32.4,50,NA
2021-01-27 22:00:00,NA,1003.5,31.6,53,NA
2021-01-27 23:00:00,NA,1003.8,30,60,NA
2021-01-28 00:00:00,NA,1004.6,28.4,68,NA
2021-01-29 09:00:00,NA,1002.6,24.6,85,NA
2021-01-29 10:00:00,NA,1003.1,24.2,85,NA
2021-01-29 11:00:00,NA,1003.5,25.8,76,NA
2021-01-29 12:00:00,NA,1003.9,27.6,68,NA
2021-01-29 13:00:00,NA,1003.7,29.4,63,NA
2021-01-29 14:00:00,NA,1003.5,31.2,56,NA
2021-01-29 15:00:00,NA,1003.5,32.6,57,NA
2021-01-29 16:00:00,NA,1003,33.4,51,NA
2021-01-29 17:00:00,NA,1002.8,34.5,51,NA
2021-01-29 18:00:00,NA,1002.5,34.3,49,NA
2021-01-29 19:00:00,NA,1001.4,35.2,46,NA
2021-01-29 20:00:00,NA,1000.5,35.4,46,NA
2021-01-29 21:00:00,NA,1000.1,35,45,NA
2021-01-29 22:00:00,NA,1000.6,33.6,52,NA
2021-01-29 23:00:00,NA,1000.3,32,54,NA
2021-01-30 00:00:00,NA,1001.9,30.5,61,NA
2021-01-31 00:00:00,990.6,NA,NA,NA,NA
2021-01-31 09:00:00,992.5,1007.2,22.5,94,NA
2021-01-31 10:00:00,993.6,1008.4,22.5,94,NA
2021-01-31 11:00:00,994.4,1009.2,23,88,NA
2021-01-31 12:00:00,994.9,1009.8,23.4,88,NA
2021-01-31 13:00:00,995.6,1010.5,23.8,85,NA
2021-01-31 14:00:00,995.4,1010.3,25.8,76,NA
2021-01-31 15:00:00,994.9,1009.8,26.3,75,NA
2021-01-31 16:00:00,994.6,1009.5,27.2,73,NA
2021-01-31 17:00:00,993.8,1008.6,27.4,74,NA
2021-01-31 18:00:00,992.9,1007.6,28.4,73,NA
2021-01-31 19:00:00,991.7,1006.4,28.8,68,NA
2021-01-31 20:00:00,991,1005.7,30,64,NA
2021-01-31 21:00:00,990.1,1004.9,30.5,61,NA
2021-01-31 22:00:00,989.8,1004.6,30.3,65,NA
2021-01-31 23:00:00,990.4,1005.1,29.2,71,NA
2021-02-01 00:00:00,991.3,1006.1,27.4,80,NA
2021-02-02 00:00:00,990.6,NA,NA,NA,NA
2021-02-02 09:00:00,990.9,1005.7,23.8,96,NA
2021-02-02 10:00:00,991.2,1006,23.8,96,NA
2021-02-02 11:00:00,991.8,1006.7,24,98,NA
2021-02-02 12:00:00,992.5,1007.3,24.7,94,NA
2021-02-02 13:00:00,993.3,1008.1,25.3,93,NA
2021-02-02 14:00:00,993.4,1008.2,26.8,89,NA
2021-02-02 15:00:00,993.3,1008.1,27.6,82,NA
2021-02-02 16:00:00,992.8,1007.5,29.3,77,NA
2021-02-02 17:00:00,NA,1007.2,30.8,72,NA
2021-02-02 18:00:00,NA,1006.5,31.8,65,NA
2021-02-02 19:00:00,991.3,1006.1,32,65,NA
2021-02-02 20:00:00,990.9,1005.6,32.4,61,NA
2021-02-02 21:00:00,990.6,1005.4,32.2,62,NA
2021-02-02 22:00:00,991,1005.8,30.6,70,NA
2021-02-02 23:00:00,991.4,1006.3,28.4,78,NA
2021-02-03 00:00:00,NA,1007.2,27.8,80,NA
2021-02-04 00:00:00,999.4,NA,NA,NA,NA
2021-02-04 09:00:00,1000.8,1015.9,20.4,95,NA
2021-02-04 10:00:00,1002.1,1017.3,20.6,93,NA
2021-02-04 11:00:00,1002.6,1017.8,21,91,NA
2021-02-04 12:00:00,1003.6,1018.8,22,84,NA
2021-02-04 13:00:00,1003.4,1018.6,24.2,76,NA
2021-02-04 14:00:00,1003.3,1018.4,26,64,NA
2021-02-04 15:00:00,1003.2,1018.2,27.4,58,NA
2021-02-04 16:00:00,1002.8,1017.8,28.2,53,NA
2021-02-04 17:00:00,1001.4,1016.4,29.6,50,NA
2021-02-04 18:00:00,1000.6,1015.6,29.7,49,NA
2021-02-04 19:00:00,1000,1014.9,29.8,45,NA
2021-02-04 20:00:00,998.9,1013.8,30.5,45,NA
2021-02-04 21:00:00,998.5,1013.5,29.2,48,NA
2021-02-04 22:00:00,998.1,1013,28.8,48,NA
2021-02-04 23:00:00,998.2,1013.2,27,56,NA
2021-02-05 00:00:00,NA,1013.9,25.2,63,NA
2021-02-05 09:00:00,NA,1014.7,18.8,87,NA
2021-02-05 10:00:00,NA,1015.1,18.6,87,NA
2021-02-05 11:00:00,NA,1015.2,20.2,80,NA
2021-02-05 12:00:00,NA,1015.5,23.8,68,NA
2021-02-05 13:00:00,NA,1015.6,26.4,60,NA
2021-02-05 14:00:00,NA,1015,27.6,51,NA
2021-02-05 15:00:00,NA,1014.4,28.4,43,NA
2021-02-05 16:00:00,NA,1013.7,29,42,NA
2021-02-05 17:00:00,NA,1013.5,30.2,42,NA
2021-02-05 18:00:00,NA,1012.8,30,40,NA
2021-02-05 19:00:00,NA,1012.2,30.4,40,NA
2021-02-05 20:00:00,NA,1011.3,30.4,40,NA
2021-02-05 21:00:00,NA,1011,29.6,40,NA
2021-02-05 22:00:00,NA,1011,29.2,42,NA
2021-02-05 23:00:00,NA,1011.3,27,54,NA
2021-02-06 00:00:00,997,1012,24.8,61,NA
2021-02-06 09:00:00,997.4,NA,NA,NA,NA
2021-02-06 10:00:00,998.1,NA,NA,NA,NA
2021-02-06 11:00:00,998.5,NA,NA,NA,NA
2021-02-06 12:00:00,998.6,NA,NA,NA,NA
2021-02-06 13:00:00,999.3,NA,NA,NA,NA
2021-02-06 14:00:00,999.3,NA,NA,NA,NA
2021-02-06 15:00:00,998.9,NA,NA,NA,NA
2021-02-06 16:00:00,998.5,NA,NA,NA,NA
2021-02-06 17:00:00,997.8,NA,NA,NA,NA
2021-02-06 18:00:00,997,NA,NA,NA,NA
2021-02-06 19:00:00,996.1,NA,NA,NA,NA
2021-02-06 20:00:00,995.6,NA,NA,NA,NA
2021-02-06 21:00:00,995.4,NA,NA,NA,NA
2021-02-06 22:00:00,995.4,NA,NA,NA,NA
2021-02-06 23:00:00,995.4,NA,NA,NA,NA
2021-02-08 00:00:00,995.6,NA,NA,NA,NA
2021-02-08 09:00:00,NA,1010.2,17.8,88,NA
2021-02-08 10:00:00,NA,1011.1,17.4,90,NA
2021-02-08 11:00:00,NA,1012.1,19.2,87,NA
2021-02-08 12:00:00,NA,1012.8,23.6,75,NA
2021-02-08 13:00:00,NA,1012.7,27.2,62,NA
2021-02-08 14:00:00,NA,1012.5,29.2,48,NA
2021-02-08 15:00:00,NA,1011.7,30.6,42,NA
2021-02-08 16:00:00,NA,1010.9,31.8,39,NA
2021-02-08 17:00:00,NA,1011.1,32.8,38,NA
2021-02-08 18:00:00,NA,1009.7,33.4,33,NA
2021-02-08 19:00:00,NA,1008.9,34,30,NA
2021-02-08 20:00:00,NA,1008,34.4,34,NA
2021-02-08 21:00:00,NA,1007.6,33.8,33,NA
2021-02-08 22:00:00,NA,1007.9,32.6,36,NA
2021-02-08 23:00:00,NA,1008.6,29.4,45,NA
2021-02-09 00:00:00,NA,1009.5,27.2,54,NA
2021-02-10 09:00:00,NA,1014.4,20,92,NA
2021-02-10 10:00:00,NA,1014.9,19.6,92,NA
2021-02-10 11:00:00,NA,1015.7,19.8,91,NA
2021-02-10 12:00:00,NA,1016.3,20.4,89,NA
2021-02-10 13:00:00,NA,1016.3,21.2,86,NA
2021-02-10 14:00:00,NA,1016.4,22,84,NA
2021-02-10 15:00:00,NA,1016.7,23.2,78,NA
2021-02-10 16:00:00,NA,1016.2,23.6,72,NA
2021-02-10 17:00:00,NA,1015.5,23.8,75,NA
2021-02-10 18:00:00,NA,1014.8,25,69,NA
2021-02-10 19:00:00,NA,1013.9,25.4,68,NA
2021-02-10 20:00:00,NA,1013.1,25.6,67,NA
2021-02-10 21:00:00,NA,1012.6,26.2,67,NA
2021-02-10 22:00:00,NA,1012.3,25.7,68,NA
2021-02-10 23:00:00,NA,1012.6,24.2,76,NA
2021-02-11 00:00:00,997.7,NA,22.8,77,NA
2021-02-11 09:00:00,997.3,NA,18.2,92,NA
2021-02-11 10:00:00,997.6,NA,18.2,92,NA
2021-02-11 11:00:00,997.8,NA,19.4,88,NA
2021-02-11 12:00:00,998.5,NA,22.4,81,NA
2021-02-11 13:00:00,998.6,NA,25.2,71,NA
2021-02-11 14:00:00,998.6,NA,26.4,63,NA
2021-02-11 15:00:00,998.6,NA,28.2,55,NA
2021-02-11 16:00:00,997.7,NA,29.2,51,NA
2021-02-11 17:00:00,997.6,NA,29,50,NA
2021-02-11 18:00:00,997,NA,29.6,51,NA
2021-02-11 20:00:00,995,NA,30.2,47,NA
2021-02-11 21:00:00,995,NA,29.4,54,NA
2021-02-11 22:00:00,996,NA,24.2,77,NA
2021-02-11 23:00:00,996.2,NA,24,76,NA
2021-02-12 09:00:00,NA,1011.3,18.6,94,NA
2021-02-12 10:00:00,NA,1011.6,18.8,94,NA
2021-02-12 11:00:00,NA,1012.1,20.2,89,NA
2021-02-12 12:00:00,NA,1012.3,23,81,NA
2021-02-12 13:00:00,NA,1012.6,26,69,NA
2021-02-12 14:00:00,NA,1012.7,28.2,60,NA
2021-02-12 15:00:00,NA,1012.3,29,53,NA
2021-02-12 16:00:00,NA,1011.9,29.7,49,NA
2021-02-12 17:00:00,NA,1011.6,31.4,43,NA
2021-02-12 18:00:00,NA,1010.8,31.8,41,NA
2021-02-12 19:00:00,NA,1009.7,32.8,43,NA
2021-02-12 20:00:00,NA,1008.9,32,41,NA
2021-02-12 21:00:00,NA,1008.4,31.4,40,NA
2021-02-12 22:00:00,NA,1008.4,31,44,NA
2021-02-12 23:00:00,NA,1008.8,28.6,52,NA
2021-02-13 00:00:00,994.2,NA,26.6,57,NA
2021-02-13 09:00:00,995.4,NA,21.2,84,NA
2021-02-13 10:00:00,996,NA,20.8,85,NA
2021-02-13 11:00:00,996.4,NA,23,82,NA
2021-02-13 12:00:00,997.2,NA,25.2,76,NA
2021-02-13 13:00:00,997.2,NA,26,74,NA
2021-02-13 14:00:00,997.7,NA,26.4,70,NA
2021-02-13 15:00:00,997.2,NA,27.6,66,NA
2021-02-13 16:00:00,996.6,NA,28.6,63,NA
2021-02-13 17:00:00,995.3,NA,27.6,67,NA
2021-02-13 18:00:00,994.4,NA,27.7,71,NA
2021-02-13 19:00:00,994,NA,29.8,58,NA
2021-02-13 20:00:00,992.9,NA,30.8,54,NA
2021-02-13 21:00:00,991.8,NA,30.8,52,NA
2021-02-13 22:00:00,991.4,NA,29.2,59,NA
2021-02-13 23:00:00,991.4,NA,27,65,NA
2021-02-14 09:00:00,NA,1007.4,21.8,87,NA
2021-02-14 10:00:00,NA,1008.3,21.6,89,NA
2021-02-14 11:00:00,NA,1008.7,22,88,NA
2021-02-14 12:00:00,NA,1009.8,22,91,NA
2021-02-14 13:00:00,NA,1009.3,23.4,90,NA
2021-02-14 14:00:00,NA,1009.1,27.8,75,NA
2021-02-14 15:00:00,NA,1008.6,29.2,70,NA
2021-02-14 16:00:00,NA,1007.6,30.8,68,NA
2021-02-14 17:00:00,NA,1007,31.2,64,NA
2021-02-14 18:00:00,NA,1006.1,33,57,NA
2021-02-14 19:00:00,NA,1005,33.6,56,NA
2021-02-14 20:00:00,NA,1004.6,33.8,55,NA
2021-02-14 21:00:00,NA,1004.4,33.4,51,NA
2021-02-14 22:00:00,NA,1004,32.8,53,NA
2021-02-14 23:00:00,NA,1004.5,30.4,62,NA
2021-02-15 00:00:00,990.6,NA,28.6,68,NA
2021-02-15 09:00:00,992.6,NA,24.6,88,NA
2021-02-15 10:00:00,993.6,NA,24.4,89,NA
2021-02-15 11:00:00,994.4,NA,24.6,86,NA
2021-02-15 12:00:00,995,NA,26,82,NA
2021-02-15 13:00:00,995,NA,28.2,72,NA
2021-02-15 14:00:00,994.9,NA,30,57,NA
2021-02-15 15:00:00,994.4,NA,32,50,NA
2021-02-15 16:00:00,993.7,NA,33,42,NA
2021-02-15 17:00:00,992.1,NA,34.6,40,NA
2021-02-15 18:00:00,991.2,NA,35.1,37,NA
2021-02-15 19:00:00,990.4,NA,35.4,36,NA
2021-02-15 20:00:00,990,NA,35.6,37,NA
2021-02-15 21:00:00,990,NA,35.8,36,NA
2021-02-15 22:00:00,990.1,NA,33.2,43,NA
2021-02-15 23:00:00,990.1,NA,31.6,52,NA
2021-02-16 09:00:00,NA,1008.8,23.6,79,NA
2021-02-16 10:00:00,NA,1009.7,23.3,81,NA
2021-02-16 11:00:00,NA,1010.4,23.6,78,NA
2021-02-16 12:00:00,NA,1011.4,23.6,77,NA
2021-02-16 13:00:00,NA,1011.8,24.2,79,NA
2021-02-16 14:00:00,NA,1011.9,24.8,78,NA
2021-02-16 15:00:00,NA,1011.6,26,75,NA
2021-02-16 16:00:00,NA,1010.8,25.6,79,NA
2021-02-16 17:00:00,NA,1010.8,27.4,73,NA
2021-02-16 18:00:00,NA,1009.7,29,62,NA
2021-02-16 19:00:00,NA,1009.4,29.8,56,NA
2021-02-16 20:00:00,NA,1008.7,30.4,55,NA
2021-02-16 21:00:00,NA,1007.8,30.6,54,NA
2021-02-16 22:00:00,NA,1007.7,30,54,NA
2021-02-16 23:00:00,NA,1008,28.2,64,NA
2021-02-17 00:00:00,994,NA,26.8,68,NA
2021-02-17 09:00:00,995.4,NA,21.8,89,NA
2021-02-17 10:00:00,995.8,NA,21.6,91,NA
2021-02-17 11:00:00,996.4,NA,22.6,86,NA
2021-02-17 12:00:00,996.6,NA,25.6,76,NA
2021-02-17 13:00:00,997,NA,28,63,NA
2021-02-17 14:00:00,997,NA,29.6,57,NA
2021-02-17 15:00:00,996.9,NA,30.6,51,NA
2021-02-17 16:00:00,996,NA,31.4,49,NA
2021-02-17 17:00:00,994.9,NA,33.1,46,NA
2021-02-17 18:00:00,994.2,NA,33.3,42,NA
2021-02-17 19:00:00,993.4,NA,33.4,39,NA
2021-02-17 20:00:00,992.6,NA,32.8,40,NA
2021-02-17 21:00:00,992.2,NA,33.4,40,NA
2021-02-17 22:00:00,992.6,NA,31.5,48,NA
2021-02-17 23:00:00,992.5,NA,29.8,51,NA
2021-02-18 09:00:00,NA,1009.3,21.8,84,NA
2021-02-18 10:00:00,NA,1009.8,21.8,84,NA
2021-02-18 11:00:00,NA,1010.6,23.2,83,NA
2021-02-18 12:00:00,NA,1011,26.8,71,NA
2021-02-18 13:00:00,NA,1010.9,30.2,52,NA
2021-02-18 14:00:00,NA,1011,31.6,46,NA
2021-02-18 15:00:00,NA,1010.6,33.1,41,NA
2021-02-18 16:00:00,NA,1009.9,34.4,40,NA
2021-02-18 17:00:00,NA,1009.7,35.2,39,NA
2021-02-18 18:00:00,NA,1008.8,36,37,NA
2021-02-18 19:00:00,NA,1007.8,36,36,NA
2021-02-18 20:00:00,NA,1007,36.2,36,NA
2021-02-18 21:00:00,NA,1006.8,35.2,37,NA
2021-02-18 22:00:00,NA,1006.9,34,42,NA
2021-02-18 23:00:00,NA,1007.6,31,51,NA
2021-02-19 00:00:00,993.3,NA,29.8,55,NA
2021-02-19 09:00:00,994.6,NA,22.6,79,NA
2021-02-19 10:00:00,995,NA,22.2,81,NA
2021-02-19 11:00:00,996.1,NA,23.2,73,NA
2021-02-19 12:00:00,996.6,NA,26,56,NA
2021-02-19 13:00:00,996.6,NA,28.6,53,NA
2021-02-19 14:00:00,996.2,NA,31.4,45,NA
2021-02-19 15:00:00,996.1,NA,32.6,43,NA
2021-02-19 16:00:00,995.3,NA,34.6,37,NA
2021-02-19 17:00:00,994.4,NA,35.8,34,NA
2021-02-19 18:00:00,994,NA,36.6,33,NA
2021-02-19 19:00:00,993.2,NA,37.4,32,NA
2021-02-19 20:00:00,992.5,NA,35.6,34,NA
2021-02-19 21:00:00,992.8,NA,35.8,32,NA
2021-02-19 23:00:00,993.6,NA,31.6,42,NA
2021-02-20 09:00:00,NA,1012.7,24,67,NA
2021-02-20 10:00:00,NA,1013.4,23.6,69,NA
2021-02-20 11:00:00,NA,1014.2,23.4,70,NA
2021-02-20 12:00:00,NA,1014.5,23.8,69,NA
2021-02-20 13:00:00,NA,1015.3,24.4,68,NA
2021-02-20 14:00:00,NA,1015.5,25.1,64,NA
2021-02-20 15:00:00,NA,1014.9,27.4,59,NA
2021-02-20 16:00:00,NA,1014.2,30.5,48,NA
2021-02-20 17:00:00,NA,1013.8,32,40,NA
2021-02-20 18:00:00,NA,1012.8,32.6,38,NA
2021-02-20 19:00:00,NA,1012,32.6,36,NA
2021-02-20 20:00:00,NA,1010.7,33,37,NA
2021-02-20 21:00:00,NA,1010.3,32.4,34,NA
2021-02-20 22:00:00,NA,1010.1,31.2,41,NA
2021-02-20 23:00:00,NA,1010.3,29,49,NA
2021-02-21 00:00:00,996,NA,27.2,56,NA
2021-02-21 09:00:00,996.4,NA,21.8,77,NA
2021-02-21 10:00:00,996.9,NA,21.6,75,NA
2021-02-21 11:00:00,997.7,NA,22.2,74,NA
2021-02-21 12:00:00,998,NA,24.8,63,NA
2021-02-21 13:00:00,998.2,NA,29.6,50,NA
2021-02-21 14:00:00,998.1,NA,31.6,44,NA
2021-02-21 15:00:00,997.6,NA,34.2,38,NA
2021-02-21 16:00:00,996.6,NA,35.2,33,NA
2021-02-21 17:00:00,995.6,NA,36,31,NA
2021-02-21 18:00:00,994.9,NA,37,30,NA
2021-02-21 19:00:00,993.8,NA,37,30,NA
2021-02-21 20:00:00,993.2,NA,37.1,29,NA
2021-02-21 21:00:00,992.6,NA,36.2,31,NA
2021-02-21 22:00:00,992.8,NA,34.8,36,NA
2021-02-21 23:00:00,992.9,NA,32.1,44,NA
2021-02-22 09:00:00,NA,1008.4,23.8,74,NA
2021-02-22 10:00:00,NA,1008.8,23.4,77,NA
2021-02-22 11:00:00,NA,1009.2,25,72,NA
2021-02-22 12:00:00,NA,1009.4,28.6,59,NA
2021-02-22 13:00:00,NA,1009.5,32.2,47,NA
2021-02-22 14:00:00,NA,1009.4,35,38,NA
2021-02-22 15:00:00,NA,1009,37.2,33,NA
2021-02-22 16:00:00,NA,1008.6,38.3,30,NA
2021-02-22 17:00:00,NA,1008.1,39,28,NA
2021-02-22 18:00:00,NA,1007.3,39.2,26,NA
2021-02-22 19:00:00,NA,1006.3,39.8,25,NA
2021-02-22 20:00:00,NA,1005.8,39.8,24,NA
2021-02-22 21:00:00,NA,1005.5,39.2,25,NA
2021-02-22 22:00:00,NA,1005.6,37.4,31,NA
2021-02-22 23:00:00,NA,1006,35.2,34,NA
2021-02-23 00:00:00,992,NA,33,38,NA
2021-02-23 09:00:00,993.6,NA,23.8,71,NA
2021-02-23 11:00:00,994.6,NA,24.6,74,NA
2021-02-23 12:00:00,995.2,NA,30.6,62,NA
2021-02-23 13:00:00,995.7,NA,34.6,50,NA
2021-02-23 14:00:00,995.4,NA,37,38,NA
2021-02-23 15:00:00,995.2,NA,39,32,NA
2021-02-23 16:00:00,994.5,NA,39.8,30,NA
2021-02-23 17:00:00,993.4,NA,40.5,28,NA
2021-02-23 18:00:00,993.2,NA,40.4,27,NA
2021-02-23 19:00:00,992.2,NA,41.2,26,NA
2021-02-23 20:00:00,991.4,NA,41,27,NA
2021-02-23 21:00:00,991.2,NA,40.2,28,NA
2021-02-23 22:00:00,991.2,NA,39,33,NA
2021-02-23 23:00:00,991.4,NA,35.6,40,NA
2021-02-24 09:00:00,NA,1010.9,25.2,79,NA
2021-02-24 10:00:00,NA,1010.9,24.8,79,NA
2021-02-24 11:00:00,NA,1011.7,25.4,78,NA
2021-02-24 12:00:00,NA,1012.2,27.4,67,NA
2021-02-24 13:00:00,NA,1012,29.4,63,NA
2021-02-24 14:00:00,NA,1011.8,31.6,57,NA
2021-02-24 15:00:00,NA,1011.2,33.2,54,NA
2021-02-24 16:00:00,NA,1010.4,35,49,NA
2021-02-24 17:00:00,NA,1009.4,35.8,48,NA
2021-02-24 18:00:00,NA,1007.6,37.6,44,NA
2021-02-24 19:00:00,NA,1007.1,38.1,42,NA
2021-02-24 20:00:00,NA,1006.2,36.2,49,NA
2021-02-24 21:00:00,NA,1007,32.6,58,NA
2021-02-24 22:00:00,NA,1008.7,31.4,60,NA
2021-02-24 23:00:00,NA,1009,29.4,74,NA
2021-02-25 00:00:00,994.5,NA,28.6,74,NA
2021-02-25 09:00:00,995.4,NA,24.2,86,NA
2021-02-25 10:00:00,996.5,NA,24.2,86,NA
2021-02-25 11:00:00,997.6,NA,25,83,NA
2021-02-25 12:00:00,997.4,NA,26.2,79,NA
2021-02-25 13:00:00,997.3,NA,29.8,63,NA
2021-02-25 14:00:00,997.7,NA,31.2,57,NA
2021-02-25 15:00:00,997.4,NA,30.6,58,NA
2021-02-25 16:00:00,996.9,NA,32.6,54,NA
2021-02-25 17:00:00,996.6,NA,31.8,54,NA
2021-02-25 18:00:00,995.7,NA,31.8,54,NA
2021-02-25 19:00:00,994.2,NA,32.2,53,NA
2021-02-25 20:00:00,993.4,NA,31.6,55,NA
2021-02-25 21:00:00,993.7,NA,30.2,60,NA
2021-02-25 22:00:00,993.7,NA,29.4,61,NA
2021-02-25 23:00:00,994.4,NA,29,63,NA
2021-02-26 09:00:00,NA,1008.9,24.8,85,NA
2021-02-26 10:00:00,NA,1009.2,23.6,90,NA
2021-02-26 11:00:00,NA,1010.2,24.4,87,NA
2021-02-26 12:00:00,NA,1010.5,25.6,73,NA
2021-02-26 13:00:00,NA,1010.7,29,52,NA
2021-02-26 14:00:00,NA,1010.7,32,37,NA
2021-02-26 15:00:00,NA,1010.3,33.2,35,NA
2021-02-26 16:00:00,NA,1009.2,34.7,31,NA
2021-02-26 17:00:00,NA,1008.6,35.4,29,NA
2021-02-26 18:00:00,NA,1007.8,36,31,NA
2021-02-26 19:00:00,NA,1007.1,36.7,29,NA
2021-02-26 20:00:00,NA,1006.7,36.8,32,NA
2021-02-26 21:00:00,NA,1006.6,35.6,33,NA
2021-02-26 22:00:00,NA,1007,34,35,NA
2021-02-26 23:00:00,NA,1007.3,31.6,43,NA
2021-02-27 00:00:00,993.7,NA,29.8,49,NA
2021-02-27 09:00:00,996,NA,22,75,NA
2021-02-27 10:00:00,996.2,NA,21.4,79,NA
2021-02-27 11:00:00,997.2,NA,22.6,73,NA
2021-02-27 12:00:00,998,NA,26.6,58,NA
2021-02-27 13:00:00,997.8,NA,30.8,50,NA
2021-02-27 14:00:00,998.1,NA,33.6,40,NA
2021-02-27 15:00:00,997.7,NA,35.2,32,NA
2021-02-27 16:00:00,997.3,NA,35.6,30,NA
2021-02-27 17:00:00,996,NA,37.5,24,NA
2021-02-27 18:00:00,995.4,NA,38.2,19,NA
2021-02-27 19:00:00,994.4,NA,38.6,24,NA
2021-02-27 20:00:00,993.3,NA,38.2,25,NA
2021-02-27 21:00:00,993.3,NA,37,25,NA
2021-02-27 22:00:00,993.4,NA,35.8,30,NA
2021-02-27 23:00:00,993.7,NA,33.1,38,NA
2021-02-28 09:00:00,NA,1010.4,22.8,81,NA
2021-02-28 10:00:00,NA,1010.7,22.6,83,NA
2021-02-28 11:00:00,NA,1011,24,77,NA
2021-02-28 12:00:00,NA,1011.5,27.2,63,NA
2021-02-28 13:00:00,NA,1011.2,30.4,53,NA
2021-02-28 14:00:00,NA,1010.9,33.8,43,NA
2021-02-28 15:00:00,NA,1010.3,35.5,35,NA
2021-02-28 16:00:00,NA,1009.4,36.5,33,NA
2021-02-28 17:00:00,NA,1008.7,37.4,28,NA
2021-02-28 18:00:00,NA,1008,38,27,NA
2021-02-28 19:00:00,NA,1006.9,37.6,26,NA
2021-02-28 20:00:00,NA,1006.3,38.2,25,NA
2021-02-28 21:00:00,NA,1005.9,36.8,27,NA
2021-02-28 22:00:00,NA,1005.6,35.2,31,NA
2021-02-28 23:00:00,NA,1006.2,32.6,38,NA
2021-03-01 00:00:00,NA,1006.7,30.4,48,NA
2021-03-02 09:00:00,NA,1007.7,24.4,79,NA
2021-03-02 10:00:00,NA,1008.3,23.8,82,NA
2021-03-02 11:00:00,NA,1008.8,25.4,76,NA
2021-03-02 12:00:00,NA,1009.6,28.8,66,NA
2021-03-02 13:00:00,NA,1010,31.4,57,NA
2021-03-02 14:00:00,NA,1010,33,51,NA
2021-03-02 15:00:00,NA,1009.2,35.4,43,NA
2021-03-02 16:00:00,NA,1008.7,35.8,39,NA
2021-03-02 17:00:00,NA,1007.5,37.8,33,NA
2021-03-02 18:00:00,992.1,1006.7,35.9,37,NA
2021-03-02 19:00:00,990.8,1005.3,36.8,34,NA
2021-03-02 20:00:00,990.5,1005,37.6,32,NA
2021-03-02 21:00:00,990.2,1004.8,37.2,33,NA
2021-03-02 22:00:00,990.5,1005.1,35.8,35,NA
2021-03-02 23:00:00,991.3,1005.9,33.8,42,NA
2021-03-03 00:00:00,NA,1007.4,29.4,58,NA
2021-03-04 00:00:00,995.4,NA,NA,NA,NA
2021-03-04 09:00:00,994.6,1009.6,22.2,95,NA
2021-03-04 10:00:00,995.7,1010.6,22,94,NA
2021-03-04 11:00:00,995.7,1010.6,22.2,95,NA
2021-03-04 12:00:00,996.6,1011.5,23.6,90,NA
2021-03-04 13:00:00,NA,1011.6,25.4,84,NA
2021-03-04 14:00:00,996.8,1011.6,27.5,75,NA
2021-03-04 15:00:00,996.8,1011.6,28.7,69,NA
2021-03-04 16:00:00,996.2,1011.1,29.4,67,NA
2021-03-04 17:00:00,995.7,1010.4,30.4,60,NA
2021-03-04 18:00:00,994.9,1009.6,30.6,61,NA
2021-03-04 19:00:00,993.7,1008.5,31.5,61,NA
2021-03-04 20:00:00,992.8,1007.5,32.7,50,NA
2021-03-04 21:00:00,992.6,1007.4,32.2,55,NA
2021-03-04 22:00:00,992,1006.8,30.6,59,NA
2021-03-04 23:00:00,992.4,1007.2,28.4,67,NA
2021-03-05 00:00:00,NA,1008.2,28.2,73,NA
2021-03-06 00:00:00,993.7,NA,NA,NA,NA
2021-03-06 09:00:00,995.4,1010.2,21.2,84,NA
2021-03-06 10:00:00,995.8,1010.7,20.8,84,NA
2021-03-06 11:00:00,996.1,1011,22,81,NA
2021-03-06 12:00:00,996.9,1011.7,25,72,NA
2021-03-06 13:00:00,997,1011.8,27.7,64,NA
2021-03-06 14:00:00,997,1011.8,29.7,56,NA
2021-03-06 15:00:00,996.6,1011.3,31,49,NA
2021-03-06 16:00:00,996,1010.6,32.6,44,NA
2021-03-06 17:00:00,995.4,1010.2,33.6,39,NA
2021-03-06 18:00:00,994.9,1009.7,34.2,36,NA
2021-03-06 19:00:00,994,1008.7,34.4,36,NA
2021-03-06 20:00:00,993.3,1008.1,34.4,34,NA
2021-03-06 21:00:00,993.3,1008.1,33.6,35,NA
2021-03-06 22:00:00,993.6,1008.4,31.6,43,NA
2021-03-06 23:00:00,994,1008.8,29.4,50,NA
2021-03-07 00:00:00,NA,1009.1,27.6,58,NA
2021-03-08 00:00:00,993.4,NA,NA,NA,NA
2021-03-08 09:00:00,996,1010.8,20.8,78,NA
2021-03-08 10:00:00,996.4,1011.2,20.4,82,NA
2021-03-08 11:00:00,997.2,1012,22.2,74,NA
2021-03-08 12:00:00,998.2,1013,26.6,63,NA
2021-03-08 13:00:00,998.2,1013,31.2,44,NA
2021-03-08 14:00:00,998.4,1013.1,33,39,NA
2021-03-08 15:00:00,998.2,1012.9,34.6,36,NA
2021-03-08 16:00:00,998,1012.6,35.4,34,NA
2021-03-08 17:00:00,996.8,1011.4,35.9,31,NA
2021-03-08 18:00:00,996.1,1010.8,37.2,30,NA
2021-03-08 19:00:00,994.9,1009.6,36.4,29,NA
2021-03-08 20:00:00,994.4,1009,37.6,27,NA
2021-03-08 21:00:00,994,1008.6,37.2,27,NA
2021-03-08 22:00:00,994.1,1008.8,35.8,30,NA
2021-03-08 23:00:00,994.4,1009.1,32.5,39,NA
2021-03-09 00:00:00,NA,1009.7,30.6,46,NA
2021-03-10 00:00:00,995.3,NA,NA,NA,NA
2021-03-10 09:00:00,995.3,1010.1,20,78,NA
2021-03-10 10:00:00,995.8,1010.6,19.4,81,NA
2021-03-10 11:00:00,996.2,1011.2,20.2,78,NA
2021-03-10 12:00:00,997,1011.9,24.4,64,NA
2021-03-10 13:00:00,997,1011.8,28,51,NA
2021-03-10 14:00:00,997,1011.9,30.6,44,NA
2021-03-10 15:00:00,996.2,1011,32.2,35,NA
2021-03-10 16:00:00,995.6,1010.3,33.2,31,NA
2021-03-10 17:00:00,994.2,1008.9,34,31,NA
2021-03-10 18:00:00,993.2,1007.8,34.6,29,NA
2021-03-10 19:00:00,992.1,1006.7,35.3,28,NA
2021-03-10 20:00:00,991.4,1006,35.7,31,NA
2021-03-10 21:00:00,991,1005.8,34.5,29,NA
2021-03-10 22:00:00,991.2,1005.9,32.3,35,NA
2021-03-10 23:00:00,991.3,1006.2,29.6,40,NA
2021-03-11 00:00:00,NA,1006.7,27.6,44,NA
2021-03-12 00:00:00,993.8,NA,NA,NA,NA
2021-03-12 09:00:00,997.8,1012.5,22.3,66,NA
2021-03-12 10:00:00,997.4,1012.1,22,68,NA
2021-03-12 11:00:00,998,1012.7,22.7,64,NA
2021-03-12 12:00:00,998,1012.7,25,61,NA
2021-03-12 13:00:00,997.8,1012.6,27.6,58,NA
2021-03-12 14:00:00,997.8,1012.5,30.2,49,NA
2021-03-12 15:00:00,997.8,1012.5,31.6,48,NA
2021-03-12 16:00:00,997.4,1012.1,32.7,44,NA
2021-03-12 17:00:00,996.5,1011.2,35.6,33,NA
2021-03-12 18:00:00,995.6,1010.2,37.2,29,NA
2021-03-12 19:00:00,994.9,1009.6,36.2,30,NA
2021-03-12 20:00:00,994.1,1008.8,35.8,32,NA
2021-03-12 21:00:00,993.8,1008.5,34.4,36,NA
2021-03-12 22:00:00,993.6,1008.2,33.2,40,NA
2021-03-12 23:00:00,994.2,1008.9,30.8,46,NA
2021-03-13 00:00:00,NA,1010,29.2,47,NA
2021-03-14 09:00:00,NA,1011.7,21.4,79,NA
2021-03-14 10:00:00,NA,1013.1,20.8,82,NA
2021-03-14 11:00:00,NA,1013.6,21.9,80,NA
2021-03-14 12:00:00,NA,1014.3,24.7,73,NA
2021-03-14 13:00:00,NA,1014.5,27.8,64,NA
2021-03-14 14:00:00,NA,1014.7,28.8,62,NA
2021-03-14 15:00:00,NA,1014.4,31.2,53,NA
2021-03-14 16:00:00,NA,1013.5,33.4,45,NA
2021-03-14 17:00:00,NA,1012.5,35.3,42,NA
2021-03-14 18:00:00,NA,1011.1,36.2,40,NA
2021-03-14 19:00:00,NA,1010.4,34.6,43,NA
2021-03-14 20:00:00,NA,1009.9,32.7,47,NA
2021-03-14 21:00:00,NA,1009.8,32,50,NA
2021-03-14 22:00:00,NA,1009.9,32,49,NA
2021-03-14 23:00:00,NA,1010.7,30,59,NA
2021-03-15 00:00:00,NA,1011.5,29.8,58,NA
2021-03-15 12:00:00,996.6,NA,27.4,70,NA
2021-03-15 13:00:00,996.6,NA,30,60,NA
2021-03-15 14:00:00,996.6,NA,32.4,51,NA
2021-03-15 15:00:00,996.4,NA,34.2,45,NA
2021-03-15 16:00:00,995.4,NA,36,37,NA
2021-03-15 17:00:00,994.9,NA,36.6,35,NA
2021-03-15 18:00:00,993.8,NA,36.4,36,NA
2021-03-16 09:00:00,NA,1005.7,24.2,82,NA
2021-03-16 10:00:00,NA,1005.8,23.6,85,NA
2021-03-16 11:00:00,NA,1006,24.6,81,NA
2021-03-16 12:00:00,NA,1006.3,27.6,68,NA
2021-03-16 13:00:00,NA,1006.6,30.3,60,NA
2021-03-16 14:00:00,NA,1006.5,32.5,54,NA
2021-03-16 15:00:00,NA,1005.9,35,45,NA
2021-03-16 16:00:00,NA,1005.1,34.8,45,NA
2021-03-16 17:00:00,NA,1004.2,36.2,41,NA
2021-03-16 18:00:00,NA,1003.3,36.7,38,NA
2021-03-16 19:00:00,NA,1002.6,36.8,38,NA
2021-03-16 20:00:00,NA,1002.2,36.7,37,NA
2021-03-16 21:00:00,NA,1002.1,36.6,38,NA
2021-03-16 22:00:00,NA,1002.5,34.8,42,NA
2021-03-16 23:00:00,NA,1002.9,32.4,52,NA
2021-03-17 00:00:00,989.8,NA,31.4,55,NA
2021-03-17 09:00:00,995.3,NA,22.2,94,NA
2021-03-17 10:00:00,996.2,NA,22.2,94,NA
2021-03-17 11:00:00,997.2,NA,22,96,NA
2021-03-17 12:00:00,999.2,NA,20.2,96,NA
2021-03-18 09:00:00,NA,1015.9,19.6,83,NA
2021-03-18 10:00:00,NA,1016.2,19.4,81,NA
2021-03-18 11:00:00,NA,1016.6,19.2,83,NA
2021-03-18 12:00:00,NA,1016.8,21.2,75,NA
2021-03-18 13:00:00,NA,1017,23,69,NA
2021-03-18 14:00:00,NA,1016.5,24.2,62,NA
2021-03-18 15:00:00,NA,1015.8,25.4,58,NA
2021-03-18 16:00:00,NA,1014.7,25.2,58,NA
2021-03-18 17:00:00,NA,1014.1,26.8,52,NA
2021-03-18 18:00:00,NA,1013,27.6,51,NA
2021-03-18 19:00:00,NA,1012,27.6,50,NA
2021-03-18 20:00:00,NA,1011.7,27.8,51,NA
2021-03-18 21:00:00,NA,1011.7,26.8,55,NA
2021-03-18 22:00:00,NA,1011.5,25.8,58,NA
2021-03-18 23:00:00,NA,1012.1,23.8,69,NA
2021-03-19 00:00:00,997.6,NA,22.6,73,NA
2021-03-19 09:00:00,997,NA,19.4,86,NA
2021-03-19 10:00:00,997.4,NA,19,88,NA
2021-03-19 11:00:00,997.8,NA,19.2,87,NA
2021-03-19 12:00:00,998.1,NA,22,76,NA
2021-03-19 13:00:00,998.2,NA,23.2,71,NA
2021-03-19 14:00:00,998,NA,26.5,61,NA
2021-03-19 15:00:00,997.6,NA,27.9,58,NA
2021-03-19 16:00:00,996.2,NA,29.6,53,NA
2021-03-19 17:00:00,995,NA,30.7,51,NA
2021-03-19 18:00:00,993.7,NA,31,50,NA
2021-03-19 19:00:00,992.6,NA,31.1,50,NA
2021-03-19 20:00:00,992,NA,31.2,49,NA
2021-03-19 21:00:00,991.6,NA,31,52,NA
2021-03-19 22:00:00,991.4,NA,30,60,NA
2021-03-19 23:00:00,991.6,NA,28.2,65,NA
2021-03-20 09:00:00,NA,1007.9,23.6,91,NA
2021-03-20 10:00:00,NA,1007.9,23.4,91,NA
2021-03-20 11:00:00,NA,1008.9,23.4,93,NA
2021-03-20 12:00:00,NA,1010,24.6,91,NA
2021-03-20 13:00:00,NA,1010.6,25,89,NA
2021-03-20 14:00:00,NA,1010.8,26.6,84,NA
2021-03-20 15:00:00,NA,1010.3,29.2,73,NA
2021-03-20 16:00:00,NA,1009.6,31.2,66,NA
2021-03-20 17:00:00,NA,1008.6,31.6,66,NA
2021-03-20 18:00:00,NA,1008.1,31.8,63,NA
2021-03-20 19:00:00,NA,1007.7,29.4,71,NA
2021-03-20 20:00:00,NA,1008.1,28.8,80,NA
2021-03-20 21:00:00,NA,1008.3,29.2,75,NA
2021-03-20 22:00:00,NA,1008.7,28.2,73,NA
2021-03-20 23:00:00,NA,1009.9,27.4,82,NA
2021-03-21 00:00:00,995.8,NA,26.7,87,NA
2021-03-21 09:00:00,1000.6,NA,20,94,NA
2021-03-21 10:00:00,1001.4,NA,19.8,94,NA
2021-03-21 11:00:00,1002,NA,19.6,94,NA
2021-03-21 12:00:00,1003.6,NA,19.8,94,NA
2021-03-21 13:00:00,1003.6,NA,19.8,94,NA
2021-03-21 14:00:00,1004.2,NA,19.8,92,NA
2021-03-21 15:00:00,1004.4,NA,20.2,92,NA
2021-03-21 16:00:00,1004.4,NA,20.2,92,NA
2021-03-21 17:00:00,1003.8,NA,20.4,90,NA
2021-03-21 18:00:00,1003.2,NA,20.4,90,NA
2021-03-21 19:00:00,1002.2,NA,20,94,NA
2021-03-21 20:00:00,1002.1,NA,20.2,92,NA
2021-03-21 21:00:00,1002,NA,20.4,92,NA
2021-03-21 22:00:00,1001.8,NA,20.4,92,NA
2021-03-21 23:00:00,1002.2,NA,20.2,94,NA
2021-03-22 09:00:00,NA,1016.3,19.2,96,NA
2021-03-22 10:00:00,NA,1016.7,19.4,96,NA
2021-03-22 11:00:00,NA,1017,19.6,95,NA
2021-03-22 12:00:00,NA,1017.8,20.4,91,NA
2021-03-22 13:00:00,NA,1017.6,21.4,87,NA
2021-03-22 14:00:00,NA,1017.6,22.6,82,NA
2021-03-22 15:00:00,NA,1017.6,22.8,83,NA
2021-03-22 16:00:00,NA,1017,23,76,NA
2021-03-22 17:00:00,NA,1016.9,23.2,88,NA
2021-03-22 18:00:00,NA,1015.4,23.2,90,NA
2021-03-22 19:00:00,NA,1015.3,23,88,NA
2021-03-22 20:00:00,NA,1014.8,22.6,90,NA
2021-03-22 21:00:00,NA,1014.5,22.6,90,NA
2021-03-22 22:00:00,NA,1015.2,22.6,90,NA
2021-03-22 23:00:00,NA,1015.5,22.2,90,NA
2021-03-23 00:00:00,1001.2,NA,22,91,NA
2021-03-23 09:00:00,1000.9,NA,21.4,92,NA
2021-03-23 10:00:00,1001.2,NA,21.6,91,NA
2021-03-23 11:00:00,1001.2,NA,21.8,82,NA
2021-03-23 12:00:00,1002,NA,23.2,82,NA
2021-03-23 13:00:00,1002.4,NA,24.4,78,NA
2021-03-23 14:00:00,1002.6,NA,25.6,76,NA
2021-03-23 15:00:00,1002.4,NA,26,74,NA
2021-03-23 16:00:00,1001.4,NA,27.2,68,NA
2021-03-23 17:00:00,999.8,NA,29,64,NA
2021-03-23 18:00:00,999.2,NA,27.5,67,NA
2021-03-23 19:00:00,996.6,NA,25,82,NA
2021-03-23 20:00:00,996.2,NA,27,74,NA
2021-03-23 21:00:00,996.1,NA,27.4,73,NA
2021-03-23 22:00:00,996.1,NA,26.4,81,NA
2021-03-23 23:00:00,996.1,NA,24.6,78,NA
2021-03-24 09:00:00,NA,1012.8,21,95,NA
2021-03-24 10:00:00,NA,1013.7,20.6,96,NA
2021-03-24 11:00:00,NA,1014.2,20.8,96,NA
2021-03-24 12:00:00,NA,1014.8,22.4,93,NA
2021-03-24 13:00:00,NA,1014.9,25.4,81,NA
2021-03-24 14:00:00,NA,1014.6,27.8,73,NA
2021-03-24 15:00:00,NA,1014,29.2,67,NA
2021-03-24 16:00:00,NA,1013.4,30.6,64,NA
2021-03-24 17:00:00,NA,1012.6,31,60,NA
2021-03-24 18:00:00,NA,1011.6,31.6,59,NA
2021-03-24 19:00:00,NA,1010.7,32.2,55,NA
2021-03-24 20:00:00,NA,1009.8,31.5,55,NA
2021-03-24 21:00:00,NA,1009.2,31.8,55,NA
2021-03-24 22:00:00,NA,1009.3,29.8,67,NA
2021-03-24 23:00:00,NA,1009.9,28.4,68,NA
2021-03-25 00:00:00,995.7,NA,27.2,74,NA
2021-03-25 09:00:00,995.4,NA,22.6,91,NA
2021-03-25 10:00:00,995.7,NA,22.3,91,NA
2021-03-25 11:00:00,996.2,NA,22.8,89,NA
2021-03-25 12:00:00,996.6,NA,26,79,NA
2021-03-25 13:00:00,996.8,NA,28,70,NA
2021-03-25 14:00:00,996.6,NA,30.6,62,NA
2021-03-25 15:00:00,995.7,NA,32,57,NA
2021-03-25 16:00:00,994.9,NA,32.3,56,NA
2021-03-25 17:00:00,993.8,NA,33.2,50,NA
2021-03-25 18:00:00,992.6,NA,33.6,48,NA
2021-03-25 19:00:00,991.6,NA,34,48,NA
2021-03-25 20:00:00,991.4,NA,33.3,47,NA
2021-03-25 21:00:00,991.4,NA,32.2,53,NA
2021-03-25 22:00:00,991.4,NA,31,64,NA
2021-03-25 23:00:00,991.8,NA,29,65,NA
2021-03-26 09:00:00,NA,1007.4,25.2,79,NA
2021-03-26 10:00:00,NA,1007.7,24.6,82,NA
2021-03-26 11:00:00,NA,1008.7,24.8,82,NA
2021-03-26 12:00:00,NA,1009.1,27.4,73,NA
2021-03-26 13:00:00,NA,1009.5,30,62,NA
2021-03-26 14:00:00,NA,1009.5,31.6,58,NA
2021-03-26 15:00:00,NA,1008.9,33,51,NA
2021-03-26 16:00:00,NA,1008.3,34.2,50,NA
2021-03-26 17:00:00,NA,1007,35.2,46,NA
2021-03-26 18:00:00,NA,1006.5,33.8,48,NA
2021-03-26 19:00:00,NA,1006.2,33.4,51,NA
2021-03-26 20:00:00,NA,1005.7,33.4,52,NA
2021-03-26 21:00:00,NA,1005.6,32.7,60,NA
2021-03-26 22:00:00,NA,1006.1,27.6,85,NA
2021-03-26 23:00:00,NA,1006.9,24.3,90,NA
2021-03-27 00:00:00,993.7,NA,24,93,NA
2021-03-27 09:00:00,994.2,NA,22,94,NA
2021-03-27 10:00:00,995,NA,21.8,94,NA
2021-03-27 11:00:00,996.9,NA,21.6,96,NA
2021-03-27 12:00:00,997.4,NA,20,94,NA
2021-03-27 13:00:00,998.1,NA,20,95,NA
2021-03-27 14:00:00,999.2,NA,19.4,93,NA
2021-03-27 15:00:00,998.6,NA,19.2,92,NA
2021-03-27 16:00:00,999.3,NA,19.2,90,NA
2021-03-27 17:00:00,999.6,NA,18.8,92,NA
2021-03-27 18:00:00,1000.5,NA,18.2,93,NA
2021-03-27 19:00:00,999.3,NA,18.4,93,NA
2021-03-27 20:00:00,998.8,NA,18.2,92,NA
2021-03-27 21:00:00,998.8,NA,18,93,NA
2021-03-27 22:00:00,999,NA,17.2,93,NA
2021-03-27 23:00:00,999.8,NA,17,93,NA
2021-03-28 09:00:00,NA,1016.2,16.8,91,NA
2021-03-28 10:00:00,NA,1016.8,16.6,92,NA
2021-03-28 11:00:00,NA,1017.2,17,89,NA
2021-03-28 12:00:00,NA,1017.6,17.6,86,NA
2021-03-28 13:00:00,NA,1018.1,18.2,83,NA
2021-03-28 14:00:00,NA,1018.2,18.8,83,NA
2021-03-28 15:00:00,NA,1017.9,19.8,76,NA
2021-03-28 16:00:00,NA,1017.1,20.6,72,NA
2021-03-28 17:00:00,NA,1016.7,21.4,67,NA
2021-03-28 18:00:00,NA,1015.7,21.7,67,NA
2021-03-28 19:00:00,NA,1015.3,22,65,NA
2021-03-28 20:00:00,NA,1014.9,22,66,NA
2021-03-28 21:00:00,NA,1014.5,21.6,72,NA
2021-03-28 22:00:00,NA,1014.5,21,79,NA
2021-03-28 23:00:00,999.3,NA,20.6,83,NA
2021-03-29 00:00:00,999.8,NA,20.4,85,NA
2021-03-29 09:00:00,1000.6,NA,18,95,NA
2021-03-29 10:00:00,1001.2,NA,18,89,NA
2021-03-29 11:00:00,1001.8,NA,18.3,89,NA
2021-03-29 12:00:00,1002.5,NA,19,82,NA
2021-03-29 13:00:00,1003.3,NA,20.6,75,NA
2021-03-29 14:00:00,1003.6,NA,21.8,71,NA
2021-03-29 15:00:00,1003.3,NA,22.4,66,NA
2021-03-29 16:00:00,1002.8,NA,23,65,NA
2021-03-29 17:00:00,1001.8,NA,23.4,64,NA
2021-03-29 18:00:00,1001.4,NA,23.2,62,NA
2021-03-29 19:00:00,1000.9,NA,22.8,63,NA
2021-03-29 20:00:00,1000.8,NA,22.6,68,NA
2021-03-29 21:00:00,1000.5,NA,22.2,72,NA
2021-03-29 22:00:00,1000.5,NA,21.6,77,NA
2021-03-29 23:00:00,1000.6,NA,20.9,81,NA
2021-03-30 09:00:00,NA,1015.9,16.4,92,NA
2021-03-30 10:00:00,NA,1016.5,15.6,94,NA
2021-03-30 11:00:00,NA,1016.9,16,94,NA
2021-03-30 12:00:00,NA,1017.5,18.5,88,NA
2021-03-30 13:00:00,NA,1017.8,21.4,77,NA
2021-03-30 14:00:00,NA,1017.6,23.8,62,NA
2021-03-30 15:00:00,NA,1017.3,25,53,NA
2021-03-30 16:00:00,NA,1016.9,25.4,48,NA
2021-03-30 17:00:00,NA,1016.3,26.2,43,NA
2021-03-30 18:00:00,NA,1015.2,26.6,45,NA
2021-03-30 19:00:00,NA,1014.4,26.8,43,NA
2021-03-30 20:00:00,NA,1014.1,26.8,44,NA
2021-03-30 21:00:00,NA,1013.8,26.2,47,NA
2021-03-30 22:00:00,NA,1013.9,24.6,56,NA
2021-03-30 23:00:00,NA,1014.3,22.2,68,NA
2021-03-31 00:00:00,999.6,NA,20.8,75,NA
2021-03-31 09:00:00,999,NA,15.8,91,NA
2021-03-31 10:00:00,999.3,NA,15.6,91,NA
2021-03-31 11:00:00,999.8,NA,16.7,90,NA
2021-03-31 17:00:00,998.6,NA,27.6,43,NA
2021-03-31 18:00:00,998.1,NA,27.8,44,NA
2021-03-31 19:00:00,996.8,NA,27.8,43,NA
2021-03-31 20:00:00,995.6,NA,27.6,42,NA
2021-03-31 21:00:00,995.8,NA,27,46,NA
2021-03-31 22:00:00,996.2,NA,25.5,56,NA
2021-03-31 23:00:00,996.2,NA,23.4,68,NA
2021-04-01 09:00:00,NA,1012.7,16.6,90,NA
2021-04-01 10:00:00,NA,1013.3,16.2,90,NA
2021-04-01 11:00:00,NA,1015,17,86,NA
2021-04-01 12:00:00,NA,1015.2,19.6,74,NA
2021-04-01 13:00:00,NA,1015.1,23.6,62,NA
2021-04-01 14:00:00,NA,1014.4,25.4,58,NA
2021-04-01 15:00:00,NA,1014,26.8,48,NA
2021-04-01 16:00:00,NA,1013.6,27.6,44,NA
2021-04-01 17:00:00,NA,1012.7,28.4,40,NA
2021-04-01 18:00:00,NA,1012,28.2,42,NA
2021-04-01 19:00:00,NA,1011.4,28.7,42,NA
2021-04-01 20:00:00,NA,1011.4,28,41,NA
2021-04-01 21:00:00,NA,1011.5,26.8,49,NA
2021-04-01 22:00:00,NA,1011.8,25.5,57,NA
2021-04-01 23:00:00,NA,1012,23.6,65,NA
2021-04-02 00:00:00,997.2,NA,22.6,66,NA
2021-04-02 09:00:00,999.6,NA,17.2,83,NA
2021-04-02 10:00:00,1000.5,NA,16.6,87,NA
2021-04-02 11:00:00,1000.6,NA,17,83,NA
2021-04-02 12:00:00,1001.6,NA,20,76,NA
2021-04-02 13:00:00,1001.8,NA,23.8,57,NA
2021-04-02 14:00:00,1001.6,NA,25.5,49,NA
2021-04-02 15:00:00,1001.3,NA,26.5,45,NA
2021-04-02 16:00:00,1000.6,NA,27.5,46,NA
2021-04-02 17:00:00,1000.1,NA,28.2,42,NA
2021-04-02 18:00:00,999.2,NA,29,42,NA
2021-04-02 19:00:00,998.8,NA,28.6,42,NA
2021-04-02 20:00:00,998.5,NA,28.8,42,NA
2021-04-02 21:00:00,998.5,NA,28.4,43,NA
2021-04-02 22:00:00,998.6,NA,26,51,NA
2021-04-02 23:00:00,998.9,NA,23.8,60,NA
2021-04-03 09:00:00,NA,1014.7,18.4,80,NA
2021-04-03 10:00:00,NA,1015,18.6,80,NA
2021-04-03 11:00:00,NA,1015.3,18.8,79,NA
2021-04-03 12:00:00,NA,1016.1,20.8,74,NA
2021-04-03 13:00:00,NA,1016.4,23.4,66,NA
2021-04-03 14:00:00,NA,1016.3,26.6,52,NA
2021-04-03 15:00:00,NA,1016.1,26.8,52,NA
2021-04-03 16:00:00,NA,1015.7,28.6,48,NA
2021-04-03 17:00:00,NA,1014.8,29.6,44,NA
2021-04-03 18:00:00,NA,1013.9,29.8,45,NA
2021-04-03 19:00:00,NA,1013.2,30,42,NA
2021-04-03 20:00:00,NA,1012.4,30,44,NA
2021-04-03 21:00:00,NA,1012.4,28.7,51,NA
2021-04-03 22:00:00,NA,1013.3,26.5,57,NA
2021-04-03 23:00:00,998.4,NA,25.4,61,NA
2021-04-04 00:00:00,999.8,NA,24.5,64,NA
2021-04-04 09:00:00,998.9,NA,22,89,NA
2021-04-04 10:00:00,999.2,NA,21.6,80,NA
2021-04-04 11:00:00,999.4,NA,21.4,79,NA
2021-04-04 12:00:00,999.8,NA,23,73,NA
2021-04-04 13:00:00,1000,NA,24.8,68,NA
2021-04-04 14:00:00,999.7,NA,26.6,62,NA
2021-04-04 15:00:00,999.3,NA,28.2,58,NA
2021-04-04 16:00:00,998.4,NA,28.8,55,NA
2021-04-04 17:00:00,997,NA,30.6,57,NA
2021-04-04 18:00:00,996.2,NA,31,58,NA
2021-04-04 19:00:00,995.3,NA,30,65,NA
2021-04-04 20:00:00,995.4,NA,29.6,67,NA
2021-04-04 21:00:00,994.6,NA,28.2,73,NA
2021-04-04 23:00:00,995.4,NA,26.6,78,NA
2021-04-05 09:00:00,NA,1010.6,23.8,85,NA
2021-04-05 10:00:00,NA,1010.9,23.6,86,NA
2021-04-05 11:00:00,NA,1011,23.6,85,NA
2021-04-05 12:00:00,NA,1011.8,26.2,74,NA
2021-04-05 13:00:00,NA,1012.2,27.2,74,NA
2021-04-05 14:00:00,NA,1011.6,30.4,64,NA
2021-04-05 15:00:00,NA,1010.9,32.3,56,NA
2021-04-05 16:00:00,NA,1010.2,33.3,52,NA
2021-04-05 17:00:00,NA,1009.5,34.2,50,NA
2021-04-05 18:00:00,NA,1008.5,34,50,NA
2021-04-05 19:00:00,NA,1007.5,34.3,47,NA
2021-04-05 20:00:00,NA,1007.5,30.3,58,NA
2021-04-05 21:00:00,NA,1007.4,31.2,56,NA
2021-04-05 22:00:00,NA,1008.3,30.2,63,NA
2021-04-05 23:00:00,NA,1009,28.2,75,NA
2021-04-06 00:00:00,995.6,NA,27.8,74,NA
2021-04-06 09:00:00,996.8,NA,21.4,92,NA
2021-04-06 10:00:00,996.9,NA,21.2,92,NA
2021-04-06 11:00:00,998,NA,21.6,93,NA
2021-04-06 12:00:00,998.8,NA,22.4,91,NA
2021-04-06 13:00:00,999.6,NA,22.8,88,NA
2021-04-06 14:00:00,999.8,NA,23,86,NA
2021-04-06 15:00:00,999.6,NA,23.6,84,NA
2021-04-06 16:00:00,999.6,NA,22.8,85,NA
2021-04-06 17:00:00,998.4,NA,23,88,NA
2021-04-06 18:00:00,998,NA,22.4,87,NA
2021-04-06 19:00:00,997.6,NA,23.2,84,NA
2021-04-06 20:00:00,997.2,NA,23.6,83,NA
2021-04-06 21:00:00,995.7,NA,24.2,78,NA
2021-04-06 22:00:00,996.4,NA,22.8,89,NA
2021-04-06 23:00:00,996.9,NA,22.3,90,NA
2021-04-07 09:00:00,NA,1012.9,21.2,87,NA
2021-04-07 10:00:00,NA,1013.2,20.8,96,NA
2021-04-07 11:00:00,NA,1013.6,20.6,96,NA
2021-04-07 12:00:00,NA,1013.6,22.6,86,NA
2021-04-07 13:00:00,NA,1013.6,25.2,78,NA
2021-04-07 14:00:00,NA,1013.7,27.4,72,NA
2021-04-07 15:00:00,NA,1013.1,29,67,NA
2021-04-07 16:00:00,NA,1012.3,30.2,63,NA
2021-04-07 17:00:00,NA,1011,32,57,NA
2021-04-07 18:00:00,NA,1010.4,32,57,NA
2021-04-07 19:00:00,NA,1009.4,32,55,NA
2021-04-07 20:00:00,NA,1008.8,31.2,58,NA
2021-04-07 21:00:00,NA,1008.7,30.8,60,NA
2021-04-07 22:00:00,NA,1008.8,29.2,68,NA
2021-04-07 23:00:00,NA,1009.4,27.8,75,NA
2021-04-08 00:00:00,NA,1010.3,26.8,78,NA
2021-04-08 15:00:00,996.1,NA,31.2,57,NA
2021-04-08 16:00:00,995,NA,32,57,NA
2021-04-08 17:00:00,994.4,NA,32,58,NA
2021-04-08 18:00:00,993.6,NA,32.6,55,NA
2021-04-08 19:00:00,992.9,NA,33,49,NA
2021-04-08 20:00:00,992.6,NA,33.4,49,NA
2021-04-08 21:00:00,992.6,NA,32.2,52,NA
2021-04-08 22:00:00,992.8,NA,30.6,59,NA
2021-04-08 23:00:00,993.3,NA,29,64,NA
2021-04-09 09:00:00,NA,1009.7,24.3,84,NA
2021-04-09 10:00:00,NA,1010.3,24.2,85,NA
2021-04-09 11:00:00,NA,1010.6,24,86,NA
2021-04-09 12:00:00,NA,1011.2,27.9,67,NA
2021-04-09 13:00:00,NA,1011.4,29.6,68,NA
2021-04-09 14:00:00,NA,1011.3,30.3,65,NA
2021-04-09 15:00:00,NA,1010.8,32.4,59,NA
2021-04-09 16:00:00,NA,1009.9,34.4,54,NA
2021-04-09 17:00:00,NA,1008.9,34.6,48,NA
2021-04-09 18:00:00,NA,1008.2,34.2,47,NA
2021-04-09 19:00:00,NA,1007.4,34.2,50,NA
2021-04-09 20:00:00,NA,1007.3,33.4,51,NA
2021-04-09 21:00:00,NA,1007,33.3,50,NA
2021-04-09 22:00:00,NA,1007.2,31.4,60,NA
2021-04-09 23:00:00,NA,1007.7,29.8,61,NA
2021-04-10 00:00:00,NA,1008,29,65,NA
2021-04-11 09:00:00,NA,1010.7,24.4,87,NA
2021-04-11 10:00:00,NA,1011.6,23.8,86,NA
2021-04-11 11:00:00,NA,1013.3,21.6,84,NA
2021-04-11 12:00:00,NA,1015.4,20.2,82,NA
2021-04-11 13:00:00,NA,1017.1,19,76,NA
2021-04-11 14:00:00,NA,1017.8,18,75,NA
2021-04-11 15:00:00,NA,1018.8,17.8,71,NA
2021-04-11 16:00:00,NA,1018.6,17.4,69,NA
2021-04-11 17:00:00,NA,1019.6,18.4,65,NA
2021-04-11 18:00:00,NA,1017.1,19,65,NA
2021-04-11 19:00:00,NA,1017.1,20,63,NA
2021-04-11 20:00:00,NA,1016.8,19.6,64,NA
2021-04-11 21:00:00,NA,1017.1,19.8,64,NA
2021-04-11 22:00:00,NA,1017.7,19,67,NA
2021-04-11 23:00:00,NA,1018.3,18.4,68,NA
2021-04-12 00:00:00,NA,1019.2,17.8,73,NA
2021-04-13 09:00:00,NA,1018.9,18,87,NA
2021-04-13 10:00:00,NA,1019.3,17.4,88,NA
2021-04-13 11:00:00,NA,1019.8,17.2,88,NA
2021-04-13 12:00:00,NA,1020.4,20,76,NA
2021-04-13 13:00:00,1005.6,1020.8,22,65,NA
2021-04-13 14:00:00,1005.4,1020.7,23.4,60,NA
2021-04-13 15:00:00,1005.2,1020.4,24.4,58,NA
2021-04-13 16:00:00,1004.1,1019.3,25.8,53,NA
2021-04-13 17:00:00,1002.8,1017.9,26.8,50,NA
2021-04-13 18:00:00,1002,1017.1,27.2,49,NA
2021-04-13 19:00:00,1000.8,1015.9,27.3,48,NA
2021-04-13 20:00:00,1000.8,1015.9,27.4,47,NA
2021-04-13 21:00:00,1000.8,1015.9,27,49,NA
2021-04-13 22:00:00,1000.8,1015.9,25.6,57,NA
2021-04-13 23:00:00,1001.3,1016.5,24,61,NA
2021-04-14 00:00:00,NA,1016.9,22.8,67,NA
2021-04-15 00:00:00,996,NA,NA,NA,NA
2021-04-15 09:00:00,997,1011.9,22.6,86,NA
2021-04-15 10:00:00,997.3,1012.2,22.2,88,NA
2021-04-15 11:00:00,997.3,1012.2,22.2,89,NA
2021-04-15 12:00:00,997.8,1012.8,24,80,NA
2021-04-15 13:00:00,998,1012.8,28,68,NA
2021-04-15 14:00:00,998.2,1013,31.2,56,NA
2021-04-15 15:00:00,997.7,1012.4,33.2,48,NA
2021-04-15 16:00:00,996.9,1011.6,34.4,43,NA
2021-04-15 17:00:00,995.3,1010.1,34.2,44,NA
2021-04-15 18:00:00,994.2,1008.8,36,38,NA
2021-04-15 19:00:00,NA,1008.4,35,38,NA
2021-04-15 20:00:00,993,1007.6,34.8,38,NA
2021-04-15 21:00:00,992.9,1007.6,32,49,NA
2021-04-15 22:00:00,993,1007.8,30,62,NA
2021-04-15 23:00:00,993.6,1008.4,28.2,64,NA
2021-04-16 00:00:00,NA,1009,27.4,69,NA
2021-04-17 00:00:00,995.6,NA,NA,NA,NA
2021-04-17 09:00:00,997.3,1012.4,18.3,93,NA
2021-04-17 10:00:00,998.1,1013.3,18.2,94,NA
2021-04-17 11:00:00,998.9,1014.1,18.4,94,NA
2021-04-17 12:00:00,1000.1,1015.3,19.4,94,NA
2021-04-17 13:00:00,1000.2,1015.5,20.6,95,NA
2021-04-17 14:00:00,1000.5,1015.7,21.6,87,NA
2021-04-17 15:00:00,1000.2,1015.4,22.4,84,NA
2021-04-17 16:00:00,999.2,1014.3,24.8,74,NA
2021-04-17 17:00:00,1000.2,1015.4,26.6,66,NA
2021-04-17 18:00:00,998,1013,28.2,59,NA
2021-04-17 19:00:00,997.6,1012.6,28.4,55,NA
2021-04-17 20:00:00,997.4,1012.4,28.8,53,NA
2021-04-17 21:00:00,997.3,1012.3,28,61,NA
2021-04-17 22:00:00,997.3,1012.4,26.6,68,NA
2021-04-17 23:00:00,997.7,1012.8,25,78,NA
2021-04-18 00:00:00,NA,1013.1,24.4,80,NA
2021-04-18 23:00:00,997.3,NA,NA,NA,NA
2021-04-19 00:00:00,998,NA,NA,NA,NA
2021-04-19 09:00:00,999.4,1014.4,19,91,NA
2021-04-19 10:00:00,999.7,1014.8,18.6,90,NA
2021-04-19 11:00:00,1000.1,1015.2,18.8,92,NA
2021-04-19 12:00:00,1000.5,1015.6,22,83,NA
2021-04-19 13:00:00,1000.8,1015.8,25,67,NA
2021-04-19 14:00:00,1000.6,1015.6,27.6,56,NA
2021-04-19 15:00:00,1000.4,1015.2,29,51,NA
2021-04-19 16:00:00,1000.1,1014.9,30.4,47,NA
2021-04-19 17:00:00,998.9,1013.7,31.2,41,NA
2021-04-19 18:00:00,998.2,1013,32,39,NA
2021-04-19 19:00:00,997.4,1012.2,32,39,NA
2021-04-19 20:00:00,997,1011.9,31.4,41,NA
2021-04-19 21:00:00,997.2,1012.1,29.6,47,NA
2021-04-19 22:00:00,997.3,1012.3,27.6,56,NA
2021-04-19 23:00:00,997.3,1012.3,25.4,63,NA
2021-04-20 00:00:00,NA,1012.9,23.8,68,NA
2021-04-21 00:00:00,996.1,NA,NA,NA,NA
2021-04-21 09:00:00,995.3,1010.1,21.6,66,NA
2021-04-21 10:00:00,995.6,1010.5,21.2,67,NA
2021-04-21 11:00:00,996.4,1011.3,22,66,NA
2021-04-21 12:00:00,996.8,1011.7,23.2,64,NA
2021-04-21 13:00:00,996.6,1011.5,28,52,NA
2021-04-21 14:00:00,996.4,1011.1,30.2,47,NA
2021-04-21 15:00:00,996.4,1011.1,31,44,NA
2021-04-21 16:00:00,995.7,1010.4,32.6,41,NA
2021-04-21 17:00:00,994.6,1009.3,34.2,37,NA
2021-04-21 18:00:00,994.1,1008.7,33.8,38,NA
2021-04-21 19:00:00,993.6,1008.2,33.6,38,NA
2021-04-21 20:00:00,993.6,1008.2,33.7,37,NA
2021-04-21 21:00:00,993.6,1008.3,32,41,NA
2021-04-21 22:00:00,993.8,1008.6,30.2,47,NA
2021-04-21 23:00:00,994.1,1008.9,28.2,54,NA
2021-04-22 00:00:00,NA,1009.3,27,56,NA
2021-04-23 00:00:00,995.8,NA,NA,NA,NA
2021-04-23 09:00:00,NA,1011.2,17.4,94,NA
2021-04-23 10:00:00,NA,1011.7,18,92,NA
2021-04-23 11:00:00,NA,1012.8,18.4,92,NA
2021-04-23 12:00:00,NA,1012.7,20.8,82,NA
2021-04-23 13:00:00,NA,1012.2,23.8,71,NA
2021-04-23 14:00:00,NA,1011.6,25,67,NA
2021-04-23 15:00:00,NA,1010.6,26.6,62,NA
2021-04-23 16:00:00,NA,1009.8,26.6,64,NA
2021-04-23 17:00:00,NA,1009.1,28,59,NA
2021-04-23 18:00:00,NA,1008.9,26.6,66,NA
2021-04-23 19:00:00,NA,1008.5,25.4,78,NA
2021-04-23 20:00:00,NA,1008.5,26.4,71,NA
2021-04-23 21:00:00,NA,1008.5,25.8,76,NA
2021-04-23 22:00:00,NA,1008.8,25.2,79,NA
2021-04-23 23:00:00,NA,1009.2,24.6,83,NA
2021-04-24 00:00:00,NA,1010,24.3,84,NA
2021-04-25 09:00:00,NA,1017.9,18,94,NA
2021-04-25 10:00:00,NA,1018.4,17.8,92,NA
2021-04-25 11:00:00,NA,1019.2,16.6,94,NA
2021-04-25 12:00:00,NA,1020,17.3,89,NA
2021-04-25 13:00:00,NA,1020.3,19.2,79,NA
2021-04-25 14:00:00,NA,1020.5,20.8,70,NA
2021-04-25 15:00:00,NA,1020.5,22,65,NA
2021-04-25 16:00:00,NA,1019.8,22.8,62,NA
2021-04-25 17:00:00,NA,1018.4,23.6,57,NA
2021-04-25 18:00:00,NA,1017.6,23.6,53,NA
2021-04-25 19:00:00,NA,1017.3,24.5,50,NA
2021-04-25 20:00:00,NA,1017.3,24.6,49,NA
2021-04-25 21:00:00,NA,1017.4,23,55,NA
2021-04-25 22:00:00,NA,1017.4,21.2,66,NA
2021-04-25 23:00:00,NA,1018.2,19.4,74,NA
2021-04-26 00:00:00,NA,1018.8,18.6,75,NA
2021-04-27 09:00:00,NA,1018.1,11.2,90,NA
2021-04-27 10:00:00,NA,1018.9,10.4,92,NA
2021-04-27 11:00:00,NA,1019.3,10.7,92,NA
2021-04-27 12:00:00,NA,1019.9,14.8,87,NA
2021-04-27 13:00:00,NA,1020.5,17.8,73,NA
2021-04-27 14:00:00,NA,1021,20.6,55,NA
2021-04-27 15:00:00,NA,1020.2,22,51,NA
2021-04-27 16:00:00,NA,1019.4,23.8,41,NA
2021-04-27 17:00:00,NA,1018.9,23.8,48,NA
2021-04-27 18:00:00,NA,1018,24.2,47,NA
2021-04-27 19:00:00,NA,1017.2,24.4,48,NA
2021-04-27 20:00:00,NA,1016.6,24,49,NA
2021-04-27 21:00:00,NA,1016.7,23,54,NA
2021-04-27 22:00:00,NA,1017.3,21,65,NA
2021-04-27 23:00:00,NA,1017.9,18.8,70,NA
2021-04-28 00:00:00,1003,NA,17.4,76,NA
2021-04-28 09:00:00,1004,NA,12.2,90,NA
2021-04-28 10:00:00,1004.2,NA,12,90,NA
2021-04-28 11:00:00,1005.6,NA,12.2,90,NA
2021-04-28 12:00:00,1005.8,NA,14.8,78,NA
2021-04-28 13:00:00,1006.6,NA,18.2,64,NA
2021-04-28 14:00:00,1006.9,NA,20.4,53,NA
2021-04-28 15:00:00,1006.8,NA,22,45,NA
2021-04-28 16:00:00,1006.4,NA,22.8,44,NA
2021-04-28 17:00:00,1005.2,NA,24.4,43,NA
2021-04-28 18:00:00,1004.8,NA,24.8,42,NA
2021-04-28 19:00:00,1004,NA,25.3,38,NA
2021-04-28 20:00:00,1004.2,NA,24.6,39,NA
2021-04-28 21:00:00,1004.4,NA,23,48,NA
2021-04-28 22:00:00,1004.6,NA,20.5,59,NA
2021-04-28 23:00:00,1004.9,NA,19,63,NA
2021-04-29 09:00:00,NA,1021.1,10.2,95,NA
2021-04-29 10:00:00,NA,1021.8,10.1,95,NA
2021-04-29 11:00:00,NA,1022.6,12,93,NA
2021-04-29 12:00:00,NA,1022.9,15,83,NA
2021-04-29 13:00:00,NA,1023.2,19.4,64,NA
2021-04-29 14:00:00,NA,1022.5,21.2,56,NA
2021-04-29 15:00:00,NA,1022.3,22,51,NA
2021-04-29 16:00:00,NA,1022,23.4,47,NA
2021-04-29 17:00:00,NA,1021.3,24.4,45,NA
2021-04-29 18:00:00,NA,1020.1,25,44,NA
2021-04-29 19:00:00,NA,1019.6,25.1,37,NA
2021-04-29 20:00:00,NA,1019.3,25.2,40,NA
2021-04-29 21:00:00,NA,1019.1,24,41,NA
2021-04-29 22:00:00,NA,1019.4,20.3,64,NA
2021-04-29 23:00:00,NA,1019.5,17.8,71,NA
2021-04-30 00:00:00,1004.4,NA,16.4,73,NA
2021-04-30 09:00:00,1002.9,NA,10,94,NA
2021-04-30 10:00:00,1003.2,NA,10.1,92,NA
2021-04-30 11:00:00,1003.3,NA,10.6,89,NA
2021-04-30 12:00:00,1003.7,NA,15,78,NA
2021-04-30 13:00:00,1003.7,NA,20.4,61,NA
2021-04-30 14:00:00,1003.8,NA,23.2,49,NA
2021-04-30 15:00:00,1003,NA,25.8,41,NA
2021-04-30 16:00:00,1001.8,NA,27,39,NA
2021-04-30 17:00:00,1001.2,NA,27.8,39,NA
2021-04-30 18:00:00,1000,NA,29,36,NA
2021-04-30 19:00:00,999.4,NA,28.6,40,NA
2021-04-30 20:00:00,998.6,NA,27.8,42,NA
2021-04-30 21:00:00,998.5,NA,26.2,50,NA
2021-04-30 22:00:00,998.4,NA,23.2,64,NA
2021-04-30 23:00:00,998.5,NA,21.4,70,NA
2021-05-01 09:00:00,NA,1013.4,15,91,NA
2021-05-01 10:00:00,NA,1013.8,14.8,91,NA
2021-05-01 11:00:00,NA,1014.7,15,91,NA
2021-05-01 12:00:00,NA,1015.1,18.5,78,NA
2021-05-01 13:00:00,NA,1015.5,22.4,68,NA
2021-05-01 14:00:00,NA,1015.4,26.2,56,NA
2021-05-01 15:00:00,NA,1015.1,27,53,NA
2021-05-01 16:00:00,NA,1013.9,29.2,45,NA
2021-05-01 22:00:00,NA,1011.3,26,61,NA
2021-05-01 23:00:00,NA,1012,23.8,69,NA
2021-05-02 00:00:00,997.6,NA,22.8,76,NA
2021-05-02 09:00:00,996.9,NA,20.4,76,NA
2021-05-02 10:00:00,997.6,NA,20.4,75,NA
2021-05-02 11:00:00,998.4,NA,20.4,76,NA
2021-05-02 12:00:00,998.9,NA,21.2,75,NA
2021-05-02 13:00:00,998.9,NA,23.4,68,NA
2021-05-02 14:00:00,999,NA,27.6,56,NA
2021-05-02 15:00:00,998.8,NA,30.2,52,NA
2021-05-02 16:00:00,997.7,NA,31.6,48,NA
2021-05-02 17:00:00,996.2,NA,32.3,47,NA
2021-05-02 18:00:00,995.6,NA,32,46,NA
2021-05-02 19:00:00,994.9,NA,32.6,45,NA
2021-05-02 20:00:00,994.5,NA,32,46,NA
2021-05-02 21:00:00,994.4,NA,30.3,51,NA
2021-05-02 22:00:00,994.8,NA,27.4,66,NA
2021-05-02 23:00:00,994.6,NA,26.6,66,NA
2021-05-03 09:00:00,NA,1008.7,22.6,83,NA
2021-05-03 10:00:00,NA,1009,22.6,83,NA
2021-05-03 11:00:00,NA,1009.7,23.8,78,NA
2021-05-03 12:00:00,NA,1009.9,25.2,75,NA
2021-05-03 13:00:00,NA,1010.1,28,68,NA
2021-05-03 14:00:00,NA,1010.3,29.6,63,NA
2021-05-03 15:00:00,NA,1009.3,31.4,57,NA
2021-05-03 16:00:00,NA,1008.5,32.4,52,NA
2021-05-03 17:00:00,NA,1006.9,33.6,47,NA
2021-05-03 18:00:00,NA,1006.2,33.2,47,NA
2021-05-03 19:00:00,NA,1005.4,33.4,45,NA
2021-05-03 20:00:00,NA,1005,33,48,NA
2021-05-03 21:00:00,NA,1005.1,31,53,NA
2021-05-03 22:00:00,NA,1005.2,29.8,58,NA
2021-05-03 23:00:00,NA,1005.8,28,67,NA
2021-05-04 00:00:00,991.7,NA,27,69,NA
2021-05-04 09:00:00,995,NA,22.6,84,NA
2021-05-04 10:00:00,996.2,NA,22,85,NA
2021-05-04 11:00:00,997.4,NA,23.2,81,NA
2021-05-04 12:00:00,998,NA,25.5,73,NA
2021-05-04 13:00:00,998.4,NA,28,66,NA
2021-05-04 14:00:00,998.8,NA,30.4,60,NA
2021-05-04 15:00:00,998,NA,32,54,NA
2021-05-04 16:00:00,997.3,NA,32.4,51,NA
2021-05-04 17:00:00,997.2,NA,30.6,59,NA
2021-05-04 18:00:00,996.1,NA,32.2,57,NA
2021-05-04 19:00:00,996.9,NA,25.6,76,NA
2021-05-04 20:00:00,998.4,NA,20.6,88,NA
2021-05-04 21:00:00,999.7,NA,19,88,NA
2021-05-04 22:00:00,1000.5,NA,17.6,88,NA
2021-05-04 23:00:00,1001.6,NA,16.8,87,NA
2021-05-05 09:00:00,NA,1021.4,9.8,95,NA
2021-05-05 10:00:00,NA,1021.9,9.6,95,NA
2021-05-05 11:00:00,NA,1023.1,9.6,95,NA
2021-05-05 12:00:00,NA,1023.1,9.8,97,NA
2021-05-05 13:00:00,NA,1023.4,10.2,95,NA
2021-05-05 14:00:00,NA,1023.8,10.6,95,NA
2021-05-05 15:00:00,NA,1023.3,11,92,NA
2021-05-05 16:00:00,NA,1022.3,11.2,95,NA
2021-05-05 17:00:00,NA,1022.2,11.2,95,NA
2021-05-05 18:00:00,NA,1021.3,11.6,95,NA
2021-05-05 19:00:00,NA,1020.8,11.6,92,NA
2021-05-05 20:00:00,NA,1020.9,11.4,95,NA
2021-05-05 21:00:00,NA,1021.4,11.4,95,NA
2021-05-05 22:00:00,NA,1021.9,11.3,94,NA
2021-05-05 23:00:00,NA,1022.2,11.2,95,NA
2021-05-06 00:00:00,1007.8,NA,10.8,94,NA
2021-05-06 09:00:00,1009.8,NA,11.2,94,NA
2021-05-06 10:00:00,1010.6,NA,10.8,94,NA
2021-05-06 11:00:00,1011.2,NA,10.6,94,NA
2021-05-06 12:00:00,1012,NA,11,92,NA
2021-05-06 13:00:00,1012.6,NA,11.2,92,NA
2021-05-06 14:00:00,1012.8,NA,12.2,88,NA
2021-05-06 15:00:00,1012.2,NA,13.6,80,NA
2021-05-06 16:00:00,1011.7,NA,15,70,NA
2021-05-06 17:00:00,1010.5,NA,15.7,66,NA
2021-05-06 18:00:00,1009.7,NA,16.6,60,NA
2021-05-06 19:00:00,1009.2,NA,17.6,56,NA
2021-05-06 20:00:00,1008.9,NA,17.7,53,NA
2021-05-06 21:00:00,1009,NA,17,59,NA
2021-05-06 22:00:00,1009,NA,14.8,75,NA
2021-05-06 23:00:00,1009.3,NA,12.8,86,NA
2021-05-07 09:00:00,NA,1023.5,7.4,92,NA
2021-05-07 10:00:00,NA,1024.1,6.7,93,NA
2021-05-07 11:00:00,NA,1025.6,7.7,93,NA
2021-05-07 12:00:00,NA,1025.8,9.8,85,NA
2021-05-07 13:00:00,NA,1026.2,14.4,70,NA
2021-05-07 14:00:00,NA,1026,16.2,60,NA
2021-05-07 15:00:00,NA,1025.8,17.8,52,NA
2021-05-07 16:00:00,NA,1024.4,18.6,51,NA
2021-05-07 17:00:00,NA,1023,19.8,46,NA
2021-05-07 18:00:00,NA,1022,21,44,NA
2021-05-07 19:00:00,NA,1021.4,20.8,45,NA
2021-05-07 20:00:00,NA,1021.1,20.6,45,NA
2021-05-07 21:00:00,NA,1021,19,52,NA
2021-05-07 22:00:00,NA,1021.3,16,70,NA
2021-05-07 23:00:00,NA,1021.7,14.6,72,NA
2021-05-08 00:00:00,1006.6,NA,13,77,NA
2021-05-08 09:00:00,1006.4,NA,8.6,94,NA
2021-05-08 10:00:00,1006.8,NA,8.2,92,NA
2021-05-08 11:00:00,1007.3,NA,8.6,91,NA
2021-05-08 12:00:00,1007.7,NA,11,87,NA
2021-05-08 13:00:00,1007.8,NA,15,74,NA
2021-05-08 14:00:00,1008,NA,18.4,61,NA
2021-05-08 15:00:00,1007.2,NA,20.5,52,NA
2021-05-08 16:00:00,1006.2,NA,21.6,47,NA
2021-05-08 17:00:00,1005.2,NA,23,42,NA
2021-05-08 18:00:00,1004.1,NA,23.6,39,NA
2021-05-08 19:00:00,1003.7,NA,23.8,39,NA
2021-05-08 20:00:00,1003.2,NA,22.6,36,NA
2021-05-08 21:00:00,1003.2,NA,21.2,49,NA
2021-05-08 22:00:00,1003.4,NA,18.8,64,NA
2021-05-08 23:00:00,1003.6,NA,17.4,70,NA
2021-05-09 09:00:00,NA,1017.7,16,79,NA
2021-05-09 10:00:00,NA,1018.1,16.4,78,NA
2021-05-09 11:00:00,NA,1018.4,16.6,80,NA
2021-05-09 12:00:00,NA,1018.6,19.4,69,NA
2021-05-09 13:00:00,NA,1019.2,21,65,NA
2021-05-09 14:00:00,NA,1019.6,23.2,58,NA
2021-05-09 15:00:00,NA,1018.8,25.8,53,NA
2021-05-09 16:00:00,NA,1017.9,27.6,50,NA
2021-05-09 17:00:00,NA,1016.6,28.1,47,NA
2021-05-09 18:00:00,NA,1015.6,29.2,45,NA
2021-05-09 19:00:00,NA,1015.4,28.6,46,NA
2021-05-09 20:00:00,NA,1015,28.6,47,NA
2021-05-09 21:00:00,NA,1014.9,27,54,NA
2021-05-09 22:00:00,NA,1015.6,24.4,67,NA
2021-05-09 23:00:00,NA,1016.2,23,72,NA
2021-05-10 00:00:00,1001.7,NA,21.8,75,NA
2021-05-10 09:00:00,1002.2,NA,19,90,NA
2021-05-10 10:00:00,1002.8,NA,18.6,90,NA
2021-05-10 11:00:00,1003.6,NA,18.4,90,NA
2021-05-10 12:00:00,1004.6,NA,19,88,NA
2021-05-10 13:00:00,1005,NA,19.8,85,NA
2021-05-10 14:00:00,1005.2,NA,20.4,83,NA
2021-05-10 15:00:00,1004.9,NA,20.4,83,NA
2021-05-10 16:00:00,1004.6,NA,21,78,NA
2021-05-10 17:00:00,1003.2,NA,22.3,73,NA
2021-05-10 18:00:00,1002.6,NA,22.3,72,NA
2021-05-10 19:00:00,1002.5,NA,21.7,71,NA
2021-05-10 20:00:00,1002.1,NA,20.6,71,NA
2021-05-10 21:00:00,1002.6,NA,19.7,73,NA
2021-05-10 22:00:00,1003.2,NA,18.3,76,NA
2021-05-10 23:00:00,1003.8,NA,17.5,79,NA
2021-05-11 09:00:00,NA,1020.2,14.4,91,NA
2021-05-11 10:00:00,NA,1020.8,14.2,91,NA
2021-05-11 11:00:00,NA,1021.1,14.4,91,NA
2021-05-11 12:00:00,NA,1021.8,15.4,87,NA
2021-05-11 13:00:00,NA,1022.3,15.8,85,NA
2021-05-11 14:00:00,NA,1022.3,16.4,82,NA
2021-05-11 15:00:00,NA,1021.9,17.2,78,NA
2021-05-11 16:00:00,NA,1021,17.8,77,NA
2021-05-11 17:00:00,NA,1020.2,18.8,68,NA
2021-05-11 18:00:00,NA,1019.7,18.6,67,NA
2021-05-11 19:00:00,NA,1019.2,18.4,68,NA
2021-05-11 20:00:00,NA,1019.2,18.6,68,NA
2021-05-11 21:00:00,NA,1019.2,18,75,NA
2021-05-11 22:00:00,NA,1019.8,17.6,77,NA
2021-05-12 00:00:00,1005.6,NA,16.6,77,NA
2021-05-12 09:00:00,1006,NA,10.3,91,NA
2021-05-12 10:00:00,1007.2,NA,9.5,92,NA
2021-05-12 11:00:00,1007.8,NA,9.3,91,NA
2021-05-12 12:00:00,1008.4,NA,11.6,78,NA
2021-05-12 13:00:00,1008.8,NA,14.4,66,NA
2021-05-12 14:00:00,1008.9,NA,16.7,57,NA
2021-05-12 15:00:00,1008.6,NA,17.8,50,NA
2021-05-12 16:00:00,1007.7,NA,19.3,43,NA
2021-05-12 17:00:00,1006.8,NA,20,40,NA
2021-05-12 18:00:00,1005.7,NA,20.8,37,NA
2021-05-12 19:00:00,1005.3,NA,21.6,34,NA
2021-05-12 20:00:00,1004.9,NA,21.4,34,NA
2021-05-12 21:00:00,1004.9,NA,19.6,41,NA
2021-05-12 23:00:00,1004.9,NA,14.8,55,NA
2021-05-13 09:00:00,NA,1019.5,7.4,92,NA
2021-05-13 10:00:00,NA,1019.8,6.8,94,NA
2021-05-13 11:00:00,NA,1020,6.8,94,NA
2021-05-13 12:00:00,NA,1020.4,10.6,85,NA
2021-05-13 13:00:00,NA,1021.1,14.8,68,NA
2021-05-13 14:00:00,NA,1020.9,18,54,NA
2021-05-13 15:00:00,NA,1020.1,20.4,44,NA
2021-05-13 16:00:00,NA,1019.4,21.4,36,NA
2021-05-13 17:00:00,NA,1018.3,22.4,35,NA
2021-05-13 18:00:00,NA,1017.9,22.4,36,NA
2021-05-13 19:00:00,NA,1017.6,22.8,39,NA
2021-05-13 20:00:00,NA,1017.7,22.6,39,NA
2021-05-13 21:00:00,NA,1018.3,21,48,NA
2021-05-13 22:00:00,NA,1018.7,19.4,57,NA
2021-05-13 23:00:00,NA,1019,17.8,71,NA
2021-05-14 00:00:00,1003.6,NA,17.4,70,NA
2021-05-14 09:00:00,1002.5,NA,11.8,90,NA
2021-05-14 10:00:00,1003,NA,11.4,91,NA
2021-05-14 11:00:00,1003,NA,11.9,91,NA
2021-05-14 12:00:00,1003.7,NA,13.1,78,NA
2021-05-14 13:00:00,1004.4,NA,17.7,75,NA
2021-05-14 15:00:00,1003.6,NA,22.2,60,NA
2021-05-14 16:00:00,1002.8,NA,23.6,56,NA
2021-05-14 18:00:00,1001.3,NA,25.4,49,NA
2021-05-14 19:00:00,1000.4,NA,25.4,49,NA
2021-05-14 20:00:00,1000.1,NA,24.8,51,NA
2021-05-14 21:00:00,1000.1,NA,23.7,56,NA
2021-05-14 22:00:00,1000.4,NA,21,70,NA
2021-05-14 23:00:00,1000.8,NA,20,73,NA
2021-05-15 09:00:00,NA,1015.9,15,96,NA
2021-05-15 10:00:00,NA,1016.5,14.9,97,NA
2021-05-15 11:00:00,NA,1017.4,14.7,97,NA
2021-05-15 12:00:00,NA,1018,15.9,94,NA
2021-05-15 13:00:00,NA,1018.2,20.6,84,NA
2021-05-15 14:00:00,NA,1018.1,23.2,75,NA
2021-05-15 15:00:00,NA,1017.5,25.6,62,NA
2021-05-15 16:00:00,NA,1017.2,26.4,52,NA
2021-05-15 17:00:00,NA,1015.8,27.8,47,NA
2021-05-15 18:00:00,NA,1015.2,28,46,NA
2021-05-15 19:00:00,NA,1014.6,27.4,49,NA
2021-05-15 20:00:00,NA,1014.4,27,48,NA
2021-05-15 21:00:00,NA,1014.7,25.7,59,NA
2021-05-15 22:00:00,NA,1015.1,23,67,NA
2021-05-15 23:00:00,NA,1015.7,21.3,75,NA
2021-05-16 00:00:00,1000.6,NA,20.2,78,NA
2021-05-16 09:00:00,1000.9,NA,15.8,93,NA
2021-05-16 10:00:00,1001.3,NA,15.6,93,NA
2021-05-16 11:00:00,1001.7,NA,16.4,93,NA
2021-05-16 12:00:00,1002.2,NA,18.8,86,NA
2021-05-16 13:00:00,1002.2,NA,22.2,75,NA
2021-05-16 14:00:00,1002.9,NA,25,67,NA
2021-05-16 15:00:00,1002.2,NA,27,59,NA
2021-05-16 16:00:00,1002.1,NA,27.6,54,NA
2021-05-16 17:00:00,1001.3,NA,27.4,56,NA
2021-05-16 18:00:00,1000.4,NA,27.6,55,NA
2021-05-16 19:00:00,999.8,NA,27.4,55,NA
2021-05-16 20:00:00,1000,NA,27.5,56,NA
2021-05-16 21:00:00,1000.2,NA,26.6,60,NA
2021-05-16 22:00:00,1000.4,NA,24.2,71,NA
2021-05-16 23:00:00,1000.8,NA,23,73,NA
2021-05-17 09:00:00,NA,1017.5,21,74,NA
2021-05-17 10:00:00,NA,1018.5,20.6,75,NA
2021-05-17 11:00:00,NA,1019.6,20,85,NA
2021-05-17 12:00:00,NA,1019.9,19.8,87,NA
2021-05-17 13:00:00,NA,1020,19.8,89,NA
2021-05-17 14:00:00,NA,1020.2,20.6,78,NA
2021-05-17 15:00:00,NA,1020.5,21.2,81,NA
2021-05-17 16:00:00,NA,1019.8,22.2,74,NA
2021-05-17 17:00:00,NA,1019.1,22.6,76,NA
2021-05-17 18:00:00,NA,1018.3,24.6,64,NA
2021-05-17 19:00:00,NA,1018.3,24.6,67,NA
2021-05-17 20:00:00,NA,1017.6,24.2,68,NA
2021-05-17 21:00:00,NA,1017.6,23.6,75,NA
2021-05-17 22:00:00,NA,1018,22.8,80,NA
2021-05-17 23:00:00,NA,1018,22.2,84,NA
2021-05-18 00:00:00,1003.2,NA,21.4,87,NA
2021-05-18 09:00:00,1002,NA,17.6,88,NA
2021-05-18 10:00:00,1002,NA,17.6,88,NA
2021-05-18 11:00:00,1002.4,NA,17.7,87,NA
2021-05-18 12:00:00,1002.5,NA,18.4,80,NA
2021-05-18 13:00:00,1003,NA,20.8,70,NA
2021-05-18 16:00:00,1002.1,NA,26,55,NA
2021-05-18 17:00:00,1000.5,NA,26.4,57,NA
2021-05-18 18:00:00,999.4,NA,27,51,NA
2021-05-18 20:00:00,998.6,NA,26.8,50,NA
2021-05-18 21:00:00,998.1,NA,25.4,60,NA
2021-05-18 22:00:00,998.2,NA,23.3,69,NA
2021-05-18 23:00:00,998.5,NA,21.8,74,NA
2021-05-19 09:00:00,NA,1011,18.2,84,NA
2021-05-19 10:00:00,NA,1011.5,18.2,81,NA
2021-05-19 11:00:00,NA,1011.7,18.6,79,NA
2021-05-19 12:00:00,NA,1011.9,19.8,73,NA
2021-05-19 13:00:00,NA,1012,21.8,68,NA
2021-05-19 14:00:00,NA,1012,24.8,61,NA
2021-05-19 15:00:00,NA,1011.2,27.7,55,NA
2021-05-19 16:00:00,NA,1009.6,30,50,NA
2021-05-19 17:00:00,NA,1008.8,30.2,50,NA
2021-05-19 18:00:00,NA,1008,31.4,48,NA
2021-05-19 19:00:00,NA,1006.9,31.4,45,NA
2021-05-19 20:00:00,NA,1006.7,31,43,NA
2021-05-19 21:00:00,NA,1006.6,29.6,49,NA
2021-05-19 22:00:00,NA,1007.1,27.3,56,NA
2021-05-19 23:00:00,NA,1007.8,26,61,NA
2021-05-20 00:00:00,993,NA,25.4,60,NA
2021-05-20 10:00:00,992.9,NA,20.1,75,NA
2021-05-20 11:00:00,993.3,NA,19.8,77,NA
2021-05-20 12:00:00,993.4,NA,23.2,64,NA
2021-05-20 13:00:00,993.4,NA,26,59,NA
2021-05-20 14:00:00,992.8,NA,29,54,NA
2021-05-20 16:00:00,991.6,NA,31.2,49,NA
2021-05-20 17:00:00,990.4,NA,32.2,47,NA
2021-05-20 18:00:00,990,NA,30.8,50,NA
2021-05-20 19:00:00,989.3,NA,31,51,NA
2021-05-20 20:00:00,989.3,NA,30,53,NA
2021-05-20 21:00:00,989.4,NA,29,58,NA
2021-05-20 22:00:00,989.4,NA,26.8,71,NA
2021-05-20 23:00:00,989.3,NA,25.4,73,NA
2021-05-21 09:00:00,NA,1003.4,19.8,89,NA
2021-05-21 10:00:00,NA,1003.8,19.8,89,NA
2021-05-21 11:00:00,NA,1004.1,19.9,88,NA
2021-05-21 12:00:00,NA,1004.6,22.8,80,NA
2021-05-21 13:00:00,NA,1003.9,25.8,69,NA
2021-05-21 14:00:00,NA,1003.8,28.2,62,NA
2021-05-21 15:00:00,NA,1003,29.7,58,NA
2021-05-21 16:00:00,NA,1003,29.8,55,NA
2021-05-21 17:00:00,NA,1002.6,31.6,50,NA
2021-05-21 18:00:00,NA,1002.6,32.2,47,NA
2021-05-21 19:00:00,NA,1002.8,30.8,54,NA
2021-05-21 20:00:00,NA,1003.2,30.2,75,NA
2021-05-21 21:00:00,NA,1005.4,27.8,61,NA
2021-05-21 22:00:00,NA,1006.3,24.2,68,NA
2021-05-21 23:00:00,NA,1008.1,22.8,62,NA
2021-05-22 00:00:00,994.4,NA,22.4,63,NA
2021-05-22 09:00:00,999.2,NA,15.8,65,NA
2021-05-22 10:00:00,1000,NA,15.6,65,NA
2021-05-22 11:00:00,1000.8,NA,15.2,66,NA
2021-05-22 12:00:00,1002.1,NA,15.5,64,NA
2021-05-22 13:00:00,1002.8,NA,16.4,55,NA
2021-05-22 14:00:00,1002.8,NA,18.2,50,NA
2021-05-22 15:00:00,1002.4,NA,19.2,44,NA
2021-05-22 16:00:00,1001.3,NA,19.8,41,NA
2021-05-22 17:00:00,1000.5,NA,20,42,NA
2021-05-22 18:00:00,1000,NA,20,39,NA
2021-05-22 19:00:00,999.6,NA,20.4,42,NA
2021-05-22 20:00:00,999.2,NA,20.4,38,NA
2021-05-22 21:00:00,999.6,NA,19.2,45,NA
2021-05-22 22:00:00,999.7,NA,17,55,NA
2021-05-22 23:00:00,1001.3,NA,15,62,NA
2021-05-23 09:00:00,NA,1020.1,7.6,80,NA
2021-05-23 10:00:00,NA,1021.2,7,80,NA
2021-05-23 11:00:00,NA,1022.3,6.6,80,NA
2021-05-23 12:00:00,NA,1023.5,9.7,63,NA
2021-05-23 13:00:00,NA,1023.8,13.6,55,NA
2021-05-23 14:00:00,NA,1024.1,16.2,47,NA
2021-05-23 15:00:00,NA,1023.5,18.4,41,NA
2021-05-23 16:00:00,NA,1022.1,20.4,31,NA
2021-05-23 17:00:00,NA,1021.3,21.2,32,NA
2021-05-23 18:00:00,NA,1020.6,22.2,28,NA
2021-05-23 19:00:00,NA,1020,22.2,25,NA
2021-05-23 20:00:00,NA,1019.7,21.6,29,NA
2021-05-23 21:00:00,NA,1020,20.2,34,NA
2021-05-23 22:00:00,NA,1020.1,17.4,48,NA
2021-05-23 23:00:00,NA,1020.4,14.6,52,NA
2021-05-24 00:00:00,NA,1021.2,12.6,62,NA
2021-05-25 09:00:00,NA,1016.5,8.2,89,NA
2021-05-25 10:00:00,NA,1017.1,8,89,NA
2021-05-25 11:00:00,NA,1017.9,8.2,89,NA
2021-05-25 12:00:00,NA,1018.3,11.4,78,NA
2021-05-25 13:00:00,NA,1019.4,15.1,64,NA
2021-05-25 14:00:00,NA,1019.5,19.6,48,NA
2021-05-25 15:00:00,NA,1019.3,22.3,42,NA
2021-05-25 16:00:00,NA,1018.6,23.6,39,NA
2021-05-25 17:00:00,NA,1018.1,23.6,37,NA
2021-05-25 18:00:00,NA,1017.9,23.4,36,NA
2021-05-25 19:00:00,NA,1016.8,24.2,30,NA
2021-05-25 20:00:00,NA,1016.8,24,32,NA
2021-05-25 21:00:00,NA,1017.1,22.4,49,NA
2021-05-25 22:00:00,NA,1017.7,19.6,60,NA
2021-05-25 23:00:00,NA,1018.8,17.2,69,NA
2021-05-26 00:00:00,NA,1019.4,15.4,75,NA
2021-05-27 09:00:00,NA,1013.4,14,87,NA
2021-05-27 10:00:00,NA,1013.8,13.6,91,NA
2021-05-27 11:00:00,NA,1014.2,13.4,91,NA
2021-05-27 12:00:00,NA,1014.6,15.6,81,NA
2021-05-27 13:00:00,NA,1014.6,19.6,64,NA
2021-05-27 14:00:00,NA,1014.4,22.7,57,NA
2021-05-27 15:00:00,NA,1013.4,23.2,57,NA
2021-05-27 16:00:00,NA,1012.2,24.5,56,NA
2021-05-27 17:00:00,995,1010.2,25.4,52,NA
2021-05-27 18:00:00,993.7,1008.7,27,50,NA
2021-05-27 19:00:00,992.6,1007.7,26.4,55,NA
2021-05-27 20:00:00,992.5,1007.6,25.8,62,NA
2021-05-27 21:00:00,992.2,1007.3,25.6,60,NA
2021-05-27 22:00:00,992,1007.1,23.6,69,NA
2021-05-27 23:00:00,991.8,1007,23.2,70,NA
2021-05-28 00:00:00,NA,1007.2,23,73,NA
2021-05-29 00:00:00,988.9,NA,NA,NA,NA
2021-05-29 09:00:00,992.4,1007.2,18.6,94,NA
2021-05-29 10:00:00,993.6,1008.5,18.4,94,NA
2021-05-29 11:00:00,994.9,1009.9,17.8,94,NA
2021-05-29 12:00:00,995.8,1010.9,18.6,90,NA
2021-05-29 13:00:00,996.8,1011.8,20,89,NA
2021-05-29 14:00:00,998.2,1013.3,21,86,NA
2021-05-29 15:00:00,998.8,1013.8,20.6,86,NA
2021-05-29 16:00:00,999,1014.1,20.4,84,NA
2021-05-29 17:00:00,998.6,1013.8,21,79,NA
2021-05-29 18:00:00,NA,1013.7,23,64,NA
2021-05-29 19:00:00,998.5,1013.6,23.6,60,NA
2021-05-29 20:00:00,999.2,1014.3,23.4,51,NA
2021-05-29 21:00:00,999.8,1015,22.2,56,NA
2021-05-29 22:00:00,1000.5,1015.7,20.6,62,NA
2021-05-29 23:00:00,1001.3,1016.6,19.2,60,NA
2021-05-30 00:00:00,NA,1017.3,17.8,62,NA
2021-05-31 00:00:00,1005.7,NA,NA,NA,NA
2021-05-31 09:00:00,1004.6,1020.2,8.6,79,NA
2021-05-31 10:00:00,1004.9,1020.6,7.2,83,NA
2021-05-31 11:00:00,1005.6,1021.3,7.6,83,NA
2021-05-31 12:00:00,NA,1021.7,10.2,68,NA
2021-05-31 13:00:00,1005.7,1021.3,14.4,56,NA
2021-05-31 14:00:00,NA,1021.2,18.6,41,NA
2021-05-31 15:00:00,1005.7,1021.1,19.6,46,NA
2021-05-31 16:00:00,1005,1020.4,21.2,34,NA
2021-05-31 17:00:00,1003.8,1019.3,22,33,NA
2021-05-31 18:00:00,1003.2,1018.6,24.2,23,NA
2021-05-31 19:00:00,1003,1018.4,24.4,20,NA
2021-05-31 20:00:00,1002.8,1018.3,24,24,NA
2021-05-31 21:00:00,1002.5,1018,22.4,32,NA
2021-05-31 22:00:00,1001.8,1017.4,18.2,49,NA
2021-05-31 23:00:00,1001.8,1017.4,16,56,NA
2021-06-01 00:00:00,NA,1017.8,14.2,60,NA
2021-06-02 00:00:00,993,NA,NA,NA,NA
2021-06-02 09:00:00,994.2,1009.4,17,90,NA
2021-06-02 10:00:00,994.9,1010.1,17.2,88,NA
2021-06-02 11:00:00,996.2,1011.5,17.2,90,NA
2021-06-02 12:00:00,996.9,1012.1,20.2,78,NA
2021-06-02 13:00:00,997.4,1012.5,24.6,67,NA
2021-06-02 14:00:00,997.7,1012.7,27.2,61,NA
2021-06-02 15:00:00,997.6,1012.5,30,54,NA
2021-06-02 16:00:00,997.2,1012.1,30.6,48,NA
2021-06-02 17:00:00,996.5,1011.4,31.2,46,NA
2021-06-02 18:00:00,996.2,1011.1,31.8,47,NA
2021-06-02 19:00:00,996.2,1011.1,30.6,50,NA
2021-06-02 20:00:00,996.6,1011.6,30,59,NA
2021-06-02 21:00:00,997,1012,29.2,61,NA
2021-06-02 22:00:00,997.4,1012.5,28.4,60,NA
2021-06-02 23:00:00,998.1,1013.1,25.6,74,NA
2021-06-03 00:00:00,NA,1013.6,24.6,71,NA
2021-06-04 00:00:00,996.2,NA,NA,NA,NA
2021-06-04 09:00:00,995.3,1010.1,22,81,NA
2021-06-04 10:00:00,995.7,1010.6,21.4,82,NA
2021-06-04 11:00:00,996.2,1011.2,21.4,82,NA
2021-06-04 12:00:00,996.5,1011.4,23.2,75,NA
2021-06-04 13:00:00,996.9,1011.7,26,65,NA
2021-06-04 14:00:00,996.4,1011.2,28.6,57,NA
2021-06-04 15:00:00,996,1010.8,30.8,50,NA
2021-06-04 16:00:00,994.8,1009.5,31.8,46,NA
2021-06-04 17:00:00,992.6,1007.4,32.2,47,NA
2021-06-04 18:00:00,991.8,1006.5,33.4,40,NA
2021-06-04 19:00:00,991.2,1005.8,33.8,38,NA
2021-06-04 20:00:00,991.2,1005.8,33,38,NA
2021-06-04 21:00:00,991.2,1005.9,31.4,40,NA
2021-06-04 22:00:00,991.2,1006,29.2,48,NA
2021-06-04 23:00:00,991.6,1006.5,27.2,51,NA
2021-06-05 00:00:00,NA,1007.9,26.4,56,NA
2021-06-06 00:00:00,996.5,NA,NA,NA,NA
2021-06-06 09:00:00,999.3,1014.4,17.6,90,NA
2021-06-06 10:00:00,999.8,1015,17.2,92,NA
2021-06-06 11:00:00,1000.5,1015.6,16.8,94,NA
2021-06-06 12:00:00,1001.2,1016.3,16.6,94,NA
2021-06-06 13:00:00,1001.2,1016.3,16.6,94,NA
2021-06-06 14:00:00,1001,1016.2,17,92,NA
2021-06-06 15:00:00,1000.8,1015.9,17.4,92,NA
2021-06-06 16:00:00,1000.1,1015.2,17.8,94,NA
2021-06-06 17:00:00,998.5,1013.6,18.2,88,NA
2021-06-06 18:00:00,998.6,1013.8,18,88,NA
2021-06-06 19:00:00,998.5,1013.7,18,90,NA
2021-06-06 20:00:00,NA,1013.5,18,92,NA
2021-06-06 21:00:00,998.4,1013.7,17.8,92,NA
2021-06-06 22:00:00,998.4,1013.7,17.6,94,NA
2021-06-06 23:00:00,998.2,1013.6,17.4,96,NA
2021-06-07 00:00:00,NA,1014.1,17.4,94,NA
2021-06-08 00:00:00,1000.6,NA,NA,NA,NA
2021-06-08 09:00:00,1000.4,1015.7,18,96,NA
2021-06-08 10:00:00,1000.6,1016,17.8,96,NA
2021-06-08 11:00:00,NA,1016.9,18.2,94,NA
2021-06-08 12:00:00,NA,1016.9,18.2,94,NA
2021-06-08 13:00:00,NA,1016.9,18.6,94,NA
2021-06-08 14:00:00,NA,1018.1,19.2,91,NA
2021-06-08 15:00:00,NA,1018.1,19.4,91,NA
2021-06-08 16:00:00,NA,1017.5,19.6,92,NA
2021-06-08 17:00:00,NA,1016.2,20.6,82,NA
2021-06-08 18:00:00,NA,1015.6,21,79,NA
2021-06-08 19:00:00,NA,1015.4,20.6,78,NA
2021-06-08 20:00:00,NA,1015.2,20.6,80,NA
2021-06-08 21:00:00,NA,1015.2,20,85,NA
2021-06-08 22:00:00,NA,1015.4,19,88,NA
2021-06-08 23:00:00,NA,1015.8,18.6,90,NA
2021-06-09 00:00:00,NA,1016.2,18,92,NA
2021-06-10 00:00:00,998.1,NA,NA,NA,NA
2021-06-10 09:00:00,999.3,1014.5,17.8,92,NA
2021-06-10 10:00:00,1000,1015.2,17.8,94,NA
2021-06-10 11:00:00,1001.2,1016.4,18,92,NA
2021-06-10 12:00:00,1001.4,1016.7,18.2,92,NA
2021-06-10 13:00:00,1002.8,1018,20,83,NA
2021-06-10 14:00:00,1005,1020.3,19,87,NA
2021-06-10 15:00:00,1004.1,1019.4,19.4,85,NA
2021-06-10 16:00:00,1003.8,1019.1,21.2,77,NA
2021-06-10 17:00:00,1002.6,1017.8,23.8,65,NA
2021-06-10 18:00:00,1002.4,1017.5,24.6,61,NA
2021-06-10 19:00:00,1002.4,1017.5,24.8,53,NA
2021-06-10 20:00:00,1002.4,1017.5,24.6,51,NA
2021-06-10 21:00:00,1002.6,1017.8,23.2,57,NA
2021-06-10 22:00:00,1003.7,1019,21.8,63,NA
2021-06-10 23:00:00,1004.4,1019.6,20.6,66,NA
2021-06-11 00:00:00,NA,1020.4,19.4,72,NA
2021-06-12 00:00:00,1006.6,NA,NA,NA,NA
2021-06-12 09:00:00,1004.8,1020.3,7.7,94,NA
2021-06-12 10:00:00,1005.4,1021.1,7.4,97,NA
2021-06-12 11:00:00,1005.8,1021.6,7.3,96,NA
2021-06-12 12:00:00,1006,1021.7,9.8,91,NA
2021-06-12 13:00:00,1005.8,1021.3,16.6,76,NA
2021-06-12 14:00:00,1005.8,1021.2,19,64,NA
2021-06-12 15:00:00,NA,1020.6,22.4,53,NA
2021-06-12 16:00:00,1004.9,1020.2,23.8,45,NA
2021-06-12 17:00:00,1003.6,1019,24.2,47,NA
2021-06-12 18:00:00,1002.9,1018.3,25.2,35,NA
2021-06-12 19:00:00,1002.4,1017.8,24.8,36,NA
2021-06-12 20:00:00,1001.4,1016.9,24.4,39,NA
2021-06-12 21:00:00,1001.8,1017.3,22.8,42,NA
2021-06-12 22:00:00,1002,1017.6,18,70,NA
2021-06-12 23:00:00,1002.2,1018,16.4,70,NA
2021-06-13 00:00:00,NA,1018.1,15.2,75,NA
2021-06-13 23:00:00,999.3,NA,NA,NA,NA
2021-06-14 00:00:00,999.6,NA,NA,NA,NA
2021-06-14 09:00:00,999.8,1015.2,10,87,NA
2021-06-14 10:00:00,1000,1015.4,9.8,90,NA
2021-06-14 11:00:00,1001,1016.6,9.4,89,NA
2021-06-14 12:00:00,1002,1017.4,14,74,NA
2021-06-14 13:00:00,1002.5,1017.9,18.4,63,NA
2021-06-14 14:00:00,1002.9,1018.1,22.2,51,NA
2021-06-14 15:00:00,1002.5,1017.7,25.6,45,NA
2021-06-14 16:00:00,1002.2,1017.4,27.2,39,NA
2021-06-14 17:00:00,1001.2,1016.3,28.2,37,NA
2021-06-14 18:00:00,1000.8,1015.8,28,40,NA
2021-06-14 19:00:00,1000.2,1015.3,28.2,38,NA
2021-06-14 20:00:00,1000.1,1015.3,26.8,43,NA
2021-06-14 21:00:00,1000.5,1015.8,25.6,48,NA
2021-06-14 22:00:00,1000.9,1016.3,22.4,60,NA
2021-06-14 23:00:00,1001.7,1017.2,19.8,66,NA
2021-06-15 00:00:00,NA,1018.4,18.6,72,NA
2021-06-16 09:00:00,NA,1022.5,13.6,90,NA
2021-06-16 10:00:00,NA,1022.7,13.3,94,NA
2021-06-16 11:00:00,NA,1024.2,13,96,NA
2021-06-16 12:00:00,NA,1024.4,13.2,96,NA
2021-06-16 13:00:00,NA,1024.4,13.4,93,NA
2021-06-16 14:00:00,NA,1025,13.6,89,NA
2021-06-16 15:00:00,1008.8,1024.4,14.4,81,NA
2021-06-16 16:00:00,1008.5,1024.1,14.6,80,NA
2021-06-16 17:00:00,1007.8,1023.5,14.4,76,NA
2021-06-16 18:00:00,1006.9,1022.5,15,73,NA
2021-06-16 19:00:00,1006.8,1022.3,15.8,67,NA
2021-06-16 20:00:00,1006.8,1022.3,15.4,65,NA
2021-06-16 21:00:00,1006.9,1022.5,14.6,70,NA
2021-06-16 22:00:00,1007.6,1023.2,13.2,75,NA
2021-06-16 23:00:00,1008.8,1024.5,12.8,75,NA
2021-06-17 00:00:00,NA,1025.6,12.2,77,NA
2021-06-18 00:00:00,1008.6,NA,NA,NA,NA
2021-06-18 09:00:00,1009,1024.9,10,75,NA
2021-06-18 10:00:00,1009.3,1025.1,9.8,77,NA
2021-06-18 11:00:00,1009.4,1025.3,9.8,75,NA
2021-06-18 12:00:00,1009.7,1025.6,10,75,NA
2021-06-18 13:00:00,1010,1025.8,10.8,71,NA
2021-06-18 14:00:00,1010.1,1025.9,11.6,67,NA
2021-06-18 15:00:00,1009.7,1025.5,12.4,64,NA
2021-06-18 16:00:00,1006.1,1021.8,14.2,58,NA
2021-06-18 17:00:00,NA,1021.8,14.3,57,NA
2021-06-18 18:00:00,NA,1020.9,14.4,56,NA
2021-06-18 19:00:00,1004.9,1020.6,14.6,58,NA
2021-06-18 20:00:00,1004.6,1020.3,14.4,58,NA
2021-06-18 21:00:00,1004.9,1020.6,13.8,63,NA
2021-06-18 22:00:00,1006.1,1021.9,13.3,66,NA
2021-06-18 23:00:00,1006.2,1022,12.7,68,NA
2021-06-19 00:00:00,NA,1022.2,12.5,69,NA
2021-06-19 23:00:00,1007,NA,NA,NA,NA
2021-06-20 00:00:00,1007.8,NA,NA,NA,NA
2021-06-20 09:00:00,1006.2,1022,5.2,88,NA
2021-06-20 10:00:00,1006.2,1022.1,4.6,90,NA
2021-06-20 11:00:00,NA,1022.2,4.8,89,NA
2021-06-20 12:00:00,1006.8,1022.7,5.9,87,NA
2021-06-20 13:00:00,1007.4,1023.3,9.6,77,NA
2021-06-20 14:00:00,1006.9,1022.7,14.6,64,NA
2021-06-20 15:00:00,1006.2,1021.9,16.8,54,NA
2021-06-20 16:00:00,1004.9,1020.5,18.6,46,NA
2021-06-20 17:00:00,1003.6,1019.3,19,47,NA
2021-06-20 18:00:00,1002.5,1018.2,19,47,NA
2021-06-20 19:00:00,1001.8,1017.5,19.2,47,NA
2021-06-20 20:00:00,1001.7,1017.4,18.4,51,NA
2021-06-20 21:00:00,1002,1017.7,17.2,60,NA
2021-06-20 22:00:00,1002.2,1018,15.4,67,NA
2021-06-20 23:00:00,1003,1018.9,14.6,72,NA
2021-06-21 00:00:00,NA,1019.4,14.6,74,NA
2021-06-22 00:00:00,1004,NA,NA,NA,NA
2021-06-22 09:00:00,1003.4,1018.9,14.4,85,NA
2021-06-22 10:00:00,1003.8,1019.3,14.2,89,NA
2021-06-22 11:00:00,1004.5,1020,14,91,NA
2021-06-22 12:00:00,1004.8,1020.3,14.2,89,NA
2021-06-22 13:00:00,1005.4,1021,14.8,87,NA
2021-06-22 14:00:00,1005.6,1021.1,16,77,NA
2021-06-22 15:00:00,NA,1020.9,17,67,NA
2021-06-22 16:00:00,NA,1020,17.4,60,NA
2021-06-22 17:00:00,NA,1018,17.6,64,NA
2021-06-22 18:00:00,NA,1017.1,17.6,62,NA
2021-06-22 19:00:00,NA,1015.9,17.8,61,NA
2021-06-22 20:00:00,NA,1016,17.2,65,NA
2021-06-22 21:00:00,NA,1015.6,16.6,72,NA
2021-06-22 22:00:00,NA,1016.1,16,75,NA
2021-06-22 23:00:00,NA,1016.1,15.8,79,NA
2021-06-23 00:00:00,NA,1016.5,15.4,83,NA
2021-06-24 00:00:00,988.4,NA,NA,NA,NA
2021-06-24 09:00:00,996,1011.2,16.9,83,NA
2021-06-24 10:00:00,997,1012.3,16.4,84,NA
2021-06-24 11:00:00,999.2,1014.4,16.4,78,NA
2021-06-24 12:00:00,999.6,1014.7,16.4,78,NA
2021-06-24 13:00:00,1000.5,1015.7,17,74,NA
2021-06-24 14:00:00,1000.5,1015.7,18.2,68,NA
2021-06-24 15:00:00,1000.5,1015.6,20,55,NA
2021-06-24 16:00:00,1000.2,1015.4,21.2,53,NA
2021-06-24 17:00:00,999.7,1015,22,49,NA
2021-06-24 18:00:00,999.3,1014.6,22.4,46,NA
2021-06-24 19:00:00,998.9,1014.2,22.6,47,NA
2021-06-24 20:00:00,998.9,1014.2,22,47,NA
2021-06-24 21:00:00,999.3,1014.5,20.8,53,NA
2021-06-24 22:00:00,999.8,1015.2,17.8,66,NA
2021-06-24 23:00:00,1000.2,1015.7,16.6,70,NA
2021-06-25 00:00:00,NA,1016.2,15.4,71,NA
2021-06-26 00:00:00,994.2,NA,NA,NA,NA
2021-06-26 09:00:00,991.8,1006.9,17.6,88,NA
2021-06-26 10:00:00,NA,1007,17.6,90,NA
2021-06-26 11:00:00,NA,1007.6,17.6,90,NA
2021-06-26 12:00:00,NA,1008.3,18,90,NA
2021-06-26 13:00:00,NA,1009.2,19.2,85,NA
2021-06-26 14:00:00,NA,1009.5,20.6,80,NA
2021-06-26 15:00:00,NA,1009.8,20.4,80,NA
2021-06-26 16:00:00,NA,1010.5,19.8,80,NA
2021-06-26 17:00:00,NA,1010.7,18.6,88,NA
2021-06-26 18:00:00,NA,1011,17.6,88,NA
2021-06-26 19:00:00,NA,1011.5,17.6,76,NA
2021-06-26 20:00:00,NA,1013.4,17,73,NA
2021-06-26 21:00:00,NA,1013.9,16.8,70,NA
2021-06-26 22:00:00,NA,1015.3,16.2,70,NA
2021-06-26 23:00:00,NA,1016.4,15.8,71,NA
2021-06-27 00:00:00,NA,1017.9,14.7,73,NA
2021-06-28 09:00:00,NA,1030.1,4.5,76,NA
2021-06-28 10:00:00,NA,1030.9,4,80,NA
2021-06-28 11:00:00,NA,1031,4.4,78,NA
2021-06-28 12:00:00,NA,1033.2,6,71,NA
2021-06-28 13:00:00,NA,1034.1,8.4,58,NA
2021-06-28 14:00:00,NA,1034.5,10.6,48,NA
2021-06-28 15:00:00,NA,1033.8,11.2,42,NA
2021-06-28 16:00:00,NA,1033.1,13.9,39,NA
2021-06-28 17:00:00,NA,1032.4,15.6,29,NA
2021-06-28 18:00:00,NA,1031.6,16.2,25,NA
2021-06-28 19:00:00,NA,1030.9,16,24,NA
2021-06-28 20:00:00,NA,1030.6,16.2,28,NA
2021-06-28 21:00:00,NA,1030.3,14.4,31,NA
2021-06-28 22:00:00,NA,1030.7,11,48,NA
2021-06-28 23:00:00,NA,1031.2,7.6,64,NA
2021-06-29 00:00:00,NA,1031.3,6.2,74,NA
2021-06-30 00:00:00,1012.4,NA,NA,NA,NA
2021-06-30 09:00:00,1011.3,1027.3,1.4,74,NA
2021-06-30 10:00:00,1012,1028.1,0,84,NA
2021-06-30 11:00:00,1012.4,1028.6,-0.6,88,NA
2021-06-30 12:00:00,1012.6,1028.8,3.4,73,NA
2021-06-30 13:00:00,1012.6,1028.7,10.2,49,NA
2021-06-30 14:00:00,1012.6,1028.6,14,34,NA
2021-06-30 15:00:00,1012.1,1027.9,17,29,NA
2021-06-30 16:00:00,1011.2,1027,18.2,25,NA
2021-06-30 17:00:00,1009,1024.8,19.6,22,NA
2021-06-30 18:00:00,1007.7,1023.5,20.2,22,NA
2021-06-30 19:00:00,1007,1022.8,19.6,22,NA
2021-06-30 20:00:00,1007,1022.8,19.4,19,NA
2021-06-30 21:00:00,1006.2,1022.1,17.6,28,NA
2021-06-30 22:00:00,1006.4,1022.5,13.2,46,NA
2021-06-30 23:00:00,NA,1023.8,10,60,NA
2021-07-01 00:00:00,NA,1023.9,7,69,NA
