2021-01-07 10:00:00,982.8,1013.9,19.8,81,NA
2021-01-07 11:00:00,981,1013.6,20,91,NA
2021-01-07 12:00:00,981.5,1014,21.3,88,NA
2021-01-07 13:00:00,981.6,1014,22.5,79,NA
2021-01-07 14:00:00,981.4,1013.7,25,69,NA
2021-01-07 15:00:00,981,1013.2,25.5,71,NA
2021-01-07 16:00:00,980.3,1012.5,26,70,NA
2021-01-07 17:00:00,979.3,NA,26.7,66,NA
2021-01-11 11:00:00,968.4,1000.5,25,90,NA
2021-01-11 12:00:00,NA,1000.8,27.2,82,NA
2021-01-11 13:00:00,968.9,NA,31,65,NA
2021-01-14 16:00:00,979.2,NA,NA,NA,NA
2021-01-15 11:00:00,973.1,1004.4,24,91,NA
2021-01-15 12:00:00,973.3,1004.6,24.3,93,NA
2021-01-15 13:00:00,973.1,1004.4,26.1,84,NA
2021-01-15 14:00:00,972.6,1003.9,28,76,NA
2021-01-15 15:00:00,971.8,NA,NA,NA,NA
2021-01-18 01:00:00,NA,NA,22,52,NA
2021-01-18 02:00:00,NA,1013.8,19,71,NA
2021-01-19 09:00:00,NA,NA,18.5,81,NA
2021-01-19 10:00:00,NA,1014.7,18,70,NA
2021-01-19 11:00:00,NA,1015.3,21,59,NA
2021-01-19 12:00:00,NA,1015.1,22.2,52,NA
2021-01-19 13:00:00,NA,1014.7,23,48,NA
2021-01-19 14:00:00,NA,1014.4,27.8,34,NA
2021-01-19 15:00:00,NA,1013.4,29,35,NA
2021-01-19 16:00:00,NA,1012.7,30,36,NA
2021-01-19 17:00:00,NA,1011.9,32,30,NA
2021-01-19 18:00:00,NA,1011,32,30,NA
2021-01-21 11:00:00,NA,NA,22.6,78,NA
2021-01-21 12:00:00,NA,1014.8,24,68,NA
2021-01-21 13:00:00,NA,1014.6,27,53,NA
2021-01-21 14:00:00,NA,1014.3,28,51,NA
2021-01-21 15:00:00,NA,1013.8,28.8,53,NA
2021-01-21 16:00:00,NA,1013.1,30.6,42,NA
2021-01-21 17:00:00,NA,1012.2,31.2,40,NA
2021-01-21 18:00:00,NA,1011.4,31.8,39,NA
2021-01-21 19:00:00,NA,1010.5,32.4,38,NA
2021-01-21 20:00:00,NA,1009.9,34,37,NA
2021-01-23 10:00:00,NA,NA,21.4,79,NA
2021-01-23 11:00:00,NA,1011.8,22,74,NA
2021-01-23 12:00:00,NA,1012,25,75,NA
2021-01-23 13:00:00,NA,1011.5,26,70,NA
2021-01-23 22:00:00,NA,1004.7,34,46,NA
2021-01-23 23:00:00,NA,1005.4,31,60,NA
2021-01-24 00:00:00,NA,1005.9,30,65,NA
2021-01-24 01:00:00,NA,1006.7,29,73,NA
2021-01-24 02:00:00,NA,1007.1,29,68,NA
2021-01-25 09:00:00,NA,1002.3,22.4,88,NA
2021-01-25 10:00:00,NA,1003.2,22.8,86,NA
2021-01-25 11:00:00,NA,1004,22.8,92,NA
2021-01-25 12:00:00,972.8,NA,24,84,NA
2021-01-30 00:00:00,NA,NA,32,44,NA
2021-01-30 01:00:00,968,NA,31,57,NA
2021-02-02 13:00:00,979.8,NA,19.5,95,NA
2021-02-02 14:00:00,979.2,1011.3,19.2,98,NA
2021-02-02 15:00:00,980,1012.2,19.2,98,NA
2021-02-02 16:00:00,979.7,1011.9,19.5,95,NA
2021-02-02 17:00:00,NA,1011.6,19.5,95,NA
2021-02-02 18:00:00,979,1011.1,20,93,NA
2021-02-02 19:00:00,979,1011.1,20,93,NA
2021-02-02 20:00:00,978.9,1011,20,91,NA
2021-02-02 21:00:00,979.4,1011.5,20,91,NA
2021-02-02 22:00:00,979.8,1011.9,20,91,NA
2021-02-02 23:00:00,980.6,1012.7,20,91,NA
2021-02-03 00:00:00,NA,1014.5,19,91,NA
2021-02-04 00:00:00,983.6,NA,NA,NA,NA
2021-02-04 12:00:00,986.5,1019.2,21,93,NA
2021-02-04 13:00:00,986.7,1019.3,22,84,NA
2021-02-04 14:00:00,986.6,1019.2,23,76,NA
2021-02-04 15:00:00,986.4,1018.5,27,63,NA
2021-02-04 16:00:00,985.8,1017.8,28.8,53,NA
2021-02-04 17:00:00,NA,1017.2,29.5,39,NA
2021-02-04 18:00:00,984.1,1016.1,30.2,41,NA
2021-02-04 19:00:00,983.2,1015.1,32,38,NA
2021-02-04 20:00:00,982.4,1014.3,32.2,38,NA
2021-02-04 21:00:00,981.8,1013.7,32.8,36,NA
2021-02-04 22:00:00,981.8,1013.9,30,45,NA
2021-02-04 23:00:00,982.2,1014.4,29,45,NA
2021-02-05 00:00:00,NA,1015.1,26.3,NA,NA
2021-02-05 12:00:00,NA,1016.1,23.2,64,NA
2021-02-05 13:00:00,NA,1016.3,24.2,61,NA
2021-02-05 14:00:00,NA,1016,25.8,53,NA
2021-02-05 15:00:00,NA,1015,27.4,46,NA
2021-02-05 16:00:00,NA,1014,28,43,NA
2021-02-05 17:00:00,NA,1012.8,29.2,47,NA
2021-02-05 18:00:00,NA,1011.6,30,44,NA
2021-02-05 19:00:00,NA,1010.7,30,45,NA
2021-02-05 20:00:00,NA,1009.7,30.2,45,NA
2021-02-05 21:00:00,NA,1009.3,30.4,46,NA
2021-02-05 22:00:00,NA,1009.1,30,45,NA
2021-02-05 23:00:00,NA,1009.8,27.4,63,NA
2021-02-06 00:00:00,979,1010.8,26.4,64,NA
2021-02-08 12:00:00,NA,1011.9,22.4,65,NA
2021-02-08 13:00:00,NA,1011.4,25.4,53,NA
2021-02-08 14:00:00,NA,1011.1,28.4,41,NA
2021-02-08 15:00:00,NA,1010.3,31,38,NA
2021-02-08 16:00:00,NA,1010,29.8,43,NA
2021-02-08 17:00:00,NA,1009.5,30,42,NA
2021-02-08 18:00:00,NA,1009.2,28,56,NA
2021-02-08 19:00:00,NA,1009,26.4,63,NA
2021-02-08 20:00:00,NA,1008.6,26,63,NA
2021-02-08 21:00:00,NA,1008.6,26.4,56,NA
2021-02-08 22:00:00,NA,1011.1,23.6,72,NA
2021-02-08 23:00:00,NA,1012.9,23.2,72,NA
2021-02-09 00:00:00,NA,1014,23,74,NA
2021-02-10 12:00:00,NA,1018.8,18.8,96,NA
2021-02-10 13:00:00,NA,1019.1,19,96,NA
2021-02-10 14:00:00,NA,1019.1,19.6,96,NA
2021-02-10 15:00:00,NA,1018.7,20,95,NA
2021-02-10 16:00:00,NA,1017.7,22,83,NA
2021-02-10 17:00:00,NA,1016.4,24,71,NA
2021-02-10 18:00:00,NA,1015.3,25,66,NA
2021-02-10 19:00:00,NA,1014.2,25.6,62,NA
2021-02-10 20:00:00,NA,1013.2,26.6,59,NA
2021-02-10 21:00:00,NA,1012.5,26.6,59,NA
2021-02-10 22:00:00,NA,1012.2,25.6,65,NA
2021-02-10 23:00:00,NA,1012.7,23.8,72,NA
2021-02-11 00:00:00,981.2,NA,23,73,NA
2021-02-11 12:00:00,981.6,NA,21.2,84,NA
2021-02-11 13:00:00,981.3,NA,22,78,NA
2021-02-11 14:00:00,981.4,NA,23,74,NA
2021-02-11 15:00:00,981.1,NA,25,76,NA
2021-02-11 16:00:00,980.6,NA,26.5,66,NA
2021-02-11 17:00:00,980,NA,26.5,65,NA
2021-02-11 18:00:00,979.1,NA,27.2,60,NA
2021-02-11 19:00:00,978.2,NA,29,57,NA
2021-02-11 20:00:00,977.5,NA,29.8,53,NA
2021-02-11 21:00:00,976.9,NA,29,52,NA
2021-02-11 22:00:00,977.1,NA,29,52,NA
2021-02-11 23:00:00,977.2,NA,28.8,52,NA
2021-02-12 12:00:00,NA,1011.3,22,83,NA
2021-02-12 13:00:00,NA,1011.7,23,75,NA
2021-02-12 14:00:00,NA,1011.7,24,68,NA
2021-02-12 15:00:00,NA,1011.5,24.4,66,NA
2021-02-12 16:00:00,NA,1010.4,28,61,NA
2021-02-12 17:00:00,NA,1009.7,29,59,NA
2021-02-12 18:00:00,NA,1009,30,53,NA
2021-02-12 19:00:00,NA,1008.1,30,53,NA
2021-02-12 20:00:00,NA,1007.2,31.4,44,NA
2021-02-12 21:00:00,NA,1006.5,31,46,NA
2021-02-12 22:00:00,NA,1006.6,30,48,NA
2021-02-12 23:00:00,NA,1007.3,27,57,NA
2021-02-13 00:00:00,976,NA,24.8,77,NA
2021-02-15 12:00:00,977.2,NA,24.2,59,NA
2021-02-15 13:00:00,977,NA,26.2,66,NA
2021-02-15 14:00:00,977.9,NA,27,72,NA
2021-02-15 17:00:00,980.4,NA,21.4,86,NA
2021-02-15 18:00:00,979.3,NA,20.8,87,NA
2021-02-15 19:00:00,979.1,NA,22,81,NA
2021-02-15 20:00:00,978.8,NA,22.6,78,NA
2021-02-15 21:00:00,978.2,NA,22.4,79,NA
2021-02-15 22:00:00,978,NA,22,79,NA
2021-02-15 23:00:00,978,NA,21.8,75,NA
2021-02-16 12:00:00,NA,1014.5,21.6,84,NA
2021-02-16 13:00:00,NA,1014.7,22,79,NA
2021-02-16 14:00:00,NA,1014,24,71,NA
2021-02-16 15:00:00,NA,1013.7,25,69,NA
2021-02-16 16:00:00,NA,1012.7,25.4,66,NA
2021-02-16 17:00:00,NA,1011.8,26,65,NA
2021-02-16 18:00:00,NA,1010.4,27.8,59,NA
2021-02-16 19:00:00,NA,1009.5,28,59,NA
2021-02-16 20:00:00,NA,1008.4,28.2,58,NA
2021-02-16 21:00:00,NA,1008.2,27.4,63,NA
2021-02-16 22:00:00,NA,1008.2,27,63,NA
2021-02-16 23:00:00,NA,1008.7,26,67,NA
2021-02-17 00:00:00,977.6,NA,25.8,67,NA
2021-02-17 12:00:00,979.6,NA,22.8,78,NA
2021-02-17 13:00:00,980.2,NA,24.8,68,NA
2021-02-17 14:00:00,979.8,NA,26.6,63,NA
2021-02-17 15:00:00,979.2,NA,28,55,NA
2021-02-17 16:00:00,978.7,NA,29,56,NA
2021-02-17 17:00:00,978,NA,29.6,54,NA
2021-02-17 18:00:00,977,NA,30.2,51,NA
2021-02-17 19:00:00,976.1,NA,30.6,50,NA
2021-02-17 20:00:00,975.4,NA,31,51,NA
2021-02-17 21:00:00,974.9,NA,31.6,49,NA
2021-02-17 22:00:00,974.9,NA,30.4,53,NA
2021-02-17 23:00:00,975.2,NA,29.4,58,NA
2021-02-18 12:00:00,NA,1010.9,23.7,70,NA
2021-02-18 13:00:00,NA,1011,24.4,66,NA
2021-02-18 14:00:00,NA,1010.4,27.5,57,NA
2021-02-18 15:00:00,NA,1009.8,28,55,NA
2021-02-18 16:00:00,NA,1008.8,29.8,54,NA
2021-02-18 17:00:00,NA,1008,30,56,NA
2021-02-18 18:00:00,NA,1006.9,31,54,NA
2021-02-18 19:00:00,NA,1005.7,31.4,52,NA
2021-02-18 21:00:00,NA,1004.1,36,41,NA
2021-02-18 22:00:00,NA,1003.9,32,54,NA
2021-02-18 23:00:00,972.8,NA,30.8,60,NA
2021-02-19 00:00:00,973.3,NA,29,64,NA
2021-02-19 12:00:00,976.5,NA,24.2,74,NA
2021-02-19 13:00:00,977,NA,25,71,NA
2021-02-19 14:00:00,977.4,NA,27.2,65,NA
2021-02-19 15:00:00,977.6,NA,28.2,68,NA
2021-02-19 16:00:00,977.5,NA,29,64,NA
2021-02-19 17:00:00,978.1,NA,29,64,NA
2021-02-19 18:00:00,979.7,NA,22,91,NA
2021-02-19 19:00:00,978.9,NA,24.2,74,NA
2021-02-19 20:00:00,979,NA,24.5,71,NA
2021-02-19 21:00:00,979.9,NA,25,65,NA
2021-02-19 22:00:00,980.8,NA,24,66,NA
2021-02-19 23:00:00,981.4,NA,23,73,NA
2021-02-20 00:00:00,982.2,NA,22.8,74,NA
2021-02-22 12:00:00,NA,1008.5,21.8,90,NA
2021-02-22 13:00:00,NA,1008.2,24.8,84,NA
2021-02-22 14:00:00,NA,1008.3,27.2,75,NA
2021-02-22 15:00:00,NA,1007.8,27.8,69,NA
2021-02-22 16:00:00,NA,1007.1,29.2,66,NA
2021-02-22 17:00:00,NA,1006.3,29.8,64,NA
2021-02-22 18:00:00,NA,1005,32,60,NA
2021-02-22 19:00:00,NA,1004.2,33,56,NA
2021-02-22 20:00:00,NA,1003.4,33.4,55,NA
2021-02-22 21:00:00,NA,1003.3,32.2,60,NA
2021-02-22 22:00:00,NA,1003.3,32,61,NA
2021-02-22 23:00:00,NA,1004.1,30.2,71,NA
2021-02-23 00:00:00,973.6,NA,29.2,72,NA
2021-02-23 13:00:00,978.8,NA,27.8,76,NA
2021-02-23 14:00:00,979.2,NA,28.8,68,NA
2021-02-23 15:00:00,979.2,NA,29.8,66,NA
2021-02-23 16:00:00,978.8,NA,31.6,60,NA
2021-02-23 17:00:00,978.3,NA,32.6,56,NA
2021-02-23 18:00:00,977.9,NA,32.6,56,NA
2021-02-23 19:00:00,977.2,NA,33,50,NA
2021-02-23 20:00:00,977,NA,33.6,50,NA
2021-02-23 21:00:00,977,NA,30.8,57,NA
2021-02-23 22:00:00,977.5,NA,29.8,59,NA
2021-02-23 23:00:00,978.5,NA,28.8,62,NA
2021-02-24 12:00:00,NA,1016.3,21.4,90,NA
2021-02-24 13:00:00,NA,1016,21.2,89,NA
2021-02-24 14:00:00,NA,1015.4,22.2,88,NA
2021-02-24 15:00:00,NA,1014.9,23.8,80,NA
2021-02-24 16:00:00,NA,1014.2,24.2,76,NA
2021-02-24 17:00:00,NA,1013.7,24.8,73,NA
2021-02-24 18:00:00,NA,1012.7,24.8,76,NA
2021-02-24 19:00:00,NA,1011.9,25.2,73,NA
2021-02-24 20:00:00,NA,1010.9,25,72,NA
2021-02-24 21:00:00,NA,1010.6,25.2,72,NA
2021-02-24 22:00:00,NA,1010.8,25.2,73,NA
2021-02-24 23:00:00,NA,1011.1,24.4,78,NA
2021-02-25 00:00:00,980,NA,24,78,NA
2021-02-25 12:00:00,981.8,NA,24.6,80,NA
2021-02-25 13:00:00,982,NA,26,69,NA
2021-02-25 14:00:00,982.2,NA,26,72,NA
2021-02-25 15:00:00,982.2,NA,27.5,68,NA
2021-02-25 16:00:00,981.4,NA,27.8,65,NA
2021-02-25 17:00:00,980.5,NA,28,64,NA
2021-02-25 18:00:00,979.7,NA,28,70,NA
2021-02-25 19:00:00,978.4,NA,28,70,NA
2021-02-25 20:00:00,977.5,NA,28,70,NA
2021-02-25 21:00:00,977,NA,28,69,NA
2021-02-25 22:00:00,976.5,NA,28.5,67,NA
2021-02-25 23:00:00,976.9,NA,27,77,NA
2021-02-26 12:00:00,NA,1009.5,25.6,83,NA
2021-02-26 13:00:00,NA,1009.7,26.8,75,NA
2021-02-26 14:00:00,NA,1009.8,26.8,79,NA
2021-02-26 15:00:00,NA,1009.5,27,77,NA
2021-02-26 16:00:00,NA,1008.7,29,71,NA
2021-02-26 17:00:00,NA,1008.1,29.5,69,NA
2021-02-26 18:00:00,NA,1007.7,30.5,62,NA
2021-02-26 19:00:00,NA,1006.9,31,60,NA
2021-02-26 20:00:00,NA,1006.3,31.4,58,NA
2021-02-26 21:00:00,NA,1006.4,31,68,NA
2021-02-26 22:00:00,NA,1006.5,29.6,73,NA
2021-02-26 23:00:00,NA,1007.2,28.5,74,NA
2021-02-27 00:00:00,976.4,NA,27.4,80,NA
2021-03-02 12:00:00,NA,1011.7,23.8,83,NA
2021-03-02 13:00:00,NA,1011.8,24.4,79,NA
2021-03-02 14:00:00,NA,1012,25,75,NA
2021-03-02 15:00:00,NA,1011.8,26,72,NA
2021-03-02 16:00:00,NA,1010.9,27.2,70,NA
2021-03-02 17:00:00,NA,1010.3,27.8,68,NA
2021-03-02 18:00:00,977.9,1009.5,28,65,NA
2021-03-02 19:00:00,977.1,1008.7,27.8,67,NA
2021-03-02 20:00:00,976.2,1007.7,27.8,67,NA
2021-03-02 21:00:00,975.9,1007.4,27.6,68,NA
2021-03-02 22:00:00,976.4,1008.1,26.6,73,NA
2021-03-02 23:00:00,NA,1008.4,26.6,73,NA
2021-03-03 00:00:00,NA,1009.5,26,74,NA
2021-03-04 00:00:00,979.7,NA,NA,NA,NA
2021-03-04 01:00:00,980.4,NA,NA,NA,NA
2021-03-04 02:00:00,980.9,NA,NA,NA,NA
2021-03-04 03:00:00,981.2,1013.3,24.4,83,NA
2021-03-04 12:00:00,980.6,1012.9,23.5,79,NA
2021-03-04 13:00:00,980.7,1012.9,24.2,83,NA
2021-03-04 14:00:00,981.3,1013.4,24.5,81,NA
2021-03-04 15:00:00,981.4,1013.3,27,70,NA
2021-03-04 16:00:00,980.9,1012.7,28,64,NA
2021-03-04 17:00:00,980.2,1011.9,29,60,NA
2021-03-04 18:00:00,979.5,1011.2,30,56,NA
2021-03-04 19:00:00,978.9,1010.6,30.3,57,NA
2021-03-04 20:00:00,977.8,1009.5,30.5,56,NA
2021-03-04 21:00:00,977.5,1009.2,31,53,NA
2021-03-04 22:00:00,977.3,1009,31.4,51,NA
2021-03-04 23:00:00,977.9,1009.9,27.8,70,NA
2021-03-05 00:00:00,NA,1010.4,26.3,80,NA
2021-03-05 01:00:00,NA,1011.2,26,77,NA
2021-03-05 20:00:00,978,NA,NA,NA,NA
2021-03-06 00:00:00,978.1,NA,NA,NA,NA
2021-03-06 15:00:00,979.5,NA,29,58,NA
2021-03-06 16:00:00,978.6,1009.7,30,53,NA
2021-03-06 17:00:00,978.1,1009,30.8,50,NA
2021-03-06 18:00:00,977.5,1008.3,31.8,45,NA
2021-03-06 19:00:00,976.9,1007.6,31.8,43,NA
2021-03-06 20:00:00,976.2,1006.9,32.5,40,NA
2021-03-08 00:00:00,975.7,NA,NA,NA,NA
2021-03-08 01:00:00,976.2,NA,NA,NA,NA
2021-03-08 02:00:00,976.5,NA,NA,NA,NA
2021-03-08 03:00:00,976.4,1007.9,23.8,85,NA
2021-03-08 04:00:00,976.8,1008.4,24.5,86,NA
2021-03-08 05:00:00,976.4,1007.9,23.7,78,NA
2021-03-08 12:00:00,980.8,1013,23.4,75,NA
2021-03-08 13:00:00,981.2,1013,26.4,64,NA
2021-03-08 14:00:00,981.6,1013.2,28.8,58,NA
2021-03-08 15:00:00,982.1,1013.6,29.8,58,NA
2021-03-08 16:00:00,982.1,1013.5,31,51,NA
2021-03-08 17:00:00,981.1,1012.4,31.6,49,NA
2021-03-08 18:00:00,980.9,1012.2,31.2,50,NA
2021-03-08 19:00:00,980.6,1011.8,31.8,51,NA
2021-03-08 20:00:00,979.9,1011,32.8,49,NA
2021-03-08 21:00:00,979.5,1010.8,31.4,52,NA
2021-03-08 22:00:00,980.1,1011.6,28.8,73,NA
2021-03-08 23:00:00,980.3,1011.9,28,79,NA
2021-03-09 00:00:00,NA,1012.6,27,80,NA
2021-03-10 00:00:00,978.8,NA,NA,NA,NA
2021-03-10 12:00:00,978.6,1010.8,22.4,86,NA
2021-03-10 13:00:00,978.4,1010.4,24.4,76,NA
2021-03-10 14:00:00,978.4,1010.1,27.2,64,NA
2021-03-10 15:00:00,977.7,1009.1,29.2,53,NA
2021-03-10 16:00:00,976.6,1007.9,30,49,NA
2021-03-10 17:00:00,975.7,1006.9,30.6,47,NA
2021-03-10 18:00:00,974.7,1005.8,31.6,45,NA
2021-03-10 19:00:00,973.3,1004.3,32.2,44,NA
2021-03-10 20:00:00,972.5,1003.4,32.2,57,NA
2021-03-10 21:00:00,972.2,1003.2,31.6,44,NA
2021-03-10 22:00:00,972,1003.1,30.4,52,NA
2021-03-10 23:00:00,972,1003.2,29.6,54,NA
2021-03-11 00:00:00,NA,1003.7,29,56,NA
2021-03-12 00:00:00,976.3,NA,NA,NA,NA
2021-03-12 12:00:00,NA,1013.3,22.7,68,NA
2021-03-12 13:00:00,981.7,1013.8,23,83,NA
2021-03-12 14:00:00,982,1014.1,24,76,NA
2021-03-12 15:00:00,981.8,1013.9,25.2,67,NA
2021-03-12 16:00:00,981.1,1013.2,25.8,64,NA
2021-03-12 17:00:00,980.6,1012.6,26.8,63,NA
2021-03-12 18:00:00,979.5,1011.4,29,52,NA
2021-03-12 19:00:00,978.9,1010.7,29.4,51,NA
2021-03-12 20:00:00,978.5,1010.4,27.8,57,NA
2021-03-12 21:00:00,978.5,1010.5,27,62,NA
2021-03-12 22:00:00,978.7,1010.7,26.8,59,NA
2021-03-12 23:00:00,979.6,1011.6,26,64,NA
2021-03-15 12:00:00,977.8,NA,22.8,86,NA
2021-03-15 13:00:00,977.7,NA,24.8,79,NA
2021-03-15 14:00:00,977.7,NA,26.8,72,NA
2021-03-15 15:00:00,977.3,NA,27.4,69,NA
2021-03-15 16:00:00,976.6,NA,27.8,69,NA
2021-03-15 17:00:00,975.9,NA,28.2,68,NA
2021-03-15 18:00:00,974.8,NA,28.8,65,NA
2021-03-16 12:00:00,NA,1005.3,22.8,90,NA
2021-03-16 13:00:00,NA,1005.9,24,85,NA
2021-03-16 14:00:00,NA,1006.6,24.6,82,NA
2021-03-16 15:00:00,NA,1007,25.2,80,NA
2021-03-16 16:00:00,NA,1007.3,26,74,NA
2021-03-16 17:00:00,NA,1005.8,26.6,71,NA
2021-03-16 18:00:00,NA,1006.6,26.8,70,NA
2021-03-16 19:00:00,NA,1005.8,27.6,69,NA
2021-03-16 20:00:00,NA,1005.3,28,65,NA
2021-03-16 21:00:00,NA,1005.7,27.4,66,NA
2021-03-16 22:00:00,NA,1006.6,26.6,66,NA
2021-03-16 23:00:00,NA,1007.4,25.8,67,NA
2021-03-17 00:00:00,976.6,NA,25.2,69,NA
2021-03-17 12:00:00,983.8,NA,20.6,75,NA
2021-03-18 12:00:00,NA,1018.8,17.8,73,NA
2021-03-18 14:00:00,NA,1018.9,18,71,NA
2021-03-18 15:00:00,NA,1018.1,19,71,NA
2021-03-18 16:00:00,NA,1016.8,19.5,67,NA
2021-03-18 17:00:00,NA,1015.7,20.2,67,NA
2021-03-18 18:00:00,NA,1014.5,21,64,NA
2021-03-18 19:00:00,NA,1013.4,21.5,61,NA
2021-03-18 20:00:00,NA,1012.8,21.8,59,NA
2021-03-18 21:00:00,NA,1012.5,20.8,65,NA
2021-03-18 22:00:00,NA,1012.7,20.4,68,NA
2021-03-18 23:00:00,NA,1012.9,20.3,63,NA
2021-03-19 00:00:00,981.2,NA,20.2,63,NA
2021-03-19 12:00:00,980.8,NA,17.5,80,NA
2021-03-19 13:00:00,980.6,NA,18,85,NA
2021-03-19 14:00:00,980.4,NA,18.4,77,NA
2021-03-19 15:00:00,980.1,NA,19,76,NA
2021-03-19 16:00:00,979.2,NA,19.5,72,NA
2021-03-19 17:00:00,978.2,NA,20,75,NA
2021-03-19 18:00:00,977.1,NA,20.4,74,NA
2021-03-19 19:00:00,976.3,NA,17.8,91,NA
2021-03-19 20:00:00,975.7,NA,20,79,NA
2021-03-19 21:00:00,975.7,NA,19.5,86,NA
2021-03-19 22:00:00,976.1,NA,19.5,83,NA
2021-03-19 23:00:00,976.5,NA,19,81,NA
2021-03-20 14:00:00,NA,NA,19.4,91,NA
2021-03-20 15:00:00,NA,1012.6,19.6,89,NA
2021-03-20 16:00:00,NA,1012.8,20,85,NA
2021-03-20 17:00:00,NA,1013,20,95,NA
2021-03-20 18:00:00,NA,1013.1,20.2,96,NA
2021-03-20 19:00:00,NA,1013.3,20.5,93,NA
2021-03-20 20:00:00,981.6,NA,21,88,NA
2021-03-21 21:00:00,985.7,NA,21,78,NA
2021-03-22 12:00:00,NA,1018.7,18.8,85,NA
2021-03-22 13:00:00,NA,1018.9,20,85,NA
2021-03-22 14:00:00,NA,1018.8,21,81,NA
2021-03-22 15:00:00,NA,1018.8,20.8,78,NA
2021-03-22 16:00:00,NA,1018.7,20.4,87,NA
2021-03-22 17:00:00,NA,1018.2,20.4,80,NA
2021-03-22 18:00:00,NA,1017.4,22.6,72,NA
2021-03-22 19:00:00,NA,1017,22.4,72,NA
2021-03-22 20:00:00,NA,1016.6,22.4,72,NA
2021-03-22 21:00:00,NA,1016.7,22.2,71,NA
2021-03-22 22:00:00,NA,1017,22,71,NA
2021-03-22 23:00:00,NA,1017.5,21.8,79,NA
2021-03-23 00:00:00,985.6,NA,21.4,79,NA
2021-03-23 12:00:00,984.9,NA,19.8,88,NA
2021-03-23 13:00:00,984.6,NA,21.6,82,NA
2021-03-23 14:00:00,984.3,NA,22.6,74,NA
2021-03-23 15:00:00,983.7,NA,24,71,NA
2021-03-23 16:00:00,982.7,NA,24.6,68,NA
2021-03-23 17:00:00,981.8,NA,25.2,64,NA
2021-03-23 18:00:00,980.5,NA,26.2,59,NA
2021-03-23 19:00:00,979.5,NA,26.8,53,NA
2021-03-23 20:00:00,978.6,NA,26.8,53,NA
2021-03-23 21:00:00,978.2,NA,26,58,NA
2021-03-23 22:00:00,978.2,NA,25,69,NA
2021-03-23 23:00:00,978.5,NA,24.4,68,NA
2021-03-24 12:00:00,NA,1012.2,21.4,84,NA
2021-03-24 13:00:00,NA,1012.1,22.6,80,NA
2021-03-24 14:00:00,NA,1011.5,24.4,78,NA
2021-03-24 15:00:00,NA,1011.2,25.4,68,NA
2021-03-24 16:00:00,NA,1010.4,26.4,67,NA
2021-03-24 17:00:00,NA,1009.6,26.8,66,NA
2021-03-24 18:00:00,NA,1008.7,27.2,66,NA
2021-03-24 19:00:00,NA,1008,27,66,NA
2021-03-24 20:00:00,NA,1007.3,27.2,68,NA
2021-03-24 21:00:00,NA,1006.9,26.8,67,NA
2021-03-24 22:00:00,NA,1007,25.8,75,NA
2021-03-24 23:00:00,NA,1007.5,25.4,76,NA
2021-03-25 00:00:00,976.3,NA,25,77,NA
2021-03-25 12:00:00,976.6,NA,22,98,NA
2021-03-25 13:00:00,976.6,NA,22.4,94,NA
2021-03-25 14:00:00,976.7,NA,23,91,NA
2021-03-25 15:00:00,976.4,NA,24.4,83,NA
2021-03-25 16:00:00,975.8,NA,24.8,80,NA
2021-03-25 17:00:00,975.8,NA,25.2,82,NA
2021-03-25 18:00:00,974.6,NA,26.5,75,NA
2021-03-25 19:00:00,973.6,NA,27,71,NA
2021-03-25 20:00:00,973,NA,27.4,70,NA
2021-03-25 21:00:00,972.7,NA,28,69,NA
2021-03-25 23:00:00,974.2,NA,26.8,71,NA
2021-03-26 12:00:00,NA,1012.2,21,91,NA
2021-03-26 13:00:00,NA,1012.6,21.5,87,NA
2021-03-26 14:00:00,NA,1013.1,22,84,NA
2021-03-26 15:00:00,NA,1013.8,21.8,80,NA
2021-03-26 16:00:00,NA,1013.7,21.8,80,NA
2021-03-26 17:00:00,NA,1013.4,22,74,NA
2021-03-26 18:00:00,NA,1013.3,22.2,73,NA
2021-03-26 19:00:00,NA,1012.9,21.5,76,NA
2021-03-26 20:00:00,NA,1013.1,21.2,77,NA
2021-03-26 21:00:00,NA,1013.5,20.8,71,NA
2021-03-26 22:00:00,NA,1014,20.5,71,NA
2021-03-26 23:00:00,NA,1014.8,19.8,83,NA
2021-03-27 00:00:00,983.7,NA,19.5,82,NA
2021-03-27 14:00:00,987.6,NA,21.5,50,NA
2021-03-27 15:00:00,987,NA,22,51,NA
2021-03-27 16:00:00,986.3,NA,23,51,NA
2021-03-27 17:00:00,985.3,NA,23.5,50,NA
2021-03-27 18:00:00,984.6,NA,24,52,NA
2021-03-27 19:00:00,986.5,NA,24.5,52,NA
2021-03-27 20:00:00,982.9,NA,25,51,NA
2021-03-29 12:00:00,985.2,NA,16,81,NA
2021-03-29 13:00:00,985.8,NA,19.2,70,NA
2021-03-29 14:00:00,985.8,NA,21.6,66,NA
2021-03-29 15:00:00,985.5,NA,24.4,55,NA
2021-03-29 16:00:00,984.9,NA,25.8,56,NA
2021-03-29 17:00:00,984,NA,26.6,54,NA
2021-03-29 18:00:00,983.2,NA,26.6,53,NA
2021-03-29 19:00:00,982.5,NA,27.2,51,NA
2021-03-29 20:00:00,982.1,NA,27.4,47,NA
2021-03-29 21:00:00,981.8,NA,27.4,45,NA
2021-03-29 22:00:00,982.1,NA,25.2,57,NA
2021-03-29 23:00:00,982.6,NA,23.4,66,NA
2021-03-30 12:00:00,NA,1018,17.4,82,NA
2021-03-30 13:00:00,NA,1017.9,20.4,72,NA
2021-03-30 14:00:00,NA,1017.4,22.6,65,NA
2021-03-30 15:00:00,NA,1016.5,25.2,54,NA
2021-03-30 16:00:00,NA,1015.7,26,52,NA
2021-03-30 17:00:00,NA,1014.6,26.4,51,NA
2021-03-30 18:00:00,NA,1013.7,26.4,50,NA
2021-03-30 19:00:00,NA,1012.9,26.4,48,NA
2021-03-30 20:00:00,NA,1012.2,26.8,48,NA
2021-03-30 21:00:00,NA,1011.9,25.6,54,NA
2021-03-30 22:00:00,NA,1011.9,25.2,58,NA
2021-03-30 23:00:00,NA,1012.5,24.2,61,NA
2021-03-31 00:00:00,981,NA,23.6,63,NA
2021-03-31 17:00:00,980.5,NA,24.4,55,NA
2021-03-31 18:00:00,979.6,NA,25.8,55,NA
2021-03-31 19:00:00,978.6,NA,26,53,NA
2021-03-31 20:00:00,978.1,NA,25.8,54,NA
2021-03-31 21:00:00,977.7,NA,24.8,61,NA
2021-03-31 22:00:00,978.2,NA,23.8,69,NA
2021-03-31 23:00:00,979,NA,22.8,73,NA
2021-04-01 12:00:00,NA,1013.8,19.8,79,NA
2021-04-01 13:00:00,NA,1014.3,20,77,NA
2021-04-01 14:00:00,NA,1014.6,21,74,NA
2021-04-01 15:00:00,NA,1014.5,22.5,71,NA
2021-04-01 16:00:00,NA,1013.7,23,69,NA
2021-04-01 17:00:00,NA,1012.7,25.4,58,NA
2021-04-01 18:00:00,NA,1011.9,24,61,NA
2021-04-01 19:00:00,NA,1011.2,24.8,62,NA
2021-04-01 20:00:00,NA,1010.9,25,60,NA
2021-04-01 21:00:00,NA,1011,24.5,65,NA
2021-04-01 22:00:00,NA,1011.6,24,67,NA
2021-04-01 23:00:00,NA,1012.3,22.2,80,NA
2021-04-02 00:00:00,980.9,NA,21.6,81,NA
2021-04-02 13:00:00,983.8,NA,20,77,NA
2021-04-02 14:00:00,983.8,NA,21,73,NA
2021-04-02 15:00:00,983.5,NA,25.8,49,NA
2021-04-02 16:00:00,982.7,NA,26.4,48,NA
2021-04-02 17:00:00,981.7,NA,26.2,51,NA
2021-04-02 18:00:00,980.8,NA,27.8,47,NA
2021-04-02 19:00:00,979.8,NA,28.2,47,NA
2021-04-02 20:00:00,979.5,NA,28.8,46,NA
2021-04-02 21:00:00,979.4,NA,27.5,54,NA
2021-04-02 22:00:00,979.3,NA,26.5,54,NA
2021-04-02 23:00:00,979.9,NA,24,67,NA
2021-04-03 13:00:00,NA,NA,22,64,NA
2021-04-03 14:00:00,NA,1015.1,24.2,55,NA
2021-04-03 15:00:00,NA,1014.4,25,51,NA
2021-04-03 16:00:00,NA,1013.8,26.4,54,NA
2021-04-03 17:00:00,NA,1012.6,26.4,57,NA
2021-04-03 18:00:00,NA,1011.9,28.2,53,NA
2021-04-03 19:00:00,979.6,NA,28.4,52,NA
2021-04-04 18:00:00,977.9,NA,27,62,NA
2021-04-04 19:00:00,977,NA,27.8,57,NA
2021-04-05 12:00:00,NA,1010.6,22.4,86,NA
2021-04-05 13:00:00,NA,1010.5,23.4,83,NA
2021-04-05 14:00:00,NA,1009.6,24.4,78,NA
2021-04-05 15:00:00,NA,1009,26,72,NA
2021-04-05 16:00:00,NA,1008,28,65,NA
2021-04-05 17:00:00,NA,1007.4,28.6,63,NA
2021-04-05 18:00:00,NA,1006.8,29.2,61,NA
2021-04-05 19:00:00,NA,1006.7,29.4,60,NA
2021-04-05 20:00:00,NA,1006.9,29.4,60,NA
2021-04-05 21:00:00,NA,1007.8,28.2,63,NA
2021-04-05 22:00:00,NA,1009,26.6,71,NA
2021-04-05 23:00:00,NA,1010.2,25,73,NA
2021-04-06 00:00:00,979.4,NA,24.4,74,NA
2021-04-06 12:00:00,981.7,NA,19.2,86,NA
2021-04-06 13:00:00,982.2,NA,20,85,NA
2021-04-06 14:00:00,982.2,NA,21.6,80,NA
2021-04-06 15:00:00,981.8,NA,21.8,82,NA
2021-04-06 16:00:00,981.2,NA,22.2,81,NA
2021-04-06 17:00:00,980.6,NA,22.4,79,NA
2021-04-06 18:00:00,979.9,NA,23.6,75,NA
2021-04-06 19:00:00,979.1,NA,23.4,75,NA
2021-04-06 20:00:00,978.8,NA,23.4,75,NA
2021-04-06 21:00:00,978.8,NA,23,78,NA
2021-04-06 22:00:00,979.4,NA,22.2,82,NA
2021-04-06 23:00:00,979.7,NA,22,84,NA
2021-04-07 12:00:00,NA,1010.8,21.4,95,NA
2021-04-07 13:00:00,NA,1011.3,21.6,95,NA
2021-04-07 14:00:00,NA,1011.2,22.4,91,NA
2021-04-07 15:00:00,NA,1010.9,23,90,NA
2021-04-07 16:00:00,NA,1010,23.8,85,NA
2021-04-07 17:00:00,NA,1008.9,24.8,82,NA
2021-04-07 18:00:00,NA,1007.4,27,74,NA
2021-04-07 19:00:00,NA,1006.4,26.8,67,NA
2021-04-07 20:00:00,NA,1005.8,26.2,68,NA
2021-04-07 21:00:00,NA,1005.5,27.6,67,NA
2021-04-07 22:00:00,NA,1005.7,27,70,NA
2021-04-07 23:00:00,NA,1006.1,25.4,81,NA
2021-04-08 00:00:00,NA,1006.9,25,81,NA
2021-04-08 15:00:00,975,NA,26,78,NA
2021-04-08 16:00:00,974,NA,25.8,82,NA
2021-04-08 17:00:00,973.4,NA,23.8,94,NA
2021-04-08 18:00:00,972.2,NA,27.2,77,NA
2021-04-08 19:00:00,971.8,NA,27.5,76,NA
2021-04-08 20:00:00,971.5,NA,26.7,79,NA
2021-04-08 21:00:00,971.6,NA,26,84,NA
2021-04-08 22:00:00,971.9,NA,25.5,85,NA
2021-04-08 23:00:00,972.5,NA,25.5,87,NA
2021-04-09 12:00:00,NA,1007.8,23.3,96,NA
2021-04-09 13:00:00,NA,1007.9,23.3,98,NA
2021-04-09 14:00:00,NA,1008,26,84,NA
2021-04-09 15:00:00,NA,1007.8,26.7,81,NA
2021-04-09 16:00:00,NA,1007,27,81,NA
2021-04-09 17:00:00,NA,1006.2,30,71,NA
2021-04-09 18:00:00,NA,1005.2,31,63,NA
2021-04-09 19:00:00,NA,1005,31.5,61,NA
2021-04-09 20:00:00,NA,1004.1,31,65,NA
2021-04-09 21:00:00,NA,1004.1,29.8,72,NA
2021-04-09 22:00:00,NA,1004.3,29,75,NA
2021-04-09 23:00:00,NA,1005.6,26.8,76,NA
2021-04-10 00:00:00,NA,1006.5,25.5,80,NA
2021-04-13 12:00:00,NA,1021.1,16.2,84,NA
2021-04-13 13:00:00,988.2,1021.2,18,81,NA
2021-04-13 14:00:00,988.5,1021.4,19,78,NA
2021-04-13 15:00:00,987.8,1020.5,20.6,74,NA
2021-04-13 16:00:00,987,1019.6,20.8,74,NA
2021-04-13 17:00:00,986.1,1018.6,21.6,69,NA
2021-04-13 18:00:00,985,1017.3,23.4,56,NA
2021-04-13 19:00:00,984.5,1016.7,23.8,55,NA
2021-04-13 20:00:00,984.1,1016.4,22.6,59,NA
2021-04-13 21:00:00,984.1,1016.5,21.8,63,NA
2021-04-13 22:00:00,983.8,1016.3,20.8,69,NA
2021-04-13 23:00:00,984.1,1016.7,20,73,NA
2021-04-14 00:00:00,NA,1017.4,19.6,74,NA
2021-04-15 00:00:00,978.6,NA,NA,NA,NA
2021-04-15 12:00:00,980.2,1012.5,20.5,86,NA
2021-04-15 13:00:00,980.5,1012.8,21,89,NA
2021-04-15 14:00:00,980.5,1012.7,21.4,86,NA
2021-04-15 15:00:00,979.9,1012.1,22,83,NA
2021-04-15 16:00:00,978.9,1010.9,25.8,57,NA
2021-04-15 17:00:00,978.2,1010.2,26.5,54,NA
2021-04-15 18:00:00,977.1,1009.1,26.8,54,NA
2021-04-15 19:00:00,976.5,1008.5,28.8,58,NA
2021-04-15 20:00:00,975.9,1007.8,29.4,56,NA
2021-04-15 21:00:00,976,1007.9,28.8,53,NA
2021-04-15 22:00:00,976.3,1008.3,26.5,66,NA
2021-04-15 23:00:00,977,1009.1,24.8,78,NA
2021-04-16 00:00:00,NA,1010.1,23.3,81,NA
2021-04-17 00:00:00,978.5,NA,NA,NA,NA
2021-04-17 13:00:00,982.8,NA,23,79,NA
2021-04-17 14:00:00,982.8,1014.6,24,72,NA
2021-04-17 15:00:00,982.5,1014.2,24.2,72,NA
2021-04-17 16:00:00,981.9,1013.6,25.8,69,NA
2021-04-17 17:00:00,981.1,1012.6,26,67,NA
2021-04-17 18:00:00,980.2,1011.6,26.8,66,NA
2021-04-17 19:00:00,979.4,1010.7,26.8,66,NA
2021-04-18 23:00:00,978.4,NA,NA,NA,NA
2021-04-19 12:00:00,981.1,1013.4,21.8,72,NA
2021-04-19 13:00:00,981.4,1013.5,24,64,NA
2021-04-19 14:00:00,981.4,1013.2,26.4,59,NA
2021-04-19 15:00:00,980.8,1012.5,27.6,57,NA
2021-04-19 16:00:00,980.1,1011.6,29,55,NA
2021-04-19 17:00:00,979,1010.4,30.2,52,NA
2021-04-19 18:00:00,978.3,1009.6,30.2,50,NA
2021-04-19 19:00:00,977.9,1009.2,30.4,49,NA
2021-04-19 20:00:00,977.4,1008.7,30.2,48,NA
2021-04-19 21:00:00,977,1008.5,28.4,53,NA
2021-04-19 22:00:00,977,1008.6,27.6,55,NA
2021-04-19 23:00:00,977.3,1009,26.6,59,NA
2021-04-20 00:00:00,NA,1009.8,26,61,NA
2021-04-21 00:00:00,973.8,NA,NA,NA,NA
2021-04-21 12:00:00,974,1006,23.2,64,NA
2021-04-21 13:00:00,974.6,1006.2,26.2,52,NA
2021-04-21 14:00:00,974.8,1006.3,27.6,49,NA
2021-04-21 15:00:00,974.4,1005.7,29,48,NA
2021-04-21 16:00:00,974.2,1005.4,30.6,46,NA
2021-04-21 17:00:00,973.4,1004.5,31.4,44,NA
2021-04-21 18:00:00,972.7,1003.7,31.6,47,NA
2021-04-21 19:00:00,972.3,1003.2,32.2,46,NA
2021-04-21 20:00:00,972.2,1003.4,29.6,57,NA
2021-04-21 21:00:00,972.4,1003.7,29,65,NA
2021-04-21 22:00:00,972.8,1004.3,27.2,72,NA
2021-04-21 23:00:00,973.4,1005,26.2,78,NA
2021-04-22 00:00:00,NA,1005.6,26,78,NA
2021-04-23 00:00:00,978.1,NA,NA,NA,NA
2021-04-23 12:00:00,NA,1010.9,18.8,94,NA
2021-04-23 13:00:00,NA,1010.9,19,95,NA
2021-04-23 14:00:00,NA,1010.9,19.2,93,NA
2021-04-23 15:00:00,NA,1010.2,20.5,91,NA
2021-04-23 16:00:00,NA,1009.3,20.8,90,NA
2021-04-23 17:00:00,NA,1008.4,22,83,NA
2021-04-23 18:00:00,NA,1008.2,21.8,83,NA
2021-04-23 19:00:00,NA,1008,22,81,NA
2021-04-23 20:00:00,NA,1008.1,22,81,NA
2021-04-23 21:00:00,NA,1008.9,22,83,NA
2021-04-23 22:00:00,NA,1009.9,21.8,84,NA
2021-04-23 23:00:00,NA,1011.5,21,87,NA
2021-04-24 00:00:00,NA,1012.5,20.6,87,NA
2021-04-27 12:00:00,NA,1019.6,13.6,76,NA
2021-04-27 13:00:00,NA,1019.5,16.6,65,NA
2021-04-27 14:00:00,NA,1018.8,20.8,54,NA
2021-04-27 15:00:00,NA,1018.8,22.6,52,NA
2021-04-27 16:00:00,NA,1017.8,22.2,62,NA
2021-04-27 17:00:00,NA,1016.7,23,57,NA
2021-04-27 18:00:00,NA,1015.7,23.8,53,NA
2021-04-27 19:00:00,NA,1014.8,25,48,NA
2021-04-27 20:00:00,NA,1014.5,25.6,41,NA
2021-04-27 21:00:00,NA,1014.6,24.8,43,NA
2021-04-27 22:00:00,NA,1015.2,21.6,54,NA
2021-04-27 23:00:00,NA,1015.4,20.2,60,NA
2021-04-28 00:00:00,983.6,NA,19.4,64,NA
2021-04-28 12:00:00,987.5,NA,12.4,88,NA
2021-04-28 13:00:00,988,NA,16,81,NA
2021-04-28 14:00:00,988.6,NA,19.4,67,NA
2021-04-28 15:00:00,988.6,NA,20,63,NA
2021-04-28 16:00:00,987.9,NA,21.4,61,NA
2021-04-28 17:00:00,987.2,NA,23.4,58,NA
2021-04-28 18:00:00,986.6,NA,24.4,54,NA
2021-04-28 19:00:00,986,NA,25.2,50,NA
2021-04-28 20:00:00,986,NA,25.6,48,NA
2021-04-28 21:00:00,986.3,NA,24,50,NA
2021-04-28 22:00:00,986.5,NA,21.8,60,NA
2021-04-28 23:00:00,986.9,NA,20.4,63,NA
2021-04-29 12:00:00,NA,1021.8,15,77,NA
2021-04-29 13:00:00,NA,1021.9,16,70,NA
2021-04-29 14:00:00,NA,1021.7,21,58,NA
2021-04-29 15:00:00,NA,1021.2,22.2,53,NA
2021-04-29 16:00:00,NA,1020.7,24,56,NA
2021-04-29 17:00:00,NA,1019.6,26,43,NA
2021-04-29 18:00:00,NA,1018.8,26.5,41,NA
2021-04-29 19:00:00,NA,1017.9,26.2,41,NA
2021-04-29 20:00:00,NA,1017.3,26.5,41,NA
2021-04-29 21:00:00,NA,1017.3,24.5,38,NA
2021-04-29 22:00:00,NA,1017.4,21.5,47,NA
2021-04-29 23:00:00,NA,1017.9,20.4,50,NA
2021-04-30 00:00:00,985,NA,19.8,53,NA
2021-04-30 12:00:00,984.4,NA,12.7,71,NA
2021-04-30 13:00:00,984.5,NA,14,67,NA
2021-04-30 14:00:00,984.6,NA,20,56,NA
2021-04-30 15:00:00,984,NA,22,51,NA
2021-04-30 16:00:00,982.4,NA,22,51,NA
2021-04-30 17:00:00,981.4,NA,22.4,48,NA
2021-04-30 18:00:00,980,NA,26,37,NA
2021-04-30 19:00:00,979,NA,26.5,36,NA
2021-04-30 20:00:00,978.6,NA,26,35,NA
2021-04-30 21:00:00,978.5,NA,25.5,37,NA
2021-04-30 22:00:00,978.6,NA,22.2,43,NA
2021-04-30 23:00:00,978.9,NA,21.4,42,NA
2021-05-01 16:00:00,NA,NA,22,68,NA
2021-05-01 17:00:00,NA,1010,24,58,NA
2021-05-01 18:00:00,NA,1008.7,25.2,50,NA
2021-05-01 19:00:00,NA,1007.6,25.8,50,NA
2021-05-01 20:00:00,NA,1007.3,26.4,49,NA
2021-05-01 21:00:00,NA,1007.4,24.5,59,NA
2021-05-01 22:00:00,976.4,NA,22.4,71,NA
2021-05-03 12:00:00,NA,1007,16,90,NA
2021-05-03 13:00:00,NA,1007.2,19.2,85,NA
2021-05-03 14:00:00,NA,1007.1,20,78,NA
2021-05-03 15:00:00,NA,1006.1,22.6,69,NA
2021-05-03 16:00:00,NA,1004.8,24,65,NA
2021-05-03 17:00:00,NA,1003.9,24.8,62,NA
2021-05-03 18:00:00,NA,1003,26.8,63,NA
2021-05-03 19:00:00,NA,1002.5,27.4,61,NA
2021-05-03 20:00:00,NA,1002.6,26.4,60,NA
2021-05-03 21:00:00,NA,1003.3,26.2,67,NA
2021-05-03 22:00:00,NA,1004.2,24.4,73,NA
2021-05-03 23:00:00,NA,1005.5,23.4,78,NA
2021-05-04 00:00:00,975,NA,23,81,NA
2021-05-04 12:00:00,987.2,NA,17.2,68,NA
2021-05-04 13:00:00,989.1,NA,15.8,69,NA
2021-05-04 14:00:00,991,NA,15,76,NA
2021-05-04 15:00:00,991.3,NA,15,78,NA
2021-05-04 16:00:00,990.6,NA,15,78,NA
2021-05-04 17:00:00,990.4,NA,15.4,75,NA
2021-05-04 18:00:00,990.2,NA,15.2,67,NA
2021-05-04 19:00:00,990.4,NA,15.2,67,NA
2021-05-04 20:00:00,990.5,NA,14.8,64,NA
2021-05-04 21:00:00,992.2,NA,14.8,68,NA
2021-05-04 22:00:00,993.1,NA,12.4,79,NA
2021-05-04 23:00:00,993.8,NA,12,80,NA
2021-05-05 12:00:00,NA,1030.2,8.8,87,NA
2021-05-05 13:00:00,NA,1030.1,9.2,79,NA
2021-05-05 14:00:00,NA,1030,9.8,80,NA
2021-05-05 15:00:00,NA,1029.2,9.8,80,NA
2021-05-05 16:00:00,NA,1028.1,10.2,78,NA
2021-05-05 17:00:00,NA,1027.4,10.6,75,NA
2021-05-05 18:00:00,NA,1026.6,10.8,73,NA
2021-05-05 19:00:00,NA,1026.2,10.8,73,NA
2021-05-05 20:00:00,NA,1026.7,10.6,73,NA
2021-05-05 21:00:00,NA,1027.1,10.6,73,NA
2021-05-05 22:00:00,NA,1027.9,9.8,82,NA
2021-05-05 23:00:00,NA,1028.7,9.6,82,NA
2021-05-06 00:00:00,995.5,NA,9.4,84,NA
2021-05-06 12:00:00,995.8,NA,12,76,NA
2021-05-06 13:00:00,995.9,NA,14,57,NA
2021-05-06 14:00:00,996,NA,15.8,61,NA
2021-05-06 15:00:00,995.4,NA,18,65,NA
2021-05-06 16:00:00,994.3,NA,18,60,NA
2021-05-06 17:00:00,993.1,NA,19.5,53,NA
2021-05-06 18:00:00,992.1,NA,20.8,49,NA
2021-05-06 19:00:00,991.3,NA,21.5,25,NA
2021-05-06 20:00:00,990.7,NA,21,46,NA
2021-05-06 21:00:00,990.6,NA,21,46,NA
2021-05-06 22:00:00,990.4,NA,17,61,NA
2021-05-06 23:00:00,990.8,NA,15.5,69,NA
2021-05-07 12:00:00,NA,1023.6,10,75,NA
2021-05-07 13:00:00,NA,1023.4,13,56,NA
2021-05-07 14:00:00,NA,1023.5,15.8,51,NA
2021-05-07 15:00:00,NA,1023.1,17.8,45,NA
2021-05-07 16:00:00,NA,1022.1,19.8,42,NA
2021-05-07 17:00:00,NA,1021.1,19.2,42,NA
2021-05-07 18:00:00,NA,1020.3,20.5,38,NA
2021-05-07 19:00:00,NA,1019.3,20.7,37,NA
2021-05-07 20:00:00,NA,1018.8,20.5,38,NA
2021-05-07 21:00:00,985.7,NA,20.2,39,NA
2021-05-08 16:00:00,986.4,NA,20.4,49,NA
2021-05-08 17:00:00,985.1,NA,21.2,48,NA
2021-05-08 18:00:00,983.4,NA,21.8,45,NA
2021-05-08 19:00:00,982.2,NA,23.4,36,NA
2021-05-08 20:00:00,982.2,NA,22,38,NA
2021-05-08 21:00:00,982,NA,21,44,NA
2021-05-13 17:00:00,NA,1017,22.6,42,NA
2021-05-13 18:00:00,NA,1015.8,24.2,37,NA
2021-05-13 19:00:00,NA,1015.6,23.4,37,NA
2021-05-13 20:00:00,NA,1016,22.6,40,NA
2021-05-13 21:00:00,983.7,NA,21.6,42,NA
2021-05-15 16:00:00,NA,1017.3,18,63,NA
2021-05-15 17:00:00,NA,1015.8,20.4,55,NA
2021-05-15 18:00:00,NA,1014.5,21.6,52,NA
2021-05-15 19:00:00,NA,1013.6,22.8,45,NA
2021-05-15 20:00:00,NA,1013.3,22.2,53,NA
2021-05-15 21:00:00,981,NA,21,60,NA
2021-05-20 16:00:00,973.8,NA,19.8,71,NA
2021-05-20 17:00:00,973,NA,20,81,NA
2021-05-20 18:00:00,972.2,NA,20.2,79,NA
2021-05-20 19:00:00,971.7,NA,22,72,NA
2021-05-20 20:00:00,972,NA,20,74,NA
2021-05-20 21:00:00,972.7,NA,18.8,79,NA
2021-05-22 16:00:00,985.2,NA,18.8,65,NA
2021-05-22 17:00:00,984.6,NA,18.8,40,NA
2021-05-22 18:00:00,983.5,NA,19,39,NA
2021-05-22 19:00:00,983,NA,18.8,39,NA
2021-05-22 20:00:00,982.8,NA,19.2,38,NA
2021-05-22 21:00:00,983.4,NA,17.8,47,NA
2021-05-25 12:00:00,NA,1018.3,5.2,82,NA
2021-05-25 13:00:00,NA,1018.7,11,85,NA
2021-05-25 14:00:00,NA,1019.2,13.8,76,NA
2021-05-25 15:00:00,NA,1019.3,15,69,NA
2021-05-25 16:00:00,NA,1018,18.8,54,NA
2021-05-25 17:00:00,NA,1016.9,20.2,50,NA
2021-05-25 18:00:00,NA,1016.1,21,47,NA
2021-05-25 19:00:00,NA,1016.2,24.4,36,NA
2021-05-25 20:00:00,NA,1015.9,23.8,32,NA
2021-05-25 21:00:00,NA,1016.7,22.4,35,NA
2021-05-25 22:00:00,NA,1016.8,18.8,50,NA
2021-05-25 23:00:00,NA,1017.8,16.4,59,NA
2021-05-26 00:00:00,NA,1018.6,15.4,63,NA
2021-05-27 12:00:00,NA,1014.2,8.5,90,NA
2021-05-27 13:00:00,NA,1014.3,9,85,NA
2021-05-27 14:00:00,NA,1013.7,14.5,74,NA
2021-05-27 15:00:00,NA,1012.9,17.8,64,NA
2021-05-27 16:00:00,NA,1011.7,18,66,NA
2021-05-27 17:00:00,976.3,1009.3,18.5,62,NA
2021-05-27 18:00:00,974.4,1007.3,21,58,NA
2021-05-27 19:00:00,973.9,1006.9,20.5,61,NA
2021-05-27 20:00:00,973.1,1006.1,20,74,NA
2021-05-27 21:00:00,972.7,1005.8,19.8,66,NA
2021-05-27 22:00:00,972.5,1005.7,18,81,NA
2021-05-27 23:00:00,972.5,1005.6,17.5,83,NA
2021-05-28 00:00:00,NA,1005.6,17.5,83,NA
2021-05-29 00:00:00,973.1,NA,NA,NA,NA
2021-05-29 17:00:00,986.6,NA,20,34,NA
2021-05-29 18:00:00,985.9,1018.2,20,33,NA
2021-05-29 19:00:00,985.2,1017.5,20.2,32,NA
2021-05-29 20:00:00,985.1,1017.3,20.5,34,NA
2021-05-29 21:00:00,985.1,1017.3,20.5,34,NA
2021-05-29 23:00:00,986,1018.2,13.8,49,NA
2021-05-30 00:00:00,NA,1019.3,12,55,NA
2021-05-30 01:00:00,NA,1019.5,8,73,NA
2021-05-30 02:00:00,987.1,NA,NA,NA,NA
2021-05-31 12:00:00,986.5,1020.9,6,79,NA
2021-05-31 13:00:00,987.1,1021,10,75,NA
2021-05-31 14:00:00,NA,1020.9,12,72,NA
2021-05-31 15:00:00,986.8,1020.2,14.4,68,NA
2021-05-31 16:00:00,986.1,1019.2,16.2,62,NA
2021-05-31 17:00:00,985.2,1018.2,17.4,58,NA
2021-05-31 18:00:00,984.3,1017,19.8,47,NA
2021-05-31 19:00:00,983.6,1016.1,21.2,44,NA
2021-05-31 20:00:00,982.8,1015.2,21.4,45,NA
2021-05-31 21:00:00,982.5,1015,20.4,59,NA
2021-05-31 22:00:00,982.2,1015.2,16.2,68,NA
2021-05-31 23:00:00,982,1015.4,13.2,69,NA
2021-06-01 00:00:00,NA,1015.5,12,79,NA
2021-06-02 00:00:00,973.6,NA,NA,NA,NA
2021-06-02 12:00:00,983.5,1017.3,9.8,85,NA
2021-06-02 13:00:00,984.3,1017.5,15.4,73,NA
2021-06-02 14:00:00,985,1017.9,17.6,60,NA
2021-06-02 15:00:00,985.2,1017.7,21.4,47,NA
2021-06-02 16:00:00,984.9,1017.3,22.2,40,NA
2021-06-02 17:00:00,984.2,1016.6,22.6,41,NA
2021-06-02 18:00:00,983.4,1015.7,23.2,43,NA
2021-06-02 19:00:00,983,1015.2,23.4,47,NA
2021-06-02 20:00:00,982.5,1014.7,23.8,44,NA
2021-06-02 21:00:00,982.4,1014.7,22.4,50,NA
2021-06-02 22:00:00,982.6,1015.2,20,61,NA
2021-06-02 23:00:00,983.1,1015.7,20.4,54,NA
2021-06-03 00:00:00,NA,1016,20,55,NA
2021-06-04 00:00:00,977.7,NA,NA,NA,NA
2021-06-04 12:00:00,974.9,1007.9,10.2,91,NA
2021-06-04 13:00:00,975.1,1008.2,10.5,88,NA
2021-06-04 14:00:00,974.9,1007.7,16,78,NA
2021-06-04 15:00:00,974.1,1006.8,17.5,74,NA
2021-06-04 16:00:00,973.1,1005.7,19.8,69,NA
2021-06-04 17:00:00,971.4,1004.3,20.4,65,NA
2021-06-04 18:00:00,970.5,1002.9,24,57,NA
2021-06-04 19:00:00,969.8,1002.1,26,48,NA
2021-06-04 20:00:00,969.8,1002.2,26.4,46,NA
2021-06-04 21:00:00,970.4,1003.1,22.6,66,NA
2021-06-04 22:00:00,NA,1003.9,19.8,70,NA
2021-06-04 23:00:00,971.4,1004.3,19.4,75,NA
2021-06-05 00:00:00,NA,1004.6,19,79,NA
2021-06-05 20:00:00,982.3,NA,23.2,49,NA
2021-06-08 00:00:00,984.9,NA,NA,NA,NA
2021-06-08 12:00:00,NA,1019,14.4,87,NA
2021-06-08 13:00:00,NA,1019,15,85,NA
2021-06-08 14:00:00,NA,1018.9,16,79,NA
2021-06-08 15:00:00,NA,1018.3,17.2,75,NA
2021-06-08 16:00:00,NA,1017.1,19.4,68,NA
2021-06-08 17:00:00,NA,1015.9,20.4,62,NA
2021-06-08 18:00:00,NA,1014.6,19.6,64,NA
2021-06-08 19:00:00,NA,1013.9,19.6,64,NA
2021-06-08 20:00:00,NA,1013.4,20,66,NA
2021-06-08 21:00:00,NA,1013.5,19.8,65,NA
2021-06-08 22:00:00,NA,1013.9,18.6,60,NA
2021-06-08 23:00:00,NA,1014.3,18,64,NA
2021-06-09 00:00:00,NA,1014.7,17.4,67,NA
2021-06-10 00:00:00,981.2,NA,NA,NA,NA
2021-06-10 12:00:00,986.5,1020,9,97,NA
2021-06-10 13:00:00,987.5,1021.1,9,97,NA
2021-06-10 14:00:00,988.7,1022.2,11.5,94,NA
2021-06-10 15:00:00,989.2,1022.8,12,94,NA
2021-06-10 16:00:00,989.1,1022.7,15.5,84,NA
2021-06-10 17:00:00,988.8,1022.3,18,76,NA
2021-06-10 18:00:00,988.5,1022,20,66,NA
2021-06-10 19:00:00,988.1,1021.6,21,62,NA
2021-06-10 20:00:00,988.2,1021.7,21.5,58,NA
2021-06-10 21:00:00,988.9,1022.4,21.2,60,NA
2021-06-10 22:00:00,989.5,1023,19.5,68,NA
2021-06-10 23:00:00,990,1023.5,19,71,NA
2021-06-11 00:00:00,NA,1023.9,16.5,75,NA
2021-06-12 00:00:00,987.8,NA,NA,NA,NA
2021-06-12 15:00:00,NA,NA,13,97,NA
2021-06-12 16:00:00,983.3,1016.3,15.8,81,NA
2021-06-12 17:00:00,981.9,1014.5,17,80,NA
2021-06-12 18:00:00,980.5,1012.9,18.5,76,NA
2021-06-12 19:00:00,979.7,1011.9,19.4,73,NA
2021-06-12 20:00:00,979.4,NA,NA,NA,NA
2021-06-14 12:00:00,984.6,1018.6,8.4,89,NA
2021-06-14 13:00:00,985.2,1018.6,14,82,NA
2021-06-14 14:00:00,985.9,1019.1,15.8,77,NA
2021-06-14 15:00:00,986,1018.9,18,63,NA
2021-06-14 16:00:00,985.2,1017.7,21.6,49,NA
2021-06-14 17:00:00,984.6,1017,22,49,NA
2021-06-14 18:00:00,984,1016.2,24,46,NA
2021-06-14 19:00:00,983.8,1016,24.2,44,NA
2021-06-14 20:00:00,984,1016.3,23,45,NA
2021-06-14 21:00:00,985.1,1017.6,21.4,46,NA
2021-06-14 22:00:00,NA,1018.9,19,55,NA
2021-06-14 23:00:00,987.2,1020.1,18.4,56,NA
2021-06-15 00:00:00,NA,1022.1,17.8,59,NA
2021-06-16 12:00:00,NA,1030.7,6.4,83,NA
2021-06-16 13:00:00,NA,1031.2,6.2,85,NA
2021-06-16 14:00:00,NA,1031.3,6.8,83,NA
2021-06-16 15:00:00,996.3,1030.9,7.4,75,NA
2021-06-16 16:00:00,995.8,1030.3,7.8,75,NA
2021-06-16 17:00:00,994.8,1029.2,8.2,76,NA
2021-06-16 18:00:00,993.8,1028.1,8.4,71,NA
2021-06-16 19:00:00,994,1028.4,8.4,71,NA
2021-06-16 20:00:00,994.2,1028.5,8.6,71,NA
2021-06-16 21:00:00,994.6,1029,8.4,73,NA
2021-06-16 22:00:00,995.2,1029.6,8.2,71,NA
2021-06-16 23:00:00,995.6,1030.1,8,73,NA
2021-06-17 00:00:00,NA,1030.6,8,73,NA
2021-06-18 00:00:00,993.7,NA,NA,NA,NA
2021-06-18 12:00:00,993.2,1027.7,7,88,NA
2021-06-18 13:00:00,993.4,1027.9,6.8,92,NA
2021-06-18 14:00:00,993.3,1027.7,8,79,NA
2021-06-18 15:00:00,992.6,1027,9,68,NA
2021-06-18 16:00:00,991.4,1025.7,10,63,NA
2021-06-18 17:00:00,990.2,1024.5,10.4,59,NA
2021-06-18 18:00:00,989.5,1023.8,10,69,NA
2021-06-18 19:00:00,989.4,1023.7,9.7,68,NA
2021-06-18 20:00:00,989.8,1024,9.7,72,NA
2021-06-18 21:00:00,990.3,1024.5,9.5,68,NA
2021-06-18 22:00:00,NA,1025.5,8,86,NA
2021-06-18 23:00:00,991.8,1026.2,7.8,89,NA
2021-06-19 00:00:00,NA,1026.6,8,85,NA
2021-06-19 19:00:00,990.7,NA,11.8,54,NA
2021-06-22 00:00:00,985.8,NA,NA,NA,NA
2021-06-22 12:00:00,986.3,1021,3.8,87,NA
2021-06-22 13:00:00,986.6,1020.8,7.4,86,NA
2021-06-22 14:00:00,986.4,1020.1,12,70,NA
2021-06-22 15:00:00,NA,1019.3,12.2,72,NA
2021-06-22 16:00:00,NA,1018,11.8,77,NA
2021-06-22 17:00:00,NA,1016,12,75,NA
2021-06-22 18:00:00,NA,1014,19.6,62,NA
2021-06-22 19:00:00,NA,1013,19,41,NA
2021-06-22 20:00:00,NA,1012.4,18.4,45,NA
2021-06-22 21:00:00,NA,1012.4,17.8,47,NA
2021-06-22 22:00:00,NA,1013.1,15.2,60,NA
2021-06-22 23:00:00,NA,1013.4,14,68,NA
2021-06-23 00:00:00,NA,1013.7,13.4,71,NA
2021-06-24 00:00:00,978.2,NA,NA,NA,NA
2021-06-24 12:00:00,986.8,1020.7,8,76,NA
2021-06-24 13:00:00,987.3,1021.3,11,88,NA
2021-06-24 14:00:00,987.6,1021.4,11.5,82,NA
2021-06-24 15:00:00,987.2,1020.9,13,77,NA
2021-06-24 16:00:00,986.6,1020.3,15,61,NA
2021-06-24 17:00:00,985.1,1018.5,16,56,NA
2021-06-24 18:00:00,983.7,1017.4,17.2,53,NA
2021-06-24 19:00:00,982.6,1016.3,18,50,NA
2021-06-24 20:00:00,981.9,1015.6,18.8,49,NA
2021-06-24 21:00:00,981.3,1015.2,16,70,NA
2021-06-24 22:00:00,981.5,1015.5,15.5,66,NA
2021-06-24 23:00:00,981.6,1015.5,15,69,NA
2021-06-25 00:00:00,NA,1015.9,9,81,NA
2021-06-26 00:00:00,975.9,NA,NA,NA,NA
2021-06-26 11:00:00,NA,1013.8,11.8,85,NA
2021-06-26 12:00:00,NA,1015.1,12.8,67,NA
2021-06-26 13:00:00,NA,1016.4,12.2,77,NA
2021-06-26 14:00:00,NA,1017.6,15,69,NA
2021-06-26 15:00:00,NA,1018.2,NA,NA,NA
2021-06-26 16:00:00,NA,1018.8,15,67,NA
2021-06-26 17:00:00,NA,1019.3,12.5,NA,NA
2021-06-26 18:00:00,NA,1019.3,12.2,72,NA
2021-06-26 19:00:00,NA,1020,12.2,72,NA
2021-06-26 20:00:00,NA,1020.5,12,66,NA
2021-06-28 12:00:00,NA,1036.9,0,99,NA
2021-06-28 13:00:00,NA,1036.9,4,87,NA
2021-06-28 14:00:00,NA,1036.8,8.6,68,NA
2021-06-28 15:00:00,NA,1035.6,10,53,NA
2021-06-28 16:00:00,NA,1034.3,11.4,40,NA
2021-06-28 17:00:00,NA,1032.7,12.4,38,NA
2021-06-28 18:00:00,NA,1031.6,12.8,35,NA
2021-06-28 19:00:00,NA,1030.7,13.2,38,NA
2021-06-28 20:00:00,NA,1030.1,13.6,35,NA
2021-06-28 21:00:00,NA,1029.7,14,34,NA
2021-06-28 22:00:00,NA,1030.2,10.2,47,NA
2021-06-28 23:00:00,NA,1031,9,54,NA
2021-06-29 00:00:00,NA,1031.3,8.2,60,NA
2021-06-30 00:00:00,993.6,NA,NA,NA,NA
2021-06-30 12:00:00,990.5,1025.2,-0.8,84,NA
2021-06-30 13:00:00,990.5,1025.2,4.6,48,NA
2021-06-30 14:00:00,990.7,1025.1,7,83,NA
2021-06-30 15:00:00,989.7,1023.8,9.4,72,NA
2021-06-30 16:00:00,988.8,1022.6,11.6,63,NA
2021-06-30 17:00:00,987,1020.6,12.8,62,NA
2021-06-30 18:00:00,985.5,1019.6,16.4,40,NA
2021-06-30 19:00:00,984.2,1018,20.6,15,NA
2021-06-30 20:00:00,983.6,1017.4,20.4,15,NA
2021-06-30 21:00:00,983.1,1017,19,17,NA
2021-06-30 22:00:00,NA,1017.7,16.2,22,NA
2021-06-30 23:00:00,983.6,1016.9,14.4,23,NA
2021-07-01 00:00:00,NA,1017.9,9.2,38,NA
