2021-01-07 00:00:00,920.2,NA,NA,NA,NA
2021-01-07 09:00:00,920.6,1501,18.9,95,NA
2021-01-07 10:00:00,921,1504,19.4,93,NA
2021-01-07 11:00:00,921.2,1504,19.3,95,NA
2021-01-07 12:00:00,921,1504,20.6,88,NA
2021-01-07 13:00:00,922,1512,23.4,72,NA
2021-01-07 14:00:00,922.2,1516,24,71,NA
2021-01-07 15:00:00,921.8,1514,24,71,NA
2021-01-07 16:00:00,921.3,1508,24.2,64,NA
2021-01-07 17:00:00,921,1503,24.1,71,NA
2021-01-07 18:00:00,920.6,1498,24.4,69,NA
2021-01-07 19:00:00,920.1,1494,24.6,68,NA
2021-01-07 20:00:00,919.8,1491,24.7,67,NA
2021-01-07 21:00:00,919.8,1491,24.2,69,NA
2021-01-07 22:00:00,920,1492,22.7,81,NA
2021-01-07 23:00:00,920,1491,21.6,78,NA
2021-01-08 00:00:00,NA,1496,21,82,NA
2021-01-09 00:00:00,920.6,NA,NA,NA,NA
2021-01-09 09:00:00,919.4,1489,20.5,92,NA
2021-01-09 10:00:00,919.8,1492,21.2,88,NA
2021-01-09 11:00:00,920.6,1501,22.4,89,NA
2021-01-09 12:00:00,921.3,1508,23.5,79,NA
2021-01-09 13:00:00,921.6,1511,24.1,80,NA
2021-01-09 14:00:00,921.6,1512,25.4,75,NA
2021-01-09 15:00:00,921.2,1509,26.8,71,NA
2021-01-09 16:00:00,920.6,1503,26.6,71,NA
2021-01-09 17:00:00,919.6,1494,26.9,70,NA
2021-01-09 18:00:00,918.9,1488,27.5,62,NA
2021-01-09 19:00:00,918.9,1486,26,69,NA
2021-01-09 20:00:00,919,1483,21.6,88,NA
2021-01-09 21:00:00,919.4,1487,21.2,85,NA
2021-01-09 22:00:00,919.4,1486,20.9,94,NA
2021-01-09 23:00:00,919.6,1489,20.2,95,NA
2021-01-10 00:00:00,NA,1494,20.2,93,NA
2021-01-11 00:00:00,920.2,NA,NA,NA,NA
2021-01-11 09:00:00,920.2,1501,21.6,91,NA
2021-01-11 10:00:00,920.5,1502,22.3,87,NA
2021-01-11 11:00:00,920.9,1506,23.6,82,NA
2021-01-11 12:00:00,921.4,1511,24.4,79,NA
2021-01-11 13:00:00,921.6,1515,26,74,NA
2021-01-11 14:00:00,921.6,1516,27.1,69,NA
2021-01-11 15:00:00,921.8,1520,28.8,66,NA
2021-01-11 16:00:00,921.4,1517,28.6,65,NA
2021-01-11 17:00:00,920.9,1511,29.2,62,NA
2021-01-11 18:00:00,920.2,1506,29.7,60,NA
2021-01-11 19:00:00,919.8,1500,29.3,63,NA
2021-01-11 20:00:00,918.9,1492,29.2,62,NA
2021-01-11 21:00:00,918,1482,27.8,66,NA
2021-01-11 22:00:00,917.6,1478,27,69,NA
2021-01-11 23:00:00,918.4,1485,25.8,74,NA
2021-01-12 00:00:00,NA,1493,24.8,80,NA
2021-01-13 00:00:00,920.9,NA,NA,NA,NA
2021-01-13 09:00:00,922.2,1509,18.6,96,NA
2021-01-13 10:00:00,922.5,1511,18.8,96,NA
2021-01-13 11:00:00,922.9,1515,19.8,96,NA
2021-01-13 12:00:00,923.2,1521,21.8,91,NA
2021-01-13 13:00:00,923.6,1526,24.4,78,NA
2021-01-13 14:00:00,924,1532,26.2,72,NA
2021-01-13 15:00:00,923.8,1531,26.8,71,NA
2021-01-13 16:00:00,923.2,1526,27.8,67,NA
2021-01-13 17:00:00,922.5,1513,22.1,96,NA
2021-01-13 18:00:00,922.2,1508,20.8,98,NA
2021-01-13 19:00:00,921.3,1501,21.5,98,NA
2021-01-13 20:00:00,921,1498,21.4,96,NA
2021-01-13 21:00:00,921.2,1501,21.4,94,NA
2021-01-13 22:00:00,921.4,1504,22.3,91,NA
2021-01-13 23:00:00,921.8,1508,21.8,94,NA
2021-01-14 00:00:00,NA,1512,21.8,90,NA
2021-01-15 00:00:00,921.3,NA,NA,NA,NA
2021-01-15 09:00:00,920.8,1502,19.2,86,NA
2021-01-15 10:00:00,921,1504,20,80,NA
2021-01-15 11:00:00,921.4,1509,21.8,75,NA
2021-01-15 12:00:00,921.6,1511,23,73,NA
2021-01-15 13:00:00,921.6,1511,24.4,71,NA
2021-01-15 14:00:00,921.6,1510,24.6,69,NA
2021-01-15 15:00:00,921,1504,25.4,69,NA
2021-01-15 16:00:00,920.5,1499,24.8,72,NA
2021-01-15 17:00:00,919.7,1492,25.8,70,NA
2021-01-15 18:00:00,918.5,1481,26.3,71,NA
2021-01-15 19:00:00,917.7,1474,26.6,66,NA
2021-01-15 20:00:00,916.6,1465,26.8,68,NA
2021-01-15 21:00:00,916.1,1460,26.2,68,NA
2021-01-15 22:00:00,916.2,1461,25.2,70,NA
2021-01-15 23:00:00,916.5,1463,23.8,80,NA
2021-01-16 00:00:00,NA,1468,23.4,80,NA
2021-01-17 00:00:00,915,NA,NA,NA,NA
2021-01-17 09:00:00,915.3,1426,18.6,100,NA
2021-01-17 10:00:00,914.2,1435,18.4,100,NA
2021-01-17 11:00:00,915.4,1449,20,93,NA
2021-01-17 12:00:00,915.7,1452,21.4,95,NA
2021-01-17 13:00:00,916.2,1456,22.2,93,NA
2021-01-17 14:00:00,916.2,1458,23.8,85,NA
2021-01-17 15:00:00,916.4,1459,24.4,79,NA
2021-01-17 16:00:00,916.4,1458,23.6,84,NA
2021-01-17 17:00:00,NA,1457,23.6,83,NA
2021-01-17 18:00:00,NA,1456,24.6,79,NA
2021-01-17 19:00:00,NA,1457,23.3,81,NA
2021-01-17 20:00:00,NA,1454,22.4,85,NA
2021-01-17 21:00:00,NA,1453,22.2,85,NA
2021-01-17 22:00:00,NA,1452,21.6,90,NA
2021-01-17 23:00:00,NA,1454,20.7,96,NA
2021-01-18 00:00:00,NA,1458,20.5,98,NA
2021-01-19 09:00:00,NA,1499,17,96,NA
2021-01-19 10:00:00,NA,1501,18.4,92,NA
2021-01-19 11:00:00,NA,1505,19.8,87,NA
2021-01-19 12:00:00,NA,1509,21,85,NA
2021-01-19 13:00:00,NA,1510,22.4,82,NA
2021-01-19 14:00:00,NA,1510,23,80,NA
2021-01-19 15:00:00,NA,1508,22.8,83,NA
2021-01-19 16:00:00,NA,1504,22.2,85,NA
2021-01-19 17:00:00,NA,1503,20.2,95,NA
2021-01-19 18:00:00,NA,1495,19.8,98,NA
2021-01-19 19:00:00,NA,1497,20.2,98,NA
2021-01-19 20:00:00,NA,1490,20.3,96,NA
2021-01-19 21:00:00,NA,1495,20.3,96,NA
2021-01-19 22:00:00,NA,1501,20,96,NA
2021-01-19 23:00:00,NA,1503,19.6,97,NA
2021-01-20 00:00:00,NA,1508,19.4,95,NA
2021-01-21 09:00:00,NA,1507,18.6,96,NA
2021-01-21 10:00:00,NA,1515,19,96,NA
2021-01-21 11:00:00,NA,1524,19.6,93,NA
2021-01-21 12:00:00,NA,1528,20,93,NA
2021-01-21 13:00:00,NA,1527,20.4,91,NA
2021-01-21 14:00:00,NA,1529,21,88,NA
2021-01-21 15:00:00,NA,1530,21,90,NA
2021-01-21 16:00:00,NA,1526,20.8,95,NA
2021-01-21 17:00:00,NA,1523,22.9,83,NA
2021-01-21 18:00:00,NA,1523,22.4,86,NA
2021-01-21 19:00:00,NA,1516,21.3,87,NA
2021-01-21 20:00:00,NA,1510,22,81,NA
2021-01-21 21:00:00,NA,1514,22.2,80,NA
2021-01-21 22:00:00,NA,1521,21.4,85,NA
2021-01-21 23:00:00,NA,1525,20.3,93,NA
2021-01-22 00:00:00,NA,1527,19.8,95,NA
2021-01-23 09:00:00,NA,1536,18.4,95,NA
2021-01-23 10:00:00,NA,1537,19,93,NA
2021-01-23 11:00:00,NA,1539,19.6,91,NA
2021-01-23 12:00:00,NA,1544,21.2,83,NA
2021-01-23 13:00:00,NA,1545,23,79,NA
2021-01-23 14:00:00,NA,1545,25.2,73,NA
2021-01-23 15:00:00,NA,1543,26,70,NA
2021-01-23 16:00:00,NA,1537,25.8,67,NA
2021-01-23 17:00:00,NA,1528,25.9,64,NA
2021-01-23 18:00:00,NA,1519,26.4,66,NA
2021-01-23 19:00:00,NA,1511,25.9,67,NA
2021-01-23 20:00:00,NA,1508,25.8,69,NA
2021-01-23 21:00:00,NA,1513,24.4,80,NA
2021-01-23 22:00:00,NA,1517,21.2,96,NA
2021-01-23 23:00:00,NA,1515,18.7,95,NA
2021-01-24 00:00:00,NA,1523,19.1,93,NA
2021-01-25 09:00:00,NA,1490,19,98,NA
2021-01-25 10:00:00,NA,1489,18.9,100,NA
2021-01-25 11:00:00,NA,1498,19.2,100,NA
2021-01-25 12:00:00,NA,1499,19.4,100,NA
2021-01-25 13:00:00,NA,1498,20.5,98,NA
2021-01-25 14:00:00,NA,1496,20.7,96,NA
2021-01-25 15:00:00,NA,1494,19.7,99,NA
2021-01-25 16:00:00,NA,1488,21.6,96,NA
2021-01-25 17:00:00,NA,1483,22.5,87,NA
2021-01-25 18:00:00,NA,1479,19.6,98,NA
2021-01-25 19:00:00,NA,1477,19.6,99,NA
2021-01-25 20:00:00,NA,1471,19.2,100,NA
2021-01-25 21:00:00,NA,1469,19.3,100,NA
2021-01-25 22:00:00,NA,1470,19.6,98,NA
2021-01-25 23:00:00,NA,1479,19.2,100,NA
2021-01-26 00:00:00,NA,1482,19.2,100,NA
2021-01-26 15:00:00,919.8,NA,22,83,NA
2021-01-26 16:00:00,919.8,NA,20.6,94,NA
2021-01-26 17:00:00,918.9,NA,21.9,87,NA
2021-01-26 18:00:00,918.5,NA,22.2,83,NA
2021-01-26 19:00:00,918,NA,23.3,87,NA
2021-01-26 20:00:00,917,NA,23.2,83,NA
2021-01-27 09:00:00,NA,1467,20.8,95,NA
2021-01-27 10:00:00,NA,1467,21.3,91,NA
2021-01-27 11:00:00,NA,1476,19.6,99,NA
2021-01-27 12:00:00,NA,1470,19,99,NA
2021-01-27 13:00:00,NA,1469,18.7,100,NA
2021-01-27 14:00:00,NA,1474,19,100,NA
2021-01-27 15:00:00,NA,1478,20,98,NA
2021-01-27 16:00:00,NA,1478,21,93,NA
2021-01-27 17:00:00,NA,1474,19.9,98,NA
2021-01-27 18:00:00,NA,1467,20.3,98,NA
2021-01-27 19:00:00,NA,1459,20.8,96,NA
2021-01-27 20:00:00,NA,1456,21.6,94,NA
2021-01-27 21:00:00,NA,1455,19.2,98,NA
2021-01-27 22:00:00,NA,1458,19.4,98,NA
2021-01-27 23:00:00,NA,1457,19.4,99,NA
2021-01-28 00:00:00,NA,1461,19.7,99,NA
2021-01-29 09:00:00,NA,1467,20.2,100,NA
2021-01-29 10:00:00,NA,1466,20.2,100,NA
2021-01-29 11:00:00,NA,1471,20.2,100,NA
2021-01-29 12:00:00,NA,1474,20.5,98,NA
2021-01-29 13:00:00,NA,1476,20.6,100,NA
2021-01-29 14:00:00,NA,1473,21.7,98,NA
2021-01-29 15:00:00,NA,1470,21.8,98,NA
2021-01-29 16:00:00,NA,1469,21.2,99,NA
2021-01-29 17:00:00,NA,1468,23.2,92,NA
2021-01-29 18:00:00,NA,1466,24.5,87,NA
2021-01-29 19:00:00,NA,1461,23.9,84,NA
2021-01-29 20:00:00,NA,1459,24.8,82,NA
2021-01-29 21:00:00,NA,1466,23.9,72,NA
2021-01-29 22:00:00,NA,1465,22.8,91,NA
2021-01-29 23:00:00,NA,1474,20.5,93,NA
2021-01-30 00:00:00,NA,1475,19.4,96,NA
2021-01-31 00:00:00,919.4,NA,NA,NA,NA
2021-01-31 09:00:00,921.4,1504,17,98,NA
2021-01-31 10:00:00,920.2,1491,17,98,NA
2021-01-31 11:00:00,920.6,1494,16.9,100,NA
2021-01-31 12:00:00,920.4,1492,17.3,98,NA
2021-01-31 13:00:00,921.7,1502,17.1,100,NA
2021-01-31 14:00:00,921.8,1504,17.3,100,NA
2021-01-31 15:00:00,921.8,1501,17.7,100,NA
2021-01-31 16:00:00,921,1492,17.8,100,NA
2021-01-31 17:00:00,919.8,1481,18,98,NA
2021-01-31 18:00:00,919.2,1476,18.8,96,NA
2021-01-31 19:00:00,918.9,1474,19.4,96,NA
2021-01-31 20:00:00,918.2,1468,18.9,97,NA
2021-01-31 21:00:00,918.2,1468,18.8,100,NA
2021-01-31 22:00:00,918.2,1468,18.4,100,NA
2021-01-31 23:00:00,918.6,1472,18.5,98,NA
2021-02-01 00:00:00,919.2,1477,18.4,96,NA
2021-02-02 00:00:00,919.8,NA,NA,NA,NA
2021-02-02 09:00:00,920,1491,19.8,80,NA
2021-02-02 10:00:00,919.8,1490,20.6,79,NA
2021-02-02 11:00:00,920.6,1497,21.4,81,NA
2021-02-02 12:00:00,921.4,1505,22.4,83,NA
2021-02-02 13:00:00,922.5,1511,21.6,86,NA
2021-02-02 14:00:00,922.8,1514,21.8,85,NA
2021-02-02 15:00:00,922.6,1514,22,86,NA
2021-02-02 16:00:00,923,1516,20.4,96,NA
2021-02-02 17:00:00,NA,1507,20.3,96,NA
2021-02-02 18:00:00,922,1507,20.9,94,NA
2021-02-02 19:00:00,920.6,1493,20.7,92,NA
2021-02-02 20:00:00,920,1489,21.7,84,NA
2021-02-02 21:00:00,920.1,1492,21.4,88,NA
2021-02-02 22:00:00,920.1,1492,20.8,94,NA
2021-02-02 23:00:00,920,1491,19.8,98,NA
2021-02-03 00:00:00,NA,1492,19.6,97,NA
2021-02-04 00:00:00,920.9,NA,NA,NA,NA
2021-02-04 09:00:00,921.2,1508,20.8,100,NA
2021-02-04 10:00:00,921.3,1508,20.6,100,NA
2021-02-04 11:00:00,921,1505,20.6,98,NA
2021-02-04 12:00:00,921.2,1506,21,96,NA
2021-02-04 13:00:00,921.6,1505,18.6,100,NA
2021-02-04 14:00:00,922.2,1510,17.8,100,NA
2021-02-04 15:00:00,922.2,1511,18.8,90,NA
2021-02-04 16:00:00,921.8,1508,19.8,86,NA
2021-02-04 17:00:00,921.2,1503,20.8,81,NA
2021-02-04 18:00:00,920.6,1499,21.9,76,NA
2021-02-04 19:00:00,921,1502,21.8,71,NA
2021-02-04 20:00:00,920.6,1498,22,65,NA
2021-02-04 21:00:00,920.2,1494,20.8,70,NA
2021-02-04 22:00:00,920.5,1496,20.6,71,NA
2021-02-04 23:00:00,919.8,1488,19.2,88,NA
2021-02-05 00:00:00,NA,1494,18.8,83,NA
2021-02-05 09:00:00,NA,1483,14.8,100,NA
2021-02-05 10:00:00,NA,1485,15.2,98,NA
2021-02-05 11:00:00,NA,1487,15.4,96,NA
2021-02-05 12:00:00,NA,1493,17.4,83,NA
2021-02-05 13:00:00,NA,1492,19.2,72,NA
2021-02-05 14:00:00,NA,1493,20.2,64,NA
2021-02-05 15:00:00,NA,1490,21.2,60,NA
2021-02-05 16:00:00,NA,1488,22.6,56,NA
2021-02-05 17:00:00,NA,1484,23.2,54,NA
2021-02-05 18:00:00,NA,1479,23.7,49,NA
2021-02-05 19:00:00,NA,1475,23.6,45,NA
2021-02-05 20:00:00,NA,1469,23,43,NA
2021-02-05 21:00:00,NA,1470,22.3,45,NA
2021-02-05 22:00:00,NA,1470,20.3,57,NA
2021-02-05 23:00:00,NA,1474,18.7,60,NA
2021-02-06 00:00:00,919.3,1477,17.4,69,NA
2021-02-06 09:00:00,919.6,NA,NA,NA,NA
2021-02-06 10:00:00,920.2,NA,NA,NA,NA
2021-02-06 11:00:00,920.5,NA,NA,NA,NA
2021-02-06 12:00:00,920.9,NA,NA,NA,NA
2021-02-06 13:00:00,921.4,NA,NA,NA,NA
2021-02-06 14:00:00,921.7,NA,NA,NA,NA
2021-02-06 15:00:00,921.3,NA,NA,NA,NA
2021-02-06 16:00:00,920.8,NA,NA,NA,NA
2021-02-06 17:00:00,921.2,NA,NA,NA,NA
2021-02-06 18:00:00,921,NA,NA,NA,NA
2021-02-06 19:00:00,921,NA,NA,NA,NA
2021-02-06 20:00:00,920.6,NA,NA,NA,NA
2021-02-06 21:00:00,919.8,NA,NA,NA,NA
2021-02-06 22:00:00,920.1,NA,NA,NA,NA
2021-02-06 23:00:00,920.4,NA,NA,NA,NA
2021-02-08 00:00:00,922.2,NA,NA,NA,NA
2021-02-08 09:00:00,NA,1514,18.6,64,NA
2021-02-08 10:00:00,NA,1517,18.6,63,NA
2021-02-08 11:00:00,NA,1519,20.4,52,NA
2021-02-08 12:00:00,NA,1525,21.2,52,NA
2021-02-08 13:00:00,NA,1527,23,50,NA
2021-02-08 14:00:00,NA,1530,24.2,45,NA
2021-02-08 15:00:00,NA,1529,25.6,43,NA
2021-02-08 16:00:00,NA,1523,26.4,44,NA
2021-02-08 17:00:00,NA,1520,26.9,39,NA
2021-02-08 18:00:00,NA,1511,27.8,41,NA
2021-02-08 19:00:00,NA,1504,28.2,38,NA
2021-02-08 20:00:00,NA,1500,27.6,41,NA
2021-02-08 21:00:00,NA,1499,27.6,41,NA
2021-02-08 22:00:00,NA,1501,26.2,47,NA
2021-02-08 23:00:00,NA,1504,23.7,55,NA
2021-02-09 00:00:00,NA,1507,22.7,60,NA
2021-02-10 09:00:00,NA,1505,19.2,68,NA
2021-02-10 10:00:00,NA,1512,18.8,73,NA
2021-02-10 11:00:00,NA,1514,20,71,NA
2021-02-10 12:00:00,NA,1522,21.8,64,NA
2021-02-10 13:00:00,NA,1518,22.2,63,NA
2021-02-10 14:00:00,NA,1523,24,59,NA
2021-02-10 15:00:00,NA,1519,25.4,56,NA
2021-02-10 16:00:00,NA,1519,24.6,60,NA
2021-02-10 17:00:00,NA,1520,26.3,50,NA
2021-02-10 18:00:00,NA,1518,25.6,54,NA
2021-02-10 19:00:00,NA,1506,20.8,65,NA
2021-02-10 20:00:00,NA,1509,22.4,51,NA
2021-02-10 21:00:00,NA,1512,22,68,NA
2021-02-10 22:00:00,NA,1511,19.2,76,NA
2021-02-10 23:00:00,NA,1503,18.6,77,NA
2021-02-11 00:00:00,921.8,NA,17.5,81,NA
2021-02-11 09:00:00,921.3,NA,17.8,84,NA
2021-02-11 10:00:00,921.7,NA,17.2,88,NA
2021-02-11 11:00:00,922.2,NA,17.8,88,NA
2021-02-11 12:00:00,922.8,NA,18.6,92,NA
2021-02-11 13:00:00,923.2,NA,20.2,78,NA
2021-02-11 14:00:00,923.2,NA,20.4,80,NA
2021-02-11 15:00:00,922.8,NA,23.6,60,NA
2021-02-11 16:00:00,922.4,NA,25,58,NA
2021-02-11 17:00:00,922.2,NA,23.6,62,NA
2021-02-11 18:00:00,921,NA,22.2,80,NA
2021-02-11 19:00:00,920.1,NA,22.2,81,NA
2021-02-11 20:00:00,920.1,NA,19.6,88,NA
2021-02-11 21:00:00,920.2,NA,18.3,95,NA
2021-02-11 22:00:00,920.8,NA,18.4,96,NA
2021-02-11 23:00:00,921.2,NA,17.9,98,NA
2021-02-12 09:00:00,NA,1493,18.4,90,NA
2021-02-12 10:00:00,NA,1499,18.6,90,NA
2021-02-12 11:00:00,NA,1502,19,91,NA
2021-02-12 12:00:00,NA,1507,19.6,89,NA
2021-02-12 13:00:00,NA,1511,20,87,NA
2021-02-12 14:00:00,NA,1513,21.4,83,NA
2021-02-12 15:00:00,NA,1506,21.6,85,NA
2021-02-12 16:00:00,NA,1503,22.8,73,NA
2021-02-12 17:00:00,NA,1499,23,72,NA
2021-02-12 18:00:00,NA,1495,22.8,79,NA
2021-02-12 19:00:00,NA,1492,23.6,73,NA
2021-02-12 20:00:00,NA,1492,20.6,89,NA
2021-02-12 21:00:00,NA,1492,19.4,93,NA
2021-02-12 22:00:00,NA,1490,18.2,95,NA
2021-02-12 23:00:00,NA,1495,18.2,87,NA
2021-02-13 00:00:00,921.4,NA,17.9,96,NA
2021-02-13 09:00:00,920,NA,18,84,NA
2021-02-13 10:00:00,920.8,NA,17.6,88,NA
2021-02-13 11:00:00,921.2,NA,18.8,87,NA
2021-02-13 12:00:00,921.6,NA,20.8,79,NA
2021-02-13 13:00:00,921.8,NA,22.8,71,NA
2021-02-13 14:00:00,921.8,NA,23.8,68,NA
2021-02-13 15:00:00,921.3,NA,25.2,64,NA
2021-02-13 16:00:00,920.8,NA,25.6,63,NA
2021-02-13 17:00:00,920.5,NA,25.7,62,NA
2021-02-13 18:00:00,919.8,NA,26.5,56,NA
2021-02-13 19:00:00,919,NA,25.3,64,NA
2021-02-13 20:00:00,918.5,NA,24.4,69,NA
2021-02-13 21:00:00,918.2,NA,22.8,77,NA
2021-02-13 22:00:00,918.6,NA,22.4,83,NA
2021-02-13 23:00:00,918.5,NA,21.6,85,NA
2021-02-14 09:00:00,NA,1482,19,91,NA
2021-02-14 10:00:00,NA,1482,19.4,89,NA
2021-02-14 11:00:00,NA,1484,21.2,81,NA
2021-02-14 12:00:00,NA,1486,22.4,79,NA
2021-02-14 13:00:00,NA,1489,24,71,NA
2021-02-14 14:00:00,NA,1494,24.6,68,NA
2021-02-14 15:00:00,NA,1490,24.6,65,NA
2021-02-14 16:00:00,NA,1485,25.8,58,NA
2021-02-14 17:00:00,NA,1475,25.2,60,NA
2021-02-14 18:00:00,NA,1466,26.7,53,NA
2021-02-14 19:00:00,NA,1465,26.7,47,NA
2021-02-14 20:00:00,NA,1461,26.5,50,NA
2021-02-14 21:00:00,NA,1461,25.8,53,NA
2021-02-14 22:00:00,NA,1464,24.2,59,NA
2021-02-14 23:00:00,NA,1469,22.8,64,NA
2021-02-15 00:00:00,918.2,NA,21.2,72,NA
2021-02-15 09:00:00,918.2,NA,17.8,95,NA
2021-02-15 10:00:00,918.6,NA,17.9,96,NA
2021-02-15 11:00:00,919,NA,18.4,95,NA
2021-02-15 12:00:00,919.7,NA,19.6,88,NA
2021-02-15 13:00:00,920.2,NA,21.6,81,NA
2021-02-15 14:00:00,920.2,NA,23.6,74,NA
2021-02-15 15:00:00,920.1,NA,24.9,61,NA
2021-02-15 16:00:00,919.3,NA,25.4,59,NA
2021-02-15 17:00:00,918.1,NA,26.2,55,NA
2021-02-15 18:00:00,917.6,NA,25.2,60,NA
2021-02-15 19:00:00,917,NA,26.7,55,NA
2021-02-15 20:00:00,916.6,NA,24.6,65,NA
2021-02-15 21:00:00,916.6,NA,22.6,80,NA
2021-02-15 22:00:00,916.6,NA,21.2,89,NA
2021-02-15 23:00:00,916.6,NA,19.7,91,NA
2021-02-16 09:00:00,NA,1470,17.4,92,NA
2021-02-16 10:00:00,NA,1474,18.1,90,NA
2021-02-16 11:00:00,NA,1474,19.9,85,NA
2021-02-16 12:00:00,NA,1482,21.6,80,NA
2021-02-16 13:00:00,NA,1485,23.5,71,NA
2021-02-16 14:00:00,NA,1487,23.8,66,NA
2021-02-16 15:00:00,NA,1484,25.4,59,NA
2021-02-16 16:00:00,NA,1483,25.4,58,NA
2021-02-16 17:00:00,NA,1474,27,58,NA
2021-02-16 18:00:00,NA,1462,22.2,82,NA
2021-02-16 19:00:00,NA,1458,25.8,60,NA
2021-02-16 20:00:00,NA,1456,25.9,50,NA
2021-02-16 21:00:00,NA,1459,25.1,47,NA
2021-02-16 22:00:00,NA,1462,23.2,58,NA
2021-02-16 23:00:00,NA,1465,21.1,66,NA
2021-02-17 00:00:00,917.7,NA,20.4,72,NA
2021-02-17 09:00:00,917.6,NA,16.8,90,NA
2021-02-17 10:00:00,918.5,NA,17.8,85,NA
2021-02-17 11:00:00,919,NA,20,70,NA
2021-02-17 12:00:00,919.6,NA,20.6,76,NA
2021-02-17 13:00:00,919.7,NA,22.3,68,NA
2021-02-17 14:00:00,919.7,NA,23.1,62,NA
2021-02-17 15:00:00,919.4,NA,24.4,58,NA
2021-02-17 16:00:00,919.2,NA,24.8,55,NA
2021-02-17 17:00:00,918.4,NA,26.3,46,NA
2021-02-17 18:00:00,917.7,NA,26.3,45,NA
2021-02-17 19:00:00,917.2,NA,26.7,43,NA
2021-02-17 20:00:00,917,NA,26.7,40,NA
2021-02-17 21:00:00,916.9,NA,25.7,43,NA
2021-02-17 22:00:00,916.9,NA,23.8,53,NA
2021-02-17 23:00:00,917.3,NA,21.6,63,NA
2021-02-18 09:00:00,NA,1475,15.8,66,NA
2021-02-18 10:00:00,NA,1479,16.6,65,NA
2021-02-18 11:00:00,NA,1485,18.6,59,NA
2021-02-18 12:00:00,NA,1489,20.2,53,NA
2021-02-18 13:00:00,NA,1490,21.6,49,NA
2021-02-18 14:00:00,NA,1491,22.6,47,NA
2021-02-18 15:00:00,NA,1488,24.2,44,NA
2021-02-18 16:00:00,NA,1485,24.5,37,NA
2021-02-18 17:00:00,NA,1480,25.6,35,NA
2021-02-18 18:00:00,NA,1476,26.6,34,NA
2021-02-18 19:00:00,NA,1472,26.3,37,NA
2021-02-18 20:00:00,NA,1470,26,38,NA
2021-02-18 21:00:00,NA,1471,24.7,44,NA
2021-02-18 22:00:00,NA,1471,22.5,50,NA
2021-02-18 23:00:00,NA,1473,19.9,65,NA
2021-02-19 00:00:00,919,NA,18.8,68,NA
2021-02-19 09:00:00,919.4,NA,16.2,82,NA
2021-02-19 10:00:00,920.2,NA,17.3,78,NA
2021-02-19 11:00:00,921.2,NA,19.8,75,NA
2021-02-19 12:00:00,921.7,NA,21.4,70,NA
2021-02-19 13:00:00,922,NA,22.6,66,NA
2021-02-19 14:00:00,921.8,NA,24.4,57,NA
2021-02-19 15:00:00,921.6,NA,24.4,55,NA
2021-02-19 16:00:00,921.2,NA,25.1,52,NA
2021-02-19 17:00:00,920.6,NA,25.4,51,NA
2021-02-19 18:00:00,920.1,NA,26.3,48,NA
2021-02-19 19:00:00,919.6,NA,26.7,46,NA
2021-02-19 20:00:00,919.3,NA,26.3,46,NA
2021-02-19 21:00:00,919.4,NA,25,50,NA
2021-02-19 22:00:00,920.2,NA,22.8,55,NA
2021-02-19 23:00:00,921,NA,20.5,56,NA
2021-02-20 09:00:00,NA,1508,16.4,84,NA
2021-02-20 10:00:00,NA,1516,17.6,79,NA
2021-02-20 11:00:00,NA,1524,20.3,71,NA
2021-02-20 12:00:00,NA,1525,21.8,70,NA
2021-02-20 13:00:00,NA,1529,24.8,61,NA
2021-02-20 14:00:00,NA,1530,25.6,48,NA
2021-02-20 15:00:00,NA,1530,26.7,48,NA
2021-02-20 16:00:00,NA,1528,26.9,47,NA
2021-02-20 17:00:00,NA,1516,28.4,43,NA
2021-02-20 18:00:00,NA,1511,28.3,40,NA
2021-02-20 19:00:00,NA,1505,28.3,47,NA
2021-02-20 20:00:00,NA,1504,29.2,40,NA
2021-02-20 21:00:00,NA,1502,27.9,47,NA
2021-02-20 22:00:00,NA,1500,25.3,58,NA
2021-02-20 23:00:00,NA,1503,23.6,63,NA
2021-02-21 00:00:00,921.3,NA,21.8,72,NA
2021-02-21 09:00:00,921.7,NA,20.2,72,NA
2021-02-21 10:00:00,922.5,NA,20.2,75,NA
2021-02-21 11:00:00,923,NA,21.6,71,NA
2021-02-21 12:00:00,924.2,NA,22.9,69,NA
2021-02-21 13:00:00,924.6,NA,25,62,NA
2021-02-21 14:00:00,925,NA,26.5,57,NA
2021-02-21 15:00:00,924.9,NA,27.4,55,NA
2021-02-21 16:00:00,924.4,NA,28.7,48,NA
2021-02-21 17:00:00,923,NA,28.7,50,NA
2021-02-21 18:00:00,922.4,NA,29.8,43,NA
2021-02-21 19:00:00,921.4,NA,30.1,39,NA
2021-02-21 20:00:00,921.2,NA,29.5,42,NA
2021-02-21 21:00:00,920.8,NA,29.1,43,NA
2021-02-21 22:00:00,921,NA,26.8,55,NA
2021-02-21 23:00:00,921,NA,26.4,52,NA
2021-02-22 09:00:00,NA,1519,20.2,77,NA
2021-02-22 10:00:00,NA,1526,20.8,75,NA
2021-02-22 11:00:00,NA,1532,21.8,69,NA
2021-02-22 12:00:00,NA,1536,22.4,71,NA
2021-02-22 13:00:00,NA,1539,23.4,68,NA
2021-02-22 14:00:00,NA,1540,25.8,61,NA
2021-02-22 15:00:00,NA,1538,26.4,62,NA
2021-02-22 16:00:00,NA,1533,28.3,56,NA
2021-02-22 17:00:00,NA,1525,28.7,51,NA
2021-02-22 18:00:00,NA,1522,28.9,51,NA
2021-02-22 19:00:00,NA,1517,29.6,49,NA
2021-02-22 20:00:00,NA,1511,29.8,44,NA
2021-02-22 21:00:00,NA,1511,29,48,NA
2021-02-22 22:00:00,NA,1509,27.2,57,NA
2021-02-22 23:00:00,NA,1514,26.4,59,NA
2021-02-23 00:00:00,921.8,NA,26.2,58,NA
2021-02-23 09:00:00,922.6,NA,23.2,66,NA
2021-02-23 10:00:00,922.9,NA,23.4,64,NA
2021-02-23 11:00:00,923.4,NA,25.6,61,NA
2021-02-23 12:00:00,923.6,NA,27.4,58,NA
2021-02-23 13:00:00,923.8,NA,28.2,56,NA
2021-02-23 14:00:00,923.4,NA,29.2,48,NA
2021-02-23 15:00:00,922.9,NA,29.8,47,NA
2021-02-23 16:00:00,922.8,NA,30.2,45,NA
2021-02-23 17:00:00,921.6,NA,31.5,37,NA
2021-02-23 18:00:00,921.4,NA,31.3,40,NA
2021-02-23 19:00:00,920.8,NA,29.4,47,NA
2021-02-23 20:00:00,920.8,NA,30.4,44,NA
2021-02-23 21:00:00,920.8,NA,29.4,49,NA
2021-02-23 23:00:00,922.9,NA,21.7,77,NA
2021-02-24 09:00:00,NA,1518,18,96,NA
2021-02-24 10:00:00,NA,1520,19.2,91,NA
2021-02-24 11:00:00,NA,1518,19.4,93,NA
2021-02-24 12:00:00,NA,1519,20.4,91,NA
2021-02-24 13:00:00,NA,1525,22.2,83,NA
2021-02-24 14:00:00,NA,1528,22.6,85,NA
2021-02-24 15:00:00,NA,1529,24.6,72,NA
2021-02-24 16:00:00,NA,1525,26.4,61,NA
2021-02-24 17:00:00,NA,1518,27,63,NA
2021-02-24 18:00:00,NA,1513,27,62,NA
2021-02-24 19:00:00,NA,1507,27.6,62,NA
2021-02-24 20:00:00,NA,1498,25.8,74,NA
2021-02-24 21:00:00,NA,1500,24.4,85,NA
2021-02-24 22:00:00,NA,1498,21.4,85,NA
2021-02-24 23:00:00,NA,1501,21.2,88,NA
2021-02-25 00:00:00,921.6,NA,21.6,89,NA
2021-02-25 09:00:00,920.8,NA,19,96,NA
2021-02-25 10:00:00,921.3,NA,19.2,96,NA
2021-02-25 11:00:00,922,NA,21.4,91,NA
2021-02-25 12:00:00,922.2,NA,23,85,NA
2021-02-25 13:00:00,922.9,NA,24.4,80,NA
2021-02-25 14:00:00,923,NA,24.6,79,NA
2021-02-25 15:00:00,923,NA,25.2,72,NA
2021-02-25 16:00:00,922.1,NA,27.6,62,NA
2021-02-25 17:00:00,921.3,NA,28.4,54,NA
2021-02-25 18:00:00,920.6,NA,27.7,55,NA
2021-02-25 19:00:00,919.2,NA,27.8,53,NA
2021-02-25 20:00:00,918.6,NA,27,55,NA
2021-02-25 21:00:00,918.6,NA,26.7,53,NA
2021-02-25 22:00:00,919.3,NA,24.3,58,NA
2021-02-25 23:00:00,920,NA,22.3,70,NA
2021-02-26 09:00:00,NA,1501,18,95,NA
2021-02-26 10:00:00,NA,1505,18.4,82,NA
2021-02-26 11:00:00,NA,1510,20,75,NA
2021-02-26 12:00:00,NA,1517,22,66,NA
2021-02-26 13:00:00,NA,1522,23.6,61,NA
2021-02-26 14:00:00,NA,1523,25,59,NA
2021-02-26 15:00:00,NA,1502,25.8,56,NA
2021-02-26 16:00:00,NA,1520,27,53,NA
2021-02-26 17:00:00,NA,1513,28.5,47,NA
2021-02-26 18:00:00,NA,1510,28.7,45,NA
2021-02-26 19:00:00,NA,1502,29.4,45,NA
2021-02-26 20:00:00,NA,1500,28.7,46,NA
2021-02-26 21:00:00,NA,1501,27.8,50,NA
2021-02-26 22:00:00,NA,1501,26,59,NA
2021-02-26 23:00:00,NA,1503,24.4,63,NA
2021-02-27 00:00:00,921.8,NA,23.5,70,NA
2021-02-27 09:00:00,923.3,NA,18.6,78,NA
2021-02-27 10:00:00,923.8,NA,19,76,NA
2021-02-27 11:00:00,924.5,NA,20.4,72,NA
2021-02-27 12:00:00,922.5,NA,22,65,NA
2021-02-27 13:00:00,925.3,NA,24.2,60,NA
2021-02-27 14:00:00,925.4,NA,26.4,53,NA
2021-02-27 16:00:00,924.5,NA,29,47,NA
2021-02-27 17:00:00,923.8,NA,27.7,51,NA
2021-02-27 18:00:00,923,NA,27.4,52,NA
2021-02-27 19:00:00,922.4,NA,29.4,46,NA
2021-02-27 20:00:00,922.5,NA,25.8,59,NA
2021-02-27 21:00:00,922.2,NA,25.6,61,NA
2021-02-27 22:00:00,922.6,NA,23.5,69,NA
2021-02-27 23:00:00,923,NA,22.4,72,NA
2021-02-28 09:00:00,NA,1521,16.4,84,NA
2021-02-28 10:00:00,NA,1522,17,81,NA
2021-02-28 11:00:00,NA,1525,19.6,70,NA
2021-02-28 12:00:00,NA,1528,21.4,65,NA
2021-02-28 13:00:00,NA,1530,23,61,NA
2021-02-28 14:00:00,NA,1530,24.6,58,NA
2021-02-28 15:00:00,NA,1527,26.2,55,NA
2021-02-28 16:00:00,NA,1521,27.2,54,NA
2021-02-28 17:00:00,NA,1512,27,52,NA
2021-02-28 18:00:00,NA,1504,27.6,50,NA
2021-02-28 19:00:00,NA,1497,28.4,49,NA
2021-02-28 20:00:00,NA,1491,27.2,55,NA
2021-02-28 21:00:00,NA,1489,25.1,63,NA
2021-02-28 22:00:00,NA,1487,23.5,71,NA
2021-02-28 23:00:00,NA,1491,21.8,84,NA
2021-03-01 00:00:00,NA,1496,21.2,85,NA
2021-03-02 09:00:00,NA,1504,19.4,88,NA
2021-03-02 10:00:00,NA,1508,19.6,87,NA
2021-03-02 11:00:00,NA,1515,21.1,81,NA
2021-03-02 12:00:00,NA,1523,22.5,75,NA
2021-03-02 13:00:00,NA,1528,23.8,72,NA
2021-03-02 14:00:00,NA,1528,25,71,NA
2021-03-02 15:00:00,NA,1525,25.4,69,NA
2021-03-02 16:00:00,NA,1517,22.8,83,NA
2021-03-02 17:00:00,NA,1498,23,85,NA
2021-03-02 18:00:00,920,1497,27.7,60,NA
2021-03-02 19:00:00,919.7,1495,28,59,NA
2021-03-02 20:00:00,919,1482,22,88,NA
2021-03-02 21:00:00,919.4,1485,21.6,85,NA
2021-03-02 22:00:00,919.7,1489,22,80,NA
2021-03-02 23:00:00,920.4,1496,21.1,84,NA
2021-03-03 00:00:00,NA,1506,21.7,81,NA
2021-03-04 00:00:00,921.6,NA,NA,NA,NA
2021-03-04 09:00:00,920.2,1494,17.3,100,NA
2021-03-04 10:00:00,919.3,1485,17.8,100,NA
2021-03-04 11:00:00,920.6,1496,18.3,99,NA
2021-03-04 12:00:00,920.8,1498,18.6,98,NA
2021-03-04 13:00:00,921.2,1500,18.6,100,NA
2021-03-04 14:00:00,921.3,1501,19.7,98,NA
2021-03-04 15:00:00,921.4,1502,19.6,95,NA
2021-03-04 16:00:00,920.8,1498,21.4,86,NA
2021-03-04 17:00:00,919,1481,22.3,84,NA
2021-03-04 18:00:00,918.1,1472,23.2,78,NA
2021-03-04 19:00:00,917.6,1466,22.1,87,NA
2021-03-04 20:00:00,917.4,1463,20.8,99,NA
2021-03-04 21:00:00,917.3,1462,20.2,99,NA
2021-03-04 22:00:00,917.2,1461,20,100,NA
2021-03-04 23:00:00,917.4,1464,19.9,100,NA
2021-03-05 00:00:00,NA,1457,19.8,100,NA
2021-03-06 00:00:00,917,NA,NA,NA,NA
2021-03-06 09:00:00,918.1,1472,18,100,NA
2021-03-06 10:00:00,918.6,1475,17.8,100,NA
2021-03-06 11:00:00,919.6,1484,18.4,100,NA
2021-03-06 12:00:00,920,1488,19,100,NA
2021-03-06 13:00:00,920.4,1494,21.7,88,NA
2021-03-06 14:00:00,920.4,1496,24.3,71,NA
2021-03-06 15:00:00,921.3,1505,24.7,73,NA
2021-03-06 16:00:00,919.8,1490,24.9,67,NA
2021-03-06 17:00:00,918.6,1481,25.5,60,NA
2021-03-06 18:00:00,918.2,1476,25.9,60,NA
2021-03-06 19:00:00,917.8,1473,26.4,60,NA
2021-03-06 20:00:00,917.8,1472,25.2,61,NA
2021-03-06 21:00:00,918,1474,24.1,66,NA
2021-03-06 22:00:00,918.5,1475,21.8,73,NA
2021-03-06 23:00:00,918.8,1477,20.6,77,NA
2021-03-07 00:00:00,NA,1480,19.8,78,NA
2021-03-08 00:00:00,920,NA,NA,NA,NA
2021-03-08 09:00:00,920.9,1504,18.4,82,NA
2021-03-08 10:00:00,921.4,1505,18.9,81,NA
2021-03-08 11:00:00,922.2,1513,20.4,79,NA
2021-03-08 12:00:00,922.8,1519,22.3,72,NA
2021-03-08 13:00:00,922.9,1520,23.9,67,NA
2021-03-08 14:00:00,923,1521,24.4,63,NA
2021-03-08 15:00:00,922.6,1520,26,56,NA
2021-03-08 16:00:00,922.6,1520,27,50,NA
2021-03-08 17:00:00,921.4,1510,27.3,54,NA
2021-03-08 18:00:00,921,1508,27.7,44,NA
2021-03-08 19:00:00,919.8,1496,27.7,45,NA
2021-03-08 20:00:00,919.7,1494,27.4,44,NA
2021-03-08 21:00:00,919.8,1495,26.7,47,NA
2021-03-08 22:00:00,920.1,1494,23.9,54,NA
2021-03-08 23:00:00,920.5,1497,21.7,63,NA
2021-03-09 00:00:00,NA,1501,20.3,73,NA
2021-03-10 00:00:00,919.6,NA,NA,NA,NA
2021-03-10 09:00:00,920.2,1490,14.3,94,NA
2021-03-10 10:00:00,920.6,1491,14.6,91,NA
2021-03-10 11:00:00,921,1496,17,83,NA
2021-03-10 12:00:00,921.4,1501,18.8,79,NA
2021-03-10 13:00:00,921.4,1504,21.5,67,NA
2021-03-10 14:00:00,921,1502,23.8,49,NA
2021-03-10 15:00:00,920.6,1499,25.2,45,NA
2021-03-10 16:00:00,920,1492,25.3,42,NA
2021-03-10 17:00:00,918.6,1480,25.7,38,NA
2021-03-10 18:00:00,918.1,1474,26.5,38,NA
2021-03-10 19:00:00,917.6,1469,26.4,36,NA
2021-03-10 20:00:00,917.3,1464,25.5,41,NA
2021-03-10 21:00:00,917.3,1463,24,44,NA
2021-03-10 22:00:00,917.4,1461,21.1,54,NA
2021-03-10 23:00:00,917.6,1464,19.8,58,NA
2021-03-11 00:00:00,NA,1468,19.1,62,NA
2021-03-12 00:00:00,920.4,NA,NA,NA,NA
2021-03-12 09:00:00,921.4,1508,17.4,57,NA
2021-03-12 10:00:00,922.1,1509,16.3,62,NA
2021-03-12 11:00:00,922.5,1514,19.9,56,NA
2021-03-12 12:00:00,923,1522,23.6,49,NA
2021-03-12 13:00:00,923.4,1526,24.4,46,NA
2021-03-12 14:00:00,923.7,1529,25.6,40,NA
2021-03-12 15:00:00,923.6,1530,26.9,38,NA
2021-03-12 16:00:00,923.2,1526,27.1,31,NA
2021-03-12 17:00:00,922,1515,28.3,33,NA
2021-03-12 18:00:00,921.2,1508,28.7,35,NA
2021-03-12 19:00:00,920.5,1501,29.4,32,NA
2021-03-12 20:00:00,920.4,1500,28.9,29,NA
2021-03-12 21:00:00,920.4,1499,27.8,34,NA
2021-03-12 22:00:00,920.5,1495,24.1,49,NA
2021-03-12 23:00:00,920.8,1499,22.2,53,NA
2021-03-13 00:00:00,NA,1506,21.2,51,NA
2021-03-14 09:00:00,NA,1524,20.2,62,NA
2021-03-14 10:00:00,NA,1523,19.8,64,NA
2021-03-14 11:00:00,NA,1530,23.6,54,NA
2021-03-14 12:00:00,NA,1536,24.9,51,NA
2021-03-14 13:00:00,NA,1541,26.3,47,NA
2021-03-14 14:00:00,NA,1543,27.1,42,NA
2021-03-14 15:00:00,NA,1541,28.8,36,NA
2021-03-14 16:00:00,NA,1539,29.6,34,NA
2021-03-14 17:00:00,NA,1529,30.2,32,NA
2021-03-14 18:00:00,NA,1519,30.8,31,NA
2021-03-14 19:00:00,NA,1513,31.3,33,NA
2021-03-14 20:00:00,NA,1510,30,32,NA
2021-03-14 21:00:00,NA,1510,29.3,34,NA
2021-03-14 22:00:00,NA,1513,26.8,43,NA
2021-03-14 23:00:00,NA,1518,25.3,47,NA
2021-03-15 00:00:00,NA,1521,23.9,49,NA
2021-03-15 12:00:00,923.4,NA,25,60,NA
2021-03-15 13:00:00,923.4,NA,27,51,NA
2021-03-15 14:00:00,923.4,NA,28,46,NA
2021-03-15 15:00:00,923,NA,29,41,NA
2021-03-15 16:00:00,922.5,NA,29.8,36,NA
2021-03-15 17:00:00,921.8,NA,30.6,31,NA
2021-03-15 18:00:00,920.9,NA,31.4,30,NA
2021-03-16 09:00:00,NA,1507,21.2,72,NA
2021-03-16 10:00:00,NA,1510,21.3,75,NA
2021-03-16 11:00:00,NA,1513,23,70,NA
2021-03-16 12:00:00,NA,1518,23.9,66,NA
2021-03-16 13:00:00,NA,1518,26,58,NA
2021-03-16 14:00:00,NA,1520,27.4,53,NA
2021-03-16 15:00:00,NA,1519,28.5,48,NA
2021-03-16 16:00:00,NA,1512,29.7,47,NA
2021-03-16 17:00:00,NA,1507,30.2,46,NA
2021-03-16 18:00:00,NA,1500,31,42,NA
2021-03-16 19:00:00,NA,1490,29.2,47,NA
2021-03-16 20:00:00,NA,1487,29.4,51,NA
2021-03-16 21:00:00,NA,1483,28.5,52,NA
2021-03-16 22:00:00,NA,1482,26.4,63,NA
2021-03-16 23:00:00,NA,1480,25.5,64,NA
2021-03-17 00:00:00,918.6,NA,25.8,59,NA
2021-03-17 09:00:00,918.6,NA,17.2,98,NA
2021-03-17 10:00:00,918.9,NA,17.2,93,NA
2021-03-17 11:00:00,919.3,NA,18.1,93,NA
2021-03-17 12:00:00,920.4,NA,20.2,85,NA
2021-03-18 09:00:00,NA,1507,16.5,98,NA
2021-03-18 10:00:00,NA,1508,16.4,98,NA
2021-03-18 11:00:00,NA,1511,17,94,NA
2021-03-18 12:00:00,NA,1516,18.4,89,NA
2021-03-18 13:00:00,NA,1521,21.2,76,NA
2021-03-18 14:00:00,NA,1520,22.6,69,NA
2021-03-18 15:00:00,NA,1517,23.2,66,NA
2021-03-18 16:00:00,NA,1515,24.3,65,NA
2021-03-18 17:00:00,NA,1509,24.7,66,NA
2021-03-18 18:00:00,NA,1507,26.3,58,NA
2021-03-18 19:00:00,NA,1501,26.2,59,NA
2021-03-18 20:00:00,NA,1500,25.1,61,NA
2021-03-18 21:00:00,NA,1501,23.3,67,NA
2021-03-18 22:00:00,NA,1500,20.6,77,NA
2021-03-18 23:00:00,NA,1503,19.5,81,NA
2021-03-19 00:00:00,922.2,NA,18.9,84,NA
2021-03-19 09:00:00,921.2,NA,18.8,85,NA
2021-03-19 10:00:00,921.8,NA,19,85,NA
2021-03-19 11:00:00,922.5,NA,20.2,82,NA
2021-03-19 12:00:00,923.2,NA,21.7,77,NA
2021-03-19 13:00:00,923.7,NA,23.4,72,NA
2021-03-19 14:00:00,924,NA,25.3,69,NA
2021-03-19 15:00:00,924.2,NA,26.7,61,NA
2021-03-19 16:00:00,923.6,NA,27.6,59,NA
2021-03-19 17:00:00,922.6,NA,28.8,52,NA
2021-03-19 18:00:00,921.8,NA,29.3,49,NA
2021-03-19 19:00:00,921.2,NA,28.7,47,NA
2021-03-19 20:00:00,921,NA,28.4,46,NA
2021-03-19 21:00:00,921,NA,26.6,53,NA
2021-03-19 22:00:00,921,NA,24.8,65,NA
2021-03-19 23:00:00,921.3,NA,24.3,65,NA
2021-03-20 09:00:00,NA,1528,19.4,89,NA
2021-03-20 10:00:00,NA,1528,19.4,87,NA
2021-03-20 11:00:00,NA,1534,20.4,82,NA
2021-03-20 12:00:00,NA,1539,21.6,78,NA
2021-03-20 13:00:00,NA,1546,23.6,71,NA
2021-03-20 14:00:00,NA,1550,25.7,67,NA
2021-03-20 15:00:00,NA,1551,27.3,60,NA
2021-03-20 16:00:00,NA,1546,26.1,63,NA
2021-03-20 17:00:00,NA,1542,27,64,NA
2021-03-20 18:00:00,NA,1536,27,65,NA
2021-03-20 19:00:00,NA,1529,27.4,64,NA
2021-03-20 20:00:00,NA,1522,22.6,90,NA
2021-03-20 21:00:00,NA,1519,22.4,91,NA
2021-03-20 22:00:00,NA,1519,23.2,81,NA
2021-03-20 23:00:00,NA,1523,23.2,79,NA
2021-03-21 00:00:00,923.8,NA,23,80,NA
2021-03-21 09:00:00,924.8,NA,21.2,86,NA
2021-03-21 10:00:00,925.4,NA,20.9,88,NA
2021-03-21 11:00:00,926.2,NA,21.4,86,NA
2021-03-21 12:00:00,926.6,NA,22.6,81,NA
2021-03-21 13:00:00,927.2,NA,23.5,81,NA
2021-03-21 14:00:00,927.4,NA,19.8,98,NA
2021-03-21 15:00:00,927.4,NA,21.4,95,NA
2021-03-21 16:00:00,927,NA,22.7,91,NA
2021-03-21 17:00:00,926.1,NA,23.1,87,NA
2021-03-21 18:00:00,925.4,NA,23.7,89,NA
2021-03-21 19:00:00,925.4,NA,24,87,NA
2021-03-21 20:00:00,925.8,NA,23.1,93,NA
2021-03-21 21:00:00,925.4,NA,22.1,98,NA
2021-03-21 22:00:00,924.9,NA,21.7,97,NA
2021-03-21 23:00:00,925,NA,21.2,98,NA
2021-03-22 09:00:00,NA,1538,20.3,92,NA
2021-03-22 10:00:00,NA,1542,21.4,85,NA
2021-03-22 11:00:00,NA,1549,22.3,82,NA
2021-03-22 12:00:00,NA,1553,23.3,82,NA
2021-03-22 13:00:00,NA,1555,25.3,72,NA
2021-03-22 14:00:00,NA,1554,26.6,66,NA
2021-03-22 15:00:00,NA,1554,27.5,63,NA
2021-03-22 16:00:00,NA,1549,28.8,58,NA
2021-03-22 17:00:00,NA,1535,29.5,55,NA
2021-03-22 18:00:00,NA,1527,29.5,54,NA
2021-03-22 19:00:00,NA,1522,29.1,57,NA
2021-03-22 20:00:00,NA,1519,28.6,63,NA
2021-03-22 21:00:00,NA,1525,27,69,NA
2021-03-22 22:00:00,NA,1525,23.5,86,NA
2021-03-22 23:00:00,NA,1533,22.1,91,NA
2021-03-23 00:00:00,924.9,NA,21.4,92,NA
2021-03-23 09:00:00,924.2,NA,20.7,87,NA
2021-03-23 10:00:00,924.5,NA,20.5,88,NA
2021-03-23 11:00:00,925.2,NA,21.3,85,NA
2021-03-23 12:00:00,925.7,NA,22.1,80,NA
2021-03-23 13:00:00,926,NA,21.4,92,NA
2021-03-23 14:00:00,926.2,NA,23.6,80,NA
2021-03-23 15:00:00,926.1,NA,25.8,69,NA
2021-03-23 17:00:00,923.2,NA,27.6,60,NA
2021-03-23 18:00:00,922.8,NA,28.5,58,NA
2021-03-23 19:00:00,922.4,NA,28.5,60,NA
2021-03-23 20:00:00,922.5,NA,24.7,81,NA
2021-03-23 21:00:00,922.8,NA,24.1,82,NA
2021-03-23 22:00:00,922.8,NA,23,88,NA
2021-03-23 23:00:00,923.7,NA,22.5,92,NA
2021-03-24 09:00:00,NA,1534,20.8,80,NA
2021-03-24 10:00:00,NA,1539,21,78,NA
2021-03-24 11:00:00,NA,1551,22.4,77,NA
2021-03-24 12:00:00,NA,1556,22.6,83,NA
2021-03-24 13:00:00,NA,1558,24.8,71,NA
2021-03-24 14:00:00,NA,1557,25.7,70,NA
2021-03-24 15:00:00,NA,1556,27.3,61,NA
2021-03-24 16:00:00,NA,1552,28.9,56,NA
2021-03-24 17:00:00,NA,1536,28.2,58,NA
2021-03-24 18:00:00,NA,1528,28.7,53,NA
2021-03-24 19:00:00,NA,1525,29.6,52,NA
2021-03-24 20:00:00,NA,1520,26.8,64,NA
2021-03-24 21:00:00,NA,1525,24,65,NA
2021-03-24 22:00:00,NA,1528,23.4,73,NA
2021-03-24 23:00:00,NA,1531,22.1,73,NA
2021-03-25 00:00:00,924.4,NA,22.2,68,NA
2021-03-25 09:00:00,923.8,NA,21.6,62,NA
2021-03-25 10:00:00,924.5,NA,21.3,60,NA
2021-03-25 11:00:00,924.8,NA,20.5,72,NA
2021-03-25 12:00:00,925.2,NA,24.5,63,NA
2021-03-25 13:00:00,925.3,NA,25.6,60,NA
2021-03-25 14:00:00,925.3,NA,26.9,57,NA
2021-03-25 15:00:00,924.6,NA,28,55,NA
2021-03-25 16:00:00,924.2,NA,28.5,54,NA
2021-03-25 17:00:00,923,NA,29.5,51,NA
2021-03-25 18:00:00,922.5,NA,30,52,NA
2021-03-25 19:00:00,921.8,NA,28.7,56,NA
2021-03-25 20:00:00,921.3,NA,29.7,45,NA
2021-03-25 21:00:00,921.6,NA,28.8,52,NA
2021-03-25 22:00:00,922.1,NA,26.8,62,NA
2021-03-25 23:00:00,922,NA,26.3,61,NA
2021-03-26 09:00:00,NA,1526,19.5,99,NA
2021-03-26 10:00:00,NA,1526,19.2,96,NA
2021-03-26 11:00:00,NA,1532,19.1,97,NA
2021-03-26 12:00:00,NA,1534,19.6,95,NA
2021-03-26 13:00:00,NA,1539,22.8,87,NA
2021-03-26 14:00:00,NA,1535,24.3,78,NA
2021-03-26 15:00:00,NA,1531,25.6,77,NA
2021-03-26 16:00:00,NA,1530,26.1,77,NA
2021-03-26 17:00:00,NA,1513,26.6,67,NA
2021-03-26 18:00:00,NA,1512,27.9,61,NA
2021-03-26 19:00:00,NA,1505,27.4,56,NA
2021-03-26 20:00:00,NA,1499,26.9,60,NA
2021-03-26 21:00:00,NA,1502,25.4,72,NA
2021-03-26 22:00:00,NA,1510,24.5,79,NA
2021-03-26 23:00:00,NA,1512,24.1,77,NA
2021-03-27 00:00:00,922.2,NA,21.8,92,NA
2021-03-27 09:00:00,921.2,NA,21.7,80,NA
2021-03-27 10:00:00,921.8,NA,21.4,83,NA
2021-03-27 11:00:00,922.4,NA,21.4,85,NA
2021-03-27 12:00:00,923.6,NA,23.8,77,NA
2021-03-27 13:00:00,923.8,NA,24.4,70,NA
2021-03-27 14:00:00,923.8,NA,25.5,70,NA
2021-03-27 15:00:00,923.7,NA,25.4,69,NA
2021-03-27 16:00:00,923,NA,27.4,64,NA
2021-03-27 17:00:00,921.6,NA,27.1,60,NA
2021-03-27 18:00:00,920.8,NA,27.4,58,NA
2021-03-27 19:00:00,920.8,NA,25.8,70,NA
2021-03-27 20:00:00,920.1,NA,25,73,NA
2021-03-27 21:00:00,920.2,NA,23.4,75,NA
2021-03-27 22:00:00,920.5,NA,22,92,NA
2021-03-27 23:00:00,921.2,NA,21.8,98,NA
2021-03-28 09:00:00,NA,1509,18.9,100,NA
2021-03-28 10:00:00,NA,1515,19,100,NA
2021-03-28 11:00:00,NA,1521,19.1,100,NA
2021-03-28 12:00:00,NA,1523,19.2,98,NA
2021-03-28 13:00:00,NA,1527,19.7,96,NA
2021-03-28 14:00:00,NA,1525,19.9,97,NA
2021-03-28 15:00:00,NA,1525,20.6,93,NA
2021-03-28 16:00:00,NA,1522,21.4,90,NA
2021-03-28 17:00:00,NA,1508,21.7,85,NA
2021-03-28 18:00:00,NA,1502,22.2,85,NA
2021-03-28 19:00:00,NA,1499,22.2,85,NA
2021-03-28 20:00:00,NA,1497,21.4,91,NA
2021-03-28 21:00:00,NA,1498,20.4,96,NA
2021-03-28 22:00:00,NA,1500,20,96,NA
2021-03-28 23:00:00,NA,1504,19.6,97,NA
2021-03-29 00:00:00,922,NA,19.4,98,NA
2021-03-29 09:00:00,922.5,NA,18,100,NA
2021-03-29 10:00:00,922.9,NA,18,100,NA
2021-03-29 11:00:00,923.6,NA,17.2,100,NA
2021-03-29 12:00:00,924.4,NA,17.4,100,NA
2021-03-29 13:00:00,924.6,NA,17.4,100,NA
2021-03-29 14:00:00,924.6,NA,17.8,100,NA
2021-03-29 15:00:00,924.5,NA,18.2,98,NA
2021-03-29 16:00:00,924,NA,19.6,92,NA
2021-03-29 17:00:00,923.6,NA,19.2,95,NA
2021-03-29 18:00:00,923.3,NA,19.2,96,NA
2021-03-29 19:00:00,923,NA,18.9,94,NA
2021-03-29 20:00:00,922.9,NA,18.4,96,NA
2021-03-29 21:00:00,922.9,NA,18.2,96,NA
2021-03-29 22:00:00,922.9,NA,17.6,98,NA
2021-03-29 23:00:00,923.8,NA,16.7,96,NA
2021-03-30 09:00:00,NA,1495,13.2,100,NA
2021-03-30 10:00:00,NA,1497,13,100,NA
2021-03-30 11:00:00,NA,1501,13.2,100,NA
2021-03-30 12:00:00,NA,1510,14.6,96,NA
2021-03-30 13:00:00,NA,1511,15.6,88,NA
2021-03-30 14:00:00,NA,1514,17.8,76,NA
2021-03-30 15:00:00,NA,1516,19.2,73,NA
2021-03-30 16:00:00,NA,1512,19.8,69,NA
2021-03-30 17:00:00,NA,1502,20,65,NA
2021-03-30 18:00:00,NA,1500,21.7,59,NA
2021-03-30 19:00:00,NA,1496,20,61,NA
2021-03-30 20:00:00,NA,1492,20.7,62,NA
2021-03-30 21:00:00,NA,1491,18.9,71,NA
2021-03-30 22:00:00,NA,1489,17,81,NA
2021-03-30 23:00:00,NA,1493,16.4,91,NA
2021-03-31 00:00:00,921.8,NA,15.8,93,NA
2021-03-31 09:00:00,921.4,NA,13.4,100,NA
2021-03-31 10:00:00,921.6,NA,13.4,100,NA
2021-03-31 11:00:00,922.2,NA,13.8,100,NA
2021-03-31 17:00:00,921.4,NA,21.6,56,NA
2021-03-31 18:00:00,921,NA,21.6,55,NA
2021-03-31 19:00:00,920.5,NA,21.4,57,NA
2021-03-31 20:00:00,920,NA,20.8,55,NA
2021-03-31 21:00:00,920,NA,19.4,64,NA
2021-03-31 22:00:00,920.1,NA,16.8,71,NA
2021-03-31 23:00:00,920.1,NA,15.7,76,NA
2021-04-01 09:00:00,NA,1490,11.8,97,NA
2021-04-01 10:00:00,NA,1489,11.6,87,NA
2021-04-01 11:00:00,NA,1495,14,79,NA
2021-04-01 12:00:00,NA,1503,16,73,NA
2021-04-01 13:00:00,NA,1507,18.4,66,NA
2021-04-01 14:00:00,NA,1511,20.8,57,NA
2021-04-01 15:00:00,NA,1512,21.8,48,NA
2021-04-01 16:00:00,NA,1508,22.4,55,NA
2021-04-01 17:00:00,NA,1490,22.5,55,NA
2021-04-01 18:00:00,NA,1484,22.1,57,NA
2021-04-01 19:00:00,NA,1482,22.9,52,NA
2021-04-01 20:00:00,NA,1484,22.7,53,NA
2021-04-01 21:00:00,NA,1487,21,60,NA
2021-04-01 22:00:00,NA,1487,18.4,68,NA
2021-04-01 23:00:00,NA,1491,17.4,65,NA
2021-04-02 00:00:00,921.6,NA,16.6,69,NA
2021-04-02 09:00:00,923,NA,16.6,64,NA
2021-04-02 10:00:00,923.7,NA,16,69,NA
2021-04-02 11:00:00,924.2,NA,17,67,NA
2021-04-02 12:00:00,925,NA,18.2,67,NA
2021-04-02 13:00:00,925.7,NA,20.4,63,NA
2021-04-02 14:00:00,925.8,NA,22,58,NA
2021-04-02 15:00:00,925.4,NA,22.2,57,NA
2021-04-02 16:00:00,925.2,NA,23.8,53,NA
2021-04-02 17:00:00,923.7,NA,23.9,48,NA
2021-04-02 18:00:00,923,NA,25.5,45,NA
2021-04-02 19:00:00,922.4,NA,24.2,48,NA
2021-04-02 20:00:00,922.5,NA,25.1,47,NA
2021-04-02 21:00:00,922.9,NA,22.9,55,NA
2021-04-02 22:00:00,922.8,NA,21.6,60,NA
2021-04-02 23:00:00,923,NA,20.8,59,NA
2021-04-03 09:00:00,NA,1533,17.8,66,NA
2021-04-03 10:00:00,NA,1536,17.2,70,NA
2021-04-03 11:00:00,NA,1542,18.8,66,NA
2021-04-03 12:00:00,NA,1549,20.4,63,NA
2021-04-03 13:00:00,NA,1554,22,59,NA
2021-04-03 14:00:00,NA,1556,23.4,56,NA
2021-04-03 15:00:00,NA,1554,24.6,52,NA
2021-04-03 16:00:00,NA,1551,24.8,51,NA
2021-04-03 17:00:00,NA,1539,25,50,NA
2021-04-03 18:00:00,NA,1530,25.4,51,NA
2021-04-03 19:00:00,NA,1528,25.1,54,NA
2021-04-03 20:00:00,NA,1525,25.3,54,NA
2021-04-03 21:00:00,NA,1527,25.3,54,NA
2021-04-03 22:00:00,NA,1525,23.3,61,NA
2021-04-03 23:00:00,NA,1531,22.1,64,NA
2021-04-04 00:00:00,924.8,NA,21.3,65,NA
2021-04-04 09:00:00,925.4,NA,17.3,78,NA
2021-04-04 10:00:00,926,NA,17.2,78,NA
2021-04-04 11:00:00,926.9,NA,18.2,74,NA
2021-04-04 12:00:00,927.2,NA,19.7,68,NA
2021-04-04 13:00:00,927.3,NA,22.2,61,NA
2021-04-04 14:00:00,927.2,NA,23.8,55,NA
2021-04-04 15:00:00,926.8,NA,24.9,52,NA
2021-04-04 16:00:00,926.2,NA,25.5,49,NA
2021-04-04 17:00:00,924.6,NA,26,49,NA
2021-04-04 18:00:00,923.8,NA,26.6,48,NA
2021-04-04 19:00:00,923,NA,26.5,48,NA
2021-04-04 20:00:00,922.9,NA,26.6,50,NA
2021-04-04 21:00:00,922.9,NA,24.8,58,NA
2021-04-04 22:00:00,922.9,NA,22.6,67,NA
2021-04-04 23:00:00,923.3,NA,22.3,62,NA
2021-04-05 09:00:00,NA,1537,17.6,81,NA
2021-04-05 10:00:00,NA,1536,17.4,79,NA
2021-04-05 11:00:00,NA,1541,17.9,78,NA
2021-04-05 12:00:00,NA,1549,19.2,72,NA
2021-04-05 13:00:00,NA,1550,20,69,NA
2021-04-05 14:00:00,NA,1549,21,65,NA
2021-04-05 15:00:00,NA,1545,22.4,62,NA
2021-04-05 16:00:00,NA,1538,23.1,62,NA
2021-04-05 17:00:00,NA,1533,24.2,60,NA
2021-04-05 18:00:00,NA,1530,24.5,58,NA
2021-04-05 19:00:00,NA,1526,24.2,59,NA
2021-04-05 20:00:00,NA,1525,23.6,63,NA
2021-04-05 21:00:00,NA,1526,22.7,66,NA
2021-04-05 22:00:00,NA,1524,21.3,73,NA
2021-04-05 23:00:00,NA,1505,19.9,77,NA
2021-04-06 00:00:00,922.6,NA,19.3,77,NA
2021-04-06 09:00:00,924.9,NA,18.2,79,NA
2021-04-06 10:00:00,925.2,NA,17.8,79,NA
2021-04-06 11:00:00,925.7,NA,17.6,84,NA
2021-04-06 12:00:00,925.8,NA,17.8,86,NA
2021-04-06 13:00:00,926.2,NA,19.6,83,NA
2021-04-06 14:00:00,926,NA,20.6,72,NA
2021-04-06 15:00:00,925.8,NA,21.6,73,NA
2021-04-06 16:00:00,925.4,NA,22,70,NA
2021-04-06 17:00:00,924.8,NA,23.9,64,NA
2021-04-06 18:00:00,924.2,NA,23.8,62,NA
2021-04-06 19:00:00,924,NA,23.9,62,NA
2021-04-06 20:00:00,924,NA,23.2,69,NA
2021-04-06 21:00:00,924.2,NA,22.5,70,NA
2021-04-06 22:00:00,924.1,NA,20.2,77,NA
2021-04-06 23:00:00,924.1,NA,19.2,81,NA
2021-04-07 09:00:00,NA,1527,16.8,84,NA
2021-04-07 10:00:00,NA,1532,17,81,NA
2021-04-07 11:00:00,NA,1537,18,76,NA
2021-04-07 12:00:00,NA,1544,19.2,72,NA
2021-04-07 13:00:00,NA,1548,21.2,67,NA
2021-04-07 14:00:00,NA,1544,23.4,60,NA
2021-04-07 15:00:00,NA,1551,23.8,58,NA
2021-04-07 16:00:00,NA,1549,25.2,54,NA
2021-04-07 17:00:00,NA,1543,26.3,50,NA
2021-04-07 18:00:00,NA,1537,26.7,48,NA
2021-04-07 19:00:00,NA,1533,26.8,47,NA
2021-04-07 20:00:00,NA,1532,26.4,49,NA
2021-04-07 21:00:00,NA,1533,24.3,52,NA
2021-04-07 22:00:00,NA,1534,23.2,55,NA
2021-04-07 23:00:00,NA,1537,22.7,55,NA
2021-04-08 00:00:00,NA,1542,21.3,65,NA
2021-04-08 15:00:00,927,NA,24.8,55,NA
2021-04-08 16:00:00,926.4,NA,26.2,54,NA
2021-04-08 17:00:00,925.7,NA,26.7,52,NA
2021-04-08 18:00:00,925,NA,27.2,49,NA
2021-04-08 19:00:00,924.8,NA,26.9,50,NA
2021-04-08 20:00:00,924.5,NA,25.7,54,NA
2021-04-08 21:00:00,924.5,NA,25.4,57,NA
2021-04-08 22:00:00,925,NA,23.6,63,NA
2021-04-08 23:00:00,924.2,NA,22.9,66,NA
2021-04-09 09:00:00,NA,1550,18.8,78,NA
2021-04-09 10:00:00,NA,1551,18.8,78,NA
2021-04-09 11:00:00,NA,1555,20,72,NA
2021-04-09 12:00:00,NA,1561,21,70,NA
2021-04-09 13:00:00,NA,1565,23,62,NA
2021-04-09 14:00:00,NA,1567,24.2,59,NA
2021-04-09 15:00:00,NA,1563,25.4,58,NA
2021-04-09 16:00:00,NA,1556,26.4,54,NA
2021-04-09 17:00:00,NA,1538,27.7,52,NA
2021-04-09 18:00:00,NA,1536,27.4,52,NA
2021-04-09 19:00:00,NA,1533,27.9,50,NA
2021-04-09 20:00:00,NA,1535,27.7,52,NA
2021-04-09 21:00:00,NA,1532,26.2,57,NA
2021-04-09 22:00:00,NA,1533,24.2,64,NA
2021-04-09 23:00:00,NA,1534,23.7,65,NA
2021-04-10 00:00:00,NA,1538,23.2,63,NA
2021-04-11 09:00:00,NA,1521,21,52,NA
2021-04-11 10:00:00,NA,1521,21.2,50,NA
2021-04-11 11:00:00,NA,1526,22.2,49,NA
2021-04-11 12:00:00,NA,1529,22.2,50,NA
2021-04-11 13:00:00,NA,1534,23.4,50,NA
2021-04-11 14:00:00,NA,1539,25,47,NA
2021-04-11 15:00:00,NA,1536,25.6,44,NA
2021-04-11 16:00:00,NA,1529,27.4,39,NA
2021-04-11 17:00:00,NA,1515,28,45,NA
2021-04-11 18:00:00,NA,1513,28.1,47,NA
2021-04-11 19:00:00,NA,1511,27.4,51,NA
2021-04-11 20:00:00,NA,1512,26.2,60,NA
2021-04-11 21:00:00,NA,1515,23.3,74,NA
2021-04-11 22:00:00,NA,1517,19.8,98,NA
2021-04-11 23:00:00,NA,1511,20,96,NA
2021-04-12 00:00:00,NA,1513,20.3,91,NA
2021-04-13 09:00:00,NA,1525,14,93,NA
2021-04-13 10:00:00,NA,1532,15.8,87,NA
2021-04-13 11:00:00,NA,1539,18.4,78,NA
2021-04-13 12:00:00,NA,1544,20,75,NA
2021-04-13 13:00:00,926.8,1548,22,72,NA
2021-04-13 14:00:00,926.9,1550,24,63,NA
2021-04-13 15:00:00,926.5,1548,25.2,58,NA
2021-04-13 16:00:00,926.2,1544,25.2,59,NA
2021-04-13 17:00:00,924.5,1529,26,58,NA
2021-04-13 18:00:00,924.1,1525,26.5,54,NA
2021-04-13 19:00:00,923.8,1524,26.8,54,NA
2021-04-13 20:00:00,923.8,1523,26.1,55,NA
2021-04-13 21:00:00,924,1524,24,60,NA
2021-04-13 22:00:00,924.1,1525,22.2,61,NA
2021-04-13 23:00:00,924.2,1528,20.5,70,NA
2021-04-14 00:00:00,NA,1532,19.8,74,NA
2021-04-15 00:00:00,924.2,NA,NA,NA,NA
2021-04-15 09:00:00,924.2,1528,16.5,79,NA
2021-04-15 10:00:00,924.8,1531,15.9,81,NA
2021-04-15 11:00:00,925,1534,17,75,NA
2021-04-15 12:00:00,925.6,1540,18.4,70,NA
2021-04-15 13:00:00,926.1,1544,20.5,63,NA
2021-04-15 14:00:00,925.8,1543,22.2,59,NA
2021-04-15 15:00:00,925.6,1544,24.3,55,NA
2021-04-15 16:00:00,925.2,1539,24.2,58,NA
2021-04-15 17:00:00,923.6,1525,24.7,56,NA
2021-04-15 18:00:00,923,1520,26,47,NA
2021-04-15 19:00:00,922.6,1514,24.5,60,NA
2021-04-15 20:00:00,922.8,1510,20.6,77,NA
2021-04-15 21:00:00,923.3,1514,18.2,90,NA
2021-04-15 22:00:00,925,1526,16.8,100,NA
2021-04-15 23:00:00,924.2,1520,15.9,100,NA
2021-04-16 00:00:00,NA,1520,15.7,99,NA
2021-04-17 00:00:00,921.3,NA,NA,NA,NA
2021-04-17 09:00:00,921.6,1496,14.2,98,NA
2021-04-17 10:00:00,922.5,1502,14,99,NA
2021-04-17 11:00:00,923.4,1511,14.3,100,NA
2021-04-17 12:00:00,923.8,1514,14.9,100,NA
2021-04-17 13:00:00,924.2,1518,17.5,92,NA
2021-04-17 14:00:00,924,1516,18.8,88,NA
2021-04-17 15:00:00,923.8,1518,21.6,76,NA
2021-04-17 16:00:00,923.3,1514,22.2,73,NA
2021-04-17 17:00:00,921.7,1501,23.5,66,NA
2021-04-17 18:00:00,921,1494,23.5,68,NA
2021-04-17 19:00:00,920.9,1493,23.6,68,NA
2021-04-17 20:00:00,920.9,1491,22.1,73,NA
2021-04-17 21:00:00,921,1494,21.3,76,NA
2021-04-17 22:00:00,921,1492,19.1,83,NA
2021-04-17 23:00:00,920.1,1482,18.5,90,NA
2021-04-18 00:00:00,NA,1487,17.9,93,NA
2021-04-19 00:00:00,922.8,NA,NA,NA,NA
2021-04-19 09:00:00,924.2,1525,15.6,88,NA
2021-04-19 10:00:00,924.6,1526,15.4,88,NA
2021-04-19 11:00:00,925.3,1533,17.2,79,NA
2021-04-19 12:00:00,925.8,1540,18.6,73,NA
2021-04-19 13:00:00,926.1,1540,20,69,NA
2021-04-19 14:00:00,926.1,1541,21,64,NA
2021-04-19 15:00:00,925.8,1540,23.2,57,NA
2021-04-19 16:00:00,925.3,1538,23.8,53,NA
2021-04-19 17:00:00,924.8,1533,24.5,49,NA
2021-04-19 18:00:00,924.6,1531,25.4,46,NA
2021-04-19 19:00:00,924.4,1528,24.2,51,NA
2021-04-19 20:00:00,924.2,1526,24.7,47,NA
2021-04-19 21:00:00,924.2,1526,22.2,61,NA
2021-04-19 22:00:00,924.4,1525,20.3,69,NA
2021-04-19 23:00:00,924.6,1529,19.7,70,NA
2021-04-20 00:00:00,NA,1531,18.8,73,NA
2021-04-21 00:00:00,924.6,NA,NA,NA,NA
2021-04-21 09:00:00,924.6,1530,15.6,76,NA
2021-04-21 10:00:00,925,1529,14.6,83,NA
2021-04-21 11:00:00,926,1539,16,78,NA
2021-04-21 12:00:00,926.4,1543,17.4,72,NA
2021-04-21 13:00:00,926.8,1546,19.2,65,NA
2021-04-21 14:00:00,927,1551,21,60,NA
2021-04-21 15:00:00,926.5,1548,22.6,56,NA
2021-04-21 16:00:00,926.1,1546,23.8,48,NA
2021-04-21 17:00:00,924.6,1531,23.4,43,NA
2021-04-21 18:00:00,924,1526,24.4,45,NA
2021-04-21 19:00:00,923.8,1522,24.1,40,NA
2021-04-21 20:00:00,923.4,1518,23.4,44,NA
2021-04-21 21:00:00,923.4,1519,22.2,49,NA
2021-04-21 22:00:00,923.6,1517,20.9,52,NA
2021-04-21 23:00:00,923.7,1520,20.7,50,NA
2021-04-22 00:00:00,NA,1525,20.4,51,NA
2021-04-23 00:00:00,922.2,NA,NA,NA,NA
2021-04-23 09:00:00,NA,1516,16,73,NA
2021-04-23 10:00:00,NA,1520,16.2,71,NA
2021-04-23 11:00:00,NA,1527,16.8,70,NA
2021-04-23 12:00:00,NA,1535,17.6,67,NA
2021-04-23 13:00:00,NA,1538,19.2,63,NA
2021-04-23 14:00:00,NA,1538,20.8,58,NA
2021-04-23 15:00:00,NA,1532,21.6,55,NA
2021-04-23 16:00:00,NA,1525,23.2,53,NA
2021-04-23 17:00:00,NA,1511,23.8,49,NA
2021-04-23 18:00:00,NA,1503,23.6,51,NA
2021-04-23 19:00:00,NA,1499,24.1,50,NA
2021-04-23 20:00:00,NA,1499,24.3,50,NA
2021-04-23 21:00:00,NA,1502,22.5,55,NA
2021-04-23 22:00:00,NA,1506,20.4,65,NA
2021-04-23 23:00:00,NA,1509,19.4,68,NA
2021-04-24 00:00:00,NA,1501,19.1,67,NA
2021-04-25 09:00:00,NA,1496,14,98,NA
2021-04-25 10:00:00,NA,1504,14,100,NA
2021-04-25 11:00:00,NA,1512,14.2,100,NA
2021-04-25 12:00:00,NA,1512,14.8,98,NA
2021-04-25 13:00:00,NA,1511,15.8,94,NA
2021-04-25 14:00:00,NA,1514,16.6,88,NA
2021-04-25 15:00:00,NA,1509,16.8,88,NA
2021-04-25 16:00:00,NA,1506,16.6,88,NA
2021-04-25 17:00:00,NA,1496,17.6,90,NA
2021-04-25 18:00:00,NA,1491,17.1,84,NA
2021-04-25 19:00:00,NA,1491,16.8,85,NA
2021-04-25 20:00:00,NA,1495,17,85,NA
2021-04-25 21:00:00,NA,1497,16.5,88,NA
2021-04-25 22:00:00,NA,1499,15.5,94,NA
2021-04-25 23:00:00,NA,1502,15,94,NA
2021-04-26 00:00:00,NA,1504,14.7,94,NA
2021-04-27 09:00:00,NA,1501,9.2,90,NA
2021-04-27 10:00:00,NA,1502,8.8,92,NA
2021-04-27 11:00:00,NA,1507,10.4,88,NA
2021-04-27 12:00:00,NA,1512,12.8,78,NA
2021-04-27 13:00:00,NA,1519,15.4,70,NA
2021-04-27 14:00:00,NA,1521,17.4,58,NA
2021-04-27 15:00:00,NA,1521,18.2,54,NA
2021-04-27 16:00:00,NA,1519,19.2,46,NA
2021-04-27 17:00:00,NA,1511,20.1,46,NA
2021-04-27 18:00:00,NA,1509,20.3,45,NA
2021-04-27 19:00:00,NA,1507,19.7,43,NA
2021-04-27 20:00:00,NA,1505,18.7,49,NA
2021-04-27 21:00:00,NA,1507,15.9,61,NA
2021-04-27 22:00:00,NA,1505,14,69,NA
2021-04-27 23:00:00,NA,1505,13.4,72,NA
2021-04-28 00:00:00,924,NA,13,71,NA
2021-04-28 09:00:00,923.8,NA,8.8,85,NA
2021-04-28 10:00:00,924.6,NA,8.2,89,NA
2021-04-28 11:00:00,925,NA,10.6,81,NA
2021-04-28 12:00:00,925.6,NA,13.2,70,NA
2021-04-28 13:00:00,926.1,NA,16,61,NA
2021-04-28 14:00:00,926.6,NA,18.2,50,NA
2021-04-28 15:00:00,NA,NA,19.6,45,NA
2021-04-28 16:00:00,926.2,NA,20.4,37,NA
2021-04-28 17:00:00,926.2,NA,22,35,NA
2021-04-28 18:00:00,926,NA,22,32,NA
2021-04-28 19:00:00,926.2,NA,21.5,33,NA
2021-04-28 20:00:00,926.2,NA,20.1,39,NA
2021-04-28 21:00:00,926.2,NA,17.2,41,NA
2021-04-28 22:00:00,926.4,NA,15.2,56,NA
2021-04-28 23:00:00,926.6,NA,14.2,58,NA
2021-04-29 09:00:00,NA,1533,12.6,49,NA
2021-04-29 10:00:00,NA,1538,12.6,48,NA
2021-04-29 11:00:00,NA,1545,14.2,50,NA
2021-04-29 12:00:00,NA,1553,16,48,NA
2021-04-29 13:00:00,NA,1558,17.4,40,NA
2021-04-29 14:00:00,NA,1564,20,45,NA
2021-04-29 15:00:00,NA,1561,20.8,43,NA
2021-04-29 16:00:00,NA,1559,21.6,36,NA
2021-04-29 17:00:00,NA,1555,22.6,37,NA
2021-04-29 18:00:00,NA,1551,22.6,35,NA
2021-04-29 19:00:00,NA,1550,22.5,35,NA
2021-04-29 20:00:00,NA,1550,21.8,37,NA
2021-04-29 21:00:00,NA,1555,21.3,46,NA
2021-04-29 22:00:00,NA,1554,17.7,49,NA
2021-04-29 23:00:00,NA,1557,17.4,55,NA
2021-04-30 00:00:00,928.6,NA,16.6,60,NA
2021-04-30 09:00:00,928.1,NA,13.2,78,NA
2021-04-30 10:00:00,928.6,NA,13.2,78,NA
2021-04-30 11:00:00,929,NA,14.2,71,NA
2021-04-30 12:00:00,929.3,NA,15.4,66,NA
2021-04-30 13:00:00,929.8,NA,17,62,NA
2021-04-30 14:00:00,929.8,NA,19.4,55,NA
2021-04-30 15:00:00,929.3,NA,20.2,56,NA
2021-04-30 16:00:00,928.8,NA,21.2,51,NA
2021-04-30 17:00:00,927.7,NA,21.5,50,NA
2021-04-30 18:00:00,927,NA,22.1,45,NA
2021-04-30 19:00:00,926.5,NA,22.3,47,NA
2021-04-30 20:00:00,926.2,NA,22.3,47,NA
2021-04-30 21:00:00,926.2,NA,21.1,54,NA
2021-04-30 23:00:00,926.8,NA,18.4,58,NA
2021-05-01 09:00:00,NA,1538,14,81,NA
2021-05-01 10:00:00,NA,1540,13.6,83,NA
2021-05-01 11:00:00,NA,1546,14.6,79,NA
2021-05-01 12:00:00,NA,1554,16.4,73,NA
2021-05-01 13:00:00,NA,1557,18.4,68,NA
2021-05-01 14:00:00,NA,1562,21.6,58,NA
2021-05-01 15:00:00,NA,1558,22.4,55,NA
2021-05-01 16:00:00,NA,1552,22.8,51,NA
2021-05-01 17:00:00,NA,1544,24.1,48,NA
2021-05-01 18:00:00,NA,1536,23.7,50,NA
2021-05-01 19:00:00,NA,1533,23.8,48,NA
2021-05-01 20:00:00,NA,1532,23.6,52,NA
2021-05-01 21:00:00,NA,1533,21.6,61,NA
2021-05-01 22:00:00,NA,1532,20.4,63,NA
2021-05-01 23:00:00,NA,1536,19.4,66,NA
2021-05-02 00:00:00,926,NA,19.6,62,NA
2021-05-02 09:00:00,925.2,NA,18.4,78,NA
2021-05-02 10:00:00,925.4,NA,18.6,76,NA
2021-05-02 11:00:00,926.2,NA,18.8,76,NA
2021-05-02 12:00:00,926.9,NA,19.3,74,NA
2021-05-02 13:00:00,927.6,NA,21,68,NA
2021-05-02 14:00:00,927.6,NA,22,64,NA
2021-05-02 15:00:00,927.3,NA,23.4,59,NA
2021-05-02 17:00:00,925.7,NA,26,55,NA
2021-05-02 18:00:00,925,NA,26.5,53,NA
2021-05-02 19:00:00,924.6,NA,25.1,57,NA
2021-05-02 20:00:00,924.8,NA,24.2,61,NA
2021-05-02 21:00:00,925,NA,23.8,65,NA
2021-05-02 22:00:00,925,NA,22,70,NA
2021-05-02 23:00:00,925.4,NA,21.6,73,NA
2021-05-03 09:00:00,NA,1535,18.5,75,NA
2021-05-03 10:00:00,NA,1540,19,72,NA
2021-05-03 11:00:00,NA,1547,19.6,68,NA
2021-05-03 12:00:00,NA,1552,20.6,65,NA
2021-05-03 13:00:00,NA,1556,22,60,NA
2021-05-03 14:00:00,NA,1557,23.8,55,NA
2021-05-03 15:00:00,NA,1554,25.3,51,NA
2021-05-03 16:00:00,NA,1547,26.2,50,NA
2021-05-03 17:00:00,NA,1531,26.8,50,NA
2021-05-03 18:00:00,NA,1524,27,46,NA
2021-05-03 19:00:00,NA,1521,26.8,47,NA
2021-05-03 20:00:00,NA,1519,26.5,47,NA
2021-05-03 21:00:00,NA,1517,24.5,56,NA
2021-05-03 22:00:00,NA,1516,22.6,62,NA
2021-05-03 23:00:00,NA,1521,21.8,63,NA
2021-05-04 00:00:00,923.6,NA,21.6,63,NA
2021-05-04 09:00:00,924.2,NA,19.2,68,NA
2021-05-04 10:00:00,925,NA,19.9,61,NA
2021-05-04 11:00:00,925.4,NA,20.5,59,NA
2021-05-04 12:00:00,926,NA,21.6,58,NA
2021-05-04 13:00:00,926.6,NA,23.6,48,NA
2021-05-04 14:00:00,926.6,NA,23.9,50,NA
2021-05-04 15:00:00,926.2,NA,25.8,45,NA
2021-05-04 16:00:00,925.4,NA,26.9,43,NA
2021-05-04 17:00:00,924.2,NA,26.9,45,NA
2021-05-04 18:00:00,923.6,NA,26.7,46,NA
2021-05-04 19:00:00,923.4,NA,27.3,44,NA
2021-05-04 20:00:00,923.6,NA,26.7,47,NA
2021-05-04 21:00:00,923.6,NA,24.5,54,NA
2021-05-04 22:00:00,924.2,NA,22.8,60,NA
2021-05-04 23:00:00,924.2,NA,21.4,67,NA
2021-05-05 09:00:00,NA,1530,19.7,71,NA
2021-05-05 10:00:00,NA,1533,19.2,73,NA
2021-05-05 11:00:00,NA,1536,20.6,68,NA
2021-05-05 12:00:00,NA,1543,22.2,60,NA
2021-05-05 13:00:00,NA,1544,23.1,55,NA
2021-05-05 14:00:00,NA,1541,24.4,49,NA
2021-05-05 15:00:00,NA,1537,25.1,46,NA
2021-05-05 16:00:00,NA,1531,24.1,47,NA
2021-05-05 17:00:00,NA,1516,23.2,56,NA
2021-05-05 18:00:00,NA,1508,22.6,56,NA
2021-05-05 19:00:00,NA,1506,23.2,54,NA
2021-05-05 20:00:00,NA,1503,22.4,55,NA
2021-05-05 21:00:00,NA,1506,21.6,61,NA
2021-05-05 22:00:00,NA,1506,20.9,67,NA
2021-05-05 23:00:00,NA,1511,20.5,71,NA
2021-05-06 00:00:00,923,NA,18.4,95,NA
2021-05-06 09:00:00,923,NA,13.5,100,NA
2021-05-06 10:00:00,923.6,NA,12.9,100,NA
2021-05-06 11:00:00,924,NA,12.4,100,NA
2021-05-06 12:00:00,924.8,NA,11.8,100,NA
2021-05-06 13:00:00,925,NA,11.6,100,NA
2021-05-06 14:00:00,925,NA,11.4,100,NA
2021-05-06 15:00:00,925.4,NA,11.4,100,NA
2021-05-06 16:00:00,925,NA,11.6,100,NA
2021-05-06 17:00:00,924.6,NA,12.2,97,NA
2021-05-06 18:00:00,924.2,NA,12.4,100,NA
2021-05-06 19:00:00,924.9,NA,12.1,98,NA
2021-05-06 20:00:00,925.4,NA,11.2,97,NA
2021-05-06 21:00:00,925.4,NA,10.6,99,NA
2021-05-06 22:00:00,925.7,NA,10.3,100,NA
2021-05-06 23:00:00,926.2,NA,9.9,100,NA
2021-05-07 09:00:00,NA,1515,7,100,NA
2021-05-07 10:00:00,NA,1522,7.1,96,NA
2021-05-07 11:00:00,NA,1526,7.6,95,NA
2021-05-07 12:00:00,NA,1534,8.7,91,NA
2021-05-07 13:00:00,NA,1545,10.8,86,NA
2021-05-07 14:00:00,NA,1549,12.5,75,NA
2021-05-07 15:00:00,NA,1550,14.2,70,NA
2021-05-07 16:00:00,NA,1547,15.1,65,NA
2021-05-07 17:00:00,NA,1537,15.8,62,NA
2021-05-07 18:00:00,NA,1533,16.4,59,NA
2021-05-07 19:00:00,NA,1533,16.1,60,NA
2021-05-07 20:00:00,NA,1530,14.6,68,NA
2021-05-07 21:00:00,NA,1530,12.5,75,NA
2021-05-07 22:00:00,NA,1532,11.3,77,NA
2021-05-07 23:00:00,NA,1534,10.6,77,NA
2021-05-08 00:00:00,928.1,NA,10,78,NA
2021-05-08 09:00:00,928,NA,10,85,NA
2021-05-08 10:00:00,929,NA,9.8,88,NA
2021-05-08 11:00:00,929.8,NA,11.5,81,NA
2021-05-08 12:00:00,930.4,NA,13,76,NA
2021-05-08 13:00:00,931.3,NA,15.7,68,NA
2021-05-08 14:00:00,931.6,NA,17.6,64,NA
2021-05-08 15:00:00,931,NA,19,57,NA
2021-05-08 16:00:00,930.5,NA,19.6,54,NA
2021-05-08 17:00:00,928.8,NA,20.8,51,NA
2021-05-08 18:00:00,928.4,NA,20.4,49,NA
2021-05-08 19:00:00,928.2,NA,20.5,49,NA
2021-05-08 20:00:00,928,NA,20.4,52,NA
2021-05-08 21:00:00,928.1,NA,18.8,61,NA
2021-05-08 22:00:00,928.2,NA,16.8,63,NA
2021-05-08 23:00:00,928.5,NA,16.7,61,NA
2021-05-09 09:00:00,NA,1554,12.2,87,NA
2021-05-09 10:00:00,NA,1555,12.6,82,NA
2021-05-09 11:00:00,NA,1560,13.3,80,NA
2021-05-09 12:00:00,NA,1567,15.4,71,NA
2021-05-09 13:00:00,NA,1572,17.9,64,NA
2021-05-09 14:00:00,NA,1574,18.1,65,NA
2021-05-09 15:00:00,NA,1573,21.2,57,NA
2021-05-09 16:00:00,NA,1566,21.1,58,NA
2021-05-09 17:00:00,NA,1554,22.7,56,NA
2021-05-09 18:00:00,NA,1550,23.6,55,NA
2021-05-09 19:00:00,NA,1545,21.8,61,NA
2021-05-09 20:00:00,NA,1546,21.6,64,NA
2021-05-09 21:00:00,NA,1543,20.5,70,NA
2021-05-09 22:00:00,NA,1544,19.1,71,NA
2021-05-09 23:00:00,NA,1545,18.3,74,NA
2021-05-10 00:00:00,927.4,NA,18,72,NA
2021-05-10 09:00:00,927.3,NA,15.2,74,NA
2021-05-10 10:00:00,927.6,NA,15.1,74,NA
2021-05-10 11:00:00,928.2,NA,15.8,73,NA
2021-05-10 12:00:00,928.6,NA,17.6,67,NA
2021-05-10 13:00:00,929.2,NA,20.5,59,NA
2021-05-10 14:00:00,928.8,NA,21,61,NA
2021-05-10 15:00:00,928.2,NA,22.9,56,NA
2021-05-10 16:00:00,927.6,NA,23.1,55,NA
2021-05-10 17:00:00,926.6,NA,24.2,51,NA
2021-05-10 18:00:00,925.8,NA,23.8,52,NA
2021-05-10 19:00:00,925.8,NA,23.9,51,NA
2021-05-10 20:00:00,925.7,NA,23.4,54,NA
2021-05-10 21:00:00,925.8,NA,21,68,NA
2021-05-10 22:00:00,926,NA,20.2,69,NA
2021-05-10 23:00:00,926.1,NA,19.8,70,NA
2021-05-11 09:00:00,NA,1520,15.7,92,NA
2021-05-11 10:00:00,NA,1527,14.5,100,NA
2021-05-11 11:00:00,NA,1529,14.6,99,NA
2021-05-11 12:00:00,NA,1526,14.8,100,NA
2021-05-11 13:00:00,NA,1533,15.3,100,NA
2021-05-11 14:00:00,NA,1528,15.9,100,NA
2021-05-11 15:00:00,NA,1527,17.2,92,NA
2021-05-11 16:00:00,NA,1518,17.7,92,NA
2021-05-11 17:00:00,NA,1505,15.8,98,NA
2021-05-11 18:00:00,NA,1502,15.2,100,NA
2021-05-11 19:00:00,NA,1502,14.7,100,NA
2021-05-11 20:00:00,NA,1499,14.9,100,NA
2021-05-11 21:00:00,NA,1501,14.8,100,NA
2021-05-11 22:00:00,NA,1502,14.7,100,NA
2021-05-11 23:00:00,NA,1501,14.4,100,NA
2021-05-12 00:00:00,923,NA,14.1,100,NA
2021-05-12 10:00:00,923,NA,11.2,100,NA
2021-05-12 11:00:00,923.4,NA,11.2,100,NA
2021-05-12 12:00:00,924.4,NA,11.4,100,NA
2021-05-12 13:00:00,925.4,NA,11.2,100,NA
2021-05-12 14:00:00,925.4,NA,11.4,100,NA
2021-05-12 15:00:00,925.7,NA,11.8,100,NA
2021-05-12 16:00:00,925,NA,12,99,NA
2021-05-12 17:00:00,924.2,NA,12.6,100,NA
2021-05-12 18:00:00,923.8,NA,12.6,100,NA
2021-05-12 19:00:00,923.8,NA,13.8,89,NA
2021-05-12 20:00:00,924.2,NA,12.9,92,NA
2021-05-12 23:00:00,925.3,NA,10.5,98,NA
2021-05-13 09:00:00,NA,1520,10.4,93,NA
2021-05-13 10:00:00,NA,1523,10.4,93,NA
2021-05-13 11:00:00,NA,1528,11.4,88,NA
2021-05-13 12:00:00,NA,1538,12.8,72,NA
2021-05-13 13:00:00,NA,1544,14.8,72,NA
2021-05-13 14:00:00,NA,1545,16.4,66,NA
2021-05-13 15:00:00,NA,1545,17.6,57,NA
2021-05-13 16:00:00,NA,1540,18.6,52,NA
2021-05-13 17:00:00,NA,1531,19.8,41,NA
2021-05-13 18:00:00,NA,1528,20,44,NA
2021-05-13 19:00:00,NA,1516,20.8,41,NA
2021-05-13 20:00:00,NA,1515,20.6,45,NA
2021-05-13 21:00:00,NA,1519,18.8,59,NA
2021-05-13 22:00:00,NA,1517,15.7,73,NA
2021-05-13 23:00:00,NA,1522,14.4,82,NA
2021-05-14 00:00:00,925.3,NA,13.6,85,NA
2021-05-14 09:00:00,926.2,NA,12.8,84,NA
2021-05-14 10:00:00,926.2,NA,12.8,82,NA
2021-05-14 11:00:00,926.6,NA,13.6,70,NA
2021-05-14 12:00:00,927.2,NA,13.8,79,NA
2021-05-14 13:00:00,927.8,NA,16,72,NA
2021-05-14 14:00:00,928.1,NA,16.6,69,NA
2021-05-14 15:00:00,927.7,NA,18,65,NA
2021-05-14 17:00:00,926,NA,18.3,63,NA
2021-05-14 18:00:00,923.8,NA,18,63,NA
2021-05-14 19:00:00,923.6,NA,18.7,57,NA
2021-05-14 20:00:00,924,NA,18.8,61,NA
2021-05-14 21:00:00,923.8,NA,16.4,69,NA
2021-05-14 22:00:00,923.8,NA,14.9,74,NA
2021-05-14 23:00:00,923.8,NA,14.4,74,NA
2021-05-15 09:00:00,NA,1517,13.2,83,NA
2021-05-15 10:00:00,NA,1519,12.6,84,NA
2021-05-15 11:00:00,NA,1525,14.4,77,NA
2021-05-15 12:00:00,NA,1533,15.8,72,NA
2021-05-15 13:00:00,NA,1541,17.4,69,NA
2021-05-15 14:00:00,NA,1543,18.4,66,NA
2021-05-15 15:00:00,NA,1541,20,58,NA
2021-05-15 16:00:00,NA,1539,20.8,54,NA
2021-05-15 17:00:00,NA,1528,21.4,48,NA
2021-05-15 18:00:00,NA,1512,21.7,50,NA
2021-05-15 19:00:00,NA,1510,21.2,48,NA
2021-05-15 20:00:00,NA,1507,19.9,52,NA
2021-05-15 21:00:00,NA,1506,17.9,63,NA
2021-05-15 22:00:00,NA,1506,16.2,68,NA
2021-05-15 23:00:00,NA,1508,15.3,68,NA
2021-05-16 00:00:00,923.7,NA,14.8,64,NA
2021-05-16 09:00:00,925,NA,13.4,82,NA
2021-05-16 10:00:00,925.3,NA,13.4,82,NA
2021-05-16 11:00:00,925.8,NA,14.8,75,NA
2021-05-16 12:00:00,926.2,NA,16.2,71,NA
2021-05-16 13:00:00,927,NA,18.2,64,NA
2021-05-16 14:00:00,926.9,NA,20.8,57,NA
2021-05-16 15:00:00,926.6,NA,22,55,NA
2021-05-16 16:00:00,926.2,NA,20.8,55,NA
2021-05-16 17:00:00,924.5,NA,20.9,57,NA
2021-05-16 18:00:00,923.2,NA,22.6,56,NA
2021-05-16 19:00:00,922.6,NA,21.5,59,NA
2021-05-16 20:00:00,922.5,NA,21.5,60,NA
2021-05-16 21:00:00,922.8,NA,20.2,62,NA
2021-05-16 22:00:00,923.3,NA,18.2,71,NA
2021-05-16 23:00:00,923.4,NA,16.6,81,NA
2021-05-17 09:00:00,NA,1531,14.2,83,NA
2021-05-17 10:00:00,NA,1533,13.6,87,NA
2021-05-17 11:00:00,NA,1534,15,83,NA
2021-05-17 12:00:00,NA,1539,17.2,72,NA
2021-05-17 13:00:00,NA,1540,18.6,61,NA
2021-05-17 14:00:00,NA,1544,19.6,56,NA
2021-05-17 15:00:00,NA,1540,19,60,NA
2021-05-17 16:00:00,NA,1537,20.4,49,NA
2021-05-17 17:00:00,NA,1531,20.4,50,NA
2021-05-17 18:00:00,NA,1528,19.9,54,NA
2021-05-17 19:00:00,NA,1528,19.6,53,NA
2021-05-17 20:00:00,NA,1528,18.5,57,NA
2021-05-17 21:00:00,NA,1528,16.5,65,NA
2021-05-17 22:00:00,NA,1528,15.2,68,NA
2021-05-17 23:00:00,NA,1531,14.9,69,NA
2021-05-18 00:00:00,926,NA,14,76,NA
2021-05-18 09:00:00,924.6,NA,11.8,86,NA
2021-05-18 10:00:00,925,NA,11.8,84,NA
2021-05-18 11:00:00,925.3,NA,13.2,68,NA
2021-05-18 12:00:00,926,NA,15.2,74,NA
2021-05-18 13:00:00,926.5,NA,16.6,69,NA
2021-05-18 14:00:00,926.6,NA,17.8,62,NA
2021-05-18 16:00:00,925.4,NA,19.6,54,NA
2021-05-18 17:00:00,924.8,NA,20.9,49,NA
2021-05-18 18:00:00,924.5,NA,21.1,39,NA
2021-05-18 19:00:00,924.2,NA,21.2,46,NA
2021-05-18 20:00:00,924.4,NA,19.9,55,NA
2021-05-18 21:00:00,924.6,NA,16.8,59,NA
2021-05-18 22:00:00,924.6,NA,15.5,60,NA
2021-05-18 23:00:00,924.5,NA,14.3,74,NA
2021-05-19 09:00:00,NA,1504,13.6,65,NA
2021-05-19 10:00:00,NA,1506,13,68,NA
2021-05-19 11:00:00,NA,1508,13.4,65,NA
2021-05-19 12:00:00,NA,1514,15.6,54,NA
2021-05-19 13:00:00,NA,1518,18.2,43,NA
2021-05-19 14:00:00,NA,1522,19.6,47,NA
2021-05-19 15:00:00,NA,1519,20.6,42,NA
2021-05-19 16:00:00,NA,1518,22.2,33,NA
2021-05-19 17:00:00,NA,1512,23.5,32,NA
2021-05-19 18:00:00,NA,1508,23.8,31,NA
2021-05-19 19:00:00,NA,1505,24,30,NA
2021-05-19 20:00:00,NA,1505,22.7,37,NA
2021-05-19 21:00:00,NA,1500,19.7,40,NA
2021-05-19 22:00:00,NA,1499,19,35,NA
2021-05-19 23:00:00,NA,1501,17.6,42,NA
2021-05-20 00:00:00,922.4,NA,17.2,39,NA
2021-05-20 09:00:00,921.4,NA,15.6,48,NA
2021-05-20 10:00:00,921.8,NA,15.6,52,NA
2021-05-20 11:00:00,922,NA,17,54,NA
2021-05-20 12:00:00,922.5,NA,19.6,48,NA
2021-05-20 13:00:00,922.9,NA,21.6,45,NA
2021-05-20 16:00:00,921.6,NA,24.6,40,NA
2021-05-20 17:00:00,920.6,NA,25.6,39,NA
2021-05-20 18:00:00,920.2,NA,25.2,40,NA
2021-05-20 19:00:00,920,NA,23.9,43,NA
2021-05-20 20:00:00,919.8,NA,22.1,50,NA
2021-05-20 21:00:00,919.8,NA,21.2,57,NA
2021-05-20 22:00:00,919.7,NA,20.3,59,NA
2021-05-20 23:00:00,920,NA,19.9,60,NA
2021-05-21 09:00:00,NA,1475,19.6,57,NA
2021-05-21 10:00:00,NA,1476,19.6,56,NA
2021-05-21 11:00:00,NA,1474,19.6,54,NA
2021-05-21 12:00:00,NA,1484,19.8,54,NA
2021-05-21 13:00:00,NA,1483,20.6,54,NA
2021-05-21 14:00:00,NA,1478,21.8,54,NA
2021-05-21 15:00:00,NA,1470,24,50,NA
2021-05-21 16:00:00,NA,1464,25.2,46,NA
2021-05-21 17:00:00,NA,1452,24.6,49,NA
2021-05-21 18:00:00,NA,1448,25,52,NA
2021-05-21 19:00:00,NA,1447,24.8,53,NA
2021-05-21 20:00:00,NA,1446,24.1,57,NA
2021-05-21 21:00:00,NA,1439,23.2,60,NA
2021-05-21 22:00:00,NA,1439,23,60,NA
2021-05-21 23:00:00,NA,1441,23.2,60,NA
2021-05-22 00:00:00,918.2,NA,15.5,98,NA
2021-05-22 09:00:00,917.8,NA,16.4,96,NA
2021-05-22 10:00:00,918.5,NA,16.2,98,NA
2021-05-22 11:00:00,918.9,NA,16,95,NA
2021-05-22 12:00:00,918.9,NA,16.4,96,NA
2021-05-22 13:00:00,919.4,NA,18,84,NA
2021-05-22 14:00:00,918.9,NA,18.4,74,NA
2021-05-22 15:00:00,919.4,NA,17.4,84,NA
2021-05-22 16:00:00,919.3,NA,17.4,88,NA
2021-05-22 17:00:00,918.2,NA,17.6,83,NA
2021-05-22 18:00:00,918.6,NA,16.3,85,NA
2021-05-22 19:00:00,918.5,NA,15.8,89,NA
2021-05-22 20:00:00,918.6,NA,15,85,NA
2021-05-22 21:00:00,918.9,NA,13.9,87,NA
2021-05-22 22:00:00,919.8,NA,13.2,87,NA
2021-05-22 23:00:00,920.2,NA,12.9,94,NA
2021-05-23 09:00:00,NA,1488,7.4,73,NA
2021-05-23 10:00:00,NA,1491,7.2,76,NA
2021-05-23 11:00:00,NA,1494,7.8,71,NA
2021-05-23 12:00:00,NA,1500,9.4,66,NA
2021-05-23 13:00:00,NA,1502,11,59,NA
2021-05-23 14:00:00,NA,1503,12.4,55,NA
2021-05-23 15:00:00,NA,1498,13,51,NA
2021-05-23 16:00:00,NA,1493,13.8,46,NA
2021-05-23 17:00:00,NA,1490,14.6,46,NA
2021-05-23 18:00:00,NA,1489,14.3,50,NA
2021-05-23 19:00:00,NA,1488,14.6,55,NA
2021-05-23 20:00:00,NA,1490,13.6,56,NA
2021-05-23 21:00:00,NA,1493,11.3,65,NA
2021-05-23 22:00:00,NA,1495,9.9,71,NA
2021-05-23 23:00:00,NA,1499,9,77,NA
2021-05-24 00:00:00,NA,1504,8.5,79,NA
2021-05-25 09:00:00,NA,1506,8.4,70,NA
2021-05-25 10:00:00,NA,1505,8.4,74,NA
2021-05-25 11:00:00,NA,1517,9.6,69,NA
2021-05-25 12:00:00,NA,1526,11.8,58,NA
2021-05-25 13:00:00,NA,1532,13.8,52,NA
2021-05-25 14:00:00,NA,1536,14.9,45,NA
2021-05-25 15:00:00,NA,1536,17,43,NA
2021-05-25 16:00:00,NA,1533,18.5,34,NA
2021-05-25 17:00:00,NA,1523,19.4,38,NA
2021-05-25 18:00:00,NA,1509,20.3,33,NA
2021-05-25 19:00:00,NA,1506,20.3,36,NA
2021-05-25 20:00:00,NA,1508,19.4,38,NA
2021-05-25 21:00:00,NA,1510,16.8,47,NA
2021-05-25 22:00:00,NA,1511,14.7,50,NA
2021-05-25 23:00:00,NA,1515,13.9,56,NA
2021-05-26 00:00:00,NA,1520,13.1,67,NA
2021-05-27 09:00:00,NA,1509,15.2,47,NA
2021-05-27 10:00:00,NA,1511,15.6,49,NA
2021-05-27 11:00:00,NA,1517,16.4,50,NA
2021-05-27 12:00:00,NA,1522,18.2,52,NA
2021-05-27 13:00:00,NA,1526,20.5,49,NA
2021-05-27 14:00:00,NA,1526,21.7,49,NA
2021-05-27 15:00:00,NA,1522,22.9,48,NA
2021-05-27 16:00:00,NA,1516,22.6,51,NA
2021-05-27 17:00:00,922,1505,24,50,NA
2021-05-27 18:00:00,920.9,1494,23.1,53,NA
2021-05-27 19:00:00,919.4,1482,23.4,53,NA
2021-05-27 20:00:00,919,1476,21.7,61,NA
2021-05-27 21:00:00,918.9,1474,20.2,66,NA
2021-05-27 22:00:00,918.9,1474,19.6,68,NA
2021-05-27 23:00:00,918.8,1473,18.9,70,NA
2021-05-28 00:00:00,NA,1472,19.3,66,NA
2021-05-29 00:00:00,912,NA,NA,NA,NA
2021-05-29 09:00:00,916.9,1463,19,95,NA
2021-05-29 10:00:00,916,1453,18.6,98,NA
2021-05-29 11:00:00,918.6,1477,18.6,98,NA
2021-05-29 12:00:00,919.4,1484,19.1,97,NA
2021-05-29 13:00:00,920.5,1492,19.7,95,NA
2021-05-29 14:00:00,920.6,1495,21,88,NA
2021-05-29 15:00:00,920.8,1498,22.9,75,NA
2021-05-29 16:00:00,920.8,1497,22.2,76,NA
2021-05-29 17:00:00,919.6,1486,22.2,74,NA
2021-05-29 18:00:00,918.8,1480,23,67,NA
2021-05-29 19:00:00,919.4,1482,19.9,87,NA
2021-05-29 20:00:00,920,1488,19.3,84,NA
2021-05-29 21:00:00,920.6,1490,16.8,92,NA
2021-05-29 22:00:00,921,1494,16.1,95,NA
2021-05-29 23:00:00,921.3,1494,15.1,98,NA
2021-05-30 00:00:00,NA,1492,14.7,100,NA
2021-05-31 00:00:00,923.4,NA,NA,NA,NA
2021-05-31 09:00:00,924.4,1508,9.4,75,NA
2021-05-31 10:00:00,924.8,1512,10.6,70,NA
2021-05-31 11:00:00,925.7,1520,11.2,77,NA
2021-05-31 12:00:00,926.1,1526,14.2,71,NA
2021-05-31 13:00:00,926.9,1535,17.8,74,NA
2021-05-31 14:00:00,NA,1538,18.2,74,NA
2021-05-31 15:00:00,927,1538,19.8,69,NA
2021-05-31 16:00:00,926.2,1530,19.8,64,NA
2021-05-31 17:00:00,925.8,1526,20.4,59,NA
2021-05-31 18:00:00,925.3,1521,21,52,NA
2021-05-31 19:00:00,925.4,1523,21,60,NA
2021-05-31 20:00:00,925.4,1521,19.5,61,NA
2021-05-31 21:00:00,925.4,1523,17.6,70,NA
2021-05-31 22:00:00,925.3,1521,15.7,73,NA
2021-05-31 23:00:00,925.4,1521,14.3,80,NA
2021-06-01 00:00:00,NA,1525,13.8,83,NA
2021-06-02 00:00:00,919,NA,NA,NA,NA
2021-06-02 09:00:00,921.7,1498,15.6,94,NA
2021-06-02 10:00:00,922.1,1500,15.4,96,NA
2021-06-02 11:00:00,922.6,1505,15.9,93,NA
2021-06-02 12:00:00,923.3,1512,16.6,96,NA
2021-06-02 13:00:00,923.8,1516,17.4,94,NA
2021-06-02 14:00:00,923.8,1516,17.2,98,NA
2021-06-02 15:00:00,923.7,1514,17.8,95,NA
2021-06-02 16:00:00,923,1508,18.4,96,NA
2021-06-02 17:00:00,921.2,1491,18.2,96,NA
2021-06-02 18:00:00,920.4,1489,22.2,80,NA
2021-06-02 19:00:00,920.6,1488,18.9,93,NA
2021-06-02 20:00:00,921,1491,18.9,97,NA
2021-06-02 21:00:00,921.6,1497,18,98,NA
2021-06-02 22:00:00,922.2,1503,18.1,98,NA
2021-06-02 23:00:00,922.8,1507,17.6,100,NA
2021-06-03 00:00:00,NA,1512,17.6,99,NA
2021-06-04 00:00:00,923.8,NA,NA,NA,NA
2021-06-04 09:00:00,926,1545,18,85,NA
2021-06-04 10:00:00,926.2,1547,18.6,82,NA
2021-06-04 11:00:00,926.8,1550,19.6,73,NA
2021-06-04 12:00:00,927.2,1553,20.4,70,NA
2021-06-04 13:00:00,927.6,1556,21.8,67,NA
2021-06-04 14:00:00,927.4,1558,23,65,NA
2021-06-04 15:00:00,927.3,1559,23.8,60,NA
2021-06-04 16:00:00,926.6,1554,24.8,55,NA
2021-06-04 17:00:00,925.4,1544,25.4,49,NA
2021-06-04 18:00:00,924.9,1539,25.8,49,NA
2021-06-04 19:00:00,924.6,1536,25.7,51,NA
2021-06-04 20:00:00,924.2,1531,24.9,51,NA
2021-06-04 21:00:00,924.2,1529,22.6,61,NA
2021-06-04 22:00:00,924.5,1531,21.7,62,NA
2021-06-04 23:00:00,924.6,1533,21.8,61,NA
2021-06-05 00:00:00,NA,1534,21.4,61,NA
2021-06-06 00:00:00,922.2,NA,NA,NA,NA
2021-06-06 09:00:00,923.8,1521,13.2,93,NA
2021-06-06 10:00:00,924.2,1523,13.6,89,NA
2021-06-06 11:00:00,925,1530,13.6,91,NA
2021-06-06 12:00:00,925.8,1536,13.6,91,NA
2021-06-06 13:00:00,927,1545,13,98,NA
2021-06-06 14:00:00,927.2,1547,13.2,100,NA
2021-06-06 15:00:00,925.8,1534,13.4,100,NA
2021-06-06 16:00:00,924.6,1521,13.2,100,NA
2021-06-06 17:00:00,922.8,1499,13.2,98,NA
2021-06-06 18:00:00,921,1483,14.4,91,NA
2021-06-06 19:00:00,920.6,1481,15,91,NA
2021-06-06 20:00:00,920.6,1480,14.3,99,NA
2021-06-06 21:00:00,920.6,1481,13.8,98,NA
2021-06-06 22:00:00,920.4,1479,13.8,98,NA
2021-06-06 23:00:00,921,1484,13.6,99,NA
2021-06-07 00:00:00,NA,1481,13.6,98,NA
2021-06-08 00:00:00,924.6,NA,NA,NA,NA
2021-06-08 09:00:00,923.6,1513,13.8,98,NA
2021-06-08 10:00:00,924.2,1517,13.8,96,NA
2021-06-08 11:00:00,NA,1520,13.8,96,NA
2021-06-08 12:00:00,NA,1523,14.4,94,NA
2021-06-08 13:00:00,NA,1527,15.6,88,NA
2021-06-08 14:00:00,NA,1525,15.4,90,NA
2021-06-08 15:00:00,NA,1522,16,90,NA
2021-06-08 16:00:00,NA,1517,15.2,98,NA
2021-06-08 17:00:00,NA,1505,15.8,97,NA
2021-06-08 18:00:00,NA,1501,16.3,95,NA
2021-06-08 19:00:00,NA,1504,16.9,90,NA
2021-06-08 20:00:00,NA,1505,16.6,96,NA
2021-06-08 21:00:00,NA,1506,16,95,NA
2021-06-08 22:00:00,NA,1507,15.4,96,NA
2021-06-08 23:00:00,NA,1512,15.6,96,NA
2021-06-09 00:00:00,NA,1517,15.9,95,NA
2021-06-10 00:00:00,923.3,NA,NA,NA,NA
2021-06-10 09:00:00,922.1,1503,16,98,NA
2021-06-10 10:00:00,922.8,1508,15.8,98,NA
2021-06-10 11:00:00,923.3,1512,15.6,100,NA
2021-06-10 12:00:00,924.2,1522,16.6,96,NA
2021-06-10 13:00:00,924.6,1524,17.6,86,NA
2021-06-10 14:00:00,924.6,1526,18.2,83,NA
2021-06-10 15:00:00,924.6,1525,18.6,83,NA
2021-06-10 16:00:00,924.4,1523,19,86,NA
2021-06-10 17:00:00,923.7,1517,19.9,75,NA
2021-06-10 18:00:00,923.8,1514,17,90,NA
2021-06-10 19:00:00,923.7,1513,16.6,93,NA
2021-06-10 20:00:00,923,1507,17.5,88,NA
2021-06-10 21:00:00,923.7,1514,16.5,91,NA
2021-06-10 22:00:00,924.2,1518,15.6,98,NA
2021-06-10 23:00:00,924.6,1522,15.6,99,NA
2021-06-11 00:00:00,NA,1526,15.2,100,NA
2021-06-12 00:00:00,927.6,NA,NA,NA,NA
2021-06-12 09:00:00,925.4,1518,8.2,97,NA
2021-06-12 10:00:00,925.7,1518,8,100,NA
2021-06-12 11:00:00,926.5,1525,8.8,97,NA
2021-06-12 12:00:00,927.3,1533,10.2,95,NA
2021-06-12 13:00:00,928.2,1539,12,76,NA
2021-06-12 14:00:00,928.4,1543,13.8,71,NA
2021-06-12 15:00:00,NA,1542,14.6,56,NA
2021-06-12 16:00:00,927.8,1538,15.5,48,NA
2021-06-12 17:00:00,927,1532,16.9,43,NA
2021-06-12 18:00:00,926.6,1530,17,44,NA
2021-06-12 19:00:00,926.6,1529,17.1,47,NA
2021-06-12 20:00:00,926.4,1525,15.7,51,NA
2021-06-12 21:00:00,926.6,1527,13.3,53,NA
2021-06-12 22:00:00,926.9,1527,11.9,53,NA
2021-06-12 23:00:00,926.8,1526,11,61,NA
2021-06-13 00:00:00,NA,1529,10.6,69,NA
2021-06-14 00:00:00,926.6,NA,NA,NA,NA
2021-06-14 09:00:00,925.6,1529,12.5,73,NA
2021-06-14 10:00:00,925.7,1528,12.7,74,NA
2021-06-14 11:00:00,926,1531,13.7,66,NA
2021-06-14 12:00:00,926.6,1540,15.3,59,NA
2021-06-14 13:00:00,927.4,1549,16.8,58,NA
2021-06-14 14:00:00,927.8,1553,17.9,50,NA
2021-06-14 15:00:00,927.8,1554,18.9,50,NA
2021-06-14 16:00:00,927.3,1548,20.1,47,NA
2021-06-14 17:00:00,925.8,1535,21.1,45,NA
2021-06-14 18:00:00,924,1519,20.9,49,NA
2021-06-14 19:00:00,924.2,1521,20.8,51,NA
2021-06-14 20:00:00,924.1,1518,20.5,51,NA
2021-06-14 21:00:00,924.2,1517,18.4,62,NA
2021-06-14 22:00:00,924.4,1517,16.8,59,NA
2021-06-14 23:00:00,925.2,1523,15.1,76,NA
2021-06-15 00:00:00,NA,1526,14.5,83,NA
2021-06-16 09:00:00,NA,1515,10.3,99,NA
2021-06-16 10:00:00,NA,1520,10,99,NA
2021-06-16 11:00:00,NA,1523,9.9,99,NA
2021-06-16 12:00:00,NA,1527,9.7,99,NA
2021-06-16 13:00:00,NA,1529,10.4,94,NA
2021-06-16 14:00:00,NA,1529,11.4,89,NA
2021-06-16 15:00:00,926.8,1529,11.8,89,NA
2021-06-16 16:00:00,926.2,1523,11.4,91,NA
2021-06-16 17:00:00,925.8,1520,12.8,84,NA
2021-06-16 18:00:00,923.8,1502,12,88,NA
2021-06-16 19:00:00,923,1493,11.4,91,NA
2021-06-16 20:00:00,923.3,1495,11,92,NA
2021-06-16 21:00:00,923.4,1498,10.5,94,NA
2021-06-16 22:00:00,923.8,1500,9.5,96,NA
2021-06-16 23:00:00,924.2,1504,9.5,99,NA
2021-06-17 00:00:00,NA,1505,8.8,97,NA
2021-06-18 00:00:00,927.2,NA,NA,NA,NA
2021-06-18 09:00:00,926.2,1517,6.4,97,NA
2021-06-18 10:00:00,927,1522,6,99,NA
2021-06-18 11:00:00,927.4,1525,6.5,99,NA
2021-06-18 12:00:00,927.4,1525,7.3,96,NA
2021-06-18 13:00:00,927.6,1528,10.5,86,NA
2021-06-18 14:00:00,927.7,1537,16.5,53,NA
2021-06-18 15:00:00,927.4,1535,17.7,52,NA
2021-06-18 16:00:00,927.4,1534,16.9,57,NA
2021-06-18 17:00:00,925.2,1515,17,59,NA
2021-06-18 18:00:00,924.2,1506,17,58,NA
2021-06-18 19:00:00,924,1502,15.1,68,NA
2021-06-18 20:00:00,924,1502,14.7,77,NA
2021-06-18 21:00:00,924.2,1504,13.7,84,NA
2021-06-18 22:00:00,NA,1503,12.7,94,NA
2021-06-18 23:00:00,924.5,1505,12.5,94,NA
2021-06-19 00:00:00,NA,1507,12.1,99,NA
2021-06-20 00:00:00,922.9,NA,NA,NA,NA
2021-06-20 09:00:00,924.5,1509,10.4,100,NA
2021-06-20 10:00:00,924.8,1511,10.4,100,NA
2021-06-20 11:00:00,925.3,1515,10.6,100,NA
2021-06-20 12:00:00,926.1,1523,11,100,NA
2021-06-20 13:00:00,927,1530,11.6,100,NA
2021-06-20 14:00:00,927,1530,12.2,97,NA
2021-06-20 15:00:00,926.6,1529,13.4,91,NA
2021-06-20 16:00:00,926,1524,14.4,86,NA
2021-06-20 17:00:00,924.2,1510,15.6,76,NA
2021-06-20 18:00:00,923.2,1501,15.8,78,NA
2021-06-20 19:00:00,923.2,1501,15.9,73,NA
2021-06-20 20:00:00,923.4,1501,14.4,82,NA
2021-06-20 21:00:00,923.2,1499,12.7,89,NA
2021-06-20 22:00:00,923.7,1502,11.4,97,NA
2021-06-20 23:00:00,924,1504,10.8,100,NA
2021-06-21 00:00:00,NA,1503,10.2,100,NA
2021-06-22 00:00:00,925.6,NA,NA,NA,NA
2021-06-22 09:00:00,925.3,1519,12.2,100,NA
2021-06-22 10:00:00,925.8,1523,12.2,100,NA
2021-06-22 11:00:00,926.2,1527,12.2,100,NA
2021-06-22 12:00:00,926.2,1527,12.6,100,NA
2021-06-22 13:00:00,927.2,1535,12.8,100,NA
2021-06-22 14:00:00,927,1535,13.2,100,NA
2021-06-22 15:00:00,NA,1534,14,94,NA
2021-06-22 16:00:00,NA,1531,14.6,91,NA
2021-06-22 17:00:00,NA,1518,16.4,78,NA
2021-06-22 18:00:00,NA,1508,16.8,76,NA
2021-06-22 19:00:00,NA,1506,17.3,72,NA
2021-06-22 20:00:00,NA,1509,16.7,79,NA
2021-06-22 21:00:00,NA,1511,15.8,84,NA
2021-06-22 22:00:00,NA,1509,14.5,95,NA
2021-06-22 23:00:00,NA,1509,14.6,87,NA
2021-06-23 00:00:00,NA,1510,14.3,91,NA
2021-06-24 00:00:00,920.8,NA,NA,NA,NA
2021-06-24 09:00:00,918.4,1467,15,72,NA
2021-06-24 10:00:00,917.7,1460,14.8,74,NA
2021-06-24 11:00:00,918.6,1468,15,74,NA
2021-06-24 12:00:00,919.2,1473,15.2,74,NA
2021-06-24 13:00:00,919.4,1474,15.8,76,NA
2021-06-24 14:00:00,920.6,1485,15.4,78,NA
2021-06-24 15:00:00,920.2,1478,13.6,100,NA
2021-06-24 16:00:00,920.4,1479,13.8,100,NA
2021-06-24 17:00:00,918.6,1464,14.2,100,NA
2021-06-24 18:00:00,917.4,1453,14.8,98,NA
2021-06-24 19:00:00,917.8,1457,15.2,98,NA
2021-06-24 20:00:00,918.4,1462,15.6,98,NA
2021-06-24 21:00:00,919,1470,15.6,100,NA
2021-06-24 22:00:00,919.4,1473,15.3,100,NA
2021-06-24 23:00:00,919.7,1475,14.9,100,NA
2021-06-25 00:00:00,NA,1482,14.7,100,NA
2021-06-26 00:00:00,920.2,NA,NA,NA,NA
2021-06-26 09:00:00,919.8,1485,18.4,89,NA
2021-06-26 10:00:00,NA,1489,18.4,87,NA
2021-06-26 11:00:00,NA,1494,18.6,82,NA
2021-06-26 12:00:00,NA,1497,19.2,78,NA
2021-06-26 13:00:00,NA,1499,20,75,NA
2021-06-26 14:00:00,NA,1498,21,71,NA
2021-06-26 15:00:00,NA,1494,22.4,66,NA
2021-06-26 16:00:00,NA,1491,23.8,60,NA
2021-06-26 17:00:00,NA,1481,24.3,55,NA
2021-06-26 18:00:00,NA,1466,24.3,54,NA
2021-06-26 19:00:00,NA,1458,24,55,NA
2021-06-26 20:00:00,NA,1457,23.2,58,NA
2021-06-26 21:00:00,NA,1458,22.3,63,NA
2021-06-26 22:00:00,NA,1456,21.9,62,NA
2021-06-26 23:00:00,NA,1451,21.3,65,NA
2021-06-27 00:00:00,NA,1460,21.6,62,NA
2021-06-28 12:00:00,NA,1522,2.2,93,NA
2021-06-28 18:00:00,NA,1527,6.1,68,NA
2021-06-29 00:00:00,NA,1539,2.1,83,NA
2021-06-30 00:00:00,930.4,NA,NA,NA,NA
2021-06-30 12:00:00,929.4,1529,0.8,98,NA
2021-06-30 18:00:00,929,1532,10.6,66,NA
2021-07-01 00:00:00,NA,1528,5.1,93,NA
