2021-01-07 00:00:00,999.6,NA,NA,NA,NA
2021-01-07 09:00:00,NA,1009.3,23.6,85,NA
2021-01-07 12:00:00,1002,1010.3,24.8,78,NA
2021-01-07 15:00:00,1002.1,1010.3,30.6,49,NA
2021-01-07 18:00:00,1001,1009.2,32.8,48,NA
2021-01-07 21:00:00,999.2,1007.4,32.6,45,NA
2021-01-08 00:00:00,NA,1007.8,25.2,66,NA
2021-01-09 00:00:00,998.6,NA,NA,NA,NA
2021-01-09 09:00:00,NA,1007.6,24,79,NA
2021-01-09 12:00:00,1000,1008.2,29,49,NA
2021-01-09 15:00:00,1000.2,1008.3,32,62,NA
2021-01-09 18:00:00,998.9,1007.1,29.8,67,NA
2021-01-09 21:00:00,997.6,1005.7,29.8,68,NA
2021-01-10 00:00:00,997.8,NA,NA,NA,NA
2021-01-11 09:00:00,NA,1005.8,25,86,NA
2021-01-11 12:00:00,998,1006.1,29.6,68,NA
2021-01-11 15:00:00,997.4,1005.5,35.4,50,NA
2021-01-11 18:00:00,995.2,1003.1,38.8,39,NA
2021-01-11 21:00:00,992,1000,36.6,43,NA
2021-01-12 00:00:00,NA,1002.8,33,61,NA
2021-01-13 00:00:00,1003.7,NA,NA,NA,NA
2021-01-13 09:00:00,1005,1013.5,20.9,91,NA
2021-01-13 12:00:00,1004,1012.3,24.6,85,NA
2021-01-13 15:00:00,1004.4,1012.6,33.2,60,NA
2021-01-13 18:00:00,1001.8,1010,35.2,51,NA
2021-01-13 21:00:00,1000.1,1008.3,32.6,58,NA
2021-01-14 00:00:00,NA,1010.3,26.8,74,NA
2021-01-15 00:00:00,999.8,NA,NA,NA,NA
2021-01-15 09:00:00,NA,1009.2,23.5,85,NA
2021-01-15 12:00:00,1000,1008.2,29,66,NA
2021-01-15 15:00:00,998.5,1006.6,33.2,60,NA
2021-01-15 18:00:00,996.1,1004.2,35.2,53,NA
2021-01-15 21:00:00,992.9,1001,33.4,58,NA
2021-01-16 00:00:00,NA,1002.3,35.5,44,NA
2021-01-17 00:00:00,993.8,NA,23,98,NA
2021-01-19 09:00:00,NA,1012.5,16.8,96,NA
2021-01-19 12:00:00,NA,1012.9,23.8,66,NA
2021-01-19 15:00:00,NA,1012.8,30,46,NA
2021-01-19 18:00:00,NA,1010.9,32.8,40,NA
2021-01-19 21:00:00,NA,1009.7,31.2,53,NA
2021-01-20 00:00:00,NA,1009.7,26.5,77,NA
2021-01-21 09:00:00,NA,1010.7,21,93,NA
2021-01-21 12:00:00,NA,1011.7,26,83,NA
2021-01-21 15:00:00,NA,1012.5,31.2,70,NA
2021-01-21 18:00:00,NA,1011.7,30.6,71,NA
2021-01-21 21:00:00,NA,1010.6,30.2,72,NA
2021-01-22 00:00:00,NA,1010.2,26.8,84,NA
2021-01-23 09:00:00,NA,1011.9,21,93,NA
2021-01-23 12:00:00,NA,1012.2,25.8,86,NA
2021-01-23 15:00:00,NA,1011.6,30.4,72,NA
2021-01-23 18:00:00,NA,1011,32,65,NA
2021-01-23 21:00:00,NA,1009,28,80,NA
2021-01-24 00:00:00,NA,1008.6,23.2,95,NA
2021-01-25 09:00:00,NA,1006.6,22.7,98,NA
2021-01-25 12:00:00,NA,1007.4,26.2,85,NA
2021-01-25 15:00:00,NA,1007.2,29.6,74,NA
2021-01-25 18:00:00,NA,1004.9,29.4,74,NA
2021-01-25 21:00:00,NA,1003.2,29,75,NA
2021-01-26 00:00:00,NA,1004.2,26,92,NA
2021-01-26 15:00:00,996.4,NA,25.2,96,NA
2021-01-26 18:00:00,994.9,NA,25.2,96,NA
2021-01-27 09:00:00,NA,1001.2,24,96,NA
2021-01-27 12:00:00,NA,1002.8,25.2,95,NA
2021-01-27 15:00:00,NA,1004.5,24.6,91,NA
2021-01-27 18:00:00,NA,1003.4,26.6,86,NA
2021-01-27 21:00:00,NA,1001.6,29,73,NA
2021-01-28 00:00:00,NA,1001.6,25.6,94,NA
2021-01-29 09:00:00,NA,1003.2,24,91,NA
2021-01-29 12:00:00,NA,1003.7,26.4,86,NA
2021-01-29 15:00:00,NA,1003.7,31.6,69,NA
2021-01-29 18:00:00,NA,1002.9,33,65,NA
2021-01-30 00:00:00,NA,1000.9,22.4,96,NA
2021-01-31 00:00:00,997.8,NA,20.4,98,NA
2021-02-02 00:00:00,997.6,NA,NA,NA,NA
2021-02-02 09:00:00,999,1007.2,22.2,96,NA
2021-02-02 12:00:00,999.7,1008,22.4,96,NA
2021-02-02 15:00:00,1001.3,1009.6,24.2,91,NA
2021-02-02 18:00:00,1000.2,1008.6,26,81,NA
2021-02-02 21:00:00,998.2,1006.5,25,82,NA
2021-02-03 00:00:00,NA,1007.2,23.2,95,NA
2021-02-04 00:00:00,1000.2,NA,NA,NA,NA
2021-02-04 09:00:00,1003.3,1011.7,20,100,NA
2021-02-04 12:00:00,1004.5,1012.9,21.8,93,NA
2021-02-04 15:00:00,1005.7,1014,26.2,72,NA
2021-02-04 18:00:00,1004.4,1012.8,26.6,66,NA
2021-02-04 21:00:00,1002.5,1010.8,28.4,58,NA
2021-02-05 00:00:00,NA,1010.1,22.8,91,NA
2021-02-05 09:00:00,NA,1012.3,19.8,95,NA
2021-02-05 12:00:00,NA,1012.5,21,84,NA
2021-02-05 15:00:00,NA,1010.6,27.6,52,NA
2021-02-05 18:00:00,NA,1010.3,29.2,49,NA
2021-02-06 00:00:00,1001.2,1009.5,21.8,76,NA
2021-02-06 09:00:00,1002.8,NA,NA,NA,NA
2021-02-06 12:00:00,1004.6,NA,NA,NA,NA
2021-02-06 15:00:00,1003.7,NA,NA,NA,NA
2021-02-06 18:00:00,1002.2,NA,NA,NA,NA
2021-02-06 21:00:00,1001.3,NA,NA,NA,NA
2021-02-07 00:00:00,1001.6,NA,NA,NA,NA
2021-02-08 09:00:00,NA,1010.2,18,94,NA
2021-02-08 12:00:00,NA,1010.7,23.4,86,NA
2021-02-08 15:00:00,NA,1010.6,30.4,58,NA
2021-02-08 18:00:00,NA,1009.3,33.4,42,NA
2021-02-09 00:00:00,NA,1007.8,26.5,79,NA
2021-02-10 09:00:00,NA,1011.5,19.8,96,NA
2021-02-10 12:00:00,NA,1012,22.2,89,NA
2021-02-10 15:00:00,NA,1013.1,27.4,74,NA
2021-02-10 18:00:00,NA,1011.2,29.8,58,NA
2021-02-10 21:00:00,NA,1008.9,28.4,62,NA
2021-02-11 00:00:00,1002.2,NA,24.7,78,NA
2021-02-11 09:00:00,1002.5,NA,20.5,96,NA
2021-02-11 12:00:00,1003,NA,23.2,88,NA
2021-02-11 15:00:00,1003.3,NA,22.6,86,NA
2021-02-11 18:00:00,1000.9,NA,27.8,59,NA
2021-02-11 21:00:00,999.8,NA,27.6,67,NA
2021-02-12 09:00:00,NA,1010.2,21.3,97,NA
2021-02-12 12:00:00,NA,1010.6,24.8,79,NA
2021-02-12 15:00:00,NA,1009.8,28.6,60,NA
2021-02-12 18:00:00,NA,1008.4,31.2,53,NA
2021-02-12 21:00:00,999.6,NA,31.4,53,NA
2021-02-13 12:00:00,1001,NA,24.4,84,NA
2021-02-13 15:00:00,1000,NA,30.2,56,NA
2021-02-13 18:00:00,998.8,NA,31.6,48,NA
2021-02-13 21:00:00,997.4,NA,29.6,61,NA
2021-02-14 00:00:00,997.6,NA,25.4,77,NA
2021-02-15 09:00:00,998.9,NA,21.5,100,NA
2021-02-15 12:00:00,999,NA,23.5,95,NA
2021-02-15 15:00:00,1000,NA,23.8,76,NA
2021-02-15 18:00:00,997.6,NA,29,58,NA
2021-02-15 21:00:00,995.3,NA,30.4,68,NA
2021-02-16 09:00:00,NA,1007.9,20.6,96,NA
2021-02-16 12:00:00,NA,1007.9,24.8,83,NA
2021-02-16 15:00:00,NA,1008.2,30,57,NA
2021-02-16 18:00:00,NA,1006.7,32.2,46,NA
2021-02-16 21:00:00,NA,1005.9,31,48,NA
2021-02-17 00:00:00,997.6,NA,25.8,73,NA
2021-02-17 09:00:00,1000,NA,19.2,96,NA
2021-02-17 12:00:00,1000.5,NA,23.8,72,NA
2021-02-17 15:00:00,1000.9,NA,29,48,NA
2021-02-17 18:00:00,999.2,NA,30.8,41,NA
2021-02-17 21:00:00,998.2,NA,30,40,NA
2021-02-18 09:00:00,NA,1008.4,15.8,91,NA
2021-02-18 12:00:00,NA,1009.4,20.4,78,NA
2021-02-18 15:00:00,NA,1009.2,28.6,42,NA
2021-02-18 18:00:00,999.3,NA,31.8,39,NA
2021-02-19 00:00:00,999.3,NA,25,67,NA
2021-02-19 09:00:00,1000.9,NA,17.4,95,NA
2021-02-19 12:00:00,1002.1,NA,25.8,74,NA
2021-02-19 15:00:00,1002.9,NA,31.6,48,NA
2021-02-19 18:00:00,1000.8,NA,33,39,NA
2021-02-19 21:00:00,1000.4,NA,32.6,43,NA
2021-02-20 09:00:00,NA,1012.2,19.8,95,NA
2021-02-20 12:00:00,NA,1013.3,25.4,72,NA
2021-02-20 15:00:00,NA,1012.5,32.6,47,NA
2021-02-20 18:00:00,NA,1010.6,35.4,40,NA
2021-02-20 21:00:00,NA,1009.4,31.8,45,NA
2021-02-21 00:00:00,1002,NA,26.4,70,NA
2021-02-22 12:00:00,NA,1008.1,25.2,73,NA
2021-02-22 15:00:00,NA,1007.7,34.2,44,NA
2021-02-22 18:00:00,998.1,NA,36,45,NA
2021-02-23 00:00:00,998.8,NA,28.8,75,NA
2021-02-23 12:00:00,999.8,NA,28.6,74,NA
2021-02-23 15:00:00,1000.1,NA,35.6,48,NA
2021-02-23 18:00:00,1001.2,NA,30.4,68,NA
2021-02-23 21:00:00,1001.4,NA,27.4,80,NA
2021-02-24 12:00:00,NA,1012.1,24,91,NA
2021-02-24 15:00:00,NA,1012.5,30,59,NA
2021-02-24 18:00:00,NA,1009.7,33,49,NA
2021-02-24 21:00:00,NA,1008.1,31.2,56,NA
2021-02-25 00:00:00,1000.4,NA,25.2,79,NA
2021-02-25 12:00:00,1003.3,NA,23.4,84,NA
2021-02-25 15:00:00,1003.3,NA,31.6,51,NA
2021-02-25 18:00:00,1001.3,NA,33.8,45,NA
2021-02-25 21:00:00,999.8,NA,32.4,46,NA
2021-02-26 12:00:00,NA,1009.8,22.2,81,NA
2021-02-26 15:00:00,NA,1009.9,30,64,NA
2021-02-26 18:00:00,NA,1007.7,34.2,41,NA
2021-02-26 21:00:00,NA,1007,33.6,44,NA
2021-02-27 00:00:00,999.6,NA,25.6,81,NA
2021-02-27 12:00:00,1004.6,NA,25.4,84,NA
2021-02-27 15:00:00,1004.5,NA,33,50,NA
2021-02-27 18:00:00,1002.4,NA,35.6,44,NA
2021-02-27 21:00:00,1001.3,NA,34,51,NA
2021-03-02 12:00:00,NA,1008.4,26.4,81,NA
2021-03-02 15:00:00,NA,1009.3,32,61,NA
2021-03-02 18:00:00,998.5,1006.6,35.6,46,NA
2021-03-02 21:00:00,996.8,1004.9,34,51,NA
2021-03-03 00:00:00,NA,1008.1,23,96,NA
2021-03-04 00:00:00,1000.4,NA,NA,NA,NA
2021-03-04 12:00:00,1000.6,1008.9,23.2,96,NA
2021-03-04 15:00:00,1000.8,1009,27,81,NA
2021-03-04 18:00:00,1000.2,1008.4,28.8,72,NA
2021-03-04 21:00:00,997.4,1005.7,23.6,90,NA
2021-03-05 00:00:00,NA,1006.7,23.2,96,NA
2021-03-06 00:00:00,998,NA,NA,NA,NA
2021-03-06 12:00:00,1001.2,1009.5,24.2,80,NA
2021-03-06 15:00:00,1000.8,1009,30,53,NA
2021-03-06 18:00:00,999.3,1007.5,31.4,47,NA
2021-03-06 21:00:00,998.9,1007.2,29.6,49,NA
2021-03-07 00:00:00,1000.6,NA,NA,NA,NA
2021-03-08 12:00:00,1002.4,1010.7,21.4,83,NA
2021-03-08 15:00:00,1002.6,1010.9,30.8,42,NA
2021-03-08 18:00:00,1001.7,1009.9,33,40,NA
2021-03-08 21:00:00,1001.4,1009.7,31.6,46,NA
2021-03-09 00:00:00,NA,1009.4,23,75,NA
2021-03-09 21:00:00,1000,NA,NA,NA,NA
2021-03-10 12:00:00,1002.5,1010.9,19.8,81,NA
2021-03-10 15:00:00,1000.9,1009.2,32,42,NA
2021-03-10 18:00:00,999.4,1007.7,33.6,35,NA
2021-03-10 21:00:00,998.2,1006.6,30,52,NA
2021-03-11 00:00:00,NA,1006.8,24,72,NA
2021-03-12 00:00:00,1000.4,NA,NA,NA,NA
2021-03-12 09:00:00,1002.6,1011,15.2,89,NA
2021-03-12 12:00:00,1003.3,1011.6,24.8,66,NA
2021-03-12 15:00:00,1003.3,1011.6,31.2,39,NA
2021-03-12 18:00:00,1000.9,1009.1,33.2,31,NA
2021-03-12 21:00:00,1001.6,1009.9,32,35,NA
2021-03-13 00:00:00,NA,1010.5,25,75,NA
2021-03-15 12:00:00,1003,NA,23.8,76,NA
2021-03-15 15:00:00,1001.8,NA,35.8,39,NA
2021-03-16 09:00:00,NA,1006,18.9,89,NA
2021-03-16 12:00:00,NA,1006.5,28.8,61,NA
2021-03-16 15:00:00,NA,1006,34.8,46,NA
2021-03-16 18:00:00,NA,1002.8,37.8,37,NA
2021-03-16 21:00:00,NA,1002.1,34.6,43,NA
2021-03-17 00:00:00,998.5,NA,20.8,94,NA
2021-03-17 09:00:00,1001,NA,20.9,96,NA
2021-03-18 09:00:00,NA,1013,18.8,92,NA
2021-03-18 12:00:00,NA,1014.1,20.6,81,NA
2021-03-18 15:00:00,NA,1014.4,25.4,61,NA
2021-03-18 18:00:00,NA,1012,28,57,NA
2021-03-18 21:00:00,NA,1010.4,26.2,60,NA
2021-03-19 00:00:00,1002.1,NA,20.6,83,NA
2021-03-19 15:00:00,1003.2,NA,28.2,62,NA
2021-03-19 18:00:00,1000.5,NA,31.2,48,NA
2021-03-19 21:00:00,999.4,NA,30.2,60,NA
2021-03-20 09:00:00,NA,1008.4,23.2,95,NA
2021-03-20 12:00:00,NA,1009.4,27.8,70,NA
2021-03-20 15:00:00,NA,1010.7,31.6,56,NA
2021-03-20 18:00:00,NA,1007.9,34.6,52,NA
2021-03-20 21:00:00,NA,1006.5,32,53,NA
2021-03-21 00:00:00,999.3,NA,28,84,NA
2021-03-22 09:00:00,NA,1015,20.2,99,NA
2021-03-22 12:00:00,NA,1015.9,22,93,NA
2021-03-22 15:00:00,NA,1015.2,25,86,NA
2021-03-22 18:00:00,NA,1013.5,26.6,80,NA
2021-03-22 21:00:00,NA,1012.4,26.6,83,NA
2021-03-23 00:00:00,1005,NA,24.6,91,NA
2021-03-23 09:00:00,1004.5,NA,22.2,98,NA
2021-03-23 12:00:00,1005.3,NA,23.9,92,NA
2021-03-23 15:00:00,1006,NA,26.2,84,NA
2021-03-23 18:00:00,1004.2,NA,28,77,NA
2021-03-23 21:00:00,1003,NA,28.2,74,NA
2021-03-24 09:00:00,NA,1011.9,20.1,99,NA
2021-03-24 12:00:00,NA,1013.2,24.3,92,NA
2021-03-24 15:00:00,NA,1013.2,30.8,66,NA
2021-03-24 18:00:00,NA,1010.8,33.2,58,NA
2021-03-24 21:00:00,NA,1009.4,31.6,66,NA
2021-03-25 00:00:00,1002.5,NA,26.4,85,NA
2021-03-25 09:00:00,1002.2,NA,21.6,94,NA
2021-03-25 12:00:00,1001.7,NA,26.8,75,NA
2021-03-25 15:00:00,1001.7,NA,32.2,64,NA
2021-03-25 18:00:00,999.3,NA,35.2,53,NA
2021-03-25 21:00:00,998.9,NA,27.8,88,NA
2021-03-26 09:00:00,NA,1007.1,24.8,79,NA
2021-03-26 12:00:00,NA,1009,26.2,80,NA
2021-03-26 15:00:00,NA,1009.4,29.6,75,NA
2021-03-26 18:00:00,NA,1009.2,24.6,85,NA
2021-03-26 21:00:00,NA,1009.5,23.2,90,NA
2021-03-27 00:00:00,1002,NA,21,94,NA
2021-03-27 09:00:00,1001.8,NA,20,100,NA
2021-03-27 12:00:00,1002.4,NA,20.2,100,NA
2021-03-27 15:00:00,1002.5,NA,20,100,NA
2021-03-27 18:00:00,1001.8,NA,20.8,98,NA
2021-03-27 21:00:00,1000.4,NA,20.2,98,NA
2021-03-28 00:00:00,1002,NA,20.2,98,NA
2021-03-29 09:00:00,1005,NA,15.6,98,NA
2021-03-29 12:00:00,1005.8,NA,18.8,83,NA
2021-03-29 15:00:00,1006.5,NA,22.4,69,NA
2021-03-29 18:00:00,1005.6,NA,24,67,NA
2021-03-29 21:00:00,1004.5,NA,23.2,71,NA
2021-03-30 09:00:00,NA,1013.2,16.4,90,NA
2021-03-30 12:00:00,NA,1014.4,19.8,83,NA
2021-03-30 15:00:00,NA,1014.4,26.4,60,NA
2021-03-30 18:00:00,NA,1012.8,27,56,NA
2021-03-30 21:00:00,NA,1011.5,24.4,74,NA
2021-03-31 00:00:00,1002.5,NA,22.1,89,NA
2021-03-31 09:00:00,1003.6,NA,15.2,98,NA
2021-03-31 15:00:00,1005.7,NA,27.2,57,NA
2021-03-31 18:00:00,1003.6,NA,27.8,52,NA
2021-03-31 21:00:00,1001.7,NA,26,65,NA
2021-04-01 09:00:00,NA,1012.8,14,99,NA
2021-04-01 12:00:00,NA,1013.8,19.1,82,NA
2021-04-01 15:00:00,NA,1013.8,26.4,60,NA
2021-04-01 18:00:00,NA,1011.3,28,45,NA
2021-04-01 21:00:00,1002.5,NA,26,58,NA
2021-04-02 00:00:00,1003.6,NA,19.8,76,NA
2021-04-02 09:00:00,1005,NA,14.4,97,NA
2021-04-02 12:00:00,1005.6,NA,19.4,79,NA
2021-04-02 15:00:00,1006,NA,26.4,62,NA
2021-04-02 18:00:00,1003.8,NA,29,48,NA
2021-04-02 21:00:00,1003.3,NA,25.2,62,NA
2021-04-03 09:00:00,NA,1013.8,15.9,94,NA
2021-04-03 12:00:00,NA,1014.3,20.2,89,NA
2021-04-03 15:00:00,NA,1014.5,29.2,57,NA
2021-04-03 18:00:00,NA,1012,30.4,53,NA
2021-04-03 21:00:00,NA,1011.5,27,70,NA
2021-04-04 00:00:00,1004.1,NA,22.5,91,NA
2021-04-05 09:00:00,NA,1011.6,21,96,NA
2021-04-05 12:00:00,NA,1012.7,23.6,95,NA
2021-04-05 15:00:00,NA,1013.6,24.2,83,NA
2021-04-05 18:00:00,NA,1012.1,22.6,95,NA
2021-04-05 21:00:00,NA,1012,21,100,NA
2021-04-06 00:00:00,1005.3,NA,20.8,100,NA
2021-04-06 09:00:00,1004.5,NA,20.1,98,NA
2021-04-06 12:00:00,1006.5,NA,21.2,96,NA
2021-04-06 15:00:00,1005.8,NA,26.6,78,NA
2021-04-06 18:00:00,1003.8,NA,29.6,52,NA
2021-04-06 21:00:00,1003.3,NA,27,68,NA
2021-04-07 09:00:00,NA,1013.4,18.5,99,NA
2021-04-07 12:00:00,NA,1013.6,21,95,NA
2021-04-07 15:00:00,NA,1014.3,27.4,67,NA
2021-04-07 18:00:00,NA,1012,30.6,62,NA
2021-04-07 21:00:00,NA,1011.1,27.2,73,NA
2021-04-08 00:00:00,NA,1011.9,23.4,90,NA
2021-04-08 15:00:00,1004.9,NA,28.8,59,NA
2021-04-08 18:00:00,1002.1,NA,31,53,NA
2021-04-08 21:00:00,1001.8,NA,28.8,73,NA
2021-04-09 09:00:00,NA,1011.8,22.8,96,NA
2021-04-09 12:00:00,NA,1011.6,26.4,74,NA
2021-04-09 15:00:00,NA,1012.3,30.2,59,NA
2021-04-09 18:00:00,NA,1009.6,32.8,53,NA
2021-04-09 21:00:00,NA,1009.1,30.4,65,NA
2021-04-10 00:00:00,NA,1009.9,25.6,89,NA
2021-04-13 09:00:00,NA,1016.7,14,99,NA
2021-04-13 12:00:00,1008.9,1017.4,18,87,NA
2021-04-13 15:00:00,1009.3,1017.9,23.2,67,NA
2021-04-13 18:00:00,1006.9,1015.3,28.2,55,NA
2021-04-13 21:00:00,1005.8,1014.2,25,76,NA
2021-04-14 00:00:00,NA,1015,20.6,87,NA
2021-04-15 00:00:00,1003,NA,NA,NA,NA
2021-04-15 09:00:00,1004.2,1012.4,21,99,NA
2021-04-15 12:00:00,1004,1012.2,24.8,89,NA
2021-04-15 15:00:00,1004.1,1012.4,28.2,71,NA
2021-04-15 18:00:00,1002.5,1010.8,26.4,78,NA
2021-04-15 21:00:00,1002.5,1010.8,23.4,86,NA
2021-04-16 00:00:00,NA,1010.2,21,99,NA
2021-04-17 00:00:00,1002,NA,NA,NA,NA
2021-04-17 09:00:00,1004,1012.2,17.1,99,NA
2021-04-17 12:00:00,1004.6,1013,19.4,99,NA
2021-04-17 15:00:00,1004.9,1013.2,28,64,NA
2021-04-17 18:00:00,1003,1011.3,30,59,NA
2021-04-17 21:00:00,1002.2,1010.4,26.8,71,NA
2021-04-18 00:00:00,1003.3,NA,NA,NA,NA
2021-04-19 09:00:00,1005.4,1013.8,16.4,98,NA
2021-04-19 12:00:00,1006.6,1015,20.4,95,NA
2021-04-19 15:00:00,1006.9,1015.3,26.6,68,NA
2021-04-19 18:00:00,1005.2,1013.6,29.4,60,NA
2021-04-19 21:00:00,1004,1012.4,25,79,NA
2021-04-20 00:00:00,NA,1012.8,21.4,91,NA
2021-04-21 00:00:00,1003.8,NA,NA,NA,NA
2021-04-21 09:00:00,1003.7,1012,16,98,NA
2021-04-21 12:00:00,1005.6,1013.9,19.8,98,NA
2021-04-21 15:00:00,1006,1014.4,27.6,64,NA
2021-04-21 18:00:00,1004,1012.4,30.6,54,NA
2021-04-21 21:00:00,1002.9,1011.2,25.4,75,NA
2021-04-22 00:00:00,NA,1013.2,21.2,91,NA
2021-04-23 00:00:00,1003.2,NA,NA,NA,NA
2021-04-23 09:00:00,NA,1010.6,19.2,92,NA
2021-04-23 12:00:00,NA,1011.4,21.2,89,NA
2021-04-23 15:00:00,NA,1010.5,28.2,56,NA
2021-04-23 18:00:00,NA,1008.1,30,53,NA
2021-04-23 21:00:00,NA,1007.6,26.7,71,NA
2021-04-24 00:00:00,NA,1009.6,24,85,NA
2021-04-27 09:00:00,NA,1017.4,10.2,99,NA
2021-04-27 12:00:00,NA,1018.8,14,92,NA
2021-04-27 15:00:00,NA,1018.3,21.4,55,NA
2021-04-27 18:00:00,NA,1016.1,24,61,NA
2021-04-27 21:00:00,NA,1015,19.8,63,NA
2021-04-28 00:00:00,1007.7,NA,14,89,NA
2021-04-28 09:00:00,1009.6,NA,9.4,100,NA
2021-04-28 12:00:00,1009.6,NA,12.6,95,NA
2021-04-28 15:00:00,1010.9,NA,21.2,59,NA
2021-04-28 18:00:00,1009.6,NA,24,51,NA
2021-04-28 21:00:00,1009.7,NA,20,67,NA
2021-04-29 09:00:00,NA,1019.6,8.4,97,NA
2021-04-29 12:00:00,NA,1021.6,12.5,92,NA
2021-04-29 15:00:00,NA,1020.9,22,61,NA
2021-04-29 18:00:00,NA,1018.8,26,40,NA
2021-04-29 21:00:00,NA,1018.2,20.4,70,NA
2021-04-30 00:00:00,1010.6,NA,15,85,NA
2021-04-30 09:00:00,1009.2,NA,10.2,97,NA
2021-04-30 12:00:00,1010.8,NA,13.4,94,NA
2021-04-30 15:00:00,1010.6,NA,25,54,NA
2021-04-30 18:00:00,1008.6,NA,27,50,NA
2021-04-30 21:00:00,1006.6,NA,23,74,NA
2021-05-01 09:00:00,NA,1017.1,12.4,99,NA
2021-05-01 12:00:00,NA,1017.1,17.2,94,NA
2021-05-01 15:00:00,NA,1015.7,25.8,57,NA
2021-05-01 18:00:00,NA,1013.7,28,57,NA
2021-05-01 21:00:00,NA,1013.2,24.2,76,NA
2021-05-02 00:00:00,1004.9,NA,19.6,86,NA
2021-05-03 09:00:00,NA,1010.2,20.2,98,NA
2021-05-03 12:00:00,NA,1011.4,24,76,NA
2021-05-03 15:00:00,NA,1011.1,29.6,57,NA
2021-05-03 18:00:00,NA,1008.7,31.6,51,NA
2021-05-03 21:00:00,NA,1007.6,29.2,64,NA
2021-05-04 00:00:00,1000.5,NA,25.6,71,NA
2021-05-04 09:00:00,1001.2,NA,22.4,96,NA
2021-05-04 12:00:00,1001.8,NA,24.7,64,NA
2021-05-04 15:00:00,1003.4,NA,27.2,68,NA
2021-05-04 18:00:00,1004.4,NA,24.6,87,NA
2021-05-04 21:00:00,1004.9,NA,22.2,91,NA
2021-05-05 09:00:00,NA,1015.2,12.6,100,NA
2021-05-05 12:00:00,NA,1016,13.8,100,NA
2021-05-05 15:00:00,NA,1017.2,15,98,NA
2021-05-05 18:00:00,NA,1015.6,15.4,100,NA
2021-05-05 21:00:00,NA,1015.4,15.2,98,NA
2021-05-06 00:00:00,1009,NA,15,89,NA
2021-05-06 12:00:00,1014.9,NA,11.8,97,NA
2021-05-06 15:00:00,1014,NA,14.8,80,NA
2021-05-06 18:00:00,1013,NA,18.6,57,NA
2021-05-06 21:00:00,1012.4,NA,14.6,76,NA
2021-05-07 09:00:00,NA,1021.8,6.4,97,NA
2021-05-07 12:00:00,NA,1024.4,11,92,NA
2021-05-07 15:00:00,NA,1024.3,17.2,69,NA
2021-05-07 18:00:00,NA,1021.6,20.2,55,NA
2021-05-07 21:00:00,NA,1021.1,15.1,78,NA
2021-05-08 00:00:00,1014,NA,12,94,NA
2021-05-08 09:00:00,1013.3,NA,7,98,NA
2021-05-08 12:00:00,1014.6,NA,10.8,94,NA
2021-05-08 15:00:00,1013.7,NA,20.2,66,NA
2021-05-08 18:00:00,1011.7,NA,23.6,60,NA
2021-05-08 21:00:00,1010,NA,18,84,NA
2021-05-09 00:00:00,1010.9,NA,15.8,91,NA
2021-05-10 12:00:00,1009,NA,17.8,96,NA
2021-05-10 15:00:00,1009.7,NA,22.4,81,NA
2021-05-10 18:00:00,1007.7,NA,24.2,69,NA
2021-05-10 21:00:00,1007.7,NA,18.8,82,NA
2021-05-11 09:00:00,NA,1017,14.6,93,NA
2021-05-11 12:00:00,NA,1018,15,96,NA
2021-05-11 15:00:00,NA,1019.3,15.8,94,NA
2021-05-11 18:00:00,NA,1017.5,15.8,90,NA
2021-05-11 21:00:00,NA,1017.6,14.6,90,NA
2021-05-12 00:00:00,1009.8,NA,13,90,NA
2021-05-12 12:00:00,1012.1,NA,9.2,92,NA
2021-05-12 15:00:00,1012.1,NA,17.2,59,NA
2021-05-12 18:00:00,1010.4,NA,20.2,47,NA
2021-05-12 21:00:00,1009.8,NA,15,78,NA
2021-05-13 09:00:00,NA,1018.7,6,99,NA
2021-05-13 12:00:00,NA,1019.6,9.6,97,NA
2021-05-13 15:00:00,NA,1020.4,20,63,NA
2021-05-13 18:00:00,NA,1018.7,23.2,51,NA
2021-05-13 21:00:00,1008,NA,17.6,78,NA
2021-05-14 00:00:00,1010.6,NA,12.4,90,NA
2021-05-14 09:00:00,1009,NA,9.8,92,NA
2021-05-14 12:00:00,1010.9,NA,10.4,97,NA
2021-05-14 15:00:00,1009.8,NA,21.6,59,NA
2021-05-14 18:00:00,1007.3,NA,25,54,NA
2021-05-14 21:00:00,1006.6,NA,19.6,81,NA
2021-05-15 09:00:00,NA,1016.2,14.8,100,NA
2021-05-15 12:00:00,NA,1016.7,16.8,96,NA
2021-05-15 15:00:00,NA,1017.1,25.4,62,NA
2021-05-15 18:00:00,NA,1015.6,26.2,58,NA
2021-05-15 21:00:00,NA,1015.1,21.6,74,NA
2021-05-16 00:00:00,1007.6,NA,17.4,89,NA
2021-05-17 09:00:00,NA,1016.7,15.5,100,NA
2021-05-17 12:00:00,NA,1018.2,17.4,94,NA
2021-05-17 15:00:00,NA,1018.1,23.8,66,NA
2021-05-17 18:00:00,NA,1016.5,25.4,56,NA
2021-05-17 21:00:00,NA,1016.1,20.6,75,NA
2021-05-18 00:00:00,1009,NA,17,89,NA
2021-05-18 09:00:00,1008.6,NA,9.2,98,NA
2021-05-18 12:00:00,1009.4,NA,12.1,98,NA
2021-05-18 15:00:00,1009.7,NA,22,63,NA
2021-05-18 18:00:00,1007.3,NA,23.8,48,NA
2021-05-18 21:00:00,1005.8,NA,18.9,81,NA
2021-05-19 09:00:00,NA,1013,10.2,100,NA
2021-05-19 12:00:00,NA,1013.4,14.8,98,NA
2021-05-19 15:00:00,NA,1013.6,21.6,84,NA
2021-05-19 18:00:00,NA,1010.7,24.2,66,NA
2021-05-19 21:00:00,NA,1009.5,23,72,NA
2021-05-20 00:00:00,1002.8,NA,18,88,NA
2021-05-20 09:00:00,1002,NA,14.2,89,NA
2021-05-20 12:00:00,1003.7,NA,15.8,81,NA
2021-05-20 15:00:00,1002,NA,24.6,62,NA
2021-05-20 18:00:00,1000.9,NA,21.4,64,NA
2021-05-20 21:00:00,998.8,NA,19.2,82,NA
2021-05-21 09:00:00,NA,1005.4,19,94,NA
2021-05-21 12:00:00,NA,1003.6,21.2,79,NA
2021-05-21 15:00:00,NA,1003.2,21,91,NA
2021-05-21 18:00:00,NA,1000.9,20.6,95,NA
2021-05-21 21:00:00,NA,1000.6,20.4,96,NA
2021-05-22 00:00:00,995,NA,18.2,96,NA
2021-05-22 09:00:00,1001.3,NA,19.1,89,NA
2021-05-22 12:00:00,1002.9,NA,14,84,NA
2021-05-22 15:00:00,1003.8,NA,15.6,81,NA
2021-05-22 18:00:00,1002.1,NA,18.8,63,NA
2021-05-22 21:00:00,1002.1,NA,15,76,NA
2021-05-25 09:00:00,NA,1018.3,10,95,NA
2021-05-25 12:00:00,NA,1019.6,13.2,75,NA
2021-05-25 15:00:00,NA,1019.7,20,59,NA
2021-05-25 18:00:00,NA,1017.7,22,55,NA
2021-05-25 21:00:00,NA,1017.1,16.8,82,NA
2021-05-26 00:00:00,NA,1018.3,12.2,91,NA
2021-05-27 09:00:00,NA,1013.9,8.4,99,NA
2021-05-27 12:00:00,NA,1014.8,13.8,91,NA
2021-05-27 15:00:00,1005.4,1014,24,61,NA
2021-05-27 18:00:00,1001.2,1009.6,26.6,51,NA
2021-05-27 21:00:00,1000.1,1008.4,21,81,NA
2021-05-28 00:00:00,NA,1007.2,17.4,88,NA
2021-05-29 00:00:00,993,NA,NA,NA,NA
2021-05-29 09:00:00,NA,1007.3,17.9,99,NA
2021-05-29 12:00:00,1002.2,1010.7,17.4,98,NA
2021-05-29 15:00:00,1003.7,1012,21.4,59,NA
2021-05-29 18:00:00,1003.8,1012.1,23.8,40,NA
2021-05-29 21:00:00,1004.6,1013.1,20.2,52,NA
2021-05-30 00:00:00,1006.9,NA,NA,NA,NA
2021-05-31 09:00:00,1010.4,1019.1,4,100,NA
2021-05-31 12:00:00,1010.8,1019.3,5.8,94,NA
2021-05-31 15:00:00,1011.3,1019.9,18,54,NA
2021-05-31 18:00:00,1008.9,1017.5,23.2,36,NA
2021-05-31 21:00:00,1007.6,1016.1,17.6,60,NA
2021-06-01 00:00:00,NA,1016.8,11.4,83,NA
2021-06-02 00:00:00,999.8,NA,NA,NA,NA
2021-06-02 09:00:00,1001.3,1009.7,16.6,84,NA
2021-06-02 12:00:00,1003.2,1011.6,19.4,92,NA
2021-06-02 15:00:00,1003.8,1012.3,22.4,83,NA
2021-06-02 18:00:00,1003.2,1011.6,27,66,NA
2021-06-02 21:00:00,1004.2,1012.7,23.9,67,NA
2021-06-03 00:00:00,NA,1013.6,18.6,87,NA
2021-06-04 00:00:00,1002.8,NA,NA,NA,NA
2021-06-04 09:00:00,997.6,1012.7,19.6,95,NA
2021-06-04 12:00:00,1004.1,1012.6,21.8,81,NA
2021-06-04 15:00:00,1003.7,1012.1,28,59,NA
2021-06-04 18:00:00,1001,1009.2,30.6,49,NA
2021-06-04 21:00:00,999.8,1008.1,26.2,65,NA
2021-06-05 00:00:00,NA,1008.7,24,71,NA
2021-06-06 00:00:00,1003.4,NA,18.2,92,NA
2021-06-08 00:00:00,1006.2,NA,NA,NA,NA
2021-06-08 09:00:00,NA,1013.9,17,100,NA
2021-06-08 12:00:00,NA,1014.2,18.2,98,NA
2021-06-08 15:00:00,NA,1014.2,21,91,NA
2021-06-08 18:00:00,NA,1013.1,20,91,NA
2021-06-08 21:00:00,NA,1013,18.8,89,NA
2021-06-09 00:00:00,NA,1014.5,15,98,NA
2021-06-10 00:00:00,1004,NA,NA,NA,NA
2021-06-10 09:00:00,1004.8,1013.3,17,100,NA
2021-06-10 12:00:00,1005.2,1013.6,17.8,99,NA
2021-06-10 15:00:00,1007.7,1016.3,18.4,96,NA
2021-06-10 18:00:00,1006.8,1015.2,21,86,NA
2021-06-10 21:00:00,1007.6,1016.1,19.6,89,NA
2021-06-11 00:00:00,NA,1018.1,16,96,NA
2021-06-12 00:00:00,1011.8,NA,NA,NA,NA
2021-06-12 09:00:00,1011.4,1020,9,97,NA
2021-06-12 15:00:00,1012.1,1020.7,20,66,NA
2021-06-12 18:00:00,1010.1,1018.7,21,60,NA
2021-06-12 21:00:00,1009.4,1018,17,87,NA
2021-06-13 00:00:00,1009,NA,NA,NA,NA
2021-06-14 09:00:00,1008.8,1017.3,10.6,100,NA
2021-06-14 12:00:00,1009.4,1018,14.8,93,NA
2021-06-14 15:00:00,1010.1,1018.7,23,67,NA
2021-06-14 18:00:00,1008,1016.4,24.2,59,NA
2021-06-14 21:00:00,1007.6,1016,20,81,NA
2021-06-15 00:00:00,NA,1018.1,14.6,91,NA
2021-06-16 09:00:00,NA,1021.3,8,97,NA
2021-06-16 12:00:00,NA,1022.5,8.2,97,NA
2021-06-16 15:00:00,1014.4,1022.9,13.4,71,NA
2021-06-16 18:00:00,1012.5,1021.1,16,62,NA
2021-06-16 21:00:00,1013.3,1021.9,12.8,70,NA
2021-06-17 00:00:00,NA,1022.7,11.4,72,NA
2021-06-18 00:00:00,1014.2,NA,NA,NA,NA
2021-06-18 09:00:00,1014.1,1022.8,9,87,NA
2021-06-18 12:00:00,1014.8,1023.5,9,84,NA
2021-06-18 15:00:00,1013.4,1022.1,15.2,57,NA
2021-06-18 18:00:00,1011.7,1020.3,16,60,NA
2021-06-18 21:00:00,1010.9,1019.6,14,74,NA
2021-06-19 00:00:00,NA,1020.3,12.4,84,NA
2021-06-20 00:00:00,1011,NA,14.2,93,NA
2021-06-22 00:00:00,1010,NA,NA,NA,NA
2021-06-22 09:00:00,1010.6,1019.1,10.4,100,NA
2021-06-22 12:00:00,1011.4,1020.1,11.4,100,NA
2021-06-22 15:00:00,NA,1020.3,14.6,96,NA
2021-06-22 18:00:00,NA,1017.5,17.9,78,NA
2021-06-22 21:00:00,NA,1016.3,17.2,86,NA
2021-06-23 00:00:00,NA,1016.7,15,100,NA
2021-06-24 00:00:00,998.2,NA,NA,NA,NA
2021-06-24 09:00:00,NA,1008.1,16.4,98,NA
2021-06-24 12:00:00,1000.9,1009.3,16.8,100,NA
2021-06-24 15:00:00,1003.4,1011.9,17.2,88,NA
2021-06-24 18:00:00,1002.8,1011.1,17.4,84,NA
2021-06-24 21:00:00,1004.5,1013.1,16.2,85,NA
2021-06-25 00:00:00,NA,1014.8,12.6,96,NA
2021-06-26 00:00:00,1001.8,NA,NA,NA,NA
2021-06-26 09:00:00,NA,1008.4,16,100,NA
2021-06-26 12:00:00,NA,1007.9,18.2,98,NA
2021-06-26 15:00:00,NA,1008.3,19,96,NA
2021-06-26 18:00:00,NA,1007.7,15.6,94,NA
2021-06-26 21:00:00,NA,1008.5,13.6,93,NA
2021-06-27 00:00:00,NA,1012.1,13,96,NA
2021-06-28 09:00:00,NA,1026.7,4.2,87,NA
2021-06-28 12:00:00,NA,1027.3,4.7,84,NA
2021-06-28 15:00:00,NA,1028.9,10.4,63,NA
2021-06-28 18:00:00,NA,1027.5,12.6,45,NA
2021-06-28 21:00:00,NA,1027.6,9.4,55,NA
2021-06-29 00:00:00,NA,1027.5,7.2,80,NA
2021-06-30 00:00:00,1018.8,NA,NA,NA,NA
2021-06-30 09:00:00,1019.3,1028,2.2,97,NA
2021-06-30 12:00:00,1019.6,1028.3,5.4,91,NA
2021-06-30 15:00:00,1019.2,1027.9,12.4,66,NA
2021-06-30 18:00:00,1016.4,1025.1,14.5,57,NA
2021-06-30 21:00:00,1015,1023.7,10.8,85,NA
2021-07-01 00:00:00,NA,1023.3,7,92,NA
