2021-01-07 00:00:00,977.6,NA,NA,NA,NA
2021-01-07 12:00:00,977.8,1012.4,20.8,95,NA
2021-01-07 18:00:00,977.6,1012.1,27.8,79,NA
2021-01-08 00:00:00,NA,1011.6,25.8,84,NA
2021-01-09 00:00:00,974.8,NA,NA,NA,NA
2021-01-09 12:00:00,976.1,1010.1,27.4,57,NA
2021-01-09 18:00:00,973.4,1007.6,30.8,73,NA
2021-01-10 00:00:00,974.8,NA,NA,NA,NA
2021-01-11 12:00:00,976.8,1012.4,28.6,67,NA
2021-01-11 18:00:00,973.7,1007.4,34.8,50,NA
2021-01-12 00:00:00,NA,1007.7,29.8,75,NA
2021-01-13 00:00:00,978.8,NA,NA,NA,NA
2021-01-13 12:00:00,980,1014.7,23.2,90,NA
2021-01-13 18:00:00,978.8,1012.8,31.8,68,NA
2021-01-14 00:00:00,NA,1013.1,25.8,78,NA
2021-01-15 00:00:00,977.4,NA,NA,NA,NA
2021-01-15 12:00:00,978.4,1012.4,26.8,67,NA
2021-01-15 18:00:00,974.4,1008.3,32.2,60,NA
2021-01-16 00:00:00,NA,1004.5,28.2,78,NA
2021-01-17 00:00:00,974.4,NA,22,98,NA
2021-01-19 12:00:00,NA,1014.1,21.2,82,NA
2021-01-19 18:00:00,NA,1011.6,29.4,84,NA
2021-01-20 00:00:00,NA,1011.2,25,89,NA
2021-01-21 12:00:00,NA,1013.3,24.6,88,NA
2021-01-21 18:00:00,NA,1013,26.8,84,NA
2021-01-22 00:00:00,NA,1014.8,21.8,98,NA
2021-01-23 12:00:00,NA,1016.4,23.8,86,NA
2021-01-23 18:00:00,NA,1013.3,26.2,92,NA
2021-01-24 00:00:00,NA,1011.7,23.6,98,NA
2021-01-25 12:00:00,NA,1013.6,23.2,91,NA
2021-01-25 18:00:00,NA,1009.3,21.8,98,NA
2021-01-26 00:00:00,NA,1012.5,22.8,96,NA
2021-01-26 12:00:00,973.4,NA,23.8,86,NA
2021-01-26 18:00:00,970.6,NA,23.8,93,NA
2021-01-27 12:00:00,NA,1004,21.8,100,NA
2021-01-27 18:00:00,NA,1006.5,21.8,100,NA
2021-01-28 00:00:00,NA,1005.2,22.6,95,NA
2021-01-29 12:00:00,NA,1006.3,25.4,94,NA
2021-01-29 18:00:00,NA,1010.4,29.4,71,NA
2021-01-30 00:00:00,NA,1006.3,21.2,93,NA
2021-01-30 18:00:00,972.8,NA,30,69,NA
2021-01-31 00:00:00,975.6,NA,19.6,94,NA
2021-02-04 12:00:00,978.6,1014.8,20.2,92,NA
2021-02-04 18:00:00,979,1013.8,25.8,70,NA
2021-02-05 00:00:00,NA,1013.9,20.8,88,NA
2021-02-05 12:00:00,NA,1014.4,20.8,78,NA
2021-02-05 18:00:00,NA,1010.5,27.8,45,NA
2021-02-06 00:00:00,976.9,1011.7,20.2,80,NA
2021-02-06 12:00:00,979.4,NA,NA,NA,NA
2021-02-06 18:00:00,978.9,NA,NA,NA,NA
2021-02-08 00:00:00,976.6,NA,NA,NA,NA
2021-02-08 12:00:00,NA,1013.5,24.6,79,NA
2021-02-08 18:00:00,NA,1009,33.8,52,NA
2021-02-09 00:00:00,NA,1009.8,27.8,78,NA
2021-02-10 12:00:00,NA,1014.5,20.8,84,NA
2021-02-10 18:00:00,978.1,NA,31.2,49,NA
2021-02-11 00:00:00,978.9,NA,22.8,94,NA
2021-02-11 12:00:00,978.8,NA,21.2,85,NA
2021-02-11 18:00:00,977.3,NA,24.6,63,NA
2021-02-12 12:00:00,NA,1014,20.2,71,NA
2021-02-12 18:00:00,977,NA,24.8,77,NA
2021-02-13 00:00:00,976.1,NA,22.8,92,NA
2021-02-13 12:00:00,978.9,NA,23.2,82,NA
2021-02-13 18:00:00,974.6,NA,30,56,NA
2021-02-14 12:00:00,NA,1010.9,22.8,84,NA
2021-02-14 18:00:00,NA,1006.9,30,69,NA
2021-02-15 00:00:00,972.8,NA,23.2,73,NA
2021-02-15 12:00:00,974.8,NA,22.8,86,NA
2021-02-15 18:00:00,973.2,NA,28.8,65,NA
2021-02-16 12:00:00,NA,1009.1,22.8,84,NA
2021-02-16 18:00:00,NA,1008.2,30.8,49,NA
2021-02-17 00:00:00,975,NA,24.4,72,NA
2021-02-17 12:00:00,976,NA,22.8,76,NA
2021-02-17 18:00:00,974.2,NA,29.8,48,NA
2021-02-18 12:00:00,NA,1010.9,21.8,60,NA
2021-02-18 18:00:00,974.5,NA,28.8,43,NA
2021-02-19 00:00:00,977.3,NA,22,78,NA
2021-02-19 12:00:00,978.8,NA,22.8,76,NA
2021-02-19 18:00:00,976.8,NA,30,49,NA
2021-02-20 12:00:00,NA,1016.4,23,75,NA
2021-02-20 18:00:00,NA,1012.5,31.4,58,NA
2021-02-21 00:00:00,978.4,NA,24.8,62,NA
2021-02-22 12:00:00,NA,1011.2,29.4,63,NA
2021-02-22 18:00:00,NA,1012.9,35.2,46,NA
2021-02-23 00:00:00,974.9,NA,29.6,81,NA
2021-02-23 12:00:00,977,NA,28.6,65,NA
2021-02-23 18:00:00,974.6,NA,33.6,47,NA
2021-02-24 12:00:00,NA,1014.2,21.8,93,NA
2021-02-24 18:00:00,NA,1012.9,30.8,58,NA
2021-02-25 00:00:00,978.4,NA,25.8,85,NA
2021-02-25 12:00:00,980.4,NA,23.8,76,NA
2021-02-25 18:00:00,977.8,NA,31.8,44,NA
2021-02-26 12:00:00,NA,1013.5,22.8,76,NA
2021-02-26 18:00:00,976.6,NA,33.8,46,NA
2021-02-27 00:00:00,977.3,NA,26.8,71,NA
2021-02-27 12:00:00,980.5,NA,25.2,68,NA
2021-02-27 18:00:00,979.3,NA,33.2,44,NA
2021-03-02 12:00:00,976.6,1011,25.8,78,NA
2021-03-02 18:00:00,975.7,1010,28.6,75,NA
2021-03-03 00:00:00,976.6,NA,25.8,90,NA
2021-03-19 12:00:00,1003.2,NA,19.2,86,NA
2021-03-19 15:00:00,1003.2,NA,28.2,62,NA
2021-03-29 12:00:00,981.4,NA,17.8,92,NA
2021-03-29 18:00:00,986.8,NA,24.8,62,NA
2021-03-30 12:00:00,NA,1016.6,17,82,NA
2021-03-30 18:00:00,NA,1015.8,24.8,63,NA
2021-03-31 00:00:00,979,NA,19,93,NA
2021-03-31 12:00:00,980.1,NA,20,81,NA
2021-03-31 18:00:00,978.9,NA,26.8,50,NA
2021-04-01 12:00:00,NA,1016.4,18.8,76,NA
2021-04-01 18:00:00,NA,1013.8,26,49,NA
2021-04-02 00:00:00,977.6,NA,18.8,86,NA
2021-04-02 12:00:00,981.8,NA,19.8,94,NA
2021-04-02 18:00:00,979.7,NA,28,51,NA
2021-04-03 12:00:00,NA,1017.3,20.8,75,NA
2021-04-03 18:00:00,980.2,NA,31,59,NA
2021-04-04 00:00:00,981.7,NA,24.8,77,NA
2021-04-05 12:00:00,NA,1019.4,22.8,76,NA
2021-04-05 18:00:00,NA,1014.5,26.8,64,NA
2021-04-06 00:00:00,980.8,NA,22.8,92,NA
2021-04-06 12:00:00,983.3,NA,20.8,87,NA
2021-04-06 18:00:00,980,NA,25.8,64,NA
2021-04-07 12:00:00,NA,1017.7,21.8,78,NA
2021-04-07 18:00:00,NA,1014.6,29,58,NA
2021-04-08 00:00:00,NA,1015.4,24.8,70,NA
2021-04-08 12:00:00,974.2,NA,24.6,78,NA
2021-04-08 18:00:00,980.9,NA,30.8,54,NA
2021-04-09 12:00:00,NA,1017.6,24.8,70,NA
2021-04-09 18:00:00,NA,1013.1,32.8,68,NA
2021-04-10 00:00:00,NA,1013.4,26.2,75,NA
2021-04-13 12:00:00,983.3,1018.9,14.8,91,NA
2021-04-13 18:00:00,981.8,1016.9,26.2,56,NA
2021-04-14 00:00:00,NA,1017,20.8,84,NA
2021-04-15 00:00:00,980.6,NA,NA,NA,NA
2021-04-15 12:00:00,980.9,1015.8,21,91,NA
2021-04-15 18:00:00,980.2,1015.3,18.8,98,NA
2021-04-16 00:00:00,NA,1015.9,18.8,98,NA
2021-04-17 00:00:00,979,NA,NA,NA,NA
2021-04-17 12:00:00,981.3,1016.4,19.8,92,NA
2021-04-17 18:00:00,979,1013.8,26.8,78,NA
2021-04-18 00:00:00,978.9,NA,NA,NA,NA
2021-04-19 12:00:00,983,1019.4,20.8,78,NA
2021-04-19 18:00:00,983.4,1018.3,26.8,71,NA
2021-04-20 00:00:00,NA,1015.5,21.4,87,NA
2021-04-21 00:00:00,981,NA,NA,NA,NA
2021-04-21 12:00:00,982.5,1017.5,18.8,77,NA
2021-04-21 18:00:00,981,1015.6,29.8,60,NA
2021-04-22 00:00:00,NA,1016.8,22.8,61,NA
2021-04-22 18:00:00,980.1,NA,NA,NA,NA
2021-04-23 00:00:00,979.7,NA,NA,NA,NA
2021-04-23 12:00:00,NA,1016.5,20,81,NA
2021-04-23 18:00:00,NA,1011.4,23.8,89,NA
2021-04-24 00:00:00,NA,1015.5,21.8,76,NA
2021-04-27 12:00:00,NA,1020.3,13.8,80,NA
2021-04-27 18:00:00,NA,1017.3,22.2,57,NA
2021-04-28 00:00:00,983.7,NA,14.8,80,NA
2021-04-28 12:00:00,986.8,NA,13.8,73,NA
2021-04-28 18:00:00,985.8,NA,22.8,56,NA
2021-04-29 12:00:00,NA,1023.6,14.4,76,NA
2021-04-29 18:00:00,NA,1011.4,23.8,89,NA
2021-04-30 00:00:00,986.2,NA,15,58,NA
2021-04-30 12:00:00,988.2,NA,17.8,63,NA
2021-04-30 18:00:00,984.4,NA,26.8,35,NA
2021-05-01 12:00:00,NA,1019.6,17.2,80,NA
2021-05-01 18:00:00,NA,1016.6,27.8,65,NA
2021-05-02 00:00:00,982.5,NA,18.8,82,NA
2021-05-03 12:00:00,NA,1016.5,22.8,65,NA
2021-05-03 18:00:00,NA,1018.5,30.8,61,NA
2021-05-04 00:00:00,978.9,NA,24.8,62,NA
2021-05-04 12:00:00,983,NA,25,54,NA
2021-05-04 18:00:00,977.2,NA,28.6,48,NA
2021-05-05 12:00:00,NA,1016.7,18,100,NA
2021-05-05 18:00:00,981.3,NA,14.8,100,NA
2021-05-06 00:00:00,981.8,NA,13.8,100,NA
2021-05-06 12:00:00,986.4,NA,11.8,100,NA
2021-05-06 18:00:00,985.2,NA,13.8,82,NA
2021-05-07 12:00:00,NA,1026,8.8,92,NA
2021-05-07 18:00:00,NA,1023.5,18.8,62,NA
2021-05-08 00:00:00,987.2,NA,13,88,NA
2021-05-08 12:00:00,989.4,NA,9.8,89,NA
2021-05-08 18:00:00,987.7,NA,23.8,54,NA
2021-05-09 00:00:00,980.1,NA,16.8,82,NA
2021-05-10 12:00:00,985.8,NA,18.8,92,NA
2021-05-10 18:00:00,983.2,NA,25.8,63,NA
2021-05-11 12:00:00,NA,1019.4,14.8,91,NA
2021-05-11 18:00:00,982.6,NA,14.8,100,NA
2021-05-12 00:00:00,983.7,NA,13,100,NA
2021-05-12 12:00:00,986.4,NA,7.8,97,NA
2021-05-12 18:00:00,986.4,NA,18.6,57,NA
2021-05-13 12:00:00,NA,1022.2,11.8,79,NA
2021-05-13 18:00:00,984.6,NA,22.8,46,NA
2021-05-14 00:00:00,987.7,NA,13.6,82,NA
2021-05-14 12:00:00,986.1,NA,11.8,94,NA
2021-05-15 12:00:00,NA,1022.1,15,59,NA
2021-05-15 18:00:00,983.2,NA,25.8,63,NA
2021-05-19 12:00:00,NA,1018.9,11.8,95,NA
2021-05-19 18:00:00,NA,1017.6,25,55,NA
2021-05-20 00:00:00,977.8,NA,18.8,73,NA
2021-05-20 12:00:00,979.7,NA,17.8,65,NA
2021-05-20 18:00:00,976.5,NA,25.8,56,NA
2021-05-21 12:00:00,NA,1013.7,19.2,78,NA
2021-05-21 18:00:00,NA,1002.8,20.8,93,NA
2021-05-22 00:00:00,970.1,NA,18.2,98,NA
2021-05-22 12:00:00,978.6,NA,14.8,98,NA
2021-05-22 18:00:00,976.4,NA,15.8,73,NA
2021-05-25 12:00:00,NA,1023.3,9,87,NA
2021-05-25 18:00:00,NA,1019.9,21.2,48,NA
2021-05-26 00:00:00,NA,1021.6,11.8,97,NA
2021-05-27 12:00:00,981.2,1017.1,11.8,91,NA
2021-05-27 17:00:00,977.2,NA,NA,NA,NA
2021-05-27 18:00:00,977.2,1012.3,26.8,46,NA
2021-05-28 00:00:00,NA,1010.9,18.8,85,NA
2021-05-29 00:00:00,968.1,NA,NA,NA,NA
2021-05-29 12:00:00,975,1009.9,17,98,NA
2021-05-29 18:00:00,977.8,1013.1,18.8,83,NA
2021-05-30 00:00:00,981.8,NA,NA,NA,NA
2021-05-31 12:00:00,984.9,1022.2,7.8,78,NA
2021-05-31 18:00:00,983.7,1019.6,22.2,37,NA
2021-06-01 00:00:00,NA,1020.7,11.8,97,NA
2021-06-01 18:00:00,977.6,NA,NA,NA,NA
2021-06-02 00:00:00,977.4,NA,NA,NA,NA
2021-06-02 12:00:00,979.2,1014.6,16.8,100,NA
2021-06-02 18:00:00,979.2,1014.2,22.8,84,NA
2021-06-03 00:00:00,NA,1015.9,18.6,94,NA
2021-06-04 00:00:00,981.8,NA,NA,NA,NA
2021-06-04 12:00:00,981.8,1017.2,18.6,84,NA
2021-06-04 18:00:00,980.5,1015.1,28.8,47,NA
2021-06-04 23:00:00,NA,1013.1,18.8,83,NA
2021-06-05 00:00:00,NA,1013.1,18.8,83,NA
2021-06-06 00:00:00,978.4,NA,22.8,84,NA
2021-06-07 18:00:00,983,NA,NA,NA,NA
2021-06-08 00:00:00,980.6,NA,NA,NA,NA
2021-06-08 12:00:00,NA,1017,17,100,NA
2021-06-08 18:00:00,NA,1015.3,17.8,92,NA
2021-06-09 00:00:00,NA,1016.1,13.8,97,NA
2021-06-10 00:00:00,979,NA,NA,NA,NA
2021-06-10 18:00:00,978.9,1013.4,24.8,63,NA
2021-06-11 00:00:00,NA,1018.6,17.2,98,NA
2021-06-12 00:00:00,988.1,NA,NA,NA,NA
2021-06-12 12:00:00,984.8,1021.1,9.8,97,NA
2021-06-12 18:00:00,986,1021.9,19.8,51,NA
2021-06-13 00:00:00,985.3,NA,NA,NA,NA
2021-06-14 12:00:00,985.2,1021.8,17.8,46,NA
2021-06-14 18:00:00,984.4,1019.9,23.8,55,NA
2021-06-15 00:00:00,NA,1021.9,16,98,NA
2021-06-16 12:00:00,987.3,1023.4,10.8,90,NA
2021-06-16 18:00:00,986.2,1022.4,14.8,68,NA
2021-06-17 00:00:00,NA,1023.9,8.8,97,NA
2021-06-17 18:00:00,980.6,NA,NA,NA,NA
2021-06-18 00:00:00,987.4,NA,NA,NA,NA
2021-06-18 12:00:00,988,1024.7,8.8,89,NA
2021-06-18 18:00:00,987.2,1023.4,15.8,71,NA
2021-06-19 00:00:00,NA,1022.4,11.8,91,NA
2021-06-20 00:00:00,985.6,NA,12.2,97,NA
2021-06-22 00:00:00,984.5,NA,NA,NA,NA
2021-06-22 12:00:00,986,1022.2,13.2,97,NA
2021-06-22 18:00:00,NA,1019,19,72,NA
2021-06-23 00:00:00,NA,1018.4,15,98,NA
2021-06-24 00:00:00,978.1,NA,NA,NA,NA
2021-06-24 12:00:00,975.7,1010.7,17.8,73,NA
2021-06-24 18:00:00,978.5,1013.7,19,81,NA
2021-06-25 00:00:00,NA,1016.9,13.8,80,NA
2021-06-26 00:00:00,977.4,NA,NA,NA,NA
2021-06-26 12:00:00,NA,1009.1,21.2,84,NA
2021-06-26 18:00:00,NA,1006.9,24.6,71,NA
2021-06-27 00:00:00,NA,1009,13.8,97,NA
2021-06-28 12:00:00,NA,1030.9,3.8,87,NA
2021-06-28 18:00:00,NA,1028,10.2,60,NA
2021-06-29 00:00:00,NA,1030.6,4.6,90,NA
2021-06-30 00:00:00,980.4,NA,NA,NA,NA
2021-06-30 12:00:00,992.5,1030,4.8,88,NA
2021-06-30 18:00:00,991.2,1028.2,12.2,70,NA
2021-07-01 00:00:00,NA,1025.7,5.8,97,NA
