2021-01-07 00:00:00,909.4,NA,NA,NA,NA
2021-01-07 12:00:00,910.4,1535,22.7,52,NA
2021-01-07 18:00:00,905.4,1495,31,35,NA
2021-01-08 00:00:00,NA,1489,27.7,40,NA
2021-01-09 00:00:00,901.7,NA,NA,NA,NA
2021-01-09 12:00:00,908,1520,22.3,66,NA
2021-01-09 18:00:00,902.1,1464,33.2,33,NA
2021-01-10 00:00:00,NA,1457,28.4,45,NA
2021-01-11 00:00:00,898.2,NA,NA,NA,NA
2021-01-11 12:00:00,902.1,1463,27,64,NA
2021-01-11 18:00:00,898.6,1441,40.5,11,NA
2021-01-12 00:00:00,NA,1466,29.5,52,NA
2021-01-13 00:00:00,909.4,NA,NA,NA,NA
2021-01-13 12:00:00,912.8,1555,19,86,NA
2021-01-13 18:00:00,910.6,1538,25.2,61,NA
2021-01-14 00:00:00,NA,1529,23.2,70,NA
2021-01-15 00:00:00,902.8,NA,NA,NA,NA
2021-01-15 12:00:00,906,1497,23,87,NA
2021-01-15 18:00:00,899.6,1442,36.5,32,NA
2021-01-16 00:00:00,NA,1428,30.6,49,NA
2021-01-17 00:00:00,909.3,NA,NA,NA,NA
2021-01-17 12:00:00,914.6,1571,20.4,51,NA
2021-01-17 18:00:00,NA,1537,28.7,31,NA
2021-01-18 00:00:00,NA,1524,24.7,41,NA
2021-01-19 09:00:00,NA,1542,18.3,66,NA
2021-01-19 10:00:00,NA,1546,17.7,68,NA
2021-01-19 11:00:00,NA,1550,19.3,60,NA
2021-01-19 12:00:00,NA,1553,21.5,53,NA
2021-01-19 13:00:00,NA,1549,23.4,49,NA
2021-01-19 14:00:00,NA,1552,25.5,43,NA
2021-01-19 15:00:00,NA,1552,27.5,40,NA
2021-01-19 16:00:00,NA,1541,29.6,34,NA
2021-01-19 17:00:00,NA,1535,30.4,33,NA
2021-01-19 18:00:00,NA,1522,30.4,34,NA
2021-01-19 19:00:00,NA,1512,33,28,NA
2021-01-19 20:00:00,NA,1507,32.2,32,NA
2021-01-19 21:00:00,NA,1506,33,30,NA
2021-01-19 22:00:00,NA,1507,31.2,32,NA
2021-01-19 23:00:00,NA,1513,29.4,30,NA
2021-01-20 00:00:00,NA,1522,28.2,31,NA
2021-01-21 09:00:00,NA,1554,20,58,NA
2021-01-21 10:00:00,NA,1557,19,57,NA
2021-01-21 11:00:00,NA,1562,19.4,60,NA
2021-01-21 12:00:00,NA,1567,22.5,57,NA
2021-01-21 13:00:00,NA,1567,23.5,51,NA
2021-01-21 14:00:00,NA,1567,24.8,49,NA
2021-01-21 15:00:00,NA,1563,26.7,43,NA
2021-01-21 16:00:00,NA,1559,28,41,NA
2021-01-21 17:00:00,NA,1554,30.7,34,NA
2021-01-21 18:00:00,NA,1544,32.6,29,NA
2021-01-21 19:00:00,NA,1535,33.8,27,NA
2021-01-21 20:00:00,NA,1526,34.4,26,NA
2021-01-21 21:00:00,NA,1519,34.3,29,NA
2021-01-21 22:00:00,NA,1515,32.3,31,NA
2021-01-21 23:00:00,NA,1523,31.5,30,NA
2021-01-22 00:00:00,NA,1531,30,32,NA
2021-01-23 11:00:00,NA,1543,22,68,NA
2021-01-23 12:00:00,NA,1544,24.5,59,NA
2021-01-23 13:00:00,NA,1543,26.2,56,NA
2021-01-23 14:00:00,NA,1538,28,47,NA
2021-01-23 15:00:00,NA,1532,30,43,NA
2021-01-23 16:00:00,NA,1525,31.5,37,NA
2021-01-23 17:00:00,NA,1516,34.1,32,NA
2021-01-23 18:00:00,NA,1503,35.6,30,NA
2021-01-23 19:00:00,NA,1492,36.6,26,NA
2021-01-23 20:00:00,NA,1480,35.1,28,NA
2021-01-23 21:00:00,NA,1477,36.2,29,NA
2021-01-23 22:00:00,NA,1481,34.6,31,NA
2021-01-23 23:00:00,NA,1482,32.8,34,NA
2021-01-24 00:00:00,NA,1489,31.2,35,NA
2021-01-25 09:00:00,NA,1482,21.7,84,NA
2021-01-25 10:00:00,NA,1484,20.8,86,NA
2021-01-25 11:00:00,NA,1484,23,77,NA
2021-01-25 12:00:00,NA,1484,24,76,NA
2021-01-25 13:00:00,NA,1484,25,78,NA
2021-01-25 14:00:00,NA,1480,29.2,55,NA
2021-01-25 15:00:00,NA,1474,33,44,NA
2021-01-25 16:00:00,NA,1467,33,42,NA
2021-01-25 17:00:00,NA,1460,32.6,44,NA
2021-01-25 18:00:00,NA,1448,34,39,NA
2021-01-25 19:00:00,NA,1435,35.8,31,NA
2021-01-25 20:00:00,NA,1433,36.2,27,NA
2021-01-25 21:00:00,NA,1453,18.8,96,NA
2021-01-25 22:00:00,NA,1459,21,95,NA
2021-01-25 23:00:00,NA,1473,22.2,71,NA
2021-01-26 00:00:00,NA,1496,22.2,69,NA
2021-01-26 15:00:00,905.8,NA,23.3,69,NA
2021-01-26 16:00:00,905.3,NA,23.8,73,NA
2021-01-26 17:00:00,904.2,NA,24.6,59,NA
2021-01-26 18:00:00,903.3,NA,27.2,56,NA
2021-01-26 19:00:00,902.2,NA,29.4,46,NA
2021-01-26 20:00:00,901.4,NA,29.8,43,NA
2021-01-27 09:00:00,NA,1529,17.4,88,NA
2021-01-27 10:00:00,NA,1526,16.7,95,NA
2021-01-27 11:00:00,NA,1517,17.2,92,NA
2021-01-27 12:00:00,NA,1521,18.8,86,NA
2021-01-27 13:00:00,NA,1519,21.4,80,NA
2021-01-27 14:00:00,NA,1516,24,69,NA
2021-01-27 15:00:00,NA,1512,26.6,57,NA
2021-01-27 16:00:00,NA,1498,28.7,46,NA
2021-01-27 17:00:00,NA,1482,31,39,NA
2021-01-27 18:00:00,NA,1482,31,39,NA
2021-01-27 19:00:00,NA,1468,31.5,33,NA
2021-01-27 20:00:00,NA,1454,31.7,32,NA
2021-01-27 21:00:00,NA,1445,31.9,31,NA
2021-01-27 22:00:00,NA,1439,31.2,39,NA
2021-01-27 23:00:00,NA,1438,29.3,47,NA
2021-01-28 00:00:00,NA,1442,26.6,48,NA
2021-01-29 09:00:00,NA,1455,21.8,61,NA
2021-01-29 10:00:00,NA,1462,22,60,NA
2021-01-29 11:00:00,NA,1467,22.8,59,NA
2021-01-29 12:00:00,NA,1470,24,59,NA
2021-01-29 13:00:00,NA,1470,25.4,55,NA
2021-01-29 14:00:00,NA,1470,27,52,NA
2021-01-29 15:00:00,NA,1465,29,45,NA
2021-01-29 16:00:00,NA,1457,30.6,39,NA
2021-01-29 17:00:00,NA,1450,32.6,34,NA
2021-01-29 18:00:00,NA,1438,33,32,NA
2021-01-29 19:00:00,NA,1425,34.7,30,NA
2021-01-29 20:00:00,NA,1414,34.8,29,NA
2021-01-29 21:00:00,NA,1402,34.6,32,NA
2021-01-29 22:00:00,NA,1406,34,37,NA
2021-01-29 23:00:00,NA,1407,31.4,42,NA
2021-01-30 00:00:00,NA,1416,30.9,37,NA
2021-01-31 00:00:00,905.8,NA,NA,NA,NA
2021-01-31 09:00:00,907.3,1508,19.8,75,NA
2021-01-31 10:00:00,908,1513,18.8,77,NA
2021-01-31 11:00:00,908.2,1513,18.2,80,NA
2021-01-31 12:00:00,908.2,1514,18.2,80,NA
2021-01-31 13:00:00,908,1512,19,77,NA
2021-01-31 14:00:00,907.6,1509,19.6,73,NA
2021-01-31 15:00:00,907.2,1506,22,63,NA
2021-01-31 16:00:00,906.6,1499,21.2,67,NA
2021-01-31 17:00:00,905.8,1491,21.4,67,NA
2021-01-31 18:00:00,905.2,1486,22.2,63,NA
2021-01-31 19:00:00,904.9,1483,22.6,61,NA
2021-01-31 20:00:00,904.4,1478,23.1,59,NA
2021-01-31 21:00:00,904.6,1480,23,60,NA
2021-01-31 22:00:00,905.4,1484,21,71,NA
2021-01-31 23:00:00,906.4,1491,19.2,79,NA
2021-02-01 00:00:00,907.4,1501,18.6,82,NA
2021-02-02 00:00:00,908.6,NA,NA,NA,NA
2021-02-02 09:00:00,908.9,1509,13.8,98,NA
2021-02-02 10:00:00,909.7,1516,13.5,97,NA
2021-02-02 11:00:00,910.2,1520,13.5,98,NA
2021-02-02 12:00:00,910.9,1525,13.8,99,NA
2021-02-02 13:00:00,911.2,1528,13.8,99,NA
2021-02-02 14:00:00,911.3,1528,13.8,99,NA
2021-02-02 15:00:00,911,1526,14.6,100,NA
2021-02-02 16:00:00,910.6,1523,15.2,100,NA
2021-02-02 17:00:00,NA,1521,15.5,95,NA
2021-02-02 18:00:00,910.4,1521,15.8,91,NA
2021-02-02 19:00:00,910.4,1522,16.1,92,NA
2021-02-02 20:00:00,910.5,1523,15.9,88,NA
2021-02-02 21:00:00,910.5,1522,16.2,85,NA
2021-02-02 22:00:00,911,1526,16.2,86,NA
2021-02-02 23:00:00,911.8,1534,16.1,86,NA
2021-02-03 00:00:00,NA,1545,15.5,91,NA
2021-02-04 00:00:00,913.8,NA,NA,NA,NA
2021-02-04 09:00:00,915.6,1583,17,79,NA
2021-02-04 10:00:00,915.8,1584,16.2,78,NA
2021-02-04 11:00:00,916.1,1584,16.8,80,NA
2021-02-04 12:00:00,916.2,1588,20.3,68,NA
2021-02-04 13:00:00,916.4,1590,23.3,58,NA
2021-02-04 14:00:00,916.2,1589,25,49,NA
2021-02-04 15:00:00,915.7,1585,26.8,41,NA
2021-02-04 16:00:00,914.8,1579,29,35,NA
2021-02-04 17:00:00,914,1566,29.2,33,NA
2021-02-04 18:00:00,912.9,1556,30.4,30,NA
2021-02-04 19:00:00,912,1554,31.8,30,NA
2021-02-04 20:00:00,911,1545,31.3,29,NA
2021-02-04 21:00:00,910.9,1546,30,29,NA
2021-02-04 22:00:00,911,1541,28.4,34,NA
2021-02-04 23:00:00,911.3,1541,25.3,47,NA
2021-02-05 00:00:00,NA,1553,25,50,NA
2021-02-05 09:00:00,NA,1554,16.8,75,NA
2021-02-05 10:00:00,NA,1543,16,78,NA
2021-02-05 11:00:00,NA,1558,16.8,77,NA
2021-02-05 12:00:00,NA,1561,20,63,NA
2021-02-05 13:00:00,NA,1559,21,59,NA
2021-02-05 14:00:00,NA,1557,23.2,53,NA
2021-02-05 15:00:00,NA,1551,24.8,46,NA
2021-02-05 16:00:00,NA,1542,27,40,NA
2021-02-05 17:00:00,NA,1535,28.8,36,NA
2021-02-05 18:00:00,NA,1522,30.3,33,NA
2021-02-05 19:00:00,NA,1510,31.7,31,NA
2021-02-05 20:00:00,NA,1502,31.9,31,NA
2021-02-05 21:00:00,NA,1497,32,32,NA
2021-02-05 22:00:00,NA,1495,31.2,34,NA
2021-02-05 23:00:00,NA,1500,28.4,42,NA
2021-02-06 00:00:00,907.6,1510,26.2,46,NA
2021-02-06 09:00:00,909,NA,NA,NA,NA
2021-02-06 10:00:00,909.4,NA,NA,NA,NA
2021-02-06 11:00:00,910.1,NA,NA,NA,NA
2021-02-06 12:00:00,910.4,NA,NA,NA,NA
2021-02-06 13:00:00,910.5,NA,NA,NA,NA
2021-02-06 14:00:00,910.2,NA,NA,NA,NA
2021-02-06 15:00:00,909.6,NA,NA,NA,NA
2021-02-06 16:00:00,908.6,NA,NA,NA,NA
2021-02-06 17:00:00,907.8,NA,NA,NA,NA
2021-02-06 18:00:00,906.6,NA,NA,NA,NA
2021-02-06 19:00:00,905.4,NA,NA,NA,NA
2021-02-06 20:00:00,904.9,NA,NA,NA,NA
2021-02-06 21:00:00,904.4,NA,NA,NA,NA
2021-02-06 22:00:00,904.4,NA,NA,NA,NA
2021-02-06 23:00:00,905,NA,NA,NA,NA
2021-02-08 00:00:00,906.6,NA,NA,NA,NA
2021-02-08 09:00:00,NA,1526,22.4,63,NA
2021-02-08 10:00:00,NA,1533,20,82,NA
2021-02-08 11:00:00,NA,1533,19,88,NA
2021-02-08 12:00:00,NA,1541,19,89,NA
2021-02-08 13:00:00,NA,1546,18.2,96,NA
2021-02-08 14:00:00,NA,1548,18.2,96,NA
2021-02-08 15:00:00,NA,1545,17.8,95,NA
2021-02-08 16:00:00,NA,1541,17.6,94,NA
2021-02-08 17:00:00,NA,1538,18.4,83,NA
2021-02-08 18:00:00,NA,1538,18.8,87,NA
2021-02-08 19:00:00,NA,1535,19,86,NA
2021-02-08 20:00:00,NA,1534,19.8,80,NA
2021-02-08 21:00:00,NA,1529,19.8,80,NA
2021-02-08 22:00:00,NA,1532,19,82,NA
2021-02-08 23:00:00,NA,1536,18,81,NA
2021-02-09 00:00:00,NA,1545,18,80,NA
2021-02-10 09:00:00,NA,1553,15.2,96,NA
2021-02-10 10:00:00,NA,1554,14.3,97,NA
2021-02-10 11:00:00,NA,1556,14.4,96,NA
2021-02-10 12:00:00,NA,1564,17.5,79,NA
2021-02-10 13:00:00,NA,1566,19.3,82,NA
2021-02-10 14:00:00,NA,1564,19.4,77,NA
2021-02-10 15:00:00,NA,1561,21.3,71,NA
2021-02-10 16:00:00,NA,1555,22.5,64,NA
2021-02-10 17:00:00,NA,1546,24.8,56,NA
2021-02-10 18:00:00,NA,1541,25.4,54,NA
2021-02-10 19:00:00,NA,1531,25.6,49,NA
2021-02-10 20:00:00,NA,1522,26.6,47,NA
2021-02-10 21:00:00,NA,1515,26.2,49,NA
2021-02-10 23:00:00,NA,1518,23.6,59,NA
2021-02-10 22:00:00,908.6,NA,25,56,NA
2021-02-11 00:00:00,909.8,NA,22.8,57,NA
2021-02-11 09:00:00,910.5,NA,16.2,93,NA
2021-02-11 10:00:00,910.6,NA,15.4,95,NA
2021-02-11 11:00:00,910.6,NA,16.7,83,NA
2021-02-11 12:00:00,910.6,NA,18.5,77,NA
2021-02-11 13:00:00,910.6,NA,20.6,76,NA
2021-02-11 14:00:00,910.2,NA,22.2,66,NA
2021-02-11 15:00:00,909.8,NA,23.8,59,NA
2021-02-11 16:00:00,909,NA,26,51,NA
2021-02-11 17:00:00,908.2,NA,27.6,44,NA
2021-02-11 18:00:00,907.3,NA,28.8,37,NA
2021-02-11 19:00:00,906.2,NA,29.8,34,NA
2021-02-11 20:00:00,905.6,NA,30,34,NA
2021-02-11 21:00:00,904.9,NA,30.3,36,NA
2021-02-11 22:00:00,904.6,NA,29,40,NA
2021-02-11 23:00:00,905.4,NA,26.8,46,NA
2021-02-12 09:00:00,NA,1526,19.6,82,NA
2021-02-12 10:00:00,NA,1524,18.8,80,NA
2021-02-12 11:00:00,NA,1526,18.6,83,NA
2021-02-12 12:00:00,NA,1528,21,71,NA
2021-02-12 13:00:00,NA,1528,24,59,NA
2021-02-12 14:00:00,NA,1527,25.8,52,NA
2021-02-12 15:00:00,NA,1523,27,43,NA
2021-02-12 16:00:00,NA,1519,29.6,34,NA
2021-02-12 17:00:00,NA,1515,21.6,67,NA
2021-02-12 18:00:00,NA,1504,26.4,55,NA
2021-02-12 19:00:00,NA,1495,28.2,43,NA
2021-02-12 20:00:00,NA,1487,29.4,36,NA
2021-02-12 21:00:00,NA,1485,27.8,42,NA
2021-02-12 22:00:00,NA,1489,24.3,53,NA
2021-02-12 23:00:00,NA,1500,23.8,54,NA
2021-02-13 00:00:00,908.6,NA,20.3,75,NA
2021-02-13 09:00:00,908.2,NA,15.5,92,NA
2021-02-13 10:00:00,908.2,NA,16.7,81,NA
2021-02-13 11:00:00,908.4,NA,18.4,72,NA
2021-02-13 12:00:00,908.5,NA,20.5,69,NA
2021-02-13 13:00:00,908.2,NA,23.6,56,NA
2021-02-13 14:00:00,908.4,NA,24.8,53,NA
2021-02-13 15:00:00,907.7,NA,25.6,47,NA
2021-02-13 16:00:00,906.9,NA,26.6,41,NA
2021-02-13 17:00:00,906.2,NA,28.5,38,NA
2021-02-13 18:00:00,905.4,NA,29.7,33,NA
2021-02-13 19:00:00,904.2,NA,30.6,30,NA
2021-02-13 20:00:00,903.6,NA,30.7,30,NA
2021-02-13 21:00:00,903.2,NA,30.7,31,NA
2021-02-13 22:00:00,903,NA,29.9,32,NA
2021-02-14 09:00:00,NA,1496,19,65,NA
2021-02-14 10:00:00,NA,1499,20,58,NA
2021-02-14 11:00:00,NA,1501,20.6,58,NA
2021-02-14 12:00:00,NA,1504,24.3,51,NA
2021-02-14 13:00:00,NA,1504,27,43,NA
2021-02-14 14:00:00,NA,1503,28.3,39,NA
2021-02-14 15:00:00,NA,1498,30,34,NA
2021-02-14 16:00:00,NA,1490,30.8,30,NA
2021-02-14 17:00:00,NA,1483,32.3,27,NA
2021-02-14 18:00:00,NA,1470,33.4,23,NA
2021-02-14 19:00:00,NA,1460,34.2,24,NA
2021-02-14 20:00:00,NA,1455,34.7,25,NA
2021-02-14 21:00:00,NA,1454,32.3,26,NA
2021-02-14 22:00:00,NA,1454,31.7,23,NA
2021-02-14 23:00:00,NA,1462,29.6,30,NA
2021-02-15 00:00:00,903,NA,28.2,36,NA
2021-02-15 10:00:00,909.4,NA,19,73,NA
2021-02-15 11:00:00,911,NA,18.5,73,NA
2021-02-15 12:00:00,912,NA,18.5,71,NA
2021-02-15 13:00:00,913,NA,18,74,NA
2021-02-15 14:00:00,913.4,NA,16,89,NA
2021-02-15 15:00:00,913.3,NA,17.3,85,NA
2021-02-15 16:00:00,912.8,NA,18.5,75,NA
2021-02-15 17:00:00,911.4,NA,22,58,NA
2021-02-15 18:00:00,910,NA,23.4,51,NA
2021-02-15 19:00:00,908.6,NA,25.6,46,NA
2021-02-15 20:00:00,907.8,NA,26,44,NA
2021-02-15 21:00:00,907.4,NA,26.6,42,NA
2021-02-15 22:00:00,907.6,NA,24.6,46,NA
2021-02-15 23:00:00,908.1,NA,23.8,49,NA
2021-02-16 09:00:00,NA,1530,18,78,NA
2021-02-16 10:00:00,NA,1534,17.6,79,NA
2021-02-16 11:00:00,NA,1537,16.5,85,NA
2021-02-16 12:00:00,NA,1540,18.7,76,NA
2021-02-16 13:00:00,NA,1540,20.4,70,NA
2021-02-16 14:00:00,NA,1536,22.7,60,NA
2021-02-16 15:00:00,NA,1534,25.3,51,NA
2021-02-16 16:00:00,NA,1526,26,50,NA
2021-02-16 17:00:00,NA,1517,28,41,NA
2021-02-16 18:00:00,NA,1505,28.2,39,NA
2021-02-16 19:00:00,NA,1494,29.6,35,NA
2021-02-16 20:00:00,NA,1485,30.2,33,NA
2021-02-16 21:00:00,NA,1483,30.8,36,NA
2021-02-16 22:00:00,NA,1482,29.8,39,NA
2021-02-16 23:00:00,NA,1491,29.8,34,NA
2021-02-17 00:00:00,906.4,NA,25.6,50,NA
2021-02-17 09:00:00,908.1,NA,18.6,80,NA
2021-02-17 10:00:00,908.2,NA,18.3,84,NA
2021-02-17 11:00:00,908.6,NA,18.3,87,NA
2021-02-17 12:00:00,909.4,NA,20.2,80,NA
2021-02-17 13:00:00,909.4,NA,22.4,73,NA
2021-02-17 14:00:00,909,NA,24.5,62,NA
2021-02-17 15:00:00,908.2,NA,26.8,46,NA
2021-02-17 16:00:00,907.2,NA,28.6,43,NA
2021-02-17 17:00:00,906.2,NA,30,39,NA
2021-02-17 18:00:00,905,NA,31.5,32,NA
2021-02-17 19:00:00,903.4,NA,33,30,NA
2021-02-17 20:00:00,902.6,NA,33.2,29,NA
2021-02-17 21:00:00,902.6,NA,32.8,31,NA
2021-02-17 22:00:00,903,NA,31.2,38,NA
2021-02-17 23:00:00,903.6,NA,28.8,43,NA
2021-02-18 09:00:00,NA,1511,19.9,84,NA
2021-02-18 10:00:00,NA,1514,19.3,87,NA
2021-02-18 11:00:00,NA,1518,19.5,87,NA
2021-02-18 12:00:00,NA,1523,21.4,73,NA
2021-02-18 13:00:00,NA,1522,23.3,65,NA
2021-02-18 14:00:00,NA,1521,25.3,59,NA
2021-02-18 15:00:00,NA,1515,26.2,56,NA
2021-02-18 16:00:00,NA,1504,28.4,49,NA
2021-02-18 17:00:00,NA,1493,30.3,43,NA
2021-02-18 18:00:00,NA,1482,32,38,NA
2021-02-18 19:00:00,NA,1468,32.8,33,NA
2021-02-18 20:00:00,NA,1461,34.2,30,NA
2021-02-18 21:00:00,NA,1460,31.7,38,NA
2021-02-18 22:00:00,NA,1458,30.4,40,NA
2021-02-18 23:00:00,NA,1461,29.7,39,NA
2021-02-19 00:00:00,902.8,NA,29,38,NA
2021-02-19 09:00:00,906.4,NA,20,78,NA
2021-02-19 10:00:00,907,NA,19.2,80,NA
2021-02-19 11:00:00,908.8,NA,20.4,75,NA
2021-02-19 12:00:00,910,NA,22.6,64,NA
2021-02-19 13:00:00,910.9,NA,24.8,58,NA
2021-02-19 14:00:00,911.3,NA,25,57,NA
2021-02-19 15:00:00,911.3,NA,25.2,55,NA
2021-02-19 16:00:00,910.9,NA,25,56,NA
2021-02-19 17:00:00,909.8,NA,27.8,47,NA
2021-02-19 18:00:00,908.6,NA,28.3,42,NA
2021-02-19 19:00:00,908,NA,29.8,38,NA
2021-02-19 20:00:00,907.4,NA,29,38,NA
2021-02-19 21:00:00,907.4,NA,28.8,40,NA
2021-02-19 22:00:00,908,NA,26.9,42,NA
2021-02-19 23:00:00,908.9,NA,25.1,46,NA
2021-02-20 09:00:00,NA,1547,17.6,84,NA
2021-02-20 10:00:00,NA,1547,16.6,88,NA
2021-02-20 11:00:00,NA,1549,16.9,84,NA
2021-02-20 12:00:00,NA,1553,18.4,75,NA
2021-02-20 13:00:00,NA,1548,19.7,70,NA
2021-02-20 14:00:00,NA,1547,22.1,62,NA
2021-02-20 15:00:00,NA,1539,24.1,55,NA
2021-02-20 16:00:00,NA,1527,25.4,50,NA
2021-02-20 17:00:00,NA,1515,27.4,45,NA
2021-02-20 18:00:00,NA,1503,28.8,40,NA
2021-02-20 19:00:00,NA,1494,30.5,37,NA
2021-02-20 20:00:00,NA,1484,31.1,36,NA
2021-02-20 21:00:00,NA,1481,31.1,38,NA
2021-02-20 22:00:00,NA,1480,30.2,39,NA
2021-02-20 23:00:00,NA,1486,27.4,47,NA
2021-02-21 00:00:00,906.2,NA,25.4,51,NA
2021-02-21 09:00:00,909.4,NA,17,93,NA
2021-02-21 10:00:00,909.7,NA,17.3,92,NA
2021-02-21 11:00:00,910.2,NA,17.8,90,NA
2021-02-21 12:00:00,910.5,NA,18.3,87,NA
2021-02-21 13:00:00,910.6,NA,19.1,84,NA
2021-02-21 14:00:00,910.2,NA,20.2,78,NA
2021-02-21 15:00:00,909.8,NA,22.6,69,NA
2021-02-21 16:00:00,908.6,NA,25,59,NA
2021-02-21 17:00:00,907.3,NA,27.8,48,NA
2021-02-21 18:00:00,905.8,NA,30,43,NA
2021-02-21 19:00:00,904.8,NA,31.2,37,NA
2021-02-21 20:00:00,903.8,NA,32,35,NA
2021-02-21 21:00:00,903.6,NA,31.8,36,NA
2021-02-21 22:00:00,903.8,NA,31.5,37,NA
2021-02-21 23:00:00,904.6,NA,28,46,NA
2021-02-22 09:00:00,NA,1503,18.3,90,NA
2021-02-22 10:00:00,NA,1507,18,90,NA
2021-02-22 11:00:00,NA,1509,18,90,NA
2021-02-22 12:00:00,NA,1517,22.2,78,NA
2021-02-22 13:00:00,NA,1517,24.3,68,NA
2021-02-22 14:00:00,NA,1518,26.3,62,NA
2021-02-22 15:00:00,NA,1513,28.6,51,NA
2021-02-22 16:00:00,NA,1507,30.5,47,NA
2021-02-22 17:00:00,NA,1497,32,41,NA
2021-02-22 18:00:00,NA,1491,34.8,34,NA
2021-02-22 19:00:00,NA,1479,35.2,29,NA
2021-02-22 20:00:00,NA,1471,35.6,29,NA
2021-02-22 21:00:00,NA,1469,35,33,NA
2021-02-22 22:00:00,NA,1473,34,36,NA
2021-02-22 23:00:00,NA,1480,31.4,38,NA
2021-02-23 00:00:00,904.8,NA,30.2,42,NA
2021-02-23 09:00:00,909,NA,23.5,67,NA
2021-02-23 10:00:00,909.4,NA,23,68,NA
2021-02-23 11:00:00,910.2,NA,23.4,64,NA
2021-02-23 12:00:00,910.9,NA,23.6,68,NA
2021-02-23 13:00:00,911.4,NA,24,71,NA
2021-02-23 14:00:00,911.4,NA,25.7,61,NA
2021-02-23 15:00:00,911.7,NA,25.7,61,NA
2021-02-23 16:00:00,911.7,NA,25.5,63,NA
2021-02-23 17:00:00,911.4,NA,25,60,NA
2021-02-23 18:00:00,911,NA,24.2,62,NA
2021-02-23 19:00:00,910.2,NA,24.9,57,NA
2021-02-23 20:00:00,910,NA,24.7,56,NA
2021-02-23 21:00:00,910.2,NA,24,58,NA
2021-02-23 22:00:00,910.9,NA,23.8,60,NA
2021-02-23 23:00:00,911.7,NA,23.3,63,NA
2021-02-24 09:00:00,NA,1540,20.3,86,NA
2021-02-24 10:00:00,NA,1546,20,87,NA
2021-02-24 11:00:00,NA,1549,20,82,NA
2021-02-24 12:00:00,NA,1552,20.3,85,NA
2021-02-24 13:00:00,NA,1554,20.3,85,NA
2021-02-24 14:00:00,NA,1554,20.7,84,NA
2021-02-24 15:00:00,NA,1553,20.7,84,NA
2021-02-24 16:00:00,NA,1548,22.8,74,NA
2021-02-24 17:00:00,NA,1540,25.6,61,NA
2021-02-24 18:00:00,NA,1532,26.8,56,NA
2021-02-24 19:00:00,NA,1522,27.6,51,NA
2021-02-24 20:00:00,NA,1515,29.1,50,NA
2021-02-24 21:00:00,NA,1512,28.6,50,NA
2021-02-24 22:00:00,NA,1516,28.3,52,NA
2021-02-24 23:00:00,NA,1518,26.6,61,NA
2021-02-25 00:00:00,909.4,NA,24.6,65,NA
2021-02-25 10:00:00,910.5,NA,20,85,NA
2021-02-25 11:00:00,911,NA,19,90,NA
2021-02-25 12:00:00,911.4,NA,22.5,79,NA
2021-02-25 13:00:00,911.3,NA,25,68,NA
2021-02-25 14:00:00,911,NA,26,63,NA
2021-02-25 15:00:00,910.4,NA,27,62,NA
2021-02-25 16:00:00,909.3,NA,29.7,51,NA
2021-02-25 17:00:00,908.2,NA,31,47,NA
2021-02-25 18:00:00,906.9,NA,32.6,41,NA
2021-02-25 19:00:00,905.6,NA,33.4,38,NA
2021-02-25 20:00:00,904.2,NA,33.9,36,NA
2021-02-25 21:00:00,904,NA,34,36,NA
2021-02-25 22:00:00,904.2,NA,31.2,43,NA
2021-02-25 23:00:00,904.6,NA,29,50,NA
2021-02-26 09:00:00,NA,1507,21,85,NA
2021-02-26 10:00:00,NA,1506,20.8,86,NA
2021-02-26 11:00:00,NA,1509,20.2,98,NA
2021-02-26 12:00:00,NA,1515,23,77,NA
2021-02-26 13:00:00,NA,1517,24.8,71,NA
2021-02-26 14:00:00,NA,1516,26.6,65,NA
2021-02-26 15:00:00,NA,1513,28.8,58,NA
2021-02-26 16:00:00,NA,1506,30.2,51,NA
2021-02-26 17:00:00,NA,1494,31.2,49,NA
2021-02-26 18:00:00,NA,1489,34.4,40,NA
2021-02-26 19:00:00,NA,1481,35.2,39,NA
2021-02-26 20:00:00,NA,1475,33.7,41,NA
2021-02-26 21:00:00,NA,1475,32.5,46,NA
2021-02-26 22:00:00,NA,1480,30.6,49,NA
2021-02-26 23:00:00,NA,1484,30.5,48,NA
2021-02-27 00:00:00,904.9,NA,30.1,42,NA
2021-02-27 10:00:00,910.2,NA,20.4,94,NA
2021-02-27 12:00:00,910.8,NA,20.8,89,NA
2021-02-27 13:00:00,911.3,NA,21.7,84,NA
2021-02-27 14:00:00,911.3,NA,23,74,NA
2021-02-27 15:00:00,911.8,NA,24.5,67,NA
2021-02-27 16:00:00,911.6,NA,25.8,61,NA
2021-02-27 17:00:00,910.5,NA,28.3,55,NA
2021-02-27 18:00:00,909,NA,29.4,48,NA
2021-02-27 19:00:00,907.8,NA,30.8,43,NA
2021-02-27 20:00:00,906.6,NA,32,40,NA
2021-02-27 21:00:00,906.5,NA,32,45,NA
2021-02-27 22:00:00,906.6,NA,29.8,50,NA
2021-02-27 23:00:00,907,NA,28.3,51,NA
2021-02-28 09:00:00,NA,1531,20,80,NA
2021-02-28 10:00:00,NA,1532,20.2,79,NA
2021-02-28 11:00:00,NA,1534,20.2,81,NA
2021-02-28 12:00:00,NA,1535,22.1,73,NA
2021-02-28 13:00:00,NA,1529,23.3,69,NA
2021-02-28 14:00:00,NA,1534,24.9,64,NA
2021-02-28 15:00:00,NA,1532,27.2,55,NA
2021-02-28 16:00:00,NA,1522,28.3,52,NA
2021-02-28 17:00:00,NA,1511,30.5,47,NA
2021-02-28 18:00:00,NA,1502,32,41,NA
2021-02-28 19:00:00,NA,1493,33.7,39,NA
2021-02-28 20:00:00,NA,1488,33.6,39,NA
2021-02-28 21:00:00,NA,1480,31,46,NA
2021-02-28 22:00:00,NA,1480,30.4,47,NA
2021-02-28 23:00:00,NA,1483,28.6,50,NA
2021-03-01 00:00:00,NA,1491,26.9,58,NA
2021-03-02 09:00:00,NA,1529,18.9,95,NA
2021-03-02 10:00:00,NA,1522,18.5,96,NA
2021-03-02 11:00:00,NA,1526,18.5,96,NA
2021-03-02 12:00:00,NA,1526,18.5,97,NA
2021-03-02 13:00:00,NA,1529,18,99,NA
2021-03-02 14:00:00,NA,1531,18.5,100,NA
2021-03-02 15:00:00,NA,1533,19,89,NA
2021-03-02 16:00:00,NA,1531,19.8,98,NA
2021-03-02 17:00:00,NA,1527,21.4,93,NA
2021-03-02 18:00:00,909.7,1523,20.5,92,NA
2021-03-02 19:00:00,909.3,1519,20.8,92,NA
2021-03-02 20:00:00,908.8,1514,20.4,91,NA
2021-03-02 21:00:00,908.6,1514,20.6,88,NA
2021-03-02 22:00:00,909,1516,20.3,89,NA
2021-03-02 23:00:00,909.6,1522,20.2,95,NA
2021-03-03 00:00:00,NA,1530,18.9,92,NA
2021-03-04 00:00:00,910.9,NA,NA,NA,NA
2021-03-04 09:00:00,911,1543,17.6,89,NA
2021-03-04 10:00:00,911.4,1544,17,94,NA
2021-03-04 11:00:00,911.6,1543,16.8,92,NA
2021-03-04 12:00:00,911.6,1546,21,81,NA
2021-03-04 13:00:00,911.8,1551,23,70,NA
2021-03-04 14:00:00,911.7,1548,25.2,63,NA
2021-03-04 15:00:00,911.6,1547,27.4,51,NA
2021-03-04 16:00:00,911,1543,28,48,NA
2021-03-04 17:00:00,910.6,1541,30,38,NA
2021-03-04 18:00:00,910.2,1538,31,36,NA
2021-03-04 19:00:00,909.4,1530,31.8,35,NA
2021-03-04 20:00:00,909,1526,31.4,38,NA
2021-03-04 21:00:00,908.8,1524,31,40,NA
2021-03-04 22:00:00,908.9,1523,29.6,45,NA
2021-03-04 23:00:00,909.6,1526,26.3,57,NA
2021-03-05 00:00:00,NA,1536,25,59,NA
2021-03-06 00:00:00,906.6,NA,NA,NA,NA
2021-03-06 09:00:00,908.1,1520,18.6,85,NA
2021-03-06 10:00:00,908.5,1522,18.4,88,NA
2021-03-06 11:00:00,909,1525,19.1,84,NA
2021-03-06 12:00:00,909.4,1530,20.8,78,NA
2021-03-06 13:00:00,909.3,1528,22.6,71,NA
2021-03-06 14:00:00,909.2,1529,24.8,65,NA
2021-03-06 15:00:00,908.6,1521,27.1,57,NA
2021-03-06 16:00:00,907.8,1517,28.5,51,NA
2021-03-06 17:00:00,906.9,1507,30,44,NA
2021-03-06 18:00:00,906.1,1500,31.5,42,NA
2021-03-06 19:00:00,904.9,1489,33,40,NA
2021-03-06 20:00:00,904.4,1484,33,37,NA
2021-03-06 21:00:00,903.8,1480,33.2,34,NA
2021-03-06 22:00:00,904.2,1483,31.9,36,NA
2021-03-06 23:00:00,904.9,1486,28.6,45,NA
2021-03-07 00:00:00,NA,1499,27.8,47,NA
2021-03-08 00:00:00,905.6,NA,NA,NA,NA
2021-03-08 09:00:00,910,1541,21.8,69,NA
2021-03-08 10:00:00,910.9,1549,21.2,65,NA
2021-03-08 11:00:00,911.7,1553,21.6,72,NA
2021-03-08 12:00:00,912.6,1563,24.4,64,NA
2021-03-08 13:00:00,913.2,1568,25,64,NA
2021-03-08 14:00:00,913.6,1575,28,55,NA
2021-03-08 15:00:00,913.6,1575,28.8,54,NA
2021-03-08 16:00:00,912.8,1568,30,54,NA
2021-03-08 17:00:00,911.8,1558,31.2,44,NA
2021-03-08 18:00:00,911.4,1554,31.8,41,NA
2021-03-08 19:00:00,910.6,1546,31,41,NA
2021-03-08 20:00:00,910.2,1538,28.6,45,NA
2021-03-08 21:00:00,910.2,1539,27.6,49,NA
2021-03-08 22:00:00,910.2,1538,28.4,43,NA
2021-03-08 23:00:00,910.6,1540,25.6,55,NA
2021-03-09 00:00:00,NA,1548,25,57,NA
2021-03-10 00:00:00,907.2,NA,NA,NA,NA
2021-03-10 09:00:00,906.9,1504,17.2,90,NA
2021-03-10 10:00:00,906.8,1502,17.2,90,NA
2021-03-10 11:00:00,907.3,1505,17.2,90,NA
2021-03-10 12:00:00,907.4,1511,21.2,75,NA
2021-03-10 13:00:00,907,1508,24,63,NA
2021-03-10 14:00:00,906.8,1508,25.2,60,NA
2021-03-10 15:00:00,906,1501,27,52,NA
2021-03-10 16:00:00,905.2,1492,28,50,NA
2021-03-10 17:00:00,903.4,1476,30.6,45,NA
2021-03-10 18:00:00,902.2,1466,32.5,40,NA
2021-03-10 19:00:00,900.9,1453,33.2,40,NA
2021-03-10 20:00:00,900.2,1446,33.7,37,NA
2021-03-10 21:00:00,900.1,1442,32,41,NA
2021-03-10 22:00:00,900.4,1444,31,46,NA
2021-03-10 23:00:00,901.4,1451,28.6,51,NA
2021-03-11 00:00:00,NA,1462,28,49,NA
2021-03-12 00:00:00,908.5,NA,NA,NA,NA
2021-03-12 09:00:00,909.3,1528,19,91,NA
2021-03-12 10:00:00,910.2,1534,17.8,92,NA
2021-03-12 11:00:00,911.2,1541,18,93,NA
2021-03-12 12:00:00,911.8,1548,19,91,NA
2021-03-12 13:00:00,911.8,1548,19.8,86,NA
2021-03-12 14:00:00,911.8,1550,22,78,NA
2021-03-12 15:00:00,911.4,1548,22.9,72,NA
2021-03-12 16:00:00,911,1545,24,71,NA
2021-03-12 17:00:00,911,1539,23,68,NA
2021-03-12 18:00:00,910.2,1533,22.8,69,NA
2021-03-12 19:00:00,909.6,1525,23.2,67,NA
2021-03-12 20:00:00,909,1519,23.6,64,NA
2021-03-12 21:00:00,908.9,1518,22.6,66,NA
2021-03-12 22:00:00,909.4,1520,21,75,NA
2021-03-12 23:00:00,910.8,1532,19.8,80,NA
2021-03-13 00:00:00,NA,1533,19,87,NA
2021-03-14 09:00:00,NA,1541,19.8,86,NA
2021-03-14 10:00:00,NA,1543,19.4,87,NA
2021-03-14 11:00:00,NA,1548,19.4,87,NA
2021-03-14 12:00:00,NA,1552,20.2,85,NA
2021-03-14 13:00:00,NA,1555,22.3,73,NA
2021-03-14 14:00:00,NA,1555,23.7,70,NA
2021-03-14 15:00:00,NA,1551,25,63,NA
2021-03-14 16:00:00,NA,1545,26.2,58,NA
2021-03-14 17:00:00,NA,1537,26.6,55,NA
2021-03-14 18:00:00,NA,1531,28.5,49,NA
2021-03-14 19:00:00,NA,1521,28.5,49,NA
2021-03-14 20:00:00,NA,1513,29.4,47,NA
2021-03-14 21:00:00,NA,1510,27.4,50,NA
2021-03-14 22:00:00,NA,1511,25.8,54,NA
2021-03-14 23:00:00,NA,1520,24.3,61,NA
2021-03-15 00:00:00,NA,1522,21.7,76,NA
2021-03-15 12:00:00,909,NA,18.9,95,NA
2021-03-15 13:00:00,908.9,NA,20,91,NA
2021-03-15 14:00:00,908.6,NA,21.5,83,NA
2021-03-15 15:00:00,908.2,NA,23,75,NA
2021-03-15 16:00:00,907.2,NA,23.7,73,NA
2021-03-15 17:00:00,906,NA,24.8,73,NA
2021-03-15 18:00:00,905,NA,27.2,57,NA
2021-03-16 09:00:00,NA,1480,19.1,93,NA
2021-03-16 10:00:00,NA,1486,18.8,95,NA
2021-03-16 11:00:00,NA,1491,18.2,96,NA
2021-03-16 12:00:00,NA,1499,19.9,85,NA
2021-03-16 13:00:00,NA,1504,20.4,80,NA
2021-03-16 14:00:00,NA,1508,22.5,58,NA
2021-03-16 15:00:00,NA,1509,24.9,54,NA
2021-03-16 16:00:00,NA,1502,26.3,48,NA
2021-03-16 17:00:00,NA,1495,26.8,45,NA
2021-03-16 18:00:00,NA,1490,28.8,40,NA
2021-03-16 19:00:00,NA,1486,28.4,41,NA
2021-03-16 20:00:00,NA,1484,28.5,40,NA
2021-03-16 21:00:00,NA,1488,27.6,41,NA
2021-03-16 22:00:00,NA,1494,24.6,46,NA
2021-03-16 23:00:00,NA,1501,23.6,46,NA
2021-03-17 00:00:00,907.8,NA,23.4,45,NA
2021-03-17 09:00:00,910.5,NA,19.8,59,NA
2021-03-17 10:00:00,911.2,NA,19.5,61,NA
2021-03-17 11:00:00,912,NA,18.5,68,NA
2021-03-17 12:00:00,912.5,NA,18.4,72,NA
2021-03-18 09:00:00,NA,1542,12.8,100,NA
2021-03-18 10:00:00,NA,1543,12.8,100,NA
2021-03-18 11:00:00,NA,1544,12.6,100,NA
2021-03-18 12:00:00,NA,1543,12.6,100,NA
2021-03-18 13:00:00,NA,1541,13,100,NA
2021-03-18 14:00:00,NA,1539,13.4,96,NA
2021-03-18 15:00:00,NA,1535,15.2,95,NA
2021-03-18 16:00:00,NA,1524,15.4,92,NA
2021-03-18 17:00:00,NA,1512,15.5,88,NA
2021-03-18 18:00:00,NA,1506,16.2,88,NA
2021-03-18 19:00:00,NA,1497,16,88,NA
2021-03-18 20:00:00,NA,1495,16,92,NA
2021-03-18 21:00:00,NA,1495,16,90,NA
2021-03-18 22:00:00,NA,1498,16,88,NA
2021-03-18 23:00:00,NA,1504,14.8,90,NA
2021-03-19 00:00:00,909.6,NA,14.2,95,NA
2021-03-19 10:00:00,907.6,NA,13.8,98,NA
2021-03-19 11:00:00,908.1,NA,13.6,100,NA
2021-03-19 12:00:00,908.2,NA,13.6,98,NA
2021-03-19 13:00:00,908.1,NA,13.6,98,NA
2021-03-19 14:00:00,908,NA,14,98,NA
2021-03-19 15:00:00,907.7,NA,14,98,NA
2021-03-19 16:00:00,907.4,NA,14,99,NA
2021-03-19 17:00:00,906.2,NA,14.5,98,NA
2021-03-19 18:00:00,905.6,NA,14.6,95,NA
2021-03-19 19:00:00,905,NA,15.6,89,NA
2021-03-19 20:00:00,904.8,NA,16,89,NA
2021-03-19 21:00:00,905.2,NA,16.1,86,NA
2021-03-19 22:00:00,906,NA,15.9,90,NA
2021-03-19 23:00:00,906.5,NA,15.4,95,NA
2021-03-20 09:00:00,NA,1494,14,99,NA
2021-03-20 10:00:00,NA,1503,14.3,99,NA
2021-03-20 11:00:00,NA,1516,14.5,97,NA
2021-03-20 12:00:00,NA,1527,14.5,97,NA
2021-03-20 13:00:00,NA,1534,14.9,97,NA
2021-03-20 14:00:00,NA,1542,16.1,91,NA
2021-03-20 15:00:00,NA,1547,17.4,83,NA
2021-03-20 16:00:00,NA,1544,18.7,76,NA
2021-03-20 17:00:00,NA,1541,21,61,NA
2021-03-20 18:00:00,NA,1537,22.8,55,NA
2021-03-20 19:00:00,NA,1531,23.5,45,NA
2021-03-20 20:00:00,NA,1532,24.3,46,NA
2021-03-20 21:00:00,NA,1534,22.4,51,NA
2021-03-20 22:00:00,NA,1542,21.2,61,NA
2021-03-20 23:00:00,NA,1549,20.5,57,NA
2021-03-21 00:00:00,914,NA,20,54,NA
2021-03-21 09:00:00,916.9,NA,14.3,89,NA
2021-03-21 10:00:00,917.2,NA,14.6,87,NA
2021-03-21 11:00:00,917.6,NA,14.6,93,NA
2021-03-21 12:00:00,918,NA,15.2,89,NA
2021-03-21 13:00:00,918.2,NA,16,83,NA
2021-03-21 14:00:00,918.1,NA,16.8,76,NA
2021-03-21 15:00:00,917.8,NA,17.6,74,NA
2021-03-21 16:00:00,916.9,NA,18.5,68,NA
2021-03-21 17:00:00,915.6,NA,19.6,67,NA
2021-03-21 18:00:00,914.9,NA,20,64,NA
2021-03-21 19:00:00,913.8,NA,20.4,64,NA
2021-03-21 20:00:00,913.4,NA,21.2,62,NA
2021-03-21 21:00:00,913.2,NA,20.6,63,NA
2021-03-21 22:00:00,913,NA,20,65,NA
2021-03-21 23:00:00,913.2,NA,19.2,70,NA
2021-03-22 09:00:00,NA,1547,15.8,88,NA
2021-03-22 10:00:00,NA,1549,15.2,90,NA
2021-03-22 11:00:00,NA,1554,15.2,88,NA
2021-03-22 12:00:00,NA,1559,16,84,NA
2021-03-22 13:00:00,NA,1564,17,79,NA
2021-03-22 14:00:00,NA,1568,18.2,71,NA
2021-03-22 15:00:00,NA,1569,20,66,NA
2021-03-22 16:00:00,NA,1568,20.8,62,NA
2021-03-22 17:00:00,NA,1563,20.4,63,NA
2021-03-22 18:00:00,NA,1560,22.4,56,NA
2021-03-22 19:00:00,NA,1555,22.8,55,NA
2021-03-22 20:00:00,NA,1556,21.6,57,NA
2021-03-22 21:00:00,NA,1556,21,60,NA
2021-03-22 23:00:00,NA,1561,19.2,72,NA
2021-03-23 00:00:00,914.8,NA,17.8,74,NA
2021-03-23 09:00:00,912.5,NA,13.4,90,NA
2021-03-23 10:00:00,912.5,NA,14.7,81,NA
2021-03-23 11:00:00,912.2,NA,13.7,88,NA
2021-03-23 12:00:00,912.2,NA,17,75,NA
2021-03-23 13:00:00,912,NA,19.8,67,NA
2021-03-23 14:00:00,911.6,NA,21.5,60,NA
2021-03-23 15:00:00,911,NA,23.2,54,NA
2021-03-23 16:00:00,910,NA,23.6,53,NA
2021-03-23 17:00:00,908.5,NA,25.4,48,NA
2021-03-23 18:00:00,907.3,NA,26.4,46,NA
2021-03-23 19:00:00,906.1,NA,26.9,42,NA
2021-03-23 20:00:00,905.6,NA,27.7,42,NA
2021-03-23 21:00:00,905.7,NA,27.8,43,NA
2021-03-23 22:00:00,905.8,NA,26.5,47,NA
2021-03-23 23:00:00,906.5,NA,22.4,58,NA
2021-03-24 09:00:00,NA,1514,15.3,92,NA
2021-03-24 10:00:00,NA,1516,15.1,94,NA
2021-03-24 11:00:00,NA,1516,14.4,97,NA
2021-03-24 12:00:00,NA,1523,17.2,88,NA
2021-03-24 13:00:00,NA,1524,18.4,81,NA
2021-03-24 14:00:00,NA,1522,20.4,73,NA
2021-03-24 15:00:00,NA,1518,22.8,62,NA
2021-03-24 16:00:00,NA,1512,24.7,55,NA
2021-03-24 17:00:00,NA,1504,26,48,NA
2021-03-24 18:00:00,NA,1495,27.6,44,NA
2021-03-24 19:00:00,NA,1486,29,41,NA
2021-03-24 20:00:00,NA,1479,28.8,42,NA
2021-03-24 21:00:00,NA,1478,29,42,NA
2021-03-24 22:00:00,NA,1481,27,48,NA
2021-03-24 23:00:00,NA,1484,23.9,55,NA
2021-03-25 00:00:00,906.4,NA,23.4,58,NA
2021-03-25 10:00:00,907.6,NA,18,94,NA
2021-03-25 11:00:00,908,NA,17,95,NA
2021-03-25 12:00:00,908.2,NA,20.4,85,NA
2021-03-25 13:00:00,908.1,NA,23,73,NA
2021-03-25 14:00:00,907.6,NA,24.6,64,NA
2021-03-25 15:00:00,906.9,NA,26.3,54,NA
2021-03-25 16:00:00,906.1,NA,27.9,48,NA
2021-03-25 17:00:00,905,NA,29.1,43,NA
2021-03-25 18:00:00,904,NA,30.8,39,NA
2021-03-25 19:00:00,903.4,NA,30.4,36,NA
2021-03-25 20:00:00,903.3,NA,29.6,41,NA
2021-03-25 21:00:00,903.4,NA,29.5,41,NA
2021-03-25 22:00:00,904.2,NA,27.4,46,NA
2021-03-25 23:00:00,905,NA,25.6,50,NA
2021-03-26 09:00:00,NA,1528,14.6,83,NA
2021-03-26 10:00:00,NA,1533,14,87,NA
2021-03-26 11:00:00,NA,1538,13.8,87,NA
2021-03-26 12:00:00,NA,1549,14.2,83,NA
2021-03-26 13:00:00,NA,1557,14.6,79,NA
2021-03-26 14:00:00,NA,1562,15,76,NA
2021-03-26 15:00:00,NA,1551,15.8,72,NA
2021-03-26 16:00:00,NA,1555,17.2,67,NA
2021-03-26 17:00:00,NA,1547,16.8,68,NA
2021-03-26 18:00:00,NA,1541,15.9,73,NA
2021-03-26 19:00:00,NA,1537,15.6,75,NA
2021-03-26 20:00:00,NA,1540,15,83,NA
2021-03-26 21:00:00,NA,1544,14.8,81,NA
2021-03-26 22:00:00,NA,1549,13.8,93,NA
2021-03-26 23:00:00,NA,1558,14.2,83,NA
2021-03-27 00:00:00,915.7,NA,14.3,82,NA
2021-03-27 09:00:00,905.6,NA,12,90,NA
2021-03-27 10:00:00,915.4,NA,11.2,89,NA
2021-03-27 11:00:00,915.8,NA,12.6,91,NA
2021-03-27 13:00:00,917.2,NA,15.2,66,NA
2021-03-27 14:00:00,917.2,NA,17,59,NA
2021-03-27 15:00:00,916.9,NA,18.2,44,NA
2021-03-27 16:00:00,916.2,NA,20.2,41,NA
2021-03-27 17:00:00,914.8,NA,21.5,41,NA
2021-03-27 18:00:00,914,NA,22.1,38,NA
2021-03-27 19:00:00,912.9,NA,22.7,36,NA
2021-03-27 20:00:00,912.2,NA,23.3,39,NA
2021-03-27 21:00:00,912,NA,22.7,40,NA
2021-03-27 22:00:00,912.2,NA,22,47,NA
2021-03-27 23:00:00,912.6,NA,18.4,62,NA
2021-03-28 09:00:00,NA,1551,12.9,65,NA
2021-03-28 10:00:00,NA,1549,11.6,71,NA
2021-03-28 11:00:00,NA,1546,11.3,74,NA
2021-03-28 12:00:00,NA,1553,16.2,58,NA
2021-03-28 13:00:00,NA,1557,19.2,43,NA
2021-03-28 14:00:00,NA,1559,21,40,NA
2021-03-28 15:00:00,NA,1554,21.7,40,NA
2021-03-28 16:00:00,NA,1547,23.1,39,NA
2021-03-28 17:00:00,NA,1534,24,37,NA
2021-03-28 18:00:00,NA,1529,25,33,NA
2021-03-28 19:00:00,NA,1521,25.8,34,NA
2021-03-28 20:00:00,NA,1515,26.2,33,NA
2021-03-28 21:00:00,NA,1513,26,34,NA
2021-03-28 22:00:00,NA,1514,25.3,38,NA
2021-03-28 23:00:00,NA,1518,20.5,49,NA
2021-03-29 00:00:00,910.9,NA,19.7,46,NA
2021-03-29 10:00:00,913,NA,9.7,88,NA
2021-03-29 11:00:00,913.4,NA,9.2,92,NA
2021-03-29 12:00:00,913.8,NA,15,64,NA
2021-03-29 13:00:00,914.1,NA,18.4,51,NA
2021-03-29 14:00:00,914.2,NA,19.8,50,NA
2021-03-29 15:00:00,913.7,NA,23,41,NA
2021-03-29 16:00:00,913,NA,25,35,NA
2021-03-29 17:00:00,911.8,NA,26.4,33,NA
2021-03-29 18:00:00,911.4,NA,27.3,32,NA
2021-03-29 19:00:00,910.5,NA,26.8,31,NA
2021-03-29 20:00:00,910.1,NA,27.8,31,NA
2021-03-29 21:00:00,909.8,NA,26.9,33,NA
2021-03-29 22:00:00,910.1,NA,25.4,40,NA
2021-03-29 23:00:00,910.6,NA,22.1,49,NA
2021-03-30 09:00:00,NA,1545,11.6,88,NA
2021-03-30 10:00:00,NA,1547,13.6,83,NA
2021-03-30 11:00:00,NA,1545,12.7,85,NA
2021-03-30 12:00:00,NA,1552,16.4,69,NA
2021-03-30 13:00:00,NA,1552,17.5,66,NA
2021-03-30 14:00:00,NA,1551,19.5,60,NA
2021-03-30 15:00:00,NA,1544,21.8,52,NA
2021-03-30 16:00:00,NA,1537,24.4,45,NA
2021-03-30 17:00:00,NA,1527,25.2,40,NA
2021-03-30 18:00:00,NA,1516,27,37,NA
2021-03-30 19:00:00,NA,1507,27.6,36,NA
2021-03-30 20:00:00,NA,1500,28,36,NA
2021-03-30 21:00:00,NA,1498,27.4,37,NA
2021-03-30 22:00:00,NA,1502,25.4,46,NA
2021-03-30 23:00:00,NA,1504,22.8,51,NA
2021-03-31 00:00:00,908.9,NA,22,52,NA
2021-03-31 09:00:00,910.4,NA,13.5,83,NA
2021-03-31 10:00:00,910.5,NA,13.5,75,NA
2021-03-31 11:00:00,910.5,NA,11.6,95,NA
2021-03-31 17:00:00,908.1,NA,24.7,51,NA
2021-03-31 18:00:00,907,NA,26.2,43,NA
2021-03-31 19:00:00,906.1,NA,26.8,40,NA
2021-03-31 20:00:00,905.6,NA,27.7,39,NA
2021-03-31 21:00:00,905.6,NA,25,49,NA
2021-03-31 22:00:00,906.4,NA,24,48,NA
2021-03-31 23:00:00,907,NA,22.8,53,NA
2021-04-01 09:00:00,NA,1518,16.6,83,NA
2021-04-01 10:00:00,NA,1519,15.8,90,NA
2021-04-01 11:00:00,NA,1522,15,90,NA
2021-04-01 12:00:00,NA,1534,17.2,79,NA
2021-04-01 13:00:00,NA,1530,18.6,75,NA
2021-04-01 14:00:00,NA,1534,20,67,NA
2021-04-01 15:00:00,NA,1525,21.6,61,NA
2021-04-01 16:00:00,NA,1520,23,58,NA
2021-04-01 17:00:00,NA,1510,24.6,52,NA
2021-04-01 18:00:00,NA,1500,26.1,48,NA
2021-04-01 19:00:00,NA,1493,26,47,NA
2021-04-01 20:00:00,NA,1492,25.4,48,NA
2021-04-01 21:00:00,NA,1496,25.1,51,NA
2021-04-01 22:00:00,NA,1500,22.8,58,NA
2021-04-01 23:00:00,NA,1508,21.5,62,NA
2021-04-02 00:00:00,908.9,NA,20.9,64,NA
2021-04-02 09:00:00,910.4,NA,17,82,NA
2021-04-02 10:00:00,910.4,NA,15.2,89,NA
2021-04-02 11:00:00,911.3,NA,14.8,91,NA
2021-04-02 12:00:00,911.8,NA,16.4,86,NA
2021-04-02 13:00:00,912.2,NA,17.6,77,NA
2021-04-02 14:00:00,911.8,NA,20,70,NA
2021-04-02 15:00:00,911,NA,21.6,62,NA
2021-04-02 16:00:00,910.2,NA,23,60,NA
2021-04-02 17:00:00,908.8,NA,24.6,52,NA
2021-04-02 18:00:00,907.8,NA,26.1,47,NA
2021-04-02 19:00:00,906.8,NA,27.4,44,NA
2021-04-02 20:00:00,906.2,NA,22.8,71,NA
2021-04-02 21:00:00,906.4,NA,26.8,47,NA
2021-04-02 22:00:00,907,NA,25,53,NA
2021-04-02 23:00:00,907.8,NA,23.4,55,NA
2021-04-03 09:00:00,NA,1525,15,91,NA
2021-04-03 10:00:00,NA,1529,14.2,94,NA
2021-04-03 11:00:00,NA,1534,15,87,NA
2021-04-03 12:00:00,NA,1542,16.7,81,NA
2021-04-03 13:00:00,NA,1547,17,79,NA
2021-04-03 14:00:00,NA,1549,18.5,73,NA
2021-04-03 15:00:00,NA,1548,20.8,63,NA
2021-04-03 16:00:00,NA,1540,22.2,60,NA
2021-04-03 17:00:00,NA,1532,24,55,NA
2021-04-03 18:00:00,NA,1522,25.6,51,NA
2021-04-03 19:00:00,NA,1518,24.9,51,NA
2021-04-03 20:00:00,NA,1515,25.8,50,NA
2021-04-03 21:00:00,NA,1515,25.4,51,NA
2021-04-03 22:00:00,NA,1517,23.7,61,NA
2021-04-03 23:00:00,NA,1521,21.4,67,NA
2021-04-04 00:00:00,910.5,NA,20.4,66,NA
2021-04-04 04:00:00,910.4,NA,15,95,NA
2021-04-04 10:00:00,910.4,NA,15,92,NA
2021-04-04 11:00:00,910.8,NA,14.2,95,NA
2021-04-04 12:00:00,910.9,NA,17.4,82,NA
2021-04-04 13:00:00,910.8,NA,19.7,73,NA
2021-04-04 14:00:00,910.4,NA,21,66,NA
2021-04-04 15:00:00,909.3,NA,23.4,59,NA
2021-04-04 16:00:00,908.4,NA,25,60,NA
2021-04-04 17:00:00,907.3,NA,26.6,47,NA
2021-04-04 18:00:00,905.7,NA,27,46,NA
2021-04-04 19:00:00,905,NA,27,45,NA
2021-04-04 20:00:00,904.5,NA,27,45,NA
2021-04-04 21:00:00,904.2,NA,26.6,51,NA
2021-04-04 22:00:00,905.4,NA,26,51,NA
2021-04-04 23:00:00,905.3,NA,24,56,NA
2021-04-05 09:00:00,NA,1508,17,90,NA
2021-04-05 10:00:00,NA,1512,17.3,89,NA
2021-04-05 11:00:00,NA,1513,15,95,NA
2021-04-05 12:00:00,NA,1519,18.7,84,NA
2021-04-05 13:00:00,NA,1521,20.8,75,NA
2021-04-05 14:00:00,NA,1518,22.7,69,NA
2021-04-05 15:00:00,NA,1511,25,63,NA
2021-04-05 16:00:00,NA,1502,27.8,59,NA
2021-04-05 17:00:00,NA,1493,29.8,40,NA
2021-04-05 18:00:00,NA,1475,31,36,NA
2021-04-05 19:00:00,NA,1474,32.2,35,NA
2021-04-05 20:00:00,NA,1476,31.8,35,NA
2021-04-05 21:00:00,NA,1479,31,39,NA
2021-04-05 22:00:00,NA,1483,28.6,44,NA
2021-04-05 23:00:00,NA,1486,26.6,53,NA
2021-04-06 00:00:00,906.2,NA,26,48,NA
2021-04-06 09:00:00,908.9,NA,18.4,95,NA
2021-04-06 10:00:00,909.3,NA,18.1,96,NA
2021-04-06 11:00:00,909.8,NA,17.9,96,NA
2021-04-06 12:00:00,910.2,NA,18.4,95,NA
2021-04-06 13:00:00,910.4,NA,18.6,93,NA
2021-04-06 14:00:00,910.5,NA,19.1,91,NA
2021-04-06 15:00:00,910.2,NA,19.6,88,NA
2021-04-06 16:00:00,909.4,NA,21.7,79,NA
2021-04-06 18:00:00,906.8,NA,25,62,NA
2021-04-06 19:00:00,905.8,NA,25.4,60,NA
2021-04-06 20:00:00,905.4,NA,26,58,NA
2021-04-06 21:00:00,905.4,NA,26,58,NA
2021-04-06 22:00:00,905.4,NA,24,67,NA
2021-04-06 23:00:00,905.8,NA,22,73,NA
2021-04-07 09:00:00,NA,1500,18,97,NA
2021-04-07 10:00:00,NA,1501,17.5,97,NA
2021-04-07 11:00:00,NA,1504,17.5,97,NA
2021-04-07 12:00:00,NA,1504,17.5,97,NA
2021-04-07 13:00:00,NA,1506,18.6,96,NA
2021-04-07 14:00:00,NA,1509,19.6,89,NA
2021-04-07 15:00:00,NA,1506,20.4,88,NA
2021-04-07 16:00:00,NA,1500,21.6,78,NA
2021-04-07 17:00:00,NA,1486,22,75,NA
2021-04-07 18:00:00,NA,1479,23.7,71,NA
2021-04-07 19:00:00,NA,1476,23.8,69,NA
2021-04-07 20:00:00,NA,1476,22.8,69,NA
2021-04-07 21:00:00,NA,1476,22.3,74,NA
2021-04-07 22:00:00,NA,1477,22,75,NA
2021-04-07 23:00:00,NA,1484,21.8,77,NA
2021-04-08 00:00:00,NA,1493,21.5,79,NA
2021-04-08 15:00:00,905.8,NA,26,62,NA
2021-04-08 16:00:00,904.9,NA,27,57,NA
2021-04-08 17:00:00,903.7,NA,29,50,NA
2021-04-08 18:00:00,902.6,NA,30,45,NA
2021-04-08 19:00:00,901.8,NA,31,41,NA
2021-04-08 20:00:00,901.6,NA,31.7,41,NA
2021-04-08 21:00:00,901.8,NA,30.8,41,NA
2021-04-08 22:00:00,902.6,NA,28.4,50,NA
2021-04-08 23:00:00,903.7,NA,26,60,NA
2021-04-09 09:00:00,NA,1514,21.4,71,NA
2021-04-09 10:00:00,NA,1516,21.2,73,NA
2021-04-09 11:00:00,NA,1520,21,73,NA
2021-04-09 12:00:00,NA,1522,21,73,NA
2021-04-09 13:00:00,NA,1526,21,73,NA
2021-04-09 14:00:00,NA,1525,22.4,65,NA
2021-04-09 15:00:00,NA,1521,23.2,64,NA
2021-04-09 16:00:00,NA,1520,22.8,66,NA
2021-04-09 18:00:00,NA,1500,23,66,NA
2021-04-10 00:00:00,NA,1509,20.8,70,NA
2021-04-11 12:00:00,NA,1582,14.7,62,NA
2021-04-11 18:00:00,914.9,NA,24,39,NA
2021-04-25 12:00:00,NA,1582,14.6,82,NA
2021-04-25 18:00:00,NA,1550,23.8,46,NA
2021-04-26 00:00:00,NA,1539,19.2,60,NA
2021-04-27 12:00:00,NA,1549,11.2,85,NA
2021-04-27 18:00:00,NA,1528,24.6,41,NA
2021-04-28 00:00:00,911.4,NA,18.1,61,NA
2021-04-28 12:00:00,915.4,NA,11.8,84,NA
2021-04-28 18:00:00,914,NA,25.6,40,NA
2021-04-29 12:00:00,NA,1559,10.2,91,NA
2021-04-29 18:00:00,NA,1550,26,39,NA
2021-04-30 00:00:00,911.8,NA,18.4,61,NA
2021-04-30 12:00:00,911.4,NA,9.4,94,NA
2021-04-30 18:00:00,906.6,NA,24,35,NA
2021-05-01 12:00:00,NA,1519,10.5,85,NA
2021-05-01 18:00:00,NA,1482,26.1,37,NA
2021-05-02 00:00:00,905.7,NA,18.6,59,NA
2021-05-02 12:00:00,908.5,NA,14.7,74,NA
2021-05-02 18:00:00,905,NA,25.6,38,NA
2021-05-03 12:00:00,NA,1551,11.8,91,NA
2021-05-03 18:00:00,NA,1479,25.9,41,NA
2021-05-04 00:00:00,907.7,NA,20.3,60,NA
2021-05-04 12:00:00,908.8,NA,9.5,93,NA
2021-05-04 18:00:00,913.4,NA,6,97,NA
2021-05-05 12:00:00,NA,NA,7,87,NA
2021-05-05 18:00:00,NA,1581,13,68,NA
2021-05-06 00:00:00,921.4,NA,10.5,88,NA
2021-05-06 12:00:00,922.1,NA,6.2,100,NA
2021-05-06 18:00:00,900.2,NA,20,35,NA
2021-05-07 12:00:00,NA,1516,6.8,97,NA
2021-05-07 18:00:00,NA,1536,16.6,66,NA
2021-05-08 00:00:00,913.8,NA,13.8,77,NA
2021-05-08 12:00:00,909.8,NA,5.8,NA,NA
2021-05-08 18:00:00,911.4,NA,17,61,NA
2021-05-09 12:00:00,NA,1552,10.8,88,NA
2021-05-09 18:00:00,NA,1545,17.4,58,NA
2021-05-10 00:00:00,916.6,NA,14.9,72,NA
2021-05-10 12:00:00,916.5,NA,12,97,NA
2021-05-10 18:00:00,914.1,NA,14.7,68,NA
2021-05-11 12:00:00,NA,1547,10.3,96,NA
2021-05-11 18:00:00,NA,1574,14.6,74,NA
2021-05-12 00:00:00,916.6,NA,11.2,93,NA
2021-05-12 12:00:00,917.4,NA,5.6,97,NA
2021-05-12 18:00:00,911.7,NA,20,50,NA
2021-05-13 12:00:00,NA,1512,6.3,96,NA
2021-05-13 18:00:00,NA,1454,20,56,NA
2021-05-14 00:00:00,912.9,NA,14.5,64,NA
2021-05-14 12:00:00,913.8,NA,4.8,73,NA
2021-05-14 18:00:00,912.6,NA,21.4,47,NA
2021-05-15 12:00:00,NA,1513,8,93,NA
2021-05-15 18:00:00,NA,1533,21,50,NA
2021-05-16 00:00:00,912.9,NA,14.9,69,NA
2021-05-16 12:00:00,914.2,NA,8.4,94,NA
2021-05-16 18:00:00,913,NA,21.2,50,NA
2021-05-17 12:00:00,NA,1574,12.6,82,NA
2021-05-17 18:00:00,NA,1519,22.3,50,NA
2021-05-18 00:00:00,912.9,NA,14.5,78,NA
2021-05-18 12:00:00,911.3,NA,8.2,97,NA
2021-05-18 18:00:00,906.9,NA,21.2,60,NA
2021-05-19 12:00:00,NA,1514,13.8,94,NA
2021-05-19 18:00:00,NA,1466,20.4,63,NA
2021-05-20 00:00:00,904.9,NA,13.4,90,NA
2021-05-20 12:00:00,909.8,NA,13,98,NA
2021-05-20 18:00:00,903.8,NA,19.6,65,NA
2021-05-21 12:00:00,NA,1489,12,96,NA
2021-05-21 18:00:00,NA,1514,17,46,NA
2021-05-22 00:00:00,912.5,NA,10.8,66,NA
2021-05-22 12:00:00,911.8,NA,8.4,73,NA
2021-05-22 16:00:00,912.6,NA,15,49,NA
2021-05-22 18:00:00,912.6,NA,15,49,NA
2021-05-23 12:00:00,NA,1567,3.9,83,NA
2021-05-23 18:00:00,NA,1554,16.4,42,NA
2021-05-24 00:00:00,NA,1546,7.8,77,NA
2021-05-25 12:00:00,NA,1506,3.8,82,NA
2021-05-25 18:00:00,NA,1542,20.2,38,NA
2021-05-26 00:00:00,NA,1533,9.4,68,NA
2021-05-27 12:00:00,906.6,1474,8,71,NA
2021-05-27 18:00:00,902.1,1440,18.6,45,NA
2021-05-28 00:00:00,NA,1436,10.3,73,NA
2021-05-29 00:00:00,902.1,NA,NA,NA,NA
2021-05-29 12:00:00,910.2,1511,6,97,NA
2021-05-29 18:00:00,912.2,1539,18.2,53,NA
2021-05-30 00:00:00,NA,1523,12.5,67,NA
2021-05-31 00:00:00,912.6,NA,NA,NA,NA
2021-05-31 12:00:00,915.3,1545,3,97,NA
2021-05-31 18:00:00,911.4,1526,20.3,38,NA
2021-06-01 00:00:00,NA,1496,11.1,69,NA
2021-06-02 00:00:00,905.7,NA,NA,NA,NA
2021-06-02 12:00:00,912.8,1536,6.8,89,NA
2021-06-02 18:00:00,911,1525,21.7,38,NA
2021-06-03 00:00:00,NA,1510,13.7,65,NA
2021-06-04 00:00:00,906.6,NA,NA,NA,NA
2021-06-04 12:00:00,903,1446,7,87,NA
2021-06-04 18:00:00,900.2,1434,26.3,31,NA
2021-06-05 00:00:00,NA,1458,18.4,66,NA
2021-06-06 00:00:00,912.8,NA,NA,NA,NA
2021-06-06 12:00:00,910.5,1514,9,75,NA
2021-06-06 18:00:00,907.8,1499,16.8,49,NA
2021-06-07 00:00:00,NA,1499,11.2,62,NA
2021-06-08 00:00:00,913.7,NA,NA,NA,NA
2021-06-08 12:00:00,NA,1523,7,87,NA
2021-06-08 18:00:00,NA,1495,20.6,47,NA
2021-06-09 00:00:00,NA,1492,12.8,83,NA
2021-06-10 00:00:00,910.5,NA,NA,NA,NA
2021-06-10 12:00:00,915,1550,5.9,100,NA
2021-06-10 18:00:00,917.4,1581,17.8,64,NA
2021-06-11 00:00:00,NA,1575,10.4,91,NA
2021-06-12 00:00:00,915.4,NA,NA,NA,NA
2021-06-12 12:00:00,911.3,1513,4.2,100,NA
2021-06-12 18:00:00,906.6,1487,22.5,39,NA
2021-06-13 00:00:00,NA,1492,14,71,NA
2021-06-14 00:00:00,908.2,NA,NA,NA,NA
2021-06-14 12:00:00,914.8,1551,5.6,100,NA
2021-06-14 18:00:00,914.4,1556,18.8,50,NA
2021-06-15 00:00:00,NA,1583,13.2,58,NA
2021-06-16 12:00:00,920.6,1586,0.2,96,NA
2021-06-16 18:00:00,919,1573,4,97,NA
2021-06-17 00:00:00,NA,1587,2.7,100,NA
2021-06-18 00:00:00,917.4,NA,NA,NA,NA
2021-06-18 12:00:00,916.2,1549,3,97,NA
2021-06-18 18:00:00,914.5,1535,4.4,97,NA
2021-06-19 00:00:00,NA,1556,4,100,NA
2021-06-20 00:00:00,915.8,NA,NA,NA,NA
2021-06-20 12:00:00,911.8,1509,-0.4,100,NA
2021-06-20 18:00:00,908.4,1490,10.6,68,NA
2021-06-21 00:00:00,NA,1506,5.6,88,NA
2021-06-21 18:00:00,910.6,NA,NA,NA,NA
2021-06-22 00:00:00,912.2,NA,NA,NA,NA
2021-06-22 12:00:00,910.2,1499,1,100,NA
2021-06-22 18:00:00,NA,1468,14.4,56,NA
2021-06-23 00:00:00,NA,1460,7.6,87,NA
2021-06-24 00:00:00,905.8,NA,NA,NA,NA
2021-06-24 12:00:00,911.7,1513,1.6,91,NA
2021-06-24 18:00:00,909,1500,16.4,47,NA
2021-06-25 00:00:00,NA,1484,7.4,76,NA
2021-06-26 00:00:00,905.2,NA,NA,NA,NA
2021-06-26 12:00:00,NA,1525,6.8,100,NA
2021-06-26 18:00:00,NA,1546,6.5,84,NA
2021-06-27 00:00:00,NA,1576,5.5,77,NA
2021-06-28 12:00:00,NA,1618,-2.6,92,NA
2021-06-28 18:00:00,NA,1604,14.4,38,NA
2021-06-29 00:00:00,NA,1597,5.6,66,NA
2021-06-30 00:00:00,918.2,NA,NA,NA,NA
2021-06-30 12:00:00,913.6,1524,-2,100,NA
2021-06-30 18:00:00,908.9,1492,14.6,35,NA
2021-07-01 00:00:00,NA,1491,6.2,58,NA
