2021-01-07 00:00:00,879.8,NA,NA,NA,NA
2021-01-07 09:00:00,877.8,1472,16.2,78,NA
2021-01-07 12:00:00,879.1,1509,20.6,66,NA
2021-01-07 15:00:00,875.8,1467,27,46,NA
2021-01-07 18:00:00,873.8,1442,31.4,38,NA
2021-01-07 21:00:00,871.9,1433,32,34,NA
2021-01-08 00:00:00,NA,1462,28.6,40,NA
2021-01-09 00:00:00,873,NA,NA,NA,NA
2021-01-09 09:00:00,873,1438,21.8,74,NA
2021-01-09 12:00:00,878.5,1486,23.6,69,NA
2021-01-09 15:00:00,871.4,1419,28.6,51,NA
2021-01-09 18:00:00,868.5,1391,32.2,42,NA
2021-01-09 21:00:00,869.5,1403,32.4,40,NA
2021-01-10 00:00:00,NA,1441,28.6,50,NA
2021-01-11 00:00:00,866.3,NA,NA,NA,NA
2021-01-11 09:00:00,870.1,1409,21.4,35,NA
2021-01-11 12:00:00,873.1,1438,28.2,54,NA
2021-01-11 15:00:00,867.1,1382,36.4,20,NA
2021-01-11 18:00:00,863.4,1344,39.6,20,NA
2021-01-11 21:00:00,865.9,1376,40,25,NA
2021-01-12 00:00:00,NA,1437,33.2,41,NA
2021-01-13 00:00:00,879,NA,NA,NA,NA
2021-01-13 09:00:00,877.4,1475,19.2,81,NA
2021-01-13 12:00:00,880.1,1521,21.2,77,NA
2021-01-13 15:00:00,875.3,1456,25.4,66,NA
2021-01-13 18:00:00,873.7,1440,28.2,53,NA
2021-01-13 21:00:00,873.9,1452,30,48,NA
2021-01-14 00:00:00,NA,1500,26.4,59,NA
2021-01-14 18:00:00,870.7,NA,NA,NA,NA
2021-01-15 00:00:00,873.3,NA,NA,NA,NA
2021-01-15 09:00:00,871.9,1429,21.8,47,NA
2021-01-15 12:00:00,877,1477,25.4,75,NA
2021-01-15 15:00:00,876.6,1401,32.6,36,NA
2021-01-15 18:00:00,875.1,1384,36.2,24,NA
2021-01-15 21:00:00,873.7,1363,35.4,29,NA
2021-01-16 00:00:00,NA,1404,31.4,38,NA
2021-01-17 00:00:00,878.5,NA,NA,NA,NA
2021-01-17 09:00:00,878.3,1481,15.8,83,NA
2021-01-17 12:00:00,885,1546,16.6,83,NA
2021-01-17 15:00:00,883.3,1530,22,52,NA
2021-01-17 18:00:00,NA,1516,26.4,37,NA
2021-01-17 21:00:00,NA,1499,27.2,34,NA
2021-01-18 00:00:00,NA,1508,24.2,37,NA
2021-01-19 09:00:00,NA,1486,18,64,NA
2021-01-19 12:00:00,NA,1521,22.8,50,NA
2021-01-19 15:00:00,NA,1468,30,34,NA
2021-01-19 18:00:00,NA,1443,33.8,26,NA
2021-01-19 21:00:00,NA,1455,32.2,26,NA
2021-01-20 00:00:00,NA,1502,28.4,35,NA
2021-01-21 09:00:00,NA,1497,22,58,NA
2021-01-21 12:00:00,NA,1535,26,46,NA
2021-01-21 15:00:00,NA,1480,30.2,34,NA
2021-01-21 18:00:00,NA,1464,33.4,29,NA
2021-01-21 21:00:00,NA,1484,31.2,30,NA
2021-01-22 00:00:00,NA,1520,24.8,47,NA
2021-01-23 09:00:00,NA,1487,19,64,NA
2021-01-23 12:00:00,NA,1513,23.4,59,NA
2021-01-23 15:00:00,NA,1469,31,38,NA
2021-01-23 18:00:00,NA,1434,35,31,NA
2021-01-23 21:00:00,NA,1425,33.8,31,NA
2021-01-24 00:00:00,NA,1474,29.6,39,NA
2021-01-25 09:00:00,NA,1416,19.8,76,NA
2021-01-25 12:00:00,NA,1454,23.2,69,NA
2021-01-25 15:00:00,NA,1399,31.4,40,NA
2021-01-25 18:00:00,NA,1392,30,41,NA
2021-01-25 21:00:00,NA,1395,30.8,41,NA
2021-01-26 00:00:00,NA,1460,26.2,52,NA
2021-01-26 15:00:00,873,NA,27.2,51,NA
2021-01-26 18:00:00,870.7,NA,30.2,46,NA
2021-01-27 09:00:00,NA,1475,17.8,84,NA
2021-01-27 12:00:00,NA,1502,21.4,67,NA
2021-01-27 15:00:00,NA,1448,28.4,49,NA
2021-01-27 18:00:00,NA,1411,32.6,42,NA
2021-01-27 21:00:00,NA,1403,32.4,42,NA
2021-01-28 00:00:00,NA,1422,29.2,47,NA
2021-01-29 09:00:00,NA,1388,20.4,87,NA
2021-01-29 12:00:00,NA,1436,24.6,63,NA
2021-01-29 15:00:00,NA,1389,30.4,47,NA
2021-01-29 18:00:00,NA,1363,36.2,34,NA
2021-01-29 21:00:00,NA,1363,35.4,33,NA
2021-01-30 00:00:00,NA,1394,31.4,43,NA
2021-01-31 00:00:00,875.1,NA,NA,NA,NA
2021-01-31 09:00:00,NA,1437,20.8,66,NA
2021-01-31 12:00:00,874.4,1444,21.6,66,NA
2021-01-31 15:00:00,871.3,1418,26.8,55,NA
2021-01-31 18:00:00,868.9,1401,30.6,48,NA
2021-01-31 21:00:00,868.1,1391,29.6,51,NA
2021-02-01 00:00:00,872.1,1430,23.6,63,NA
2021-02-01 21:00:00,868.3,NA,NA,NA,NA
2021-02-02 00:00:00,875.7,NA,NA,NA,NA
2021-02-02 09:00:00,874.3,1434,16.2,88,NA
2021-02-02 12:00:00,876.1,1488,16.2,91,NA
2021-02-02 15:00:00,876.5,1461,18.4,82,NA
2021-02-02 18:00:00,877,1472,20.6,73,NA
2021-02-02 21:00:00,875.3,1453,19.2,72,NA
2021-02-03 00:00:00,NA,1518,14.8,99,NA
2021-02-03 21:00:00,878.9,NA,NA,NA,NA
2021-02-04 00:00:00,883.9,NA,NA,NA,NA
2021-02-04 09:00:00,888.7,1531,18.2,77,NA
2021-02-04 12:00:00,886.6,1568,19.8,71,NA
2021-02-04 15:00:00,881.9,1524,27,52,NA
2021-02-04 18:00:00,879.3,1501,30.6,45,NA
2021-02-04 21:00:00,877.1,1486,30.2,43,NA
2021-02-05 00:00:00,NA,1530,26.2,50,NA
2021-02-05 09:00:00,NA,1485,17.2,71,NA
2021-02-05 12:00:00,NA,1530,21.6,63,NA
2021-02-05 15:00:00,NA,1477,28.6,48,NA
2021-02-05 18:00:00,NA,1462,32.2,44,NA
2021-02-05 21:00:00,NA,1441,33,42,NA
2021-02-06 00:00:00,877.1,1483,28.2,49,NA
2021-02-06 09:00:00,876.3,NA,NA,NA,NA
2021-02-06 12:00:00,877,NA,NA,NA,NA
2021-02-06 15:00:00,875.8,NA,NA,NA,NA
2021-02-06 18:00:00,873.3,NA,NA,NA,NA
2021-02-06 21:00:00,871.7,NA,NA,NA,NA
2021-02-08 00:00:00,877,NA,NA,NA,NA
2021-02-08 09:00:00,NA,1446,20.2,81,NA
2021-02-08 12:00:00,NA,1453,22.6,64,NA
2021-02-08 15:00:00,NA,1457,25.2,55,NA
2021-02-08 18:00:00,NA,1467,24.8,55,NA
2021-02-08 21:00:00,NA,1456,21.4,65,NA
2021-02-09 00:00:00,NA,1510,17.6,87,NA
2021-02-10 09:00:00,NA,1498,15.2,91,NA
2021-02-10 12:00:00,NA,1536,16.2,89,NA
2021-02-10 15:00:00,NA,1500,20.2,66,NA
2021-02-10 18:00:00,NA,1475,24.2,53,NA
2021-02-10 21:00:00,876.9,NA,22.8,55,NA
2021-02-11 00:00:00,881.4,NA,16.6,96,NA
2021-02-11 09:00:00,878.5,NA,15.2,87,NA
2021-02-11 12:00:00,881.1,NA,17.4,87,NA
2021-02-11 15:00:00,877.1,NA,22.6,59,NA
2021-02-11 18:00:00,874.2,NA,27.4,42,NA
2021-02-11 21:00:00,872.1,NA,27.8,32,NA
2021-02-12 09:00:00,NA,1474,18.8,67,NA
2021-02-12 12:00:00,NA,1501,20.2,70,NA
2021-02-12 15:00:00,NA,1456,25.8,40,NA
2021-02-12 18:00:00,NA,1440,29.2,33,NA
2021-02-12 21:00:00,NA,1431,27,38,NA
2021-02-13 00:00:00,879.3,NA,19.8,64,NA
2021-02-13 09:00:00,875.9,NA,15.2,88,NA
2021-02-13 12:00:00,877.9,NA,18.4,78,NA
2021-02-13 15:00:00,875.1,NA,24.2,53,NA
2021-02-13 18:00:00,872.6,NA,28.2,38,NA
2021-02-13 21:00:00,872.2,NA,29.2,30,NA
2021-02-14 09:00:00,NA,8500,16.8,82,NA
2021-02-14 12:00:00,NA,1452,21,91,NA
2021-02-14 15:00:00,NA,1447,27.3,39,NA
2021-02-14 18:00:00,NA,1432,31.4,33,NA
2021-02-14 21:00:00,NA,1422,31.2,29,NA
2021-02-15 00:00:00,871.8,NA,27.2,34,NA
2021-02-15 12:00:00,880.1,NA,20.4,69,NA
2021-02-15 15:00:00,876.3,NA,23.8,52,NA
2021-02-15 18:00:00,874.6,NA,25.6,48,NA
2021-02-15 21:00:00,874.5,NA,26.2,44,NA
2021-02-16 09:00:00,NA,1484,18.4,70,NA
2021-02-16 12:00:00,NA,1510,19,74,NA
2021-02-16 15:00:00,NA,1465,25.6,49,NA
2021-02-16 18:00:00,NA,1441,29.6,38,NA
2021-02-16 21:00:00,NA,1432,29.2,36,NA
2021-02-17 00:00:00,876.1,NA,26.6,45,NA
2021-02-17 09:00:00,874.5,NA,18.2,80,NA
2021-02-17 12:00:00,874.9,NA,21.4,72,NA
2021-02-17 15:00:00,874.9,NA,27.4,50,NA
2021-02-17 18:00:00,871.9,NA,31.6,35,NA
2021-02-17 21:00:00,869.8,NA,31,37,NA
2021-02-18 09:00:00,NA,1459,19.2,77,NA
2021-02-18 12:00:00,NA,1484,22.6,69,NA
2021-02-18 15:00:00,NA,1439,28.8,48,NA
2021-02-18 18:00:00,NA,1421,33.6,36,NA
2021-02-18 21:00:00,869.5,NA,32,36,NA
2021-02-19 00:00:00,874.1,NA,28.6,45,NA
2021-02-19 09:00:00,875,NA,19.2,72,NA
2021-02-19 12:00:00,879.3,NA,24.2,61,NA
2021-02-19 15:00:00,879.3,NA,30.2,40,NA
2021-02-19 18:00:00,876.6,NA,30.8,39,NA
2021-02-19 21:00:00,872.6,NA,30.2,42,NA
2021-02-20 09:00:00,NA,1485,19,82,NA
2021-02-20 12:00:00,NA,1513,23.2,63,NA
2021-02-20 15:00:00,NA,1457,26.6,54,NA
2021-02-20 18:00:00,NA,1422,32.4,39,NA
2021-02-20 21:00:00,871,NA,32.4,38,NA
2021-02-21 00:00:00,876.3,NA,27.4,51,NA
2021-02-21 09:00:00,875.7,NA,18.2,88,NA
2021-02-21 12:00:00,877.8,NA,20.4,80,NA
2021-02-21 15:00:00,875.4,NA,27.4,56,NA
2021-02-21 18:00:00,873.4,NA,31.2,44,NA
2021-02-21 21:00:00,871.4,NA,34,38,NA
2021-02-22 09:00:00,NA,1448,20,82,NA
2021-02-22 12:00:00,NA,1485,23.2,70,NA
2021-02-22 15:00:00,NA,1449,29.6,50,NA
2021-02-22 18:00:00,NA,1432,34.6,38,NA
2021-02-22 21:00:00,NA,1425,35,38,NA
2021-02-23 00:00:00,875.4,NA,30.6,46,NA
2021-02-23 09:00:00,876.3,NA,24.2,73,NA
2021-02-23 12:00:00,879.4,NA,25.2,71,NA
2021-02-23 15:00:00,876.7,NA,29.2,57,NA
2021-02-23 18:00:00,875.8,NA,32.2,50,NA
2021-02-23 21:00:00,874.2,NA,31,53,NA
2021-02-24 10:00:00,NA,1495,20.8,82,NA
2021-02-24 12:00:00,NA,1522,21.2,82,NA
2021-02-24 15:00:00,NA,1477,27,63,NA
2021-02-24 18:00:00,NA,1451,29.2,57,NA
2021-02-24 21:00:00,NA,1442,28.4,58,NA
2021-02-25 00:00:00,879.1,NA,26.2,63,NA
2021-02-25 09:00:00,878.5,NA,21.2,86,NA
2021-02-25 12:00:00,881.3,NA,23,80,NA
2021-02-25 15:00:00,877.1,NA,28.6,61,NA
2021-02-25 18:00:00,873.3,NA,32.8,46,NA
2021-02-25 21:00:00,873,NA,32.8,52,NA
2021-02-26 09:00:00,NA,1449,23.2,75,NA
2021-02-26 12:00:00,NA,1477,25.8,72,NA
2021-02-26 15:00:00,NA,1441,30.8,44,NA
2021-02-26 18:00:00,NA,1423,32.6,40,NA
2021-02-26 21:00:00,871.1,NA,33,37,NA
2021-02-27 00:00:00,878.7,NA,24.2,64,NA
2021-02-27 09:00:00,875.8,NA,20.4,79,NA
2021-02-27 12:00:00,881,NA,24.2,66,NA
2021-02-27 15:00:00,877.4,NA,21.6,67,NA
2021-02-27 18:00:00,874.7,NA,33,34,NA
2021-02-27 21:00:00,873.3,NA,32,36,NA
2021-02-28 09:00:00,NA,1457,21.6,76,NA
2021-02-28 12:00:00,NA,1504,22.2,74,NA
2021-02-28 15:00:00,NA,1497,28.2,51,NA
2021-02-28 18:00:00,NA,1463,33.2,35,NA
2021-02-28 21:00:00,NA,1454,31.2,39,NA
2021-03-01 00:00:00,NA,1462,28.2,49,NA
2021-03-02 09:00:00,NA,1483,18.2,88,NA
2021-03-02 12:00:00,NA,1500,18.6,86,NA
2021-03-02 15:00:00,NA,1453,20.6,80,NA
2021-03-02 18:00:00,874.3,1446,24.6,66,NA
2021-03-02 21:00:00,875,1457,24.2,61,NA
2021-03-03 00:00:00,NA,1504,19.2,90,NA
2021-03-04 00:00:00,880.9,NA,NA,NA,NA
2021-03-04 09:00:00,879.8,1497,17.2,88,NA
2021-03-04 12:00:00,882.1,1520,20.4,78,NA
2021-03-04 15:00:00,877.8,1487,27.2,49,NA
2021-03-04 18:00:00,876.1,1477,31,35,NA
2021-03-04 21:00:00,877,1483,30.2,37,NA
2021-03-05 00:00:00,NA,1520,25.8,55,NA
2021-03-06 00:00:00,877.5,NA,NA,NA,NA
2021-03-06 09:00:00,877.9,1485,17.2,73,NA
2021-03-06 12:00:00,879.9,1502,22,61,NA
2021-03-06 15:00:00,875.4,1458,29.6,40,NA
2021-03-06 18:00:00,874.3,1454,33.8,31,NA
2021-03-06 21:00:00,870.9,1425,34.2,32,NA
2021-03-07 00:00:00,NA,1483,28.6,40,NA
2021-03-08 00:00:00,874.1,NA,NA,NA,NA
2021-03-08 09:00:00,878.9,1498,20.4,79,NA
2021-03-08 12:00:00,880.3,1532,23.4,70,NA
2021-03-08 15:00:00,878.2,1488,29,52,NA
2021-03-08 18:00:00,877.4,1482,32.2,43,NA
2021-03-08 21:00:00,879.4,1504,31.2,45,NA
2021-03-09 00:00:00,NA,1521,26.4,55,NA
2021-03-09 21:00:00,876.9,NA,NA,NA,NA
2021-03-10 00:00:00,877.7,NA,NA,NA,NA
2021-03-10 09:00:00,876.5,1467,19.8,76,NA
2021-03-10 12:00:00,877.8,1484,21.4,74,NA
2021-03-10 15:00:00,872.7,1438,29.4,51,NA
2021-03-10 18:00:00,869.3,1403,34.8,40,NA
2021-03-10 21:00:00,866.9,1383,35,35,NA
2021-03-11 00:00:00,NA,1443,29.8,47,NA
2021-03-12 00:00:00,879,NA,NA,NA,NA
2021-03-12 09:00:00,877.5,1472,17,97,NA
2021-03-12 12:00:00,881.5,1509,18.6,97,NA
2021-03-12 15:00:00,876.9,1474,22.8,73,NA
2021-03-12 18:00:00,873,1438,27.4,59,NA
2021-03-12 21:00:00,873.4,1440,26.8,59,NA
2021-03-13 00:00:00,NA,1497,22.2,74,NA
2021-03-14 09:00:00,NA,1464,19.2,64,NA
2021-03-14 12:00:00,NA,1482,19,67,NA
2021-03-14 15:00:00,NA,1484,22.6,66,NA
2021-03-14 18:00:00,NA,1467,27,58,NA
2021-03-14 21:00:00,NA,1458,24.2,60,NA
2021-03-15 00:00:00,NA,1457,23,76,NA
2021-03-15 09:00:00,876.9,NA,18.2,89,NA
2021-03-15 12:00:00,879,NA,19,89,NA
2021-03-15 15:00:00,874.2,NA,23,71,NA
2021-03-15 18:00:00,870.6,NA,25.6,60,NA
2021-03-16 09:00:00,NA,1427,18,97,NA
2021-03-16 12:00:00,NA,1467,18.4,95,NA
2021-03-16 15:00:00,NA,1425,23.4,65,NA
2021-03-16 18:00:00,NA,1418,27.4,51,NA
2021-03-16 21:00:00,NA,1431,28,48,NA
2021-03-17 00:00:00,877.8,NA,23.8,59,NA
2021-03-17 09:00:00,878.5,NA,18.2,85,NA
2021-03-18 09:00:00,NA,1498,15,97,NA
2021-03-18 12:00:00,NA,1506,17.4,83,NA
2021-03-18 15:00:00,NA,1441,17.6,77,NA
2021-03-18 18:00:00,NA,1434,21.4,62,NA
2021-03-18 21:00:00,NA,1435,21.4,65,NA
2021-03-19 00:00:00,877.7,NA,18.6,75,NA
2021-03-19 09:00:00,875.4,NA,15,86,NA
2021-03-19 12:00:00,877.4,NA,15.2,86,NA
2021-03-19 15:00:00,872.9,NA,17.8,74,NA
2021-03-19 18:00:00,870.7,NA,21.4,60,NA
2021-03-19 21:00:00,869.5,NA,20.2,69,NA
2021-03-20 09:00:00,NA,1440,13,90,NA
2021-03-20 12:00:00,NA,1496,14.6,90,NA
2021-03-20 15:00:00,NA,1479,17.4,78,NA
2021-03-20 18:00:00,NA,1473,22.2,60,NA
2021-03-20 21:00:00,NA,1465,21.2,66,NA
2021-03-21 00:00:00,883.7,NA,18.2,80,NA
2021-03-21 09:00:00,884.3,NA,15,86,NA
2021-03-21 12:00:00,887.5,NA,15.2,88,NA
2021-03-21 15:00:00,886.7,NA,19,68,NA
2021-03-21 18:00:00,884.3,NA,21.2,58,NA
2021-03-21 21:00:00,883.3,NA,19.8,66,NA
2021-03-22 09:00:00,NA,1488,14,86,NA
2021-03-22 12:00:00,NA,1526,16.2,79,NA
2021-03-22 15:00:00,NA,1509,20.2,63,NA
2021-03-22 18:00:00,NA,1474,22.2,58,NA
2021-03-22 21:00:00,879.1,NA,21.2,62,NA
2021-03-23 00:00:00,884.5,NA,19,68,NA
2021-03-23 09:00:00,880.9,NA,11.2,82,NA
2021-03-23 12:00:00,882.7,NA,14.8,86,NA
2021-03-23 15:00:00,880,NA,22.6,58,NA
2021-03-23 18:00:00,872.2,NA,28.2,44,NA
2021-03-23 21:00:00,873.7,NA,27.2,44,NA
2021-03-24 09:00:00,NA,1452,13.2,87,NA
2021-03-24 12:00:00,NA,1487,16.8,78,NA
2021-03-24 15:00:00,NA,1443,24.2,54,NA
2021-03-24 18:00:00,NA,1420,29,44,NA
2021-03-24 21:00:00,NA,1432,29,46,NA
2021-03-25 00:00:00,876.5,NA,24,58,NA
2021-03-25 09:00:00,873.8,NA,16.4,86,NA
2021-03-25 12:00:00,879,NA,19.6,77,NA
2021-03-25 15:00:00,873.4,NA,26.2,59,NA
2021-03-25 18:00:00,871,NA,30.2,44,NA
2021-03-25 21:00:00,871.5,NA,30.2,43,NA
2021-03-26 09:00:00,NA,1455,18.2,80,NA
2021-03-26 12:00:00,NA,1509,17.2,80,NA
2021-03-26 15:00:00,NA,1480,18.6,75,NA
2021-03-26 18:00:00,NA,1442,16.4,85,NA
2021-03-26 21:00:00,NA,1469,15.4,87,NA
2021-03-27 00:00:00,884.2,NA,13.6,90,NA
2021-03-27 09:00:00,882.9,NA,11.4,91,NA
2021-03-27 12:00:00,885.9,NA,11.4,96,NA
2021-03-27 15:00:00,880.9,NA,15,76,NA
2021-03-27 18:00:00,879.4,NA,18.2,59,NA
2021-03-27 21:00:00,880.6,NA,20,55,NA
2021-03-28 09:00:00,NA,1515,12.2,86,NA
2021-03-28 12:00:00,NA,1495,13,81,NA
2021-03-28 15:00:00,NA,1489,21,52,NA
2021-03-28 18:00:00,NA,1476,24.4,46,NA
2021-03-28 21:00:00,875.5,NA,25.2,43,NA
2021-03-29 00:00:00,877.3,NA,20.4,56,NA
2021-03-29 09:00:00,880.1,NA,10.8,79,NA
2021-03-29 12:00:00,880.8,NA,14.6,68,NA
2021-03-29 15:00:00,879.7,NA,22.4,48,NA
2021-03-29 18:00:00,877.3,NA,27,42,NA
2021-03-29 21:00:00,877.3,NA,27,44,NA
2021-03-30 09:00:00,NA,1499,11.3,84,NA
2021-03-30 12:00:00,NA,1514,15,71,NA
2021-03-30 15:00:00,NA,1477,23.6,65,NA
2021-03-30 18:00:00,NA,1454,27.6,30,NA
2021-03-30 21:00:00,NA,1441,28.2,30,NA
2021-03-31 00:00:00,878.5,NA,22.8,38,NA
2021-03-31 15:00:00,875.4,NA,23.4,45,NA
2021-03-31 18:00:00,873.1,NA,27.6,34,NA
2021-03-31 21:00:00,873.5,NA,27.8,35,NA
2021-04-01 09:00:00,NA,1464,17,72,NA
2021-04-01 12:00:00,NA,1499,17.6,71,NA
2021-04-01 15:00:00,NA,1463,22.4,54,NA
2021-04-01 18:00:00,NA,1428,27,40,NA
2021-04-01 21:00:00,873.1,NA,27,38,NA
2021-04-02 00:00:00,878.7,NA,22.2,55,NA
2021-04-02 09:00:00,878.3,NA,15.4,82,NA
2021-04-02 12:00:00,881.8,NA,16.6,77,NA
2021-04-02 15:00:00,876.9,NA,23.2,54,NA
2021-04-02 18:00:00,874.1,NA,27.6,38,NA
2021-04-02 21:00:00,873.3,NA,27,40,NA
2021-04-03 09:00:00,NA,1472,15,79,NA
2021-04-03 12:00:00,NA,1507,17,73,NA
2021-04-03 15:00:00,NA,1473,22.6,60,NA
2021-04-03 18:00:00,NA,1457,27,44,NA
2021-04-03 21:00:00,NA,1468,26,44,NA
2021-04-04 00:00:00,880.5,NA,22.2,55,NA
2021-04-04 09:00:00,876.3,NA,15.6,80,NA
2021-04-04 12:00:00,877.5,NA,17.6,74,NA
2021-04-04 15:00:00,875.5,NA,25.4,49,NA
2021-04-04 18:00:00,872.1,NA,28.8,36,NA
2021-04-04 21:00:00,871.7,NA,27.8,41,NA
2021-04-05 09:00:00,NA,1463,14.2,78,NA
2021-04-05 12:00:00,NA,1488,18,71,NA
2021-04-05 15:00:00,NA,1436,25.8,49,NA
2021-04-05 18:00:00,NA,1422,31.4,34,NA
2021-04-05 21:00:00,NA,1423,32,27,NA
2021-04-06 00:00:00,877.5,NA,25.6,43,NA
2021-04-06 09:00:00,876.1,NA,15.8,73,NA
2021-04-06 12:00:00,880.1,NA,19,62,NA
2021-04-06 15:00:00,875.7,NA,27.4,42,NA
2021-04-06 18:00:00,872.1,NA,31.6,34,NA
2021-04-06 21:00:00,872.1,NA,31.4,33,NA
2021-04-07 09:00:00,NA,1454,16.2,88,NA
2021-04-07 12:00:00,NA,1480,18.2,84,NA
2021-04-07 15:00:00,NA,1436,25.4,61,NA
2021-04-07 18:00:00,NA,1410,29.8,47,NA
2021-04-07 21:00:00,NA,1411,28,48,NA
2021-04-08 00:00:00,NA,1457,22.8,67,NA
2021-04-08 15:00:00,872.6,NA,25.8,59,NA
2021-04-08 18:00:00,868.9,NA,30.8,38,NA
2021-04-08 21:00:00,870.3,NA,29,45,NA
2021-04-09 09:00:00,NA,1456,20.2,83,NA
2021-04-09 12:00:00,NA,1492,20.6,85,NA
2021-04-09 15:00:00,NA,1446,26,64,NA
2021-04-09 18:00:00,NA,1421,29.2,48,NA
2021-04-09 21:00:00,NA,1421,27.8,52,NA
2021-04-10 00:00:00,NA,1467,23.2,60,NA
2021-04-11 09:00:00,NA,1524,11,89,NA
2021-04-11 12:00:00,NA,1568,12,85,NA
2021-04-11 15:00:00,NA,1564,17.2,62,NA
2021-04-11 18:00:00,NA,1541,22.2,48,NA
2021-04-11 21:00:00,NA,1543,22,49,NA
2021-04-12 00:00:00,NA,1550,17.2,62,NA
2021-04-13 09:00:00,NA,1520,10.2,75,NA
2021-04-13 12:00:00,885.4,1541,14.6,67,NA
2021-04-13 15:00:00,884.7,1500,22.4,45,NA
2021-04-13 18:00:00,877.4,1477,28.4,39,NA
2021-04-13 21:00:00,877.4,1480,27,36,NA
2021-04-14 00:00:00,NA,1516,21.4,50,NA
2021-04-15 00:00:00,877.8,NA,NA,NA,NA
2021-04-15 09:00:00,876.6,1461,12.2,77,NA
2021-04-15 12:00:00,881.5,1510,15.2,81,NA
2021-04-15 15:00:00,876.6,1473,24.2,54,NA
2021-04-15 18:00:00,875.7,1461,28.4,43,NA
2021-04-15 21:00:00,NA,1451,28,39,NA
2021-04-16 00:00:00,NA,1488,24.2,50,NA
2021-04-17 00:00:00,878.2,NA,NA,NA,NA
2021-04-17 09:00:00,878.1,1482,14.4,67,NA
2021-04-17 12:00:00,880.1,1516,15.6,73,NA
2021-04-17 15:00:00,876.2,1463,25.2,47,NA
2021-04-17 18:00:00,875,1459,29.4,37,NA
2021-04-17 21:00:00,876.3,1471,28.4,34,NA
2021-04-18 00:00:00,NA,1488,24.2,48,NA
2021-04-18 21:00:00,873.4,NA,NA,NA,NA
2021-04-19 00:00:00,874.3,NA,NA,NA,NA
2021-04-19 09:00:00,876.5,1463,16,71,NA
2021-04-19 12:00:00,880.5,1500,19.2,72,NA
2021-04-19 15:00:00,875.5,1455,25.8,52,NA
2021-04-19 18:00:00,873.1,1441,30.4,38,NA
2021-04-19 21:00:00,873.7,1441,29,39,NA
2021-04-20 00:00:00,NA,1479,24.6,50,NA
2021-04-21 00:00:00,873.3,NA,NA,NA,NA
2021-04-21 09:00:00,871.3,1419,16.4,96,NA
2021-04-21 12:00:00,874.9,1451,18,66,NA
2021-04-21 15:00:00,870.9,1417,27.6,38,NA
2021-04-21 18:00:00,869.3,1401,32.4,35,NA
2021-04-21 21:00:00,870.2,1412,29,30,NA
2021-04-22 00:00:00,NA,1478,22.6,50,NA
2021-04-23 00:00:00,875.9,NA,NA,NA,NA
2021-04-23 09:00:00,NA,1431,11.4,84,NA
2021-04-23 12:00:00,NA,1475,13,80,NA
2021-04-23 15:00:00,NA,1432,20.6,58,NA
2021-04-23 18:00:00,NA,1396,24.4,42,NA
2021-04-23 21:00:00,NA,1428,23,48,NA
2021-04-24 00:00:00,NA,1504,20.2,59,NA
2021-04-25 09:00:00,NA,1506,13.6,73,NA
2021-04-25 12:00:00,NA,1505,13.6,80,NA
2021-04-25 15:00:00,NA,1509,21.6,53,NA
2021-04-25 18:00:00,NA,1486,24.2,40,NA
2021-04-25 21:00:00,NA,1476,22.2,48,NA
2021-04-26 00:00:00,NA,1484,19.4,52,NA
2021-04-27 09:00:00,NA,1496,10,84,NA
2021-04-27 12:00:00,NA,1520,10.6,82,NA
2021-04-27 15:00:00,NA,1488,20.6,55,NA
2021-04-27 18:00:00,NA,1466,26.2,40,NA
2021-04-27 21:00:00,NA,1478,25,43,NA
2021-04-28 00:00:00,881.1,NA,19.4,54,NA
2021-04-28 09:00:00,881.1,NA,10,84,NA
2021-04-28 12:00:00,885.3,NA,10.2,86,NA
2021-04-28 15:00:00,881.3,NA,21.6,53,NA
2021-04-28 18:00:00,879.5,NA,26.4,38,NA
2021-04-28 21:00:00,880.3,NA,25,37,NA
2021-04-29 09:00:00,NA,1515,8.8,77,NA
2021-04-29 12:00:00,NA,1549,12.6,62,NA
2021-04-29 15:00:00,NA,1489,22.2,50,NA
2021-04-29 18:00:00,NA,1497,27.2,37,NA
2021-04-29 21:00:00,877.9,NA,26,38,NA
2021-04-30 00:00:00,879.2,NA,21,46,NA
2021-04-30 09:00:00,879.3,NA,9.2,81,NA
2021-04-30 12:00:00,881.3,NA,12,61,NA
2021-04-30 15:00:00,879.6,NA,22.6,45,NA
2021-04-30 18:00:00,873.6,NA,27.2,37,NA
2021-04-30 21:00:00,873.4,NA,26,36,NA
2021-05-01 09:00:00,NA,1449,9.4,79,NA
2021-05-01 12:00:00,NA,1493,12.2,64,NA
2021-05-01 15:00:00,NA,1443,23.4,43,NA
2021-05-01 18:00:00,NA,1428,27.6,36,NA
2021-05-01 21:00:00,NA,1431,27.4,37,NA
2021-05-02 00:00:00,876.9,NA,18.2,56,NA
2021-05-02 09:00:00,874.2,NA,7.2,74,NA
2021-05-02 12:00:00,874.9,NA,10.2,68,NA
2021-05-02 15:00:00,877.7,NA,22.6,43,NA
2021-05-02 18:00:00,874.5,NA,27.2,39,NA
2021-05-02 21:00:00,873.5,NA,25.2,45,NA
2021-05-03 06:00:00,NA,1429,9.2,74,NA
2021-05-03 12:00:00,NA,1454,11.2,65,NA
2021-05-03 15:00:00,NA,1422,22,49,NA
2021-05-03 18:00:00,NA,1388,26.2,44,NA
2021-05-03 21:00:00,NA,1408,25.2,43,NA
2021-05-04 00:00:00,878.1,NA,19.8,61,NA
2021-05-04 09:00:00,878.6,NA,15.4,75,NA
2021-05-04 12:00:00,885,NA,13.8,86,NA
2021-05-04 15:00:00,882.5,NA,10.6,94,NA
2021-05-04 18:00:00,882.2,NA,9.6,93,NA
2021-05-04 21:00:00,882.2,NA,8.4,96,NA
2021-05-05 09:00:00,NA,1544,6.4,95,NA
2021-05-05 12:00:00,NA,1570,6.2,98,NA
2021-05-05 15:00:00,NA,1516,8.8,91,NA
2021-05-05 18:00:00,NA,1511,10.4,80,NA
2021-05-05 21:00:00,881.7,NA,10.8,78,NA
2021-05-06 00:00:00,885.5,NA,9.2,86,NA
2021-05-06 09:00:00,888.1,NA,4.2,85,NA
2021-05-06 12:00:00,891.1,NA,6.2,95,NA
2021-05-06 15:00:00,885.9,NA,13.8,72,NA
2021-05-06 18:00:00,883.8,NA,18.2,51,NA
2021-05-06 21:00:00,883.7,NA,17.4,53,NA
2021-05-07 09:00:00,NA,1500,6.4,93,NA
2021-05-07 12:00:00,NA,1516,8.2,86,NA
2021-05-07 15:00:00,NA,1475,16.2,61,NA
2021-05-07 18:00:00,NA,1471,20.2,48,NA
2021-05-07 21:00:00,NA,1472,18.8,56,NA
2021-05-08 00:00:00,882.3,NA,13.2,74,NA
2021-05-08 09:00:00,878.9,NA,5.4,95,NA
2021-05-08 12:00:00,882.6,NA,7.2,96,NA
2021-05-08 15:00:00,878.1,NA,16,66,NA
2021-05-08 18:00:00,874.3,NA,20.8,54,NA
2021-05-08 21:00:00,875.1,NA,20,52,NA
2021-05-09 09:00:00,NA,1484,9,87,NA
2021-05-09 12:00:00,NA,1492,10.2,86,NA
2021-05-09 15:00:00,NA,1493,12.2,79,NA
2021-05-09 18:00:00,NA,1477,15.2,68,NA
2021-05-09 21:00:00,NA,1497,15,70,NA
2021-05-10 00:00:00,883.3,NA,14,76,NA
2021-05-10 09:00:00,883.4,NA,12,85,NA
2021-05-10 12:00:00,888.2,NA,12.2,85,NA
2021-05-10 15:00:00,883.8,NA,15.2,70,NA
2021-05-10 18:00:00,881.3,NA,15.8,67,NA
2021-05-10 21:00:00,881.4,NA,15,67,NA
2021-05-11 09:00:00,NA,1503,10.4,94,NA
2021-05-11 12:00:00,NA,1548,10.6,89,NA
2021-05-11 15:00:00,NA,1513,13.2,80,NA
2021-05-11 18:00:00,NA,1505,15.8,70,NA
2021-05-11 21:00:00,NA,1517,16,59,NA
2021-05-12 00:00:00,885.7,NA,9.6,86,NA
2021-05-12 09:00:00,882.2,NA,3.2,91,NA
2021-05-12 12:00:00,886.1,NA,5.6,92,NA
2021-05-12 15:00:00,881.1,NA,16.4,61,NA
2021-05-12 18:00:00,877.7,NA,21.8,46,NA
2021-05-12 21:00:00,877.7,NA,20.4,55,NA
2021-05-13 09:00:00,NA,1481,5.4,93,NA
2021-05-13 12:00:00,NA,1506,6.2,90,NA
2021-05-13 15:00:00,NA,1474,16.6,58,NA
2021-05-13 18:00:00,NA,1463,22.4,50,NA
2021-05-13 21:00:00,877.4,NA,21.4,51,NA
2021-05-14 00:00:00,881.9,NA,14.8,67,NA
2021-05-14 09:00:00,879,NA,4.2,86,NA
2021-05-14 12:00:00,883.5,NA,6.2,81,NA
2021-05-14 15:00:00,878.7,NA,17.8,56,NA
2021-05-14 18:00:00,875,NA,24.2,45,NA
2021-05-14 21:00:00,875.9,NA,22.2,51,NA
2021-05-15 09:00:00,NA,1464,5.2,87,NA
2021-05-15 12:00:00,NA,1507,8.2,73,NA
2021-05-15 15:00:00,NA,1476,18.4,58,NA
2021-05-15 18:00:00,NA,1464,23.2,49,NA
2021-05-15 21:00:00,NA,1455,21.4,54,NA
2021-05-16 00:00:00,881.7,NA,15.2,69,NA
2021-05-16 09:00:00,878.9,NA,7.2,90,NA
2021-05-16 12:00:00,879.8,NA,7.8,89,NA
2021-05-16 15:00:00,880.3,NA,19.2,57,NA
2021-05-16 18:00:00,877.7,NA,23.4,52,NA
2021-05-16 21:00:00,877.5,NA,21.8,57,NA
2021-05-17 09:00:00,NA,1503,7.2,96,NA
2021-05-17 12:00:00,NA,1545,8.8,91,NA
2021-05-17 15:00:00,NA,1515,18.6,52,NA
2021-05-17 18:00:00,NA,1493,22.8,42,NA
2021-05-17 21:00:00,NA,1465,21.6,43,NA
2021-05-18 00:00:00,872.7,NA,18.4,41,NA
2021-05-18 09:00:00,877.7,NA,7.2,82,NA
2021-05-18 12:00:00,881,NA,10,70,NA
2021-05-18 15:00:00,876.5,NA,18.6,51,NA
2021-05-18 18:00:00,872.7,NA,22.6,41,NA
2021-05-18 21:00:00,871.7,NA,21.2,48,NA
2021-05-19 09:00:00,NA,1418,8.4,82,NA
2021-05-19 12:00:00,NA,1454,9,79,NA
2021-05-19 15:00:00,NA,1438,18,55,NA
2021-05-19 18:00:00,NA,1408,22.8,44,NA
2021-05-19 21:00:00,870.1,NA,22.2,46,NA
2021-05-20 00:00:00,874.6,NA,15.6,67,NA
2021-05-20 09:00:00,872.5,NA,16.2,90,NA
2021-05-20 12:00:00,875.4,NA,8.8,83,NA
2021-05-20 15:00:00,871.1,NA,18,58,NA
2021-05-20 18:00:00,869.1,NA,21.6,48,NA
2021-05-20 21:00:00,869.4,NA,21,51,NA
2021-05-21 09:00:00,NA,1408,8.7,66,NA
2021-05-21 12:00:00,NA,1454,12.2,80,NA
2021-05-21 15:00:00,NA,1421,19.6,22,NA
2021-05-21 18:00:00,NA,1424,20.4,32,NA
2021-05-21 21:00:00,NA,1433,15.8,39,NA
2021-05-22 00:00:00,881.4,NA,11.6,53,NA
2021-05-22 09:00:00,879.5,NA,4.4,78,NA
2021-05-22 12:00:00,882.9,NA,4.4,76,NA
2021-05-22 15:00:00,878.7,NA,11.6,52,NA
2021-05-22 18:00:00,877.1,NA,13.8,44,NA
2021-05-22 21:00:00,877.5,NA,14.2,41,NA
2021-05-23 09:00:00,NA,1513,0.2,NA,NA
2021-05-23 12:00:00,NA,1555,1.2,91,NA
2021-05-23 15:00:00,NA,1544,12.2,46,NA
2021-05-23 18:00:00,NA,1524,16.2,35,NA
2021-05-23 21:00:00,NA,1526,14.6,44,NA
2021-05-24 00:00:00,NA,1540,8.2,60,NA
2021-05-25 09:00:00,NA,1462,5,57,NA
2021-05-25 12:00:00,NA,1515,7.2,47,NA
2021-05-25 15:00:00,NA,1485,18.6,32,NA
2021-05-25 18:00:00,NA,1474,24.2,22,NA
2021-05-25 21:00:00,NA,1486,21.4,31,NA
2021-05-26 00:00:00,NA,1528,12.8,45,NA
2021-05-27 09:00:00,NA,1453,4.2,63,NA
2021-05-27 12:00:00,NA,1478,7.2,47,NA
2021-05-27 15:00:00,874.2,1438,18.4,32,NA
2021-05-27 18:00:00,870.3,1402,23.4,28,NA
2021-05-27 21:00:00,869,1397,21.8,33,NA
2021-05-28 00:00:00,NA,1433,13.6,46,NA
2021-05-29 00:00:00,872.9,NA,NA,NA,NA
2021-05-29 09:00:00,875.8,1451,10.2,66,NA
2021-05-29 12:00:00,881.8,1511,9.6,67,NA
2021-05-29 15:00:00,879,1485,15.8,55,NA
2021-05-29 18:00:00,876.7,1462,21,40,NA
2021-05-29 21:00:00,876.7,1467,19.8,45,NA
2021-05-30 00:00:00,NA,1508,13.6,64,NA
2021-05-31 00:00:00,880.1,NA,NA,NA,NA
2021-05-31 09:00:00,881,1497,4.8,76,NA
2021-05-31 12:00:00,884.9,1534,6.4,73,NA
2021-05-31 15:00:00,880.5,1493,16,48,NA
2021-05-31 18:00:00,NA,1487,22.6,37,NA
2021-05-31 21:00:00,875.7,1455,21.2,39,NA
2021-06-01 00:00:00,NA,1499,12.2,60,NA
2021-06-01 21:00:00,869,NA,NA,NA,NA
2021-06-02 00:00:00,869,NA,NA,NA,NA
2021-06-02 09:00:00,876.6,1454,5.4,74,NA
2021-06-02 12:00:00,883,1515,7,66,NA
2021-06-02 15:00:00,879.5,1484,18,48,NA
2021-06-02 18:00:00,877.3,1473,22.4,39,NA
2021-06-02 21:00:00,877.1,1475,21.2,44,NA
2021-06-03 00:00:00,NA,1508,13.6,64,NA
2021-06-03 21:00:00,871.5,NA,NA,NA,NA
2021-06-04 00:00:00,877,NA,NA,NA,NA
2021-06-04 09:00:00,871.5,1405,5,72,NA
2021-06-04 12:00:00,875.4,1441,7,66,NA
2021-06-04 15:00:00,871.3,1411,20.4,37,NA
2021-06-04 18:00:00,868.5,1386,24.4,44,NA
2021-06-04 21:00:00,868.3,1388,24,45,NA
2021-06-05 00:00:00,NA,1443,15.6,51,NA
2021-06-05 21:00:00,878.1,NA,NA,NA,NA
2021-06-06 00:00:00,882.2,NA,NA,NA,NA
2021-06-06 09:00:00,876.6,1467,8.8,83,NA
2021-06-06 12:00:00,876.2,1454,9.2,81,NA
2021-06-06 15:00:00,876.7,1467,17,62,NA
2021-06-06 18:00:00,873.1,1434,20.2,54,NA
2021-06-06 21:00:00,871.5,1414,18.6,59,NA
2021-06-07 00:00:00,NA,1441,13.6,70,NA
2021-06-07 21:00:00,874.6,NA,NA,NA,NA
2021-06-08 00:00:00,882.9,NA,NA,NA,NA
2021-06-08 09:00:00,879.9,1489,2.4,88,NA
2021-06-08 12:00:00,NA,1513,6.2,74,NA
2021-06-08 15:00:00,NA,1454,14.6,52,NA
2021-06-08 18:00:00,NA,1442,20,35,NA
2021-06-08 21:00:00,NA,1430,19,36,NA
2021-06-09 00:00:00,NA,1478,10.6,64,NA
2021-06-10 00:00:00,880.1,NA,NA,NA,NA
2021-06-10 09:00:00,878.5,1471,3.4,78,NA
2021-06-10 12:00:00,884.6,1536,3.6,71,NA
2021-06-10 15:00:00,882.6,1518,15.2,45,NA
2021-06-10 18:00:00,882.1,1517,17.8,45,NA
2021-06-10 21:00:00,889.4,1537,16.8,48,NA
2021-06-11 00:00:00,NA,1571,11.2,69,NA
2021-06-12 00:00:00,885.3,NA,NA,NA,NA
2021-06-12 09:00:00,878.5,1471,3.8,47,NA
2021-06-12 12:00:00,877.8,1504,3.4,64,NA
2021-06-12 15:00:00,876.9,1469,18.8,33,NA
2021-06-12 18:00:00,873.8,1431,23.4,22,NA
2021-06-12 21:00:00,873.8,1428,21.4,27,NA
2021-06-13 00:00:00,NA,1479,10.2,48,NA
2021-06-14 00:00:00,878.2,NA,NA,NA,NA
2021-06-14 09:00:00,878.5,1469,1.2,62,NA
2021-06-14 12:00:00,NA,1529,3.2,67,NA
2021-06-14 15:00:00,880.5,1492,16.6,49,NA
2021-06-14 18:00:00,879.7,1500,18.6,41,NA
2021-06-14 21:00:00,880.3,1500,18.2,48,NA
2021-06-15 00:00:00,NA,1554,12.4,64,NA
2021-06-16 09:00:00,NA,1533,3.2,91,NA
2021-06-16 12:00:00,NA,1530,2.8,89,NA
2021-06-16 15:00:00,882.3,1504,5.4,81,NA
2021-06-16 18:00:00,NA,1497,6.6,67,NA
2021-06-16 21:00:00,882.2,1506,5.2,73,NA
2021-06-17 00:00:00,NA,1531,3.4,92,NA
2021-06-18 00:00:00,881.7,NA,NA,NA,NA
2021-06-18 09:00:00,880.9,1495,3.4,92,NA
2021-06-18 12:00:00,879.9,1465,3.4,80,NA
2021-06-18 15:00:00,880.5,1485,4.2,83,NA
2021-06-18 18:00:00,878.7,1477,6,73,NA
2021-06-18 21:00:00,879.8,1478,6.4,67,NA
2021-06-19 00:00:00,NA,1497,5.4,77,NA
2021-06-19 21:00:00,880.1,NA,NA,NA,NA
2021-06-20 00:00:00,880.7,NA,NA,NA,NA
2021-06-20 09:00:00,879.4,1476,-2,89,NA
2021-06-20 12:00:00,876.3,1446,-0.4,72,NA
2021-06-20 15:00:00,874.6,1432,10,53,NA
2021-06-20 18:00:00,NA,1410,15.6,41,NA
2021-06-20 21:00:00,872.6,1420,12.4,52,NA
2021-06-21 00:00:00,NA,1452,8,63,NA
2021-06-21 21:00:00,876.1,NA,NA,NA,NA
2021-06-22 00:00:00,878.1,NA,NA,NA,NA
2021-06-22 09:00:00,877,1457,0,69,NA
2021-06-22 12:00:00,877.3,1455,-2,97,NA
2021-06-22 15:00:00,NA,1432,10,46,NA
2021-06-22 18:00:00,NA,1419,16.4,31,NA
2021-06-22 21:00:00,NA,1402,15,40,NA
2021-06-23 00:00:00,NA,1417,7.2,69,NA
2021-06-24 00:00:00,872.6,NA,NA,NA,NA
2021-06-24 09:00:00,877.3,1461,-0.2,57,NA
2021-06-24 12:00:00,878.6,1467,1,81,NA
2021-06-24 15:00:00,878.7,1480,14.4,30,NA
2021-06-24 18:00:00,875.1,1442,19.2,28,NA
2021-06-24 21:00:00,874.1,1433,17,32,NA
2021-06-25 00:00:00,NA,1449,10.2,50,NA
2021-06-26 00:00:00,870.5,NA,NA,NA,NA
2021-06-26 09:00:00,874.7,1435,2,82,NA
2021-06-26 12:00:00,NA,1457,4.4,80,NA
2021-06-26 15:00:00,NA,1479,10.6,66,NA
2021-06-26 18:00:00,NA,1473,9.6,70,NA
2021-06-26 21:00:00,NA,1471,7.2,70,NA
2021-06-27 00:00:00,NA,1507,5.2,84,NA
2021-06-28 09:00:00,NA,1547,2.2,64,NA
2021-06-28 12:00:00,NA,1618,-1.8,77,NA
2021-06-28 15:00:00,NA,1569,8.4,47,NA
2021-06-28 18:00:00,NA,1560,11.6,38,NA
2021-06-28 21:00:00,NA,1522,12,36,NA
2021-06-29 00:00:00,NA,1591,5.2,58,NA
2021-06-30 00:00:00,887.3,NA,NA,NA,NA
2021-06-30 09:00:00,880.6,1486,-2,49,NA
2021-06-30 12:00:00,882.9,1503,-3.4,58,NA
2021-06-30 15:00:00,878.3,1471,12.8,32,NA
2021-06-30 18:00:00,874.9,1442,20.6,22,NA
2021-06-30 21:00:00,873.7,1434,17.4,28,NA
2021-07-01 00:00:00,NA,1476,8.2,42,NA
