2021-01-07 00:00:00,959.7,NA,NA,NA,NA
2021-01-07 09:00:00,958.9,1012.1,16.8,90,NA
2021-01-07 10:00:00,958.9,1012.1,16.8,86,NA
2021-01-07 11:00:00,959,1012,20,83,NA
2021-01-07 12:00:00,959,1011.7,23.6,68,NA
2021-01-07 13:00:00,959.1,1011,26.4,54,NA
2021-01-07 14:00:00,958.8,1010.2,29.1,45,NA
2021-01-07 15:00:00,958.4,1009.3,29.6,44,NA
2021-01-07 16:00:00,957.5,1008.3,31,43,NA
2021-01-07 17:00:00,956.7,1007.2,31.6,41,NA
2021-01-07 18:00:00,955.7,1006,32.6,39,NA
2021-01-07 19:00:00,954.8,1006.3,32,39,NA
2021-01-07 20:00:00,954.1,1005.6,32.6,38,NA
2021-01-07 21:00:00,953.4,1005.1,32.6,38,NA
2021-01-07 22:00:00,953.3,1005.2,31,39,NA
2021-01-07 23:00:00,953.4,1005.3,29,45,NA
2021-01-08 00:00:00,NA,1005.7,27.9,51,NA
2021-01-09 00:00:00,950.2,NA,NA,NA,NA
2021-01-09 09:00:00,957,1008.6,20.2,77,NA
2021-01-09 10:00:00,956.9,1008.6,19.8,80,NA
2021-01-09 11:00:00,957.8,1009.7,19.8,86,NA
2021-01-09 12:00:00,957.7,1009.5,21.2,81,NA
2021-01-09 13:00:00,957.2,1009.6,23.8,67,NA
2021-01-09 14:00:00,956.7,1008.5,27.2,53,NA
2021-01-09 15:00:00,956.1,1007.2,29,46,NA
2021-01-09 16:00:00,955.5,1006.3,30.2,43,NA
2021-01-09 17:00:00,954,1004.5,31.8,40,NA
2021-01-09 18:00:00,952.8,1002.9,32.8,36,NA
2021-01-09 19:00:00,951.6,1002.6,33,35,NA
2021-01-09 20:00:00,950.7,1001.6,34,34,NA
2021-01-09 21:00:00,950.1,1001.4,32.6,37,NA
2021-01-09 22:00:00,949.8,1001,34,31,NA
2021-01-09 23:00:00,950.4,1001.9,30,43,NA
2021-01-10 00:00:00,NA,1002.8,28.2,46,NA
2021-01-11 00:00:00,946.4,NA,NA,NA,NA
2021-01-11 09:00:00,NA,998.5,26.6,71,NA
2021-01-11 10:00:00,948.2,999,24.4,79,NA
2021-01-11 11:00:00,949.2,999.8,27,68,NA
2021-01-11 12:00:00,949.6,1000.1,29.8,60,NA
2021-01-11 13:00:00,949.6,1000,32.2,55,NA
2021-01-11 14:00:00,949.8,999.7,33.6,50,NA
2021-01-11 15:00:00,949,998.6,34.2,49,NA
2021-01-11 16:00:00,948.5,998,37.2,32,NA
2021-01-11 17:00:00,947.8,996.8,39,28,NA
2021-01-11 18:00:00,947.2,995.9,39.6,29,NA
2021-01-11 19:00:00,946.5,996.2,39,29,NA
2021-01-11 20:00:00,947,996.7,37,30,NA
2021-01-11 21:00:00,947.2,997.4,37,35,NA
2021-01-11 22:00:00,947.4,998.1,35,36,NA
2021-01-11 23:00:00,948.1,998.6,33.2,45,NA
2021-01-12 00:00:00,NA,999.1,31.4,50,NA
2021-01-13 00:00:00,958.9,NA,NA,NA,NA
2021-01-13 10:00:00,960.9,1013.2,21,81,NA
2021-01-13 11:00:00,961.4,1013.8,22,76,NA
2021-01-13 12:00:00,961.8,1014.3,23.6,70,NA
2021-01-13 13:00:00,962,1014.1,25.4,60,NA
2021-01-13 14:00:00,961.9,1013.7,26.3,59,NA
2021-01-13 15:00:00,961.4,1013,28,51,NA
2021-01-13 16:00:00,960.8,1012,29.8,48,NA
2021-01-13 17:00:00,960.5,1011.4,28.8,51,NA
2021-01-13 18:00:00,959.9,1010.9,29.2,50,NA
2021-01-13 19:00:00,959,1009.9,29.2,51,NA
2021-01-13 20:00:00,957.9,1009.5,28.8,50,NA
2021-01-13 21:00:00,957.7,1009.9,27.4,54,NA
2021-01-13 22:00:00,958.1,1010.2,27,56,NA
2021-01-13 23:00:00,958.6,1010.8,24.9,64,NA
2021-01-14 00:00:00,NA,1011.3,24.8,65,NA
2021-01-15 00:00:00,952,NA,NA,NA,NA
2021-01-15 09:00:00,951,1001.8,27,70,NA
2021-01-15 10:00:00,952.1,1003.3,24.8,84,NA
2021-01-15 11:00:00,953.2,1004.6,24.8,81,NA
2021-01-15 12:00:00,953,1004.1,27.8,71,NA
2021-01-15 13:00:00,952.2,1003,29.8,66,NA
2021-01-15 14:00:00,952,1002.5,30.8,60,NA
2021-01-15 15:00:00,951.4,1001.6,31.4,56,NA
2021-01-15 16:00:00,950.6,1000.7,34.2,47,NA
2021-01-15 17:00:00,949.8,999.4,33.4,49,NA
2021-01-15 18:00:00,948.6,998.3,34,47,NA
2021-01-15 19:00:00,947.3,997.4,35.8,43,NA
2021-01-15 20:00:00,946.4,996.3,35.6,42,NA
2021-01-15 21:00:00,945.6,995.7,36.2,41,NA
2021-01-15 22:00:00,945.2,995.6,34.8,46,NA
2021-01-15 23:00:00,946,996.7,31.4,53,NA
2021-01-16 00:00:00,NA,997.1,31.4,55,NA
2021-01-17 00:00:00,957.8,NA,NA,NA,NA
2021-01-17 09:00:00,963,1016.5,16.7,87,NA
2021-01-17 10:00:00,963.4,1017,16.4,91,NA
2021-01-17 11:00:00,963.6,1017.3,17,88,NA
2021-01-17 12:00:00,964.2,1017.7,20.8,74,NA
2021-01-17 13:00:00,964.2,1017.1,22.8,58,NA
2021-01-17 14:00:00,963.9,1016.2,24.2,48,NA
2021-01-17 15:00:00,963.1,1015.1,25.4,43,NA
2021-01-17 16:00:00,962.5,1014.3,26.4,41,NA
2021-01-17 17:00:00,NA,1013.2,27.4,39,NA
2021-01-17 18:00:00,NA,1012.3,28,35,NA
2021-01-17 19:00:00,NA,1012.5,29,36,NA
2021-01-17 20:00:00,NA,1011.6,29.3,35,NA
2021-01-17 21:00:00,NA,1011.1,29.4,34,NA
2021-01-17 22:00:00,NA,1010.7,29.3,36,NA
2021-01-17 23:00:00,NA,1011,28,46,NA
2021-01-18 00:00:00,NA,1011.6,24.6,59,NA
2021-01-19 09:00:00,NA,1010.7,22.6,48,NA
2021-01-19 10:00:00,NA,1011.6,22.4,47,NA
2021-01-19 11:00:00,NA,1012.3,23,44,NA
2021-01-19 12:00:00,NA,1012.3,24.6,38,NA
2021-01-19 13:00:00,NA,1012.2,27,36,NA
2021-01-19 14:00:00,NA,1011.8,28.8,33,NA
2021-01-19 15:00:00,NA,1011.1,31,32,NA
2021-01-19 16:00:00,NA,1011.3,31.4,31,NA
2021-01-19 17:00:00,NA,1010.1,32.4,31,NA
2021-01-19 18:00:00,NA,1008.1,33.6,28,NA
2021-01-19 19:00:00,NA,1007.9,34.6,27,NA
2021-01-19 20:00:00,NA,1007.4,35,25,NA
2021-01-19 21:00:00,NA,1007.7,33.6,26,NA
2021-01-19 22:00:00,NA,1008,32.4,28,NA
2021-01-19 23:00:00,NA,1008.9,29.7,36,NA
2021-01-20 00:00:00,NA,1009.7,28,44,NA
2021-01-21 09:00:00,NA,1011.2,23.8,54,NA
2021-01-21 10:00:00,NA,1012.1,23.2,60,NA
2021-01-21 11:00:00,NA,1012.6,25.2,54,NA
2021-01-21 12:00:00,NA,1013.1,26.2,54,NA
2021-01-21 13:00:00,NA,1013,28.4,48,NA
2021-01-21 14:00:00,NA,1012.6,30.4,44,NA
2021-01-21 15:00:00,NA,1011.7,31.2,43,NA
2021-01-21 16:00:00,NA,1011.1,32.4,39,NA
2021-01-21 17:00:00,NA,1010.1,33.4,39,NA
2021-01-21 18:00:00,NA,1009.1,35.2,34,NA
2021-01-21 19:00:00,NA,1009,33.2,36,NA
2021-01-21 20:00:00,NA,1008.8,34,34,NA
2021-01-21 21:00:00,NA,1008.7,34.4,27,NA
2021-01-21 22:00:00,NA,1009,33.6,29,NA
2021-01-21 23:00:00,NA,1009.8,32.4,37,NA
2021-01-22 00:00:00,NA,1010.4,30.2,46,NA
2021-01-23 09:00:00,NA,1009,25.4,63,NA
2021-01-23 10:00:00,NA,1009.5,24.4,66,NA
2021-01-23 11:00:00,NA,1009.4,26.4,58,NA
2021-01-23 12:00:00,NA,1009.7,28.4,53,NA
2021-01-23 13:00:00,NA,1009.2,30,48,NA
2021-01-23 14:00:00,NA,1008.7,31.8,45,NA
2021-01-23 15:00:00,NA,1007.7,33.6,41,NA
2021-01-23 16:00:00,NA,1007.2,34.8,37,NA
2021-01-23 17:00:00,NA,1006.1,35.2,34,NA
2021-01-23 18:00:00,NA,1004.6,34.6,38,NA
2021-01-23 19:00:00,NA,1004.7,35.2,34,NA
2021-01-23 20:00:00,NA,1003.8,35.8,36,NA
2021-01-23 21:00:00,NA,1003.3,35.2,36,NA
2021-01-23 22:00:00,NA,1003.6,34.6,33,NA
2021-01-23 23:00:00,NA,1003.9,33.2,38,NA
2021-01-24 00:00:00,NA,1004.4,31.8,40,NA
2021-01-25 09:00:00,NA,1001,25.1,74,NA
2021-01-25 10:00:00,NA,1002,24,72,NA
2021-01-25 11:00:00,NA,1002.4,25.4,70,NA
2021-01-25 12:00:00,NA,1003.1,27.4,65,NA
2021-01-25 13:00:00,NA,1003.1,29,60,NA
2021-01-25 14:00:00,NA,1002.1,31.4,54,NA
2021-01-25 15:00:00,NA,1000.9,33.4,46,NA
2021-01-25 16:00:00,NA,999.2,35.8,43,NA
2021-01-25 17:00:00,NA,997.6,37.8,38,NA
2021-01-25 18:00:00,NA,995.9,39,30,NA
2021-01-25 19:00:00,NA,996.7,37,36,NA
2021-01-25 20:00:00,NA,998.3,25.2,68,NA
2021-01-25 21:00:00,NA,999,28,58,NA
2021-01-25 22:00:00,NA,999,27.2,61,NA
2021-01-25 23:00:00,NA,999.6,27.2,50,NA
2021-01-26 00:00:00,NA,997.1,27.2,53,NA
2021-01-26 15:00:00,953.2,NA,29.2,50,NA
2021-01-26 16:00:00,952.6,NA,31,42,NA
2021-01-26 17:00:00,951.4,NA,31.6,40,NA
2021-01-26 18:00:00,950.8,NA,32.6,35,NA
2021-01-26 19:00:00,950,NA,33.2,35,NA
2021-01-26 20:00:00,949.4,NA,32.8,38,NA
2021-01-27 09:00:00,NA,1008.5,20.6,74,NA
2021-01-27 10:00:00,NA,1008.8,20.4,74,NA
2021-01-27 11:00:00,NA,1008.9,22.8,66,NA
2021-01-27 12:00:00,NA,1009.2,24.2,63,NA
2021-01-27 13:00:00,NA,1009.5,26.2,54,NA
2021-01-27 14:00:00,NA,1008.7,28,49,NA
2021-01-27 15:00:00,NA,1007.2,30.2,45,NA
2021-01-27 16:00:00,NA,1005.5,32.2,42,NA
2021-01-27 17:00:00,NA,1003.9,33,38,NA
2021-01-27 18:00:00,NA,1001.7,35.2,33,NA
2021-01-27 19:00:00,NA,1001.9,35.2,28,NA
2021-01-27 20:00:00,NA,1001.1,33.2,34,NA
2021-01-27 21:00:00,NA,1000.9,33.6,38,NA
2021-01-27 22:00:00,NA,1000.6,33.2,32,NA
2021-01-27 23:00:00,NA,1000.3,32.6,38,NA
2021-01-28 00:00:00,NA,1000.4,30.6,42,NA
2021-01-29 09:00:00,NA,998.8,26.4,55,NA
2021-01-29 10:00:00,NA,999.5,24.2,60,NA
2021-01-29 11:00:00,NA,999.6,25,58,NA
2021-01-29 12:00:00,NA,1001.4,27,51,NA
2021-01-29 13:00:00,NA,1002.2,28.4,53,NA
2021-01-29 14:00:00,NA,1001.2,30,47,NA
2021-01-29 15:00:00,NA,1000.6,31.4,43,NA
2021-01-29 16:00:00,NA,999.8,33,41,NA
2021-01-29 17:00:00,NA,998.4,34.4,41,NA
2021-01-29 18:00:00,NA,996.9,35.4,37,NA
2021-01-29 19:00:00,NA,996.2,37.4,31,NA
2021-01-29 20:00:00,NA,994.6,37.4,31,NA
2021-01-29 21:00:00,NA,994,37.6,28,NA
2021-01-29 22:00:00,NA,994.3,37,29,NA
2021-01-29 23:00:00,NA,994.5,35.2,37,NA
2021-01-30 00:00:00,NA,995.3,33.7,43,NA
2021-01-31 00:00:00,955.4,NA,NA,NA,NA
2021-01-31 09:00:00,956.6,1009,20.8,72,NA
2021-01-31 10:00:00,957.4,1009.8,20.4,74,NA
2021-01-31 11:00:00,958.4,1010.9,19.4,82,NA
2021-01-31 12:00:00,NA,1011.1,19.8,83,NA
2021-01-31 13:00:00,958.4,1011.1,21.2,76,NA
2021-01-31 14:00:00,957.8,1010,23.8,61,NA
2021-01-31 15:00:00,956.9,1008.7,25,54,NA
2021-01-31 16:00:00,955.7,1007.2,27.6,49,NA
2021-01-31 17:00:00,955,1006,29.6,46,NA
2021-01-31 18:00:00,954,1004.6,29,45,NA
2021-01-31 19:00:00,953.3,1004.8,29.6,43,NA
2021-01-31 20:00:00,953,1004.3,28.8,43,NA
2021-01-31 21:00:00,953.6,1005.7,24.2,65,NA
2021-01-31 22:00:00,954.2,1006.7,22.4,69,NA
2021-01-31 23:00:00,955.8,1008.4,21.6,88,NA
2021-02-01 00:00:00,956.4,1009.2,19.8,86,NA
2021-02-02 00:00:00,957.6,NA,NA,NA,NA
2021-02-02 09:00:00,958.6,1011.9,15.8,96,NA
2021-02-02 10:00:00,959.7,1013.1,15.6,98,NA
2021-02-02 11:00:00,960.4,1013.8,15.8,96,NA
2021-02-02 12:00:00,960.9,1014.4,16,96,NA
2021-02-02 13:00:00,961.3,1014.8,16,98,NA
2021-02-02 14:00:00,961.3,1014.8,16.4,96,NA
2021-02-02 15:00:00,961.2,1014.6,17.2,90,NA
2021-02-02 16:00:00,960.7,1013.9,17.6,84,NA
2021-02-02 17:00:00,NA,1013.5,17.8,87,NA
2021-02-02 18:00:00,960.2,1013.3,17.9,85,NA
2021-02-02 19:00:00,959.9,1013.1,17.4,94,NA
2021-02-02 20:00:00,959.7,1013,18,98,NA
2021-02-02 21:00:00,959.8,1013.4,17.6,94,NA
2021-02-02 22:00:00,960.2,1013.9,17.6,96,NA
2021-02-02 23:00:00,961,1014.8,17.2,96,NA
2021-02-03 00:00:00,NA,1015.4,17.2,96,NA
2021-02-04 00:00:00,962.8,NA,NA,NA,NA
2021-02-04 09:00:00,964.8,1017.6,17,82,NA
2021-02-04 10:00:00,965,1017.9,16.6,82,NA
2021-02-04 11:00:00,965.4,1018.2,18,76,NA
2021-02-04 12:00:00,965.8,1018.7,21.2,63,NA
2021-02-04 13:00:00,966,1018.8,25,53,NA
2021-02-04 14:00:00,965.7,1017.7,28,46,NA
2021-02-04 15:00:00,965.3,1017.7,29.4,34,NA
2021-02-04 16:00:00,964.6,1015.8,29.8,36,NA
2021-02-04 17:00:00,963.2,1014.3,31.2,36,NA
2021-02-04 18:00:00,962.9,1013.7,31.4,38,NA
2021-02-04 19:00:00,962,1014,31.8,38,NA
2021-02-04 20:00:00,961.2,1013.1,32,33,NA
2021-02-04 21:00:00,960.8,1012.9,32.6,33,NA
2021-02-04 22:00:00,960.8,1013.2,30,37,NA
2021-02-04 23:00:00,961.4,1013.9,28.2,44,NA
2021-02-05 00:00:00,NA,1014.3,27,47,NA
2021-02-05 09:00:00,NA,1012.8,22.4,58,NA
2021-02-05 10:00:00,NA,1013.3,22.4,55,NA
2021-02-05 11:00:00,NA,1013.5,22.8,56,NA
2021-02-05 12:00:00,NA,1014.5,24.4,51,NA
2021-02-05 13:00:00,NA,1014.1,25.6,48,NA
2021-02-05 14:00:00,NA,1013.1,27.6,46,NA
2021-02-05 15:00:00,NA,1012,28.8,43,NA
2021-02-05 16:00:00,NA,1011.2,29.6,40,NA
2021-02-05 17:00:00,NA,1009.8,30.4,38,NA
2021-02-05 18:00:00,NA,1008.5,32.8,35,NA
2021-02-05 19:00:00,NA,1007.5,33.2,33,NA
2021-02-05 20:00:00,NA,1006.8,32.8,35,NA
2021-02-05 21:00:00,NA,1005.9,32.4,36,NA
2021-02-05 22:00:00,NA,1006.6,31.2,35,NA
2021-02-05 23:00:00,NA,1007.7,29,41,NA
2021-02-06 00:00:00,957,1008.6,27.2,47,NA
2021-02-06 09:00:00,957.2,NA,NA,NA,NA
2021-02-06 10:00:00,957.8,NA,NA,NA,NA
2021-02-06 11:00:00,958.6,NA,NA,NA,NA
2021-02-06 12:00:00,958.9,NA,NA,NA,NA
2021-02-06 13:00:00,959.1,NA,NA,NA,NA
2021-02-06 14:00:00,959,NA,NA,NA,NA
2021-02-06 15:00:00,958.5,NA,NA,NA,NA
2021-02-06 16:00:00,957.5,NA,NA,NA,NA
2021-02-06 17:00:00,956.7,NA,NA,NA,NA
2021-02-06 18:00:00,955.7,NA,NA,NA,NA
2021-02-06 19:00:00,955.7,NA,NA,NA,NA
2021-02-06 20:00:00,954.7,NA,NA,NA,NA
2021-02-06 21:00:00,954.4,NA,NA,NA,NA
2021-02-07 23:00:00,954.6,NA,NA,NA,NA
2021-02-08 00:00:00,955.2,NA,NA,NA,NA
2021-02-08 09:00:00,NA,1006.9,26.4,43,NA
2021-02-08 10:00:00,NA,1007.8,26.2,43,NA
2021-02-08 11:00:00,NA,1008.7,26.2,44,NA
2021-02-08 12:00:00,NA,1009.2,27,40,NA
2021-02-08 13:00:00,NA,1009.3,27.8,34,NA
2021-02-08 14:00:00,NA,1009.7,28,34,NA
2021-02-08 15:00:00,NA,1011.5,20.4,82,NA
2021-02-08 16:00:00,NA,1013.7,20.8,91,NA
2021-02-08 17:00:00,NA,1013.2,19.8,95,NA
2021-02-08 18:00:00,NA,1012.8,21.4,86,NA
2021-02-08 19:00:00,NA,1011.8,21.6,81,NA
2021-02-08 20:00:00,NA,1011,21.8,78,NA
2021-02-08 21:00:00,NA,1011.3,21.8,80,NA
2021-02-08 22:00:00,NA,1012.5,20.8,91,NA
2021-02-08 23:00:00,NA,1013.7,20.2,93,NA
2021-02-09 00:00:00,NA,1014.8,19.5,93,NA
2021-02-10 09:00:00,NA,1016.6,18.2,92,NA
2021-02-10 10:00:00,NA,1016.8,17.9,95,NA
2021-02-10 11:00:00,NA,1017.4,17.8,96,NA
2021-02-10 12:00:00,NA,1017.6,19.6,85,NA
2021-02-10 13:00:00,NA,1017.2,21.3,77,NA
2021-02-10 14:00:00,NA,1016.7,23.2,63,NA
2021-02-10 15:00:00,NA,1015.9,24.4,60,NA
2021-02-10 16:00:00,NA,1014.7,25.5,55,NA
2021-02-10 17:00:00,NA,1013.5,27.7,46,NA
2021-02-10 18:00:00,NA,1012.3,28,47,NA
2021-02-10 19:00:00,NA,1012.3,27.2,52,NA
2021-02-10 20:00:00,NA,1011.6,27.7,46,NA
2021-02-10 21:00:00,NA,1011.2,27.4,48,NA
2021-02-10 22:00:00,NA,1011.1,26.4,49,NA
2021-02-10 23:00:00,NA,1011.5,25,54,NA
2021-02-11 00:00:00,959.4,NA,23,63,NA
2021-02-11 10:00:00,959.8,NA,15.6,93,NA
2021-02-11 11:00:00,960,NA,16.6,88,NA
2021-02-11 12:00:00,960.1,NA,21.2,70,NA
2021-02-11 13:00:00,959.8,NA,23.8,66,NA
2021-02-11 14:00:00,959.6,NA,25.8,58,NA
2021-02-11 15:00:00,959.3,NA,27.2,53,NA
2021-02-11 16:00:00,958.6,NA,28.4,49,NA
2021-02-11 17:00:00,957.8,NA,29.6,46,NA
2021-02-11 18:00:00,957.2,NA,29.2,48,NA
2021-02-11 19:00:00,956.2,NA,30,44,NA
2021-02-11 20:00:00,955.7,NA,31.2,39,NA
2021-02-11 21:00:00,955.4,NA,30.2,42,NA
2021-02-11 22:00:00,954.8,NA,29.4,44,NA
2021-02-11 23:00:00,955.2,NA,27.6,48,NA
2021-02-12 09:00:00,NA,1008.6,20.8,72,NA
2021-02-12 10:00:00,NA,1008.9,20.2,76,NA
2021-02-12 11:00:00,NA,1009.4,21.6,68,NA
2021-02-12 12:00:00,NA,1009.8,24,64,NA
2021-02-12 13:00:00,NA,1009.8,26.4,59,NA
2021-02-12 14:00:00,NA,1009.6,27.4,56,NA
2021-02-12 15:00:00,NA,1009.4,26.4,59,NA
2021-02-12 16:00:00,NA,1008.9,29.6,41,NA
2021-02-12 17:00:00,NA,1007.3,30.6,38,NA
2021-02-12 18:00:00,NA,1006.3,32,38,NA
2021-02-12 19:00:00,NA,1006,30.8,35,NA
2021-02-12 20:00:00,NA,1006.9,NA,NA,NA
2021-02-12 21:00:00,NA,1004.9,31.4,39,NA
2021-02-12 22:00:00,NA,1005.6,31,42,NA
2021-02-12 23:00:00,NA,1006.4,28,49,NA
2021-02-13 00:00:00,955.6,NA,24.6,65,NA
2021-02-13 10:00:00,957.4,NA,18.4,88,NA
2021-02-13 11:00:00,958.2,NA,18.6,81,NA
2021-02-13 12:00:00,958.4,NA,21.8,68,NA
2021-02-13 13:00:00,958.4,NA,24.8,57,NA
2021-02-13 14:00:00,958.1,NA,26.6,51,NA
2021-02-13 15:00:00,957.5,NA,28.2,47,NA
2021-02-13 16:00:00,956.5,NA,29.2,47,NA
2021-02-13 17:00:00,955.8,NA,30.6,45,NA
2021-02-13 18:00:00,954.5,NA,32,43,NA
2021-02-13 19:00:00,953.4,NA,32.6,42,NA
2021-02-13 20:00:00,952.4,NA,32.2,37,NA
2021-02-13 21:00:00,951.7,NA,32,35,NA
2021-02-13 22:00:00,951.4,NA,31.8,35,NA
2021-02-13 23:00:00,951.7,NA,30,44,NA
2021-02-14 09:00:00,NA,1005.8,19.4,82,NA
2021-02-14 10:00:00,NA,1006.1,19.2,78,NA
2021-02-14 11:00:00,NA,1006.5,20.2,74,NA
2021-02-14 12:00:00,NA,1006.5,23.8,59,NA
2021-02-14 13:00:00,NA,1006.5,27.8,49,NA
2021-02-14 14:00:00,NA,1005.5,31,42,NA
2021-02-14 15:00:00,NA,1004.6,32.6,35,NA
2021-02-14 16:00:00,NA,1003.7,33.8,34,NA
2021-02-14 17:00:00,NA,1002.7,34.8,32,NA
2021-02-14 18:00:00,NA,1001.6,35.6,31,NA
2021-02-14 19:00:00,NA,1001.8,35,36,NA
2021-02-14 20:00:00,NA,1001.6,34.6,31,NA
2021-02-14 21:00:00,NA,1001.4,33.6,32,NA
2021-02-14 22:00:00,NA,1001.8,32.4,36,NA
2021-02-14 23:00:00,NA,1002.8,31.4,43,NA
2021-02-15 00:00:00,952.1,NA,29.2,57,NA
2021-02-15 10:00:00,954.6,NA,23.8,68,NA
2021-02-15 11:00:00,958.5,NA,23.6,59,NA
2021-02-15 12:00:00,959.6,NA,21.8,68,NA
2021-02-15 13:00:00,961.6,NA,21.2,72,NA
2021-02-15 14:00:00,962.6,NA,18.6,90,NA
2021-02-15 15:00:00,962.8,NA,18,96,NA
2021-02-15 16:00:00,962.4,NA,17.8,96,NA
2021-02-15 17:00:00,961.8,NA,18.4,93,NA
2021-02-15 18:00:00,961,NA,19.2,88,NA
2021-02-15 19:00:00,959.6,NA,21.8,76,NA
2021-02-15 20:00:00,958.2,NA,23,72,NA
2021-02-15 21:00:00,957.4,NA,24,65,NA
2021-02-15 22:00:00,957,NA,23.4,69,NA
2021-02-15 23:00:00,957.2,NA,22.8,69,NA
2021-02-16 09:00:00,NA,1012.1,18,83,NA
2021-02-16 10:00:00,NA,1012.2,20,74,NA
2021-02-16 11:00:00,NA,1012.3,21,71,NA
2021-02-16 12:00:00,NA,1012.4,23.8,63,NA
2021-02-16 13:00:00,NA,1011.8,25.4,58,NA
2021-02-16 14:00:00,NA,1010.9,27.6,42,NA
2021-02-16 15:00:00,NA,1010.1,29,43,NA
2021-02-16 16:00:00,NA,1009,29.4,43,NA
2021-02-16 17:00:00,NA,1008,30.2,42,NA
2021-02-16 18:00:00,NA,1006.7,31,41,NA
2021-02-16 19:00:00,NA,1006.5,31.8,41,NA
2021-02-16 20:00:00,NA,1005.5,31,45,NA
2021-02-16 21:00:00,NA,1005.6,31.4,47,NA
2021-02-16 22:00:00,NA,1005.9,29.6,52,NA
2021-02-16 23:00:00,NA,1006.8,27.4,58,NA
2021-02-17 00:00:00,955.6,NA,26.2,60,NA
2021-02-17 09:00:00,956.4,NA,23,72,NA
2021-02-17 10:00:00,956.6,NA,22.8,72,NA
2021-02-17 11:00:00,957,NA,23.4,70,NA
2021-02-17 12:00:00,957.4,NA,25.8,62,NA
2021-02-17 13:00:00,957.4,NA,26.8,59,NA
2021-02-17 14:00:00,957.2,NA,29,56,NA
2021-02-17 15:00:00,956.9,NA,30.6,51,NA
2021-02-17 16:00:00,956.1,NA,31.4,48,NA
2021-02-17 17:00:00,955.4,NA,32.2,45,NA
2021-02-17 18:00:00,954.6,NA,32.8,46,NA
2021-02-17 19:00:00,953.6,NA,33.2,45,NA
2021-02-17 20:00:00,953.1,NA,32.8,43,NA
2021-02-17 21:00:00,952.8,NA,32.4,45,NA
2021-02-17 22:00:00,952.6,NA,30.8,45,NA
2021-02-17 23:00:00,953.2,NA,28.8,53,NA
2021-02-18 09:00:00,NA,1006.4,24.8,63,NA
2021-02-18 10:00:00,NA,1007.1,24.4,64,NA
2021-02-18 11:00:00,NA,1007.8,25.2,58,NA
2021-02-18 12:00:00,NA,1008.3,26.9,51,NA
2021-02-18 13:00:00,NA,1007.9,28.2,47,NA
2021-02-18 14:00:00,NA,1007.4,29,49,NA
2021-02-18 15:00:00,NA,1006.5,30.6,65,NA
2021-02-18 16:00:00,NA,1005.4,32.2,71,NA
2021-02-18 17:00:00,NA,1004,33,66,NA
2021-02-18 18:00:00,NA,1002.9,34,37,NA
2021-02-18 19:00:00,NA,1002.4,35,36,NA
2021-02-18 20:00:00,NA,1001.4,34,37,NA
2021-02-18 21:00:00,NA,1001.7,33,41,NA
2021-02-18 22:00:00,NA,1002,31.7,46,NA
2021-02-18 23:00:00,NA,1002.4,30,54,NA
2021-02-19 00:00:00,951.8,NA,29.2,57,NA
2021-02-19 09:00:00,952.6,NA,25.8,67,NA
2021-02-19 10:00:00,954.2,NA,23.8,78,NA
2021-02-19 11:00:00,957.2,NA,24.6,65,NA
2021-02-19 12:00:00,958.1,NA,25.4,62,NA
2021-02-19 13:00:00,958.8,NA,26.2,56,NA
2021-02-19 14:00:00,959.8,NA,26.2,55,NA
2021-02-19 15:00:00,960.2,NA,26.4,53,NA
2021-02-19 16:00:00,960.2,NA,25.8,58,NA
2021-02-19 17:00:00,960,NA,26.8,58,NA
2021-02-19 18:00:00,959.6,NA,27.2,59,NA
2021-02-19 19:00:00,958.5,NA,27.6,70,NA
2021-02-19 20:00:00,958.2,NA,28.4,67,NA
2021-02-19 21:00:00,957.8,NA,27,71,NA
2021-02-19 22:00:00,958.4,NA,26.2,81,NA
2021-02-19 23:00:00,959.2,NA,25.4,84,NA
2021-02-20 09:00:00,NA,1012.4,21.2,83,NA
2021-02-20 10:00:00,NA,1013.4,19,78,NA
2021-02-20 11:00:00,NA,1014.3,19.2,76,NA
2021-02-20 12:00:00,NA,1014.4,21.4,74,NA
2021-02-20 13:00:00,NA,1014.2,23.2,66,NA
2021-02-20 14:00:00,NA,1013.1,25.8,57,NA
2021-02-20 15:00:00,NA,1012,26.4,57,NA
2021-02-20 16:00:00,NA,1010.7,27.6,52,NA
2021-02-20 17:00:00,NA,1008.9,29,44,NA
2021-02-20 18:00:00,NA,1007.9,30.2,42,NA
2021-02-20 19:00:00,NA,1007.1,29.2,44,NA
2021-02-20 20:00:00,NA,1006.2,29.4,44,NA
2021-02-20 21:00:00,NA,1006.5,27.4,51,NA
2021-02-20 22:00:00,NA,1006.9,25.4,58,NA
2021-02-20 23:00:00,NA,1007.4,23.7,63,NA
2021-02-21 00:00:00,956,NA,23.2,63,NA
2021-02-21 09:00:00,958.8,NA,18.6,86,NA
2021-02-21 10:00:00,959,NA,18.6,84,NA
2021-02-21 11:00:00,959.4,NA,19.2,85,NA
2021-02-21 12:00:00,959.8,NA,21.4,76,NA
2021-02-21 13:00:00,959.6,NA,23.6,70,NA
2021-02-21 14:00:00,958.9,NA,27.4,57,NA
2021-02-21 15:00:00,958.3,NA,29,55,NA
2021-02-21 16:00:00,957.1,NA,29.6,53,NA
2021-02-21 17:00:00,955.9,NA,32.2,45,NA
2021-02-21 18:00:00,954.9,NA,32.6,44,NA
2021-02-21 19:00:00,954,NA,32.8,43,NA
2021-02-21 20:00:00,953.2,NA,32,49,NA
2021-02-21 21:00:00,953,NA,31,52,NA
2021-02-21 22:00:00,953.4,NA,29.4,54,NA
2021-02-21 23:00:00,953.8,NA,27.6,60,NA
2021-02-22 09:00:00,NA,1005.5,24,76,NA
2021-02-22 10:00:00,NA,1006.3,20.8,87,NA
2021-02-22 11:00:00,NA,1007.4,22.5,79,NA
2021-02-22 12:00:00,NA,1007.8,26,65,NA
2021-02-22 13:00:00,NA,1007.7,27.4,64,NA
2021-02-22 14:00:00,NA,1007.3,29,59,NA
2021-02-22 15:00:00,NA,1006.6,30.4,54,NA
2021-02-22 16:00:00,NA,1005.3,33,45,NA
2021-02-22 17:00:00,NA,1003.6,34.8,45,NA
2021-02-22 18:00:00,NA,1002.3,36.2,42,NA
2021-02-22 19:00:00,NA,1002.1,36.4,39,NA
2021-02-22 20:00:00,NA,1001.1,37.4,42,NA
2021-02-22 21:00:00,NA,1001.6,35.6,45,NA
2021-02-22 22:00:00,NA,1002.4,34.8,47,NA
2021-02-22 23:00:00,NA,1003.2,33.2,50,NA
2021-02-23 00:00:00,952.9,NA,21.8,95,NA
2021-02-23 10:00:00,956.9,NA,24,77,NA
2021-02-23 11:00:00,957.8,NA,25,73,NA
2021-02-23 12:00:00,959,NA,25.8,73,NA
2021-02-23 13:00:00,959.6,NA,26.8,67,NA
2021-02-23 15:00:00,959.8,NA,28.4,63,NA
2021-02-23 16:00:00,959.8,NA,28,67,NA
2021-02-23 17:00:00,960,NA,27,67,NA
2021-02-23 18:00:00,960.1,NA,24.2,81,NA
2021-02-23 19:00:00,959.7,NA,24.6,76,NA
2021-02-23 20:00:00,959.4,NA,23.6,78,NA
2021-02-23 21:00:00,959.8,NA,23.6,80,NA
2021-02-23 22:00:00,960.4,NA,22,94,NA
2021-02-23 23:00:00,961,NA,20.8,96,NA
2021-02-24 09:00:00,NA,1013,20.8,95,NA
2021-02-24 10:00:00,NA,1013.4,20.6,95,NA
2021-02-24 11:00:00,NA,1014,21.6,83,NA
2021-02-24 12:00:00,NA,1014.1,23,75,NA
2021-02-24 13:00:00,NA,1013.4,25,68,NA
2021-02-24 14:00:00,NA,1012.4,28.2,55,NA
2021-02-24 15:00:00,NA,1011.8,26.8,58,NA
2021-02-24 16:00:00,NA,1011.2,28.6,52,NA
2021-02-24 17:00:00,NA,1011,29.2,54,NA
2021-02-24 18:00:00,NA,1009.1,29.4,54,NA
2021-02-24 19:00:00,NA,1009.3,28.4,61,NA
2021-02-24 20:00:00,NA,1008.6,28.8,58,NA
2021-02-24 21:00:00,NA,1008.4,29.4,54,NA
2021-02-24 22:00:00,NA,1008.7,29.4,54,NA
2021-02-24 23:00:00,NA,1009.4,26.8,61,NA
2021-02-25 00:00:00,958,NA,26.2,63,NA
2021-02-25 09:00:00,958.6,NA,23.2,76,NA
2021-02-25 10:00:00,959.3,NA,22.8,78,NA
2021-02-25 11:00:00,959.8,NA,23.8,72,NA
2021-02-25 12:00:00,960,NA,27.2,61,NA
2021-02-25 13:00:00,959.9,NA,29.4,53,NA
2021-02-25 15:00:00,959.3,NA,32,49,NA
2021-02-25 16:00:00,958.1,NA,33,46,NA
2021-02-25 17:00:00,957.2,NA,33.4,46,NA
2021-02-25 18:00:00,956.3,NA,33,45,NA
2021-02-25 19:00:00,955,NA,32.8,46,NA
2021-02-25 20:00:00,954.2,NA,34,44,NA
2021-02-25 21:00:00,953.8,NA,32.4,49,NA
2021-02-25 22:00:00,953.8,NA,31,51,NA
2021-02-25 23:00:00,954.5,NA,28.8,55,NA
2021-02-26 09:00:00,NA,1005.5,25.4,72,NA
2021-02-26 10:00:00,NA,1005.6,25.2,73,NA
2021-02-26 11:00:00,NA,1006,26.4,67,NA
2021-02-26 12:00:00,NA,1006.8,28.2,62,NA
2021-02-26 13:00:00,NA,1006.4,29.6,56,NA
2021-02-26 14:00:00,NA,1006.2,31,52,NA
2021-02-26 15:00:00,NA,1005.5,32.2,48,NA
2021-02-26 16:00:00,NA,1004.6,33.4,48,NA
2021-02-26 17:00:00,NA,1003.5,34.2,43,NA
2021-02-26 18:00:00,NA,1002.9,34.8,43,NA
2021-02-26 19:00:00,NA,1002.9,34,44,NA
2021-02-26 20:00:00,NA,1002.7,33.8,43,NA
2021-02-26 21:00:00,NA,1003.3,32.8,47,NA
2021-02-26 22:00:00,NA,1004.3,31,50,NA
2021-02-26 23:00:00,NA,1005.1,30.2,53,NA
2021-02-27 00:00:00,953.8,NA,29.2,56,NA
2021-02-27 09:00:00,957,NA,27.2,67,NA
2021-02-27 10:00:00,957.4,NA,26.6,70,NA
2021-02-27 11:00:00,957.8,NA,26.6,68,NA
2021-02-27 12:00:00,959.4,NA,27,68,NA
2021-02-27 13:00:00,959.8,NA,28,54,NA
2021-02-27 14:00:00,960.1,NA,29.2,51,NA
2021-02-27 15:00:00,959.8,NA,29,56,NA
2021-02-27 16:00:00,958.9,NA,30,49,NA
2021-02-27 17:00:00,958,NA,30.4,55,NA
2021-02-27 18:00:00,956.6,NA,33.8,43,NA
2021-02-27 19:00:00,955.8,NA,35.2,37,NA
2021-02-27 20:00:00,955.4,NA,33.2,41,NA
2021-02-27 21:00:00,955.2,NA,32.2,49,NA
2021-02-27 22:00:00,955.4,NA,31.4,52,NA
2021-02-27 23:00:00,956.4,NA,29.8,58,NA
2021-02-28 09:00:00,NA,1007.5,25.4,60,NA
2021-02-28 10:00:00,NA,1007.8,26.2,58,NA
2021-02-28 11:00:00,NA,1009.1,23.6,67,NA
2021-02-28 12:00:00,NA,1009.3,25,64,NA
2021-02-28 13:00:00,NA,1008.9,27.4,58,NA
2021-02-28 14:00:00,NA,1008.1,30.6,54,NA
2021-02-28 15:00:00,NA,1007.4,32.2,49,NA
2021-02-28 16:00:00,NA,1006.3,34.2,42,NA
2021-02-28 17:00:00,NA,1006,35,41,NA
2021-02-28 18:00:00,NA,1004.8,35,42,NA
2021-02-28 19:00:00,NA,1003.9,36,35,NA
2021-02-28 20:00:00,NA,1002.9,35.8,35,NA
2021-02-28 21:00:00,NA,1003.2,34.8,37,NA
2021-02-28 22:00:00,NA,1003,33,41,NA
2021-02-28 23:00:00,NA,1003.8,31.4,50,NA
2021-03-01 00:00:00,NA,1004.2,30.6,52,NA
2021-03-02 09:00:00,NA,1010.9,20,96,NA
2021-03-02 10:00:00,NA,1010.9,20.2,98,NA
2021-03-02 11:00:00,NA,1011.3,20.2,95,NA
2021-03-02 12:00:00,NA,1011.5,21,95,NA
2021-03-02 13:00:00,NA,1011.5,21.8,88,NA
2021-03-02 14:00:00,NA,1011.6,21.4,93,NA
2021-03-02 15:00:00,NA,1011.5,21.8,91,NA
2021-03-02 16:00:00,NA,1010.9,23.2,85,NA
2021-03-02 17:00:00,NA,1010.3,25.2,77,NA
2021-03-02 18:00:00,957.7,1009.3,25.8,73,NA
2021-03-02 19:00:00,956.8,1008.7,27,69,NA
2021-03-02 20:00:00,956,1007.8,26.7,71,NA
2021-03-02 21:00:00,955.8,1008,26.2,73,NA
2021-03-02 22:00:00,956.5,1008.7,25.8,75,NA
2021-03-02 23:00:00,957.3,1009.7,24,80,NA
2021-03-03 00:00:00,NA,1011.1,22.2,96,NA
2021-03-04 00:00:00,959.4,NA,NA,NA,NA
2021-03-04 09:00:00,NA,1012.3,19.2,91,NA
2021-03-04 10:00:00,959.8,1012.1,19.2,91,NA
2021-03-04 11:00:00,959.8,1012.3,19.4,89,NA
2021-03-04 12:00:00,960,1012.4,21.7,80,NA
2021-03-04 13:00:00,960.8,1013.2,25.6,67,NA
2021-03-04 14:00:00,960.8,1012.5,27.4,60,NA
2021-03-04 15:00:00,960.6,1011.9,28.4,60,NA
2021-03-04 16:00:00,960,1011.1,29.4,53,NA
2021-03-04 17:00:00,959.6,1010.5,31.2,51,NA
2021-03-04 18:00:00,959,1009.6,32,50,NA
2021-03-04 19:00:00,958.1,1009.6,32.4,48,NA
2021-03-04 20:00:00,957.4,1008.8,32.4,43,NA
2021-03-04 21:00:00,957.2,1009,32.2,43,NA
2021-03-04 22:00:00,957.2,1009.1,31,44,NA
2021-03-04 23:00:00,957.7,1009.9,27.6,60,NA
2021-03-05 00:00:00,NA,1010.9,26.6,62,NA
2021-03-05 20:00:00,956.4,NA,NA,NA,NA
2021-03-06 01:00:00,957.2,NA,NA,NA,NA
2021-03-06 09:00:00,956.2,1007.5,23.6,74,NA
2021-03-06 10:00:00,NA,1007.8,23.2,75,NA
2021-03-06 11:00:00,956.8,1008.5,23.4,75,NA
2021-03-06 12:00:00,957.4,1009,26.2,67,NA
2021-03-06 13:00:00,957.4,1008.7,28.2,58,NA
2021-03-06 14:00:00,957.4,1008.4,30,51,NA
2021-03-06 15:00:00,956.8,1008.6,31.2,49,NA
2021-03-06 16:00:00,956.2,1006.6,31.8,48,NA
2021-03-06 17:00:00,955.7,1007.2,33.6,39,NA
2021-03-06 18:00:00,955,1005,34.8,37,NA
2021-03-06 19:00:00,954.2,1004.9,35,37,NA
2021-03-06 20:00:00,953.7,1004.3,34,39,NA
2021-03-06 21:00:00,953.7,1004.8,33.2,45,NA
2021-03-06 22:00:00,953.8,1005.2,31.4,48,NA
2021-03-06 23:00:00,954.4,1006,28.6,57,NA
2021-03-07 00:00:00,NA,1006.4,27.6,59,NA
2021-03-08 00:00:00,953.8,NA,NA,NA,NA
2021-03-08 09:00:00,958.2,1009.6,22,80,NA
2021-03-08 10:00:00,959.2,1010.9,21.2,87,NA
2021-03-08 11:00:00,960.1,1012.1,21.6,84,NA
2021-03-08 12:00:00,961.2,1013.1,23.8,76,NA
2021-03-08 13:00:00,961.7,1013.7,26.8,64,NA
2021-03-08 14:00:00,962.3,1013.8,28.4,58,NA
2021-03-08 15:00:00,962.5,1013.8,30.2,55,NA
2021-03-08 16:00:00,961.8,1012.7,31.2,53,NA
2021-03-08 17:00:00,960.9,1011.6,31.2,53,NA
2021-03-08 18:00:00,960.2,1010.8,32.4,49,NA
2021-03-08 19:00:00,959.6,1010.9,31.4,45,NA
2021-03-08 20:00:00,959.6,1011,28.1,66,NA
2021-03-08 21:00:00,959.6,1011.6,28.2,67,NA
2021-03-08 22:00:00,959.8,1012.1,26.6,70,NA
2021-03-08 23:00:00,959.6,1011.8,26.4,69,NA
2021-03-09 00:00:00,NA,1011.8,26.8,64,NA
2021-03-09 01:00:00,NA,1012.2,26.2,66,NA
2021-03-10 00:00:00,956.5,NA,NA,NA,NA
2021-03-10 09:00:00,955,1006.4,25.4,58,NA
2021-03-10 10:00:00,955.3,1006.7,24.8,62,NA
2021-03-10 11:00:00,955.6,1007.2,24.8,63,NA
2021-03-10 12:00:00,955.6,1007.2,26.6,59,NA
2021-03-10 13:00:00,955.4,1006.6,28.2,55,NA
2021-03-10 14:00:00,955.3,1006.2,29.2,51,NA
2021-03-10 15:00:00,954.8,1005.5,30.2,50,NA
2021-03-10 16:00:00,953.8,1004.3,31.4,46,NA
2021-03-10 17:00:00,952.6,1002.8,32,46,NA
2021-03-10 18:00:00,951.7,1001.8,32.2,46,NA
2021-03-10 19:00:00,950.6,1001.1,32.2,46,NA
2021-03-10 20:00:00,950,1000.5,32.2,47,NA
2021-03-10 21:00:00,949.8,1000.3,31.2,48,NA
2021-03-10 22:00:00,949.7,1000.8,30,53,NA
2021-03-10 23:00:00,949.8,1001,28.2,56,NA
2021-03-11 00:00:00,NA,1001.6,27.6,59,NA
2021-03-12 00:00:00,955.8,NA,NA,NA,NA
2021-03-12 09:00:00,958.9,1010.4,24.6,63,NA
2021-03-12 10:00:00,959.8,1011.8,21,90,NA
2021-03-12 11:00:00,960,1012.2,20.6,91,NA
2021-03-12 12:00:00,960.2,1012.4,21,90,NA
2021-03-12 13:00:00,960.4,1012.9,22.4,81,NA
2021-03-12 14:00:00,960.4,1012.4,25.4,71,NA
2021-03-12 15:00:00,960.2,1011.9,26.6,66,NA
2021-03-12 16:00:00,960,1011.4,26.2,63,NA
2021-03-12 17:00:00,959.7,1011.2,27,53,NA
2021-03-12 18:00:00,959.4,1010.7,26,68,NA
2021-03-12 19:00:00,959,1011.1,25.2,71,NA
2021-03-12 20:00:00,958.6,1010.7,25.6,70,NA
2021-03-12 21:00:00,958.6,1010.9,23.4,77,NA
2021-03-12 22:00:00,959,1011.7,21.2,84,NA
2021-03-12 23:00:00,959.4,1012.2,20.4,92,NA
2021-03-13 00:00:00,NA,1012.8,20.7,89,NA
2021-03-14 09:00:00,NA,1011.6,23.2,74,NA
2021-03-14 10:00:00,NA,1012.1,23,75,NA
2021-03-14 11:00:00,NA,1012.5,23.2,72,NA
2021-03-14 12:00:00,NA,1012.7,25.2,67,NA
2021-03-14 13:00:00,NA,1012.3,26.2,60,NA
2021-03-14 14:00:00,NA,1012.4,28,55,NA
2021-03-14 15:00:00,NA,1011.8,28.6,52,NA
2021-03-14 16:00:00,NA,1012.2,29.2,54,NA
2021-03-14 17:00:00,NA,1010.4,29.7,55,NA
2021-03-14 18:00:00,NA,1009.1,31.8,51,NA
2021-03-14 19:00:00,NA,1008.6,30,54,NA
2021-03-14 20:00:00,NA,1008,30.4,52,NA
2021-03-14 21:00:00,NA,1008.2,29.8,56,NA
2021-03-14 22:00:00,NA,1009,27,69,NA
2021-03-14 23:00:00,NA,1009,26,73,NA
2021-03-15 00:00:00,NA,1009,25.8,73,NA
2021-03-15 12:00:00,957.7,NA,21.2,92,NA
2021-03-15 13:00:00,957.7,NA,21.4,91,NA
2021-03-15 14:00:00,957.3,NA,23.2,84,NA
2021-03-15 15:00:00,957,NA,24.1,82,NA
2021-03-15 16:00:00,956.4,NA,24.4,82,NA
2021-03-15 17:00:00,955.3,NA,25.9,73,NA
2021-03-15 18:00:00,957.4,NA,25.4,77,NA
2021-03-16 09:00:00,NA,1004.1,21.2,95,NA
2021-03-16 10:00:00,NA,1005.2,21.2,95,NA
2021-03-16 11:00:00,NA,1006.3,21,95,NA
2021-03-16 12:00:00,NA,1007.4,21,96,NA
2021-03-16 13:00:00,NA,1008.2,21,95,NA
2021-03-16 14:00:00,NA,1008.9,20,95,NA
2021-03-16 15:00:00,NA,1009.9,18.4,96,NA
2021-03-16 16:00:00,NA,1010.1,19.6,93,NA
2021-03-16 17:00:00,NA,1009.6,21.4,83,NA
2021-03-16 18:00:00,NA,1008.4,23.4,77,NA
2021-03-16 19:00:00,NA,1007.8,23.8,77,NA
2021-03-16 20:00:00,NA,1007.1,25,75,NA
2021-03-16 21:00:00,NA,1007.5,24.4,76,NA
2021-03-16 22:00:00,NA,1007.8,24.8,69,NA
2021-03-16 23:00:00,956.4,NA,22.2,87,NA
2021-03-17 00:00:00,957.2,NA,21.6,87,NA
2021-03-17 09:00:00,960.1,NA,20.2,87,NA
2021-03-17 10:00:00,960.8,NA,19.9,93,NA
2021-03-17 11:00:00,961.4,NA,20.6,88,NA
2021-03-17 12:00:00,962.1,NA,20.6,91,NA
2021-03-18 09:00:00,NA,1014.6,19,72,NA
2021-03-18 10:00:00,NA,1015,18.8,80,NA
2021-03-18 11:00:00,NA,1015.5,18.4,74,NA
2021-03-18 12:00:00,NA,1016,18.6,72,NA
2021-03-18 13:00:00,NA,1015.7,21,63,NA
2021-03-18 14:00:00,NA,1014.8,22,59,NA
2021-03-18 15:00:00,NA,1014.1,23.2,52,NA
2021-03-18 16:00:00,NA,1012.7,23,53,NA
2021-03-18 17:00:00,NA,1011.1,23.9,49,NA
2021-03-18 18:00:00,NA,1009.8,24.2,50,NA
2021-03-18 19:00:00,NA,1009,23.8,50,NA
2021-03-18 20:00:00,NA,1008.8,23.2,50,NA
2021-03-18 21:00:00,NA,1009.2,21.8,53,NA
2021-03-18 22:00:00,NA,1010.3,20.4,61,NA
2021-03-18 23:00:00,NA,1010.9,19.8,65,NA
2021-03-19 00:00:00,958.9,NA,19.8,66,NA
2021-03-19 01:00:00,960,NA,18.8,76,NA
2021-03-19 09:00:00,957.4,NA,18.1,69,NA
2021-03-19 10:00:00,957.4,NA,17.6,71,NA
2021-03-19 11:00:00,957.6,NA,17.4,72,NA
2021-03-19 12:00:00,957.7,NA,19.2,66,NA
2021-03-19 13:00:00,957.4,NA,20.4,63,NA
2021-03-19 14:00:00,957,NA,22.6,59,NA
2021-03-19 15:00:00,956.4,NA,23.3,58,NA
2021-03-19 16:00:00,955.4,NA,24.2,54,NA
2021-03-19 17:00:00,954.1,NA,26.2,51,NA
2021-03-19 18:00:00,953.3,NA,26.1,50,NA
2021-03-19 19:00:00,952.9,NA,25,55,NA
2021-03-19 20:00:00,952.6,NA,24.4,56,NA
2021-03-19 21:00:00,953.8,NA,22.3,64,NA
2021-03-19 22:00:00,954.6,NA,20,74,NA
2021-03-19 23:00:00,955.4,NA,19.6,76,NA
2021-03-20 09:00:00,NA,1009.6,16.8,90,NA
2021-03-20 10:00:00,NA,1010.6,16.8,92,NA
2021-03-20 11:00:00,NA,1011.8,16.8,92,NA
2021-03-20 12:00:00,NA,1013,16.4,96,NA
2021-03-20 13:00:00,NA,1014.6,17,94,NA
2021-03-20 14:00:00,NA,1015.4,17,86,NA
2021-03-20 15:00:00,NA,1015.6,17,86,NA
2021-03-20 16:00:00,NA,1015.3,17.6,96,NA
2021-03-20 17:00:00,NA,1014.6,18.6,92,NA
2021-03-20 18:00:00,NA,1015.1,19.8,86,NA
2021-03-20 19:00:00,NA,1014.4,19.4,87,NA
2021-03-20 20:00:00,NA,1014.9,19.8,82,NA
2021-03-20 21:00:00,NA,1015.7,20.2,82,NA
2021-03-20 22:00:00,NA,1016,19.8,87,NA
2021-03-20 23:00:00,NA,1016.7,19,91,NA
2021-03-21 00:00:00,963.8,NA,19,88,NA
2021-03-21 01:00:00,964.9,NA,18.2,93,NA
2021-03-21 09:00:00,966.2,NA,18,86,NA
2021-03-21 10:00:00,967,NA,17.2,93,NA
2021-03-21 11:00:00,967.6,NA,17.4,90,NA
2021-03-21 12:00:00,968,NA,19.1,82,NA
2021-03-21 13:00:00,968.2,NA,21.5,71,NA
2021-03-21 14:00:00,NA,NA,23,67,NA
2021-03-21 15:00:00,967.4,NA,24.5,61,NA
2021-03-21 16:00:00,966.4,NA,25.2,58,NA
2021-03-21 17:00:00,965.4,NA,26.2,53,NA
2021-03-21 18:00:00,964.4,NA,26.8,53,NA
2021-03-21 19:00:00,963.8,NA,25.1,56,NA
2021-03-21 20:00:00,963.4,NA,24.6,56,NA
2021-03-21 21:00:00,963.3,NA,23.7,57,NA
2021-03-21 22:00:00,963.4,NA,24.6,53,NA
2021-03-22 09:00:00,NA,1015.1,20,70,NA
2021-03-22 10:00:00,NA,1015.4,19,74,NA
2021-03-22 11:00:00,NA,1015.7,19.4,70,NA
2021-03-22 12:00:00,NA,1016.6,20.2,70,NA
2021-03-22 13:00:00,NA,1016.9,21,69,NA
2021-03-22 14:00:00,NA,1016.9,22.6,64,NA
2021-03-22 15:00:00,NA,1016.5,23.8,60,NA
2021-03-22 16:00:00,NA,1016.1,25.6,56,NA
2021-03-22 17:00:00,NA,1015.4,25.2,57,NA
2021-03-22 18:00:00,NA,1015.4,24.4,63,NA
2021-03-22 19:00:00,NA,1015.4,23,66,NA
2021-03-22 20:00:00,NA,1015.6,22.6,72,NA
2021-03-22 21:00:00,NA,1015.8,23.6,68,NA
2021-03-22 22:00:00,NA,1015.8,23.6,68,NA
2021-03-22 23:00:00,NA,1016.7,22.4,78,NA
2021-03-23 00:00:00,964,NA,21.4,74,NA
2021-03-23 09:00:00,962.4,NA,17.6,80,NA
2021-03-23 10:00:00,962.2,NA,17.6,82,NA
2021-03-23 11:00:00,962.2,NA,18.2,79,NA
2021-03-23 12:00:00,962.1,NA,20.6,69,NA
2021-03-23 13:00:00,961.7,NA,23.4,60,NA
2021-03-23 14:00:00,961,NA,25.4,54,NA
2021-03-23 15:00:00,960.5,NA,27,50,NA
2021-03-23 16:00:00,959.4,NA,28.8,45,NA
2021-03-23 17:00:00,958.4,NA,29.2,43,NA
2021-03-23 18:00:00,957.4,NA,29.2,45,NA
2021-03-23 19:00:00,956.4,NA,29.2,45,NA
2021-03-23 20:00:00,956,NA,28.4,46,NA
2021-03-23 21:00:00,955.6,NA,27.2,47,NA
2021-03-23 22:00:00,955.8,NA,25.8,53,NA
2021-03-23 23:00:00,956.2,NA,24,56,NA
2021-03-24 09:00:00,NA,1008.7,21,76,NA
2021-03-24 10:00:00,NA,1009.5,20.4,82,NA
2021-03-24 11:00:00,NA,1010.2,20.6,79,NA
2021-03-24 12:00:00,NA,1008.7,21,76,NA
2021-03-24 13:00:00,NA,1010.4,25.4,64,NA
2021-03-24 14:00:00,NA,1009.2,27,51,NA
2021-03-24 15:00:00,NA,1008.5,27.8,58,NA
2021-03-24 16:00:00,NA,1008.6,28.8,56,NA
2021-03-24 17:00:00,NA,1006.4,30.6,51,NA
2021-03-24 18:00:00,NA,1005.1,29.8,54,NA
2021-03-24 19:00:00,NA,1005.8,29.8,54,NA
2021-03-24 20:00:00,NA,1005,29.8,52,NA
2021-03-24 21:00:00,NA,1005.3,28.2,57,NA
2021-03-24 22:00:00,NA,1006,26.8,60,NA
2021-03-24 23:00:00,NA,1006.4,25.4,64,NA
2021-03-25 00:00:00,954.8,NA,25.2,63,NA
2021-03-25 09:00:00,955,NA,19.2,87,NA
2021-03-25 10:00:00,955.4,NA,17.2,93,NA
2021-03-25 11:00:00,956.2,NA,18,88,NA
2021-03-25 12:00:00,956.5,NA,20.6,84,NA
2021-03-25 13:00:00,956.8,NA,24,74,NA
2021-03-25 14:00:00,956.6,NA,25.8,70,NA
2021-03-25 15:00:00,956.1,NA,27.4,64,NA
2021-03-25 16:00:00,955.6,NA,28.6,59,NA
2021-03-25 17:00:00,954.7,NA,29.4,54,NA
2021-03-25 18:00:00,953.9,NA,30.7,49,NA
2021-03-25 19:00:00,952.9,NA,31.4,45,NA
2021-03-25 20:00:00,952.5,NA,31.8,46,NA
2021-03-25 21:00:00,952.5,NA,30.8,48,NA
2021-03-25 22:00:00,953.2,NA,29.4,54,NA
2021-03-25 23:00:00,953.8,NA,27,63,NA
2021-03-26 09:00:00,NA,1012.8,15.4,96,NA
2021-03-26 10:00:00,NA,1013.9,14.8,94,NA
2021-03-26 11:00:00,NA,1016.3,14.4,96,NA
2021-03-26 12:00:00,NA,1016.4,14.4,96,NA
2021-03-26 13:00:00,NA,1017.5,15,91,NA
2021-03-26 14:00:00,NA,1018,15.2,94,NA
2021-03-26 15:00:00,NA,1018.2,15.4,94,NA
2021-03-26 16:00:00,NA,1018.2,15.6,90,NA
2021-03-26 17:00:00,NA,1017.5,15.4,90,NA
2021-03-26 18:00:00,NA,1016.7,16.4,86,NA
2021-03-26 19:00:00,NA,1016.1,16.8,84,NA
2021-03-26 20:00:00,NA,1016,17,86,NA
2021-03-26 21:00:00,NA,1016.3,17.2,86,NA
2021-03-26 22:00:00,NA,1016.7,17,86,NA
2021-03-26 23:00:00,963.4,NA,16.8,85,NA
2021-03-27 00:00:00,964.6,NA,17,89,NA
2021-03-27 09:00:00,965,NA,15,85,NA
2021-03-27 10:00:00,965.4,NA,14.6,75,NA
2021-03-27 11:00:00,966.4,NA,14.8,82,NA
2021-03-27 12:00:00,967,NA,16,75,NA
2021-03-27 13:00:00,967.6,NA,17.8,64,NA
2021-03-27 14:00:00,967.7,NA,19.6,61,NA
2021-03-27 15:00:00,966.9,NA,21.6,51,NA
2021-03-27 16:00:00,966.2,NA,22.4,39,NA
2021-03-27 17:00:00,964.9,NA,23.2,NA,NA
2021-03-27 18:00:00,964,NA,24.2,37,NA
2021-03-27 19:00:00,963.1,NA,24.4,42,NA
2021-03-27 20:00:00,962.4,NA,24.4,36,NA
2021-03-27 21:00:00,962,NA,24.2,38,NA
2021-03-27 22:00:00,962.2,NA,22.8,50,NA
2021-03-27 23:00:00,962.6,NA,18.8,67,NA
2021-03-28 09:00:00,NA,1016.8,11.6,81,NA
2021-03-28 10:00:00,NA,1017.4,11.4,86,NA
2021-03-28 11:00:00,NA,1017.9,11.2,86,NA
2021-03-28 12:00:00,NA,1017.9,14.6,69,NA
2021-03-28 13:00:00,NA,1018.1,19.4,57,NA
2021-03-28 14:00:00,NA,1017,22.8,49,NA
2021-03-28 15:00:00,NA,1015.7,24.4,45,NA
2021-03-28 16:00:00,NA,1014.5,26.2,40,NA
2021-03-28 17:00:00,NA,1013.3,27.2,43,NA
2021-03-28 18:00:00,NA,1011.4,27.8,41,NA
2021-03-28 19:00:00,NA,1012,27.8,38,NA
2021-03-28 20:00:00,NA,1011.2,28,36,NA
2021-03-28 21:00:00,NA,1011.3,27.8,40,NA
2021-03-28 22:00:00,NA,1012,27.4,39,NA
2021-03-28 23:00:00,NA,1013.2,22.6,63,NA
2021-03-29 00:00:00,960.6,NA,21.2,72,NA
2021-03-29 09:00:00,961.8,NA,12.4,88,NA
2021-03-29 10:00:00,962.4,NA,12.2,85,NA
2021-03-29 11:00:00,962.9,NA,12.6,82,NA
2021-03-29 12:00:00,963.8,NA,17,60,NA
2021-03-29 13:00:00,964.2,NA,19.6,62,NA
2021-03-29 14:00:00,964.3,NA,22.2,55,NA
2021-03-29 15:00:00,963.9,NA,24.4,50,NA
2021-03-29 16:00:00,963.1,NA,26.4,46,NA
2021-03-29 17:00:00,962.3,NA,27.4,42,NA
2021-03-29 18:00:00,961.4,NA,28.2,45,NA
2021-03-29 19:00:00,960.6,NA,29.4,41,NA
2021-03-29 20:00:00,960,NA,29.4,41,NA
2021-03-29 21:00:00,959.7,NA,29.4,41,NA
2021-03-29 22:00:00,960.1,NA,27.8,50,NA
2021-03-29 23:00:00,960.6,NA,24.4,53,NA
2021-03-30 09:00:00,NA,1013.3,17.8,66,NA
2021-03-30 10:00:00,NA,1013.7,18.2,70,NA
2021-03-30 11:00:00,NA,1014.8,17.4,77,NA
2021-03-30 12:00:00,NA,1015.2,20,65,NA
2021-03-30 13:00:00,NA,1015.2,22.6,57,NA
2021-03-30 14:00:00,NA,1014.5,24.8,54,NA
2021-03-30 15:00:00,NA,1013.7,25.4,52,NA
2021-03-30 16:00:00,NA,1012.7,26.6,47,NA
2021-03-30 17:00:00,NA,1011.7,27.4,46,NA
2021-03-30 18:00:00,NA,1010.2,28.8,47,NA
2021-03-30 19:00:00,NA,1010.4,29,45,NA
2021-03-30 20:00:00,NA,1009.8,28,46,NA
2021-03-30 21:00:00,NA,1009.7,27,48,NA
2021-03-30 22:00:00,NA,1010.3,25,54,NA
2021-03-30 23:00:00,NA,1010.9,23.6,56,NA
2021-03-31 00:00:00,958.8,NA,22.8,60,NA
2021-03-31 09:00:00,959.4,NA,19.4,62,NA
2021-03-31 10:00:00,959.7,NA,18.8,69,NA
2021-03-31 11:00:00,959.7,NA,18.8,69,NA
2021-03-31 17:00:00,957.8,NA,27.6,45,NA
2021-03-31 18:00:00,957,NA,27.8,46,NA
2021-03-31 19:00:00,956.2,NA,28,46,NA
2021-03-31 20:00:00,955.7,NA,26.8,50,NA
2021-03-31 21:00:00,955.8,NA,25.4,54,NA
2021-03-31 22:00:00,956.5,NA,23.6,59,NA
2021-03-31 23:00:00,957.2,NA,23.2,60,NA
2021-04-01 03:00:00,NA,1010.8,22,64,NA
2021-04-01 05:00:00,NA,1010.5,21,67,NA
2021-04-01 06:00:00,NA,1010.1,21.4,66,NA
2021-04-01 07:00:00,NA,1009.8,21.6,65,NA
2021-04-01 08:00:00,NA,1009.6,21.2,66,NA
2021-04-01 09:00:00,NA,1010.2,21.2,66,NA
2021-04-01 10:00:00,NA,1010.8,19.6,72,NA
2021-04-01 11:00:00,NA,1011.5,19,72,NA
2021-04-01 12:00:00,NA,1012,21.2,66,NA
2021-04-01 13:00:00,NA,1012.2,22.4,63,NA
2021-04-01 14:00:00,NA,1012.1,23.8,57,NA
2021-04-01 15:00:00,NA,1011.5,24.4,56,NA
2021-04-01 16:00:00,NA,1010.8,25.8,53,NA
2021-04-01 17:00:00,NA,1009.9,26.8,52,NA
2021-04-01 18:00:00,NA,1009,27.2,50,NA
2021-04-01 19:00:00,NA,1008.3,26.4,50,NA
2021-04-01 20:00:00,NA,1008.3,26.4,48,NA
2021-04-01 21:00:00,NA,1008.7,25.4,53,NA
2021-04-01 22:00:00,NA,1010,23.2,62,NA
2021-04-01 23:00:00,NA,1010.9,22.2,64,NA
2021-04-02 02:00:00,NA,1012.4,21.4,71,NA
2021-04-02 00:00:00,958.6,NA,21.8,68,NA
2021-04-02 01:00:00,959.4,NA,21.8,68,NA
2021-04-02 03:00:00,960,NA,22,68,NA
2021-04-02 04:00:00,960,NA,22.2,67,NA
2021-04-02 05:00:00,959.8,NA,21.8,66,NA
2021-04-02 06:00:00,960,NA,21.2,69,NA
2021-04-02 07:00:00,959.8,NA,20.2,73,NA
2021-04-02 08:00:00,959.6,NA,19.8,71,NA
2021-04-02 09:00:00,959.7,NA,20.2,70,NA
2021-04-02 10:00:00,960.1,NA,18.8,74,NA
2021-04-02 11:00:00,960.5,NA,19.6,69,NA
2021-04-02 12:00:00,960.9,NA,21.6,64,NA
2021-04-02 13:00:00,961.4,NA,23,57,NA
2021-04-02 14:00:00,961.4,NA,25,55,NA
2021-04-02 15:00:00,960.6,NA,25.4,54,NA
2021-04-02 17:00:00,958.5,NA,29.2,42,NA
2021-04-02 18:00:00,957.4,NA,29,43,NA
2021-04-02 19:00:00,957,NA,29.4,40,NA
2021-04-02 20:00:00,956.6,NA,27.4,46,NA
2021-04-02 21:00:00,956.9,NA,26.6,49,NA
2021-04-02 22:00:00,957.2,NA,24.8,54,NA
2021-04-02 23:00:00,957.4,NA,23.8,58,NA
2021-04-03 03:00:00,NA,1011.4,24.6,55,NA
2021-04-03 04:00:00,NA,1011,24,57,NA
2021-04-03 05:00:00,NA,1011.1,22.8,62,NA
2021-04-03 06:00:00,NA,1011.4,21.6,61,NA
2021-04-03 07:00:00,NA,1010.9,21.6,61,NA
2021-04-03 08:00:00,NA,1010.7,21.4,60,NA
2021-04-03 09:00:00,NA,1010.8,21,61,NA
2021-04-03 10:00:00,NA,1011.6,21,60,NA
2021-04-03 11:00:00,NA,1012.3,20.8,60,NA
2021-04-03 12:00:00,NA,1012.6,22,56,NA
2021-04-03 13:00:00,NA,1012.9,24.2,53,NA
2021-04-03 14:00:00,NA,1012.9,25.6,52,NA
2021-04-03 15:00:00,NA,1012.3,27.4,50,NA
2021-04-03 16:00:00,NA,1011.4,29.2,45,NA
2021-04-03 17:00:00,NA,1010.7,29.2,46,NA
2021-04-03 18:00:00,NA,1009.8,29.8,44,NA
2021-04-03 19:00:00,NA,1009.3,29.6,41,NA
2021-04-03 20:00:00,NA,1009.4,29.2,43,NA
2021-04-03 21:00:00,NA,1010.1,27.2,47,NA
2021-04-03 22:00:00,NA,1010.7,26,51,NA
2021-04-03 23:00:00,NA,1011.5,25,55,NA
2021-04-04 00:00:00,959.6,NA,24,59,NA
2021-04-04 01:00:00,960.1,NA,23.8,65,NA
2021-04-04 02:00:00,960.2,NA,23.4,64,NA
2021-04-04 03:00:00,960.2,NA,22.8,69,NA
2021-04-04 04:00:00,959.8,NA,23,70,NA
2021-04-04 05:00:00,959.4,NA,23.8,65,NA
2021-04-04 06:00:00,958.8,NA,22.6,73,NA
2021-04-04 07:00:00,958.5,NA,22.2,74,NA
2021-04-04 08:00:00,958.4,NA,21.4,77,NA
2021-04-04 09:00:00,958.6,NA,21.4,76,NA
2021-04-04 10:00:00,959.2,NA,21.2,81,NA
2021-04-04 11:00:00,959.8,NA,20.6,82,NA
2021-04-04 12:00:00,960,NA,21.6,64,NA
2021-04-04 13:00:00,959.4,NA,25.2,60,NA
2021-04-04 14:00:00,958.6,NA,27.8,52,NA
2021-04-04 15:00:00,958,NA,28.8,50,NA
2021-04-04 16:00:00,956.6,NA,29.8,47,NA
2021-04-04 17:00:00,956,NA,30.2,47,NA
2021-04-04 18:00:00,954.9,NA,29.8,46,NA
2021-04-04 19:00:00,954.2,NA,29.2,50,NA
2021-04-04 20:00:00,953.8,NA,28.6,51,NA
2021-04-04 21:00:00,954,NA,27.2,56,NA
2021-04-04 22:00:00,954.8,NA,25,65,NA
2021-04-04 23:00:00,955.7,NA,24.4,67,NA
2021-04-05 03:00:00,NA,1008.4,23.4,65,NA
2021-04-05 04:00:00,NA,1008.4,23.2,65,NA
2021-04-05 05:00:00,NA,1008.1,23,66,NA
2021-04-05 06:00:00,NA,1007.6,22.6,67,NA
2021-04-05 07:00:00,NA,1007.1,22.6,67,NA
2021-04-05 08:00:00,NA,1006.6,22.4,69,NA
2021-04-05 09:00:00,NA,1007.2,22.2,73,NA
2021-04-05 10:00:00,NA,1008.4,21.2,81,NA
2021-04-05 11:00:00,NA,1009,21,79,NA
2021-04-05 12:00:00,NA,1009.5,22.6,75,NA
2021-04-05 13:00:00,NA,1009.4,25.2,68,NA
2021-04-05 14:00:00,NA,1008.5,27,61,NA
2021-04-05 15:00:00,NA,1007.7,28.8,58,NA
2021-04-05 16:00:00,NA,1006.8,29.8,55,NA
2021-04-05 17:00:00,NA,1006,30.2,53,NA
2021-04-05 18:00:00,NA,1005,32,49,NA
2021-04-05 19:00:00,NA,1004.2,33,46,NA
2021-04-05 20:00:00,NA,1004.4,31.8,42,NA
2021-04-05 21:00:00,NA,1005.4,31.2,45,NA
2021-04-05 22:00:00,NA,1006.8,29,53,NA
2021-04-06 00:00:00,NA,1008.5,26.6,64,NA
2021-04-05 23:00:00,955.6,NA,27.6,61,NA
2021-04-06 01:00:00,957.3,NA,25.4,70,NA
2021-04-06 02:00:00,957.4,NA,24.8,70,NA
2021-04-06 03:00:00,957.8,NA,23.6,74,NA
2021-04-06 05:00:00,958.6,NA,23,73,NA
2021-04-06 06:00:00,958.8,NA,21.2,87,NA
2021-04-06 07:00:00,958.2,NA,19.2,88,NA
2021-04-06 09:00:00,958.4,NA,16.8,92,NA
2021-04-06 10:00:00,959.2,NA,16,89,NA
2021-04-06 11:00:00,959.7,NA,15.8,91,NA
2021-04-06 12:00:00,959.8,NA,17,92,NA
2021-04-06 13:00:00,959.6,NA,22,76,NA
2021-04-06 14:00:00,959.6,NA,24.6,70,NA
2021-04-06 15:00:00,958.9,NA,26.8,64,NA
2021-04-06 16:00:00,958,NA,27.6,60,NA
2021-04-06 17:00:00,956.6,NA,29.2,56,NA
2021-04-06 18:00:00,955.4,NA,30.6,48,NA
2021-04-06 19:00:00,954.6,NA,32.6,43,NA
2021-04-06 20:00:00,954.2,NA,30.6,49,NA
2021-04-06 21:00:00,954.2,NA,28.6,58,NA
2021-04-06 22:00:00,954.6,NA,26,65,NA
2021-04-06 23:00:00,954.6,NA,24.4,67,NA
2021-04-07 03:00:00,NA,1008.3,23.7,67,NA
2021-04-07 04:00:00,NA,1008.2,23.4,68,NA
2021-04-07 05:00:00,NA,1008.1,23.4,70,NA
2021-04-07 06:00:00,NA,1007.7,22.8,74,NA
2021-04-07 07:00:00,NA,1007.4,22.6,77,NA
2021-04-07 08:00:00,NA,1007.6,22.2,78,NA
2021-04-07 09:00:00,NA,1008,19.6,85,NA
2021-04-07 10:00:00,NA,1008.6,18.2,92,NA
2021-04-07 11:00:00,NA,1008.9,17.4,92,NA
2021-04-07 12:00:00,NA,1008.9,20,86,NA
2021-04-07 13:00:00,NA,1009.4,20.6,79,NA
2021-04-07 14:00:00,NA,1008,28.2,59,NA
2021-04-07 15:00:00,NA,1007.1,29.4,56,NA
2021-04-07 16:00:00,NA,1006.4,30,54,NA
2021-04-07 17:00:00,NA,1005.2,30.6,52,NA
2021-04-07 18:00:00,NA,1003.7,29.8,51,NA
2021-04-07 19:00:00,NA,1003.3,29.4,51,NA
2021-04-07 20:00:00,NA,1003.7,27.6,60,NA
2021-04-07 21:00:00,NA,1004.2,26.4,65,NA
2021-04-07 22:00:00,NA,1004.6,26.6,62,NA
2021-04-07 23:00:00,NA,1005.5,25.6,70,NA
2021-04-08 00:00:00,NA,1005.8,25.3,73,NA
2021-04-08 01:00:00,NA,1006.5,25.3,75,NA
2021-04-08 02:00:00,NA,1006.1,25.2,77,NA
2021-04-08 15:00:00,953.8,NA,28.2,67,NA
2021-04-08 16:00:00,952.8,NA,29.8,61,NA
2021-04-08 17:00:00,952,NA,31.8,53,NA
2021-04-08 18:00:00,951.2,NA,31.2,57,NA
2021-04-08 19:00:00,950.8,NA,31.2,54,NA
2021-04-08 20:00:00,950.6,NA,31.4,55,NA
2021-04-08 21:00:00,950.9,NA,30.4,57,NA
2021-04-08 22:00:00,951.4,NA,29.4,62,NA
2021-04-09 03:00:00,NA,1004.9,26.6,73,NA
2021-04-09 04:00:00,NA,1005,24.6,82,NA
2021-04-09 05:00:00,NA,1005.4,24.8,82,NA
2021-04-09 06:00:00,NA,1005.7,24.8,81,NA
2021-04-09 07:00:00,NA,1005.8,25.6,72,NA
2021-04-09 08:00:00,NA,1006.1,25,75,NA
2021-04-09 09:00:00,NA,1006.7,24.2,73,NA
2021-04-09 10:00:00,NA,1007.6,23.6,74,NA
2021-04-09 11:00:00,NA,1008.6,23.6,70,NA
2021-04-09 12:00:00,NA,1009.5,23.4,71,NA
2021-04-09 13:00:00,NA,1010.2,23.4,71,NA
2021-04-09 14:00:00,NA,1010.6,23.4,71,NA
2021-04-09 15:00:00,NA,1010.2,23.8,70,NA
2021-04-09 16:00:00,NA,1010.1,23.8,71,NA
2021-04-09 17:00:00,NA,1009.4,23.6,73,NA
2021-04-09 18:00:00,NA,1008.8,23.4,74,NA
2021-04-09 19:00:00,NA,1008.1,23.4,74,NA
2021-04-09 20:00:00,NA,1008,22.8,80,NA
2021-04-09 21:00:00,NA,1008.2,21.2,93,NA
2021-04-09 22:00:00,NA,1008.1,21,95,NA
2021-04-09 23:00:00,NA,1008.6,20.6,96,NA
2021-04-10 00:00:00,NA,1009.5,20.4,96,NA
2021-04-10 01:00:00,NA,1010.2,20.4,96,NA
2021-04-10 02:00:00,NA,1010.2,20.2,96,NA
2021-04-11 03:00:00,NA,1019,15.2,79,NA
2021-04-11 04:00:00,NA,1019.6,15.2,75,NA
2021-04-11 05:00:00,NA,1019.8,15.2,71,NA
2021-04-11 06:00:00,NA,1019.1,14,85,NA
2021-04-11 07:00:00,NA,1018.9,14.2,77,NA
2021-04-11 08:00:00,NA,1019.9,14.2,73,NA
2021-04-11 09:00:00,NA,1020.7,14,75,NA
2021-04-11 10:00:00,NA,1019.5,11.2,93,NA
2021-04-11 11:00:00,NA,1022.6,12,88,NA
2021-04-11 12:00:00,NA,1023.4,13.2,84,NA
2021-04-11 13:00:00,NA,1023.9,15.2,77,NA
2021-04-11 14:00:00,NA,1023.9,18,61,NA
2021-04-11 15:00:00,NA,1023.3,18.4,59,NA
2021-04-11 16:00:00,NA,1022.2,21,48,NA
2021-04-11 17:00:00,NA,1021.1,22.2,41,NA
2021-04-11 18:00:00,NA,1019.8,23.4,39,NA
2021-04-11 19:00:00,NA,1019.5,23.8,38,NA
2021-04-11 20:00:00,NA,1018.4,24,38,NA
2021-04-11 21:00:00,NA,1018.4,23.7,40,NA
2021-04-11 22:00:00,NA,1018.9,21.8,55,NA
2021-04-11 23:00:00,NA,1019.3,16.6,76,NA
2021-04-12 00:00:00,NA,1020.4,13.6,84,NA
2021-04-12 01:00:00,NA,1020.8,13.4,84,NA
2021-04-12 02:00:00,NA,1020.4,13.6,79,NA
2021-04-13 03:00:00,NA,1017.8,18.2,69,NA
2021-04-13 04:00:00,NA,1017.5,18,70,NA
2021-04-13 05:00:00,NA,1017.6,17.8,72,NA
2021-04-13 06:00:00,NA,1017.1,17.4,71,NA
2021-04-13 07:00:00,NA,1017.4,15,87,NA
2021-04-13 08:00:00,NA,1017.4,15.2,85,NA
2021-04-13 09:00:00,NA,1018,12.8,91,NA
2021-04-13 10:00:00,NA,1018.9,12.2,93,NA
2021-04-13 11:00:00,NA,1019.1,13.4,84,NA
2021-04-13 12:00:00,NA,1019.5,15.2,77,NA
2021-04-13 13:00:00,966.1,1019.6,18.2,67,NA
2021-04-13 14:00:00,966,1019.3,21.4,62,NA
2021-04-13 15:00:00,965.3,1018.4,23.6,56,NA
2021-04-13 16:00:00,964.2,1017.1,25.8,49,NA
2021-04-13 17:00:00,963.2,1015.9,26.8,49,NA
2021-04-13 18:00:00,962.1,1014.7,27.2,47,NA
2021-04-13 19:00:00,961,1013.8,28.2,47,NA
2021-04-13 20:00:00,960.6,1013.3,28.2,50,NA
2021-04-13 21:00:00,960.6,1013.5,27.8,51,NA
2021-04-13 22:00:00,960.6,1013.9,24.2,60,NA
2021-04-13 23:00:00,961,1014.4,22.2,61,NA
2021-04-14 00:00:00,NA,1014.8,20.8,64,NA
2021-04-14 01:00:00,NA,1014.8,20.6,66,NA
2021-04-14 02:00:00,NA,1014.5,20.2,67,NA
2021-04-15 00:00:00,957,NA,NA,NA,NA
2021-04-15 09:00:00,958.4,1011,16.2,90,NA
2021-04-15 10:00:00,958.8,1011.8,14.8,91,NA
2021-04-15 11:00:00,959.4,1012.5,15.8,87,NA
2021-04-15 12:00:00,960.1,1012.9,19.2,78,NA
2021-04-15 13:00:00,960.5,1013.3,21.4,71,NA
2021-04-15 14:00:00,960.5,1012.9,23.2,63,NA
2021-04-15 15:00:00,959.9,1012,25.6,60,NA
2021-04-15 16:00:00,959,1010.6,26.6,57,NA
2021-04-15 17:00:00,957.9,1009.2,27.6,54,NA
2021-04-15 18:00:00,956.8,1007.9,29.4,52,NA
2021-04-15 19:00:00,956,1007.9,29.8,52,NA
2021-04-15 20:00:00,955.4,1007.2,30.4,52,NA
2021-04-15 21:00:00,955.4,1007.5,30,51,NA
2021-04-15 22:00:00,955.8,1008.4,27,70,NA
2021-04-15 23:00:00,956.8,1009.5,24.8,69,NA
2021-04-16 00:00:00,NA,1010.1,23.4,75,NA
2021-04-17 00:00:00,957,NA,NA,NA,NA
2021-04-17 09:00:00,958.9,1010.6,22.4,80,NA
2021-04-17 10:00:00,959.2,1011.1,22.8,77,NA
2021-04-17 11:00:00,959.4,1012.1,21.6,83,NA
2021-04-17 12:00:00,960.2,1012.3,23.4,75,NA
2021-04-17 13:00:00,960.9,1013,24.4,75,NA
2021-04-17 14:00:00,960.6,1013.1,26,65,NA
2021-04-17 15:00:00,960.2,1011.8,27.6,60,NA
2021-04-17 16:00:00,959.2,1011.2,29.8,56,NA
2021-04-17 17:00:00,958.2,1009,31,48,NA
2021-04-17 18:00:00,957.4,1007.9,30.8,49,NA
2021-04-17 19:00:00,956.9,1008.7,30.6,45,NA
2021-04-17 20:00:00,956.6,1007.9,30,48,NA
2021-04-17 21:00:00,956.2,1008,28.8,53,NA
2021-04-17 22:00:00,NA,1008.4,26.8,61,NA
2021-04-17 23:00:00,956.9,1009.1,25.2,68,NA
2021-04-18 00:00:00,NA,1009.3,24.8,69,NA
2021-04-18 23:00:00,956.6,NA,NA,NA,NA
2021-04-19 00:00:00,956.9,NA,NA,NA,NA
2021-04-19 09:00:00,958.1,1009.9,23.6,67,NA
2021-04-19 10:00:00,957.8,1009,22.2,73,NA
2021-04-19 11:00:00,958.1,1010.2,22.8,72,NA
2021-04-19 12:00:00,958.6,1010.6,24,68,NA
2021-04-19 13:00:00,958.8,1010.6,24.4,67,NA
2021-04-19 14:00:00,958.9,1010.7,27.6,56,NA
2021-04-19 15:00:00,958.5,1009.7,29.6,49,NA
2021-04-19 16:00:00,957.9,1008.7,30,47,NA
2021-04-19 17:00:00,957,1007.7,30.4,43,NA
2021-04-19 18:00:00,956,1006.6,30.6,42,NA
2021-04-19 19:00:00,955.5,1006.6,30.8,40,NA
2021-04-19 20:00:00,955.2,1006.3,29.4,46,NA
2021-04-19 21:00:00,955,1006.7,28.6,55,NA
2021-04-19 22:00:00,955.3,1006.8,26.8,62,NA
2021-04-19 23:00:00,955.8,1007.4,26.4,63,NA
2021-04-20 00:00:00,NA,1007.9,26.4,65,NA
2021-04-21 00:00:00,951.7,NA,NA,NA,NA
2021-04-21 12:00:00,951.8,1003.2,25.2,57,NA
2021-04-21 13:00:00,952.4,1003.7,26.6,53,NA
2021-04-21 14:00:00,952.8,1003.9,28.2,50,NA
2021-04-21 15:00:00,953.4,1004.2,30.4,47,NA
2021-04-21 16:00:00,953.3,1003.7,30.2,46,NA
2021-04-21 17:00:00,952.8,1003.2,31.2,47,NA
2021-04-21 18:00:00,952.1,1002.3,32.2,48,NA
2021-04-21 19:00:00,951.7,1001.7,32.6,48,NA
2021-04-21 20:00:00,951.8,1001.8,33.2,49,NA
2021-04-21 21:00:00,951.8,1001.7,31.4,53,NA
2021-04-21 22:00:00,952.6,1003.3,29.6,56,NA
2021-04-21 23:00:00,953.7,1004.7,28.2,58,NA
2021-04-22 00:00:00,NA,1006.7,27,52,NA
2021-04-23 00:00:00,955.8,NA,NA,NA,NA
2021-04-23 11:00:00,NA,1009.6,18.6,85,NA
2021-04-23 12:00:00,NA,1010.4,18.8,85,NA
2021-04-23 13:00:00,NA,1010.6,18.8,87,NA
2021-04-23 14:00:00,NA,1010.6,19.8,83,NA
2021-04-23 15:00:00,NA,1010.4,20,83,NA
2021-04-23 16:00:00,NA,1009.5,21.6,74,NA
2021-04-23 17:00:00,NA,1008.1,22.8,67,NA
2021-04-23 18:00:00,NA,1007.3,25.2,61,NA
2021-04-23 19:00:00,NA,1006.4,26.2,58,NA
2021-04-23 20:00:00,NA,1006,26.2,56,NA
2021-04-23 21:00:00,NA,1007.6,24.8,62,NA
2021-04-23 22:00:00,NA,1008.6,23.6,68,NA
2021-04-23 23:00:00,NA,1010.5,23,74,NA
2021-04-24 00:00:00,NA,1012,21.4,76,NA
2021-04-25 12:00:00,NA,1020.2,19,71,NA
2021-04-25 13:00:00,NA,1020,20.8,61,NA
2021-04-25 14:00:00,NA,1019.5,22,55,NA
2021-04-25 15:00:00,NA,1018.8,23.2,52,NA
2021-04-25 16:00:00,NA,1017.3,24.4,49,NA
2021-04-25 17:00:00,NA,1016.3,24.8,50,NA
2021-04-25 18:00:00,NA,1015.1,25.4,50,NA
2021-04-25 19:00:00,NA,1014.2,25.6,51,NA
2021-04-25 20:00:00,NA,1013.5,24.8,50,NA
2021-04-25 21:00:00,NA,1013.7,23.6,56,NA
2021-04-25 22:00:00,NA,1014.6,21,66,NA
2021-04-25 23:00:00,NA,1015.4,19.8,67,NA
2021-04-26 00:00:00,NA,1016.1,19.4,65,NA
2021-04-27 12:00:00,NA,1017.7,14.4,77,NA
2021-04-27 13:00:00,NA,1018,18,66,NA
2021-04-27 14:00:00,NA,1017.5,20.2,61,NA
2021-04-27 15:00:00,NA,1016.5,22.8,54,NA
2021-04-27 16:00:00,NA,1014.9,24.2,53,NA
2021-04-27 17:00:00,NA,1013.7,25.4,57,NA
2021-04-27 18:00:00,NA,1012.3,26.4,48,NA
2021-04-27 19:00:00,NA,1011.3,27.2,47,NA
2021-04-27 20:00:00,NA,1011,27.4,43,NA
2021-04-27 21:00:00,NA,1011.1,25.8,47,NA
2021-04-27 22:00:00,NA,1012.6,22.8,63,NA
2021-04-27 23:00:00,NA,1013.3,21.2,63,NA
2021-04-28 00:00:00,961.4,NA,21.4,58,NA
2021-04-28 09:00:00,963.3,NA,16,77,NA
2021-04-28 10:00:00,964.2,NA,14.2,82,NA
2021-04-28 11:00:00,965.2,NA,12.2,88,NA
2021-04-28 12:00:00,966.1,NA,15,75,NA
2021-04-28 13:00:00,966.3,NA,18.2,65,NA
2021-04-28 14:00:00,966.4,NA,20.2,60,NA
2021-04-28 15:00:00,966.4,NA,22.6,58,NA
2021-04-28 16:00:00,965.6,NA,24.2,53,NA
2021-04-28 17:00:00,965,NA,26,43,NA
2021-04-28 18:00:00,964.2,NA,27.4,46,NA
2021-04-28 19:00:00,963.5,NA,28,48,NA
2021-04-28 20:00:00,963.5,NA,28,51,NA
2021-04-28 21:00:00,963.8,NA,26.6,54,NA
2021-04-28 22:00:00,964.1,NA,23.2,63,NA
2021-04-28 23:00:00,964.5,NA,21.6,66,NA
2021-04-29 09:00:00,NA,1016.9,17.8,74,NA
2021-04-29 10:00:00,NA,1017.6,17.6,72,NA
2021-04-29 11:00:00,NA,1018.9,18,66,NA
2021-04-29 12:00:00,NA,1019,18.8,67,NA
2021-04-29 13:00:00,NA,1019.1,20.6,66,NA
2021-04-29 14:00:00,NA,1018.7,23.4,55,NA
2021-04-29 15:00:00,NA,1017.3,23.8,54,NA
2021-04-29 16:00:00,NA,1016.4,27.8,44,NA
2021-04-29 17:00:00,NA,1014.8,28.4,40,NA
2021-04-29 18:00:00,NA,1013.8,27.8,38,NA
2021-04-29 19:00:00,NA,1014.2,27.4,38,NA
2021-04-29 20:00:00,NA,1013.9,26.4,39,NA
2021-04-29 21:00:00,NA,1014.2,24.8,42,NA
2021-04-29 22:00:00,NA,1014.2,22.8,47,NA
2021-04-29 23:00:00,NA,1014.6,21.8,50,NA
2021-04-30 00:00:00,961.7,NA,21.4,53,NA
2021-04-30 09:00:00,960.2,NA,17.8,57,NA
2021-04-30 10:00:00,960.4,NA,16.8,69,NA
2021-04-30 11:00:00,960.9,NA,13.8,80,NA
2021-04-30 12:00:00,961.2,NA,16.4,68,NA
2021-04-30 13:00:00,961.6,NA,18.4,65,NA
2021-04-30 14:00:00,961.2,NA,22.4,56,NA
2021-04-30 16:00:00,959,NA,25.8,43,NA
2021-04-30 17:00:00,958,NA,26.4,41,NA
2021-04-30 18:00:00,956.9,NA,26.6,39,NA
2021-04-30 19:00:00,956,NA,26.2,37,NA
2021-04-30 20:00:00,955.7,NA,25.4,40,NA
2021-04-30 21:00:00,955.6,NA,24,48,NA
2021-04-30 22:00:00,955.7,NA,22.2,53,NA
2021-04-30 23:00:00,956.2,NA,21.2,58,NA
2021-05-01 09:00:00,NA,1010.1,13.6,87,NA
2021-05-01 10:00:00,NA,1011.3,11.6,93,NA
2021-05-01 11:00:00,NA,1012.3,11,93,NA
2021-05-01 12:00:00,NA,1012.6,13.8,81,NA
2021-05-01 13:00:00,NA,1013.1,16.8,67,NA
2021-05-01 14:00:00,NA,1012.4,20.4,59,NA
2021-05-01 15:00:00,NA,1010.9,23,56,NA
2021-05-01 16:00:00,NA,1009.1,25.2,53,NA
2021-05-01 17:00:00,NA,1007.4,27.2,50,NA
2021-05-01 18:00:00,NA,1005.6,29,47,NA
2021-05-01 19:00:00,NA,1005.9,29.6,44,NA
2021-05-01 20:00:00,NA,1005.7,28.6,42,NA
2021-05-01 21:00:00,NA,1006.6,27,47,NA
2021-05-01 22:00:00,NA,1006.9,24.2,53,NA
2021-05-01 23:00:00,NA,1007.5,23,55,NA
2021-05-02 00:00:00,954.6,NA,22.6,52,NA
2021-05-02 09:00:00,956.8,NA,11.8,79,NA
2021-05-02 10:00:00,957.2,NA,12.6,84,NA
2021-05-02 11:00:00,957.7,NA,13,86,NA
2021-05-02 12:00:00,958.2,NA,14.8,79,NA
2021-05-02 13:00:00,958.4,NA,19.8,63,NA
2021-05-02 14:00:00,958.3,NA,23.8,55,NA
2021-05-02 15:00:00,957.5,NA,25.2,51,NA
2021-05-02 16:00:00,956.3,NA,27,52,NA
2021-05-02 17:00:00,955,NA,29.4,47,NA
2021-05-02 18:00:00,953.4,NA,29.8,44,NA
2021-05-02 19:00:00,952.4,NA,30.2,41,NA
2021-05-02 20:00:00,952,NA,30.4,41,NA
2021-05-02 21:00:00,952,NA,27.8,42,NA
2021-05-02 22:00:00,952.1,NA,25.8,46,NA
2021-05-02 23:00:00,952.4,NA,25.2,50,NA
2021-05-03 09:00:00,NA,1005.9,15.2,84,NA
2021-05-03 10:00:00,NA,1006.3,13.8,91,NA
2021-05-03 11:00:00,NA,1007,15.4,86,NA
2021-05-03 12:00:00,NA,1007.5,15.8,86,NA
2021-05-03 13:00:00,NA,1008.6,19.6,72,NA
2021-05-03 14:00:00,NA,1008.3,21.6,59,NA
2021-05-03 15:00:00,NA,1007.5,23.8,51,NA
2021-05-03 16:00:00,NA,1006,24.8,53,NA
2021-05-03 17:00:00,NA,1004.8,24.8,53,NA
2021-05-03 18:00:00,NA,1003.9,26.8,52,NA
2021-05-03 19:00:00,NA,1003.6,27.4,51,NA
2021-05-03 20:00:00,NA,1003.5,28.2,50,NA
2021-05-03 21:00:00,NA,1004.5,27.6,53,NA
2021-05-03 22:00:00,NA,1005.7,25.2,69,NA
2021-05-03 23:00:00,954.2,NA,20.4,81,NA
2021-05-04 00:00:00,955.7,NA,19,77,NA
2021-05-04 09:00:00,964,NA,18.2,68,NA
2021-05-04 10:00:00,965.7,NA,17.2,73,NA
2021-05-04 11:00:00,966.8,NA,15.8,77,NA
2021-05-04 13:00:00,969.8,NA,12.8,90,NA
2021-05-04 14:00:00,970.8,NA,12.4,95,NA
2021-05-04 15:00:00,971.4,NA,12,95,NA
2021-05-04 16:00:00,971.4,NA,10.8,94,NA
2021-05-04 17:00:00,971.2,NA,10.4,94,NA
2021-05-04 18:00:00,971.1,NA,10,94,NA
2021-05-04 19:00:00,971,NA,10.4,94,NA
2021-05-04 20:00:00,971.5,NA,10.2,94,NA
2021-05-04 21:00:00,972,NA,10,94,NA
2021-05-04 22:00:00,972.6,NA,9.6,94,NA
2021-05-04 23:00:00,973.4,NA,9.2,94,NA
2021-05-05 09:00:00,NA,1028.1,8.6,95,NA
2021-05-05 10:00:00,NA,1027.9,8.8,95,NA
2021-05-05 11:00:00,NA,1028.3,8.8,95,NA
2021-05-05 12:00:00,NA,1028.2,9.4,92,NA
2021-05-05 13:00:00,NA,1028,10.4,88,NA
2021-05-05 14:00:00,NA,1027.9,11.2,88,NA
2021-05-05 15:00:00,NA,1026.9,11.8,84,NA
2021-05-05 16:00:00,NA,1026.4,11.6,88,NA
2021-05-05 17:00:00,NA,1025.7,12.2,82,NA
2021-05-05 18:00:00,NA,1024.8,12.6,88,NA
2021-05-05 19:00:00,NA,1025,12.4,79,NA
2021-05-05 20:00:00,NA,1025.4,12.6,77,NA
2021-05-05 21:00:00,NA,1026.3,12.4,79,NA
2021-05-05 22:00:00,NA,1027.1,11.6,86,NA
2021-05-05 23:00:00,NA,1028.2,11.2,91,NA
2021-05-06 00:00:00,973.8,NA,11,93,NA
2021-05-06 09:00:00,972.2,NA,10.4,92,NA
2021-05-06 10:00:00,972.6,NA,10.6,89,NA
2021-05-06 11:00:00,973,NA,11.2,85,NA
2021-05-06 12:00:00,972.9,NA,11.8,81,NA
2021-05-06 13:00:00,972.6,NA,15.6,64,NA
2021-05-06 14:00:00,972.6,NA,17.4,60,NA
2021-05-06 15:00:00,971.7,NA,19.8,53,NA
2021-05-06 16:00:00,970.6,NA,21.4,49,NA
2021-05-06 17:00:00,969.4,NA,22.6,48,NA
2021-05-06 18:00:00,968.4,NA,22.6,48,NA
2021-05-06 19:00:00,967.6,NA,21.6,54,NA
2021-05-06 20:00:00,967,NA,22.6,45,NA
2021-05-06 21:00:00,966.9,NA,21,56,NA
2021-05-06 22:00:00,967,NA,18.4,61,NA
2021-05-06 23:00:00,967,NA,17.6,62,NA
2021-05-07 09:00:00,NA,1018.1,14.8,61,NA
2021-05-07 10:00:00,NA,1018.3,14.2,67,NA
2021-05-07 11:00:00,NA,1018.7,13.6,66,NA
2021-05-07 12:00:00,NA,1018.8,15.8,59,NA
2021-05-07 13:00:00,NA,1018.6,17.6,49,NA
2021-05-07 14:00:00,NA,1018.5,18.6,52,NA
2021-05-07 15:00:00,NA,1018,20.2,50,NA
2021-05-07 16:00:00,NA,1016.7,21.6,47,NA
2021-05-07 17:00:00,NA,1015.7,21.2,48,NA
2021-05-07 18:00:00,NA,1015.5,21,49,NA
2021-05-07 19:00:00,NA,1015.9,19.4,53,NA
2021-05-07 20:00:00,NA,1015.9,18.8,54,NA
2021-05-07 21:00:00,NA,1016.6,18,56,NA
2021-05-07 22:00:00,NA,1017.1,17.4,57,NA
2021-05-07 23:00:00,963.8,NA,16.8,54,NA
2021-05-08 00:00:00,964.2,NA,16.6,56,NA
2021-05-08 09:00:00,963.3,NA,12.8,67,NA
2021-05-08 10:00:00,963.3,NA,12.2,70,NA
2021-05-08 11:00:00,963.4,NA,13.2,65,NA
2021-05-08 12:00:00,963.8,NA,14.8,63,NA
2021-05-08 13:00:00,963.3,NA,17.4,55,NA
2021-05-08 14:00:00,963.5,NA,20.4,49,NA
2021-05-08 15:00:00,963.4,NA,19.8,55,NA
2021-05-08 16:00:00,962.3,NA,22.8,43,NA
2021-05-08 17:00:00,960.5,NA,22.8,40,NA
2021-05-08 18:00:00,959.5,NA,22.8,41,NA
2021-05-08 19:00:00,959.4,NA,22.6,40,NA
2021-05-08 20:00:00,958.8,NA,21.4,45,NA
2021-05-08 21:00:00,959.4,NA,20.2,52,NA
2021-05-08 22:00:00,960.4,NA,18.2,58,NA
2021-05-08 23:00:00,961.8,NA,18.6,55,NA
2021-05-09 09:00:00,NA,1016.6,14.8,69,NA
2021-05-09 10:00:00,NA,1017.5,14.2,73,NA
2021-05-09 11:00:00,NA,1018.5,13.8,74,NA
2021-05-09 12:00:00,NA,1019.6,13.8,77,NA
2021-05-09 13:00:00,NA,1020.2,14,77,NA
2021-05-09 14:00:00,NA,1020.2,15,69,NA
2021-05-09 15:00:00,NA,1019.7,15.8,66,NA
2021-05-09 16:00:00,NA,1019,16.2,63,NA
2021-05-09 17:00:00,NA,1018.1,17.2,60,NA
2021-05-09 18:00:00,NA,1017,18.8,56,NA
2021-05-09 19:00:00,NA,1016.7,18.8,57,NA
2021-05-09 20:00:00,NA,1016.8,18.8,57,NA
2021-05-09 21:00:00,NA,1017.9,18.2,62,NA
2021-05-09 22:00:00,NA,1018.7,17.8,65,NA
2021-05-09 23:00:00,NA,1019.9,16.6,74,NA
2021-05-10 00:00:00,966.5,NA,16.2,74,NA
2021-05-10 09:00:00,967.8,NA,13,86,NA
2021-05-10 10:00:00,968.2,NA,13,86,NA
2021-05-10 11:00:00,968.9,NA,13.6,84,NA
2021-05-10 12:00:00,969.4,NA,13.8,85,NA
2021-05-10 13:00:00,969.8,NA,15,81,NA
2021-05-10 14:00:00,970.3,NA,16.8,72,NA
2021-05-10 15:00:00,969.8,NA,18,63,NA
2021-05-10 16:00:00,969.1,NA,19.8,60,NA
2021-05-10 17:00:00,967.9,NA,20.2,55,NA
2021-05-10 18:00:00,966.9,NA,20.4,56,NA
2021-05-10 19:00:00,966.4,NA,19.2,64,NA
2021-05-10 20:00:00,966.4,NA,18.8,70,NA
2021-05-10 21:00:00,967,NA,17.8,68,NA
2021-05-10 23:00:00,968.4,NA,14.6,93,NA
2021-05-11 09:00:00,NA,1021.4,12,82,NA
2021-05-11 10:00:00,NA,1022.1,11.6,79,NA
2021-05-11 11:00:00,NA,1022.9,13.2,74,NA
2021-05-11 12:00:00,NA,1023.4,13.6,76,NA
2021-05-11 13:00:00,NA,1023.1,16.2,63,NA
2021-05-11 14:00:00,NA,1022.3,17.8,53,NA
2021-05-11 15:00:00,NA,1021.5,19,49,NA
2021-05-11 16:00:00,NA,1021,20.6,48,NA
2021-05-11 17:00:00,NA,1020,20.6,50,NA
2021-05-11 18:00:00,NA,1019.3,20.4,51,NA
2021-05-11 19:00:00,NA,1019.8,20.2,51,NA
2021-05-11 20:00:00,NA,1019.8,18.6,59,NA
2021-05-11 21:00:00,NA,1020.7,17.8,68,NA
2021-05-11 22:00:00,NA,1021.4,16.6,64,NA
2021-05-11 23:00:00,NA,1021.7,15.6,68,NA
2021-05-12 00:00:00,967.4,NA,14.8,67,NA
2021-05-12 10:00:00,966.6,NA,8.8,89,NA
2021-05-12 11:00:00,966.9,NA,8.6,89,NA
2021-05-12 12:00:00,966.9,NA,11.4,69,NA
2021-05-12 13:00:00,966.6,NA,15.2,61,NA
2021-05-12 14:00:00,966.5,NA,18,41,NA
2021-05-12 15:00:00,965.7,NA,21.2,50,NA
2021-05-12 16:00:00,964.6,NA,23,42,NA
2021-05-12 17:00:00,963.3,NA,24.6,39,NA
2021-05-12 18:00:00,962.2,NA,25.2,38,NA
2021-05-12 19:00:00,961.4,NA,25.6,35,NA
2021-05-12 20:00:00,961,NA,23.8,42,NA
2021-05-12 21:00:00,961,NA,22,49,NA
2021-05-12 23:00:00,961.3,NA,17.8,59,NA
2021-05-13 09:00:00,NA,1014.2,12.6,82,NA
2021-05-13 10:00:00,NA,1015.2,11.4,84,NA
2021-05-13 11:00:00,NA,1016.2,9.8,92,NA
2021-05-13 12:00:00,NA,1017.4,8.8,85,NA
2021-05-13 13:00:00,NA,1018.7,13,67,NA
2021-05-13 14:00:00,NA,1018,16,61,NA
2021-05-13 15:00:00,NA,1017.3,18.4,50,NA
2021-05-13 16:00:00,NA,1016,20.4,58,NA
2021-05-13 17:00:00,NA,1014.5,22.2,52,NA
2021-05-13 18:00:00,NA,1013.1,24,49,NA
2021-05-13 19:00:00,NA,1013.4,25.2,39,NA
2021-05-13 20:00:00,NA,1013.4,24.8,41,NA
2021-05-13 21:00:00,NA,1014.1,23,46,NA
2021-05-13 22:00:00,NA,1014.8,19.8,57,NA
2021-05-13 23:00:00,NA,1015.8,18.6,62,NA
2021-05-14 00:00:00,962.4,NA,17.4,64,NA
2021-05-14 09:00:00,963.3,NA,8.8,92,NA
2021-05-14 10:00:00,963.4,NA,9.8,82,NA
2021-05-14 11:00:00,963.7,NA,9.6,89,NA
2021-05-14 12:00:00,964,NA,12.2,70,NA
2021-05-14 13:00:00,964.4,NA,12.8,69,NA
2021-05-14 14:00:00,964.1,NA,19,59,NA
2021-05-14 15:00:00,962.9,NA,21.2,55,NA
2021-05-14 17:00:00,960.9,NA,23.6,48,NA
2021-05-14 18:00:00,960.1,NA,24.2,43,NA
2021-05-14 19:00:00,959.1,NA,24.6,40,NA
2021-05-14 20:00:00,958.7,NA,25,44,NA
2021-05-14 21:00:00,958.6,NA,23.6,47,NA
2021-05-14 22:00:00,958.9,NA,20.4,56,NA
2021-05-14 23:00:00,959.4,NA,19.2,56,NA
2021-05-15 09:00:00,NA,1015.1,9.8,100,NA
2021-05-15 10:00:00,NA,1016.3,8.6,92,NA
2021-05-15 11:00:00,NA,1017.2,7.6,92,NA
2021-05-15 12:00:00,NA,1017.5,11,54,NA
2021-05-15 13:00:00,NA,1018.3,14.2,71,NA
2021-05-15 14:00:00,NA,1018.2,17,62,NA
2021-05-15 15:00:00,NA,1017.2,18.8,59,NA
2021-05-15 16:00:00,NA,1015.5,21.2,57,NA
2021-05-15 17:00:00,NA,1013.9,23.2,53,NA
2021-05-15 18:00:00,NA,1012.2,24.4,49,NA
2021-05-15 19:00:00,NA,1012.6,24.4,52,NA
2021-05-15 20:00:00,NA,1012,24.4,52,NA
2021-05-15 21:00:00,NA,1012.8,23,48,NA
2021-05-15 22:00:00,NA,1013.9,19.8,67,NA
2021-05-15 23:00:00,NA,1015.7,16,78,NA
2021-05-16 00:00:00,962.1,NA,14.6,79,NA
2021-05-16 09:00:00,962.2,NA,9.6,94,NA
2021-05-16 10:00:00,962.1,NA,9.8,89,NA
2021-05-16 11:00:00,963,NA,8.6,92,NA
2021-05-16 12:00:00,963.8,NA,12.2,79,NA
2021-05-16 13:00:00,965.1,NA,17.4,69,NA
2021-05-16 14:00:00,965.5,NA,18.4,61,NA
2021-05-16 15:00:00,965.2,NA,20.6,59,NA
2021-05-16 16:00:00,964.6,NA,22,54,NA
2021-05-16 17:00:00,963.5,NA,23,54,NA
2021-05-16 18:00:00,962.9,NA,24,48,NA
2021-05-16 19:00:00,962.6,NA,24.2,51,NA
2021-05-16 20:00:00,962.4,NA,23,55,NA
2021-05-16 21:00:00,962.4,NA,22.2,57,NA
2021-05-16 22:00:00,963,NA,21,74,NA
2021-05-16 23:00:00,963.8,NA,20,76,NA
2021-05-17 09:00:00,NA,1009.5,15.4,87,NA
2021-05-17 10:00:00,NA,1019.5,14.8,85,NA
2021-05-17 11:00:00,NA,1020.3,13,89,NA
2021-05-17 12:00:00,NA,1020.5,15.6,76,NA
2021-05-17 13:00:00,NA,1020.5,16,76,NA
2021-05-17 14:00:00,NA,1020.4,21.2,62,NA
2021-05-17 15:00:00,NA,1018.5,23.4,61,NA
2021-05-17 16:00:00,NA,1017.1,23.4,64,NA
2021-05-17 17:00:00,NA,1015.6,23.6,64,NA
2021-05-17 18:00:00,NA,1014.7,23.6,65,NA
2021-05-17 19:00:00,NA,1015.2,23.2,62,NA
2021-05-17 20:00:00,NA,1014.8,22.2,67,NA
2021-05-17 21:00:00,NA,1015.1,21.8,68,NA
2021-05-17 22:00:00,NA,1015.3,21.2,68,NA
2021-05-17 23:00:00,NA,1015.5,21.6,65,NA
2021-05-18 00:00:00,962.2,NA,21,67,NA
2021-05-18 09:00:00,959.6,NA,20.8,70,NA
2021-05-18 10:00:00,959.6,NA,20.6,72,NA
2021-05-18 11:00:00,960,NA,20.4,72,NA
2021-05-18 12:00:00,960,NA,20.8,70,NA
2021-05-18 13:00:00,960.2,NA,21.8,68,NA
2021-05-18 14:00:00,960.2,NA,22.4,65,NA
2021-05-18 15:00:00,959.8,NA,22,66,NA
2021-05-18 16:00:00,958.6,NA,24.6,57,NA
2021-05-18 17:00:00,957,NA,24.8,56,NA
2021-05-18 18:00:00,955.8,NA,25,53,NA
2021-05-18 19:00:00,955,NA,24,54,NA
2021-05-18 20:00:00,955,NA,24,56,NA
2021-05-18 21:00:00,954.9,NA,23.2,58,NA
2021-05-18 22:00:00,955,NA,21,70,NA
2021-05-18 23:00:00,955,NA,21,72,NA
2021-05-19 09:00:00,NA,1006.8,19.6,78,NA
2021-05-19 10:00:00,NA,1007.6,17.4,86,NA
2021-05-19 11:00:00,NA,1008.4,15.6,90,NA
2021-05-19 12:00:00,NA,1008.6,16.6,74,NA
2021-05-19 13:00:00,NA,1008.6,19.6,75,NA
2021-05-19 14:00:00,NA,1007.7,22.6,66,NA
2021-05-19 15:00:00,NA,1006.9,23.2,63,NA
2021-05-19 16:00:00,NA,1005.6,24.4,59,NA
2021-05-19 17:00:00,NA,1004.8,23.8,61,NA
2021-05-19 18:00:00,NA,1003.6,25.2,58,NA
2021-05-19 19:00:00,NA,1003.1,25,56,NA
2021-05-19 20:00:00,NA,1002.8,25,56,NA
2021-05-19 21:00:00,NA,1004.4,24.2,60,NA
2021-05-19 22:00:00,NA,1005.4,22.2,72,NA
2021-05-19 23:00:00,NA,1006.6,22.6,64,NA
2021-05-20 00:00:00,954.1,NA,21.4,71,NA
2021-05-20 09:00:00,953.3,NA,13,93,NA
2021-05-20 10:00:00,954,NA,12.6,NA,NA
2021-05-20 11:00:00,954.6,NA,14.4,87,NA
2021-05-20 12:00:00,955,NA,15.6,87,NA
2021-05-20 13:00:00,955.2,NA,17.2,84,NA
2021-05-20 16:00:00,953.9,NA,22,69,NA
2021-05-20 17:00:00,951.6,NA,23.4,63,NA
2021-05-20 18:00:00,950.6,NA,22.8,72,NA
2021-05-20 19:00:00,950.1,NA,22.4,76,NA
2021-05-20 20:00:00,950.5,NA,23.8,63,NA
2021-05-20 21:00:00,950.8,NA,23,64,NA
2021-05-20 22:00:00,952,NA,21.8,72,NA
2021-05-20 23:00:00,952.9,NA,21.4,69,NA
2021-05-21 09:00:00,NA,1006,16.2,86,NA
2021-05-21 10:00:00,NA,1006.6,16,87,NA
2021-05-21 11:00:00,NA,1007.4,15.2,94,NA
2021-05-21 12:00:00,NA,1008.7,15.4,91,NA
2021-05-21 13:00:00,NA,1009.1,17,88,NA
2021-05-21 14:00:00,NA,1010.7,17,75,NA
2021-05-21 15:00:00,NA,1012.2,14.8,90,NA
2021-05-21 16:00:00,NA,1012.9,18.6,59,NA
2021-05-21 17:00:00,NA,1011.9,18.4,53,NA
2021-05-21 18:00:00,NA,1011.5,19.6,41,NA
2021-05-21 19:00:00,NA,1012,19.4,44,NA
2021-05-21 20:00:00,NA,1012.4,17.6,42,NA
2021-05-21 21:00:00,NA,1012.9,17.4,42,NA
2021-05-21 22:00:00,NA,1014.1,14,60,NA
2021-05-21 23:00:00,NA,1015,13.8,56,NA
2021-05-22 00:00:00,962.4,NA,11.2,67,NA
2021-05-22 09:00:00,964.8,NA,3.4,90,NA
2021-05-22 10:00:00,964.6,NA,4.4,90,NA
2021-05-22 11:00:00,965.3,NA,3.8,86,NA
2021-05-22 12:00:00,965.8,NA,6.2,76,NA
2021-05-22 13:00:00,966.4,NA,10.2,66,NA
2021-05-22 14:00:00,966.8,NA,14,58,NA
2021-05-22 15:00:00,966.2,NA,15.6,49,NA
2021-05-22 16:00:00,965.2,NA,16.8,42,NA
2021-05-22 17:00:00,963.7,NA,17.8,37,NA
2021-05-22 18:00:00,962.6,NA,18,38,NA
2021-05-22 19:00:00,962,NA,18.8,36,NA
2021-05-22 20:00:00,961.8,NA,18.2,40,NA
2021-05-22 21:00:00,962.4,NA,17.4,42,NA
2021-05-22 22:00:00,963,NA,12.6,73,NA
2021-05-22 23:00:00,964.2,NA,9,64,NA
2021-05-23 09:00:00,NA,1023.5,3.4,87,NA
2021-05-23 10:00:00,NA,1024.5,4.2,85,NA
2021-05-23 11:00:00,NA,1025.7,3.8,81,NA
2021-05-23 12:00:00,NA,1026.3,5.4,71,NA
2021-05-23 13:00:00,NA,1026.3,10.8,56,NA
2021-05-23 14:00:00,NA,1025.4,11.2,54,NA
2021-05-23 15:00:00,NA,1024.4,17,41,NA
2021-05-23 16:00:00,NA,1022.3,18,38,NA
2021-05-23 18:00:00,NA,1019.2,20,39,NA
2021-05-23 19:00:00,NA,1019.6,19.8,39,NA
2021-05-23 20:00:00,NA,1019.2,21,42,NA
2021-05-23 21:00:00,NA,1019.3,19.6,47,NA
2021-05-23 22:00:00,NA,1020.1,15.2,54,NA
2021-05-23 23:00:00,NA,1020.8,13.2,61,NA
2021-05-24 00:00:00,NA,1020.9,13.8,54,NA
2021-05-25 09:00:00,NA,1015.6,5.2,88,NA
2021-05-25 10:00:00,NA,1017.3,4.2,91,NA
2021-05-25 11:00:00,NA,1018.3,2.2,93,NA
2021-05-25 12:00:00,NA,1019.1,6.2,66,NA
2021-05-25 13:00:00,NA,1020.2,11.6,57,NA
2021-05-25 14:00:00,NA,1020.5,16,50,NA
2021-05-25 15:00:00,NA,1019.1,18.8,45,NA
2021-05-25 16:00:00,NA,1017.7,21.2,44,NA
2021-05-25 17:00:00,NA,1016.2,22.2,38,NA
2021-05-25 18:00:00,NA,1015.4,22.8,36,NA
2021-05-25 19:00:00,NA,1016.1,23.2,36,NA
2021-05-25 20:00:00,NA,1015.4,23.2,36,NA
2021-05-25 21:00:00,NA,1016.1,22.8,24,NA
2021-05-25 22:00:00,NA,1017.5,16,74,NA
2021-05-25 23:00:00,NA,1018.7,12.4,69,NA
2021-05-26 00:00:00,NA,1019,12,68,NA
2021-05-27 09:00:00,NA,1012.6,9.2,85,NA
2021-05-27 10:00:00,NA,1012.9,9.2,85,NA
2021-05-27 11:00:00,NA,1013.7,8.6,89,NA
2021-05-27 12:00:00,NA,1013.8,10.4,76,NA
2021-05-27 13:00:00,NA,1012.9,13.4,68,NA
2021-05-27 14:00:00,NA,1011.4,18.2,55,NA
2021-05-27 15:00:00,NA,1009.2,20.6,53,NA
2021-05-27 16:00:00,NA,1007.6,22.4,45,NA
2021-05-27 17:00:00,953.7,1005.6,22.4,47,NA
2021-05-27 18:00:00,952.3,1004.1,23.2,45,NA
2021-05-27 19:00:00,951.3,1004.2,23.4,43,NA
2021-05-27 20:00:00,951,1003.8,23.6,46,NA
2021-05-27 21:00:00,950.6,1003.8,23.2,52,NA
2021-05-27 22:00:00,950.8,1004.4,18.6,71,NA
2021-05-27 23:00:00,950.6,1004.6,15.2,75,NA
2021-05-28 00:00:00,NA,1004.2,14.8,73,NA
2021-05-29 00:00:00,950.9,NA,NA,NA,NA
2021-05-29 09:00:00,959.2,1011.7,16,61,NA
2021-05-29 10:00:00,960.6,1014,15.6,55,NA
2021-05-29 11:00:00,961.8,1015.5,13.2,68,NA
2021-05-29 12:00:00,963,1016.5,14.6,51,NA
2021-05-29 13:00:00,964.2,1018.1,17.4,44,NA
2021-05-29 14:00:00,965,1018.4,19.8,39,NA
2021-05-29 15:00:00,964.6,1017.5,20.2,35,NA
2021-05-29 16:00:00,964,1016.8,20.6,31,NA
2021-05-29 17:00:00,963,1015.7,20.2,35,NA
2021-05-29 18:00:00,962.1,1014.8,21.2,32,NA
2021-05-29 19:00:00,961.6,1014.6,21,34,NA
2021-05-29 20:00:00,961.4,1014.4,20.8,40,NA
2021-05-29 21:00:00,961.7,1015.2,19.2,43,NA
2021-05-29 22:00:00,962,1015.7,17.2,45,NA
2021-05-29 23:00:00,962.8,1017,15.4,47,NA
2021-05-31 00:00:00,962.8,NA,NA,NA,NA
2021-05-31 09:00:00,965,1019.6,5.4,91,NA
2021-05-31 10:00:00,965,1020.1,4.2,94,NA
2021-05-31 11:00:00,966.1,1021.4,2.6,93,NA
2021-05-31 12:00:00,966.8,1022.2,3.2,87,NA
2021-05-31 13:00:00,966.7,1023.1,10.8,62,NA
2021-05-31 14:00:00,NA,1021.7,14.8,55,NA
2021-05-31 15:00:00,966.4,1020.4,17,50,NA
2021-05-31 16:00:00,965.2,1018.7,18.8,45,NA
2021-05-31 17:00:00,963.7,1016.8,20.4,45,NA
2021-05-31 18:00:00,961.9,1014.6,22.2,46,NA
2021-05-31 19:00:00,960.7,1014.6,23.6,44,NA
2021-05-31 20:00:00,959.7,1013.4,24.2,42,NA
2021-05-31 21:00:00,959,1012.8,24.8,42,NA
2021-05-31 22:00:00,959.2,1013.7,19.2,56,NA
2021-05-31 23:00:00,959.3,1014.1,17.8,56,NA
2021-06-01 00:00:00,NA,1014.3,14.8,61,NA
2021-06-02 00:00:00,954.5,NA,NA,NA,NA
2021-06-02 09:00:00,960.2,1013.9,7.6,86,NA
2021-06-02 10:00:00,NA,1015.9,6.6,92,NA
2021-06-02 11:00:00,962.6,1017.4,7,83,NA
2021-06-02 12:00:00,963.3,1018.1,8.6,79,NA
2021-06-02 13:00:00,963.7,1018.8,13.6,62,NA
2021-06-02 14:00:00,963.8,1017.9,19,49,NA
2021-06-02 15:00:00,963.6,1016.6,21,49,NA
2021-06-02 16:00:00,NA,1015.9,22.6,47,NA
2021-06-02 17:00:00,962.6,1014.9,24,42,NA
2021-06-02 18:00:00,961.2,1013.2,25,42,NA
2021-06-02 19:00:00,960.8,1014.2,25.6,44,NA
2021-06-02 20:00:00,960.1,1013.4,25.4,47,NA
2021-06-02 21:00:00,960,1013.6,25.2,48,NA
2021-06-02 22:00:00,960.4,1014.4,22.4,50,NA
2021-06-02 23:00:00,960.5,1014.8,19.2,63,NA
2021-06-03 00:00:00,NA,1014.6,19.4,56,NA
2021-06-04 00:00:00,954.6,NA,NA,NA,NA
2021-06-04 09:00:00,953,1005.9,10,90,NA
2021-06-04 10:00:00,952.9,1006.5,8.2,97,NA
2021-06-04 11:00:00,953.2,1006.5,11.6,77,NA
2021-06-04 12:00:00,953,1006.3,12.4,82,NA
2021-06-04 13:00:00,952.8,1006.5,16.6,56,NA
2021-06-04 14:00:00,952.8,1005.7,20,52,NA
2021-06-04 15:00:00,952.6,1004.8,22.2,48,NA
2021-06-04 16:00:00,951.9,1003.7,23.2,48,NA
2021-06-04 17:00:00,950.8,1002.4,25,46,NA
2021-06-04 18:00:00,949.6,1000.8,26.4,47,NA
2021-06-04 19:00:00,949.4,1001.8,27,45,NA
2021-06-04 20:00:00,949.4,1001.7,27,44,NA
2021-06-04 21:00:00,949.8,1002.6,25.8,51,NA
2021-06-04 22:00:00,951,1004.4,21.2,78,NA
2021-06-04 23:00:00,951.8,1005.4,17.2,81,NA
2021-06-05 00:00:00,NA,1006.3,16.2,76,NA
2021-06-06 00:00:00,963.6,NA,NA,NA,NA
2021-06-06 09:00:00,962.4,1015.8,14.8,52,NA
2021-06-06 10:00:00,962.6,1016.2,14.6,54,NA
2021-06-06 11:00:00,963.6,1017.3,14.2,49,NA
2021-06-06 12:00:00,963.4,1017.2,14.4,51,NA
2021-06-06 13:00:00,963.7,1018.2,15.6,44,NA
2021-06-06 14:00:00,963.6,1017.3,17.4,34,NA
2021-06-06 15:00:00,962.8,1016.1,19.6,21,NA
2021-06-06 16:00:00,961.3,1014.1,21.6,25,NA
2021-06-06 17:00:00,959.6,1011.9,21.6,25,NA
2021-06-06 18:00:00,957.8,1010,22.6,27,NA
2021-06-06 19:00:00,957.3,1010,22.2,29,NA
2021-06-06 20:00:00,956.9,1009.7,21.2,32,NA
2021-06-06 21:00:00,957.2,1010.5,20,35,NA
2021-06-06 22:00:00,958,1011.5,18.4,39,NA
2021-06-06 23:00:00,958.8,1012.5,16.8,43,NA
2021-06-08 00:00:00,963.4,NA,NA,NA,NA
2021-06-08 09:00:00,962.9,1016.8,11.6,81,NA
2021-06-08 10:00:00,962.6,1017.1,10.2,85,NA
2021-06-08 11:00:00,NA,1017.8,9.2,87,NA
2021-06-08 12:00:00,NA,1017.8,10.6,83,NA
2021-06-08 13:00:00,NA,1017.5,15.8,66,NA
2021-06-08 14:00:00,NA,1016.3,18.6,57,NA
2021-06-08 15:00:00,NA,1015.1,20.4,50,NA
2021-06-08 16:00:00,NA,1013.6,21.8,50,NA
2021-06-08 17:00:00,NA,1012.1,23.6,46,NA
2021-06-08 18:00:00,NA,1010.7,24,47,NA
2021-06-08 19:00:00,NA,1010.8,24,44,NA
2021-06-08 20:00:00,NA,1010.4,24.2,41,NA
2021-06-08 21:00:00,NA,1010.7,21.8,55,NA
2021-06-08 22:00:00,NA,1011.2,18.6,62,NA
2021-06-08 23:00:00,NA,1011.5,17.8,65,NA
2021-06-09 00:00:00,NA,1012,17.2,66,NA
2021-06-10 00:00:00,959.4,NA,NA,NA,NA
2021-06-10 09:00:00,963.4,1017.7,7,97,NA
2021-06-10 10:00:00,963.7,1018.4,6.2,97,NA
2021-06-10 11:00:00,965,1020,7.6,86,NA
2021-06-10 12:00:00,965.8,1020.9,7.2,86,NA
2021-06-10 13:00:00,967,1022.6,12.6,71,NA
2021-06-10 14:00:00,967.7,1022.2,16.4,63,NA
2021-06-10 15:00:00,968.2,1022,18.6,60,NA
2021-06-10 16:00:00,968.6,1022,19.8,59,NA
2021-06-10 17:00:00,968.4,1021.6,20.2,59,NA
2021-06-10 18:00:00,967.4,1020.4,21,58,NA
2021-06-10 19:00:00,967.8,1022,21.8,56,NA
2021-06-10 20:00:00,968.2,1022.4,21,57,NA
2021-06-10 21:00:00,968.1,1022.7,20.2,62,NA
2021-06-10 22:00:00,968.2,1023.2,17.6,77,NA
2021-06-10 23:00:00,968.5,1023.4,16.6,80,NA
2021-06-11 00:00:00,NA,1024,15.8,80,NA
2021-06-12 00:00:00,965.4,NA,NA,NA,NA
2021-06-12 09:00:00,NA,1016.3,8.8,87,NA
2021-06-12 10:00:00,962,1016.3,8.6,87,NA
2021-06-12 11:00:00,962.2,1016.8,7.6,89,NA
2021-06-12 12:00:00,962.5,1017,8,84,NA
2021-06-12 13:00:00,962.3,1017.4,12.8,69,NA
2021-06-12 14:00:00,962,1016.1,15.4,62,NA
2021-06-12 15:00:00,NA,1014.7,18.6,62,NA
2021-06-12 16:00:00,960.1,1013,20.6,56,NA
2021-06-12 17:00:00,958.8,1011.3,22,50,NA
2021-06-12 18:00:00,957.3,1009.4,24,45,NA
2021-06-12 19:00:00,956.7,1009.8,24.8,46,NA
2021-06-12 20:00:00,956.5,1009.6,24.8,46,NA
2021-06-12 21:00:00,956.6,1010.2,23.2,52,NA
2021-06-12 22:00:00,956.9,1010.6,21.2,52,NA
2021-06-12 23:00:00,957.4,1011.3,20.8,55,NA
2021-06-13 00:00:00,NA,1011.4,20.8,55,NA
2021-06-14 00:00:00,956.8,NA,NA,NA,NA
2021-06-14 09:00:00,963,1016.8,6.8,88,NA
2021-06-14 10:00:00,963.6,1018.4,7,89,NA
2021-06-14 11:00:00,NA,1019.4,8.6,72,NA
2021-06-14 12:00:00,965.4,1019.9,8.4,89,NA
2021-06-14 13:00:00,966.8,1022.1,13,71,NA
2021-06-14 14:00:00,967.8,1022.2,15.2,62,NA
2021-06-14 15:00:00,967.6,1021.6,16.6,56,NA
2021-06-14 16:00:00,966.9,1020.6,18.6,51,NA
2021-06-14 17:00:00,966.2,1019.5,20.2,44,NA
2021-06-14 18:00:00,965.4,1018.3,21,40,NA
2021-06-14 19:00:00,965.2,1019.3,20.6,43,NA
2021-06-14 20:00:00,965.2,1019.3,20.6,43,NA
2021-06-14 21:00:00,965.6,1020.2,19.4,47,NA
2021-06-14 22:00:00,966.2,1021.1,17.2,59,NA
2021-06-14 23:00:00,967.6,1022.4,16.2,59,NA
2021-06-15 00:00:00,NA,1023.6,16,61,NA
2021-06-16 09:00:00,NA,1028.7,4.8,94,NA
2021-06-16 10:00:00,NA,1029.1,4.8,94,NA
2021-06-16 11:00:00,NA,1029.2,4.8,94,NA
2021-06-16 12:00:00,NA,1029.5,5,93,NA
2021-06-16 13:00:00,NA,1030.3,5.8,88,NA
2021-06-16 14:00:00,NA,1030.6,5.4,94,NA
2021-06-16 15:00:00,974.1,1030.4,5.2,91,NA
2021-06-16 16:00:00,973.5,1029.9,5.4,94,NA
2021-06-16 17:00:00,972.6,1028.9,5.6,91,NA
2021-06-16 18:00:00,971.9,1028.1,5.6,94,NA
2021-06-16 19:00:00,971.9,1028.2,6.2,88,NA
2021-06-16 20:00:00,972.2,1028.4,5.8,94,NA
2021-06-16 21:00:00,972.6,1029.2,5.6,91,NA
2021-06-16 22:00:00,973,1029.7,5.4,94,NA
2021-06-16 23:00:00,973.4,1030.2,5.2,94,NA
2021-06-17 00:00:00,NA,1030.6,5.2,94,NA
2021-06-18 00:00:00,970.5,NA,NA,NA,NA
2021-06-18 09:00:00,968.6,1024.8,4.8,97,NA
2021-06-18 10:00:00,968.6,1024.8,4.8,94,NA
2021-06-18 11:00:00,969,1025.3,5,91,NA
2021-06-18 12:00:00,969,1025.1,6.6,75,NA
2021-06-18 13:00:00,969.3,1025.1,8.6,72,NA
2021-06-18 14:00:00,969,1024.4,8.4,72,NA
2021-06-18 15:00:00,968.6,1024,8.6,59,NA
2021-06-18 16:00:00,968,1023.3,9.4,56,NA
2021-06-18 17:00:00,966.6,1021.7,9.6,56,NA
2021-06-18 18:00:00,966.2,1021.2,9.6,56,NA
2021-06-18 19:00:00,966.2,1021.7,9.2,60,NA
2021-06-18 20:00:00,966.6,1022.2,8.8,62,NA
2021-06-18 21:00:00,967.7,1023.7,8.2,67,NA
2021-06-18 22:00:00,NA,1024.2,7.6,70,NA
2021-06-18 23:00:00,968.6,1024.9,7.2,73,NA
2021-06-19 00:00:00,NA,1025.4,6.8,75,NA
2021-06-20 00:00:00,968.1,NA,NA,NA,NA
2021-06-20 01:00:00,968,NA,NA,NA,NA
2021-06-20 09:00:00,963.7,1019.4,2.2,90,NA
2021-06-20 10:00:00,963.3,1019.4,1.4,89,NA
2021-06-20 11:00:00,963.3,1019.6,0,100,NA
2021-06-20 12:00:00,963,1019.4,0.4,85,NA
2021-06-20 13:00:00,963.6,1019.6,7,62,NA
2021-06-20 14:00:00,964.2,1019.6,10,59,NA
2021-06-20 15:00:00,963.3,1018.1,12.2,54,NA
2021-06-20 16:00:00,962,1016.3,13.8,48,NA
2021-06-20 17:00:00,960.9,1014.8,15.2,47,NA
2021-06-20 18:00:00,960.1,1013.7,16.2,45,NA
2021-06-20 19:00:00,959.3,1014,16.8,43,NA
2021-06-20 20:00:00,958.8,1013.4,16.8,38,NA
2021-06-20 21:00:00,959.7,1014.9,14.6,48,NA
2021-06-20 22:00:00,960.8,1016.5,11,65,NA
2021-06-20 23:00:00,961.8,1017.8,10.2,64,NA
2021-06-21 00:00:00,NA,1018.5,9.2,70,NA
2021-06-22 00:00:00,962.8,NA,NA,NA,NA
2021-06-22 09:00:00,961.6,1016.1,6.2,74,NA
2021-06-22 10:00:00,961.4,1016.5,3,93,NA
2021-06-22 11:00:00,961.7,1017.3,3.4,97,NA
2021-06-22 12:00:00,961.2,1017,4.2,85,NA
2021-06-22 13:00:00,961.8,1017.7,6.2,77,NA
2021-06-22 14:00:00,961.4,1016.8,9,67,NA
2021-06-22 15:00:00,NA,1015.7,12.2,58,NA
2021-06-22 16:00:00,NA,1013.5,17.6,44,NA
2021-06-22 17:00:00,NA,1010.7,18.8,41,NA
2021-06-22 18:00:00,NA,1008.9,17.6,53,NA
2021-06-22 19:00:00,NA,1009.7,17.2,44,NA
2021-06-22 20:00:00,NA,1009.7,16.6,47,NA
2021-06-22 21:00:00,NA,1010,16,48,NA
2021-06-22 22:00:00,NA,1011,15.2,53,NA
2021-06-22 23:00:00,NA,1010.9,14.8,57,NA
2021-06-23 00:00:00,NA,1010.7,15,54,NA
2021-06-24 00:00:00,956.9,NA,NA,NA,NA
2021-06-24 09:00:00,961.4,1016.3,4,94,NA
2021-06-24 10:00:00,962.2,1017.2,4.6,85,NA
2021-06-24 11:00:00,963.4,1019,4.4,88,NA
2021-06-24 12:00:00,964.4,1020,4.8,88,NA
2021-06-24 13:00:00,964.9,1020.8,9.4,72,NA
2021-06-24 14:00:00,965.1,1020.1,14,56,NA
2021-06-24 15:00:00,965,1019.1,16.6,51,NA
2021-06-24 16:00:00,963.6,1017.1,18.6,47,NA
2021-06-24 17:00:00,961.9,1014.9,19.2,43,NA
2021-06-24 18:00:00,960.3,1013.1,19.8,40,NA
2021-06-24 19:00:00,958.9,1013,21.2,37,NA
2021-06-24 20:00:00,958.1,1012.1,21.8,35,NA
2021-06-24 21:00:00,957.7,1012,20.4,35,NA
2021-06-24 22:00:00,957.4,1012,17.2,52,NA
2021-06-24 23:00:00,958.1,1012.8,16.2,59,NA
2021-06-25 00:00:00,NA,1013.3,15.2,62,NA
2021-06-25 01:00:00,NA,1013.3,13.2,68,NA
2021-06-25 02:00:00,NA,1012.9,12.8,65,NA
2021-06-26 00:00:00,954.2,NA,NA,NA,NA
2021-06-26 01:00:00,954.8,NA,NA,NA,NA
2021-06-26 09:00:00,959.2,1013.1,9.6,82,NA
2021-06-26 10:00:00,NA,1014.4,10.6,78,NA
2021-06-26 11:00:00,NA,1015.8,10.2,78,NA
2021-06-26 12:00:00,NA,1017.2,10.4,76,NA
2021-06-26 13:00:00,NA,1019.2,9.2,90,NA
2021-06-26 14:00:00,NA,1021.4,9,92,NA
2021-06-26 15:00:00,NA,1022.5,8.6,92,NA
2021-06-26 16:00:00,NA,1022.8,8.6,92,NA
2021-06-26 17:00:00,NA,1022.6,8,95,NA
2021-06-26 18:00:00,NA,1022.2,8.2,95,NA
2021-06-26 19:00:00,NA,1021.9,8.4,92,NA
2021-06-26 20:00:00,NA,1022,8.4,92,NA
2021-06-26 21:00:00,NA,1023,8.2,92,NA
2021-06-26 22:00:00,NA,1024,8,92,NA
2021-06-26 23:00:00,NA,1025.1,7.6,95,NA
2021-06-27 00:00:00,NA,1025.8,7.6,92,NA
2021-06-27 01:00:00,NA,1027.1,7.2,95,NA
2021-06-28 09:00:00,NA,1035.3,-2.8,74,NA
2021-06-28 10:00:00,NA,1036.6,-4.2,93,NA
2021-06-28 11:00:00,NA,1037.6,-1.8,43,NA
2021-06-28 12:00:00,NA,1037.2,-1.6,92,NA
2021-06-28 13:00:00,NA,1037.4,3.8,59,NA
2021-06-28 14:00:00,NA,1036.4,7.4,45,NA
2021-06-28 15:00:00,NA,1034.7,9.8,34,NA
2021-06-28 16:00:00,NA,1032.6,11.8,37,NA
2021-06-28 17:00:00,NA,1030.3,12.6,36,NA
2021-06-28 18:00:00,NA,1029.1,13.6,33,NA
2021-06-28 19:00:00,NA,1029.7,15,32,NA
2021-06-28 20:00:00,NA,1029,14.6,30,NA
2021-06-28 21:00:00,NA,1029.8,9,82,NA
2021-06-28 22:00:00,NA,1030.2,9.4,53,NA
2021-06-28 23:00:00,NA,1030.9,5.8,57,NA
2021-06-29 00:00:00,NA,1031.9,4.4,54,NA
2021-06-30 00:00:00,969.7,NA,NA,NA,NA
2021-06-30 09:00:00,965.4,1022.1,-3.4,82,NA
2021-06-30 10:00:00,965.4,1021.9,-4,91,NA
2021-06-30 11:00:00,965.8,1022.7,-4.2,95,NA
2021-06-30 12:00:00,965.8,1022.4,-2.2,94,NA
2021-06-30 13:00:00,966,1023.5,3.5,42,NA
2021-06-30 14:00:00,965.4,1021.6,6.2,16,NA
2021-06-30 15:00:00,964.7,1020.3,9.8,27,NA
2021-06-30 16:00:00,963.8,1018.6,11.6,32,NA
2021-06-30 17:00:00,962.4,1016.8,14,28,NA
2021-06-30 18:00:00,960.2,1016.1,17,29,NA
2021-06-30 19:00:00,959.2,1014.4,19.7,23,NA
2021-06-30 20:00:00,958.7,1013.6,19,24,NA
2021-06-30 21:00:00,958.2,1013.5,18.2,27,NA
2021-06-30 22:00:00,958.4,1014,16.2,42,NA
2021-06-30 23:00:00,958.9,1014.6,15.6,29,NA
2021-07-01 00:00:00,NA,1014.3,15.8,27,NA
