2021-01-07 00:00:00,993.7,NA,NA,NA,NA
2021-01-07 12:00:00,996.4,1008.7,24.8,NA,NA
2021-01-07 18:00:00,994.4,NA,30.8,NA,NA
2021-01-08 00:00:00,NA,1006,23,NA,NA
2021-01-09 00:00:00,992.6,NA,NA,NA,NA
2021-01-09 12:00:00,993.9,1006,23.7,NA,NA
2021-01-09 18:00:00,991.7,NA,26.9,NA,NA
2021-01-10 00:00:00,NA,1004.5,22.8,NA,NA
2021-01-11 00:00:00,990.3,NA,NA,NA,NA
2021-01-11 12:00:00,989.6,1001.5,29,NA,NA
2021-01-11 18:00:00,986.8,NA,37.1,NA,NA
2021-01-12 00:00:00,NA,1002.7,20.8,NA,NA
2021-01-13 00:00:00,998.1,NA,NA,NA,NA
2021-01-13 12:00:00,1000.7,1013,21.6,NA,NA
2021-01-13 18:00:00,999,NA,29.4,NA,NA
2021-01-14 00:00:00,NA,1010.4,24.2,NA,NA
2021-01-15 00:00:00,994.3,NA,NA,NA,NA
2021-01-15 12:00:00,993.1,1005.2,24.9,NA,NA
2021-01-15 18:00:00,987.8,NA,32.3,NA,NA
2021-01-16 00:00:00,NA,1003.3,19.7,NA,NA
2021-01-17 00:00:00,987.5,NA,NA,NA,NA
2021-01-17 12:00:00,993.1,1005.3,20.2,NA,NA
2021-01-17 18:00:00,NA,NA,25.9,NA,NA
2021-01-18 00:00:00,NA,1007.1,18.4,NA,NA
2021-01-19 12:00:00,NA,1012.5,21.5,NA,NA
2021-01-19 18:00:00,NA,NA,28.8,NA,NA
2021-01-20 00:00:00,NA,1010,21.3,NA,NA
2021-01-21 12:00:00,NA,1011.1,23.3,NA,NA
2021-01-21 18:00:00,NA,NA,29,NA,NA
2021-01-22 00:00:00,NA,1010.4,22.7,NA,NA
2021-01-23 12:00:00,NA,1010.9,25,NA,NA
2021-01-23 13:00:00,NA,1010.8,26.2,NA,NA
2021-01-23 14:00:00,NA,1010.5,28.3,NA,NA
2021-01-23 15:00:00,NA,1010,29.6,NA,NA
2021-01-23 16:00:00,NA,1009.3,30.9,NA,NA
2021-01-23 17:00:00,NA,1008.3,31.2,NA,NA
2021-01-23 18:00:00,NA,1007.5,30.5,NA,NA
2021-01-24 00:00:00,NA,1006.9,22.8,NA,NA
2021-01-25 12:00:00,NA,1004.5,24,NA,NA
2021-01-25 13:00:00,NA,1004.6,25.7,NA,NA
2021-01-25 14:00:00,NA,1004.2,27.6,NA,NA
2021-01-25 15:00:00,NA,1003.5,28.3,NA,NA
2021-01-25 16:00:00,NA,1002.8,30.1,NA,NA
2021-01-25 17:00:00,NA,1001.7,32.3,NA,NA
2021-01-25 18:00:00,NA,1000.7,33,NA,NA
2021-01-26 00:00:00,NA,1000.2,25.7,NA,NA
2021-01-26 15:00:00,987.3,NA,23,NA,NA
2021-01-26 16:00:00,986.7,NA,24.9,NA,NA
2021-01-26 17:00:00,986.5,NA,24.8,NA,NA
2021-01-26 18:00:00,986.3,NA,25,NA,NA
2021-01-27 12:00:00,NA,1001.4,22.2,NA,NA
2021-01-27 13:00:00,NA,1001.7,22.5,NA,NA
2021-01-27 14:00:00,NA,1001.7,23.8,NA,NA
2021-01-27 15:00:00,NA,1001.5,25.7,NA,NA
2021-01-27 16:00:00,NA,1001.5,27.3,NA,NA
2021-01-27 17:00:00,NA,1001.1,26.8,NA,NA
2021-01-27 18:00:00,NA,1000.7,29.4,NA,NA
2021-01-28 00:00:00,NA,1001.2,23,NA,NA
2021-01-29 12:00:00,NA,999.5,22.8,NA,NA
2021-01-29 13:00:00,NA,999.8,27.3,NA,NA
2021-01-29 14:00:00,NA,999.7,30.4,NA,NA
2021-01-29 15:00:00,NA,1000,30.9,NA,NA
2021-01-29 16:00:00,NA,1000.4,32,NA,NA
2021-01-29 17:00:00,NA,1000.5,30.8,NA,NA
2021-01-29 18:00:00,NA,1000.3,21.5,NA,NA
2021-01-30 00:00:00,NA,999.8,20.8,NA,NA
2021-01-31 00:00:00,991,NA,NA,NA,NA
2021-01-31 12:00:00,994.2,1006.5,19.1,NA,NA
2021-01-31 13:00:00,994.7,1007.1,19.6,NA,NA
2021-01-31 14:00:00,994.9,1007.2,20.8,NA,NA
2021-01-31 15:00:00,995,1007.3,22.2,NA,NA
2021-01-31 16:00:00,994.3,1006.5,24.2,NA,NA
2021-01-31 17:00:00,994.1,1006.2,24.3,NA,NA
2021-01-31 18:00:00,993.8,1005.9,25.4,NA,NA
2021-02-01 00:00:00,992.3,1004.6,20.9,NA,NA
2021-02-02 00:00:00,993,NA,NA,NA,NA
2021-02-02 12:00:00,993.7,1005.9,22,NA,NA
2021-02-02 13:00:00,993.7,1005.9,22.6,NA,NA
2021-02-02 14:00:00,993.8,1006,23.6,NA,NA
2021-02-02 15:00:00,992.8,1004.9,25.7,NA,NA
2021-02-02 16:00:00,993.1,1005.2,25.6,NA,NA
2021-02-02 17:00:00,NA,1005,26.7,NA,NA
2021-02-02 18:00:00,992.8,1004.8,25,NA,NA
2021-02-03 00:00:00,NA,1004.9,22.7,NA,NA
2021-02-04 00:00:00,996,NA,NA,NA,NA
2021-02-04 12:00:00,999.2,1011.6,19.4,NA,NA
2021-02-04 13:00:00,999.2,1011.6,21.3,NA,NA
2021-02-04 14:00:00,1000.1,1012.4,23.2,NA,NA
2021-02-04 15:00:00,1000.1,1012.4,23.6,NA,NA
2021-02-04 16:00:00,999.8,1012,25.7,NA,NA
2021-02-04 17:00:00,999.4,1011.5,26.5,NA,NA
2021-02-04 18:00:00,998.9,1011,27,NA,NA
2021-02-05 00:00:00,NA,1010.5,20,NA,NA
2021-02-05 12:00:00,NA,1011.9,21.2,NA,NA
2021-02-05 13:00:00,NA,1011.9,23.3,NA,NA
2021-02-05 14:00:00,NA,1011.3,24.9,NA,NA
2021-02-05 15:00:00,NA,1010.8,24.9,NA,NA
2021-02-05 16:00:00,NA,1010.3,27.2,NA,NA
2021-02-05 17:00:00,NA,1009.6,27.6,NA,NA
2021-02-05 18:00:00,NA,1008.7,28.5,NA,NA
2021-02-06 00:00:00,995.8,1008.1,19.6,NA,NA
2021-02-06 12:00:00,998.9,NA,NA,NA,NA
2021-02-06 13:00:00,999.1,NA,NA,NA,NA
2021-02-06 14:00:00,999.1,NA,NA,NA,NA
2021-02-06 15:00:00,998.5,NA,NA,NA,NA
2021-02-06 16:00:00,998.1,NA,NA,NA,NA
2021-02-06 17:00:00,997.6,NA,NA,NA,NA
2021-02-06 18:00:00,997,NA,NA,NA,NA
2021-02-08 00:00:00,995.7,NA,NA,NA,NA
2021-02-08 12:00:00,NA,1009.7,24.8,72,NA
2021-02-08 13:00:00,NA,1010,26.8,63,NA
2021-02-08 14:00:00,NA,1009.9,29,57,NA
2021-02-08 15:00:00,NA,1009.5,30.4,49,NA
2021-02-08 16:00:00,NA,1008.9,31.2,41,NA
2021-02-08 17:00:00,NA,1008.3,32,43,NA
2021-02-08 18:00:00,NA,1007.4,32.2,40,NA
2021-02-09 00:00:00,NA,1007.6,25.2,64,NA
2021-02-10 12:00:00,NA,1011.3,21.4,86,NA
2021-02-10 13:00:00,NA,1011.5,22.8,78,NA
2021-02-10 14:00:00,NA,1011.5,24.2,74,NA
2021-02-10 15:00:00,NA,1011.2,24.4,71,NA
2021-02-10 16:00:00,NA,1011.2,24.8,70,NA
2021-02-10 17:00:00,NA,1010.6,25.2,66,NA
2021-02-10 18:00:00,NA,1010.2,22.6,84,NA
2021-02-11 00:00:00,997,NA,21.8,87,NA
2021-02-11 12:00:00,997.4,NA,22,91,NA
2021-02-11 13:00:00,997,NA,24.2,78,NA
2021-02-11 14:00:00,996.8,NA,26,62,NA
2021-02-11 15:00:00,996.5,NA,27.8,57,NA
2021-02-11 16:00:00,996.1,NA,28,53,NA
2021-02-11 17:00:00,995.8,NA,28,51,NA
2021-02-11 18:00:00,995,NA,28.4,50,NA
2021-02-12 12:00:00,NA,1008.5,23.2,84,NA
2021-02-12 13:00:00,NA,1008.5,25.8,72,NA
2021-02-12 14:00:00,NA,1008.3,27.2,63,NA
2021-02-12 15:00:00,NA,1008.1,28.2,51,NA
2021-02-12 16:00:00,NA,1007.8,29.2,50,NA
2021-02-12 17:00:00,NA,1007,30.2,48,NA
2021-02-12 18:00:00,NA,1006,30.4,44,NA
2021-02-13 00:00:00,993.3,NA,25.4,68,NA
2021-02-13 12:00:00,994.5,NA,26,72,NA
2021-02-13 13:00:00,994.7,NA,28.4,58,NA
2021-02-13 14:00:00,994.8,NA,28.8,56,NA
2021-02-13 15:00:00,994.2,NA,30,52,NA
2021-02-13 16:00:00,993.7,NA,30.8,49,NA
2021-02-13 17:00:00,992.7,NA,31,46,NA
2021-02-13 18:00:00,992,NA,29.8,51,NA
2021-02-14 12:00:00,NA,1004.5,24,78,NA
2021-02-14 13:00:00,NA,1004.6,25.6,65,NA
2021-02-14 14:00:00,NA,1004.7,26.8,64,NA
2021-02-14 15:00:00,NA,1004.5,28,57,NA
2021-02-14 16:00:00,NA,1004.3,29.4,55,NA
2021-02-14 17:00:00,NA,1003,30,55,NA
2021-02-14 18:00:00,NA,1002.6,30.2,51,NA
2021-02-15 00:00:00,989.4,NA,23.2,81,NA
2021-02-15 12:00:00,992.1,NA,25.8,74,NA
2021-02-15 13:00:00,992.6,NA,28,62,NA
2021-02-15 14:00:00,993,NA,30,54,NA
2021-02-15 15:00:00,992.9,NA,29.8,50,NA
2021-02-15 16:00:00,992.5,NA,30,49,NA
2021-02-15 17:00:00,992,NA,31.2,46,NA
2021-02-15 18:00:00,991.2,NA,31.2,47,NA
2021-02-16 12:00:00,NA,1007.3,22.2,81,NA
2021-02-16 13:00:00,NA,1007.5,24.2,68,NA
2021-02-16 14:00:00,NA,1007.3,26.2,63,NA
2021-02-16 15:00:00,NA,1007.1,28.2,54,NA
2021-02-16 16:00:00,NA,1006.6,28.6,52,NA
2021-02-16 17:00:00,NA,1006.2,29.2,47,NA
2021-02-16 18:00:00,NA,1005.3,30,54,NA
2021-02-17 00:00:00,992.7,NA,23,76,NA
2021-02-17 12:00:00,994.8,NA,23.2,53,NA
2021-02-17 13:00:00,994.9,NA,25,47,NA
2021-02-17 14:00:00,994.8,NA,26,45,NA
2021-02-17 15:00:00,994.3,NA,27.4,38,NA
2021-02-17 16:00:00,993.8,NA,28.4,37,NA
2021-02-17 17:00:00,993.4,NA,29,36,NA
2021-02-17 18:00:00,992.8,NA,30,33,NA
2021-02-18 12:00:00,NA,1007.5,21.8,61,NA
2021-02-18 13:00:00,NA,1007.5,26,42,NA
2021-02-18 14:00:00,NA,1007.6,27.4,41,NA
2021-02-18 15:00:00,NA,1007.3,28.2,41,NA
2021-02-18 16:00:00,NA,1007,28.4,47,NA
2021-02-18 17:00:00,NA,1006.5,29.2,43,NA
2021-02-18 18:00:00,NA,1005.8,29.8,44,NA
2021-02-19 00:00:00,993.7,NA,23,65,NA
2021-02-19 12:00:00,996.3,NA,26.6,50,NA
2021-02-19 13:00:00,996.2,NA,28.4,42,NA
2021-02-19 14:00:00,996.5,NA,30,37,NA
2021-02-19 15:00:00,996.2,NA,30,33,NA
2021-02-19 16:00:00,996,NA,31,33,NA
2021-02-19 17:00:00,996.2,NA,31.4,35,NA
2021-02-19 18:00:00,996.1,NA,32.4,33,NA
2021-02-20 12:00:00,NA,1011.9,24.2,61,NA
2021-02-20 13:00:00,NA,1012.1,27.2,54,NA
2021-02-20 14:00:00,NA,1012,29,52,NA
2021-02-20 15:00:00,NA,1011.6,30,50,NA
2021-02-20 16:00:00,NA,1010.9,31,47,NA
2021-02-20 17:00:00,NA,1010.1,31.4,45,NA
2021-02-20 18:00:00,NA,1009.6,31.8,42,NA
2021-02-21 00:00:00,996.1,NA,25.2,62,NA
2021-02-21 12:00:00,998.5,NA,25.8,63,NA
2021-02-21 13:00:00,998.6,NA,28.6,54,NA
2021-02-21 14:00:00,998.4,NA,30.4,48,NA
2021-02-21 15:00:00,997.9,NA,31.4,45,NA
2021-02-21 16:00:00,997.3,NA,32.2,41,NA
2021-02-21 17:00:00,996.6,NA,32.4,41,NA
2021-02-21 18:00:00,996,NA,32.8,38,NA
2021-02-22 12:00:00,NA,1006.7,26,72,NA
2021-02-22 13:00:00,NA,1006.5,29.4,63,NA
2021-02-22 14:00:00,NA,1006.7,31.4,53,NA
2021-02-22 15:00:00,NA,1006.4,33.2,43,NA
2021-02-22 16:00:00,NA,1005.5,34.4,40,NA
2021-02-22 17:00:00,NA,1005,34.6,42,NA
2021-02-22 18:00:00,NA,1004.5,35.4,39,NA
2021-02-23 00:00:00,992.2,NA,30.4,55,NA
2021-02-23 12:00:00,993.8,NA,23.6,93,NA
2021-02-23 18:00:00,997.1,NA,23.4,98,NA
2021-02-24 12:00:00,NA,1011.1,22.4,95,NA
2021-02-24 18:00:00,NA,1009.2,30,59,NA
2021-02-25 00:00:00,995.6,NA,24.6,77,NA
2021-02-25 12:00:00,998.8,NA,23.2,64,NA
2021-02-25 18:00:00,996.8,NA,30.4,35,NA
2021-02-26 12:00:00,NA,1008.7,21.6,68,NA
2021-02-26 18:00:00,NA,1007.1,30.6,46,NA
2021-02-27 00:00:00,994.4,NA,25.6,74,NA
2021-02-27 12:00:00,999.1,NA,23.6,75,NA
2021-02-27 18:00:00,997.8,NA,32.6,53,NA
2021-02-28 12:00:00,NA,1010.9,23.8,76,NA
2021-02-28 18:00:00,NA,1008.2,31.6,48,NA
2021-03-01 00:00:00,NA,1006.5,25.2,63,NA
2021-03-02 12:00:00,NA,1007.1,24.2,85,NA
2021-03-02 18:00:00,993.3,1005.4,33,52,NA
2021-03-03 00:00:00,NA,1006.3,26.6,75,NA
2021-03-04 00:00:00,995.7,NA,NA,NA,NA
2021-03-04 12:00:00,994.4,1006.5,22,91,NA
2021-03-04 18:00:00,992.6,1004.8,27.2,67,NA
2021-03-05 00:00:00,NA,1004.7,22.6,86,NA
2021-03-05 18:00:00,992.9,NA,NA,NA,NA
2021-03-06 00:00:00,993.1,NA,NA,NA,NA
2021-03-06 12:00:00,995.9,1008.2,21.2,77,NA
2021-03-06 18:00:00,994.8,1007,28.2,45,NA
2021-03-07 00:00:00,NA,1007.7,21.4,64,NA
2021-03-08 00:00:00,993.9,NA,NA,NA,NA
2021-03-08 12:00:00,997.7,1010,23.2,69,NA
2021-03-08 13:00:00,998.3,1010.5,25.8,61,NA
2021-03-08 14:00:00,998.4,1010.6,27.8,48,NA
2021-03-08 15:00:00,998.6,1010.8,29,44,NA
2021-03-08 16:00:00,998.2,1010.4,29.9,44,NA
2021-03-08 17:00:00,997.7,1010,29.9,44,NA
2021-03-08 18:00:00,997.2,1009.4,30,44,NA
2021-03-09 00:00:00,NA,1008.9,23,65,NA
2021-03-10 00:00:00,995.8,NA,NA,NA,NA
2021-03-10 12:00:00,997.1,1009.4,23,66,NA
2021-03-10 13:00:00,997,1009.2,25.8,57,NA
2021-03-10 14:00:00,996.6,1008.8,28.2,48,NA
2021-03-10 15:00:00,996.1,1008.3,29.8,37,NA
2021-03-10 16:00:00,995.3,1007.4,30,42,NA
2021-03-10 17:00:00,994.7,1006.8,30.2,40,NA
2021-03-10 18:00:00,993.7,1005.8,31.6,35,NA
2021-03-11 00:00:00,NA,1005.4,23.8,63,NA
2021-03-12 00:00:00,996.2,NA,NA,NA,NA
2021-03-12 12:00:00,998.1,1010.3,24.2,55,NA
2021-03-12 13:00:00,998.9,1011.1,27.2,43,NA
2021-03-12 14:00:00,999.1,1011.3,28.4,43,NA
2021-03-12 15:00:00,998.6,1010.8,30,39,NA
2021-03-12 16:00:00,998.1,1010.3,31,37,NA
2021-03-12 17:00:00,998,1010.2,31.4,34,NA
2021-03-12 18:00:00,997.3,1009.5,31.6,35,NA
2021-03-13 00:00:00,NA,1009.4,22.4,68,NA
2021-03-14 12:00:00,NA,1011.3,26.2,58,NA
2021-03-14 13:00:00,NA,1011.1,29.6,48,NA
2021-03-14 14:00:00,NA,1011.4,31.4,38,NA
2021-03-14 15:00:00,NA,1011,32.4,42,NA
2021-03-14 16:00:00,NA,1010.6,33.6,35,NA
2021-03-14 17:00:00,NA,1009.9,34,35,NA
2021-03-14 18:00:00,NA,1009.4,33.8,34,NA
2021-03-15 00:00:00,NA,1009.1,26.4,62,NA
2021-03-15 12:00:00,997.1,NA,23.4,73,NA
2021-03-15 13:00:00,997.2,NA,26.2,63,NA
2021-03-15 14:00:00,997.1,NA,29,54,NA
2021-03-15 15:00:00,996.5,NA,31.6,47,NA
2021-03-15 16:00:00,996,NA,32,48,NA
2021-03-15 17:00:00,995.1,NA,33.2,42,NA
2021-03-15 18:00:00,994.7,NA,33.4,39,NA
2021-03-16 12:00:00,NA,1002.9,23.4,75,NA
2021-03-16 13:00:00,NA,1003.4,25,69,NA
2021-03-16 14:00:00,NA,1003.3,29,54,NA
2021-03-16 15:00:00,NA,1001.9,32.4,48,NA
2021-03-16 16:00:00,NA,1001.9,31.4,54,NA
2021-03-16 17:00:00,NA,1000.9,31,55,NA
2021-03-16 18:00:00,NA,999.9,28,75,NA
2021-03-17 00:00:00,990.3,NA,20.4,96,NA
2021-03-17 12:00:00,995.3,NA,19,96,NA
2021-03-18 12:00:00,NA,1014.2,17.4,77,NA
2021-03-18 13:00:00,NA,1014.1,19,68,NA
2021-03-18 14:00:00,NA,1014,20.2,63,NA
2021-03-18 15:00:00,NA,1013.9,22,58,NA
2021-03-18 16:00:00,NA,1013.3,23.4,54,NA
2021-03-18 17:00:00,NA,1012.6,23.6,56,NA
2021-03-18 18:00:00,NA,1011.2,24.6,51,NA
2021-03-19 00:00:00,998,NA,18.8,66,NA
2021-03-19 12:00:00,998.3,NA,17.4,82,NA
2021-03-19 13:00:00,998,NA,20.8,70,NA
2021-03-19 14:00:00,997.6,NA,22.8,63,NA
2021-03-19 15:00:00,997.2,NA,24.6,61,NA
2021-03-19 16:00:00,996.1,NA,26.6,56,NA
2021-03-19 17:00:00,995.4,NA,28,54,NA
2021-03-19 18:00:00,994.4,NA,29,52,NA
2021-03-20 12:00:00,NA,1005.8,25,78,NA
2021-03-20 13:00:00,NA,1005.2,28.8,64,NA
2021-03-20 14:00:00,NA,1005.7,31.4,58,NA
2021-03-20 15:00:00,NA,1005.8,32.4,56,NA
2021-03-20 16:00:00,NA,1005.4,32.4,56,NA
2021-03-20 17:00:00,NA,1004.5,32.4,56,NA
2021-03-20 18:00:00,NA,1002.5,32,55,NA
2021-03-21 00:00:00,997,NA,19,84,NA
2021-03-21 12:00:00,1001.6,NA,18.2,87,NA
2021-03-21 13:00:00,1002.4,NA,18.6,90,NA
2021-03-21 14:00:00,1002.8,NA,19.4,86,NA
2021-03-21 15:00:00,1003,NA,20,85,NA
2021-03-21 16:00:00,1002.8,NA,21.4,79,NA
2021-03-21 17:00:00,1002.4,NA,21.6,73,NA
2021-03-21 18:00:00,1001.9,NA,22,75,NA
2021-03-22 12:00:00,NA,1014.1,19,96,NA
2021-03-22 13:00:00,NA,1014.1,21,89,NA
2021-03-22 14:00:00,NA,1013.7,23.4,80,NA
2021-03-22 15:00:00,NA,1013.4,25,74,NA
2021-03-22 16:00:00,NA,1012.9,25.4,73,NA
2021-03-22 17:00:00,NA,1012.4,26.4,68,NA
2021-03-22 18:00:00,NA,1012,26.2,68,NA
2021-03-23 00:00:00,999.8,NA,23.6,82,NA
2021-03-23 12:00:00,1000.4,NA,21.8,94,NA
2021-03-23 13:00:00,1000.4,NA,23,88,NA
2021-03-23 14:00:00,1000.4,NA,24,79,NA
2021-03-23 15:00:00,1000.3,NA,26.2,67,NA
2021-03-23 16:00:00,999.6,NA,28.2,60,NA
2021-03-23 17:00:00,998.7,NA,28.4,57,NA
2021-03-23 18:00:00,998.3,NA,28.6,56,NA
2021-03-24 12:00:00,NA,1011.7,23.6,85,NA
2021-03-24 13:00:00,NA,1011.8,26.4,74,NA
2021-03-24 14:00:00,NA,1011.5,28.4,63,NA
2021-03-24 15:00:00,NA,1011.1,29.2,57,NA
2021-03-24 16:00:00,NA,1010.5,30.4,56,NA
2021-03-24 17:00:00,NA,1009.8,31,55,NA
2021-03-24 18:00:00,NA,1009.1,32.2,53,NA
2021-03-25 00:00:00,995.8,NA,26.6,77,NA
2021-03-25 12:00:00,994.9,NA,25.2,80,NA
2021-03-25 13:00:00,994.9,NA,29,64,NA
2021-03-25 14:00:00,994.7,NA,31,57,NA
2021-03-25 15:00:00,994.6,NA,32.4,50,NA
2021-03-25 16:00:00,994,NA,33.2,47,NA
2021-03-25 17:00:00,993.2,NA,33.6,47,NA
2021-03-25 18:00:00,992.5,NA,33.8,46,NA
2021-03-26 12:00:00,NA,1008.1,19.8,94,NA
2021-03-26 13:00:00,NA,1007.8,20,96,NA
2021-03-26 14:00:00,NA,1007.4,20.2,96,NA
2021-03-26 15:00:00,NA,1008.3,20.2,98,NA
2021-03-26 16:00:00,NA,1007.7,20.6,96,NA
2021-03-26 17:00:00,NA,1007.2,20.8,94,NA
2021-03-26 18:00:00,NA,1006.5,21.2,91,NA
2021-03-27 00:00:00,995.1,NA,21.4,96,NA
2021-03-27 12:00:00,996.6,NA,19.2,92,NA
2021-03-27 13:00:00,997.6,NA,20.2,92,NA
2021-03-27 14:00:00,997.8,NA,20.4,88,NA
2021-03-27 15:00:00,998.6,NA,19.6,90,NA
2021-03-27 16:00:00,998.2,NA,19.2,92,NA
2021-03-27 17:00:00,997.2,NA,20.4,90,NA
2021-03-27 18:00:00,995.4,NA,20.6,87,NA
2021-03-28 12:00:00,NA,1011.4,17,88,NA
2021-03-28 13:00:00,NA,1011.6,18,80,NA
2021-03-28 14:00:00,NA,1011.6,20.4,70,NA
2021-03-28 15:00:00,NA,1011.6,20,71,NA
2021-03-28 16:00:00,NA,1011.2,20,71,NA
2021-03-28 17:00:00,NA,1011,22,66,NA
2021-03-28 18:00:00,NA,1010.6,21,65,NA
2021-03-29 00:00:00,998.5,NA,18.4,76,NA
2021-03-29 12:00:00,1000.4,NA,18,89,NA
2021-03-29 13:00:00,1000.9,NA,19.6,77,NA
2021-03-29 14:00:00,1000.9,NA,20.6,61,NA
2021-03-29 15:00:00,1000.6,NA,21.6,59,NA
2021-03-29 16:00:00,1000.4,NA,22.8,56,NA
2021-03-29 17:00:00,999.8,NA,23,53,NA
2021-03-29 18:00:00,999.1,NA,24,50,NA
2021-03-30 12:00:00,NA,1013.1,19,91,NA
2021-03-30 13:00:00,NA,1013,20.4,86,NA
2021-03-30 14:00:00,NA,1013.5,22.4,78,NA
2021-03-30 15:00:00,NA,1013.3,23.2,72,NA
2021-03-30 16:00:00,NA,1012.8,24.2,65,NA
2021-03-30 17:00:00,NA,1012.4,24.2,65,NA
2021-03-30 18:00:00,NA,1011.6,25,60,NA
2021-03-31 00:00:00,999,NA,18,88,NA
2021-03-31 17:00:00,999,NA,25.2,49,NA
2021-03-31 18:00:00,998.4,NA,25.4,46,NA
2021-04-01 12:00:00,NA,1012.6,18.8,77,NA
2021-04-01 13:00:00,NA,1012.7,21,72,NA
2021-04-01 14:00:00,NA,1012.6,21.4,71,NA
2021-04-01 15:00:00,NA,1012.3,24,58,NA
2021-04-01 16:00:00,NA,1011.6,25.4,47,NA
2021-04-01 17:00:00,NA,1011.1,25.4,44,NA
2021-04-01 18:00:00,NA,1010.3,26.2,44,NA
2021-04-02 00:00:00,998.6,NA,18.4,75,NA
2021-04-02 12:00:00,1001.3,NA,19,86,NA
2021-04-02 13:00:00,1001.5,NA,21.4,73,NA
2021-04-02 14:00:00,1001.5,NA,23.2,66,NA
2021-04-02 15:00:00,1001,NA,24.6,58,NA
2021-04-02 16:00:00,1000.3,NA,26.2,47,NA
2021-04-02 17:00:00,999.8,NA,27,44,NA
2021-04-02 18:00:00,999.1,NA,27.4,41,NA
2021-04-03 12:00:00,NA,1013.4,19.2,85,NA
2021-04-03 13:00:00,NA,1013.6,20.6,82,NA
2021-04-03 14:00:00,NA,1013.5,21,80,NA
2021-04-03 15:00:00,NA,1013.1,25,67,NA
2021-04-03 16:00:00,NA,1012.5,26.8,58,NA
2021-04-03 17:00:00,NA,1011.5,28,55,NA
2021-04-03 18:00:00,NA,1010.8,29,49,NA
2021-04-04 00:00:00,999.1,NA,21,80,NA
2021-04-04 12:00:00,999.6,NA,20.2,85,NA
2021-04-04 13:00:00,999.9,NA,23,76,NA
2021-04-04 14:00:00,999.6,NA,23.8,76,NA
2021-04-04 15:00:00,999.1,NA,26.4,63,NA
2021-04-04 16:00:00,998.4,NA,28.8,56,NA
2021-04-04 17:00:00,997.4,NA,29.2,53,NA
2021-04-04 18:00:00,996.5,NA,30,46,NA
2021-04-05 12:00:00,NA,1009.3,23.2,86,NA
2021-04-05 13:00:00,NA,1010.7,23,90,NA
2021-04-05 14:00:00,NA,NA,23,89,NA
2021-04-05 15:00:00,NA,NA,22.8,88,NA
2021-04-05 16:00:00,NA,NA,22,90,NA
2021-04-05 17:00:00,NA,NA,22.2,90,NA
2021-04-05 18:00:00,NA,NA,22,87,NA
2021-04-06 00:00:00,NA,NA,19.8,92,NA
2021-04-06 12:00:00,NA,NA,21.4,92,NA
2021-04-06 13:00:00,NA,NA,23,88,NA
2021-04-06 14:00:00,NA,NA,24.8,75,NA
2021-04-06 15:00:00,NA,NA,26.6,67,NA
2021-04-06 16:00:00,NA,NA,27.8,53,NA
2021-04-06 17:00:00,NA,NA,29,50,NA
2021-04-06 18:00:00,NA,NA,29.2,49,NA
2021-04-07 12:00:00,NA,NA,22.4,79,NA
2021-04-07 13:00:00,NA,NA,24,76,NA
2021-04-07 14:00:00,NA,NA,26.8,66,NA
2021-04-07 15:00:00,NA,NA,28.8,58,NA
2021-04-07 16:00:00,NA,NA,30,52,NA
2021-04-07 17:00:00,NA,NA,30.2,51,NA
2021-04-07 18:00:00,NA,NA,30.6,50,NA
2021-04-08 00:00:00,NA,NA,24.2,72,NA
2021-04-08 15:00:00,NA,NA,29.6,53,NA
2021-04-08 16:00:00,NA,NA,30.2,53,NA
2021-04-08 17:00:00,NA,NA,31.2,50,NA
2021-04-08 18:00:00,NA,NA,31.4,51,NA
2021-04-09 12:00:00,NA,NA,26,69,NA
2021-04-09 13:00:00,NA,NA,27.2,63,NA
2021-04-09 14:00:00,NA,NA,28.5,59,NA
2021-04-09 15:00:00,NA,NA,31.6,53,NA
2021-04-09 16:00:00,NA,NA,32.6,52,NA
2021-04-09 17:00:00,NA,NA,33.2,49,NA
2021-04-09 18:00:00,NA,NA,33.8,50,NA
2021-04-10 00:00:00,NA,NA,27.2,76,NA
2021-04-11 12:00:00,NA,NA,17,92,NA
2021-04-11 13:00:00,NA,NA,16.4,90,NA
2021-04-11 14:00:00,NA,NA,16.8,84,NA
2021-04-11 15:00:00,NA,NA,17.6,77,NA
2021-04-11 16:00:00,NA,NA,18.8,72,NA
2021-04-11 17:00:00,NA,NA,20,69,NA
2021-04-11 18:00:00,NA,NA,20.8,65,NA
2021-04-12 00:00:00,NA,NA,17.4,80,NA
2021-04-13 12:00:00,NA,NA,17,80,NA
2021-04-13 13:00:00,NA,NA,18.4,75,NA
2021-04-13 14:00:00,NA,NA,21.4,64,NA
2021-04-13 15:00:00,NA,NA,23,58,NA
2021-04-13 16:00:00,NA,NA,24,55,NA
2021-04-13 17:00:00,NA,NA,24,55,NA
2021-04-13 18:00:00,NA,NA,24.6,50,NA
2021-04-14 00:00:00,NA,NA,19,75,NA
2021-04-15 00:00:00,NA,NA,NA,NA,NA
2021-04-15 12:00:00,NA,NA,24,76,NA
2021-04-15 13:00:00,NA,NA,26.4,68,NA
2021-04-15 14:00:00,NA,NA,28.3,60,NA
2021-04-15 15:00:00,NA,NA,29,59,NA
2021-04-15 16:00:00,NA,NA,29.4,57,NA
2021-04-15 17:00:00,NA,NA,29.8,56,NA
2021-04-15 18:00:00,NA,NA,30,55,NA
2021-04-16 00:00:00,NA,NA,21.2,95,NA
2021-04-17 00:00:00,NA,NA,NA,NA,NA
2021-04-17 12:00:00,NA,NA,21.4,89,NA
2021-04-17 13:00:00,NA,NA,24.4,78,NA
2021-04-17 14:00:00,NA,NA,26.2,70,NA
2021-04-17 15:00:00,NA,NA,27.6,65,NA
2021-04-17 16:00:00,NA,NA,28,61,NA
2021-04-17 17:00:00,NA,NA,29,58,NA
2021-04-17 18:00:00,NA,NA,28,57,NA
2021-04-18 00:00:00,NA,NA,22,81,NA
2021-04-19 00:00:00,NA,NA,NA,NA,NA
2021-04-19 12:00:00,NA,NA,19.8,80,NA
2021-04-19 13:00:00,NA,NA,22,74,NA
2021-04-19 14:00:00,NA,NA,23.2,69,NA
2021-04-19 15:00:00,NA,NA,24.6,65,NA
2021-04-19 16:00:00,NA,NA,25.6,65,NA
2021-04-19 17:00:00,NA,NA,27,60,NA
2021-04-19 18:00:00,NA,NA,27.2,59,NA
2021-04-20 00:00:00,NA,NA,21,81,NA
2021-04-21 00:00:00,NA,NA,NA,NA,NA
2021-04-21 12:00:00,NA,NA,17.8,84,NA
2021-04-21 18:00:00,NA,NA,28.8,49,NA
2021-04-22 00:00:00,NA,NA,22.6,73,NA
2021-04-23 00:00:00,NA,NA,NA,NA,NA
2021-04-23 12:00:00,NA,NA,19,77,NA
2021-04-23 18:00:00,NA,NA,29.6,47,NA
2021-04-24 00:00:00,NA,NA,22.8,78,NA
2021-04-25 12:00:00,NA,NA,15.6,94,NA
2021-04-25 13:00:00,NA,NA,18.2,84,NA
2021-04-25 14:00:00,NA,NA,20,72,NA
2021-04-25 15:00:00,NA,NA,21.6,64,NA
2021-04-25 16:00:00,NA,NA,21.8,54,NA
2021-04-25 17:00:00,NA,NA,22.2,48,NA
2021-04-25 18:00:00,NA,NA,22.6,41,NA
2021-04-26 00:00:00,NA,NA,12.4,82,NA
2021-04-27 12:00:00,NA,NA,14,84,NA
2021-04-27 13:00:00,NA,NA,17.8,69,NA
2021-04-27 14:00:00,NA,NA,19.8,56,NA
2021-04-27 15:00:00,NA,NA,20.2,55,NA
2021-04-27 16:00:00,NA,NA,21.2,50,NA
2021-04-27 17:00:00,NA,NA,22.2,47,NA
2021-04-27 18:00:00,NA,NA,22.6,46,NA
2021-04-28 00:00:00,NA,NA,15.2,73,NA
2021-04-28 12:00:00,NA,NA,15.8,70,NA
2021-04-28 13:00:00,NA,NA,18,64,NA
2021-04-28 14:00:00,NA,NA,19.6,58,NA
2021-04-28 15:00:00,NA,NA,20.8,51,NA
2021-04-28 16:00:00,NA,NA,21.6,49,NA
2021-04-28 17:00:00,NA,NA,21.6,50,NA
2021-04-28 18:00:00,NA,NA,21.6,46,NA
2021-04-29 12:00:00,NA,NA,12.6,83,NA
2021-04-29 13:00:00,NA,NA,17.2,71,NA
2021-04-29 14:00:00,NA,NA,19.2,58,NA
2021-04-29 15:00:00,NA,NA,20,55,NA
2021-04-29 16:00:00,NA,NA,21.2,51,NA
2021-04-29 17:00:00,NA,NA,22,48,NA
2021-04-29 18:00:00,NA,NA,22.4,47,NA
2021-04-30 00:00:00,NA,NA,15.4,77,NA
2021-04-30 12:00:00,NA,NA,15.2,79,NA
2021-04-30 13:00:00,NA,NA,17.8,73,NA
2021-04-30 14:00:00,NA,NA,20.4,63,NA
2021-04-30 15:00:00,NA,NA,23.4,54,NA
2021-04-30 16:00:00,NA,NA,25.2,45,NA
2021-04-30 17:00:00,NA,NA,26.2,40,NA
2021-04-30 18:00:00,NA,NA,26.6,37,NA
2021-05-01 12:00:00,NA,NA,16.4,73,NA
2021-05-01 13:00:00,NA,NA,19.8,63,NA
2021-05-01 14:00:00,NA,NA,23,53,NA
2021-05-01 15:00:00,NA,NA,25.2,44,NA
2021-05-01 16:00:00,NA,NA,26.4,42,NA
2021-05-01 17:00:00,NA,NA,27,42,NA
2021-05-01 18:00:00,NA,NA,27.4,41,NA
2021-05-02 00:00:00,NA,NA,20.8,66,NA
2021-05-02 12:00:00,NA,NA,19.4,74,NA
2021-05-02 13:00:00,NA,NA,21.8,69,NA
2021-05-02 14:00:00,NA,NA,25,60,NA
2021-05-02 15:00:00,NA,NA,26.8,51,NA
2021-05-02 16:00:00,NA,NA,28,46,NA
2021-05-02 17:00:00,NA,NA,28.8,47,NA
2021-05-02 18:00:00,NA,NA,29,46,NA
2021-05-03 12:00:00,NA,NA,21,89,NA
2021-05-03 13:00:00,NA,NA,24.4,77,NA
2021-05-03 14:00:00,NA,NA,27.2,66,NA
2021-05-03 15:00:00,NA,NA,28.2,63,NA
2021-05-03 16:00:00,NA,NA,24.8,88,NA
2021-05-03 17:00:00,NA,NA,28.8,70,NA
2021-05-03 18:00:00,NA,NA,30.4,60,NA
2021-05-04 00:00:00,NA,NA,25,82,NA
2021-05-04 13:00:00,NA,NA,20.4,98,NA
2021-05-04 14:00:00,NA,NA,20.4,98,NA
2021-05-04 15:00:00,NA,NA,20.2,98,NA
2021-05-04 16:00:00,NA,NA,19.4,95,NA
2021-05-04 17:00:00,NA,NA,19.2,98,NA
2021-05-04 18:00:00,NA,NA,17,89,NA
2021-05-05 12:00:00,NA,NA,12.6,83,NA
2021-05-05 13:00:00,NA,NA,13.8,78,NA
2021-05-05 14:00:00,NA,NA,15.4,71,NA
2021-05-05 15:00:00,NA,NA,15.6,67,NA
2021-05-05 16:00:00,NA,NA,15.8,65,NA
2021-05-05 17:00:00,NA,NA,17.4,60,NA
2021-05-05 18:00:00,NA,NA,17.8,55,NA
2021-05-06 00:00:00,NA,NA,13.4,74,NA
2021-05-06 12:00:00,NA,NA,10.8,75,NA
2021-05-06 13:00:00,NA,NA,13,68,NA
2021-05-06 14:00:00,NA,NA,14.2,59,NA
2021-05-06 15:00:00,NA,NA,15.6,48,NA
2021-05-06 16:00:00,NA,NA,16.4,46,NA
2021-05-06 17:00:00,NA,NA,16.8,44,NA
2021-05-06 18:00:00,NA,NA,17,41,NA
2021-05-07 12:00:00,NA,NA,9.2,79,NA
2021-05-07 13:00:00,NA,NA,12.8,68,NA
2021-05-07 14:00:00,NA,NA,15.2,53,NA
2021-05-07 15:00:00,NA,NA,15.6,52,NA
2021-05-07 16:00:00,NA,NA,16.4,49,NA
2021-05-07 17:00:00,NA,NA,16.6,52,NA
2021-05-07 18:00:00,NA,NA,17.4,51,NA
2021-05-08 00:00:00,NA,NA,11,73,NA
2021-05-08 12:00:00,NA,NA,11.8,76,NA
2021-05-08 13:00:00,NA,NA,14.8,72,NA
2021-05-08 14:00:00,NA,NA,16.2,61,NA
2021-05-08 15:00:00,NA,NA,18.4,57,NA
2021-05-08 16:00:00,NA,NA,19.8,50,NA
2021-05-08 17:00:00,NA,NA,21,51,NA
2021-05-08 18:00:00,NA,NA,21.8,46,NA
2021-05-09 12:00:00,NA,NA,13.4,87,NA
2021-05-09 13:00:00,NA,NA,14.8,83,NA
2021-05-09 14:00:00,NA,NA,15.6,81,NA
2021-05-09 15:00:00,NA,NA,16,81,NA
2021-05-09 16:00:00,NA,NA,17.4,75,NA
2021-05-09 17:00:00,NA,NA,19.4,71,NA
2021-05-09 18:00:00,NA,NA,20.4,68,NA
2021-05-10 00:00:00,NA,NA,17,85,NA
2021-05-10 12:00:00,NA,NA,16,88,NA
2021-05-10 13:00:00,NA,NA,16.2,87,NA
2021-05-10 14:00:00,NA,NA,17,85,NA
2021-05-10 15:00:00,NA,NA,17.2,83,NA
2021-05-10 16:00:00,NA,NA,17.6,74,NA
2021-05-10 17:00:00,NA,NA,17.2,76,NA
2021-05-10 18:00:00,NA,NA,16,93,NA
2021-05-11 12:00:00,NA,NA,11.6,76,NA
2021-05-11 13:00:00,NA,NA,12.4,72,NA
2021-05-11 14:00:00,NA,NA,14.4,65,NA
2021-05-11 15:00:00,NA,NA,15.2,58,NA
2021-05-11 16:00:00,NA,NA,16.4,55,NA
2021-05-11 17:00:00,NA,NA,17.2,49,NA
2021-05-11 18:00:00,NA,NA,17.4,48,NA
2021-05-12 00:00:00,NA,NA,11.8,74,NA
2021-05-12 12:00:00,NA,NA,10.8,83,NA
2021-05-12 13:00:00,NA,NA,13.8,63,NA
2021-05-12 14:00:00,NA,NA,15.4,53,NA
2021-05-12 15:00:00,NA,NA,16.6,53,NA
2021-05-12 16:00:00,NA,NA,17.4,49,NA
2021-05-12 17:00:00,NA,NA,18,44,NA
2021-05-12 18:00:00,NA,NA,18.4,44,NA
2021-05-13 12:00:00,NA,NA,9.2,87,NA
2021-05-13 13:00:00,NA,NA,13.2,80,NA
2021-05-13 14:00:00,NA,NA,16.2,61,NA
2021-05-13 15:00:00,NA,NA,16.6,57,NA
2021-05-13 16:00:00,NA,NA,17.4,51,NA
2021-05-13 17:00:00,NA,NA,19.4,46,NA
2021-05-13 18:00:00,NA,NA,19.8,40,NA
2021-05-14 00:00:00,NA,NA,12.8,72,NA
2021-05-14 12:00:00,NA,NA,11,85,NA
2021-05-14 13:00:00,NA,NA,14.4,74,NA
2021-05-14 14:00:00,NA,NA,17.2,63,NA
2021-05-14 16:00:00,NA,NA,21,48,NA
2021-05-14 17:00:00,NA,NA,21.8,40,NA
2021-05-14 18:00:00,NA,NA,21.6,38,NA
2021-05-15 12:00:00,NA,NA,12,82,NA
2021-05-15 13:00:00,NA,NA,16.2,73,NA
2021-05-15 14:00:00,NA,NA,19.4,62,NA
2021-05-15 15:00:00,NA,NA,21.4,56,NA
2021-05-15 16:00:00,NA,NA,23,49,NA
2021-05-15 17:00:00,NA,NA,23.8,47,NA
2021-05-15 18:00:00,NA,NA,24,46,NA
2021-05-16 00:00:00,NA,NA,16.4,77,NA
2021-05-16 12:00:00,NA,NA,16,83,NA
2021-05-16 13:00:00,NA,NA,17.4,80,NA
2021-05-16 14:00:00,NA,NA,19.2,73,NA
2021-05-16 15:00:00,NA,NA,20.6,71,NA
2021-05-16 16:00:00,NA,NA,22,66,NA
2021-05-16 17:00:00,NA,NA,22.8,62,NA
2021-05-16 18:00:00,NA,NA,23.8,60,NA
2021-05-17 12:00:00,NA,NA,16,83,NA
2021-05-17 13:00:00,NA,NA,19,64,NA
2021-05-17 14:00:00,NA,NA,21,50,NA
2021-05-17 15:00:00,NA,NA,22,48,NA
2021-05-17 16:00:00,NA,NA,22.6,44,NA
2021-05-17 17:00:00,NA,NA,22.8,38,NA
2021-05-17 18:00:00,NA,NA,22.6,36,NA
2021-05-18 00:00:00,NA,NA,12.4,74,NA
2021-05-18 12:00:00,NA,NA,11.2,80,NA
2021-05-18 13:00:00,NA,NA,15.2,64,NA
2021-05-18 14:00:00,NA,NA,17.4,58,NA
2021-05-18 15:00:00,NA,NA,19.2,53,NA
2021-05-18 16:00:00,NA,NA,20.2,50,NA
2021-05-18 17:00:00,NA,NA,21,46,NA
2021-05-18 18:00:00,NA,NA,21.8,41,NA
2021-05-19 12:00:00,NA,NA,12.4,79,NA
2021-05-19 13:00:00,NA,NA,15.6,67,NA
2021-05-19 14:00:00,NA,NA,17.8,62,NA
2021-05-19 15:00:00,NA,NA,18.6,61,NA
2021-05-19 16:00:00,NA,NA,20.4,56,NA
2021-05-19 17:00:00,NA,NA,20.8,57,NA
2021-05-19 18:00:00,NA,NA,21,54,NA
2021-05-20 00:00:00,NA,NA,15.2,95,NA
2021-05-20 12:00:00,NA,NA,16,97,NA
2021-05-20 13:00:00,NA,NA,16.4,95,NA
2021-05-20 14:00:00,NA,NA,16.6,93,NA
2021-05-20 16:00:00,NA,NA,16.6,92,NA
2021-05-20 17:00:00,NA,NA,16.4,93,NA
2021-05-20 18:00:00,NA,NA,16,97,NA
2021-05-21 12:00:00,NA,NA,15.6,95,NA
2021-05-21 13:00:00,NA,NA,15.2,96,NA
2021-05-21 14:00:00,NA,NA,15.4,94,NA
2021-05-21 15:00:00,NA,NA,16.2,94,NA
2021-05-21 16:00:00,NA,NA,17.4,90,NA
2021-05-21 17:00:00,NA,NA,17.8,88,NA
2021-05-21 18:00:00,NA,NA,18,88,NA
2021-05-22 00:00:00,NA,NA,16,95,NA
2021-05-22 12:00:00,NA,NA,12.4,83,NA
2021-05-22 13:00:00,NA,NA,13.8,80,NA
2021-05-22 14:00:00,NA,NA,15,78,NA
2021-05-22 15:00:00,NA,NA,15.6,66,NA
2021-05-22 16:00:00,NA,NA,16,59,NA
2021-05-22 17:00:00,NA,NA,16.4,58,NA
2021-05-22 18:00:00,NA,NA,16.6,53,NA
2021-05-23 12:00:00,NA,NA,11.2,80,NA
2021-05-23 13:00:00,NA,NA,11.6,76,NA
2021-05-23 14:00:00,NA,NA,12,74,NA
2021-05-23 15:00:00,NA,NA,12.6,72,NA
2021-05-23 16:00:00,NA,NA,13.4,69,NA
2021-05-23 17:00:00,NA,NA,14,66,NA
2021-05-23 18:00:00,NA,NA,14.2,66,NA
2021-05-24 00:00:00,NA,NA,10.4,86,NA
2021-05-25 12:00:00,NA,NA,10,80,NA
2021-05-25 13:00:00,NA,NA,14.6,68,NA
2021-05-25 14:00:00,NA,NA,17,61,NA
2021-05-25 15:00:00,NA,NA,18.6,51,NA
2021-05-25 16:00:00,NA,NA,19.6,49,NA
2021-05-25 17:00:00,NA,NA,20.2,47,NA
2021-05-25 18:00:00,NA,NA,20.8,43,NA
2021-05-26 00:00:00,NA,NA,14.4,65,NA
2021-05-27 12:00:00,NA,NA,12.6,75,NA
2021-05-27 13:00:00,NA,NA,16.4,68,NA
2021-05-27 14:00:00,NA,NA,19.2,63,NA
2021-05-27 15:00:00,NA,NA,21,51,NA
2021-05-27 16:00:00,NA,NA,22,42,NA
2021-05-27 17:00:00,NA,NA,23.2,38,NA
2021-05-27 18:00:00,NA,NA,23.4,37,NA
2021-05-28 00:00:00,NA,NA,17,61,NA
2021-05-29 00:00:00,NA,NA,NA,NA,NA
2021-05-29 12:00:00,NA,NA,12.4,77,NA
2021-05-29 13:00:00,NA,NA,15.6,57,NA
2021-05-29 14:00:00,NA,NA,19,44,NA
2021-05-29 15:00:00,NA,NA,20.2,37,NA
2021-05-29 16:00:00,NA,NA,21.2,31,NA
2021-05-29 17:00:00,NA,NA,21.6,31,NA
2021-05-29 18:00:00,NA,NA,22,29,NA
2021-05-30 00:00:00,NA,NA,12.6,57,NA
2021-05-31 00:00:00,NA,NA,NA,NA,NA
2021-05-31 12:00:00,NA,NA,9.6,65,NA
2021-05-31 13:00:00,NA,NA,12.8,61,NA
2021-05-31 14:00:00,NA,NA,16.2,40,NA
2021-05-31 15:00:00,NA,NA,17.8,37,NA
2021-05-31 16:00:00,NA,NA,19.6,29,NA
2021-05-31 17:00:00,NA,NA,21,28,NA
2021-05-31 18:00:00,NA,NA,21.2,27,NA
2021-06-01 00:00:00,NA,NA,14,53,NA
2021-06-02 00:00:00,NA,NA,NA,NA,NA
2021-06-02 12:00:00,NA,NA,14.6,87,NA
2021-06-02 13:00:00,NA,NA,19.2,72,NA
2021-06-02 14:00:00,NA,NA,20.6,55,NA
2021-06-02 15:00:00,NA,NA,21.8,49,NA
2021-06-02 16:00:00,NA,NA,22.8,45,NA
2021-06-02 17:00:00,NA,NA,23,42,NA
2021-06-02 18:00:00,NA,NA,23.2,38,NA
2021-06-03 00:00:00,NA,NA,14.8,77,NA
2021-06-04 00:00:00,NA,NA,NA,NA,NA
2021-06-04 12:00:00,NA,NA,20,87,NA
2021-06-04 13:00:00,NA,NA,22.4,76,NA
2021-06-04 14:00:00,NA,NA,25.6,62,NA
2021-06-04 15:00:00,NA,NA,28.2,54,NA
2021-06-04 16:00:00,NA,NA,29.2,49,NA
2021-06-04 17:00:00,NA,NA,30.2,46,NA
2021-06-04 18:00:00,NA,NA,30.6,46,NA
2021-06-05 00:00:00,NA,NA,23.2,72,NA
2021-06-06 00:00:00,NA,NA,NA,NA,NA
2021-06-06 12:00:00,NA,NA,11,90,NA
2021-06-06 13:00:00,NA,NA,12.4,85,NA
2021-06-06 14:00:00,NA,NA,14.2,76,NA
2021-06-06 15:00:00,NA,NA,16.2,70,NA
2021-06-06 16:00:00,NA,NA,17.2,65,NA
2021-06-06 17:00:00,NA,NA,18.6,65,NA
2021-06-06 18:00:00,NA,NA,18.8,68,NA
2021-06-07 00:00:00,NA,NA,16,81,NA
2021-06-08 00:00:00,NA,NA,NA,NA,NA
2021-06-08 12:00:00,NA,NA,14,96,NA
2021-06-08 13:00:00,NA,NA,15.4,94,NA
2021-06-08 14:00:00,NA,NA,18.2,81,NA
2021-06-08 15:00:00,NA,NA,19.8,76,NA
2021-06-08 16:00:00,NA,NA,20.2,75,NA
2021-06-08 17:00:00,NA,NA,19.8,78,NA
2021-06-08 18:00:00,NA,NA,20.4,73,NA
2021-06-09 00:00:00,NA,NA,16.2,91,NA
2021-06-10 00:00:00,NA,NA,NA,NA,NA
2021-06-10 12:00:00,NA,NA,15,93,NA
2021-06-10 13:00:00,NA,NA,17.4,85,NA
2021-06-10 14:00:00,NA,NA,19.6,73,NA
2021-06-10 15:00:00,NA,NA,21.4,61,NA
2021-06-10 16:00:00,NA,NA,21.6,55,NA
2021-06-10 17:00:00,NA,NA,21.4,56,NA
2021-06-10 18:00:00,NA,NA,22.4,46,NA
2021-06-11 00:00:00,NA,NA,15.2,81,NA
2021-06-12 00:00:00,NA,NA,NA,NA,NA
2021-06-12 12:00:00,NA,NA,11.6,93,NA
2021-06-12 13:00:00,NA,NA,15.2,81,NA
2021-06-12 14:00:00,NA,NA,18,71,NA
2021-06-12 15:00:00,NA,NA,19.8,64,NA
2021-06-12 16:00:00,NA,NA,20.4,61,NA
2021-06-12 17:00:00,NA,NA,21.2,58,NA
2021-06-12 18:00:00,NA,NA,21.4,56,NA
2021-06-13 00:00:00,NA,NA,15.2,79,NA
2021-06-14 00:00:00,NA,NA,NA,NA,NA
2021-06-14 12:00:00,NA,NA,12.8,91,NA
2021-06-14 13:00:00,NA,NA,16.2,79,NA
2021-06-14 14:00:00,NA,NA,19.4,67,NA
2021-06-14 15:00:00,NA,NA,22.2,56,NA
2021-06-14 16:00:00,NA,NA,23.2,48,NA
2021-06-14 17:00:00,NA,NA,23.8,43,NA
2021-06-14 18:00:00,NA,NA,24,41,NA
2021-06-15 00:00:00,NA,NA,14,78,NA
2021-06-16 12:00:00,NA,NA,5,91,NA
2021-06-16 13:00:00,NA,NA,8.2,76,NA
2021-06-16 14:00:00,NA,NA,10.2,68,NA
2021-06-16 15:00:00,NA,NA,11.2,65,NA
2021-06-16 16:00:00,NA,NA,12.2,59,NA
2021-06-16 17:00:00,NA,NA,12.6,55,NA
2021-06-16 18:00:00,NA,NA,13,50,NA
2021-06-17 00:00:00,NA,NA,9.6,74,NA
2021-06-18 00:00:00,NA,NA,NA,NA,NA
2021-06-18 12:00:00,NA,NA,7.6,86,NA
2021-06-18 13:00:00,NA,NA,8.2,84,NA
2021-06-18 14:00:00,NA,NA,10.6,75,NA
2021-06-18 15:00:00,NA,NA,12,69,NA
2021-06-18 16:00:00,NA,NA,12.4,68,NA
2021-06-18 17:00:00,NA,NA,12.8,68,NA
2021-06-18 18:00:00,NA,NA,13,59,NA
2021-06-19 00:00:00,NA,NA,10.2,80,NA
2021-06-20 00:00:00,NA,NA,NA,NA,NA
2021-06-20 12:00:00,NA,NA,6.2,97,NA
2021-06-20 13:00:00,NA,NA,7.6,97,NA
2021-06-20 14:00:00,NA,NA,8.6,95,NA
2021-06-20 15:00:00,NA,NA,10.4,95,NA
2021-06-20 16:00:00,NA,NA,11.6,91,NA
2021-06-20 17:00:00,NA,NA,14.8,77,NA
2021-06-20 18:00:00,NA,NA,15.2,73,NA
2021-06-21 00:00:00,NA,NA,11,93,NA
2021-06-22 00:00:00,NA,NA,NA,NA,NA
2021-06-22 12:00:00,NA,NA,10,97,NA
2021-06-22 13:00:00,NA,NA,10.4,95,NA
2021-06-22 14:00:00,NA,NA,10.6,98,NA
2021-06-22 15:00:00,NA,NA,12.2,93,NA
2021-06-22 16:00:00,NA,NA,13.2,89,NA
2021-06-22 17:00:00,NA,NA,15.2,79,NA
2021-06-22 18:00:00,NA,NA,15.4,77,NA
2021-06-23 00:00:00,NA,NA,14.4,89,NA
2021-06-24 00:00:00,NA,NA,NA,NA,NA
2021-06-24 12:00:00,NA,NA,13.6,91,NA
2021-06-24 13:00:00,NA,NA,13.8,91,NA
2021-06-24 14:00:00,NA,NA,14,87,NA
2021-06-24 15:00:00,NA,NA,14.2,85,NA
2021-06-24 16:00:00,NA,NA,14.4,87,NA
2021-06-24 17:00:00,NA,NA,14.8,85,NA
2021-06-24 18:00:00,NA,NA,15,82,NA
2021-06-25 00:00:00,NA,NA,10.6,95,NA
2021-06-26 00:00:00,NA,NA,NA,NA,NA
2021-06-26 12:00:00,NA,NA,12.2,93,NA
2021-06-26 13:00:00,NA,NA,11.8,95,NA
2021-06-26 14:00:00,NA,NA,12,96,NA
2021-06-26 15:00:00,NA,NA,12.4,93,NA
2021-06-26 16:00:00,NA,NA,12.2,95,NA
2021-06-26 17:00:00,NA,NA,12.4,97,NA
2021-06-26 18:00:00,NA,NA,12.6,92,NA
2021-06-27 00:00:00,NA,NA,10.8,90,NA
2021-06-28 12:00:00,NA,NA,3.4,86,NA
2021-06-28 13:00:00,NA,NA,6.4,77,NA
2021-06-28 14:00:00,NA,NA,8.6,60,NA
2021-06-28 15:00:00,NA,NA,9.6,53,NA
2021-06-28 16:00:00,NA,NA,10.2,51,NA
2021-06-28 17:00:00,NA,NA,10.4,47,NA
2021-06-28 18:00:00,NA,NA,10.6,43,NA
2021-06-29 00:00:00,NA,NA,5,85,NA
2021-06-30 00:00:00,NA,NA,NA,NA,NA
2021-06-30 12:00:00,NA,NA,4.6,87,NA
2021-06-30 13:00:00,NA,NA,8,76,NA
2021-06-30 14:00:00,NA,NA,10.2,68,NA
2021-06-30 15:00:00,NA,NA,11.2,60,NA
2021-06-30 16:00:00,NA,NA,12.2,53,NA
2021-06-30 17:00:00,NA,NA,13.2,48,NA
2021-06-30 18:00:00,NA,NA,13.8,45,NA
2021-07-01 00:00:00,NA,NA,8.4,78,NA
