2021-01-07 00:00:00,884.1,NA,NA,NA,NA
2021-01-07 12:00:00,881.2,1483,20.6,60,NA
2021-01-07 18:00:00,879.3,1466,30,29,NA
2021-01-08 00:00:00,NA,1469,28.4,29,NA
2021-01-09 00:00:00,877.6,NA,NA,NA,NA
2021-01-09 12:00:00,881.8,1496,23.2,43,NA
2021-01-09 18:00:00,883.7,1512,30.2,30,NA
2021-01-10 00:00:00,880.5,NA,NA,NA,NA
2021-01-11 12:00:00,876.6,1448,29.6,9,NA
2021-01-11 18:00:00,879.6,1472,33.4,20,NA
2021-01-12 00:00:00,NA,1486,26,35,NA
2021-01-13 00:00:00,882,NA,NA,NA,NA
2021-01-13 12:00:00,885.6,1530,22.2,57,NA
2021-01-13 18:00:00,881.2,1487,29.6,36,NA
2021-01-14 00:00:00,NA,1494,26.4,46,NA
2021-01-15 00:00:00,875.7,NA,NA,NA,NA
2021-01-15 12:00:00,880.6,1484,24.4,62,NA
2021-01-15 18:00:00,874.6,1423,31.4,40,NA
2021-01-16 00:00:00,NA,1416,31,35,NA
2021-01-17 00:00:00,885,NA,15.6,59,NA
2021-01-19 12:00:00,NA,1523,23.4,40,NA
2021-01-19 18:00:00,NA,1493,33.2,13,NA
2021-01-20 00:00:00,NA,1502,28,25,NA
2021-01-21 12:00:00,NA,1533,21.8,42,NA
2021-01-21 18:00:00,NA,1509,32,18,NA
2021-01-22 00:00:00,NA,1511,28.6,27,NA
2021-01-23 12:00:00,NA,1512,24.6,39,NA
2021-01-23 18:00:00,NA,1470,34.5,17,NA
2021-01-24 00:00:00,NA,1469,31,23,NA
2021-01-25 12:00:00,NA,1524,27.6,38,NA
2021-01-25 18:00:00,NA,1425,36.6,18,NA
2021-01-26 00:00:00,NA,1451,21,76,NA
2021-01-26 12:00:00,880,NA,21,66,NA
2021-01-26 18:00:00,876.9,NA,29.6,34,NA
2021-01-27 12:00:00,NA,1499,21,64,NA
2021-01-27 18:00:00,NA,1445,30.8,25,NA
2021-01-28 00:00:00,NA,1420,28.4,36,NA
2021-01-29 12:00:00,NA,1452,21.2,52,NA
2021-01-29 18:00:00,NA,1418,31.6,26,NA
2021-01-30 00:00:00,NA,1409,29.2,27,NA
2021-01-31 00:00:00,877.6,NA,22.8,41,NA
2021-02-01 18:00:00,881.3,NA,NA,NA,NA
2021-02-02 00:00:00,883.8,NA,NA,NA,NA
2021-02-02 12:00:00,885.4,1515,12.2,89,NA
2021-02-02 18:00:00,876.1,1428,16.8,66,NA
2021-02-03 00:00:00,NA,1529,15.2,72,NA
2021-02-04 00:00:00,887.4,NA,NA,NA,NA
2021-02-04 12:00:00,890,1570,20,43,NA
2021-02-04 18:00:00,886.4,1533,28.4,22,NA
2021-02-05 00:00:00,NA,1530,26,27,NA
2021-02-05 12:00:00,NA,1534,21,54,NA
2021-02-05 18:00:00,NA,1489,31.4,22,NA
2021-02-06 00:00:00,881.2,1488,28.4,24,NA
2021-02-06 12:00:00,883.4,NA,NA,NA,NA
2021-02-06 18:00:00,880,NA,NA,NA,NA
2021-02-07 00:00:00,879.2,NA,NA,NA,NA
2021-02-08 12:00:00,NA,1540,16,86,NA
2021-02-08 18:00:00,NA,1521,15,90,NA
2021-02-09 00:00:00,NA,1540,12.8,96,NA
2021-02-10 12:00:00,NA,1541,16.6,86,NA
2021-02-10 18:00:00,885.7,NA,23.8,49,NA
2021-02-11 00:00:00,883.8,NA,21.4,65,NA
2021-02-11 12:00:00,883.7,NA,19.4,71,NA
2021-02-11 18:00:00,881.2,NA,27.6,39,NA
2021-02-12 12:00:00,NA,1511,18,76,NA
2021-02-12 18:00:00,880.4,NA,26.6,36,NA
2021-02-13 00:00:00,883,NA,20.4,52,NA
2021-02-13 12:00:00,882.2,NA,17,67,NA
2021-02-13 18:00:00,879.4,NA,28.4,29,NA
2021-02-14 00:00:00,879,NA,24.6,35,NA
2021-02-15 12:00:00,885.8,NA,17.4,68,NA
2021-02-15 18:00:00,882.9,NA,23.8,49,NA
2021-02-16 12:00:00,NA,1517,17,77,NA
2021-02-16 18:00:00,NA,1481,25,46,NA
2021-02-17 00:00:00,880,NA,24.6,42,NA
2021-02-17 12:00:00,882.9,NA,20.6,66,NA
2021-02-17 18:00:00,879,NA,30.6,27,NA
2021-02-18 12:00:00,NA,1500,21.2,61,NA
2021-02-18 18:00:00,877.7,NA,30.8,34,NA
2021-02-19 00:00:00,877.3,NA,28.8,32,NA
2021-02-19 12:00:00,887,NA,19.2,58,NA
2021-02-20 12:00:00,NA,1527,17.8,52,NA
2021-02-20 18:00:00,NA,1485,28.4,30,NA
2021-02-21 00:00:00,880.5,NA,26.6,28,NA
2021-02-22 12:00:00,NA,1501,22,53,NA
2021-02-22 18:00:00,880,NA,30.8,34,NA
2021-02-23 12:00:00,887,NA,20.8,49,NA
2021-02-23 18:00:00,882.5,NA,26.4,32,NA
2021-02-24 12:00:00,NA,1529,21.2,53,NA
2021-02-24 18:00:00,NA,1511,30,29,NA
2021-02-25 00:00:00,882,NA,28.4,37,NA
2021-02-25 12:00:00,884.9,NA,22.6,61,NA
2021-02-25 18:00:00,880.5,NA,31.4,34,NA
2021-02-26 12:00:00,NA,1483,23,65,NA
2021-02-26 18:00:00,877,NA,33.4,33,NA
2021-02-27 00:00:00,879,NA,30.4,41,NA
2021-02-27 12:00:00,887.4,NA,20.8,71,NA
2021-02-27 18:00:00,883.2,NA,28.6,46,NA
2021-03-02 12:00:00,NA,1508,17.4,92,NA
2021-03-02 18:00:00,884.2,1509,20,77,NA
2021-03-03 00:00:00,NA,1522,17,90,NA
2021-03-04 00:00:00,884.4,NA,NA,NA,NA
2021-03-04 12:00:00,886.2,1533,17.8,81,NA
2021-03-04 18:00:00,884.4,1516,29.4,32,NA
2021-03-05 00:00:00,NA,1522,24.8,51,NA
2021-03-06 00:00:00,880.5,NA,NA,NA,NA
2021-03-06 12:00:00,882.5,1501,21.4,65,NA
2021-03-06 18:00:00,879.7,1473,32.6,29,NA
2021-03-07 00:00:00,880.1,NA,NA,NA,NA
2021-03-08 12:00:00,889.8,1573,21.6,41,NA
2021-03-08 18:00:00,887.6,1547,24.8,41,NA
2021-03-09 00:00:00,NA,1538,22.6,44,NA
2021-03-10 00:00:00,880.8,NA,NA,NA,NA
2021-03-10 12:00:00,880.1,1477,21,67,NA
2021-03-10 18:00:00,875.4,1430,33,32,NA
2021-03-11 00:00:00,NA,1444,28,47,NA
2021-03-12 00:00:00,883.6,NA,NA,NA,NA
2021-03-12 12:00:00,885.4,1527,20.4,65,NA
2021-03-12 18:00:00,883.4,1507,24.2,54,NA
2021-03-13 00:00:00,NA,1509,23,51,NA
2021-03-15 12:00:00,883,NA,27.4,25,NA
2021-03-15 18:00:00,878.9,NA,24,57,NA
2021-03-16 12:00:00,NA,1493,17.6,76,NA
2021-03-16 18:00:00,NA,1483,23.4,45,NA
2021-03-17 00:00:00,882.8,NA,21.2,54,NA
2021-03-17 12:00:00,888,NA,14.8,68,NA
2021-03-18 12:00:00,NA,1522,9.4,95,NA
2021-03-18 18:00:00,NA,1487,12.8,83,NA
2021-03-19 00:00:00,883.7,NA,13.2,82,NA
2021-03-19 12:00:00,882.1,NA,11.6,90,NA
2021-03-19 18:00:00,879,NA,18.4,62,NA
2021-03-20 12:00:00,NA,1526,13,89,NA
2021-03-20 18:00:00,NA,1525,19.2,49,NA
2021-03-21 00:00:00,888.4,NA,17.6,61,NA
2021-03-22 12:00:00,NA,1539,14.6,81,NA
2021-03-22 18:00:00,NA,1550,16.8,56,NA
2021-03-23 00:00:00,888.8,NA,13.2,80,NA
2021-03-23 12:00:00,885.2,NA,12,82,NA
2021-03-23 18:00:00,880.6,NA,25.4,33,NA
2021-03-24 12:00:00,NA,1495,14.2,81,NA
2021-03-24 18:00:00,NA,1475,26.2,38,NA
2021-03-25 00:00:00,881.3,NA,22.2,50,NA
2021-03-25 12:00:00,883.4,NA,18,69,NA
2021-03-25 18:00:00,880,NA,24.8,46,NA
2021-03-26 12:00:00,NA,1551,10.4,88,NA
2021-03-26 18:00:00,NA,1531,12.2,80,NA
2021-03-27 00:00:00,889.8,NA,11,83,NA
2021-03-27 12:00:00,890.5,NA,11.2,79,NA
2021-03-27 18:00:00,887.8,NA,19.6,35,NA
2021-03-28 00:00:00,887.7,NA,13.6,64,NA
2021-03-29 12:00:00,887.3,NA,10,75,NA
2021-03-29 18:00:00,885.2,NA,25,26,NA
2021-03-30 12:00:00,NA,1524,13.4,60,NA
2021-03-30 18:00:00,NA,1480,26.6,27,NA
2021-03-31 00:00:00,882.6,NA,22,40,NA
2021-03-31 12:00:00,883.7,NA,14.6,69,NA
2021-03-31 18:00:00,880.2,NA,26,34,NA
2021-04-01 12:00:00,NA,1495,18.2,71,NA
2021-04-01 18:00:00,NA,1468,23.6,45,NA
2021-04-02 00:00:00,881.2,NA,22.6,48,NA
2021-04-02 12:00:00,883.7,NA,17.8,70,NA
2021-04-02 18:00:00,880.6,NA,25.6,41,NA
2021-04-03 12:00:00,NA,1510,16.4,78,NA
2021-04-03 18:00:00,882,NA,25,44,NA
2021-04-04 00:00:00,883,NA,22.6,53,NA
2021-04-05 12:00:00,NA,1481,16,76,NA
2021-04-05 18:00:00,NA,1495,30.2,33,NA
2021-04-06 00:00:00,880.2,NA,23.6,41,NA
2021-04-06 12:00:00,882.6,NA,15,79,NA
2021-04-06 18:00:00,879.8,NA,30,32,NA
2021-04-07 12:00:00,NA,1472,17.4,74,NA
2021-04-07 18:00:00,NA,1455,28.8,37,NA
2021-04-08 00:00:00,NA,1465,21.8,66,NA
2021-04-08 12:00:00,880.9,NA,19,81,NA
2021-04-08 18:00:00,877.4,NA,25,53,NA
2021-04-09 12:00:00,NA,1486,16.4,84,NA
2021-04-09 18:00:00,NA,1493,16,82,NA
2021-04-10 00:00:00,NA,1497,14.4,90,NA
2021-04-13 12:00:00,887.2,1533,10.4,77,NA
2021-04-13 18:00:00,884.8,1512,25.4,30,NA
2021-04-14 00:00:00,NA,1507,19,52,NA
2021-04-15 00:00:00,882.5,NA,NA,NA,NA
2021-04-15 12:00:00,884.5,1511,11.6,71,NA
2021-04-15 18:00:00,881.7,1486,26.6,28,NA
2021-04-16 00:00:00,NA,1489,18.1,50,NA
2021-04-17 00:00:00,882.6,NA,NA,NA,NA
2021-04-17 12:00:00,885.4,1525,16.8,68,NA
2021-04-17 18:00:00,881.7,1489,26.8,39,NA
2021-04-18 00:00:00,881.8,NA,NA,NA,NA
2021-04-19 12:00:00,882.6,1496,15,80,NA
2021-04-19 18:00:00,879.3,1466,28.6,38,NA
2021-04-20 00:00:00,NA,1470,21.8,51,NA
2021-04-21 00:00:00,875,NA,NA,NA,NA
2021-04-21 12:00:00,878.1,1450,12.6,30,NA
2021-04-21 18:00:00,880.8,1477,20.4,41,NA
2021-04-22 00:00:00,NA,1498,14.8,62,NA
2021-04-23 00:00:00,882,NA,NA,NA,NA
2021-04-23 12:00:00,NA,1501,13.8,69,NA
2021-04-23 18:00:00,NA,1470,20.8,43,NA
2021-04-24 00:00:00,NA,1521,17.2,53,NA
2021-04-27 12:00:00,NA,1522,10,71,NA
2021-04-27 18:00:00,NA,1495,24.6,31,NA
2021-04-28 00:00:00,885.7,NA,19,52,NA
2021-04-28 12:00:00,888.4,NA,10,73,NA
2021-04-28 18:00:00,886.9,NA,24.4,30,NA
2021-04-29 12:00:00,NA,1534,10,71,NA
2021-04-29 18:00:00,NA,1509,26.4,28,NA
2021-04-30 00:00:00,884,NA,16.6,52,NA
2021-04-30 12:00:00,883.7,NA,8.6,72,NA
2021-04-30 18:00:00,878.9,NA,26.8,26,NA
2021-05-01 12:00:00,NA,1480,9.6,73,NA
2021-05-01 18:00:00,NA,1449,26.2,22,NA
2021-05-02 00:00:00,880,NA,19.6,45,NA
2021-05-03 12:00:00,NA,1487,6.6,84,NA
2021-05-03 18:00:00,878.1,NA,20,47,NA
2021-05-04 00:00:00,883.2,NA,16.4,60,NA
2021-05-04 12:00:00,894.5,NA,8,73,NA
2021-05-04 18:00:00,894.4,NA,8.8,53,NA
2021-05-05 12:00:00,NA,1568,1.4,90,NA
2021-05-05 18:00:00,NA,1555,14.6,38,NA
2021-05-06 00:00:00,893.2,NA,9,61,NA
2021-05-06 12:00:00,893.6,NA,1,82,NA
2021-05-06 18:00:00,889.4,NA,19.6,29,NA
2021-05-07 12:00:00,NA,1529,6.6,65,NA
2021-05-07 18:00:00,NA,1499,18.4,39,NA
2021-05-08 00:00:00,886,NA,10.2,67,NA
2021-05-08 12:00:00,885.3,NA,3.2,83,NA
2021-05-08 18:00:00,883.2,NA,18,42,NA
2021-05-09 00:00:00,886.1,NA,12.6,63,NA
2021-05-10 12:00:00,892.1,NA,10.2,80,NA
2021-05-10 18:00:00,890.1,NA,13.4,58,NA
2021-05-11 12:00:00,NA,1562,9,95,NA
2021-05-11 18:00:00,888.4,NA,16,49,NA
2021-05-12 00:00:00,888.2,NA,9.8,73,NA
2021-05-12 12:00:00,886.5,NA,3,100,NA
2021-05-12 18:00:00,883.6,NA,22,27,NA
2021-05-13 12:00:00,NA,1511,5,77,NA
2021-05-13 18:00:00,NA,1501,20.6,66,NA
2021-05-14 00:00:00,886,NA,15.4,50,NA
2021-05-14 12:00:00,886.2,NA,5.4,80,NA
2021-05-14 18:00:00,881.8,NA,23.8,27,NA
2021-05-15 12:00:00,NA,1523,6,77,NA
2021-05-15 18:00:00,NA,1495,20.4,77,NA
2021-05-16 00:00:00,886.5,NA,14.6,63,NA
2021-05-17 12:00:00,NA,1552,11.2,68,NA
2021-05-17 18:00:00,NA,1523,20.2,43,NA
2021-05-18 00:00:00,886.1,NA,12.4,65,NA
2021-05-18 12:00:00,883.8,NA,5,82,NA
2021-05-18 18:00:00,879,NA,21.6,41,NA
2021-05-19 12:00:00,NA,1445,6,86,NA
2021-05-19 18:00:00,NA,1430,26.2,32,NA
2021-05-20 00:00:00,878.5,NA,17.6,50,NA
2021-05-20 12:00:00,879.3,NA,10.2,80,NA
2021-05-20 18:00:00,875.8,NA,18.2,57,NA
2021-05-21 12:00:00,NA,1492,9.4,87,NA
2021-05-21 18:00:00,NA,1505,12.2,51,NA
2021-05-22 00:00:00,886.4,NA,5.5,67,NA
2021-05-22 12:00:00,887.4,NA,4.4,72,NA
2021-05-22 18:00:00,885.6,NA,13,42,NA
2021-05-25 12:00:00,NA,1518,1,52,NA
2021-05-25 18:00:00,NA,1517,18.4,26,NA
2021-05-26 00:00:00,NA,1515,9.4,41,NA
2021-05-27 12:00:00,881.3,1469,0.6,48,NA
2021-05-27 18:00:00,876,1427,28.6,6,NA
2021-05-28 00:00:00,NA,1423,24.6,8,NA
2021-05-29 00:00:00,876.4,NA,NA,NA,NA
2021-05-29 12:00:00,887.6,1539,7,71,NA
2021-05-29 18:00:00,884,1499,17,40,NA
2021-05-30 00:00:00,886.2,NA,NA,NA,NA
2021-05-31 12:00:00,888.4,1533,2.6,74,NA
2021-05-31 18:00:00,884,1499,21,27,NA
2021-06-01 00:00:00,NA,1473,12,47,NA
2021-06-02 00:00:00,880.8,NA,NA,NA,NA
2021-06-02 12:00:00,886.9,1526,4.2,67,NA
2021-06-02 18:00:00,885.2,1510,19,33,NA
2021-06-03 00:00:00,NA,1488,12,49,NA
2021-06-04 00:00:00,879,NA,NA,NA,NA
2021-06-04 12:00:00,877.6,1440,9.2,43,NA
2021-06-04 18:00:00,875.4,1422,22,29,NA
2021-06-05 00:00:00,NA,1469,14.6,49,NA
2021-06-06 00:00:00,887.2,NA,12.6,67,NA
2021-06-08 00:00:00,887,NA,NA,NA,NA
2021-06-08 12:00:00,NA,1487,0.2,78,NA
2021-06-08 18:00:00,NA,1469,22.4,21,NA
2021-06-09 00:00:00,NA,1463,9.4,50,NA
2021-06-10 00:00:00,883.3,NA,NA,NA,NA
2021-06-10 12:00:00,888.4,1533,0.2,78,NA
2021-06-10 18:00:00,890.9,1561,15.8,51,NA
2021-06-11 00:00:00,NA,1553,6.8,78,NA
2021-06-12 00:00:00,888.1,NA,NA,NA,NA
2021-06-12 12:00:00,882.8,1481,-0.6,81,NA
2021-06-12 18:00:00,879,1456,27,8,NA
2021-06-13 00:00:00,881.3,NA,NA,NA,NA
2021-06-14 12:00:00,890.8,1561,8.5,74,NA
2021-06-14 18:00:00,889.4,1547,10,54,NA
2021-06-15 00:00:00,NA,1582,8.8,49,NA
2021-06-16 12:00:00,891.8,1558,0.4,89,NA
2021-06-16 18:00:00,891.2,1553,1.8,83,NA
2021-06-17 00:00:00,NA,1568,2,77,NA
2021-06-18 00:00:00,888.9,NA,NA,NA,NA
2021-06-18 12:00:00,888.1,1529,2.5,79,NA
2021-06-18 18:00:00,886.1,1511,5,66,NA
2021-06-19 00:00:00,NA,1532,4.2,73,NA
2021-06-20 00:00:00,888.9,NA,4,72,NA
2021-06-21 18:00:00,882.4,NA,NA,NA,NA
2021-06-22 00:00:00,883.7,NA,NA,NA,NA
2021-06-22 12:00:00,881.7,1467,-4.8,95,NA
2021-06-22 18:00:00,NA,1433,15.8,29,NA
2021-06-23 00:00:00,NA,1430,5.2,55,NA
2021-06-24 00:00:00,880.9,NA,NA,NA,NA
2021-06-24 12:00:00,885.4,1508,-3,79,NA
2021-06-24 18:00:00,881,1470,18.2,21,NA
2021-06-25 00:00:00,NA,1464,5.6,45,NA
2021-06-26 00:00:00,879.6,NA,NA,NA,NA
2021-06-26 12:00:00,NA,1530,4.6,82,NA
2021-06-26 18:00:00,NA,1538,3,84,NA
2021-06-27 00:00:00,NA,1567,2,80,NA
2021-06-28 12:00:00,NA,1590,-3.4,87,NA
2021-06-28 18:00:00,NA,1575,11.2,29,NA
2021-06-29 00:00:00,NA,1587,2.8,68,NA
2021-06-30 00:00:00,889.4,NA,NA,NA,NA
2021-06-30 12:00:00,884.1,1488,-5.6,90,NA
2021-06-30 18:00:00,878.9,1459,20.2,16,NA
2021-07-01 00:00:00,NA,1472,4,49,NA
