2021-01-07 00:00:00,938.9,NA,NA,NA,NA
2021-01-07 12:00:00,939.3,1011.7,24,46,NA
2021-01-07 18:00:00,937.1,1009,32.4,32,NA
2021-01-08 00:00:00,NA,1007.1,26,32,NA
2021-01-09 00:00:00,933.5,NA,NA,NA,NA
2021-01-09 12:00:00,937.9,1011,22.2,64,NA
2021-01-09 18:00:00,933.7,1006.1,29.4,42,NA
2021-01-10 00:00:00,NA,1007,25.2,40,NA
2021-01-11 00:00:00,928.5,NA,NA,NA,NA
2021-01-11 12:00:00,928.7,999.5,28,61,NA
2021-01-11 18:00:00,929.4,1000.7,34,33,NA
2021-01-12 00:00:00,NA,1005.1,28,40,NA
2021-01-13 00:00:00,938.6,NA,NA,NA,NA
2021-01-13 12:00:00,940.5,1013.8,22.2,64,NA
2021-01-13 18:00:00,939.8,1012.6,26.2,57,NA
2021-01-14 00:00:00,NA,1011.5,23.4,39,NA
2021-01-15 00:00:00,931.5,NA,NA,NA,NA
2021-01-15 12:00:00,932.9,1005.3,26,69,NA
2021-01-15 18:00:00,928.9,1000.1,32,50,NA
2021-01-16 00:00:00,NA,997.8,30,50,NA
2021-01-17 00:00:00,937.5,NA,NA,NA,NA
2021-01-17 12:00:00,943.9,1017.8,20,43,NA
2021-01-17 18:00:00,NA,1013.9,28.2,22,NA
2021-01-18 00:00:00,NA,1012.1,23,40,NA
2021-01-19 12:00:00,NA,1013.7,24.8,45,NA
2021-01-19 18:00:00,NA,1012.6,32.4,30,NA
2021-01-20 00:00:00,NA,1010.7,27.2,29,NA
2021-01-21 12:00:00,NA,1014.3,25.4,53,NA
2021-01-21 18:00:00,NA,1011.3,35.4,23,NA
2021-01-22 00:00:00,NA,1010.3,29.4,22,NA
2021-01-23 12:00:00,NA,1010.6,27.2,59,NA
2021-01-23 18:00:00,NA,1005.9,35.4,32,NA
2021-01-24 00:00:00,NA,1005.5,31.2,35,NA
2021-01-25 12:00:00,NA,1001.5,27.8,62,NA
2021-01-25 18:00:00,NA,997.7,36,41,NA
2021-01-26 00:00:00,NA,997.5,32.4,34,NA
2021-01-26 12:00:00,933.5,NA,23.8,66,NA
2021-01-26 18:00:00,929.8,NA,33.6,39,NA
2021-01-27 12:00:00,NA,1008.2,21.2,66,NA
2021-01-27 18:00:00,NA,1004.1,32.8,34,NA
2021-01-28 00:00:00,NA,1000.2,29,32,NA
2021-01-29 12:00:00,NA,1001.1,24,66,NA
2021-01-29 18:00:00,NA,998.4,34.4,36,NA
2021-01-30 00:00:00,NA,996.2,30,46,NA
2021-01-31 00:00:00,936.9,NA,NA,NA,NA
2021-01-31 12:00:00,936.6,1009.9,22.8,79,NA
2021-01-31 18:00:00,937.5,1011.4,20.6,70,NA
2021-02-02 00:00:00,940.1,NA,NA,NA,NA
2021-02-02 12:00:00,941.7,1017.1,15,76,NA
2021-02-02 18:00:00,940.1,1014.5,19.5,62,NA
2021-02-03 00:00:00,NA,1015.8,17.8,74,NA
2021-02-04 00:00:00,943.5,NA,NA,NA,NA
2021-02-04 12:00:00,945,1018.3,21.8,55,NA
2021-02-04 18:00:00,942.1,1015.4,30.4,28,NA
2021-02-05 00:00:00,NA,1015.1,22.4,48,NA
2021-02-05 12:00:00,NA,1014.3,23.6,60,NA
2021-02-05 18:00:00,NA,1011.7,30.2,40,NA
2021-02-06 00:00:00,937.8,1010.6,24.2,45,NA
2021-02-06 12:00:00,938.9,NA,NA,NA,NA
2021-02-06 18:00:00,936.1,NA,NA,NA,NA
2021-02-08 00:00:00,936.3,NA,NA,NA,NA
2021-02-08 12:00:00,NA,1014.6,17,84,NA
2021-02-08 18:00:00,NA,1017,17.8,83,NA
2021-02-09 00:00:00,NA,1018.2,16.3,98,NA
2021-02-10 12:00:00,NA,1016.7,20,96,NA
2021-02-10 18:00:00,NA,1014.3,23.4,96,NA
2021-02-11 00:00:00,938.9,NA,20.6,95,NA
2021-02-11 12:00:00,938.7,NA,21,95,NA
2021-02-11 18:00:00,936.6,NA,28.4,72,NA
2021-02-12 12:00:00,NA,1009.7,23,96,NA
2021-02-12 18:00:00,936.3,NA,28.4,96,NA
2021-02-13 00:00:00,935.7,NA,18,61,NA
2021-02-13 12:00:00,937,NA,20,51,NA
2021-02-13 18:00:00,934.1,NA,29.2,21,NA
2021-02-14 12:00:00,NA,1006.3,23,48,NA
2021-02-14 18:00:00,NA,1003.9,33.8,13,NA
2021-02-15 00:00:00,932.1,NA,26.4,27,NA
2021-02-15 12:00:00,939.9,NA,16,61,NA
2021-02-15 18:00:00,939,NA,25,38,NA
2021-02-16 12:00:00,NA,1011.9,18,60,NA
2021-02-16 18:00:00,NA,1009.5,27.6,37,NA
2021-02-17 00:00:00,935.7,NA,22.8,50,NA
2021-02-17 12:00:00,937,NA,22.2,51,NA
2021-02-17 18:00:00,934.7,NA,30.2,34,NA
2021-02-18 12:00:00,NA,1008.9,23.8,46,NA
2021-02-18 18:00:00,932.2,NA,31.8,27,NA
2021-02-19 00:00:00,930.7,NA,27,34,NA
2021-02-19 12:00:00,940.7,NA,19.4,54,NA
2021-02-19 18:00:00,937.4,NA,28.6,31,NA
2021-02-20 12:00:00,NA,1013.5,20.6,45,NA
2021-02-20 18:00:00,NA,1008.9,29.6,34,NA
2021-02-21 00:00:00,935.3,NA,23,47,NA
2021-02-21 12:00:00,937.7,NA,25.4,51,NA
2021-02-21 18:00:00,940.6,NA,30.8,35,NA
2021-02-22 12:00:00,NA,1006.2,25.8,46,NA
2021-02-22 17:00:00,NA,NA,NA,NA,NA
2021-02-22 18:00:00,NA,1005.9,33.4,28,NA
2021-02-23 00:00:00,935.5,NA,28.4,36,NA
2021-02-23 12:00:00,939.9,NA,20,60,NA
2021-02-23 18:00:00,939.1,NA,26.2,34,NA
2021-02-24 12:00:00,NA,1013.9,22.6,51,NA
2021-02-24 18:00:00,NA,1010.5,30.4,33,NA
2021-02-25 00:00:00,937.5,NA,25.8,36,NA
2021-02-25 12:00:00,940.3,NA,25,51,NA
2021-02-25 18:00:00,935.7,NA,33.2,27,NA
2021-02-26 12:00:00,NA,1006.9,25,56,NA
2021-02-26 18:00:00,933.7,NA,33.6,34,NA
2021-02-27 00:00:00,933.7,NA,29,36,NA
2021-02-27 12:00:00,939.3,NA,23,39,NA
2021-02-27 18:00:00,937.4,NA,31,29,NA
2021-02-28 12:00:00,NA,1010.2,24,56,NA
2021-02-28 18:00:00,NA,1006.2,33,31,NA
2021-03-01 00:00:00,NA,1004.7,28,43,NA
2021-03-02 12:00:00,NA,1010.3,25.2,50,NA
2021-03-02 18:00:00,938.7,1011.5,26,54,NA
2021-03-03 00:00:00,NA,1011.5,20.4,60,NA
2021-03-04 00:00:00,938.7,NA,NA,NA,NA
2021-03-04 12:00:00,939.3,1012.1,22.8,56,NA
2021-03-04 18:00:00,938.7,1011.3,34.4,28,NA
2021-03-05 00:00:00,NA,1009.9,26.4,35,NA
2021-03-06 00:00:00,936.2,NA,NA,NA,NA
2021-03-06 12:00:00,936.8,1009.7,25.8,47,NA
2021-03-06 18:00:00,934.6,1005.5,35.4,20,NA
2021-03-07 00:00:00,NA,1006.5,27,32,NA
2021-03-08 00:00:00,933.5,NA,NA,NA,NA
2021-03-08 12:00:00,942.1,1015,23.2,51,NA
2021-03-08 18:00:00,NA,1020.6,30.5,36,NA
2021-03-09 00:00:00,NA,1011.5,26,41,NA
2021-03-10 00:00:00,935.5,NA,NA,NA,NA
2021-03-10 12:00:00,935,1007.4,24.2,46,NA
2021-03-10 18:00:00,930.5,1001.3,34,30,NA
2021-03-11 00:00:00,NA,1001.8,27.8,35,NA
2021-03-12 00:00:00,936.5,NA,NA,NA,NA
2021-03-12 12:00:00,940.7,1013.3,21,67,NA
2021-03-12 18:00:00,940.9,1013.8,25.4,43,NA
2021-03-13 00:00:00,NA,1013,20,58,NA
2021-03-14 12:00:00,NA,1015.5,22.2,52,NA
2021-03-14 18:00:00,NA,1011,31.2,30,NA
2021-03-15 00:00:00,NA,1013.3,25.2,35,NA
2021-03-15 12:00:00,943.3,NA,20.6,56,NA
2021-03-15 18:00:00,934.2,NA,25.6,44,NA
2021-03-16 12:00:00,NA,1010.1,17,61,NA
2021-03-16 18:00:00,NA,1007.7,26.6,30,NA
2021-03-17 00:00:00,936.1,NA,22,36,NA
2021-03-17 12:00:00,941.8,NA,17,54,NA
2021-03-18 12:00:00,NA,1015.5,11.8,62,NA
2021-03-18 18:00:00,NA,1014.1,15.8,54,NA
2021-03-19 00:00:00,938.9,NA,15,62,NA
2021-03-19 12:00:00,937.9,NA,15,56,NA
2021-03-19 18:00:00,935.9,NA,16.8,54,NA
2021-03-20 12:00:00,NA,1017,15.6,60,NA
2021-03-20 18:00:00,NA,1015.1,24.8,26,NA
2021-03-21 00:00:00,944.2,NA,18.8,37,NA
2021-03-21 12:00:00,946.3,NA,16.4,43,NA
2021-03-21 18:00:00,945,NA,27.6,13,NA
2021-03-22 12:00:00,NA,1017.5,18.6,40,NA
2021-03-22 18:00:00,NA,1015.6,26.4,23,NA
2021-03-23 00:00:00,943,NA,19,41,NA
2021-03-23 12:00:00,941.8,NA,18.6,51,NA
2021-03-23 18:00:00,938.2,NA,28.4,25,NA
2021-03-24 12:00:00,NA,1010.6,20,56,NA
2021-03-24 18:00:00,NA,1007.3,31.4,24,NA
2021-03-25 00:00:00,935.1,NA,24.4,43,NA
2021-03-25 12:00:00,937.1,NA,18.8,54,NA
2021-03-25 18:00:00,934.9,NA,27.2,38,NA
2021-03-26 12:00:00,NA,1018.6,12,61,NA
2021-03-26 18:00:00,NA,1018.7,17.4,45,NA
2021-03-27 00:00:00,943.9,NA,15,42,NA
2021-03-27 12:00:00,945,NA,13,53,NA
2021-03-27 18:00:00,943,NA,23.6,14,NA
2021-03-28 12:00:00,NA,1017.8,12.4,48,NA
2021-03-28 18:00:00,NA,1014.5,27,1,NA
2021-03-29 00:00:00,939.9,NA,17,14,NA
2021-03-29 12:00:00,941.7,NA,14,46,NA
2021-03-29 18:00:00,935.7,NA,29,14,NA
2021-03-30 12:00:00,NA,1015.1,18.6,50,NA
2021-03-30 18:00:00,NA,1011.1,28.6,23,NA
2021-03-31 00:00:00,937.5,NA,21,34,NA
2021-03-31 12:00:00,933.7,NA,18,56,NA
2021-03-31 18:00:00,937,NA,27.4,28,NA
2021-04-01 12:00:00,NA,1012.2,18.8,56,NA
2021-04-02 00:00:00,938.3,NA,20,50,NA
2021-04-02 12:00:00,940.1,NA,20,50,NA
2021-04-02 18:00:00,937.8,NA,29,30,NA
2021-04-03 12:00:00,NA,1015.2,21,48,NA
2021-04-03 18:00:00,NA,1011.1,28.2,30,NA
2021-04-04 00:00:00,939.4,NA,22.2,43,NA
2021-04-04 12:00:00,939,NA,21,53,NA
2021-04-04 18:00:00,935.1,NA,29.6,32,NA
2021-04-05 12:00:00,NA,1007,22.4,51,NA
2021-04-05 18:00:00,NA,1005.5,32.4,32,NA
2021-04-06 00:00:00,935.9,NA,24.4,56,NA
2021-04-06 12:00:00,936.3,NA,19.2,61,NA
2021-04-06 18:00:00,934.6,NA,29.8,31,NA
2021-04-07 12:00:00,NA,1008.6,20.2,61,NA
2021-04-07 18:00:00,NA,1007.7,26,43,NA
2021-04-08 00:00:00,NA,1006.9,22.6,60,NA
2021-04-08 12:00:00,934.5,NA,20,60,NA
2021-04-08 18:00:00,932.1,NA,29,37,NA
2021-04-09 12:00:00,NA,1011.1,19,62,NA
2021-04-09 18:00:00,NA,1011.3,21,54,NA
2021-04-10 00:00:00,NA,1012.6,19.2,45,NA
2021-04-11 12:00:00,NA,1021.5,12.6,60,NA
2021-04-11 18:00:00,NA,1019.6,24.4,8,NA
2021-04-12 00:00:00,NA,1021.5,14.6,65,NA
2021-04-13 12:00:00,943.4,1020,16,48,NA
2021-04-13 18:00:00,942.3,1016.2,26.6,25,NA
2021-04-14 00:00:00,NA,1016.5,19.8,41,NA
2021-04-15 00:00:00,937.3,NA,NA,NA,NA
2021-04-15 12:00:00,939,1012.3,19,56,NA
2021-04-15 18:00:00,937,1009.4,30.8,25,NA
2021-04-16 00:00:00,NA,1011.3,23,41,NA
2021-04-17 00:00:00,938.1,NA,NA,NA,NA
2021-04-17 12:00:00,939.5,1012.3,23.4,55,NA
2021-04-17 18:00:00,937.4,1010.6,28.6,38,NA
2021-04-18 00:00:00,NA,1009.8,23,50,NA
2021-04-19 00:00:00,937.4,NA,NA,NA,NA
2021-04-19 12:00:00,937.9,1011.8,21,32,NA
2021-04-19 18:00:00,936.9,1009.3,28.2,35,NA
2021-04-20 00:00:00,NA,1009.3,24.2,48,NA
2021-04-21 00:00:00,931.3,NA,NA,NA,NA
2021-04-21 12:00:00,932.6,1005.4,20,60,NA
2021-04-21 18:00:00,936.5,1009.3,23,36,NA
2021-04-22 00:00:00,NA,1012.2,17.6,41,NA
2021-04-22 18:00:00,935.8,NA,NA,NA,NA
2021-04-23 12:00:00,NA,1010.9,16.4,66,NA
2021-04-23 18:00:00,NA,1009.9,23.8,30,NA
2021-04-24 00:00:00,NA,1013.4,18.8,42,NA
2021-04-25 12:00:00,NA,1020.6,14,54,NA
2021-04-25 18:00:00,NA,1016,25.2,26,NA
2021-04-26 00:00:00,NA,1016.8,18.2,36,NA
2021-04-27 12:00:00,NA,1017.5,14,54,NA
2021-04-27 18:00:00,NA,1015.1,25.8,27,NA
2021-04-28 00:00:00,939.9,NA,18,40,NA
2021-04-28 12:00:00,942.1,NA,14.4,56,NA
2021-04-28 18:00:00,943.1,NA,26.4,27,NA
2021-04-29 12:00:00,NA,1019.2,16.6,51,NA
2021-04-29 18:00:00,NA,1017.5,25.4,28,NA
2021-04-30 00:00:00,941.8,NA,18,45,NA
2021-04-30 12:00:00,939.1,NA,14,51,NA
2021-04-30 18:00:00,936.7,NA,24.4,30,NA
2021-05-01 12:00:00,NA,1011.1,17.4,44,NA
2021-05-01 18:00:00,NA,1007.6,27.6,23,NA
2021-05-02 00:00:00,935.5,NA,18.4,42,NA
2021-05-02 12:00:00,936.7,NA,15.4,55,NA
2021-05-02 18:00:00,933.1,NA,28.8,25,NA
2021-05-03 12:00:00,NA,1009.8,14,62,NA
2021-05-03 18:00:00,NA,1007.2,22.8,40,NA
2021-05-04 00:00:00,935.4,NA,19.4,45,NA
2021-05-04 12:00:00,946.3,NA,8,66,NA
2021-05-04 18:00:00,949.1,NA,11.6,45,NA
2021-05-05 12:00:00,NA,1027.4,8,65,NA
2021-05-05 18:00:00,NA,1025.8,12.8,40,NA
2021-05-06 00:00:00,950.6,NA,10.4,58,NA
2021-05-06 12:00:00,950.3,NA,5.6,59,NA
2021-05-06 18:00:00,947.5,NA,21.2,30,NA
2021-05-07 12:00:00,NA,1020.3,11,57,NA
2021-05-07 18:00:00,943.1,NA,17.8,35,NA
2021-05-08 00:00:00,942.7,NA,11.4,47,NA
2021-05-08 12:00:00,942.6,NA,10,51,NA
2021-05-08 18:00:00,940.1,NA,19,34,NA
2021-05-09 12:00:00,NA,1019.2,12.6,51,NA
2021-05-09 18:00:00,NA,1017.9,19,36,NA
2021-05-10 00:00:00,946.7,NA,14,50,NA
2021-05-10 12:00:00,947.9,NA,10,61,NA
2021-05-10 18:00:00,946.3,NA,18.2,29,NA
2021-05-11 12:00:00,NA,1023.1,12,53,NA
2021-05-11 18:00:00,944.3,NA,20.2,21,NA
2021-05-12 00:00:00,944.9,NA,11.6,44,NA
2021-05-12 12:00:00,943.4,NA,7.8,66,NA
2021-05-12 18:00:00,941.8,NA,21.5,30,NA
2021-05-13 12:00:00,NA,1017.6,9.2,60,NA
2021-05-13 18:00:00,NA,1016,21.4,34,NA
2021-05-14 00:00:00,942.1,NA,13.8,46,NA
2021-05-14 12:00:00,941.7,NA,9.4,66,NA
2021-05-14 18:00:00,940.5,NA,22.2,32,NA
2021-05-15 12:00:00,NA,1017.9,12.2,55,NA
2021-05-15 18:00:00,939.4,NA,23.6,30,NA
2021-05-16 00:00:00,941.9,NA,14.6,48,NA
2021-05-16 12:00:00,944.2,NA,11.6,64,NA
2021-05-16 18:00:00,940.3,NA,21.2,34,NA
2021-05-17 12:00:00,NA,1019.8,11,67,NA
2021-05-17 18:00:00,942.5,NA,23,35,NA
2021-05-18 00:00:00,942.9,NA,12.7,77,NA
2021-05-18 12:00:00,939.4,NA,15,65,NA
2021-05-18 18:00:00,935.9,NA,20.4,45,NA
2021-05-19 12:00:00,NA,1007.7,17,54,NA
2021-05-19 18:00:00,NA,1006.1,22.2,40,NA
2021-05-20 00:00:00,933.4,NA,18,60,NA
2021-05-20 12:00:00,933.9,NA,14,66,NA
2021-05-20 18:00:00,933.9,NA,18.8,49,NA
2021-05-21 12:00:00,NA,1012.7,10.6,67,NA
2021-05-21 18:00:00,NA,1015.3,15.6,38,NA
2021-05-22 00:00:00,941.7,NA,9.4,48,NA
2021-05-22 12:00:00,943.4,NA,8,50,NA
2021-05-22 18:00:00,941.7,NA,17,15,NA
2021-05-23 12:00:00,NA,1022.7,7,48,NA
2021-05-23 18:00:00,NA,1020.4,17.4,16,NA
2021-05-24 00:00:00,NA,1021,8.6,38,NA
2021-05-25 12:00:00,NA,1019.4,6,56,NA
2021-05-25 18:00:00,NA,1016,23.2,14,NA
2021-05-26 00:00:00,NA,1018.2,15,23,NA
2021-05-27 12:00:00,936.3,1012.3,7.6,67,NA
2021-05-27 18:00:00,931.1,1006.5,23.2,28,NA
2021-05-28 00:00:00,NA,1003,14.6,49,NA
2021-05-29 00:00:00,928.9,NA,NA,NA,NA
2021-05-29 12:00:00,943.9,1020.9,10.4,45,NA
2021-05-29 18:00:00,939,1014.9,22,24,NA
2021-05-30 00:00:00,NA,1016.8,14.6,40,NA
2021-05-31 00:00:00,941.3,NA,NA,NA,NA
2021-05-31 12:00:00,943,1020.2,6,61,NA
2021-05-31 18:00:00,941.7,1016.6,23.8,18,NA
2021-06-01 00:00:00,NA,1013.5,14.8,38,NA
2021-06-02 00:00:00,934.2,NA,NA,NA,NA
2021-06-02 12:00:00,940.7,1016.7,11,52,NA
2021-06-02 18:00:00,939.5,1015.4,23.2,20,NA
2021-06-03 00:00:00,NA,1016.3,16.4,35,NA
2021-06-04 00:00:00,934.2,NA,NA,NA,NA
2021-06-04 12:00:00,931.5,1006.5,12,70,NA
2021-06-04 18:00:00,930.3,1004.4,24.4,30,NA
2021-06-05 00:00:00,NA,1009.3,16.8,44,NA
2021-06-06 00:00:00,943.1,NA,NA,NA,NA
2021-06-06 12:00:00,941.1,1016.6,13.6,33,NA
2021-06-06 18:00:00,938.3,1012.6,18.6,16,NA
2021-06-07 00:00:00,NA,1014.2,12,22,NA
2021-06-07 18:00:00,939.9,NA,NA,NA,NA
2021-06-08 00:00:00,939.9,NA,NA,NA,NA
2021-06-08 12:00:00,NA,1018.2,6.4,67,NA
2021-06-08 18:00:00,NA,1012.5,19.8,43,NA
2021-06-09 00:00:00,NA,1011.8,11.2,66,NA
2021-06-10 00:00:00,938.3,NA,NA,NA,NA
2021-06-10 12:00:00,944.6,1021.1,7,68,NA
2021-06-10 18:00:00,946.5,1024,18.2,44,NA
2021-06-11 00:00:00,NA,1014.6,15,50,NA
2021-06-12 00:00:00,944.6,NA,NA,NA,NA
2021-06-12 12:00:00,940.9,1016.8,10.4,64,NA
2021-06-12 18:00:00,937.4,1011.8,22.4,30,NA
2021-06-13 00:00:00,NA,1011.1,14.4,50,NA
2021-06-14 00:00:00,937,NA,NA,NA,NA
2021-06-14 12:00:00,945.8,1023.4,10,54,NA
2021-06-14 18:00:00,945.5,1021.5,14,34,NA
2021-06-15 00:00:00,NA,1026.6,11.6,25,NA
2021-06-16 12:00:00,952.1,1031.5,2.4,66,NA
2021-06-16 18:00:00,950.2,1029,5.6,48,NA
2021-06-17 00:00:00,NA,1031.2,4.6,55,NA
2021-06-18 00:00:00,949.3,NA,NA,NA,NA
2021-06-18 12:00:00,946.7,1025.6,4,61,NA
2021-06-18 18:00:00,945.8,1025.3,7,52,NA
2021-06-19 00:00:00,NA,1025.9,5.4,59,NA
2021-06-20 00:00:00,945.9,NA,NA,NA,NA
2021-06-20 12:00:00,942.1,1020.3,3.8,67,NA
2021-06-20 18:00:00,938.6,1015.8,12,38,NA
2021-06-21 00:00:00,NA,1020.6,5.6,57,NA
2021-06-22 00:00:00,940.6,NA,NA,NA,NA
2021-06-22 12:00:00,938.7,1015.2,7.4,61,NA
2021-06-22 18:00:00,NA,1011,16.4,38,NA
2021-06-23 00:00:00,NA,1011.1,12,54,NA
2021-06-24 00:00:00,934.7,NA,NA,NA,NA
2021-06-24 12:00:00,942.2,1019.9,6,67,NA
2021-06-24 18:00:00,937.5,1012.5,21,22,NA
2021-06-25 00:00:00,NA,1014.6,12.2,36,NA
2021-06-26 00:00:00,934.7,NA,NA,NA,NA
2021-06-26 12:00:00,NA,1021,5.8,66,NA
2021-06-26 18:00:00,NA,1022.8,9.8,44,NA
2021-06-27 00:00:00,NA,1027.4,4.4,40,NA
2021-06-28 12:00:00,NA,1035.6,-4,61,NA
2021-06-28 18:00:00,NA,1034.5,12,20,NA
2021-06-29 00:00:00,NA,1033.8,2.6,34,NA
2021-06-30 00:00:00,947,NA,NA,NA,NA
2021-06-30 12:00:00,943.5,1021.2,7,36,NA
2021-06-30 18:00:00,937.7,1013.7,14.6,20,NA
2021-07-01 00:00:00,NA,1015.5,9.4,27,NA
