2021-01-07 00:00:00,958.9,NA,NA,NA,NA
2021-01-07 09:00:00,NA,1012,17.6,89,NA
2021-01-07 10:00:00,960,1012.3,17.4,90,NA
2021-01-07 11:00:00,960.4,1012.4,21.2,74,NA
2021-01-07 12:00:00,960.6,1012.5,23.8,65,NA
2021-01-07 13:00:00,NA,1012.4,25,69,NA
2021-01-07 14:00:00,NA,1011.6,26.8,71,NA
2021-01-07 15:00:00,NA,1010.6,28.2,66,NA
2021-01-07 16:00:00,959.2,1010,28.7,50,NA
2021-01-07 17:00:00,NA,1008.7,29.7,44,NA
2021-01-07 18:00:00,957,1007.4,30.7,39,NA
2021-01-07 19:00:00,NA,1007.5,31.8,31,NA
2021-01-07 20:00:00,955.6,1006.9,32,30,NA
2021-01-07 21:00:00,954.9,1006.4,31.8,33,NA
2021-01-07 22:00:00,954.6,1006.1,31.2,42,NA
2021-01-07 23:00:00,955.2,1006.5,29.3,38,NA
2021-01-08 00:00:00,NA,1006.8,27.4,44,NA
2021-01-09 00:00:00,949.8,NA,NA,NA,NA
2021-01-09 09:00:00,954.8,1006.1,17.8,96,NA
2021-01-09 10:00:00,955.7,1007.1,17.6,96,NA
2021-01-09 11:00:00,956.2,1007.7,18,96,NA
2021-01-09 12:00:00,957.2,1008.6,20.2,96,NA
2021-01-09 13:00:00,958.4,1011.2,22.8,75,NA
2021-01-09 14:00:00,958.2,1010.9,24.6,64,NA
2021-01-09 15:00:00,957.6,1010.1,26.2,58,NA
2021-01-09 16:00:00,957.3,1008.3,27.4,56,NA
2021-01-09 17:00:00,NA,1008.8,28.8,53,NA
2021-01-09 18:00:00,955.3,1007.4,29.4,51,NA
2021-01-09 19:00:00,954.5,1005.8,28.8,51,NA
2021-01-09 21:00:00,NA,1003.9,29.8,48,NA
2021-01-09 22:00:00,952,1003.4,29.6,48,NA
2021-01-09 23:00:00,952.8,1004.4,28,53,NA
2021-01-10 00:00:00,NA,1004.9,26.2,58,NA
2021-01-11 00:00:00,948,NA,NA,NA,NA
2021-01-11 09:00:00,948,998.4,23.8,85,NA
2021-01-11 10:00:00,NA,998.4,23.2,90,NA
2021-01-11 11:00:00,949.8,1000.4,25,84,NA
2021-01-11 12:00:00,950.1,1000.7,26.3,77,NA
2021-01-11 13:00:00,NA,1000.6,28.2,72,NA
2021-01-11 14:00:00,949.6,1000.2,30.3,64,NA
2021-01-11 15:00:00,948.9,998.8,33.9,51,NA
2021-01-11 16:00:00,NA,998.1,35.5,45,NA
2021-01-11 17:00:00,NA,998.1,37,39,NA
2021-01-11 18:00:00,NA,997.6,37.5,39,NA
2021-01-11 19:00:00,NA,999.6,37.5,39,NA
2021-01-11 20:00:00,NA,1000.9,37.5,39,NA
2021-01-11 21:00:00,NA,1001.3,26,88,NA
2021-01-11 22:00:00,954,1005.4,26.8,75,NA
2021-01-11 23:00:00,952.1,1003.3,26.2,74,NA
2021-01-12 00:00:00,NA,1003.6,26,75,NA
2021-01-12 23:00:00,959.6,NA,NA,NA,NA
2021-01-13 09:00:00,NA,1015.5,20,86,NA
2021-01-13 10:00:00,963.4,1015.8,20.2,86,NA
2021-01-13 11:00:00,964,1016.3,20.4,83,NA
2021-01-13 12:00:00,964.2,1016.7,20.8,83,NA
2021-01-13 13:00:00,NA,1016.9,21.1,82,NA
2021-01-13 14:00:00,NA,1016.9,21.5,79,NA
2021-01-13 15:00:00,964.6,1016.9,21.9,76,NA
2021-01-13 16:00:00,964.2,1016.4,21.8,79,NA
2021-01-13 17:00:00,963,1015.1,22,84,NA
2021-01-13 18:00:00,962.8,1014.9,22.3,84,NA
2021-01-13 19:00:00,NA,1014.2,23.7,73,NA
2021-01-13 20:00:00,NA,1012.9,24.4,69,NA
2021-01-13 21:00:00,960.1,1012.3,24.6,69,NA
2021-01-13 22:00:00,959.8,1012,25,65,NA
2021-01-13 23:00:00,960.8,1013,24.6,67,NA
2021-01-14 00:00:00,NA,1013.4,24,73,NA
2021-01-15 00:00:00,952.6,NA,NA,NA,NA
2021-01-15 09:00:00,953.7,1004.9,23.6,82,NA
2021-01-15 10:00:00,954.1,1005.4,23.6,82,NA
2021-01-15 11:00:00,NA,1005.8,24.4,79,NA
2021-01-15 12:00:00,954.8,1006,25.6,74,NA
2021-01-15 13:00:00,953.7,1004.6,27,69,NA
2021-01-15 14:00:00,953.2,1003.9,26.8,75,NA
2021-01-15 15:00:00,952.5,1003.2,28.6,69,NA
2021-01-15 16:00:00,952.1,1002.4,30.4,65,NA
2021-01-15 17:00:00,NA,1001,31.2,61,NA
2021-01-15 18:00:00,950.2,1000,31.6,60,NA
2021-01-15 19:00:00,949,999.3,32,NA,NA
2021-01-15 20:00:00,947.6,997.8,32.2,51,NA
2021-01-15 21:00:00,945.6,996,31.4,54,NA
2021-01-15 22:00:00,946.5,997,31,55,NA
2021-01-15 23:00:00,946.5,997,30.8,56,NA
2021-01-16 00:00:00,NA,997.3,30.4,52,NA
2021-01-17 00:00:00,956.8,NA,NA,NA,NA
2021-01-17 09:00:00,NA,1016.5,14.3,77,NA
2021-01-17 10:00:00,964,1016.8,14.4,77,NA
2021-01-17 11:00:00,964.5,1017.2,17.1,67,NA
2021-01-17 12:00:00,965.2,1017.4,22.8,36,NA
2021-01-17 13:00:00,964.9,1017,24.4,34,NA
2021-01-17 14:00:00,NA,1015.7,26,27,NA
2021-01-17 15:00:00,963.4,1014.8,26.6,26,NA
2021-01-17 16:00:00,962.8,1014.1,27.7,25,NA
2021-01-17 17:00:00,NA,1012.8,28.7,35,NA
2021-01-17 18:00:00,NA,1012,29.4,42,NA
2021-01-17 19:00:00,NA,1012.4,30,22,NA
2021-01-17 20:00:00,NA,1011.7,30.4,37,NA
2021-01-17 21:00:00,NA,1011.3,29.8,39,NA
2021-01-17 22:00:00,NA,1011.1,29.4,23,NA
2021-01-17 23:00:00,NA,1011.1,28,29,NA
2021-01-18 00:00:00,NA,1011.7,24.3,52,NA
2021-01-19 09:00:00,NA,1014,18,68,NA
2021-01-19 10:00:00,NA,1014.3,18.2,69,NA
2021-01-19 11:00:00,NA,1014.4,20.5,54,NA
2021-01-19 12:00:00,NA,1014.8,23.2,45,NA
2021-01-19 13:00:00,NA,1015.1,25.4,61,NA
2021-01-19 14:00:00,NA,1013.8,27.8,40,NA
2021-01-19 15:00:00,NA,1012.8,28.8,30,NA
2021-01-19 16:00:00,NA,1012.2,30.4,28,NA
2021-01-19 17:00:00,NA,1011.1,31.4,28,NA
2021-01-19 18:00:00,NA,1010.3,32.5,23,NA
2021-01-19 19:00:00,NA,1010.3,33,19,NA
2021-01-19 20:00:00,NA,1009.6,33.1,21,NA
2021-01-19 21:00:00,NA,1009.6,32.6,20,NA
2021-01-19 22:00:00,NA,1010.2,31.4,21,NA
2021-01-19 23:00:00,NA,1011.1,28.8,32,NA
2021-01-20 00:00:00,NA,1011.8,26.8,45,NA
2021-01-21 09:00:00,NA,1014.2,22.6,90,NA
2021-01-21 10:00:00,NA,1014.8,22.6,78,NA
2021-01-21 11:00:00,NA,1015.3,23,65,NA
2021-01-21 12:00:00,NA,1016,25,50,NA
2021-01-21 13:00:00,NA,1015,26.6,43,NA
2021-01-21 14:00:00,NA,1014.5,27.8,40,NA
2021-01-21 15:00:00,NA,1014.9,29,37,NA
2021-01-21 16:00:00,NA,1013,29.6,37,NA
2021-01-21 17:00:00,NA,1011.9,32,29,NA
2021-01-21 18:00:00,NA,1010.3,33,30,NA
2021-01-21 19:00:00,NA,1011.1,33.6,29,NA
2021-01-21 20:00:00,NA,1010.5,34.2,28,NA
2021-01-21 21:00:00,NA,1011,34,31,NA
2021-01-21 22:00:00,NA,1010.1,33.6,29,NA
2021-01-21 23:00:00,NA,1010.5,31.4,35,NA
2021-01-22 00:00:00,NA,1011.4,28.6,32,NA
2021-01-23 09:00:00,NA,1009.7,22.5,71,NA
2021-01-23 10:00:00,NA,1010.5,21.7,77,NA
2021-01-23 11:00:00,NA,1010.6,24,68,NA
2021-01-23 12:00:00,NA,1011.8,26.2,63,NA
2021-01-23 13:00:00,NA,1010.9,27.8,56,NA
2021-01-23 14:00:00,NA,1009.9,29.7,48,NA
2021-01-23 15:00:00,NA,1008.6,32,39,NA
2021-01-23 16:00:00,NA,1006.5,33.2,34,NA
2021-01-23 17:00:00,NA,1005.3,34,31,NA
2021-01-23 18:00:00,NA,1003.5,35,30,NA
2021-01-23 19:00:00,NA,1003.2,36,27,NA
2021-01-23 20:00:00,NA,1002.4,36.6,26,NA
2021-01-23 21:00:00,NA,1002.8,35,25,NA
2021-01-23 22:00:00,NA,1003.8,34,31,NA
2021-01-23 23:00:00,NA,1004.5,33,36,NA
2021-01-24 00:00:00,NA,1004.8,32.5,38,NA
2021-01-25 09:00:00,NA,1002.5,23.8,71,NA
2021-01-25 10:00:00,NA,1003.4,22.8,77,NA
2021-01-25 11:00:00,NA,1004.1,24.4,72,NA
2021-01-25 12:00:00,NA,1004.1,26,67,NA
2021-01-25 13:00:00,NA,1004.1,27.6,63,NA
2021-01-25 14:00:00,NA,1003.4,29.8,56,NA
2021-01-25 15:00:00,NA,1002.5,32.2,48,NA
2021-01-25 16:00:00,NA,1000.9,33,46,NA
2021-01-25 17:00:00,NA,999.5,35,39,NA
2021-01-25 18:00:00,NA,998.2,36.8,32,NA
2021-01-25 19:00:00,NA,997.5,37,32,NA
2021-01-25 20:00:00,NA,996.6,36.8,34,NA
2021-01-25 21:00:00,NA,996.8,36.3,31,NA
2021-01-25 22:00:00,NA,997.6,35.6,32,NA
2021-01-25 23:00:00,NA,997.5,34.4,34,NA
2021-01-26 00:00:00,NA,1000.3,31.4,38,NA
2021-01-26 15:00:00,952.8,NA,27.9,53,NA
2021-01-26 16:00:00,951.4,NA,27.9,55,NA
2021-01-26 18:00:00,950.1,NA,30,47,NA
2021-01-26 19:00:00,949.8,NA,30.7,39,NA
2021-01-26 20:00:00,948.9,NA,30.7,39,NA
2021-01-27 09:00:00,NA,1005.5,17.6,94,NA
2021-01-27 10:00:00,NA,1006,18.2,94,NA
2021-01-27 11:00:00,NA,1006.5,19.2,87,NA
2021-01-27 12:00:00,NA,1008.6,22.2,73,NA
2021-01-27 13:00:00,NA,NA,24.8,58,NA
2021-01-27 14:00:00,NA,1008.7,28,48,NA
2021-01-27 15:00:00,NA,1007.4,30.8,38,NA
2021-01-27 16:00:00,NA,1005.3,29.8,41,NA
2021-01-27 17:00:00,NA,1004.2,31.4,37,NA
2021-01-27 18:00:00,NA,1003.2,32,40,NA
2021-01-27 19:00:00,NA,1003.1,32.3,40,NA
2021-01-27 20:00:00,NA,1002.7,33.6,38,NA
2021-01-27 21:00:00,NA,1001.4,33.2,41,NA
2021-01-27 22:00:00,NA,1001,33,41,NA
2021-01-27 23:00:00,NA,999.4,32.2,41,NA
2021-01-28 00:00:00,NA,1001.1,29.4,44,NA
2021-01-29 09:00:00,NA,998.3,21.8,76,NA
2021-01-29 10:00:00,NA,999.1,21,83,NA
2021-01-29 11:00:00,NA,999.3,23.5,72,NA
2021-01-29 12:00:00,NA,1000.6,25.9,63,NA
2021-01-29 13:00:00,NA,1001.6,26,61,NA
2021-01-29 14:00:00,NA,1002.1,28,55,NA
2021-01-29 15:00:00,NA,1000.5,30.5,46,NA
2021-01-29 16:00:00,NA,999.3,32,41,NA
2021-01-29 17:00:00,NA,998.2,32.7,38,NA
2021-01-29 18:00:00,NA,997.4,33.4,35,NA
2021-01-29 19:00:00,NA,997.9,34,34,NA
2021-01-29 20:00:00,NA,997.4,34.6,32,NA
2021-01-29 21:00:00,NA,997.3,34.6,33,NA
2021-01-29 22:00:00,NA,997.8,32.7,38,NA
2021-01-29 23:00:00,NA,998,31.3,43,NA
2021-01-30 00:00:00,NA,998.4,30.8,45,NA
2021-01-31 00:00:00,954.5,NA,NA,NA,NA
2021-01-31 09:00:00,NA,1011.9,17,98,NA
2021-01-31 10:00:00,960.1,1012.2,17,98,NA
2021-01-31 11:00:00,960.6,1012.7,17.2,96,NA
2021-01-31 12:00:00,960.6,1012.8,17.4,94,NA
2021-01-31 13:00:00,960.6,1013.4,17.8,92,NA
2021-01-31 14:00:00,960.5,1013.2,17.8,93,NA
2021-01-31 15:00:00,960,1012.7,18.2,94,NA
2021-01-31 16:00:00,NA,1011.9,19.2,88,NA
2021-01-31 17:00:00,958.6,1011,20.2,81,NA
2021-01-31 18:00:00,957.7,1009.8,20.2,82,NA
2021-01-31 19:00:00,NA,1010,20.3,79,NA
2021-01-31 20:00:00,NA,1009.8,20.4,76,NA
2021-01-31 21:00:00,957.4,1010.1,20.5,76,NA
2021-01-31 22:00:00,957.3,1010,21,74,NA
2021-01-31 23:00:00,958,1010.7,20.6,76,NA
2021-02-01 00:00:00,959.2,1012.1,18.6,92,NA
2021-02-02 00:00:00,958,NA,NA,NA,NA
2021-02-02 09:00:00,959.2,1012,16,99,NA
2021-02-02 10:00:00,959.8,1012.7,15.9,99,NA
2021-02-02 11:00:00,960.5,1013.5,15.8,98,NA
2021-02-02 12:00:00,961,1014.2,15.8,98,NA
2021-02-02 13:00:00,961.4,1015.2,16.2,98,NA
2021-02-02 14:00:00,961.8,1015.6,16.8,86,NA
2021-02-02 15:00:00,961.6,1015.3,17.2,96,NA
2021-02-02 16:00:00,961.3,1014.2,17.6,94,NA
2021-02-02 17:00:00,960.8,1013.6,18.6,89,NA
2021-02-02 18:00:00,NA,1013.4,19.2,81,NA
2021-02-02 19:00:00,960.5,1013.3,19.9,74,NA
2021-02-02 20:00:00,960.5,1013.2,20,75,NA
2021-02-02 21:00:00,960.5,1013.5,20,74,NA
2021-02-02 22:00:00,960.9,1014,19.6,78,NA
2021-02-02 23:00:00,962.1,1015.4,18.4,89,NA
2021-02-03 00:00:00,NA,1016.1,17.6,93,NA
2021-02-04 00:00:00,963.4,NA,NA,NA,NA
2021-02-04 09:00:00,NA,1016,14.6,83,NA
2021-02-04 10:00:00,966,1018.7,15,83,NA
2021-02-04 11:00:00,966.5,1019.2,18,77,NA
2021-02-04 12:00:00,966.6,1019.1,21.6,68,NA
2021-02-04 13:00:00,965.4,1017.7,23.8,61,NA
2021-02-04 14:00:00,965.3,1017.2,26.2,46,NA
2021-02-04 15:00:00,966,1019.1,27.4,41,NA
2021-02-04 16:00:00,NA,1016.2,28.6,37,NA
2021-02-04 17:00:00,964.2,1017,29.8,33,NA
2021-02-04 18:00:00,963.7,1014.4,30.2,35,NA
2021-02-04 19:00:00,963,1015,30.8,34,NA
2021-02-04 20:00:00,962,1013.9,30.8,28,NA
2021-02-04 21:00:00,961.8,1014.1,30.4,30,NA
2021-02-04 22:00:00,960.2,1012.4,30,29,NA
2021-02-04 23:00:00,962.4,1014.6,27.8,37,NA
2021-02-05 00:00:00,NA,1013.6,24.4,52,NA
2021-02-05 09:00:00,NA,1011.3,17.7,67,NA
2021-02-05 10:00:00,NA,1013.8,17.1,72,NA
2021-02-05 11:00:00,NA,1015.1,19,72,NA
2021-02-05 12:00:00,NA,1015.7,22,61,NA
2021-02-05 13:00:00,NA,1015.9,23.6,56,NA
2021-02-05 14:00:00,NA,1014.8,25.6,51,NA
2021-02-05 15:00:00,NA,1013.6,27,45,NA
2021-02-05 16:00:00,NA,1012.3,28,46,NA
2021-02-05 17:00:00,NA,1011.3,29,41,NA
2021-02-05 18:00:00,NA,1009.8,30,35,NA
2021-02-05 19:00:00,NA,1010.3,30.6,33,NA
2021-02-05 20:00:00,NA,1008.3,31.2,29,NA
2021-02-05 21:00:00,NA,1008.4,31.4,28,NA
2021-02-05 22:00:00,NA,1012.5,30.8,31,NA
2021-02-05 23:00:00,NA,1009.6,28.2,37,NA
2021-02-06 00:00:00,958,1009.7,26.9,40,NA
2021-02-06 10:00:00,959.8,NA,NA,NA,NA
2021-02-06 11:00:00,960.2,NA,NA,NA,NA
2021-02-06 12:00:00,960.6,NA,NA,NA,NA
2021-02-06 13:00:00,961,NA,NA,NA,NA
2021-02-06 14:00:00,961,NA,NA,NA,NA
2021-02-06 15:00:00,960.4,NA,NA,NA,NA
2021-02-06 16:00:00,959.6,NA,NA,NA,NA
2021-02-06 17:00:00,958.5,NA,NA,NA,NA
2021-02-06 18:00:00,957.8,NA,NA,NA,NA
2021-02-06 19:00:00,956.9,NA,NA,NA,NA
2021-02-06 20:00:00,956.1,NA,NA,NA,NA
2021-02-06 21:00:00,955.6,NA,NA,NA,NA
2021-02-06 22:00:00,955.3,NA,NA,NA,NA
2021-02-06 23:00:00,955.3,NA,NA,NA,NA
2021-02-08 00:00:00,957,NA,NA,NA,NA
2021-02-08 09:00:00,NA,1010.5,22.4,64,NA
2021-02-08 10:00:00,NA,1010.8,23,63,NA
2021-02-08 11:00:00,NA,1011.8,23.2,60,NA
2021-02-08 12:00:00,NA,1012.2,23.2,59,NA
2021-02-08 13:00:00,NA,1012.8,23.2,59,NA
2021-02-08 14:00:00,NA,1013.8,21,79,NA
2021-02-08 15:00:00,NA,1014.3,21,79,NA
2021-02-08 16:00:00,NA,1014.5,21.6,74,NA
2021-02-08 17:00:00,NA,1015.2,20,87,NA
2021-02-08 18:00:00,NA,1013.6,20.6,84,NA
2021-02-08 19:00:00,NA,1014.6,21.8,75,NA
2021-02-08 20:00:00,NA,1014.4,21.6,73,NA
2021-02-08 21:00:00,NA,1014.4,21,78,NA
2021-02-08 22:00:00,NA,1014.5,21,78,NA
2021-02-09 00:00:00,NA,1015.7,19,81,NA
2021-02-10 09:00:00,NA,1016.4,18.4,88,NA
2021-02-10 10:00:00,NA,1016.8,18.6,90,NA
2021-02-10 11:00:00,NA,1017.1,18.5,90,NA
2021-02-10 12:00:00,NA,1017.7,20.5,78,NA
2021-02-10 13:00:00,NA,1017.3,21.1,78,NA
2021-02-10 14:00:00,NA,1016.9,21.8,73,NA
2021-02-10 15:00:00,NA,1016.3,23.8,59,NA
2021-02-10 16:00:00,NA,1015.4,25.8,56,NA
2021-02-10 17:00:00,NA,1014,25.6,52,NA
2021-02-10 18:00:00,NA,1012.3,25.8,54,NA
2021-02-10 19:00:00,NA,1013.3,20.1,88,NA
2021-02-10 20:00:00,NA,1013.4,22.4,88,NA
2021-02-10 21:00:00,NA,1012.5,23.2,81,NA
2021-02-10 22:00:00,NA,1012.3,23,85,NA
2021-02-10 23:00:00,NA,1012.3,23,83,NA
2021-02-11 00:00:00,960.6,NA,21,75,NA
2021-02-11 10:00:00,959.8,NA,18.2,79,NA
2021-02-11 11:00:00,960,NA,20,73,NA
2021-02-11 12:00:00,961,NA,21.6,67,NA
2021-02-11 13:00:00,960.8,NA,22.6,64,NA
2021-02-11 14:00:00,960.5,NA,23.4,63,NA
2021-02-11 15:00:00,959.3,NA,25,60,NA
2021-02-11 16:00:00,958.8,NA,27,38,NA
2021-02-11 19:00:00,956.9,NA,28.8,44,NA
2021-02-11 20:00:00,956.1,NA,29.2,48,NA
2021-02-11 21:00:00,955.4,NA,29.6,43,NA
2021-02-11 22:00:00,955.3,NA,29.4,38,NA
2021-02-11 23:00:00,954.5,NA,27,48,NA
2021-02-12 09:00:00,NA,1009.9,17.7,84,NA
2021-02-12 10:00:00,NA,1010.8,18,83,NA
2021-02-12 11:00:00,NA,1011.1,15.8,NA,NA
2021-02-12 12:00:00,NA,1010.8,22,64,NA
2021-02-12 13:00:00,NA,1010.8,23.6,62,NA
2021-02-12 14:00:00,NA,1010.5,25.6,57,NA
2021-02-12 15:00:00,NA,1009.7,27.6,52,NA
2021-02-12 16:00:00,NA,1009,29.5,44,NA
2021-02-12 17:00:00,NA,1007.4,29.9,39,NA
2021-02-12 18:00:00,NA,1008.1,20,74,NA
2021-02-12 19:00:00,NA,1009.2,18.7,92,NA
2021-02-12 20:00:00,NA,1008.8,19.4,82,NA
2021-02-12 21:00:00,NA,1007.4,23,77,NA
2021-02-12 22:00:00,NA,1007.3,23,85,NA
2021-02-12 23:00:00,NA,1007.5,23.8,79,NA
2021-02-13 00:00:00,956.4,NA,22.2,81,NA
2021-02-13 10:00:00,958.5,NA,17.8,86,NA
2021-02-13 11:00:00,958.2,NA,18.6,83,NA
2021-02-13 12:00:00,957.4,NA,22.8,61,NA
2021-02-13 13:00:00,957.3,NA,22.6,67,NA
2021-02-13 14:00:00,958.1,NA,24,64,NA
2021-02-13 15:00:00,958,NA,25.8,59,NA
2021-02-13 16:00:00,957.8,NA,26.6,58,NA
2021-02-13 17:00:00,956.6,NA,28.8,46,NA
2021-02-13 18:00:00,955.7,NA,29.8,40,NA
2021-02-13 19:00:00,954.2,NA,30.2,36,NA
2021-02-13 20:00:00,952.4,NA,31,32,NA
2021-02-13 21:00:00,952.8,NA,31.4,31,NA
2021-02-13 22:00:00,952.1,NA,30.4,32,NA
2021-02-13 23:00:00,951.7,NA,28.2,45,NA
2021-02-14 09:00:00,NA,1005.7,18.8,76,NA
2021-02-14 10:00:00,NA,1006.4,18.2,79,NA
2021-02-14 11:00:00,NA,1007.2,21.8,72,NA
2021-02-14 12:00:00,NA,1007.9,24.2,68,NA
2021-02-14 13:00:00,NA,1007.8,26,61,NA
2021-02-14 14:00:00,NA,1006.6,28.6,52,NA
2021-02-14 15:00:00,NA,1006.8,30.8,44,NA
2021-02-14 16:00:00,NA,1004.5,31.8,NA,NA
2021-02-14 17:00:00,NA,1005.7,33.4,31,NA
2021-02-14 18:00:00,NA,1002.1,34,27,NA
2021-02-14 19:00:00,NA,1002.8,34.4,23,NA
2021-02-14 20:00:00,NA,1002.3,35,23,NA
2021-02-14 21:00:00,NA,1001.6,33.8,25,NA
2021-02-14 22:00:00,NA,1002.5,33.2,27,NA
2021-02-14 23:00:00,NA,1003.3,31,38,NA
2021-02-15 00:00:00,953.2,NA,29.6,41,NA
2021-02-15 11:00:00,960.5,NA,18.2,81,NA
2021-02-15 12:00:00,960.2,NA,16.9,85,NA
2021-02-15 13:00:00,962.5,NA,17,89,NA
2021-02-15 14:00:00,962.1,NA,20,80,NA
2021-02-15 15:00:00,962.1,NA,23.2,62,NA
2021-02-15 17:00:00,960.6,NA,25,48,NA
2021-02-15 19:00:00,958,NA,27,44,NA
2021-02-15 20:00:00,957.3,NA,26.8,48,NA
2021-02-15 21:00:00,956,NA,26.8,44,NA
2021-02-15 22:00:00,956,NA,26,47,NA
2021-02-15 23:00:00,957.7,NA,24.6,56,NA
2021-02-16 09:00:00,NA,1013.1,16.4,93,NA
2021-02-16 10:00:00,NA,1013.5,16.7,91,NA
2021-02-16 11:00:00,NA,1013.6,17.8,88,NA
2021-02-16 12:00:00,NA,1013.4,21,78,NA
2021-02-16 13:00:00,NA,1013.4,23.6,61,NA
2021-02-16 14:00:00,NA,1012.5,25.2,57,NA
2021-02-16 15:00:00,NA,1011.9,25.8,56,NA
2021-02-16 16:00:00,NA,1010.6,27.5,51,NA
2021-02-16 17:00:00,NA,1009.4,27.9,50,NA
2021-02-16 18:00:00,NA,1008.5,28.2,49,NA
2021-02-16 19:00:00,NA,1008.5,29.3,43,NA
2021-02-16 20:00:00,NA,1007.2,29.6,43,NA
2021-02-16 21:00:00,NA,1006.6,29.4,42,NA
2021-02-16 22:00:00,NA,1006.8,29.2,39,NA
2021-02-16 23:00:00,954.6,NA,27.2,47,NA
2021-02-17 00:00:00,956.6,NA,25.2,55,NA
2021-02-17 10:00:00,959.2,NA,20.4,78,NA
2021-02-17 11:00:00,959,NA,21.4,76,NA
2021-02-17 12:00:00,959.2,NA,22,71,NA
2021-02-17 13:00:00,959.3,NA,23.4,67,NA
2021-02-17 14:00:00,958.8,NA,25.6,60,NA
2021-02-17 15:00:00,957.3,NA,27.2,56,NA
2021-02-17 16:00:00,957.2,NA,27.8,55,NA
2021-02-17 17:00:00,956.8,NA,29.6,48,NA
2021-02-17 19:00:00,955,NA,30.2,49,NA
2021-02-17 20:00:00,953.8,NA,31.8,39,NA
2021-02-17 21:00:00,953.7,NA,31.8,37,NA
2021-02-17 22:00:00,953.2,NA,30.8,41,NA
2021-02-17 23:00:00,954,NA,29.4,45,NA
2021-02-18 09:00:00,NA,1007.3,22.7,50,NA
2021-02-18 10:00:00,NA,1009.4,22,56,NA
2021-02-18 11:00:00,NA,1008.8,22.8,53,NA
2021-02-18 12:00:00,NA,1009.2,23.7,49,NA
2021-02-18 13:00:00,NA,1009.6,25,50,NA
2021-02-18 14:00:00,NA,1009.3,26.8,49,NA
2021-02-18 15:00:00,NA,1008.1,29.2,46,NA
2021-02-18 16:00:00,NA,1006.5,30.3,40,NA
2021-02-18 17:00:00,NA,1004.7,31.5,32,NA
2021-02-18 18:00:00,NA,NA,32.1,43,NA
2021-02-18 19:00:00,NA,1003.2,33,36,NA
2021-02-18 20:00:00,NA,1003.7,33.4,35,NA
2021-02-18 21:00:00,NA,1002.5,33,33,NA
2021-02-18 22:00:00,NA,1002.7,32,36,NA
2021-02-18 23:00:00,951.8,NA,30.8,39,NA
2021-02-19 00:00:00,951.6,NA,28.5,44,NA
2021-02-19 10:00:00,957.3,NA,22.6,54,NA
2021-02-19 11:00:00,958.6,NA,20.4,75,NA
2021-02-19 12:00:00,960.2,NA,22.4,64,NA
2021-02-19 13:00:00,960.6,NA,23,55,NA
2021-02-19 14:00:00,961.2,NA,24,52,NA
2021-02-19 15:00:00,961.4,NA,24.2,54,NA
2021-02-19 16:00:00,961.2,NA,26.7,45,NA
2021-02-19 17:00:00,960.6,NA,27.3,47,NA
2021-02-19 18:00:00,959.8,NA,28.9,43,NA
2021-02-19 19:00:00,958.8,NA,29.1,41,NA
2021-02-19 20:00:00,958.6,NA,27.8,44,NA
2021-02-19 21:00:00,958.6,NA,28,44,NA
2021-02-19 22:00:00,958.6,NA,26.8,48,NA
2021-02-19 23:00:00,959.6,NA,25.4,51,NA
2021-02-20 09:00:00,NA,1014.9,16.8,78,NA
2021-02-20 11:00:00,NA,1015.2,18,72,NA
2021-02-20 12:00:00,NA,1015.6,20,62,NA
2021-02-20 13:00:00,NA,1016.2,21,63,NA
2021-02-20 14:00:00,NA,1016.5,23,53,NA
2021-02-20 15:00:00,NA,1013.6,25,47,NA
2021-02-20 16:00:00,NA,1012,26.8,46,NA
2021-02-20 17:00:00,NA,1010.6,28.2,46,NA
2021-02-20 18:00:00,NA,1009.3,28.8,47,NA
2021-02-20 19:00:00,NA,1009.8,29.2,48,NA
2021-02-20 20:00:00,NA,1009,27.8,53,NA
2021-02-20 21:00:00,NA,1007.5,27.6,48,NA
2021-02-20 22:00:00,NA,1008.9,26.6,53,NA
2021-02-20 23:00:00,NA,1008.7,24.4,63,NA
2021-02-21 00:00:00,957.8,NA,23,66,NA
2021-02-21 10:00:00,959.6,NA,21.2,77,NA
2021-02-21 11:00:00,959.7,NA,21.6,76,NA
2021-02-21 12:00:00,960.1,NA,22,77,NA
2021-02-21 13:00:00,960.2,NA,23.4,72,NA
2021-02-21 14:00:00,959.8,NA,25.1,65,NA
2021-02-21 15:00:00,959.6,NA,26.1,63,NA
2021-02-21 16:00:00,958.6,NA,27.5,55,NA
2021-02-21 17:00:00,957.6,NA,28.2,53,NA
2021-02-21 18:00:00,956.5,NA,29.2,53,NA
2021-02-21 19:00:00,955.4,NA,29.4,51,NA
2021-02-21 20:00:00,954.8,NA,29.5,48,NA
2021-02-21 21:00:00,954.9,NA,29,48,NA
2021-02-21 22:00:00,954.8,NA,28.4,49,NA
2021-02-21 23:00:00,954.9,NA,27.2,56,NA
2021-02-22 09:00:00,NA,1008.3,20.9,78,NA
2021-02-22 10:00:00,NA,1006.9,20.4,79,NA
2021-02-22 11:00:00,NA,1008.2,21.8,75,NA
2021-02-22 12:00:00,NA,1008.2,24.2,67,NA
2021-02-22 13:00:00,NA,1008.3,26,64,NA
2021-02-22 14:00:00,NA,1007.8,28,58,NA
2021-02-22 15:00:00,NA,1007.5,29.8,52,NA
2021-02-22 16:00:00,NA,1004.2,32.2,44,NA
2021-02-22 17:00:00,NA,1003,33.4,40,NA
2021-02-22 18:00:00,NA,1002.3,34,38,NA
2021-02-22 19:00:00,NA,1002.9,34.5,36,NA
2021-02-22 20:00:00,NA,1003.1,35,35,NA
2021-02-22 21:00:00,NA,1003,35,35,NA
2021-02-22 22:00:00,NA,1003.6,34.4,36,NA
2021-02-22 23:00:00,NA,1004.2,32.8,42,NA
2021-02-23 00:00:00,954,NA,31,44,NA
2021-02-23 10:00:00,958.1,NA,25.8,57,NA
2021-02-23 11:00:00,959.3,NA,25.4,54,NA
2021-02-23 12:00:00,958.6,NA,25.6,54,NA
2021-02-23 13:00:00,960.4,NA,25.6,54,NA
2021-02-23 14:00:00,959.7,NA,25,57,NA
2021-02-23 15:00:00,962,NA,24.4,58,NA
2021-02-23 16:00:00,962.4,NA,24,58,NA
2021-02-23 17:00:00,962.4,NA,24,58,NA
2021-02-23 20:00:00,960.4,NA,24.8,66,NA
2021-02-23 21:00:00,960.5,NA,24.8,64,NA
2021-02-23 22:00:00,960.9,NA,24.4,67,NA
2021-02-23 23:00:00,961.8,NA,24.8,64,NA
2021-02-24 09:00:00,NA,999.5,21.9,65,NA
2021-02-24 10:00:00,NA,1000.2,21.5,67,NA
2021-02-24 11:00:00,NA,1000.6,21.3,72,NA
2021-02-24 12:00:00,NA,NA,21.8,72,NA
2021-02-24 13:00:00,NA,NA,22.4,67,NA
2021-02-24 14:00:00,NA,1015.3,23.2,66,NA
2021-02-24 15:00:00,NA,1013.1,25.4,60,NA
2021-02-24 16:00:00,NA,1011.9,26,56,NA
2021-02-24 17:00:00,NA,1011.2,26.8,55,NA
2021-02-24 18:00:00,NA,1010.4,27.9,52,NA
2021-02-24 19:00:00,NA,1009.9,25.6,83,NA
2021-02-24 20:00:00,NA,1009.3,29.8,49,NA
2021-02-24 21:00:00,NA,1008.8,29.6,48,NA
2021-02-24 22:00:00,NA,1009.3,29,47,NA
2021-02-24 23:00:00,NA,1009.7,28.4,50,NA
2021-02-25 00:00:00,957.8,NA,27.4,52,NA
2021-02-25 10:00:00,960.5,NA,21.5,66,NA
2021-02-25 11:00:00,961,NA,21.4,67,NA
2021-02-25 12:00:00,960,NA,24,59,NA
2021-02-25 13:00:00,961.3,NA,25,60,NA
2021-02-25 14:00:00,961.3,NA,26.8,59,NA
2021-02-25 15:00:00,960.4,NA,29.2,50,NA
2021-02-25 16:00:00,959.4,NA,29.4,50,NA
2021-02-25 17:00:00,958.5,NA,30.9,48,NA
2021-02-25 18:00:00,957.8,NA,31.7,47,NA
2021-02-25 19:00:00,956.4,NA,30.2,49,NA
2021-02-25 20:00:00,955.3,NA,32,44,NA
2021-02-25 21:00:00,954.9,NA,31.4,45,NA
2021-02-25 22:00:00,955,NA,31.4,43,NA
2021-02-25 23:00:00,955.6,NA,30,47,NA
2021-02-26 09:00:00,NA,1007.9,23.2,74,NA
2021-02-26 10:00:00,NA,1008.2,22,85,NA
2021-02-26 11:00:00,NA,1007.5,22.8,75,NA
2021-02-26 12:00:00,NA,1007.7,24,70,NA
2021-02-26 13:00:00,NA,1009.5,26,67,NA
2021-02-26 14:00:00,NA,1008.8,27.6,60,NA
2021-02-26 15:00:00,NA,1007.6,29,55,NA
2021-02-26 16:00:00,NA,1007.1,30.2,50,NA
2021-02-26 17:00:00,NA,1006.8,30.8,47,NA
2021-02-26 18:00:00,NA,1005.1,33,40,NA
2021-02-26 19:00:00,NA,1004.3,34,40,NA
2021-02-26 20:00:00,NA,1002.4,33.4,45,NA
2021-02-26 21:00:00,NA,1002.9,33,50,NA
2021-02-26 22:00:00,NA,1003.3,33,38,NA
2021-02-27 00:00:00,NA,1006.3,30.2,51,NA
2021-02-26 23:00:00,954.4,NA,32,39,NA
2021-02-27 10:00:00,960.6,NA,24.4,65,NA
2021-02-27 11:00:00,961.7,NA,22.3,64,NA
2021-02-27 12:00:00,961,NA,22.3,64,NA
2021-02-27 14:00:00,962,NA,25.3,48,NA
2021-02-27 15:00:00,961.7,NA,27.6,48,NA
2021-02-27 17:00:00,960.4,NA,30.5,60,NA
2021-02-27 19:00:00,959.2,NA,29,70,NA
2021-02-27 20:00:00,957.8,NA,29,52,NA
2021-02-27 21:00:00,957.4,NA,29,52,NA
2021-02-27 22:00:00,958,NA,29.2,42,NA
2021-02-27 23:00:00,957.8,NA,28.4,41,NA
2021-02-28 09:00:00,NA,1010.2,24.1,84,NA
2021-02-28 10:00:00,NA,1010.4,24.5,82,NA
2021-02-28 11:00:00,NA,1011.2,21.2,91,NA
2021-02-28 12:00:00,NA,1011.5,21.5,88,NA
2021-02-28 13:00:00,NA,1011.6,22.4,84,NA
2021-02-28 14:00:00,NA,1010.8,24.8,70,NA
2021-02-28 15:00:00,NA,1010.6,26.1,67,NA
2021-02-28 16:00:00,NA,1009.6,27.6,59,NA
2021-02-28 17:00:00,NA,1008.6,28.7,58,NA
2021-02-28 18:00:00,NA,1007.5,29.5,56,NA
2021-02-28 19:00:00,NA,1006.4,31.6,49,NA
2021-02-28 20:00:00,NA,1005.1,32.1,48,NA
2021-02-28 21:00:00,NA,1004.4,32.6,45,NA
2021-02-28 22:00:00,NA,1004,31.9,45,NA
2021-02-28 23:00:00,NA,1004.6,30.5,52,NA
2021-03-01 00:00:00,NA,1005.9,29,57,NA
2021-03-02 09:00:00,NA,1011,21.5,80,NA
2021-03-02 10:00:00,NA,1010.9,21.4,83,NA
2021-03-02 11:00:00,NA,1010.7,21.7,80,NA
2021-03-02 12:00:00,NA,1011.8,22.6,80,NA
2021-03-02 13:00:00,NA,1011.9,23,79,NA
2021-03-02 14:00:00,NA,1012.3,23,82,NA
2021-03-02 15:00:00,NA,1012,21.2,93,NA
2021-03-02 16:00:00,NA,1012.6,22,93,NA
2021-03-02 17:00:00,NA,1011.6,24.4,76,NA
2021-03-02 18:00:00,959,1010.4,26.8,66,NA
2021-03-02 19:00:00,958.5,1010,24.8,82,NA
2021-03-02 20:00:00,957.7,1009.3,27,62,NA
2021-03-02 21:00:00,958,1009.6,26.9,58,NA
2021-03-02 22:00:00,958.4,1010.2,26,62,NA
2021-03-02 23:00:00,959.8,1012.4,18.4,94,NA
2021-03-03 00:00:00,NA,1012.7,18.5,95,NA
2021-03-04 00:00:00,958.6,NA,NA,NA,NA
2021-03-04 09:00:00,959.8,1011.7,18.8,95,NA
2021-03-04 10:00:00,959.3,1011.6,18.4,94,NA
2021-03-04 11:00:00,960.4,1012.4,21,81,NA
2021-03-04 12:00:00,960.5,1012.5,23.4,77,NA
2021-03-04 13:00:00,960.1,1011.8,25.4,68,NA
2021-03-04 14:00:00,961,1012.4,26.6,62,NA
2021-03-04 15:00:00,960.9,1012.1,28.2,57,NA
2021-03-04 16:00:00,959.3,1010.1,29.4,51,NA
2021-03-04 17:00:00,958.9,1011,29.8,51,NA
2021-03-04 18:00:00,959.6,1011.7,31,49,NA
2021-03-04 19:00:00,NA,1009.9,31.8,47,NA
2021-03-04 20:00:00,957.7,1008.9,32.6,44,NA
2021-03-04 21:00:00,956.7,1007.6,32,42,NA
2021-03-04 22:00:00,957.4,1009,30.6,50,NA
2021-03-04 23:00:00,957.8,1009.5,28.4,63,NA
2021-03-05 00:00:00,NA,1010.5,25.6,67,NA
2021-03-05 20:00:00,957,NA,NA,NA,NA
2021-03-06 00:00:00,956.5,NA,NA,NA,NA
2021-03-06 09:00:00,NA,1009.8,19.7,76,NA
2021-03-06 10:00:00,958.6,1010.1,20.1,75,NA
2021-03-06 11:00:00,958.9,1010.7,20.6,74,NA
2021-03-06 12:00:00,959,1010.7,23.8,63,NA
2021-03-06 13:00:00,958.9,1010.4,25.3,58,NA
2021-03-06 14:00:00,958.9,1010.2,27.1,55,NA
2021-03-06 15:00:00,958.4,1009.3,28.6,51,NA
2021-03-06 16:00:00,958,1008.6,29.6,49,NA
2021-03-06 17:00:00,957.2,1007.6,31.5,41,NA
2021-03-06 18:00:00,956.5,1006.6,32.1,41,NA
2021-03-06 19:00:00,955.4,1006.4,32.9,38,NA
2021-03-06 20:00:00,954.9,1005.8,33.1,36,NA
2021-03-06 21:00:00,954.9,1006.2,31.9,39,NA
2021-03-06 22:00:00,955.2,1006.6,30.6,41,NA
2021-03-06 23:00:00,955.7,1007.2,29.6,42,NA
2021-03-07 00:00:00,NA,1008.1,26.2,55,NA
2021-03-08 00:00:00,955.3,NA,NA,NA,NA
2021-03-08 09:00:00,NA,1012.8,20,74,NA
2021-03-08 10:00:00,NA,1013.1,20.5,71,NA
2021-03-08 11:00:00,962,1013.7,22.3,66,NA
2021-03-08 12:00:00,962.9,1014.4,25.6,53,NA
2021-03-08 13:00:00,963.3,1014.8,27,47,NA
2021-03-08 14:00:00,962.2,1013.4,27.6,48,NA
2021-03-08 15:00:00,963.8,1014.9,28.6,43,NA
2021-03-08 16:00:00,963.7,1014.6,30.4,40,NA
2021-03-08 17:00:00,962.9,1013.5,31.5,37,NA
2021-03-08 18:00:00,962,1012.4,31.6,38,NA
2021-03-08 19:00:00,NA,1012.5,30.9,41,NA
2021-03-08 20:00:00,958.9,1010.1,29.8,41,NA
2021-03-08 21:00:00,959,1010.7,29.8,40,NA
2021-03-08 22:00:00,958.8,1010.5,29.4,44,NA
2021-03-08 23:00:00,959,1010.6,28.4,46,NA
2021-03-09 00:00:00,NA,1012.5,27.2,53,NA
2021-03-09 23:00:00,957.2,NA,NA,NA,NA
2021-03-10 00:00:00,957.7,NA,NA,NA,NA
2021-03-10 09:00:00,956.9,1008.3,21.4,76,NA
2021-03-10 10:00:00,955.8,1007.3,20.8,74,NA
2021-03-10 11:00:00,956.1,1007.6,21.2,64,NA
2021-03-10 12:00:00,957.6,1009.2,22.6,58,NA
2021-03-10 13:00:00,957.3,1009,24.8,54,NA
2021-03-10 14:00:00,957,1008.3,26.6,48,NA
2021-03-10 15:00:00,956.5,1008.4,28.4,45,NA
2021-03-10 16:00:00,955.3,1005.8,29.6,42,NA
2021-03-10 17:00:00,NA,1005.5,31,38,NA
2021-03-10 18:00:00,NA,1002.3,32.4,34,NA
2021-03-10 19:00:00,951.6,1003.2,32.6,35,NA
2021-03-10 20:00:00,951,1002.2,33.4,34,NA
2021-03-10 21:00:00,951,1002,32,37,NA
2021-03-10 22:00:00,950.8,1001.7,31.2,37,NA
2021-03-10 23:00:00,951.3,1002.5,30,39,NA
2021-03-11 00:00:00,NA,1003.3,28.4,45,NA
2021-03-12 00:00:00,956.1,NA,NA,NA,NA
2021-03-12 09:00:00,NA,1012.8,19.7,92,NA
2021-03-12 10:00:00,NA,1013.2,19.8,91,NA
2021-03-12 11:00:00,961.8,1013.9,19.4,90,NA
2021-03-12 12:00:00,962.5,1014.6,19.5,91,NA
2021-03-12 13:00:00,962.9,1015.5,19,91,NA
2021-03-12 14:00:00,963.6,1016.3,19.4,91,NA
2021-03-12 15:00:00,963.8,1016.4,18.9,92,NA
2021-03-12 16:00:00,963.6,1016.3,18.9,93,NA
2021-03-12 17:00:00,963.2,1015.9,19,92,NA
2021-03-12 18:00:00,962.6,1015.2,19.4,91,NA
2021-03-12 19:00:00,961.4,1013.9,20,89,NA
2021-03-12 20:00:00,961,1013.4,20.3,86,NA
2021-03-12 21:00:00,960.2,1012.8,20.6,86,NA
2021-03-12 22:00:00,959.8,1012.4,21.4,78,NA
2021-03-12 23:00:00,960.3,1013,20.2,87,NA
2021-03-13 00:00:00,NA,1013.8,20.2,91,NA
2021-03-14 09:00:00,NA,1013.5,21.7,71,NA
2021-03-14 10:00:00,NA,1013.7,21.8,71,NA
2021-03-14 11:00:00,NA,1014.6,21.6,73,NA
2021-03-14 12:00:00,NA,1015,22,72,NA
2021-03-14 13:00:00,NA,1015,22,72,NA
2021-03-14 14:00:00,NA,1015.7,22.4,69,NA
2021-03-14 15:00:00,NA,1015.3,22.8,64,NA
2021-03-14 16:00:00,NA,1014.4,24.6,61,NA
2021-03-14 17:00:00,NA,1013.1,26.3,55,NA
2021-03-14 18:00:00,NA,1012.1,26.8,54,NA
2021-03-14 19:00:00,NA,1011.6,28,48,NA
2021-03-14 20:00:00,NA,1010.4,27.4,51,NA
2021-03-14 21:00:00,NA,1010.4,26.8,53,NA
2021-03-14 22:00:00,NA,1010.8,26.2,56,NA
2021-03-14 23:00:00,NA,1011.3,25.2,61,NA
2021-03-15 00:00:00,NA,1012.2,25.2,61,NA
2021-03-15 12:00:00,959.8,NA,20.2,92,NA
2021-03-15 13:00:00,959.8,NA,20,91,NA
2021-03-15 14:00:00,959.8,NA,20.3,88,NA
2021-03-15 15:00:00,959.3,NA,20.9,90,NA
2021-03-15 16:00:00,958.6,NA,20.8,88,NA
2021-03-15 17:00:00,957.3,NA,22.3,80,NA
2021-03-15 18:00:00,956.8,NA,22,80,NA
2021-03-16 09:00:00,NA,1006.9,17,98,NA
2021-03-16 10:00:00,NA,1006.9,17.2,94,NA
2021-03-16 11:00:00,NA,1008.1,17,94,NA
2021-03-16 12:00:00,NA,1008.4,18,92,NA
2021-03-16 13:00:00,NA,1009.3,21,79,NA
2021-03-16 14:00:00,NA,1009,23.2,69,NA
2021-03-16 15:00:00,NA,1008.5,24.6,66,NA
2021-03-16 16:00:00,NA,1007.9,25.6,57,NA
2021-03-16 17:00:00,NA,1006.9,27.6,49,NA
2021-03-16 18:00:00,NA,1005.7,28.4,38,NA
2021-03-16 19:00:00,NA,1005.7,28.4,48,NA
2021-03-16 20:00:00,NA,1005.9,28.2,45,NA
2021-03-16 21:00:00,NA,1006.5,28,45,NA
2021-03-16 22:00:00,NA,1007.3,26.8,40,NA
2021-03-16 23:00:00,955,NA,24.6,48,NA
2021-03-17 00:00:00,957.2,NA,22.2,59,NA
2021-03-17 10:00:00,961.6,NA,20.7,75,NA
2021-03-17 11:00:00,962.8,NA,18.2,65,NA
2021-03-17 12:00:00,962.8,NA,21,50,NA
2021-03-18 09:00:00,NA,1018.2,15,81,NA
2021-03-18 10:00:00,NA,1018.5,15.1,80,NA
2021-03-18 11:00:00,NA,1018.6,13.9,91,NA
2021-03-18 12:00:00,NA,1018.8,14.3,87,NA
2021-03-18 13:00:00,NA,1018.9,14.5,87,NA
2021-03-18 14:00:00,NA,1018.5,14.9,83,NA
2021-03-18 15:00:00,NA,1017.9,15.2,82,NA
2021-03-18 16:00:00,NA,1017,15.8,80,NA
2021-03-18 17:00:00,NA,1015.6,16.1,79,NA
2021-03-18 18:00:00,NA,1014.1,16.6,76,NA
2021-03-18 19:00:00,NA,1013.1,16.8,77,NA
2021-03-18 20:00:00,NA,1013.1,17,76,NA
2021-03-18 21:00:00,NA,1013.1,17.4,76,NA
2021-03-18 22:00:00,NA,1013.1,17.4,77,NA
2021-03-19 00:00:00,NA,1014.6,17,70,NA
2021-03-18 23:00:00,960.5,NA,17,80,NA
2021-03-19 09:00:00,958.4,NA,14.2,93,NA
2021-03-19 10:00:00,958.4,NA,14.4,91,NA
2021-03-19 11:00:00,960.2,NA,14.6,89,NA
2021-03-19 12:00:00,960.4,NA,15,87,NA
2021-03-19 13:00:00,960.5,NA,15.4,87,NA
2021-03-19 14:00:00,960.2,NA,16,83,NA
2021-03-19 15:00:00,958.4,NA,16.4,84,NA
2021-03-19 16:00:00,959.2,NA,16.8,82,NA
2021-03-19 17:00:00,958,NA,17.2,80,NA
2021-03-19 18:00:00,955.7,NA,17.6,77,NA
2021-03-19 19:00:00,956.2,NA,18,75,NA
2021-03-19 20:00:00,955.7,NA,18,75,NA
2021-03-19 21:00:00,956.1,NA,17.4,80,NA
2021-03-19 22:00:00,956.2,NA,17.2,80,NA
2021-03-19 23:00:00,956.8,NA,17,82,NA
2021-03-20 09:00:00,NA,1011.9,16.8,99,NA
2021-03-20 10:00:00,NA,1012.5,16.8,98,NA
2021-03-20 11:00:00,NA,1013.6,16.5,99,NA
2021-03-20 12:00:00,NA,1014.1,17.2,97,NA
2021-03-20 13:00:00,NA,1015.8,18,92,NA
2021-03-20 14:00:00,NA,1015.4,20.5,76,NA
2021-03-20 15:00:00,NA,1014.8,22,69,NA
2021-03-20 16:00:00,NA,1014.1,24.3,65,NA
2021-03-20 17:00:00,NA,1013.6,24.5,60,NA
2021-03-20 18:00:00,NA,1013.3,24.8,54,NA
2021-03-20 19:00:00,NA,1013.6,25.2,46,NA
2021-03-20 20:00:00,NA,1013.6,25.7,39,NA
2021-03-20 21:00:00,NA,1014.6,25.1,36,NA
2021-03-20 22:00:00,NA,1015.5,23.8,43,NA
2021-03-20 23:00:00,NA,1016.7,21.2,54,NA
2021-03-21 00:00:00,965,NA,18.3,69,NA
2021-03-21 10:00:00,967.6,NA,14.7,80,NA
2021-03-21 11:00:00,968,NA,13.5,90,NA
2021-03-21 12:00:00,969,NA,16.7,68,NA
2021-03-21 13:00:00,969.2,NA,19.8,54,NA
2021-03-21 14:00:00,969,NA,21.2,45,NA
2021-03-21 15:00:00,968.6,NA,22.9,42,NA
2021-03-21 16:00:00,967.7,NA,23.5,41,NA
2021-03-21 17:00:00,966.6,NA,25.5,36,NA
2021-03-21 18:00:00,965.3,NA,25.8,34,NA
2021-03-21 19:00:00,964.4,NA,25.9,32,NA
2021-03-21 20:00:00,964,NA,25.9,35,NA
2021-03-21 21:00:00,963.8,NA,24.8,35,NA
2021-03-21 22:00:00,964,NA,23.3,44,NA
2021-03-21 23:00:00,964.2,NA,20.6,51,NA
2021-03-22 09:00:00,NA,1016,17.2,73,NA
2021-03-22 10:00:00,NA,1017.2,16.8,65,NA
2021-03-22 11:00:00,NA,1018.9,16,68,NA
2021-03-22 12:00:00,NA,1017.4,18,61,NA
2021-03-22 13:00:00,NA,1017.5,19.6,60,NA
2021-03-22 14:00:00,NA,1018.8,20.2,61,NA
2021-03-22 15:00:00,NA,1018.8,21.4,59,NA
2021-03-22 16:00:00,NA,1018.5,21.8,58,NA
2021-03-22 17:00:00,NA,1017.7,22.8,54,NA
2021-03-22 18:00:00,NA,1017,23,53,NA
2021-03-22 19:00:00,NA,1016.2,24.6,49,NA
2021-03-22 20:00:00,NA,1015.7,25,47,NA
2021-03-22 21:00:00,NA,1015.6,25,47,NA
2021-03-22 22:00:00,NA,1016,23.6,55,NA
2021-03-22 23:00:00,963.8,NA,21,70,NA
2021-03-23 10:00:00,962.9,NA,13.5,95,NA
2021-03-23 11:00:00,963.6,NA,14,94,NA
2021-03-23 12:00:00,963.8,NA,16,90,NA
2021-03-23 14:00:00,962.5,NA,22.9,60,NA
2021-03-23 15:00:00,962,NA,23.4,57,NA
2021-03-23 16:00:00,959.8,NA,26,49,NA
2021-03-23 18:00:00,958.1,NA,28,40,NA
2021-03-23 19:00:00,957.8,NA,28.4,39,NA
2021-03-23 20:00:00,957.2,NA,26.5,43,NA
2021-03-23 21:00:00,956.8,NA,26,45,NA
2021-03-23 23:00:00,956.9,NA,23.3,52,NA
2021-03-24 09:00:00,NA,1011.3,17.3,91,NA
2021-03-24 10:00:00,NA,1011.7,17.1,91,NA
2021-03-24 11:00:00,NA,1012.2,17.6,89,NA
2021-03-24 12:00:00,NA,1012.2,20.4,80,NA
2021-03-24 13:00:00,NA,1012,21.8,72,NA
2021-03-24 14:00:00,NA,1011.7,23.5,69,NA
2021-03-24 15:00:00,NA,1010.8,25.2,62,NA
2021-03-24 16:00:00,NA,1009.8,26.6,55,NA
2021-03-24 17:00:00,NA,1008.4,28.8,49,NA
2021-03-24 18:00:00,NA,1006.9,29,44,NA
2021-03-24 19:00:00,NA,1007.1,29.8,45,NA
2021-03-24 20:00:00,NA,1006.4,28.8,44,NA
2021-03-24 21:00:00,NA,1006.7,28.2,50,NA
2021-03-24 22:00:00,NA,1007.2,27,53,NA
2021-03-24 23:00:00,NA,1008.3,25.1,64,NA
2021-03-25 00:00:00,956.6,NA,24.2,68,NA
2021-03-25 10:00:00,956.2,NA,18.8,96,NA
2021-03-25 11:00:00,956.1,NA,18.4,96,NA
2021-03-25 12:00:00,956.5,NA,21.1,91,NA
2021-03-25 13:00:00,956.5,NA,24.2,77,NA
2021-03-25 14:00:00,956.4,NA,26.3,67,NA
2021-03-25 15:00:00,956.2,NA,27.9,57,NA
2021-03-25 16:00:00,955.7,NA,28.5,56,NA
2021-03-25 17:00:00,955,NA,29.4,50,NA
2021-03-25 18:00:00,954,NA,30.2,43,NA
2021-03-25 19:00:00,953.6,NA,30.4,37,NA
2021-03-25 20:00:00,953,NA,31.1,39,NA
2021-03-25 21:00:00,952.9,NA,30.1,45,NA
2021-03-25 22:00:00,953.6,NA,28.9,43,NA
2021-03-25 23:00:00,954.5,NA,26.8,57,NA
2021-03-26 09:00:00,NA,1011.9,15.6,98,NA
2021-03-26 10:00:00,NA,1011.5,15.8,96,NA
2021-03-26 11:00:00,NA,1012.8,15.6,94,NA
2021-03-26 12:00:00,NA,1016.6,15.6,96,NA
2021-03-26 13:00:00,NA,1016.9,15.9,95,NA
2021-03-26 14:00:00,NA,1017.3,16.8,92,NA
2021-03-26 15:00:00,NA,1017.1,18.8,78,NA
2021-03-26 16:00:00,NA,1016,20.2,70,NA
2021-03-26 17:00:00,NA,1015,21.4,62,NA
2021-03-26 18:00:00,NA,1014.3,21.4,59,NA
2021-03-26 19:00:00,NA,1014.5,20.4,55,NA
2021-03-26 20:00:00,NA,1014.5,19.8,55,NA
2021-03-26 21:00:00,NA,1015.4,19.8,54,NA
2021-03-26 22:00:00,NA,1015.8,19.7,54,NA
2021-03-26 23:00:00,963.6,NA,18.8,65,NA
2021-03-27 00:00:00,963.6,NA,17,80,NA
2021-03-27 10:00:00,964.4,NA,10.9,89,NA
2021-03-27 11:00:00,965.6,NA,10.3,96,NA
2021-03-27 12:00:00,965.7,NA,14.8,73,NA
2021-03-27 14:00:00,966.8,NA,21.8,33,NA
2021-03-27 15:00:00,967,NA,22.4,31,NA
2021-03-27 17:00:00,964.1,NA,24,28,NA
2021-03-27 19:00:00,962.6,NA,25,27,NA
2021-03-27 20:00:00,962.4,NA,25.2,26,NA
2021-03-27 21:00:00,962.4,NA,24.2,29,NA
2021-03-27 23:00:00,962.6,NA,18,50,NA
2021-03-28 09:00:00,NA,1016.7,11.5,66,NA
2021-03-28 10:00:00,NA,1017.3,11.2,69,NA
2021-03-28 11:00:00,NA,1017.7,12,63,NA
2021-03-28 12:00:00,NA,1017.7,17.2,49,NA
2021-03-28 13:00:00,NA,1017.7,19.8,43,NA
2021-03-28 14:00:00,NA,1017.2,21.9,40,NA
2021-03-28 15:00:00,NA,1016.4,23.4,37,NA
2021-03-28 16:00:00,NA,1015.3,23.8,30,NA
2021-03-28 17:00:00,NA,1014.1,26,28,NA
2021-03-28 18:00:00,NA,1013.1,26,32,NA
2021-03-28 19:00:00,NA,1012.9,27.5,24,NA
2021-03-28 20:00:00,NA,1012.1,27.1,24,NA
2021-03-28 21:00:00,NA,1013.5,26.6,26,NA
2021-03-28 22:00:00,NA,1012.8,25.4,30,NA
2021-03-28 23:00:00,960.8,NA,19.4,43,NA
2021-03-29 09:00:00,963.3,NA,13,73,NA
2021-03-29 10:00:00,963.6,NA,12.8,75,NA
2021-03-29 11:00:00,963.8,NA,12.4,77,NA
2021-03-29 12:00:00,964.6,NA,17,67,NA
2021-03-29 13:00:00,964.9,NA,19.4,56,NA
2021-03-29 14:00:00,965.3,NA,20.8,53,NA
2021-03-29 15:00:00,965,NA,23.2,46,NA
2021-03-29 16:00:00,964.2,NA,24.6,39,NA
2021-03-29 17:00:00,963.6,NA,26.6,33,NA
2021-03-29 18:00:00,962.8,NA,27.2,28,NA
2021-03-29 19:00:00,962.1,NA,27.4,26,NA
2021-03-29 20:00:00,961.3,NA,27.6,25,NA
2021-03-29 21:00:00,961,NA,27.2,28,NA
2021-03-29 22:00:00,960.9,NA,25.6,32,NA
2021-03-29 23:00:00,961.7,NA,22,46,NA
2021-03-30 09:00:00,NA,1014.6,15.4,78,NA
2021-03-30 10:00:00,NA,1015.4,14.3,88,NA
2021-03-30 11:00:00,NA,1017,14.2,87,NA
2021-03-30 12:00:00,NA,1015.6,17.5,70,NA
2021-03-30 13:00:00,NA,1015.7,19.4,63,NA
2021-03-30 14:00:00,NA,1016.7,21,58,NA
2021-03-30 15:00:00,NA,1016.1,22.2,54,NA
2021-03-30 16:00:00,NA,1014.4,24.7,44,NA
2021-03-30 17:00:00,NA,1012.3,25.7,39,NA
2021-03-30 18:00:00,NA,1011,27,33,NA
2021-03-30 19:00:00,NA,1011.3,27.5,31,NA
2021-03-30 20:00:00,NA,1010.9,27.5,31,NA
2021-03-30 21:00:00,NA,1010.6,27,33,NA
2021-03-30 22:00:00,NA,1011.6,24.2,41,NA
2021-03-30 23:00:00,NA,1012.5,22.5,47,NA
2021-03-31 00:00:00,960,NA,22,48,NA
2021-03-31 10:00:00,961.2,NA,15.5,80,NA
2021-03-31 11:00:00,961.4,NA,16.1,76,NA
2021-03-31 17:00:00,959.8,NA,25.2,45,NA
2021-03-31 18:00:00,958.8,NA,24.8,47,NA
2021-03-31 19:00:00,958,NA,25.9,44,NA
2021-03-31 20:00:00,957.3,NA,25.2,47,NA
2021-03-31 21:00:00,957.6,NA,25.8,40,NA
2021-03-31 22:00:00,958.2,NA,24.1,47,NA
2021-03-31 23:00:00,958.8,NA,23.2,43,NA
2021-04-01 09:00:00,NA,1012.4,18.8,74,NA
2021-04-01 10:00:00,NA,1012.3,18.6,69,NA
2021-04-01 11:00:00,NA,1013.2,18.4,71,NA
2021-04-01 12:00:00,NA,1013.4,18.8,69,NA
2021-04-01 13:00:00,NA,1013.9,19,69,NA
2021-04-01 14:00:00,NA,1014,20,67,NA
2021-04-01 15:00:00,NA,1013.7,21.6,61,NA
2021-04-01 16:00:00,NA,1012.8,22.4,58,NA
2021-04-01 17:00:00,NA,1011.6,23.4,55,NA
2021-04-01 18:00:00,NA,1010.4,24,53,NA
2021-04-01 19:00:00,NA,1010.4,23.8,50,NA
2021-04-01 20:00:00,NA,1010.2,23.6,51,NA
2021-04-01 21:00:00,NA,1010.9,23.2,55,NA
2021-04-01 22:00:00,NA,1011.4,22.8,56,NA
2021-04-01 23:00:00,959.4,NA,22.2,57,NA
2021-04-02 00:00:00,960,NA,22,59,NA
2021-04-02 10:00:00,961.3,NA,18,71,NA
2021-04-02 11:00:00,961.6,NA,17,74,NA
2021-04-02 12:00:00,961.2,NA,19,65,NA
2021-04-02 14:00:00,961.8,NA,22,59,NA
2021-04-02 15:00:00,961.8,NA,23,53,NA
2021-04-02 18:00:00,959.4,NA,26.5,41,NA
2021-04-02 20:00:00,956.9,NA,26.2,42,NA
2021-04-02 21:00:00,956.6,NA,26,43,NA
2021-04-02 23:00:00,959.4,NA,24.5,53,NA
2021-04-03 09:00:00,NA,1013.6,18.7,66,NA
2021-04-03 10:00:00,NA,1014.1,18.9,64,NA
2021-04-03 11:00:00,NA,1014.7,18.8,63,NA
2021-04-03 12:00:00,NA,1015,19.7,61,NA
2021-04-03 13:00:00,NA,1015.4,21.2,57,NA
2021-04-03 14:00:00,NA,1015.1,22.9,51,NA
2021-04-03 15:00:00,NA,1014.7,24.1,48,NA
2021-04-03 16:00:00,NA,1013.8,24.9,47,NA
2021-04-03 17:00:00,NA,1012.2,26.8,43,NA
2021-04-03 18:00:00,NA,1010.9,27.6,41,NA
2021-04-03 19:00:00,NA,1010.6,28.2,39,NA
2021-04-03 20:00:00,NA,1010.5,27.4,42,NA
2021-04-03 21:00:00,NA,1011.4,26.2,44,NA
2021-04-03 22:00:00,NA,1012,24.8,48,NA
2021-04-03 23:00:00,960.4,NA,22.9,55,NA
2021-04-04 00:00:00,961,NA,22.1,60,NA
2021-04-04 09:00:00,960.5,NA,19,76,NA
2021-04-04 10:00:00,960.8,NA,18.4,72,NA
2021-04-04 11:00:00,961,NA,18,75,NA
2021-04-04 12:00:00,961.2,NA,20.4,66,NA
2021-04-04 13:00:00,961.2,NA,22,62,NA
2021-04-04 14:00:00,960.9,NA,23,60,NA
2021-04-04 15:00:00,959.8,NA,25.6,54,NA
2021-04-04 16:00:00,958.9,NA,27,49,NA
2021-04-04 17:00:00,957.8,NA,28,44,NA
2021-04-04 18:00:00,956.6,NA,28.4,42,NA
2021-04-04 19:00:00,955.7,NA,28.6,41,NA
2021-04-04 20:00:00,955.3,NA,29.6,38,NA
2021-04-04 21:00:00,954.8,NA,29,39,NA
2021-04-04 22:00:00,955.3,NA,28,41,NA
2021-04-04 23:00:00,956.1,NA,27,43,NA
2021-04-05 09:00:00,NA,1008.7,21.6,62,NA
2021-04-05 10:00:00,NA,1008.5,21,66,NA
2021-04-05 11:00:00,NA,1008.9,20.3,71,NA
2021-04-05 12:00:00,NA,1009.9,22.5,64,NA
2021-04-05 13:00:00,NA,1009.3,24.2,61,NA
2021-04-05 14:00:00,NA,1007.9,26.8,52,NA
2021-04-05 15:00:00,NA,1007,27.5,48,NA
2021-04-05 16:00:00,NA,1006.4,28.7,47,NA
2021-04-05 17:00:00,NA,1004.8,30,44,NA
2021-04-05 18:00:00,NA,1003.9,30.5,42,NA
2021-04-05 19:00:00,NA,1004.3,31,40,NA
2021-04-05 20:00:00,NA,1004.5,30.5,41,NA
2021-04-05 21:00:00,NA,1004.7,30,43,NA
2021-04-05 22:00:00,NA,1007.5,26.2,63,NA
2021-04-05 23:00:00,NA,1008.2,24.8,68,NA
2021-04-06 00:00:00,957.4,NA,22.4,78,NA
2021-04-06 10:00:00,960.4,NA,18.5,90,NA
2021-04-06 11:00:00,960.8,NA,18.2,92,NA
2021-04-06 12:00:00,961.4,NA,18.3,90,NA
2021-04-06 13:00:00,961.7,NA,18.5,88,NA
2021-04-06 14:00:00,961.8,NA,19,86,NA
2021-04-06 15:00:00,961,NA,19.9,82,NA
2021-04-06 16:00:00,960.5,NA,20.6,79,NA
2021-04-06 17:00:00,959,NA,23.5,69,NA
2021-04-06 18:00:00,958,NA,26.2,56,NA
2021-04-06 19:00:00,956.9,NA,26.8,63,NA
2021-04-06 20:00:00,956.6,NA,25.8,64,NA
2021-04-06 21:00:00,956.2,NA,26.6,59,NA
2021-04-06 22:00:00,956.5,NA,24.4,70,NA
2021-04-06 23:00:00,957,NA,23.9,70,NA
2021-04-07 09:00:00,NA,1009.3,19.8,93,NA
2021-04-07 10:00:00,NA,1009.6,20,93,NA
2021-04-07 11:00:00,NA,1009.8,20,95,NA
2021-04-07 12:00:00,NA,1010.1,20.2,93,NA
2021-04-07 13:00:00,NA,1010.6,20.8,90,NA
2021-04-07 14:00:00,NA,1010.5,21.8,84,NA
2021-04-07 15:00:00,NA,1009.6,22.2,85,NA
2021-04-07 16:00:00,NA,1009,22.8,82,NA
2021-04-07 17:00:00,NA,1007.8,24,76,NA
2021-04-07 18:00:00,NA,1006.6,24,76,NA
2021-04-07 19:00:00,NA,1006.3,24,76,NA
2021-04-07 20:00:00,NA,1006.1,23.4,80,NA
2021-04-07 21:00:00,NA,1006.4,23.6,80,NA
2021-04-07 22:00:00,NA,1006.1,23.6,80,NA
2021-04-07 23:00:00,NA,1006.6,23.8,77,NA
2021-04-08 00:00:00,NA,1007.4,23.8,77,NA
2021-04-08 15:00:00,955.8,NA,24.5,74,NA
2021-04-08 17:00:00,953,NA,26.3,69,NA
2021-04-08 19:00:00,951.6,NA,29,59,NA
2021-04-08 20:00:00,951.3,NA,29,58,NA
2021-04-08 21:00:00,951.6,NA,28.8,58,NA
2021-04-08 23:00:00,952.9,NA,26,69,NA
2021-04-09 09:00:00,NA,1007.4,22.1,69,NA
2021-04-09 10:00:00,NA,1007.8,22.4,69,NA
2021-04-09 11:00:00,NA,1008.2,22.5,69,NA
2021-04-09 12:00:00,NA,1009,22,72,NA
2021-04-09 13:00:00,NA,1009.8,23.5,67,NA
2021-04-09 14:00:00,NA,1009.8,24.5,64,NA
2021-04-09 15:00:00,NA,1008.2,25.2,62,NA
2021-04-09 16:00:00,NA,1008.9,26.6,57,NA
2021-04-09 17:00:00,NA,1007.8,27,53,NA
2021-04-09 18:00:00,NA,1007.2,25.9,56,NA
2021-04-09 19:00:00,NA,1007.4,26,56,NA
2021-04-09 20:00:00,NA,1007.4,25.1,59,NA
2021-04-09 21:00:00,NA,1008,24.3,61,NA
2021-04-09 22:00:00,NA,1008.9,22.8,77,NA
2021-04-09 23:00:00,NA,1009.5,21.1,83,NA
2021-04-10 00:00:00,NA,1010,20.8,84,NA
2021-04-11 09:00:00,NA,1020.1,6.7,90,NA
2021-04-11 10:00:00,NA,1020.8,6,97,NA
2021-04-11 11:00:00,NA,1021.9,7.8,89,NA
2021-04-11 12:00:00,NA,1023.4,10,89,NA
2021-04-11 13:00:00,NA,1023.6,13.4,72,NA
2021-04-11 14:00:00,NA,1024.9,15,71,NA
2021-04-11 15:00:00,NA,1024,17.7,57,NA
2021-04-11 16:00:00,NA,1021.8,21.8,35,NA
2021-04-11 17:00:00,NA,1019.8,22,38,NA
2021-04-11 18:00:00,NA,1018.8,23,33,NA
2021-04-11 19:00:00,NA,1019.7,24,29,NA
2021-04-11 20:00:00,NA,1018.2,24,30,NA
2021-04-11 21:00:00,NA,1018.1,24,30,NA
2021-04-11 22:00:00,NA,1018.9,20,46,NA
2021-04-11 23:00:00,NA,1019.4,16.2,70,NA
2021-04-12 00:00:00,NA,1019.8,16,72,NA
2021-04-13 09:00:00,NA,1019.3,11.2,86,NA
2021-04-13 10:00:00,NA,1019.7,10.8,88,NA
2021-04-13 11:00:00,NA,1020.7,10.6,88,NA
2021-04-13 12:00:00,NA,1020.6,14.4,77,NA
2021-04-13 13:00:00,967,1020.8,18,65,NA
2021-04-13 14:00:00,967.2,1020.3,18.8,64,NA
2021-04-13 15:00:00,966.8,1019.7,21.2,52,NA
2021-04-13 16:00:00,966.1,1018.5,22.4,48,NA
2021-04-13 17:00:00,964.8,1016.9,23.8,45,NA
2021-04-13 18:00:00,964.9,1016.8,25.2,41,NA
2021-04-13 19:00:00,962.9,1015.7,25.6,38,NA
2021-04-13 20:00:00,962.4,1015.1,25.6,37,NA
2021-04-13 21:00:00,962.1,1015.3,24.8,38,NA
2021-04-13 22:00:00,962.1,1015.4,23.2,44,NA
2021-04-13 23:00:00,960.8,1014.4,20,57,NA
2021-04-14 00:00:00,NA,1013.8,19.5,60,NA
2021-04-15 00:00:00,957.2,NA,NA,NA,NA
2021-04-15 09:00:00,NA,1012.2,15.3,89,NA
2021-04-15 10:00:00,960,1012.7,15.7,87,NA
2021-04-15 11:00:00,960.2,1013.2,15.3,89,NA
2021-04-15 12:00:00,960.6,1013.3,19.4,73,NA
2021-04-15 13:00:00,961,1013.5,21.9,65,NA
2021-04-15 14:00:00,960.8,1012.8,23.6,59,NA
2021-04-15 15:00:00,960.2,1011.9,26,50,NA
2021-04-15 16:00:00,959.6,1010.8,26.8,48,NA
2021-04-15 17:00:00,958.4,1009.4,28.7,43,NA
2021-04-15 18:00:00,957.6,1008.2,29.3,41,NA
2021-04-15 19:00:00,956.8,1008.5,29.6,40,NA
2021-04-15 20:00:00,956.4,1008,29.8,38,NA
2021-04-15 21:00:00,956.4,1008.4,28.7,41,NA
2021-04-15 22:00:00,956.9,1009.1,26,51,NA
2021-04-15 23:00:00,958,1010.5,23.3,60,NA
2021-04-16 00:00:00,NA,1010.6,22.9,61,NA
2021-04-17 00:00:00,958.9,NA,NA,NA,NA
2021-04-17 09:00:00,961,1012.8,21.4,79,NA
2021-04-17 10:00:00,961.2,1013.1,21.2,80,NA
2021-04-17 11:00:00,961.7,1013.9,20.8,83,NA
2021-04-17 12:00:00,962,1014.3,21.2,83,NA
2021-04-17 13:00:00,962.8,1015,21.4,84,NA
2021-04-17 14:00:00,962.6,1014.8,22,83,NA
2021-04-17 15:00:00,962.1,1014.1,23.6,74,NA
2021-04-17 16:00:00,961.2,1012.9,24.9,71,NA
2021-04-17 17:00:00,960.1,1011.5,26.9,62,NA
2021-04-17 18:00:00,959,1010,27,58,NA
2021-04-17 19:00:00,958.4,1009.8,27.2,57,NA
2021-04-17 20:00:00,957.8,1009.2,28,53,NA
2021-04-17 21:00:00,957.6,1009.3,27.4,51,NA
2021-04-17 22:00:00,957.6,1009.4,26.4,54,NA
2021-04-17 23:00:00,958,1010,25,59,NA
2021-04-18 00:00:00,NA,1010.8,24,64,NA
2021-04-18 23:00:00,956.9,NA,NA,NA,NA
2021-04-19 00:00:00,957.3,NA,NA,NA,NA
2021-04-19 09:00:00,NA,1011.5,19.5,75,NA
2021-04-19 10:00:00,960,1011.9,19.8,74,NA
2021-04-19 11:00:00,960.5,1012.7,19.4,68,NA
2021-04-19 12:00:00,960.8,1013,21,71,NA
2021-04-19 13:00:00,960.9,1013.1,22.2,67,NA
2021-04-19 14:00:00,960.5,1012.4,23.8,61,NA
2021-04-19 15:00:00,960,1011.6,25.9,54,NA
2021-04-19 16:00:00,959.3,1010.5,27.8,49,NA
2021-04-19 17:00:00,958.2,1009,29.1,47,NA
2021-04-19 18:00:00,957.2,1007.7,29,46,NA
2021-04-19 19:00:00,NA,1007.9,29.2,45,NA
2021-04-19 20:00:00,956.1,1007.4,29.6,43,NA
2021-04-19 21:00:00,956,1007.6,29,44,NA
2021-04-19 22:00:00,956,1007.7,28.2,46,NA
2021-04-19 23:00:00,957,1008.9,27,50,NA
2021-04-20 00:00:00,NA,1009.6,26.2,54,NA
2021-04-21 00:00:00,954.5,NA,NA,NA,NA
2021-04-21 09:00:00,NA,1003.7,21.4,73,NA
2021-04-21 10:00:00,952.5,1003.9,21,71,NA
2021-04-21 11:00:00,953.3,1004.3,20.6,70,NA
2021-04-21 12:00:00,954.4,1005.9,22,65,NA
2021-04-21 13:00:00,954.8,1006.4,23.2,62,NA
2021-04-21 14:00:00,955.2,1006.7,24.2,60,NA
2021-04-21 15:00:00,955.3,1006.6,26.4,53,NA
2021-04-21 16:00:00,954.8,1005.7,28.2,47,NA
2021-04-21 17:00:00,954.2,1004.7,29.2,45,NA
2021-04-21 18:00:00,954.1,1004.4,30,43,NA
2021-04-21 19:00:00,954.4,1005.4,28.2,39,NA
2021-04-21 20:00:00,954.5,1005.6,27.4,39,NA
2021-04-21 21:00:00,954.5,1006.2,25.4,40,NA
2021-04-21 22:00:00,955,1006.9,23.4,41,NA
2021-04-21 23:00:00,955.7,1007.8,22.4,43,NA
2021-04-22 00:00:00,NA,1008.4,21.8,43,NA
2021-04-23 00:00:00,957.7,NA,NA,NA,NA
2021-04-23 09:00:00,NA,1009.3,18.6,82,NA
2021-04-23 10:00:00,NA,1009.6,18.7,81,NA
2021-04-23 11:00:00,NA,1010.5,17.9,88,NA
2021-04-23 12:00:00,NA,1009.8,17.9,89,NA
2021-04-23 13:00:00,NA,1012,18.4,88,NA
2021-04-23 14:00:00,NA,1011.3,19.3,82,NA
2021-04-23 15:00:00,NA,1010.7,20.1,79,NA
2021-04-23 16:00:00,NA,1010.2,20.7,76,NA
2021-04-23 17:00:00,NA,1009.3,22.5,66,NA
2021-04-23 18:00:00,NA,1008.3,23.3,62,NA
2021-04-23 19:00:00,NA,1008.5,23.7,60,NA
2021-04-23 20:00:00,NA,1008.8,24.6,57,NA
2021-04-23 21:00:00,NA,1009.6,22.5,64,NA
2021-04-23 22:00:00,NA,1010.1,21.4,69,NA
2021-04-23 23:00:00,NA,1011.7,20.2,70,NA
2021-04-24 00:00:00,NA,1013.2,19,75,NA
2021-04-25 09:00:00,NA,1020.6,13.2,89,NA
2021-04-25 10:00:00,NA,1021.1,12.2,93,NA
2021-04-25 11:00:00,NA,1021.3,13.6,84,NA
2021-04-25 12:00:00,NA,1021.7,16.2,78,NA
2021-04-25 13:00:00,NA,1021.7,18.6,67,NA
2021-04-25 14:00:00,NA,1021.2,20,59,NA
2021-04-25 15:00:00,NA,1020.4,21.2,56,NA
2021-04-25 16:00:00,NA,1019,22.6,51,NA
2021-04-25 17:00:00,NA,1017.5,23.2,48,NA
2021-04-25 18:00:00,NA,1016.5,23.8,45,NA
2021-04-25 19:00:00,NA,1016.5,24.6,42,NA
2021-04-25 20:00:00,NA,1015.7,24,40,NA
2021-04-25 21:00:00,NA,1016.1,23,39,NA
2021-04-25 22:00:00,NA,1016.4,21.6,43,NA
2021-04-25 23:00:00,NA,1017.1,19,48,NA
2021-04-26 00:00:00,NA,1017.4,18.5,51,NA
2021-04-27 09:00:00,NA,1010.1,10.8,75,NA
2021-04-27 10:00:00,NA,1010.7,10.5,79,NA
2021-04-27 11:00:00,NA,1018.5,10.4,81,NA
2021-04-27 12:00:00,NA,1018.8,13,70,NA
2021-04-27 13:00:00,NA,NA,16.3,59,NA
2021-04-27 14:00:00,NA,NA,17.7,56,NA
2021-04-27 15:00:00,NA,NA,20.2,49,NA
2021-04-27 16:00:00,NA,NA,21.6,45,NA
2021-04-27 17:00:00,NA,NA,23.2,41,NA
2021-04-27 18:00:00,NA,1014.2,23.7,38,NA
2021-04-27 19:00:00,NA,1014.7,24.8,33,NA
2021-04-27 20:00:00,NA,1014.1,25,35,NA
2021-04-27 22:00:00,NA,1014.5,21.4,43,NA
2021-04-27 23:00:00,962.2,NA,18.5,52,NA
2021-04-28 00:00:00,962.9,NA,17.2,53,NA
2021-04-28 10:00:00,966.1,NA,11.1,81,NA
2021-04-28 11:00:00,966.5,NA,11.7,82,NA
2021-04-28 12:00:00,966.9,NA,14.2,72,NA
2021-04-28 13:00:00,967.7,NA,17,63,NA
2021-04-28 15:00:00,967.8,NA,21.4,49,NA
2021-04-28 16:00:00,967.3,NA,22.4,46,NA
2021-04-28 17:00:00,966.6,NA,23.8,43,NA
2021-04-28 18:00:00,966,NA,25.5,37,NA
2021-04-28 19:00:00,965.7,NA,25.8,33,NA
2021-04-28 21:00:00,965.4,NA,24.6,38,NA
2021-04-28 22:00:00,965.4,NA,20.6,56,NA
2021-04-28 23:00:00,966.1,NA,19.2,56,NA
2021-04-29 09:00:00,NA,1019.3,12.4,86,NA
2021-04-29 10:00:00,NA,1019.9,12.2,88,NA
2021-04-29 11:00:00,NA,1020.6,12.3,87,NA
2021-04-29 12:00:00,NA,1021,14.8,77,NA
2021-04-29 13:00:00,NA,1021.4,16.7,68,NA
2021-04-29 14:00:00,NA,1021.2,18.3,62,NA
2021-04-29 15:00:00,NA,1020.4,21,52,NA
2021-04-29 16:00:00,NA,1019.3,22.5,47,NA
2021-04-29 17:00:00,NA,1017.5,24.5,41,NA
2021-04-29 18:00:00,NA,1016.3,25.4,37,NA
2021-04-29 19:00:00,NA,1016.7,25.5,36,NA
2021-04-29 20:00:00,NA,1015.9,25,36,NA
2021-04-29 21:00:00,NA,1015.9,23.8,40,NA
2021-04-29 22:00:00,NA,1016.3,21.6,47,NA
2021-04-29 23:00:00,NA,1016.9,19.4,53,NA
2021-04-30 00:00:00,963.8,NA,17.9,57,NA
2021-04-30 10:00:00,961.7,NA,11.9,77,NA
2021-04-30 11:00:00,961.8,NA,11.4,82,NA
2021-04-30 12:00:00,963,NA,13,69,NA
2021-04-30 14:00:00,961.7,NA,17.8,55,NA
2021-04-30 15:00:00,961.4,NA,19,49,NA
2021-04-30 17:00:00,960,NA,23,40,NA
2021-04-30 19:00:00,957.5,NA,25.2,30,NA
2021-04-30 20:00:00,956.1,NA,25.7,30,NA
2021-04-30 21:00:00,955.4,NA,25.7,30,NA
2021-04-30 23:00:00,957.4,NA,19.8,43,NA
2021-05-01 09:00:00,NA,1011.4,11.9,66,NA
2021-05-01 10:00:00,NA,1012,11.7,68,NA
2021-05-01 11:00:00,NA,1012.3,11.7,67,NA
2021-05-01 12:00:00,NA,1012.7,13.3,62,NA
2021-05-01 13:00:00,NA,1013.2,16.6,47,NA
2021-05-01 14:00:00,NA,1012.6,19.4,42,NA
2021-05-01 15:00:00,NA,1011.6,21.8,40,NA
2021-05-01 16:00:00,NA,1010.4,23.2,38,NA
2021-05-01 17:00:00,NA,1008.9,24.4,38,NA
2021-05-01 18:00:00,NA,1007.3,25.3,36,NA
2021-05-01 19:00:00,NA,1007.7,25.8,35,NA
2021-05-01 20:00:00,NA,1007.5,25.5,36,NA
2021-05-01 21:00:00,NA,1007.9,25.5,36,NA
2021-05-01 22:00:00,NA,1008.3,22,45,NA
2021-05-01 23:00:00,NA,1009.2,20.1,49,NA
2021-05-02 00:00:00,956.5,NA,19.2,52,NA
2021-05-02 10:00:00,958,NA,14,76,NA
2021-05-02 11:00:00,958.4,NA,13.9,77,NA
2021-05-02 12:00:00,958.4,NA,16.5,67,NA
2021-05-02 13:00:00,959,NA,20.4,55,NA
2021-05-02 15:00:00,958.4,NA,23.8,45,NA
2021-05-02 16:00:00,957.4,NA,25.2,41,NA
2021-05-02 18:00:00,955,NA,27.8,34,NA
2021-05-02 19:00:00,954.4,NA,28.3,34,NA
2021-05-02 20:00:00,953.6,NA,28.6,31,NA
2021-05-02 22:00:00,953.7,NA,22.4,50,NA
2021-05-02 23:00:00,954.2,NA,21.2,50,NA
2021-05-03 09:00:00,NA,1011.2,18.4,73,NA
2021-05-03 10:00:00,NA,1012.6,17.8,78,NA
2021-05-03 11:00:00,NA,1005.8,16.6,84,NA
2021-05-03 12:00:00,NA,1006.8,19.3,69,NA
2021-05-03 13:00:00,NA,1006.7,21.7,64,NA
2021-05-03 14:00:00,NA,1007,24,54,NA
2021-05-03 15:00:00,NA,1005.8,25.3,52,NA
2021-05-03 16:00:00,NA,1005.1,27.2,44,NA
2021-05-03 17:00:00,NA,1004,28,40,NA
2021-05-03 18:00:00,NA,1002.8,28.8,35,NA
2021-05-03 19:00:00,NA,1003,28.8,35,NA
2021-05-03 20:00:00,NA,1002.5,28.5,37,NA
2021-05-03 21:00:00,NA,1003.3,26.2,40,NA
2021-05-03 22:00:00,NA,1005.6,25,44,NA
2021-05-03 23:00:00,NA,1007.8,23.3,46,NA
2021-05-04 00:00:00,956.8,NA,22,47,NA
2021-05-04 10:00:00,962.5,NA,12.5,94,NA
2021-05-04 11:00:00,965.4,NA,12.2,96,NA
2021-05-04 12:00:00,966.2,NA,12,88,NA
2021-05-04 13:00:00,966.8,NA,12.1,87,NA
2021-05-04 14:00:00,970.5,NA,21.1,56,NA
2021-05-04 15:00:00,970.9,NA,11.5,85,NA
2021-05-04 17:00:00,971.6,NA,11.5,85,NA
2021-05-04 19:00:00,971.2,NA,10.2,94,NA
2021-05-04 20:00:00,971.7,NA,10,97,NA
2021-05-04 21:00:00,972.5,NA,10,97,NA
2021-05-04 23:00:00,973.8,NA,8.8,89,NA
2021-05-05 09:00:00,NA,1028.3,8.3,96,NA
2021-05-05 10:00:00,NA,1028.4,8.2,96,NA
2021-05-05 11:00:00,NA,1028.4,8.2,97,NA
2021-05-05 12:00:00,NA,1029.3,8.4,96,NA
2021-05-05 13:00:00,NA,1029.5,8.6,96,NA
2021-05-05 14:00:00,NA,1029.4,9.7,89,NA
2021-05-05 15:00:00,NA,1028.8,10.3,84,NA
2021-05-05 16:00:00,NA,1028.1,10.8,81,NA
2021-05-05 17:00:00,NA,1026.9,11.7,78,NA
2021-05-05 18:00:00,NA,1026.3,12.1,76,NA
2021-05-05 19:00:00,NA,1026.2,12,75,NA
2021-05-05 20:00:00,NA,1026.6,12.1,74,NA
2021-05-05 21:00:00,NA,1026.8,11.9,76,NA
2021-05-05 22:00:00,NA,1027.9,11.6,81,NA
2021-05-05 23:00:00,NA,1028.5,10.7,83,NA
2021-05-06 00:00:00,974.4,NA,10.2,89,NA
2021-05-06 11:00:00,973.2,NA,7.2,100,NA
2021-05-06 13:00:00,973.4,NA,9.1,98,NA
2021-05-06 14:00:00,973.4,NA,13,77,NA
2021-05-06 15:00:00,973.2,NA,15.6,59,NA
2021-05-06 16:00:00,972.1,NA,16.9,55,NA
2021-05-06 17:00:00,971,NA,17.7,54,NA
2021-05-06 18:00:00,970,NA,18.2,54,NA
2021-05-06 19:00:00,969.2,NA,18.4,51,NA
2021-05-06 20:00:00,968.4,NA,18.8,53,NA
2021-05-06 21:00:00,968.1,NA,17.4,55,NA
2021-05-06 22:00:00,968.5,NA,14.2,76,NA
2021-05-06 23:00:00,968.8,NA,12.7,78,NA
2021-05-07 09:00:00,NA,1020.6,10,83,NA
2021-05-07 10:00:00,NA,1020.8,9.8,80,NA
2021-05-07 11:00:00,NA,1022,9.2,82,NA
2021-05-07 12:00:00,NA,1022.2,9.8,77,NA
2021-05-07 13:00:00,NA,1022.1,11.6,68,NA
2021-05-07 14:00:00,NA,1022.8,12.8,63,NA
2021-05-07 15:00:00,NA,1021.8,14.8,55,NA
2021-05-07 16:00:00,NA,1020.6,17,50,NA
2021-05-07 17:00:00,NA,1019.6,18,47,NA
2021-05-07 18:00:00,NA,1018.3,19,42,NA
2021-05-07 19:00:00,NA,1018.2,19,40,NA
2021-05-07 20:00:00,NA,1017.8,18.6,41,NA
2021-05-07 21:00:00,NA,1018.4,17.2,44,NA
2021-05-07 22:00:00,NA,1018.8,16.8,44,NA
2021-05-07 23:00:00,NA,1019.7,16,47,NA
2021-05-08 00:00:00,965.8,NA,15.6,47,NA
2021-05-08 10:00:00,965.4,NA,7.6,97,NA
2021-05-08 11:00:00,966,NA,7.6,80,NA
2021-05-08 12:00:00,966.4,NA,9,76,NA
2021-05-08 13:00:00,966.8,NA,10.6,71,NA
2021-05-08 14:00:00,967.2,NA,12.6,63,NA
2021-05-08 15:00:00,966,NA,15.1,53,NA
2021-05-08 16:00:00,965.2,NA,16.4,50,NA
2021-05-08 17:00:00,964,NA,18,48,NA
2021-05-08 18:00:00,962.8,NA,18.7,45,NA
2021-05-08 19:00:00,962.2,NA,18.5,45,NA
2021-05-08 21:00:00,962.1,NA,17.4,49,NA
2021-05-08 22:00:00,962.5,NA,15.6,60,NA
2021-05-08 23:00:00,964,NA,16.2,55,NA
2021-05-09 09:00:00,NA,1019.1,13.7,66,NA
2021-05-09 10:00:00,NA,1019.4,13.6,66,NA
2021-05-09 11:00:00,NA,1019.8,12.8,73,NA
2021-05-09 12:00:00,NA,1020.2,13.8,68,NA
2021-05-09 13:00:00,NA,1020.9,14.9,62,NA
2021-05-09 14:00:00,NA,1020.9,16.7,57,NA
2021-05-09 15:00:00,NA,1019.9,18.2,52,NA
2021-05-09 16:00:00,NA,1019.5,18.2,52,NA
2021-05-09 17:00:00,NA,1018.3,18.4,52,NA
2021-05-09 18:00:00,NA,1018.2,18.6,52,NA
2021-05-09 19:00:00,NA,1018.5,18,52,NA
2021-05-09 20:00:00,NA,1018.4,17.6,54,NA
2021-05-09 21:00:00,NA,1019.6,16.4,61,NA
2021-05-09 22:00:00,NA,1020.3,15.4,66,NA
2021-05-09 23:00:00,NA,1021.4,14.6,70,NA
2021-05-10 00:00:00,967.7,NA,14.4,77,NA
2021-05-10 10:00:00,966.9,NA,12,78,NA
2021-05-10 11:00:00,968.4,NA,11.5,82,NA
2021-05-10 12:00:00,968.8,NA,12,82,NA
2021-05-10 14:00:00,970,NA,18.2,44,NA
2021-05-10 15:00:00,970.4,NA,18.6,42,NA
2021-05-10 17:00:00,967.4,NA,20,43,NA
2021-05-10 20:00:00,965.6,NA,18,55,NA
2021-05-10 21:00:00,965.4,NA,18,52,NA
2021-05-10 22:00:00,968.1,NA,17.2,58,NA
2021-05-10 23:00:00,969.2,NA,16,62,NA
2021-05-11 09:00:00,NA,1021.5,12.6,54,NA
2021-05-11 10:00:00,NA,1023,12.4,52,NA
2021-05-11 11:00:00,NA,1024.1,12.4,52,NA
2021-05-11 12:00:00,NA,1025,12.4,50,NA
2021-05-11 13:00:00,NA,1025.3,12.6,50,NA
2021-05-11 14:00:00,NA,1025.3,13.4,48,NA
2021-05-11 15:00:00,NA,1025.1,15.6,44,NA
2021-05-11 16:00:00,NA,1023.9,16.2,44,NA
2021-05-11 17:00:00,NA,1022.9,16.8,41,NA
2021-05-11 18:00:00,NA,1021.6,17.4,41,NA
2021-05-11 19:00:00,NA,1021,17.6,42,NA
2021-05-11 20:00:00,NA,1020.6,18.4,39,NA
2021-05-11 21:00:00,NA,1021,17.6,42,NA
2021-05-11 22:00:00,NA,1021.6,14.8,54,NA
2021-05-11 23:00:00,967.7,NA,12.6,64,NA
2021-05-12 00:00:00,968.2,NA,10.2,73,NA
2021-05-12 10:00:00,967.2,NA,6.2,85,NA
2021-05-12 11:00:00,967.6,NA,5.2,87,NA
2021-05-12 12:00:00,968.1,NA,7.5,78,NA
2021-05-12 13:00:00,968.1,NA,11.4,68,NA
2021-05-12 14:00:00,968,NA,14.1,61,NA
2021-05-12 15:00:00,967.3,NA,16.8,53,NA
2021-05-12 16:00:00,966.6,NA,17.7,50,NA
2021-05-12 18:00:00,964.4,NA,20.2,41,NA
2021-05-12 19:00:00,963.8,NA,20.3,37,NA
2021-05-12 20:00:00,963.1,NA,19.7,38,NA
2021-05-12 21:00:00,962.4,NA,18.8,42,NA
2021-05-12 22:00:00,962.9,NA,15.2,55,NA
2021-05-13 09:00:00,NA,1016.5,9.3,72,NA
2021-05-13 10:00:00,NA,1017.4,9.2,72,NA
2021-05-13 11:00:00,NA,1018.4,8.2,79,NA
2021-05-13 12:00:00,NA,1019.2,9.2,75,NA
2021-05-13 13:00:00,NA,1020.3,12.8,58,NA
2021-05-13 14:00:00,NA,1019.6,14.6,52,NA
2021-05-13 15:00:00,NA,1019,15.9,47,NA
2021-05-13 16:00:00,NA,1017.9,17,48,NA
2021-05-13 17:00:00,NA,1016.9,19.4,43,NA
2021-05-13 18:00:00,NA,1015.9,20,43,NA
2021-05-13 19:00:00,NA,1016.4,20,35,NA
2021-05-13 20:00:00,NA,1016.3,20.5,42,NA
2021-05-13 21:00:00,NA,1016.5,19.4,45,NA
2021-05-13 22:00:00,NA,1017.7,16.2,49,NA
2021-05-13 23:00:00,964.4,NA,14.4,55,NA
2021-05-14 00:00:00,964.9,NA,14,56,NA
2021-05-14 10:00:00,963.4,NA,8,73,NA
2021-05-14 11:00:00,962.8,NA,7.5,79,NA
2021-05-14 12:00:00,964.9,NA,9.8,69,NA
2021-05-14 13:00:00,964.5,NA,12.7,58,NA
2021-05-14 15:00:00,963.3,NA,16,54,NA
2021-05-14 17:00:00,962,NA,20,41,NA
2021-05-14 19:00:00,959.4,NA,21,42,NA
2021-05-14 20:00:00,959.2,NA,20.9,43,NA
2021-05-14 21:00:00,959.3,NA,20,43,NA
2021-05-14 22:00:00,959.8,NA,16.5,52,NA
2021-05-15 09:00:00,NA,1016.2,9.5,78,NA
2021-05-15 10:00:00,NA,1016.9,9.2,80,NA
2021-05-15 11:00:00,NA,1017.7,9.4,78,NA
2021-05-15 12:00:00,NA,1018.5,11.4,72,NA
2021-05-15 13:00:00,NA,1018.8,14.6,59,NA
2021-05-15 14:00:00,NA,1018.1,15.6,58,NA
2021-05-15 15:00:00,NA,1017.8,16.8,55,NA
2021-05-15 16:00:00,NA,1016.5,19.6,47,NA
2021-05-15 17:00:00,NA,1015,20.8,46,NA
2021-05-15 18:00:00,NA,1013.9,21.8,43,NA
2021-05-15 19:00:00,NA,1014.1,22,41,NA
2021-05-15 20:00:00,NA,1014,21.2,42,NA
2021-05-15 21:00:00,NA,1014.8,20.6,46,NA
2021-05-15 22:00:00,NA,1015.6,18,56,NA
2021-05-15 23:00:00,NA,1016.8,14.4,67,NA
2021-05-16 00:00:00,963.3,NA,14.2,68,NA
2021-05-16 09:00:00,962.9,NA,11.6,83,NA
2021-05-16 10:00:00,963.2,NA,10.8,85,NA
2021-05-16 11:00:00,964,NA,11.2,85,NA
2021-05-16 12:00:00,964.8,NA,12,84,NA
2021-05-16 13:00:00,965.6,NA,16.4,68,NA
2021-05-16 14:00:00,966.1,NA,18.2,61,NA
2021-05-16 15:00:00,966,NA,19.6,56,NA
2021-05-16 16:00:00,965.6,NA,21.2,50,NA
2021-05-16 17:00:00,964.6,NA,22.4,46,NA
2021-05-16 18:00:00,964,NA,22.6,46,NA
2021-05-16 19:00:00,963.3,NA,22.6,47,NA
2021-05-16 20:00:00,963.2,NA,23,46,NA
2021-05-16 21:00:00,963.7,NA,22,49,NA
2021-05-16 22:00:00,964.4,NA,19.6,58,NA
2021-05-16 23:00:00,964.8,NA,17.6,62,NA
2021-05-17 09:00:00,NA,1020,15.5,74,NA
2021-05-17 10:00:00,NA,1020.5,15.4,74,NA
2021-05-17 11:00:00,NA,1020.8,16,70,NA
2021-05-17 12:00:00,NA,1021,16.6,69,NA
2021-05-17 13:00:00,NA,1021.1,17.7,67,NA
2021-05-17 14:00:00,NA,1021.2,18.8,59,NA
2021-05-17 15:00:00,NA,1019.9,20,59,NA
2021-05-17 16:00:00,NA,1019.7,21.2,60,NA
2021-05-17 17:00:00,NA,1017.6,22.4,57,NA
2021-05-17 18:00:00,NA,1016.2,22.7,53,NA
2021-05-17 19:00:00,NA,1016.4,23,51,NA
2021-05-17 20:00:00,NA,1015.8,23,50,NA
2021-05-17 21:00:00,NA,1016.2,21.8,58,NA
2021-05-17 22:00:00,NA,1016.5,20.7,61,NA
2021-05-17 23:00:00,NA,1017,20,56,NA
2021-05-18 00:00:00,964.2,NA,19.6,64,NA
2021-05-18 09:00:00,961.4,NA,17,71,NA
2021-05-18 10:00:00,961.6,NA,16.8,72,NA
2021-05-18 11:00:00,961.8,NA,16.6,72,NA
2021-05-18 12:00:00,962,NA,16.4,74,NA
2021-05-18 13:00:00,962.2,NA,17.8,68,NA
2021-05-18 14:00:00,962.1,NA,19.6,63,NA
2021-05-18 15:00:00,961.3,NA,22,57,NA
2021-05-18 16:00:00,960.1,NA,22.2,57,NA
2021-05-18 17:00:00,958.9,NA,22,59,NA
2021-05-18 18:00:00,957.7,NA,22.6,55,NA
2021-05-18 19:00:00,957.2,NA,22.4,55,NA
2021-05-18 20:00:00,956.6,NA,22.4,55,NA
2021-05-18 21:00:00,956.2,NA,22,59,NA
2021-05-18 22:00:00,956.9,NA,20.6,65,NA
2021-05-18 23:00:00,957.2,NA,20,66,NA
2021-05-19 09:00:00,NA,1008.1,17,62,NA
2021-05-19 10:00:00,NA,1008.8,16.3,68,NA
2021-05-19 11:00:00,NA,1009.3,16,70,NA
2021-05-19 12:00:00,NA,1009.2,16.6,70,NA
2021-05-19 13:00:00,NA,1009,17.4,65,NA
2021-05-19 14:00:00,NA,NA,18,63,NA
2021-05-19 15:00:00,NA,1007.8,19.3,64,NA
2021-05-19 16:00:00,NA,1006.6,19.8,66,NA
2021-05-19 17:00:00,NA,1005,20.6,67,NA
2021-05-19 18:00:00,NA,1004.2,21.4,63,NA
2021-05-19 19:00:00,NA,1003.8,22,59,NA
2021-05-19 20:00:00,NA,1003.7,22.2,58,NA
2021-05-19 21:00:00,NA,1005,21.3,64,NA
2021-05-19 22:00:00,NA,1006.3,19.9,67,NA
2021-05-19 23:00:00,NA,1007.5,17.9,75,NA
2021-05-20 00:00:00,955,NA,17.5,72,NA
2021-05-20 10:00:00,954.5,NA,16.2,92,NA
2021-05-20 11:00:00,954.9,NA,17,88,NA
2021-05-20 12:00:00,955.4,NA,17.2,87,NA
2021-05-20 13:00:00,955.6,NA,17.4,85,NA
2021-05-20 16:00:00,954.5,NA,16.9,96,NA
2021-05-20 17:00:00,953.8,NA,17,95,NA
2021-05-20 18:00:00,953.2,NA,17.4,90,NA
2021-05-20 19:00:00,952.6,NA,17.6,87,NA
2021-05-20 20:00:00,952.8,NA,17.6,87,NA
2021-05-20 21:00:00,953.3,NA,17.4,88,NA
2021-05-20 22:00:00,953.7,NA,17.3,89,NA
2021-05-20 23:00:00,954.6,NA,16.7,92,NA
2021-05-21 09:00:00,NA,1007.6,12.9,96,NA
2021-05-21 10:00:00,NA,1007.5,12.8,96,NA
2021-05-21 11:00:00,NA,1009.2,11.6,99,NA
2021-05-21 12:00:00,NA,1010.8,13.3,96,NA
2021-05-21 13:00:00,NA,1011.9,18.2,48,NA
2021-05-21 14:00:00,NA,1012.4,16.5,43,NA
2021-05-21 15:00:00,NA,1013.6,16.8,39,NA
2021-05-21 16:00:00,NA,1013.7,18.2,33,NA
2021-05-21 17:00:00,NA,1013.5,18,34,NA
2021-05-21 18:00:00,NA,1013.3,17.6,38,NA
2021-05-21 19:00:00,NA,1013.7,18.2,28,NA
2021-05-21 20:00:00,NA,1013.7,18,27,NA
2021-05-21 21:00:00,NA,1014.2,17.2,30,NA
2021-05-21 22:00:00,NA,1015,15.4,35,NA
2021-05-21 23:00:00,NA,1016.7,11.9,54,NA
2021-05-22 00:00:00,963.2,NA,8.4,66,NA
2021-05-22 10:00:00,963.2,NA,6,59,NA
2021-05-22 11:00:00,963.7,NA,5.9,62,NA
2021-05-22 12:00:00,965,NA,6.1,57,NA
2021-05-22 14:00:00,964.8,NA,16,26,NA
2021-05-22 15:00:00,964.2,NA,16.3,26,NA
2021-05-22 17:00:00,962.1,NA,18,23,NA
2021-05-22 19:00:00,960.2,NA,19.6,19,NA
2021-05-22 20:00:00,959.4,NA,20,19,NA
2021-05-22 21:00:00,961,NA,18,15,NA
2021-05-22 23:00:00,963.8,NA,12,35,NA
2021-05-23 09:00:00,NA,1022.6,7,57,NA
2021-05-23 10:00:00,NA,1023.1,7.2,57,NA
2021-05-23 11:00:00,NA,1024.4,5.1,63,NA
2021-05-23 12:00:00,NA,1024.9,6.7,56,NA
2021-05-23 13:00:00,NA,1026.1,12.8,33,NA
2021-05-23 14:00:00,NA,1024.9,14.6,28,NA
2021-05-23 15:00:00,NA,1024,15.7,25,NA
2021-05-23 16:00:00,NA,1022.6,17,25,NA
2021-05-23 17:00:00,NA,1020.7,18.5,23,NA
2021-05-23 18:00:00,NA,1019.3,19.1,21,NA
2021-05-23 19:00:00,NA,1019.6,19.1,23,NA
2021-05-23 20:00:00,NA,1019.1,19,21,NA
2021-05-23 21:00:00,NA,1019.6,17.4,29,NA
2021-05-23 22:00:00,NA,1020.7,11.1,53,NA
2021-05-23 23:00:00,NA,1021.2,9.2,53,NA
2021-05-24 00:00:00,NA,1021.7,8,56,NA
2021-05-25 09:00:00,NA,1016.8,8.6,58,NA
2021-05-25 10:00:00,NA,1017.4,8.4,59,NA
2021-05-25 11:00:00,NA,1018.6,8.2,60,NA
2021-05-25 12:00:00,NA,1019.4,9,60,NA
2021-05-25 13:00:00,NA,1020.3,16.2,39,NA
2021-05-25 14:00:00,NA,1019.5,18.1,32,NA
2021-05-25 15:00:00,NA,1019,19.8,31,NA
2021-05-25 16:00:00,NA,1018.2,21.9,29,NA
2021-05-25 17:00:00,NA,1017.1,23.5,23,NA
2021-05-25 18:00:00,NA,1016.3,23.8,20,NA
2021-05-25 19:00:00,NA,1017,23.3,18,NA
2021-05-25 20:00:00,NA,1016.2,22.2,21,NA
2021-05-25 21:00:00,NA,1017.3,21,23,NA
2021-05-25 22:00:00,NA,1018.2,17,30,NA
2021-05-25 23:00:00,NA,1019.3,13.1,42,NA
2021-05-26 00:00:00,NA,1019.6,12.4,46,NA
2021-05-27 09:00:00,NA,1012.8,10.4,71,NA
2021-05-27 10:00:00,NA,1013.5,8,89,NA
2021-05-27 11:00:00,NA,1013.7,9.2,77,NA
2021-05-27 12:00:00,NA,1013.2,10,75,NA
2021-05-27 13:00:00,NA,1013,14.6,61,NA
2021-05-27 14:00:00,NA,1011.8,16.8,53,NA
2021-05-27 15:00:00,NA,1010.5,19.4,45,NA
2021-05-27 16:00:00,NA,1008.7,21.2,41,NA
2021-05-27 17:00:00,954.6,1006.4,22.4,37,NA
2021-05-27 18:00:00,953.3,1004.8,22.2,38,NA
2021-05-27 19:00:00,952.4,1005,21.6,37,NA
2021-05-27 20:00:00,952,1004.6,21.2,39,NA
2021-05-27 21:00:00,952,1005,19.4,45,NA
2021-05-27 22:00:00,951.6,1005.2,16.4,58,NA
2021-05-27 23:00:00,951.4,1005.1,14.8,59,NA
2021-05-28 00:00:00,NA,1004.9,14.4,61,NA
2021-05-28 23:00:00,952.2,NA,NA,NA,NA
2021-05-29 00:00:00,953.7,NA,NA,NA,NA
2021-05-29 09:00:00,NA,1016.8,7.2,73,NA
2021-05-29 10:00:00,NA,1017.6,6.9,72,NA
2021-05-29 11:00:00,964,1018.3,7,72,NA
2021-05-29 12:00:00,965.4,1019.6,9.9,58,NA
2021-05-29 13:00:00,NA,1020.6,13,46,NA
2021-05-29 14:00:00,966.4,1020.4,16.4,35,NA
2021-05-29 15:00:00,966.4,1019.7,17.4,35,NA
2021-05-29 16:00:00,966,1019.1,18.7,30,NA
2021-05-29 17:00:00,964.1,1016.9,20,27,NA
2021-05-29 18:00:00,NA,1015.9,21.4,23,NA
2021-05-29 19:00:00,962.8,1016.3,21.2,23,NA
2021-05-29 20:00:00,962.5,1016,20.8,24,NA
2021-05-29 21:00:00,962.9,1017,19,27,NA
2021-05-29 22:00:00,963.3,1017.8,15.4,42,NA
2021-05-29 23:00:00,964.1,1018.7,13.7,41,NA
2021-05-30 00:00:00,NA,1019.2,13.4,38,NA
2021-05-31 00:00:00,963.8,NA,NA,NA,NA
2021-05-31 09:00:00,965.4,1019.5,7.8,73,NA
2021-05-31 10:00:00,965.4,1019.9,7.6,60,NA
2021-05-31 11:00:00,966,1020.8,7.6,58,NA
2021-05-31 12:00:00,966.2,1021,8.6,57,NA
2021-05-31 13:00:00,966.5,1021.4,12.8,45,NA
2021-05-31 14:00:00,NA,1020.5,15,43,NA
2021-05-31 15:00:00,966.2,1019.8,16.7,38,NA
2021-05-31 16:00:00,965,1018.2,18,40,NA
2021-05-31 17:00:00,964,1016.9,20.6,33,NA
2021-05-31 18:00:00,962.4,1014.7,21.6,32,NA
2021-05-31 19:00:00,961.2,1014.6,22,30,NA
2021-05-31 20:00:00,960.9,1014.2,22.2,30,NA
2021-05-31 21:00:00,960.5,1014.3,20.5,35,NA
2021-05-31 22:00:00,960.6,1014.8,16,54,NA
2021-05-31 23:00:00,960.4,1015.1,11.2,67,NA
2021-06-01 00:00:00,NA,1014.8,10.9,61,NA
2021-06-02 00:00:00,956.2,NA,NA,NA,NA
2021-06-02 09:00:00,NA,1014.2,8.4,83,NA
2021-06-02 10:00:00,960.9,1014.8,8.2,84,NA
2021-06-02 11:00:00,961.3,1015.3,9.7,77,NA
2021-06-02 12:00:00,NA,1017,11.4,68,NA
2021-06-02 13:00:00,963.7,1018.2,15.8,55,NA
2021-06-02 14:00:00,964.6,1017.9,19.4,42,NA
2021-06-02 15:00:00,964.8,1017.5,20.5,40,NA
2021-06-02 16:00:00,964.1,1016.5,22.2,38,NA
2021-06-02 17:00:00,963.3,1015.4,23.5,34,NA
2021-06-02 18:00:00,962.5,1014.3,24.6,27,NA
2021-06-02 19:00:00,961.8,1014.9,24.8,26,NA
2021-06-02 20:00:00,961.4,1014.4,24.2,25,NA
2021-06-02 21:00:00,961.2,1014.7,22.6,31,NA
2021-06-02 22:00:00,961.4,1015.3,18.8,42,NA
2021-06-02 23:00:00,961.3,1015.5,13.3,58,NA
2021-06-03 00:00:00,NA,1015.8,14.9,49,NA
2021-06-04 00:00:00,956.1,NA,NA,NA,NA
2021-06-04 09:00:00,NA,1006,12.3,94,NA
2021-06-04 10:00:00,953.6,1006.5,11.6,97,NA
2021-06-04 11:00:00,953.7,1007.2,11.4,97,NA
2021-06-04 12:00:00,954.2,1007.5,12.6,100,NA
2021-06-04 13:00:00,954.2,1007.6,12.8,97,NA
2021-06-04 14:00:00,954.4,1007.8,14.8,100,NA
2021-06-04 15:00:00,954,1006.9,19,74,NA
2021-06-04 16:00:00,953.3,1005.4,21.4,62,NA
2021-06-04 17:00:00,952.1,1003.7,22.7,55,NA
2021-06-04 18:00:00,951,1002.3,24,54,NA
2021-06-04 19:00:00,950.6,1002.7,24.8,51,NA
2021-06-04 20:00:00,950.6,1002.6,25,49,NA
2021-06-04 21:00:00,950.8,1003.2,24.4,52,NA
2021-06-04 22:00:00,951.8,1004.5,21.8,61,NA
2021-06-04 23:00:00,952.5,1005.5,19.6,66,NA
2021-06-05 00:00:00,NA,1006.4,18,72,NA
2021-06-05 23:00:00,964.4,NA,NA,NA,NA
2021-06-06 09:00:00,NA,1017.8,14,47,NA
2021-06-06 10:00:00,NA,1018.2,13.8,47,NA
2021-06-06 11:00:00,964.8,1018.6,13.7,47,NA
2021-06-06 12:00:00,965.4,1019.3,13.4,48,NA
2021-06-06 13:00:00,966,1019.9,14.8,37,NA
2021-06-06 14:00:00,966,1019.6,17,30,NA
2021-06-06 15:00:00,964.9,1018,17.2,27,NA
2021-06-06 16:00:00,NA,1016.8,17.8,25,NA
2021-06-06 17:00:00,962.5,1015.4,18.4,22,NA
2021-06-06 18:00:00,NA,1013.5,19,18,NA
2021-06-06 19:00:00,960.5,1013.5,19.4,19,NA
2021-06-06 20:00:00,960.2,1013.1,18.3,20,NA
2021-06-06 21:00:00,960.5,1014,17,24,NA
2021-06-06 22:00:00,961.6,1015.5,13.5,35,NA
2021-06-06 23:00:00,961.7,1015.8,12.1,37,NA
2021-06-07 00:00:00,NA,1016.2,12.4,36,NA
2021-06-07 23:00:00,962.1,NA,NA,NA,NA
2021-06-08 00:00:00,962.5,NA,NA,NA,NA
2021-06-08 09:00:00,963.4,1017.7,6.3,93,NA
2021-06-08 10:00:00,963.4,1017.9,6.4,92,NA
2021-06-08 11:00:00,NA,1018.2,7,92,NA
2021-06-08 12:00:00,NA,1018.4,8,89,NA
2021-06-08 13:00:00,NA,1018.9,11.2,86,NA
2021-06-08 14:00:00,NA,1018.4,14.4,79,NA
2021-06-08 15:00:00,NA,1017.3,15.8,72,NA
2021-06-08 16:00:00,NA,1015.8,17.8,61,NA
2021-06-08 17:00:00,NA,1014.4,19.2,58,NA
2021-06-08 18:00:00,NA,1012.9,19.8,54,NA
2021-06-08 19:00:00,NA,1013.2,20,52,NA
2021-06-08 20:00:00,NA,1012.7,20.2,50,NA
2021-06-08 21:00:00,NA,1013.1,18.8,57,NA
2021-06-08 22:00:00,NA,1013.5,16.2,69,NA
2021-06-08 23:00:00,NA,1014.1,14,79,NA
2021-06-09 00:00:00,NA,1014.6,13,84,NA
2021-06-10 00:00:00,960.8,NA,NA,NA,NA
2021-06-10 09:00:00,NA,1017.6,11.3,94,NA
2021-06-10 10:00:00,964.2,1018.4,11,95,NA
2021-06-10 11:00:00,965.6,1019.8,10.8,96,NA
2021-06-10 12:00:00,966.8,1021.1,11,95,NA
2021-06-10 13:00:00,968,1022.5,13.6,91,NA
2021-06-10 14:00:00,969.2,1023.2,16.2,82,NA
2021-06-10 15:00:00,969.6,1023.2,17.7,74,NA
2021-06-10 16:00:00,969.7,1023,19.9,63,NA
2021-06-10 17:00:00,969.3,1022.1,20.2,56,NA
2021-06-10 18:00:00,969.2,1022,22,45,NA
2021-06-10 19:00:00,968.9,1022.3,22.2,44,NA
2021-06-10 20:00:00,NA,1023,21.5,44,NA
2021-06-10 21:00:00,968.8,1022.7,19.6,52,NA
2021-06-10 22:00:00,968.8,1023.1,15.6,70,NA
2021-06-10 23:00:00,969,1023.5,15.2,65,NA
2021-06-11 00:00:00,NA,1023.9,14.2,71,NA
2021-06-12 00:00:00,965.4,NA,NA,NA,NA
2021-06-12 09:00:00,962.9,1016.9,8.4,95,NA
2021-06-12 10:00:00,962.8,1017,8,97,NA
2021-06-12 11:00:00,962.6,1017.1,8,97,NA
2021-06-12 12:00:00,962.9,1017.3,8.4,97,NA
2021-06-12 13:00:00,962.9,1017.6,10.6,92,NA
2021-06-12 14:00:00,963,1017.3,14.4,79,NA
2021-06-12 15:00:00,NA,1015.9,17.6,65,NA
2021-06-12 16:00:00,961.3,1014.1,20,54,NA
2021-06-12 17:00:00,959.8,1012.1,20.2,53,NA
2021-06-12 18:00:00,958.9,1011.1,20.6,50,NA
2021-06-12 19:00:00,958.1,1011.3,21.6,44,NA
2021-06-12 20:00:00,958.1,1011.2,21.4,48,NA
2021-06-12 21:00:00,958.4,1012.1,18.6,60,NA
2021-06-12 22:00:00,958.5,1012.4,16.8,64,NA
2021-06-12 23:00:00,958.8,1013,14.2,73,NA
2021-06-13 00:00:00,NA,1013.2,15,71,NA
2021-06-14 00:00:00,958.4,NA,NA,NA,NA
2021-06-14 09:00:00,NA,1016.9,13.8,67,NA
2021-06-14 10:00:00,963.7,1017.5,13.6,68,NA
2021-06-14 11:00:00,964.6,1018.6,12.4,72,NA
2021-06-14 12:00:00,965.3,1019.2,14.2,66,NA
2021-06-14 13:00:00,966.2,1019.9,18.3,52,NA
2021-06-14 14:00:00,967.3,1020.3,19.7,47,NA
2021-06-14 15:00:00,967.4,1020.2,19.6,48,NA
2021-06-14 16:00:00,967.2,1020,19.3,47,NA
2021-06-14 17:00:00,966.4,1019.2,20.6,42,NA
2021-06-14 18:00:00,966.2,1018.7,20,40,NA
2021-06-14 19:00:00,966.5,1019.7,20.4,38,NA
2021-06-14 20:00:00,966.9,1020.1,18.8,38,NA
2021-06-14 21:00:00,967.3,1021.2,17.4,42,NA
2021-06-14 22:00:00,NA,1022.7,16.7,44,NA
2021-06-14 23:00:00,969.6,1023.8,16.2,45,NA
2021-06-15 00:00:00,NA,1024.4,16.4,44,NA
2021-06-16 09:00:00,NA,1029.9,3,100,NA
2021-06-16 10:00:00,NA,1030,3,100,NA
2021-06-16 11:00:00,NA,1030.6,3.4,97,NA
2021-06-16 12:00:00,NA,1031.2,3,99,NA
2021-06-16 13:00:00,NA,1032.2,3.2,97,NA
2021-06-16 14:00:00,NA,1032.2,4,94,NA
2021-06-16 15:00:00,975.4,1031.7,4.2,97,NA
2021-06-16 16:00:00,974.9,1031.2,4.6,94,NA
2021-06-16 17:00:00,974.1,1030.2,5,88,NA
2021-06-16 18:00:00,973.7,1029.7,6.4,80,NA
2021-06-16 19:00:00,973.4,1029.5,6.4,79,NA
2021-06-16 20:00:00,973.3,1029.4,6.4,80,NA
2021-06-16 21:00:00,974.9,1031.4,6.4,80,NA
2021-06-16 22:00:00,974.2,1030.6,6.2,88,NA
2021-06-16 23:00:00,961.4,NA,6,91,NA
2021-06-17 00:00:00,NA,1031.7,5.8,91,NA
2021-06-18 00:00:00,972.4,NA,NA,NA,NA
2021-06-18 09:00:00,NA,1026.5,5.3,90,NA
2021-06-18 10:00:00,970.5,1026.4,5.2,90,NA
2021-06-18 11:00:00,971.4,1027.4,5.1,91,NA
2021-06-18 12:00:00,971.3,1027.3,5,93,NA
2021-06-18 13:00:00,971.3,1027.2,5.2,91,NA
2021-06-18 14:00:00,NA,1027.2,5.7,84,NA
2021-06-18 15:00:00,971,1026.7,6,80,NA
2021-06-18 16:00:00,970.2,1025.8,6.6,78,NA
2021-06-18 17:00:00,NA,1024.9,7.1,74,NA
2021-06-18 18:00:00,968.6,1023.9,7.6,70,NA
2021-06-18 19:00:00,968.6,1024,7.7,69,NA
2021-06-18 20:00:00,968.8,1024.2,7.9,68,NA
2021-06-18 21:00:00,969.3,1025,8,69,NA
2021-06-18 22:00:00,NA,1025.6,7.4,75,NA
2021-06-18 23:00:00,970.1,1025.9,7.4,74,NA
2021-06-19 00:00:00,NA,1026.8,7.2,79,NA
2021-06-19 23:00:00,969.2,NA,NA,NA,NA
2021-06-20 00:00:00,969.4,NA,NA,NA,NA
2021-06-20 09:00:00,963.8,1019.2,2.8,93,NA
2021-06-20 10:00:00,964.9,1020.5,2.8,93,NA
2021-06-20 11:00:00,965.4,1021.1,2.6,93,NA
2021-06-20 12:00:00,965.6,1021.3,3.4,90,NA
2021-06-20 13:00:00,966.1,1022,5.8,82,NA
2021-06-20 14:00:00,966.2,1021.6,7.6,73,NA
2021-06-20 15:00:00,965.2,1020.2,9,67,NA
2021-06-20 16:00:00,964.5,1019.2,9.6,63,NA
2021-06-20 17:00:00,963.2,1017.7,11,58,NA
2021-06-20 18:00:00,961.8,1015.9,11.8,55,NA
2021-06-20 19:00:00,961.6,1016.5,13,51,NA
2021-06-20 20:00:00,961.6,1016.3,12.8,53,NA
2021-06-20 21:00:00,962,1017,12.4,56,NA
2021-06-20 22:00:00,962.6,1018,9.4,67,NA
2021-06-20 23:00:00,963.3,1019.1,7.2,78,NA
2021-06-21 00:00:00,NA,1019.6,7.2,75,NA
2021-06-21 23:00:00,963.8,NA,NA,NA,NA
2021-06-22 00:00:00,964.2,NA,NA,NA,NA
2021-06-22 09:00:00,NA,1018.4,7,87,NA
2021-06-22 10:00:00,NA,1018.5,6.8,87,NA
2021-06-22 11:00:00,963.3,1018.5,6.7,87,NA
2021-06-22 12:00:00,964,1019.2,6.7,92,NA
2021-06-22 13:00:00,963.7,1018.8,9.4,92,NA
2021-06-22 14:00:00,963.8,1018.4,11.1,73,NA
2021-06-22 15:00:00,NA,1017.1,13.6,62,NA
2021-06-22 16:00:00,NA,1015.8,15.6,51,NA
2021-06-22 17:00:00,NA,1013.3,16.8,47,NA
2021-06-22 18:00:00,NA,1011.6,17.6,47,NA
2021-06-22 19:00:00,NA,1012.2,17.5,48,NA
2021-06-22 20:00:00,NA,1011.4,15.6,61,NA
2021-06-22 21:00:00,NA,1012.4,14.4,65,NA
2021-06-22 22:00:00,NA,1012.6,12.8,85,NA
2021-06-22 23:00:00,NA,1013.4,11.4,79,NA
2021-06-23 00:00:00,NA,1013.4,11.3,78,NA
2021-06-24 00:00:00,956.1,NA,NA,NA,NA
2021-06-24 09:00:00,NA,1014.9,5.8,85,NA
2021-06-24 10:00:00,960.6,1015.4,5.2,91,NA
2021-06-24 11:00:00,963.3,1018.6,4.2,91,NA
2021-06-24 12:00:00,964.4,1019.7,4.2,94,NA
2021-06-24 13:00:00,964.8,1020.5,10.4,71,NA
2021-06-24 14:00:00,964.5,1018.9,15.4,56,NA
2021-06-24 15:00:00,964,1017.4,17,52,NA
2021-06-24 16:00:00,963.3,1016.3,18.2,48,NA
2021-06-24 17:00:00,961.6,1014.3,18.6,46,NA
2021-06-24 18:00:00,960.4,1013,19.2,43,NA
2021-06-24 19:00:00,959.4,1013.1,20,39,NA
2021-06-24 20:00:00,958.9,1012.5,19.4,36,NA
2021-06-24 21:00:00,959.2,1013.3,18,40,NA
2021-06-24 22:00:00,959.3,1014.1,12.2,68,NA
2021-06-24 23:00:00,959.7,1014.7,10.7,72,NA
2021-06-25 00:00:00,NA,1015.5,9.8,73,NA
2021-06-26 00:00:00,956.2,NA,NA,NA,NA
2021-06-26 09:00:00,NA,1015.6,11.5,59,NA
2021-06-26 10:00:00,NA,1016.2,11.4,59,NA
2021-06-26 11:00:00,NA,1017.4,11.3,59,NA
2021-06-26 12:00:00,NA,1018.3,11.6,55,NA
2021-06-26 13:00:00,NA,1019.8,10.3,60,NA
2021-06-26 14:00:00,NA,1021.5,9.4,66,NA
2021-06-26 15:00:00,NA,1022.2,9.8,68,NA
2021-06-26 16:00:00,NA,1022.4,11.5,60,NA
2021-06-26 17:00:00,NA,1021.6,10.8,66,NA
2021-06-26 18:00:00,NA,1021.8,10.8,62,NA
2021-06-26 19:00:00,NA,1021.4,10.9,64,NA
2021-06-26 20:00:00,NA,1021.6,11.4,50,NA
2021-06-26 21:00:00,NA,1022.5,11,52,NA
2021-06-26 22:00:00,NA,1023.1,9.8,70,NA
2021-06-26 23:00:00,NA,1025,8.4,75,NA
2021-06-27 00:00:00,NA,1025.6,8.2,67,NA
2021-06-28 09:00:00,NA,1033.4,-2,79,NA
2021-06-28 10:00:00,NA,1035.3,-3.4,90,NA
2021-06-28 11:00:00,NA,1035.4,-1,78,NA
2021-06-28 12:00:00,NA,1035.7,-1.6,88,NA
2021-06-28 13:00:00,NA,1036.7,3.6,17,NA
2021-06-28 14:00:00,NA,1036.1,6.2,18,NA
2021-06-28 15:00:00,NA,1036.3,8.8,38,NA
2021-06-28 16:00:00,NA,1033.2,10.4,40,NA
2021-06-28 17:00:00,NA,1030.8,12.6,29,NA
2021-06-28 18:00:00,NA,1029.1,12.8,29,NA
2021-06-28 19:00:00,NA,1030.1,13.6,26,NA
2021-06-28 20:00:00,NA,1029.6,13.6,29,NA
2021-06-28 21:00:00,NA,1030.1,13.2,28,NA
2021-06-28 22:00:00,NA,1031.3,9.5,41,NA
2021-06-28 23:00:00,NA,1032,4.2,57,NA
2021-06-29 00:00:00,NA,1032.7,3.6,63,NA
2021-06-30 00:00:00,971.6,NA,NA,NA,NA
2021-06-30 09:00:00,NA,1020.2,4.5,96,NA
2021-06-30 10:00:00,965.8,1021.4,4,99,NA
2021-06-30 11:00:00,966.2,1022.2,3,68,NA
2021-06-30 12:00:00,966.1,1022.1,4.2,49,NA
2021-06-30 13:00:00,NA,1021.5,6,46,NA
2021-06-30 14:00:00,965.8,1021.2,8,36,NA
2021-06-30 15:00:00,965.4,1020.3,8.3,33,NA
2021-06-30 16:00:00,964.4,1019.2,11.8,32,NA
2021-06-30 17:00:00,NA,1016.8,12.7,32,NA
2021-06-30 18:00:00,961.6,1015.6,14,30,NA
2021-06-30 19:00:00,961.2,1015.6,14.5,27,NA
2021-06-30 20:00:00,960.1,1014.4,15.2,29,NA
2021-06-30 21:00:00,959.6,1014.1,15,24,NA
2021-06-30 22:00:00,NA,1015.2,13.1,30,NA
2021-06-30 23:00:00,961.4,1016.6,11,32,NA
2021-07-01 00:00:00,NA,1017,10.7,35,NA
