2021-01-07 00:00:00,974,NA,NA,NA,NA
2021-01-07 03:00:00,975,1014,17.3,72,NA
2021-01-07 06:00:00,NA,1013.4,15.6,76,NA
2021-01-07 09:00:00,NA,1012.9,14.4,78,NA
2021-01-07 10:00:00,974.2,1013,14.9,78,NA
2021-01-07 11:00:00,974.4,1013.3,16.3,74,NA
2021-01-07 12:00:00,NA,1013.3,21,60,NA
2021-01-07 13:00:00,974.5,1013,24.9,42,NA
2021-01-07 14:00:00,974.2,1012.9,26.9,39,NA
2021-01-07 15:00:00,973.8,1012.3,29.2,31,NA
2021-01-07 16:00:00,973,1011.5,30.1,30,NA
2021-01-07 17:00:00,972.6,1011,30.5,25,NA
2021-01-07 18:00:00,971.6,1009.9,31.8,28,NA
2021-01-07 19:00:00,971,1009.4,32.3,26,NA
2021-01-07 20:00:00,970.6,1008.9,32.3,25,NA
2021-01-07 21:00:00,970.1,1008.4,32.3,23,NA
2021-01-07 22:00:00,969.8,1008.1,31.8,22,NA
2021-01-07 23:00:00,970.4,1008.8,29.1,36,NA
2021-01-08 00:00:00,NA,1009.3,27,37,NA
2021-01-09 00:00:00,970.8,NA,NA,NA,NA
2021-01-09 03:00:00,974.8,1013.5,16.9,95,NA
2021-01-09 06:00:00,972.8,1011.2,16.5,97,NA
2021-01-09 09:00:00,972.9,1011.4,16.2,97,NA
2021-01-09 10:00:00,973.8,1012.8,16.4,97,NA
2021-01-09 11:00:00,974.6,1013.5,17.4,94,NA
2021-01-09 12:00:00,NA,1013.3,19.6,72,NA
2021-01-09 13:00:00,974.1,1012.9,21,68,NA
2021-01-09 14:00:00,973.6,1012.5,22.6,68,NA
2021-01-09 15:00:00,973,1011.9,23.8,67,NA
2021-01-09 16:00:00,972.5,1011.3,24.6,63,NA
2021-01-09 17:00:00,971.8,1010.5,25.6,63,NA
2021-01-09 18:00:00,970.5,1009.1,26.6,59,NA
2021-01-09 19:00:00,969.6,1008.1,27.4,54,NA
2021-01-09 20:00:00,969,1007.5,28,56,NA
2021-01-09 21:00:00,968.2,1006.6,28,57,NA
2021-01-09 22:00:00,968.1,1006.5,27.8,58,NA
2021-01-09 23:00:00,968.6,1007.2,26.2,63,NA
2021-01-10 00:00:00,NA,1008.3,24.8,74,NA
2021-01-11 00:00:00,963.8,NA,NA,NA,NA
2021-01-11 03:00:00,966.2,1004,25.6,79,NA
2021-01-11 06:00:00,964.2,1001.8,24.5,87,NA
2021-01-11 09:00:00,963,1000.5,23,92,NA
2021-01-11 10:00:00,964,1001.6,22.7,92,NA
2021-01-11 11:00:00,966.5,1004.2,23,94,NA
2021-01-11 12:00:00,969,1007.2,18.5,90,NA
2021-01-11 13:00:00,NA,1008.5,16.9,95,NA
2021-01-11 14:00:00,970,1009.6,17.9,95,NA
2021-01-11 15:00:00,971.2,1009.7,19.3,86,NA
2021-01-11 16:00:00,970.8,1009.2,20.9,78,NA
2021-01-11 17:00:00,970.2,1008.6,23,70,NA
2021-01-11 18:00:00,970.5,1008.8,23.1,70,NA
2021-01-11 19:00:00,NA,1009,23.1,70,NA
2021-01-11 20:00:00,971,1009.4,23.3,70,NA
2021-01-11 21:00:00,971.2,1009.6,23.6,69,NA
2021-01-11 22:00:00,NA,1010.3,23.6,70,NA
2021-01-11 23:00:00,972.8,1011.3,23,75,NA
2021-01-12 00:00:00,NA,1012.4,23,74,NA
2021-01-13 00:00:00,976.1,NA,NA,NA,NA
2021-01-13 03:00:00,978.5,1017.3,22,95,NA
2021-01-13 06:00:00,NA,1016.9,20,81,NA
2021-01-13 09:00:00,978.8,1017.4,19.7,83,NA
2021-01-13 10:00:00,973.4,1018.2,19.3,88,NA
2021-01-13 11:00:00,980,1018.7,21.2,78,NA
2021-01-13 12:00:00,NA,1018.8,22.6,69,NA
2021-01-13 13:00:00,980.1,1018.7,24.2,62,NA
2021-01-13 14:00:00,NA,1018.8,25.2,55,NA
2021-01-13 15:00:00,979.6,1018.2,25.9,60,NA
2021-01-13 16:00:00,979.3,1017.9,26.4,57,NA
2021-01-13 17:00:00,978.6,1017.3,27.2,60,NA
2021-01-13 18:00:00,978,1016.6,27.3,57,NA
2021-01-13 19:00:00,977.3,1015.9,27.2,57,NA
2021-01-13 20:00:00,976.1,1014.6,28.4,55,NA
2021-01-13 21:00:00,975.6,1014.1,28.2,55,NA
2021-01-13 22:00:00,975.3,1013.8,28.2,51,NA
2021-01-13 23:00:00,975.7,1014.1,27.6,59,NA
2021-01-14 00:00:00,NA,1014.7,26.6,61,NA
2021-01-15 00:00:00,970.8,NA,NA,NA,NA
2021-01-15 03:00:00,971,1009.3,21.6,77,NA
2021-01-15 06:00:00,NA,1008.6,21,85,NA
2021-01-15 09:00:00,969,1007.3,20.5,90,NA
2021-01-15 10:00:00,969.7,1007.9,21.5,87,NA
2021-01-15 11:00:00,969.3,1007.6,21.8,87,NA
2021-01-15 12:00:00,NA,1007.3,23.5,81,NA
2021-01-15 13:00:00,969.7,1008.3,19.8,97,NA
2021-01-15 14:00:00,970.8,1009.4,20,97,NA
2021-01-15 15:00:00,969,1007.6,20.1,97,NA
2021-01-15 16:00:00,NA,1006.3,22.1,90,NA
2021-01-15 17:00:00,968.2,1006.6,22.5,88,NA
2021-01-15 18:00:00,967.4,1005.7,24,82,NA
2021-01-15 19:00:00,966.8,1005.1,24,82,NA
2021-01-15 20:00:00,966.8,1005.1,24,82,NA
2021-01-15 21:00:00,965.4,1003.6,25.6,74,NA
2021-01-15 22:00:00,964.9,1003,26,74,NA
2021-01-15 23:00:00,965.4,1003.5,24.8,79,NA
2021-01-16 00:00:00,NA,1003.9,23.2,89,NA
2021-01-17 00:00:00,972.6,NA,NA,NA,NA
2021-01-17 03:00:00,975.8,1015.2,15.1,81,NA
2021-01-17 06:00:00,975.4,1014.5,16,71,NA
2021-01-17 09:00:00,976.8,1016.1,12.5,89,NA
2021-01-17 10:00:00,977.2,1016.5,12.9,90,NA
2021-01-17 11:00:00,977.6,1016.8,16.5,73,NA
2021-01-17 12:00:00,NA,1016.9,18.5,67,NA
2021-01-17 13:00:00,978,1017.1,21.4,54,NA
2021-01-17 14:00:00,NA,1016.9,23.7,46,NA
2021-01-17 15:00:00,977.4,1016.5,24.9,40,NA
2021-01-17 16:00:00,NA,1015.5,25.3,40,NA
2021-01-17 17:00:00,NA,1015.2,25.8,40,NA
2021-01-17 18:00:00,NA,1014.5,26.3,38,NA
2021-01-17 19:00:00,NA,1014.1,26.7,37,NA
2021-01-17 20:00:00,NA,1013.8,27.2,38,NA
2021-01-17 21:00:00,NA,1013.6,26.7,37,NA
2021-01-17 22:00:00,NA,1013.4,26.4,40,NA
2021-01-17 23:00:00,NA,1013.9,24,51,NA
2021-01-18 00:00:00,NA,1014,21.4,59,NA
2021-01-19 03:00:00,NA,1016.1,20,65,NA
2021-01-19 06:00:00,NA,1015.1,18.2,78,NA
2021-01-19 09:00:00,NA,1015.1,17.2,74,NA
2021-01-19 10:00:00,NA,1016.1,15.8,80,NA
2021-01-19 11:00:00,NA,1016.7,16.6,77,NA
2021-01-19 12:00:00,NA,1017,22,53,NA
2021-01-19 13:00:00,NA,1017,24.4,48,NA
2021-01-19 14:00:00,NA,1017,25.6,43,NA
2021-01-19 15:00:00,NA,1016.7,26.3,40,NA
2021-01-19 16:00:00,NA,1016.2,27.1,38,NA
2021-01-19 17:00:00,NA,1015.7,28.2,33,NA
2021-01-19 18:00:00,NA,1015.1,28.5,35,NA
2021-01-19 19:00:00,NA,1014.4,28.8,35,NA
2021-01-19 20:00:00,NA,1013.9,29.5,35,NA
2021-01-19 21:00:00,NA,1013.5,29.7,34,NA
2021-01-19 22:00:00,NA,1013.8,29.2,36,NA
2021-01-19 23:00:00,NA,1014.7,26.1,46,NA
2021-01-20 00:00:00,NA,1015.3,22.6,52,NA
2021-01-21 03:00:00,NA,1016.8,20.9,70,NA
2021-01-21 06:00:00,NA,1016.1,18.7,75,NA
2021-01-21 09:00:00,NA,1016.2,16.3,86,NA
2021-01-21 10:00:00,NA,1016.5,16.3,86,NA
2021-01-21 11:00:00,NA,1016.8,20,69,NA
2021-01-21 12:00:00,NA,1016.8,24.1,63,NA
2021-01-21 13:00:00,NA,1016.5,27.5,49,NA
2021-01-21 14:00:00,NA,1016.8,28,44,NA
2021-01-21 15:00:00,NA,1016.8,28.3,42,NA
2021-01-21 16:00:00,NA,1016.6,29.2,43,NA
2021-01-21 17:00:00,NA,1016.4,30,39,NA
2021-01-21 18:00:00,NA,1015.9,30.1,38,NA
2021-01-21 19:00:00,NA,1015.6,30.7,35,NA
2021-01-21 20:00:00,NA,1015,30.8,35,NA
2021-01-21 21:00:00,NA,1014.5,30.7,39,NA
2021-01-21 22:00:00,NA,1014.8,30,42,NA
2021-01-21 23:00:00,NA,1015.1,28.3,49,NA
2021-01-22 00:00:00,NA,1015.4,25.8,57,NA
2021-01-23 03:00:00,NA,1015.7,24.9,79,NA
2021-01-23 06:00:00,NA,1014.5,22.4,82,NA
2021-01-23 09:00:00,NA,1013.3,22,90,NA
2021-01-23 10:00:00,NA,1013.7,21.8,92,NA
2021-01-23 11:00:00,NA,1013.6,24.2,82,NA
2021-01-23 12:00:00,NA,1013.4,26.1,77,NA
2021-01-23 13:00:00,NA,1013.5,27.9,64,NA
2021-01-23 14:00:00,NA,1013.4,28.1,66,NA
2021-01-23 15:00:00,NA,1012.9,29.1,64,NA
2021-01-23 16:00:00,NA,1012.3,30.3,55,NA
2021-01-23 17:00:00,NA,1011.5,31.5,52,NA
2021-01-23 18:00:00,NA,1011,31.7,50,NA
2021-01-23 19:00:00,NA,1010,33,49,NA
2021-01-23 20:00:00,NA,1009.1,33.1,51,NA
2021-01-23 21:00:00,NA,1008.5,32.3,46,NA
2021-01-23 22:00:00,NA,1008.4,31.9,46,NA
2021-01-23 23:00:00,NA,1008.7,30.5,53,NA
2021-01-24 00:00:00,NA,1009.5,28.1,65,NA
2021-01-25 03:00:00,NA,1007.7,23.5,84,NA
2021-01-25 06:00:00,NA,1006,21.6,90,NA
2021-01-25 09:00:00,NA,1006.5,21.6,94,NA
2021-01-25 10:00:00,NA,1006.5,21.8,92,NA
2021-01-25 11:00:00,NA,1006.7,23.3,81,NA
2021-01-25 12:00:00,NA,1006.6,24.9,74,NA
2021-01-25 13:00:00,NA,1006,26.8,73,NA
2021-01-25 14:00:00,NA,1005.5,28,72,NA
2021-01-25 15:00:00,NA,1004.9,28.9,67,NA
2021-01-25 16:00:00,NA,1004.3,30.2,63,NA
2021-01-25 17:00:00,NA,1003.3,31.8,60,NA
2021-01-25 18:00:00,NA,1002.7,31.4,58,NA
2021-01-25 19:00:00,NA,1002.1,31.2,60,NA
2021-01-25 20:00:00,NA,1002.5,31,61,NA
2021-01-25 21:00:00,NA,1002.3,26,64,NA
2021-01-25 22:00:00,NA,1002.4,28.3,62,NA
2021-01-25 23:00:00,NA,1002.5,26,65,NA
2021-01-26 00:00:00,NA,1003.1,24.7,78,NA
2021-01-26 15:00:00,967,NA,25.3,84,NA
2021-01-26 16:00:00,966.9,NA,26.4,75,NA
2021-01-26 17:00:00,965.7,NA,28.7,67,NA
2021-01-26 18:00:00,965.2,NA,30.2,61,NA
2021-01-26 19:00:00,965.3,NA,29.2,62,NA
2021-01-26 20:00:00,965.4,NA,29,65,NA
2021-01-27 03:00:00,NA,1006.7,24.6,81,NA
2021-01-27 06:00:00,NA,1006.2,21.8,90,NA
2021-01-27 07:00:00,NA,1007.6,21,90,NA
2021-01-27 09:00:00,NA,1007.6,21,90,NA
2021-01-27 10:00:00,NA,1008.6,20.5,93,NA
2021-01-27 11:00:00,NA,1008.9,21,88,NA
2021-01-27 12:00:00,NA,1008.9,25.4,73,NA
2021-01-27 13:00:00,NA,1008.9,27.5,63,NA
2021-01-27 14:00:00,NA,1008.7,29.4,60,NA
2021-01-27 15:00:00,NA,1007.9,30.5,60,NA
2021-01-27 16:00:00,NA,1007.2,31,57,NA
2021-01-27 17:00:00,NA,1006.3,32,54,NA
2021-01-27 18:00:00,NA,1005.2,32.2,53,NA
2021-01-27 19:00:00,NA,1005.6,26.8,97,NA
2021-01-27 20:00:00,NA,1005.2,23.5,89,NA
2021-01-27 21:00:00,NA,1002.1,27.2,76,NA
2021-01-27 22:00:00,NA,1003.1,27.6,80,NA
2021-01-27 23:00:00,NA,1003.5,27.3,77,NA
2021-01-28 00:00:00,NA,1003.6,26.4,77,NA
2021-01-29 03:00:00,NA,1004.7,24,76,NA
2021-01-29 06:00:00,NA,1002.6,21.6,84,NA
2021-01-29 09:00:00,NA,1006.4,17,98,NA
2021-01-29 10:00:00,NA,1007.5,17.1,99,NA
2021-01-29 11:00:00,NA,1007.6,17.3,99,NA
2021-01-29 12:00:00,NA,1007.7,18,93,NA
2021-01-29 13:00:00,NA,1007,19.2,88,NA
2021-01-29 14:00:00,NA,1006.8,20.3,82,NA
2021-01-29 15:00:00,NA,1006.3,22,82,NA
2021-01-29 16:00:00,NA,1005.9,23.6,75,NA
2021-01-29 17:00:00,NA,1005.1,25.6,61,NA
2021-01-29 18:00:00,NA,1004.5,25.7,69,NA
2021-01-29 19:00:00,NA,1003.6,26.2,67,NA
2021-01-29 20:00:00,NA,1003.5,26.8,66,NA
2021-01-29 21:00:00,NA,1003,25.4,77,NA
2021-01-29 22:00:00,NA,1002.7,25.3,78,NA
2021-01-29 23:00:00,NA,1003.1,24.3,86,NA
2021-01-30 00:00:00,NA,1004.1,21.8,86,NA
2021-01-31 03:00:00,976.5,1015.8,17.2,99,NA
2021-01-31 06:00:00,NA,1015.3,16.1,98,NA
2021-01-31 09:00:00,976,1015.3,15.7,98,NA
2021-01-31 10:00:00,976.4,1015.8,15.5,94,NA
2021-01-31 11:00:00,NA,1015.9,15.6,93,NA
2021-01-31 12:00:00,976.5,1015.6,15.3,90,NA
2021-01-31 13:00:00,NA,1016,15.8,90,NA
2021-01-31 14:00:00,976.6,1016.1,16.5,86,NA
2021-01-31 15:00:00,976.6,1016,17.5,84,NA
2021-01-31 16:00:00,976.2,1015.7,17.9,82,NA
2021-01-31 17:00:00,NA,1015.5,16.9,87,NA
2021-01-31 18:00:00,975.4,1014.9,16.4,98,NA
2021-01-31 19:00:00,974.9,1014.4,16.8,94,NA
2021-01-31 20:00:00,NA,1014.2,16.8,91,NA
2021-01-31 21:00:00,974.5,1013.9,16.9,89,NA
2021-01-31 22:00:00,973.8,1013.3,16.9,88,NA
2021-01-31 23:00:00,975,1014.6,16.9,91,NA
2021-02-01 00:00:00,976,1015.5,16.8,92,NA
2021-02-02 00:00:00,974.6,NA,NA,NA,NA
2021-02-02 03:00:00,976.1,1015.2,18.8,87,NA
2021-02-02 06:00:00,975,1014.1,17,94,NA
2021-02-02 09:00:00,NA,1014.4,16.2,99,NA
2021-02-02 10:00:00,975.7,1014.9,16.1,100,NA
2021-02-02 11:00:00,976.1,1015.3,16,99,NA
2021-02-02 12:00:00,977,1016.3,16,97,NA
2021-02-02 13:00:00,977.4,1016.8,16.3,97,NA
2021-02-02 14:00:00,977.4,1016.8,17.7,87,NA
2021-02-02 15:00:00,977.4,1016.7,18.8,81,NA
2021-02-02 16:00:00,977,1016.2,19.4,75,NA
2021-02-02 17:00:00,976.9,1016.1,20.4,71,NA
2021-02-02 18:00:00,NA,1015.1,21.1,71,NA
2021-02-02 19:00:00,975.4,1014.4,22.4,68,NA
2021-02-02 20:00:00,975.4,1014.5,21.9,68,NA
2021-02-02 21:00:00,975.4,1014.6,21.6,69,NA
2021-02-02 22:00:00,976.1,1015.3,20.6,71,NA
2021-02-02 23:00:00,976.2,1015.6,20,77,NA
2021-02-03 00:00:00,NA,1016.4,19.3,82,NA
2021-02-04 00:00:00,978.4,NA,NA,NA,NA
2021-02-04 03:00:00,980.6,1019.8,17.5,92,NA
2021-02-04 06:00:00,979.8,1019,15.3,94,NA
2021-02-04 09:00:00,NA,1019.2,14.4,96,NA
2021-02-04 10:00:00,980.5,1019.7,14.3,96,NA
2021-02-04 11:00:00,981,1020.3,16.5,89,NA
2021-02-04 12:00:00,981.4,1020.6,18.8,80,NA
2021-02-04 13:00:00,981.7,1020.7,21.9,67,NA
2021-02-04 14:00:00,981.6,1020.6,24,61,NA
2021-02-04 15:00:00,981.6,1020.7,25,51,NA
2021-02-04 16:00:00,NA,1020.1,25.7,47,NA
2021-02-04 17:00:00,980.8,1019.8,26.1,45,NA
2021-02-04 18:00:00,980.4,1019.5,26.3,48,NA
2021-02-04 19:00:00,980,1019,26.9,47,NA
2021-02-04 20:00:00,979.3,1018.3,27.1,49,NA
2021-02-04 21:00:00,978.8,1017.8,26.8,51,NA
2021-02-04 22:00:00,978.6,1017.8,25.8,51,NA
2021-02-04 23:00:00,979,1018,25,55,NA
2021-02-05 00:00:00,NA,1019.1,21,78,NA
2021-02-05 03:00:00,NA,1019.2,18.8,87,NA
2021-02-05 06:00:00,NA,1017.4,17.4,90,NA
2021-02-05 09:00:00,NA,1016.3,15.9,90,NA
2021-02-05 10:00:00,NA,1016.9,15.1,93,NA
2021-02-05 11:00:00,NA,1017.6,16.5,80,NA
2021-02-05 12:00:00,NA,1017.6,21.1,76,NA
2021-02-05 13:00:00,NA,1017.6,23,67,NA
2021-02-05 14:00:00,NA,1017.4,24,63,NA
2021-02-05 15:00:00,NA,1016.8,25.3,59,NA
2021-02-05 16:00:00,NA,1016.4,25.9,53,NA
2021-02-05 17:00:00,NA,1015.4,26.4,53,NA
2021-02-05 18:00:00,NA,1014.6,27.3,55,NA
2021-02-05 19:00:00,NA,1013.8,27.5,52,NA
2021-02-05 20:00:00,NA,1013.1,27.6,52,NA
2021-02-05 21:00:00,NA,1012.5,27.4,50,NA
2021-02-05 22:00:00,NA,1012.7,27.1,55,NA
2021-02-05 23:00:00,NA,1013.1,25.3,63,NA
2021-02-06 00:00:00,974.9,1013.6,23,74,NA
2021-02-06 03:00:00,976.2,NA,NA,NA,NA
2021-02-06 06:00:00,975,NA,NA,NA,NA
2021-02-06 09:00:00,974.4,NA,NA,NA,NA
2021-02-06 10:00:00,974.8,NA,NA,NA,NA
2021-02-06 11:00:00,975.8,NA,NA,NA,NA
2021-02-06 12:00:00,976.1,NA,NA,NA,NA
2021-02-06 13:00:00,976.4,NA,NA,NA,NA
2021-02-06 14:00:00,976.2,NA,NA,NA,NA
2021-02-06 15:00:00,976.1,NA,NA,NA,NA
2021-02-06 16:00:00,975.4,NA,NA,NA,NA
2021-02-06 17:00:00,974.9,NA,NA,NA,NA
2021-02-06 18:00:00,974.4,NA,NA,NA,NA
2021-02-06 19:00:00,973.7,NA,NA,NA,NA
2021-02-06 20:00:00,973.2,NA,NA,NA,NA
2021-02-06 21:00:00,972.8,NA,NA,NA,NA
2021-02-06 22:00:00,972.6,NA,NA,NA,NA
2021-02-06 23:00:00,972.8,NA,NA,NA,NA
2021-02-08 00:00:00,974,NA,NA,NA,NA
2021-02-08 03:00:00,976.2,1014.6,21.9,85,NA
2021-02-08 06:00:00,974.9,1013.3,20.2,92,NA
2021-02-08 09:00:00,NA,1013.5,20.2,89,NA
2021-02-08 10:00:00,NA,1014.6,20.2,89,NA
2021-02-08 11:00:00,NA,1015.4,20.3,88,NA
2021-02-08 12:00:00,NA,1015.8,21.3,84,NA
2021-02-08 13:00:00,NA,1015.8,21.3,84,NA
2021-02-08 14:00:00,NA,1016.5,21.5,88,NA
2021-02-08 15:00:00,NA,1016.6,21.1,85,NA
2021-02-08 16:00:00,NA,1016.8,21.1,85,NA
2021-02-08 17:00:00,NA,1016.5,21.7,82,NA
2021-02-08 18:00:00,NA,1016.8,21.4,83,NA
2021-02-08 19:00:00,NA,1017.1,19.1,89,NA
2021-02-08 20:00:00,NA,1017.3,19.1,86,NA
2021-02-08 21:00:00,NA,1017.8,19,85,NA
2021-02-08 22:00:00,NA,1017.9,18.5,87,NA
2021-02-08 23:00:00,NA,1018.4,17.9,89,NA
2021-02-09 00:00:00,NA,1018.8,17.3,91,NA
2021-02-10 03:00:00,NA,1020.6,18,94,NA
2021-02-10 06:00:00,NA,1018.8,17.2,93,NA
2021-02-10 09:00:00,NA,1018.6,16.9,93,NA
2021-02-10 10:00:00,NA,1018.8,16.5,95,NA
2021-02-10 11:00:00,NA,1019.1,17,95,NA
2021-02-10 12:00:00,NA,1019.7,18.7,89,NA
2021-02-10 13:00:00,NA,1019.4,20.2,85,NA
2021-02-10 14:00:00,NA,1019.1,22.9,68,NA
2021-02-10 15:00:00,NA,1018.9,22.8,65,NA
2021-02-10 16:00:00,NA,1018.6,22.9,66,NA
2021-02-10 17:00:00,NA,1017.8,23.4,63,NA
2021-02-10 18:00:00,NA,1017.1,23.9,61,NA
2021-02-10 19:00:00,NA,1016.1,25.2,59,NA
2021-02-10 20:00:00,NA,1015.6,24.2,60,NA
2021-02-10 21:00:00,NA,1015.2,24.2,59,NA
2021-02-10 22:00:00,NA,1015.1,23.8,62,NA
2021-02-10 23:00:00,NA,1015.4,21.9,74,NA
2021-02-11 00:00:00,976.4,NA,20,82,NA
2021-02-11 03:00:00,977.6,NA,19.5,86,NA
2021-02-11 06:00:00,976.4,NA,17.6,95,NA
2021-02-11 09:00:00,975.4,NA,16.2,95,NA
2021-02-11 10:00:00,975.7,NA,15.9,95,NA
2021-02-11 11:00:00,975.8,NA,18.8,86,NA
2021-02-11 12:00:00,976.1,NA,19.4,87,NA
2021-02-11 13:00:00,976,NA,22.9,67,NA
2021-02-11 15:00:00,975.4,NA,24.9,60,NA
2021-02-11 16:00:00,974.8,NA,26.1,56,NA
2021-02-11 17:00:00,974.2,NA,26,60,NA
2021-02-11 18:00:00,973.6,NA,26.9,57,NA
2021-02-11 19:00:00,972.9,NA,26.7,56,NA
2021-02-11 20:00:00,972.2,NA,27.4,52,NA
2021-02-11 21:00:00,972.2,NA,26.3,55,NA
2021-02-11 22:00:00,972.2,NA,25,60,NA
2021-02-11 23:00:00,972.2,NA,23,74,NA
2021-02-12 03:00:00,NA,1013.2,19.5,87,NA
2021-02-12 06:00:00,NA,1012.1,19,93,NA
2021-02-12 09:00:00,NA,1011.8,17.3,99,NA
2021-02-12 10:00:00,NA,1012.3,16.8,98,NA
2021-02-12 11:00:00,NA,1012.7,17.3,95,NA
2021-02-12 12:00:00,NA,1012.8,21.2,82,NA
2021-02-12 13:00:00,NA,1012.7,22.5,72,NA
2021-02-12 14:00:00,NA,1012.7,23.8,72,NA
2021-02-12 15:00:00,NA,1012.8,25.9,66,NA
2021-02-12 16:00:00,NA,1012.3,26.3,65,NA
2021-02-12 17:00:00,NA,1011.4,26.9,60,NA
2021-02-12 18:00:00,NA,1010.3,27,57,NA
2021-02-12 19:00:00,NA,1009.9,26.9,58,NA
2021-02-12 20:00:00,NA,1009.5,26.4,58,NA
2021-02-12 21:00:00,NA,1009.6,26.3,61,NA
2021-02-12 22:00:00,NA,1009.7,25.1,70,NA
2021-02-12 23:00:00,NA,1010.3,24.5,73,NA
2021-02-13 00:00:00,972.1,NA,22.9,70,NA
2021-02-13 06:00:00,972.2,NA,17.7,89,NA
2021-02-13 10:00:00,971.8,NA,16.4,89,NA
2021-02-13 11:00:00,971.8,NA,16.9,86,NA
2021-02-13 12:00:00,971.7,NA,20.7,75,NA
2021-02-13 13:00:00,971.4,NA,23.8,64,NA
2021-02-13 14:00:00,971.3,NA,22.5,87,NA
2021-02-13 15:00:00,971,NA,26.7,59,NA
2021-02-13 16:00:00,970.5,NA,28.3,57,NA
2021-02-13 17:00:00,969.6,NA,29.6,46,NA
2021-02-13 18:00:00,968.6,NA,30.2,43,NA
2021-02-13 19:00:00,968,NA,28.5,45,NA
2021-02-13 20:00:00,967.2,NA,29.8,46,NA
2021-02-13 21:00:00,966.6,NA,29.5,46,NA
2021-02-13 22:00:00,966.6,NA,29,50,NA
2021-02-13 23:00:00,967.2,NA,27,60,NA
2021-02-14 03:00:00,NA,1008.8,18.7,94,NA
2021-02-14 06:00:00,NA,1007,18.2,93,NA
2021-02-14 09:00:00,NA,1006.1,16.7,94,NA
2021-02-14 10:00:00,NA,1006.2,17.1,90,NA
2021-02-14 11:00:00,NA,1006.7,18.4,84,NA
2021-02-14 12:00:00,NA,1007.2,21,77,NA
2021-02-14 13:00:00,NA,1007.5,25.2,59,NA
2021-02-14 14:00:00,NA,1007.9,26.9,53,NA
2021-02-14 15:00:00,NA,1008,28,48,NA
2021-02-14 16:00:00,NA,1007.7,28.7,50,NA
2021-02-14 17:00:00,NA,1007.5,29.5,48,NA
2021-02-14 18:00:00,NA,1006.7,30.3,47,NA
2021-02-14 19:00:00,NA,1006.5,30.7,46,NA
2021-02-14 20:00:00,NA,1006.3,30.2,50,NA
2021-02-14 21:00:00,NA,1006.3,30.1,50,NA
2021-02-14 22:00:00,NA,1006.5,29.2,54,NA
2021-02-14 23:00:00,NA,1006.7,27.5,58,NA
2021-02-15 00:00:00,968.8,NA,24.3,78,NA
2021-02-15 03:00:00,970.8,NA,22,87,NA
2021-02-15 06:00:00,970.6,NA,19.6,91,NA
2021-02-15 09:00:00,971.8,NA,18.8,91,NA
2021-02-15 10:00:00,971.8,NA,18.9,90,NA
2021-02-15 11:00:00,971.8,NA,19.1,89,NA
2021-02-15 12:00:00,973.2,NA,20.8,83,NA
2021-02-15 13:00:00,974,NA,23.2,70,NA
2021-02-15 14:00:00,974.1,NA,25.2,65,NA
2021-02-15 15:00:00,974.2,NA,26.9,58,NA
2021-02-15 17:00:00,974.6,NA,25.3,64,NA
2021-02-15 18:00:00,974.2,NA,24.1,67,NA
2021-02-15 19:00:00,972.9,NA,24.5,67,NA
2021-02-15 20:00:00,972.6,NA,24,69,NA
2021-02-15 21:00:00,973.8,NA,22.6,77,NA
2021-02-15 22:00:00,973.4,NA,21.8,80,NA
2021-02-15 23:00:00,974.9,NA,21.7,82,NA
2021-02-16 03:00:00,NA,1014.7,20.4,89,NA
2021-02-16 06:00:00,NA,1014.3,18.1,93,NA
2021-02-16 09:00:00,NA,1014,17.9,95,NA
2021-02-16 10:00:00,NA,1014.2,18.2,93,NA
2021-02-16 11:00:00,NA,1014.3,18.8,91,NA
2021-02-16 12:00:00,NA,1015.1,19.9,85,NA
2021-02-16 13:00:00,NA,1015.5,21.2,75,NA
2021-02-16 14:00:00,NA,1015.6,22,66,NA
2021-02-16 15:00:00,NA,1015.1,23.2,67,NA
2021-02-16 16:00:00,NA,1014.4,23.9,62,NA
2021-02-16 17:00:00,NA,1013.9,24.2,61,NA
2021-02-16 18:00:00,NA,1013,25.7,58,NA
2021-02-16 19:00:00,NA,1012,26,60,NA
2021-02-16 20:00:00,NA,1011.5,25.5,58,NA
2021-02-16 21:00:00,NA,1011.2,26,57,NA
2021-02-16 22:00:00,NA,1011.1,25.5,58,NA
2021-02-16 23:00:00,NA,1011.2,24.8,60,NA
2021-02-17 00:00:00,973.2,NA,22.4,73,NA
2021-02-17 03:00:00,974.4,NA,18.7,93,NA
2021-02-17 06:00:00,974,NA,17.8,91,NA
2021-02-17 09:00:00,973.2,NA,17,95,NA
2021-02-17 10:00:00,973.8,NA,16,95,NA
2021-02-17 11:00:00,974.1,NA,16.4,95,NA
2021-02-17 12:00:00,974.4,NA,20,84,NA
2021-02-17 13:00:00,974.5,NA,23.7,66,NA
2021-02-17 14:00:00,974.2,NA,25.1,62,NA
2021-02-17 15:00:00,973.8,NA,26.3,58,NA
2021-02-17 16:00:00,973.4,NA,27.3,56,NA
2021-02-17 17:00:00,972.9,NA,28.7,54,NA
2021-02-17 18:00:00,972.1,NA,28.9,50,NA
2021-02-17 19:00:00,971.6,NA,28.8,53,NA
2021-02-17 20:00:00,971,NA,29.1,51,NA
2021-02-17 21:00:00,970.9,NA,28.5,51,NA
2021-02-17 22:00:00,970.8,NA,27.3,53,NA
2021-02-17 23:00:00,971,NA,24.8,60,NA
2021-02-18 03:00:00,NA,1011.3,20.2,70,NA
2021-02-18 06:00:00,NA,1011,22,61,NA
2021-02-18 09:00:00,NA,1010.1,19.9,67,NA
2021-02-18 10:00:00,NA,1011.4,18.7,75,NA
2021-02-18 11:00:00,NA,1011.8,19.5,77,NA
2021-02-18 12:00:00,NA,1011.2,23.2,56,NA
2021-02-18 13:00:00,NA,1011.6,25.2,51,NA
2021-02-18 14:00:00,NA,1011.3,26.8,46,NA
2021-02-18 15:00:00,NA,1010.8,27.8,43,NA
2021-02-18 16:00:00,NA,1009.9,28.8,43,NA
2021-02-18 17:00:00,NA,1009,29.6,44,NA
2021-02-18 18:00:00,NA,1008.5,30.3,40,NA
2021-02-18 19:00:00,NA,1007.6,29,49,NA
2021-02-18 20:00:00,NA,1007.4,29.2,48,NA
2021-02-18 21:00:00,NA,1007.2,29,48,NA
2021-02-18 22:00:00,NA,1007.2,28,46,NA
2021-02-18 23:00:00,NA,1007.2,25.4,52,NA
2021-02-19 01:00:00,NA,1009,19,82,NA
2021-02-19 00:00:00,969,NA,23.4,54,NA
2021-02-19 03:00:00,970.6,NA,19,81,NA
2021-02-19 06:00:00,971.8,NA,18.7,82,NA
2021-02-19 09:00:00,976.2,NA,18,96,NA
2021-02-19 10:00:00,977.7,NA,17.5,95,NA
2021-02-19 11:00:00,976.5,NA,16.7,96,NA
2021-02-19 12:00:00,977.4,NA,17.1,96,NA
2021-02-19 13:00:00,978.6,NA,18.5,93,NA
2021-02-19 14:00:00,978.6,NA,19.3,87,NA
2021-02-19 15:00:00,978.2,NA,22.2,73,NA
2021-02-19 16:00:00,978.1,NA,23.1,66,NA
2021-02-19 17:00:00,977.8,NA,24.1,64,NA
2021-02-19 18:00:00,977,NA,23.6,63,NA
2021-02-19 19:00:00,976.2,NA,23.9,63,NA
2021-02-19 20:00:00,975.8,NA,25,62,NA
2021-02-19 21:00:00,975.8,NA,24.5,62,NA
2021-02-19 22:00:00,975.8,NA,24,67,NA
2021-02-19 23:00:00,976.8,NA,22.2,75,NA
2021-02-20 03:00:00,NA,1018.2,19.9,71,NA
2021-02-20 06:00:00,NA,1017.1,16.9,86,NA
2021-02-20 09:00:00,NA,1017.1,15,88,NA
2021-02-20 10:00:00,NA,1017.6,14.3,92,NA
2021-02-20 11:00:00,NA,1017.9,15.8,77,NA
2021-02-20 12:00:00,NA,1018.1,18.8,56,NA
2021-02-20 13:00:00,NA,1017.9,20,66,NA
2021-02-20 14:00:00,NA,1017.7,21.8,64,NA
2021-02-20 15:00:00,NA,1016.9,23,65,NA
2021-02-20 16:00:00,NA,1015.8,24.3,63,NA
2021-02-20 17:00:00,NA,1015.1,25.2,63,NA
2021-02-20 18:00:00,NA,1014.2,25.9,63,NA
2021-02-20 19:00:00,NA,1013.2,26,63,NA
2021-02-20 20:00:00,NA,1012.4,26,63,NA
2021-02-20 21:00:00,NA,1012.2,25.7,65,NA
2021-02-20 22:00:00,NA,1012,25.2,68,NA
2021-02-20 23:00:00,NA,1012.1,23.6,75,NA
2021-02-21 00:00:00,973.7,NA,22,91,NA
2021-02-21 03:00:00,975,NA,20.2,91,NA
2021-02-21 06:00:00,974.4,NA,20.2,91,NA
2021-02-21 09:00:00,974.4,NA,20.3,94,NA
2021-02-21 10:00:00,974.6,NA,20.5,93,NA
2021-02-21 11:00:00,974.9,NA,20.8,93,NA
2021-02-21 12:00:00,975,NA,22.5,86,NA
2021-02-21 13:00:00,975.2,NA,24.8,71,NA
2021-02-21 14:00:00,975.2,NA,26,67,NA
2021-02-21 16:00:00,974.4,NA,26.7,63,NA
2021-02-21 17:00:00,973.7,NA,27.2,64,NA
2021-02-21 19:00:00,971.7,NA,27.7,68,NA
2021-02-21 20:00:00,971.4,NA,28.4,64,NA
2021-02-21 21:00:00,970.9,NA,28.3,55,NA
2021-02-21 22:00:00,970.6,NA,27,60,NA
2021-02-22 03:00:00,NA,1009.9,23.7,76,NA
2021-02-22 06:00:00,NA,1008.6,21.7,83,NA
2021-02-22 09:00:00,NA,1007.9,21.2,84,NA
2021-02-22 10:00:00,NA,1008.4,21.1,85,NA
2021-02-22 11:00:00,NA,1009.1,22,83,NA
2021-02-22 12:00:00,NA,1009.7,22.8,80,NA
2021-02-22 13:00:00,NA,1010.2,24.7,73,NA
2021-02-22 14:00:00,NA,1010.8,24.6,78,NA
2021-02-22 15:00:00,NA,1010.6,26.3,75,NA
2021-02-22 16:00:00,NA,1010.2,27,72,NA
2021-02-22 17:00:00,NA,1009.5,28.8,64,NA
2021-02-22 18:00:00,NA,1008.8,29.6,63,NA
2021-02-22 19:00:00,NA,1008.4,29.8,61,NA
2021-02-22 20:00:00,NA,1008.2,30.1,58,NA
2021-02-22 21:00:00,NA,1008.4,30.3,59,NA
2021-02-22 22:00:00,NA,1008.8,29.1,62,NA
2021-02-22 23:00:00,NA,1009.5,27.2,70,NA
2021-02-23 00:00:00,973,NA,25.2,77,NA
2021-02-23 03:00:00,974.8,NA,23,79,NA
2021-02-23 06:00:00,975.8,NA,20.9,77,NA
2021-02-23 10:00:00,976.6,NA,16.5,98,NA
2021-02-23 11:00:00,977.4,NA,17.5,92,NA
2021-02-23 12:00:00,977.8,NA,18.1,89,NA
2021-02-23 13:00:00,978.4,NA,18,95,NA
2021-02-23 14:00:00,978.4,NA,19.5,90,NA
2021-02-23 15:00:00,978.2,NA,20.5,88,NA
2021-02-23 16:00:00,978.2,NA,19.7,89,NA
2021-02-23 17:00:00,977.8,NA,21.1,78,NA
2021-02-23 18:00:00,977.7,NA,22,75,NA
2021-02-23 19:00:00,977.2,NA,23,70,NA
2021-02-23 20:00:00,976.4,NA,23.9,63,NA
2021-02-23 21:00:00,976.5,NA,24,63,NA
2021-02-23 22:00:00,976.8,NA,22.8,67,NA
2021-02-23 23:00:00,977,NA,21,83,NA
2021-02-24 03:00:00,NA,1017.3,18.1,94,NA
2021-02-24 06:00:00,NA,1015.9,16.5,97,NA
2021-02-24 09:00:00,NA,1016.1,15.3,96,NA
2021-02-24 10:00:00,NA,1016.7,15.1,94,NA
2021-02-24 11:00:00,NA,1017.5,16.5,88,NA
2021-02-24 12:00:00,NA,1017.5,19.2,77,NA
2021-02-24 13:00:00,NA,1017.5,23.2,62,NA
2021-02-24 14:00:00,NA,1017.3,25.3,52,NA
2021-02-24 15:00:00,NA,1016.8,26.3,55,NA
2021-02-24 16:00:00,NA,1015.7,26.8,56,NA
2021-02-24 17:00:00,NA,1015.2,27.2,54,NA
2021-02-24 18:00:00,NA,1014.6,28,53,NA
2021-02-24 19:00:00,NA,1013.9,27.7,46,NA
2021-02-24 20:00:00,NA,1013.1,27.9,46,NA
2021-02-24 21:00:00,NA,1012.9,27.6,50,NA
2021-02-24 22:00:00,NA,1013,26.7,54,NA
2021-02-24 23:00:00,NA,1013.4,24.4,70,NA
2021-02-25 00:00:00,974.8,NA,22.7,81,NA
2021-02-25 03:00:00,976,NA,19.7,94,NA
2021-02-25 06:00:00,975.6,NA,18,91,NA
2021-02-25 09:00:00,975.4,NA,16.6,95,NA
2021-02-25 11:00:00,976.4,NA,18.1,92,NA
2021-02-25 12:00:00,976.6,NA,22.2,73,NA
2021-02-25 13:00:00,976.8,NA,23.6,69,NA
2021-02-25 14:00:00,976.6,NA,25.1,71,NA
2021-02-25 15:00:00,976.4,NA,26.6,64,NA
2021-02-25 16:00:00,975.8,NA,27.2,64,NA
2021-02-25 17:00:00,975,NA,28.1,65,NA
2021-02-25 18:00:00,974.2,NA,28.4,64,NA
2021-02-25 19:00:00,973.4,NA,29,63,NA
2021-02-25 20:00:00,972.4,NA,29.3,62,NA
2021-02-25 21:00:00,972.4,NA,28.4,60,NA
2021-02-25 22:00:00,972.2,NA,27.4,66,NA
2021-02-25 23:00:00,972.2,NA,25.1,76,NA
2021-02-26 03:00:00,NA,1012.8,21.8,80,NA
2021-02-26 06:00:00,NA,1011.8,20.6,85,NA
2021-02-26 09:00:00,NA,1011.5,19.2,89,NA
2021-02-26 10:00:00,NA,1011.9,19.2,89,NA
2021-02-26 11:00:00,NA,1012.1,20.2,82,NA
2021-02-26 12:00:00,NA,1012.7,21.5,82,NA
2021-02-26 13:00:00,NA,1012.8,24.2,72,NA
2021-02-26 14:00:00,NA,1012.6,25.8,60,NA
2021-02-26 15:00:00,NA,1012.3,26.9,54,NA
2021-02-26 16:00:00,NA,1011.9,27.5,54,NA
2021-02-26 17:00:00,NA,1011.6,28.1,54,NA
2021-02-26 18:00:00,NA,1011,28.7,53,NA
2021-02-26 19:00:00,NA,1010.4,29.3,55,NA
2021-02-26 20:00:00,NA,1009.7,29.2,49,NA
2021-02-26 21:00:00,NA,1009.7,28.6,57,NA
2021-02-26 22:00:00,NA,1009.6,27,65,NA
2021-02-26 23:00:00,NA,1010.7,25,67,NA
2021-02-27 00:00:00,973.2,NA,21.5,82,NA
2021-02-27 03:00:00,976.4,NA,20.6,79,NA
2021-02-27 06:00:00,976.9,NA,19.4,86,NA
2021-02-27 09:00:00,975.8,NA,17.3,92,NA
2021-02-27 10:00:00,975.8,NA,17.1,92,NA
2021-02-27 11:00:00,975.8,NA,19,85,NA
2021-02-27 12:00:00,976.6,NA,23.3,73,NA
2021-02-27 13:00:00,977,NA,25.2,61,NA
2021-02-27 14:00:00,977.4,NA,27,56,NA
2021-02-27 15:00:00,977.3,NA,27.7,54,NA
2021-02-27 16:00:00,977,NA,28,54,NA
2021-02-27 17:00:00,976.6,NA,28.3,57,NA
2021-02-27 18:00:00,976.1,NA,27.8,55,NA
2021-02-27 19:00:00,975.4,NA,28.2,57,NA
2021-02-27 20:00:00,974.6,NA,28.9,55,NA
2021-02-27 21:00:00,974.6,NA,28.5,60,NA
2021-02-27 22:00:00,974.5,NA,27.8,62,NA
2021-02-27 23:00:00,974.8,NA,25.6,73,NA
2021-02-28 03:00:00,NA,1014.5,21.5,81,NA
2021-02-28 06:00:00,NA,1013.6,21.2,80,NA
2021-02-28 09:00:00,NA,1012.9,20.5,86,NA
2021-02-28 10:00:00,NA,1013.1,19.8,92,NA
2021-02-28 11:00:00,NA,1013.9,21.2,86,NA
2021-02-28 12:00:00,NA,1014.7,23,77,NA
2021-02-28 13:00:00,NA,1014.6,23.4,79,NA
2021-02-28 14:00:00,NA,1014.1,24.3,76,NA
2021-02-28 15:00:00,NA,1013.8,27,72,NA
2021-02-28 16:00:00,NA,1012.8,27.2,69,NA
2021-02-28 17:00:00,NA,1011.6,28.6,62,NA
2021-02-28 18:00:00,NA,1011,28.6,62,NA
2021-02-28 19:00:00,NA,1010.1,29.6,61,NA
2021-02-28 20:00:00,NA,1009.4,29.4,62,NA
2021-02-28 21:00:00,NA,1009,30.4,62,NA
2021-02-28 22:00:00,NA,1009.3,27.1,70,NA
2021-02-28 23:00:00,NA,1009.1,28,71,NA
2021-03-01 00:00:00,NA,1009.8,26.7,81,NA
2021-03-01 01:00:00,NA,1011.3,25.6,85,NA
2021-03-02 03:00:00,NA,1011.9,23.2,74,NA
2021-03-02 06:00:00,NA,1011.2,22.2,88,NA
2021-03-02 09:00:00,NA,1011.4,21.1,91,NA
2021-03-02 10:00:00,NA,1011.6,21.4,87,NA
2021-03-02 11:00:00,NA,1012.2,21.8,93,NA
2021-03-02 12:00:00,NA,1012.5,22.5,92,NA
2021-03-02 13:00:00,NA,1012.8,26.5,76,NA
2021-03-02 14:00:00,NA,1012.9,28.4,65,NA
2021-03-02 15:00:00,NA,1012.8,28.5,66,NA
2021-03-02 16:00:00,NA,1012.1,30,59,NA
2021-03-02 17:00:00,NA,1011.4,30.7,57,NA
2021-03-02 18:00:00,972.8,1010.8,30.8,54,NA
2021-03-02 19:00:00,972.8,1010.9,29.3,54,NA
2021-03-02 20:00:00,973.3,1011.8,24.9,66,NA
2021-03-02 21:00:00,973.4,1012,23,80,NA
2021-03-02 22:00:00,974.2,1013,22.5,84,NA
2021-03-02 23:00:00,974.6,1013.3,21.3,90,NA
2021-03-03 00:00:00,NA,1013.8,21.5,90,NA
2021-03-04 00:00:00,974.8,NA,NA,NA,NA
2021-03-04 03:00:00,975,1013.6,21,85,NA
2021-03-04 06:00:00,974.6,1013.1,20.4,91,NA
2021-03-04 09:00:00,973.7,1012.1,19.6,93,NA
2021-03-04 10:00:00,973.7,1012.2,18.9,93,NA
2021-03-04 11:00:00,974.4,1012.9,20.1,88,NA
2021-03-04 12:00:00,974.8,1013.3,22.2,80,NA
2021-03-04 13:00:00,975,1013.3,25.9,68,NA
2021-03-04 14:00:00,974.9,1013.2,27,69,NA
2021-03-04 15:00:00,975.3,1013.6,29,65,NA
2021-03-04 16:00:00,975,1013.4,28.7,62,NA
2021-03-04 17:00:00,974.4,1012.7,29.1,57,NA
2021-03-04 18:00:00,974,1012.2,30.2,53,NA
2021-03-04 19:00:00,973.6,1012,27.8,67,NA
2021-03-04 20:00:00,973.6,1012,28,61,NA
2021-03-04 21:00:00,973.3,1011.7,28.4,62,NA
2021-03-04 22:00:00,972.9,1011.4,26.9,72,NA
2021-03-04 23:00:00,973.4,1012,25.4,79,NA
2021-03-05 00:00:00,NA,1012.6,24.5,87,NA
2021-03-05 23:00:00,972.9,NA,NA,NA,NA
2021-03-06 03:00:00,974.5,1012.8,22.3,88,NA
2021-03-06 06:00:00,973.8,1012.1,20.5,92,NA
2021-03-06 09:00:00,973.3,1011.7,19.5,94,NA
2021-03-06 10:00:00,NA,1011.9,18.8,97,NA
2021-03-06 11:00:00,973.8,1012.4,19.1,95,NA
2021-03-06 12:00:00,974.2,1012.7,20.8,85,NA
2021-03-06 13:00:00,974.2,1012.6,23,80,NA
2021-03-06 14:00:00,974.1,1012.5,25.4,65,NA
2021-03-06 15:00:00,973.8,1012.2,26.6,71,NA
2021-03-06 16:00:00,973.3,1011.5,27.8,68,NA
2021-03-06 17:00:00,972.6,1010.9,29,68,NA
2021-03-06 18:00:00,972.2,1010.5,29.8,58,NA
2021-03-06 19:00:00,971.8,1009.9,30.2,58,NA
2021-03-06 20:00:00,971.3,1009.5,30.4,52,NA
2021-03-06 21:00:00,971.4,1009.7,30.2,58,NA
2021-03-06 22:00:00,971.7,1010,28.8,60,NA
2021-03-06 23:00:00,972,1010.5,26.4,69,NA
2021-03-07 00:00:00,NA,1011.2,24.9,75,NA
2021-03-07 23:00:00,970.2,NA,NA,NA,NA
2021-03-08 03:00:00,972.5,1010.8,21.8,83,NA
2021-03-08 06:00:00,972.9,1011.1,19.7,92,NA
2021-03-08 09:00:00,974.6,1013,19.5,87,NA
2021-03-08 10:00:00,976.2,1014.8,18.6,91,NA
2021-03-08 11:00:00,977.8,1016.4,19.7,89,NA
2021-03-08 12:00:00,979,1017.8,21.5,86,NA
2021-03-08 13:00:00,979.7,1018.4,23,76,NA
2021-03-08 14:00:00,980.5,1019.3,23.1,70,NA
2021-03-08 15:00:00,980.2,1018.9,25.6,61,NA
2021-03-08 16:00:00,979.4,1018.1,27.6,56,NA
2021-03-08 17:00:00,NA,1017.7,27.2,60,NA
2021-03-08 18:00:00,978.4,1017.2,25.4,69,NA
2021-03-08 19:00:00,977.4,1016.3,25,68,NA
2021-03-08 20:00:00,976.9,1015.6,25.6,65,NA
2021-03-08 21:00:00,977,1015.7,25.2,67,NA
2021-03-08 22:00:00,977,1016,24.2,70,NA
2021-03-08 23:00:00,977,1015.8,23.2,74,NA
2021-03-09 00:00:00,NA,1016.3,22.8,71,NA
2021-03-10 00:00:00,974,NA,NA,NA,NA
2021-03-10 03:00:00,NA,1011.9,21,71,NA
2021-03-10 06:00:00,973.6,1011.8,21.6,64,NA
2021-03-10 09:00:00,NA,1010.7,18.7,83,NA
2021-03-10 10:00:00,972.8,1011.2,18.3,83,NA
2021-03-10 11:00:00,973,1011.6,18.3,87,NA
2021-03-10 12:00:00,973.2,1011.7,21.6,72,NA
2021-03-10 13:00:00,973,1011.4,24.4,58,NA
2021-03-10 14:00:00,972.8,1011.1,26.5,49,NA
2021-03-10 15:00:00,972,1010.2,28.5,46,NA
2021-03-10 16:00:00,971,1009.2,29.5,48,NA
2021-03-10 17:00:00,969.8,1007.8,30.2,46,NA
2021-03-10 18:00:00,968.9,1006.8,31,40,NA
2021-03-10 19:00:00,967.7,1005.6,31.1,39,NA
2021-03-10 20:00:00,967.3,1005.3,31.1,34,NA
2021-03-10 21:00:00,967.3,1005.3,30.9,34,NA
2021-03-10 22:00:00,967.4,1005.5,29.6,46,NA
2021-03-10 23:00:00,967.7,1006,26.7,53,NA
2021-03-11 00:00:00,NA,1006.3,25.5,52,NA
2021-03-12 00:00:00,975,NA,NA,NA,NA
2021-03-12 03:00:00,976.5,1015,21.4,87,NA
2021-03-12 06:00:00,975.8,1014.5,21,90,NA
2021-03-12 09:00:00,975.8,1014.5,17.8,93,NA
2021-03-12 10:00:00,976.2,1015,18.9,92,NA
2021-03-12 11:00:00,977.4,1016.4,18.3,97,NA
2021-03-12 12:00:00,978.6,1017.6,18,99,NA
2021-03-12 13:00:00,979.2,1018.2,19.2,96,NA
2021-03-12 14:00:00,979.6,1018.7,18.7,95,NA
2021-03-12 15:00:00,979,1018,20.2,90,NA
2021-03-12 16:00:00,978,1016.9,21.4,85,NA
2021-03-12 17:00:00,977.6,1016.5,21.4,82,NA
2021-03-12 18:00:00,977.2,1016,22,78,NA
2021-03-12 19:00:00,976.4,1015.3,22.1,80,NA
2021-03-12 20:00:00,975.6,1014.6,21.8,86,NA
2021-03-12 21:00:00,974.9,1013.9,21.8,86,NA
2021-03-12 22:00:00,975.4,1014.4,20.8,86,NA
2021-03-12 23:00:00,975.7,1014.8,19.8,89,NA
2021-03-13 00:00:00,NA,1015.2,18.8,91,NA
2021-03-14 03:00:00,NA,1015.2,20.7,91,NA
2021-03-14 06:00:00,NA,1015.4,18.9,95,NA
2021-03-14 09:00:00,NA,1015,19.8,93,NA
2021-03-14 10:00:00,NA,1014.9,20,95,NA
2021-03-14 11:00:00,NA,1015.7,20.2,95,NA
2021-03-14 12:00:00,NA,1017,20.6,90,NA
2021-03-14 13:00:00,NA,1017.5,20.6,91,NA
2021-03-14 14:00:00,NA,1017.8,20.6,89,NA
2021-03-14 15:00:00,NA,1017.3,22.3,88,NA
2021-03-14 16:00:00,NA,1016.7,24.4,76,NA
2021-03-14 17:00:00,NA,1016,26.3,72,NA
2021-03-14 18:00:00,NA,1015.2,26.6,70,NA
2021-03-14 19:00:00,NA,1014.3,26.8,70,NA
2021-03-14 20:00:00,NA,1013.7,27,61,NA
2021-03-14 21:00:00,NA,1013.9,26,76,NA
2021-03-14 22:00:00,NA,1013.9,24.4,83,NA
2021-03-14 23:00:00,NA,1014.3,23.2,83,NA
2021-03-15 00:00:00,NA,1015.1,22.6,86,NA
2021-03-15 12:00:00,975.7,NA,18.1,96,NA
2021-03-15 13:00:00,976.2,NA,18.9,95,NA
2021-03-15 14:00:00,975.8,NA,19.9,79,NA
2021-03-15 15:00:00,975.4,NA,20.3,78,NA
2021-03-15 16:00:00,975,NA,20.1,79,NA
2021-03-15 17:00:00,973.8,NA,20.5,84,NA
2021-03-15 18:00:00,973,NA,21.4,79,NA
2021-03-16 03:00:00,NA,1009.7,19.7,97,NA
2021-03-16 06:00:00,NA,1008.8,19.1,97,NA
2021-03-16 09:00:00,NA,1009.2,18,100,NA
2021-03-16 10:00:00,NA,1008.8,17.8,100,NA
2021-03-16 11:00:00,NA,1007.3,16.5,94,NA
2021-03-16 12:00:00,NA,1009.6,17,97,NA
2021-03-16 13:00:00,NA,1009.5,18,91,NA
2021-03-16 14:00:00,NA,1009.2,20,74,NA
2021-03-16 15:00:00,NA,1008.9,21.8,75,NA
2021-03-16 16:00:00,NA,1008.4,23,73,NA
2021-03-16 17:00:00,NA,1008.4,23.7,71,NA
2021-03-16 18:00:00,NA,1008.4,25.4,54,NA
2021-03-16 19:00:00,NA,1008.6,25.6,49,NA
2021-03-16 20:00:00,NA,1008.3,25.4,54,NA
2021-03-16 21:00:00,NA,1007.3,25.5,54,NA
2021-03-16 22:00:00,NA,1009.1,24.4,59,NA
2021-03-16 23:00:00,NA,1010,21,76,NA
2021-03-17 00:00:00,971.7,NA,19.8,82,NA
2021-03-17 03:00:00,974.6,NA,17.8,91,NA
2021-03-17 06:00:00,975.7,NA,16,92,NA
2021-03-17 09:00:00,976.8,NA,18,91,NA
2021-03-17 10:00:00,977.2,NA,17,89,NA
2021-03-17 11:00:00,978.2,NA,17.6,92,NA
2021-03-17 12:00:00,979,NA,17.7,91,NA
2021-03-18 03:00:00,NA,1023.2,14.3,91,NA
2021-03-18 06:00:00,NA,1022.2,14.2,91,NA
2021-03-18 09:00:00,NA,1021.4,13,87,NA
2021-03-18 10:00:00,NA,1021.7,12.2,91,NA
2021-03-18 11:00:00,NA,1022.2,12.5,91,NA
2021-03-18 12:00:00,NA,1022.1,12.7,88,NA
2021-03-18 13:00:00,NA,1022,13.8,81,NA
2021-03-18 14:00:00,NA,1021.5,15.3,77,NA
2021-03-18 15:00:00,NA,1020.8,17.6,71,NA
2021-03-18 16:00:00,NA,1020.1,17,68,NA
2021-03-18 17:00:00,NA,1018.9,18.5,63,NA
2021-03-18 18:00:00,NA,1017.5,18.5,65,NA
2021-03-18 19:00:00,NA,1016.6,19.1,59,NA
2021-03-18 20:00:00,NA,1016.8,18.1,65,NA
2021-03-18 21:00:00,NA,1017,18,68,NA
2021-03-18 22:00:00,NA,1017.3,17.2,74,NA
2021-03-19 00:00:00,978.2,NA,16.7,76,NA
2021-03-19 03:00:00,978.9,NA,15.5,84,NA
2021-03-19 06:00:00,977.3,NA,13.8,81,NA
2021-03-19 09:00:00,976.6,NA,12.5,87,NA
2021-03-19 10:00:00,976.8,NA,12.2,89,NA
2021-03-19 11:00:00,977,NA,12.9,84,NA
2021-03-19 12:00:00,977.2,NA,14.8,75,NA
2021-03-19 13:00:00,976.8,NA,16.2,71,NA
2021-03-19 14:00:00,976.8,NA,17.9,64,NA
2021-03-19 15:00:00,976,NA,18,71,NA
2021-03-19 16:00:00,975.2,NA,19.5,67,NA
2021-03-19 17:00:00,973.8,NA,19.7,67,NA
2021-03-19 18:00:00,973.3,NA,19.8,65,NA
2021-03-19 19:00:00,972.2,NA,20,65,NA
2021-03-19 20:00:00,972.1,NA,19.8,68,NA
2021-03-19 21:00:00,972.2,NA,19.6,70,NA
2021-03-19 22:00:00,972.4,NA,19.4,71,NA
2021-03-19 23:00:00,972.9,NA,18.8,83,NA
2021-03-20 03:00:00,NA,1011.7,17.2,89,NA
2021-03-20 06:00:00,NA,1011.7,16.8,92,NA
2021-03-20 09:00:00,NA,1011.7,16.6,94,NA
2021-03-20 10:00:00,NA,1012.5,16,94,NA
2021-03-20 11:00:00,NA,1013.6,15.8,97,NA
2021-03-20 12:00:00,NA,1014.3,17.3,89,NA
2021-03-20 13:00:00,NA,1014.8,19.6,80,NA
2021-03-20 14:00:00,NA,1015.7,20.2,75,NA
2021-03-20 15:00:00,NA,1015.5,21.5,69,NA
2021-03-20 16:00:00,NA,1015.4,21.8,63,NA
2021-03-20 17:00:00,NA,1015.4,22.2,63,NA
2021-03-20 18:00:00,NA,1015.1,22.7,50,NA
2021-03-20 19:00:00,NA,1015.1,23.9,53,NA
2021-03-20 20:00:00,NA,1015.8,23.9,48,NA
2021-03-20 21:00:00,NA,1016,23.3,50,NA
2021-03-20 22:00:00,NA,1017,21.5,59,NA
2021-03-20 23:00:00,NA,1018.2,18,76,NA
2021-03-21 00:00:00,979.8,NA,17.9,72,NA
2021-03-21 03:00:00,982.4,NA,14.7,80,NA
2021-03-21 06:00:00,981,NA,13.2,90,NA
2021-03-21 10:00:00,982.6,NA,11.7,84,NA
2021-03-21 11:00:00,983,NA,11.7,90,NA
2021-03-21 13:00:00,983.8,NA,19.7,62,NA
2021-03-21 14:00:00,984,NA,22.6,41,NA
2021-03-21 15:00:00,983.7,NA,23.3,36,NA
2021-03-21 16:00:00,983,NA,23.5,41,NA
2021-03-21 17:00:00,982.4,NA,23.8,37,NA
2021-03-21 18:00:00,981.6,NA,25.1,38,NA
2021-03-21 19:00:00,981,NA,24.8,38,NA
2021-03-21 20:00:00,980.9,NA,24.5,39,NA
2021-03-21 21:00:00,980.8,NA,24.1,39,NA
2021-03-21 22:00:00,980.6,NA,22.6,47,NA
2021-03-21 23:00:00,980.9,NA,19.1,67,NA
2021-03-22 03:00:00,NA,1021.2,14.9,80,NA
2021-03-22 06:00:00,NA,1019.8,14,83,NA
2021-03-22 09:00:00,NA,1019.3,14.2,86,NA
2021-03-22 10:00:00,NA,1019.6,14.1,86,NA
2021-03-22 11:00:00,NA,1020.3,14.4,87,NA
2021-03-22 12:00:00,NA,1020.9,15.5,77,NA
2021-03-22 13:00:00,NA,1021.4,17.9,70,NA
2021-03-22 14:00:00,NA,1021.3,22,53,NA
2021-03-22 15:00:00,NA,1020.9,23.5,51,NA
2021-03-22 16:00:00,NA,1020.5,24.3,52,NA
2021-03-22 17:00:00,NA,1019.7,24.3,52,NA
2021-03-22 18:00:00,NA,1019.2,24.5,53,NA
2021-03-22 19:00:00,NA,1018,25.5,48,NA
2021-03-22 20:00:00,NA,1018,24.5,48,NA
2021-03-22 21:00:00,NA,1017.9,24.4,49,NA
2021-03-22 22:00:00,NA,1018.4,23.2,60,NA
2021-03-22 23:00:00,NA,1019.2,20.1,72,NA
2021-03-23 00:00:00,980.4,NA,18.8,80,NA
2021-03-23 06:00:00,979.3,NA,16.5,84,NA
2021-03-23 10:00:00,978.2,NA,13.6,93,NA
2021-03-23 11:00:00,978.4,NA,14.3,93,NA
2021-03-23 12:00:00,978.5,NA,16.6,83,NA
2021-03-23 13:00:00,978.5,NA,19.8,75,NA
2021-03-23 14:00:00,978.2,NA,21.7,65,NA
2021-03-23 15:00:00,977.8,NA,23.3,58,NA
2021-03-23 16:00:00,977,NA,24.3,55,NA
2021-03-23 17:00:00,976.1,NA,25.1,54,NA
2021-03-23 18:00:00,975.2,NA,25.4,52,NA
2021-03-23 19:00:00,974.6,NA,25.6,51,NA
2021-03-23 20:00:00,974.2,NA,25.6,51,NA
2021-03-23 21:00:00,974,NA,25,55,NA
2021-03-23 23:00:00,974.2,NA,19.9,65,NA
2021-03-24 03:00:00,NA,1014.7,16.4,85,NA
2021-03-24 06:00:00,NA,1013.8,14.5,93,NA
2021-03-24 09:00:00,NA,1013.4,15.5,100,NA
2021-03-24 10:00:00,NA,1014,15.8,98,NA
2021-03-24 11:00:00,NA,1014.6,17,96,NA
2021-03-24 12:00:00,NA,1014.8,18.2,93,NA
2021-03-24 13:00:00,NA,1014.5,21.2,83,NA
2021-03-24 14:00:00,NA,1014.3,22.7,77,NA
2021-03-24 15:00:00,NA,1014,24.6,73,NA
2021-03-24 16:00:00,NA,1013.3,25.3,70,NA
2021-03-24 17:00:00,NA,1012.7,25.1,72,NA
2021-03-24 18:00:00,NA,1011.9,25.3,72,NA
2021-03-24 19:00:00,NA,1011.4,25,73,NA
2021-03-24 20:00:00,NA,1010.8,24,81,NA
2021-03-24 21:00:00,NA,1010.8,23.1,83,NA
2021-03-24 22:00:00,NA,1011.2,22.2,90,NA
2021-03-24 23:00:00,NA,1011.2,21.6,93,NA
2021-03-25 00:00:00,972.8,NA,21.9,93,NA
2021-03-25 03:00:00,973.4,NA,21.8,96,NA
2021-03-25 06:00:00,971.6,NA,21.4,96,NA
2021-03-25 09:00:00,970.6,NA,21,98,NA
2021-03-25 10:00:00,970.8,NA,20.8,98,NA
2021-03-25 11:00:00,971.2,NA,20.6,96,NA
2021-03-25 12:00:00,972.1,NA,19.9,95,NA
2021-03-25 13:00:00,971.8,NA,20.1,98,NA
2021-03-25 14:00:00,972.1,NA,21.1,93,NA
2021-03-25 15:00:00,973,NA,21.1,83,NA
2021-03-25 16:00:00,972.9,NA,21.6,94,NA
2021-03-25 17:00:00,971.8,NA,22.5,86,NA
2021-03-25 18:00:00,971.4,NA,24.3,72,NA
2021-03-25 19:00:00,970.9,NA,24,73,NA
2021-03-25 20:00:00,970.6,NA,24.5,82,NA
2021-03-25 21:00:00,970.6,NA,23.5,78,NA
2021-03-25 23:00:00,971.7,NA,21,83,NA
2021-03-26 03:00:00,NA,1012.9,18,88,NA
2021-03-26 06:00:00,NA,1012.2,18.5,92,NA
2021-03-26 09:00:00,NA,1012.7,18.3,92,NA
2021-03-26 10:00:00,NA,1013.2,17.8,94,NA
2021-03-26 11:00:00,NA,1014.6,16,94,NA
2021-03-26 12:00:00,NA,1015.6,15.8,96,NA
2021-03-26 13:00:00,NA,1016.3,17,88,NA
2021-03-26 14:00:00,NA,1016.9,17,87,NA
2021-03-26 15:00:00,NA,1017,17.4,80,NA
2021-03-26 16:00:00,NA,1016.8,17.6,80,NA
2021-03-26 17:00:00,NA,1016,19.2,73,NA
2021-03-26 18:00:00,NA,1015.3,19.6,70,NA
2021-03-26 19:00:00,NA,1015.3,20,68,NA
2021-03-26 20:00:00,NA,1015.6,20.5,68,NA
2021-03-26 21:00:00,NA,1015.9,19.7,66,NA
2021-03-26 22:00:00,NA,1016.5,18,72,NA
2021-03-26 23:00:00,NA,1017.6,16.7,74,NA
2021-03-27 00:00:00,978.8,NA,16,77,NA
2021-03-27 03:00:00,979.2,NA,15.2,75,NA
2021-03-27 06:00:00,978.6,NA,14,77,NA
2021-03-27 09:00:00,977.6,NA,11.4,81,NA
2021-03-27 10:00:00,978,NA,10.6,91,NA
2021-03-27 11:00:00,978.4,NA,9.2,90,NA
2021-03-27 12:00:00,979,NA,10.6,94,NA
2021-03-27 13:00:00,979.6,NA,15.5,75,NA
2021-03-27 14:00:00,979.7,NA,19.7,49,NA
2021-03-27 15:00:00,979.4,NA,20.6,49,NA
2021-03-27 17:00:00,978.5,NA,22.3,45,NA
2021-03-27 18:00:00,977.7,NA,22.5,41,NA
2021-03-27 19:00:00,977.3,NA,22.3,49,NA
2021-03-27 21:00:00,976.9,NA,21.8,48,NA
2021-03-27 22:00:00,977.2,NA,19.7,49,NA
2021-03-27 23:00:00,977,NA,17.5,48,NA
2021-03-28 03:00:00,NA,1019.7,11.3,81,NA
2021-03-28 06:00:00,NA,1018.6,10.9,84,NA
2021-03-28 09:00:00,NA,1018.2,10.3,89,NA
2021-03-28 10:00:00,NA,1018.3,9.8,90,NA
2021-03-28 11:00:00,NA,1018.7,10.3,85,NA
2021-03-28 12:00:00,NA,1018.9,11.9,91,NA
2021-03-28 13:00:00,NA,1018.7,16.4,67,NA
2021-03-28 14:00:00,NA,1019.2,18.1,64,NA
2021-03-28 15:00:00,NA,1018.7,20,57,NA
2021-03-28 16:00:00,NA,1018.3,20.6,59,NA
2021-03-28 17:00:00,NA,1017.3,21.8,65,NA
2021-03-28 18:00:00,NA,1016.4,23,53,NA
2021-03-28 19:00:00,NA,1015.8,23.2,52,NA
2021-03-28 20:00:00,NA,1015.6,23.4,51,NA
2021-03-28 21:00:00,NA,1015.2,23.4,51,NA
2021-03-28 22:00:00,NA,1015.6,22,57,NA
2021-03-28 23:00:00,NA,1015.9,21.8,55,NA
2021-03-29 00:00:00,977.2,NA,17,83,NA
2021-03-29 03:00:00,978.6,NA,13,96,NA
2021-03-29 06:00:00,978.8,NA,11.1,92,NA
2021-03-29 09:00:00,978.6,NA,10.5,92,NA
2021-03-29 10:00:00,979,NA,9.7,96,NA
2021-03-29 11:00:00,979.6,NA,9.8,96,NA
2021-03-29 12:00:00,980,NA,12.5,93,NA
2021-03-29 13:00:00,980.5,NA,15.4,94,NA
2021-03-29 14:00:00,980.6,NA,19.7,71,NA
2021-03-29 15:00:00,980.2,NA,21.1,63,NA
2021-03-29 16:00:00,979.7,NA,22.2,61,NA
2021-03-29 18:00:00,978.2,NA,24.1,53,NA
2021-03-29 19:00:00,977.8,NA,25,48,NA
2021-03-29 20:00:00,977.6,NA,25,47,NA
2021-03-29 21:00:00,977.7,NA,24.3,48,NA
2021-03-29 22:00:00,977.8,NA,22.5,58,NA
2021-03-29 23:00:00,978.1,NA,20.5,68,NA
2021-03-30 03:00:00,NA,1019.2,15,91,NA
2021-03-30 06:00:00,NA,1018.5,13,92,NA
2021-03-30 09:00:00,NA,1017.6,10.8,92,NA
2021-03-30 10:00:00,NA,1018.1,10.6,92,NA
2021-03-30 11:00:00,NA,1018.6,11.3,94,NA
2021-03-30 12:00:00,NA,1018.9,14.5,82,NA
2021-03-30 13:00:00,NA,1019.1,19.3,72,NA
2021-03-30 14:00:00,NA,1019,22,56,NA
2021-03-30 15:00:00,NA,1018.7,23.2,54,NA
2021-03-30 16:00:00,NA,1018,23.9,52,NA
2021-03-30 17:00:00,NA,1017.3,25,51,NA
2021-03-30 18:00:00,NA,1016.3,25.3,53,NA
2021-03-30 19:00:00,NA,1015.9,25.1,49,NA
2021-03-30 20:00:00,NA,1015.9,24.8,50,NA
2021-03-30 21:00:00,NA,1015.7,24.2,54,NA
2021-03-30 22:00:00,NA,1016,22.1,69,NA
2021-03-30 23:00:00,NA,1016.4,19.5,74,NA
2021-03-31 00:00:00,977.2,NA,18.3,63,NA
2021-03-31 03:00:00,978.2,NA,16.2,81,NA
2021-03-31 06:00:00,977.4,NA,15.2,82,NA
2021-03-31 09:00:00,977.2,NA,12.5,95,NA
2021-03-31 10:00:00,977.4,NA,11.9,94,NA
2021-03-31 11:00:00,977.4,NA,11.8,94,NA
2021-03-31 17:00:00,976.9,NA,23.9,54,NA
2021-03-31 18:00:00,976.2,NA,23.1,55,NA
2021-03-31 19:00:00,975.7,NA,24.1,52,NA
2021-03-31 20:00:00,975.2,NA,24.1,52,NA
2021-03-31 21:00:00,975,NA,23.3,54,NA
2021-03-31 22:00:00,975.6,NA,20,67,NA
2021-04-01 03:00:00,NA,1015.9,15,88,NA
2021-04-01 06:00:00,NA,1015.9,14.4,93,NA
2021-04-01 09:00:00,NA,1015.8,12.6,96,NA
2021-04-01 10:00:00,NA,1016.2,12.7,92,NA
2021-04-01 11:00:00,NA,1017,13.4,92,NA
2021-04-01 12:00:00,NA,1017.4,15.4,89,NA
2021-04-01 13:00:00,NA,1017.6,17.8,80,NA
2021-04-01 14:00:00,NA,1017.7,19.4,77,NA
2021-04-01 15:00:00,NA,1017.4,20.4,69,NA
2021-04-01 16:00:00,NA,1017.1,21.4,62,NA
2021-04-01 17:00:00,NA,1016.6,21.8,61,NA
2021-04-01 18:00:00,NA,1015.5,22.2,58,NA
2021-04-01 19:00:00,NA,1015.2,22.4,58,NA
2021-04-01 20:00:00,NA,1015.2,22,59,NA
2021-04-01 21:00:00,NA,1015.3,21.7,63,NA
2021-04-01 22:00:00,NA,1016,19.4,79,NA
2021-04-01 23:00:00,NA,1016,19.6,75,NA
2021-04-02 00:00:00,976.9,NA,19.2,80,NA
2021-04-02 03:00:00,977.8,NA,18.2,86,NA
2021-04-02 09:00:00,977.4,NA,15,89,NA
2021-04-02 10:00:00,977.6,NA,15.3,89,NA
2021-04-02 11:00:00,978.2,NA,16.4,86,NA
2021-04-02 12:00:00,978.9,NA,16.6,87,NA
2021-04-02 13:00:00,979.2,NA,18.2,82,NA
2021-04-02 14:00:00,979.3,NA,20.6,68,NA
2021-04-02 15:00:00,978.6,NA,22.1,61,NA
2021-04-02 16:00:00,978.5,NA,22.4,55,NA
2021-04-02 17:00:00,977.8,NA,22.6,54,NA
2021-04-02 18:00:00,976.9,NA,24.1,51,NA
2021-04-02 19:00:00,976.4,NA,24,51,NA
2021-04-02 20:00:00,976.1,NA,23.9,52,NA
2021-04-02 21:00:00,976.2,NA,23.6,53,NA
2021-04-02 22:00:00,976.4,NA,21.7,63,NA
2021-04-02 23:00:00,977,NA,19.6,68,NA
2021-04-03 03:00:00,NA,1017.7,17.8,77,NA
2021-04-03 06:00:00,NA,1017,15,93,NA
2021-04-03 09:00:00,NA,1016.3,15.3,93,NA
2021-04-03 10:00:00,NA,1016.8,15.4,94,NA
2021-04-03 11:00:00,NA,1017.6,16.5,88,NA
2021-04-03 12:00:00,NA,1018.1,17.1,87,NA
2021-04-03 13:00:00,NA,1018.3,21.3,60,NA
2021-04-03 14:00:00,NA,1018.1,22.6,56,NA
2021-04-03 15:00:00,NA,1017.7,23.9,52,NA
2021-04-03 16:00:00,NA,1016.9,25,51,NA
2021-04-03 17:00:00,NA,1016.1,25.6,49,NA
2021-04-03 18:00:00,NA,1015.4,25.9,48,NA
2021-04-03 19:00:00,NA,1014.7,26.2,49,NA
2021-04-03 20:00:00,NA,1014.6,25.9,49,NA
2021-04-03 21:00:00,NA,1014.7,24,58,NA
2021-04-03 22:00:00,NA,1015.4,22.4,63,NA
2021-04-03 23:00:00,NA,1016,21.1,70,NA
2021-04-04 00:00:00,977.6,NA,20.4,71,NA
2021-04-04 03:00:00,978.2,NA,19.6,75,NA
2021-04-04 06:00:00,977.2,NA,17.7,85,NA
2021-04-04 09:00:00,976.6,NA,16.1,92,NA
2021-04-04 10:00:00,977,NA,16.1,93,NA
2021-04-04 11:00:00,977.4,NA,16.2,95,NA
2021-04-04 12:00:00,977.7,NA,18.8,80,NA
2021-04-04 13:00:00,977.7,NA,21.2,70,NA
2021-04-04 14:00:00,977.6,NA,23,61,NA
2021-04-04 15:00:00,976.9,NA,24.3,59,NA
2021-04-04 16:00:00,975.4,NA,25.6,54,NA
2021-04-04 17:00:00,974.6,NA,26.7,51,NA
2021-04-04 18:00:00,973.8,NA,26.2,53,NA
2021-04-04 19:00:00,973,NA,24.4,69,NA
2021-04-04 20:00:00,973,NA,26.9,50,NA
2021-04-04 21:00:00,972.8,NA,26.1,54,NA
2021-04-04 22:00:00,972.9,NA,24,60,NA
2021-04-04 23:00:00,973.4,NA,22.2,64,NA
2021-04-05 03:00:00,NA,1013.3,19.6,80,NA
2021-04-05 06:00:00,NA,1012.7,17.9,90,NA
2021-04-05 09:00:00,NA,1012,18.7,87,NA
2021-04-05 10:00:00,NA,1012.1,18.4,89,NA
2021-04-05 11:00:00,NA,1012.6,18.8,89,NA
2021-04-05 12:00:00,NA,1013.2,20.8,85,NA
2021-04-05 13:00:00,NA,1013.2,23.2,74,NA
2021-04-05 14:00:00,NA,1013.7,22.6,77,NA
2021-04-05 15:00:00,NA,1013.4,24,75,NA
2021-04-05 16:00:00,NA,1012.9,23.9,72,NA
2021-04-05 17:00:00,NA,1012.3,25,68,NA
2021-04-05 18:00:00,NA,1012,24.6,72,NA
2021-04-05 19:00:00,NA,1012.4,23.8,76,NA
2021-04-05 20:00:00,NA,1012.6,23.4,81,NA
2021-04-05 21:00:00,NA,1012.7,23.2,77,NA
2021-04-05 22:00:00,NA,1013.5,22.6,80,NA
2021-04-05 23:00:00,NA,1014,21.5,82,NA
2021-04-06 00:00:00,975.8,NA,20.8,88,NA
2021-04-06 01:00:00,976.6,NA,18.4,93,NA
2021-04-06 03:00:00,976.6,NA,18.4,93,NA
2021-04-06 06:00:00,976,NA,17.2,90,NA
2021-04-06 09:00:00,976.2,NA,16.2,90,NA
2021-04-06 10:00:00,976.8,NA,16.6,96,NA
2021-04-06 11:00:00,977,NA,17,93,NA
2021-04-06 12:00:00,977.4,NA,18,96,NA
2021-04-06 13:00:00,978.1,NA,19.6,86,NA
2021-04-06 14:00:00,978.2,NA,20.8,77,NA
2021-04-06 15:00:00,977.8,NA,22.8,72,NA
2021-04-06 16:00:00,976.6,NA,23.8,65,NA
2021-04-06 17:00:00,975.8,NA,24,65,NA
2021-04-06 18:00:00,975.2,NA,24.6,63,NA
2021-04-06 19:00:00,974.6,NA,24.9,62,NA
2021-04-06 20:00:00,974,NA,24.7,63,NA
2021-04-06 21:00:00,974.1,NA,24.1,67,NA
2021-04-06 22:00:00,974.6,NA,22.7,76,NA
2021-04-06 23:00:00,974.8,NA,21,81,NA
2021-04-07 03:00:00,NA,1014,20.4,82,NA
2021-04-07 06:00:00,NA,1013.4,17,95,NA
2021-04-07 09:00:00,NA,1013.2,17.1,97,NA
2021-04-07 10:00:00,NA,1013.2,17.4,96,NA
2021-04-07 11:00:00,NA,1013.5,18.1,96,NA
2021-04-07 12:00:00,NA,1013.6,19.6,93,NA
2021-04-07 13:00:00,NA,1013.8,21.2,89,NA
2021-04-07 14:00:00,NA,1013.7,21.9,84,NA
2021-04-07 15:00:00,NA,1013.4,23.1,78,NA
2021-04-07 16:00:00,NA,1013.3,24.1,71,NA
2021-04-07 17:00:00,NA,1012,24.1,73,NA
2021-04-07 18:00:00,NA,1011.3,23.6,76,NA
2021-04-07 19:00:00,NA,1010.6,23.9,76,NA
2021-04-07 20:00:00,NA,1010.7,23.9,77,NA
2021-04-07 21:00:00,NA,1010.7,23.5,80,NA
2021-04-07 22:00:00,NA,1010.9,23,84,NA
2021-04-07 23:00:00,NA,1010.7,22.8,85,NA
2021-04-08 00:00:00,NA,1011.7,22.7,85,NA
2021-04-08 15:00:00,969.6,NA,26.2,78,NA
2021-04-08 16:00:00,968.4,NA,29.7,64,NA
2021-04-08 17:00:00,967.8,NA,30.4,60,NA
2021-04-08 19:00:00,966.4,NA,31.4,55,NA
2021-04-08 20:00:00,966.4,NA,30.9,56,NA
2021-04-08 21:00:00,966.5,NA,30.4,63,NA
2021-04-08 22:00:00,967.7,NA,27.5,74,NA
2021-04-08 23:00:00,968.2,NA,27,76,NA
2021-04-09 03:00:00,NA,1010.2,22,95,NA
2021-04-09 06:00:00,NA,1009.7,21,98,NA
2021-04-09 09:00:00,NA,1009.7,20.5,99,NA
2021-04-09 10:00:00,NA,1011.1,20.2,98,NA
2021-04-09 11:00:00,NA,1011.2,20.1,97,NA
2021-04-09 12:00:00,NA,1012.2,19.7,97,NA
2021-04-09 13:00:00,NA,1012.6,20.1,96,NA
2021-04-09 14:00:00,NA,1013,20.3,96,NA
2021-04-09 15:00:00,NA,1013,20.6,95,NA
2021-04-09 16:00:00,NA,1012.8,21,92,NA
2021-04-09 17:00:00,NA,1012.9,20.4,95,NA
2021-04-09 18:00:00,NA,1012.2,20.4,96,NA
2021-04-09 19:00:00,NA,1012.2,20.1,98,NA
2021-04-09 20:00:00,NA,1012.5,19.6,98,NA
2021-04-09 21:00:00,NA,1012.6,19.6,97,NA
2021-04-09 22:00:00,NA,1012.7,19.6,97,NA
2021-04-09 23:00:00,NA,1013,19.2,97,NA
2021-04-10 00:00:00,NA,1013.4,19.1,98,NA
2021-04-11 03:00:00,NA,1015.6,14.5,75,NA
2021-04-11 06:00:00,NA,1015.9,13.6,81,NA
2021-04-11 09:00:00,NA,1017.4,12.2,86,NA
2021-04-11 10:00:00,NA,1018.9,12,88,NA
2021-04-11 11:00:00,NA,1019.6,11,77,NA
2021-04-11 12:00:00,NA,1019.9,11.5,74,NA
2021-04-11 13:00:00,NA,1021.4,15,57,NA
2021-04-11 14:00:00,NA,1021.8,17.3,47,NA
2021-04-11 15:00:00,NA,1022,19.4,47,NA
2021-04-11 16:00:00,NA,1021.7,20.8,46,NA
2021-04-11 17:00:00,NA,1020.5,21.7,42,NA
2021-04-11 18:00:00,NA,1019.7,22.5,38,NA
2021-04-11 19:00:00,NA,1019.2,22.6,35,NA
2021-04-11 20:00:00,NA,1019.1,22.8,35,NA
2021-04-11 21:00:00,NA,1019.2,22.3,38,NA
2021-04-11 22:00:00,NA,1019.6,19.1,62,NA
2021-04-11 23:00:00,NA,1020.3,15.8,74,NA
2021-04-12 00:00:00,NA,1021.1,14.9,77,NA
2021-04-13 03:00:00,NA,1021.4,13.1,94,NA
2021-04-13 06:00:00,NA,1020.5,12,93,NA
2021-04-13 09:00:00,NA,1020.6,11.7,91,NA
2021-04-13 10:00:00,NA,1021.1,11.4,90,NA
2021-04-13 11:00:00,NA,1021.3,11.4,89,NA
2021-04-13 12:00:00,NA,1021.9,14.5,83,NA
2021-04-13 13:00:00,982.2,1022,17.4,77,NA
2021-04-13 14:00:00,982.2,1021.9,19.9,65,NA
2021-04-13 15:00:00,981.8,1021.5,21.2,59,NA
2021-04-13 16:00:00,981,1020.6,23,55,NA
2021-04-13 17:00:00,980.2,1019.7,23.5,51,NA
2021-04-13 18:00:00,979.4,1018.8,23.9,50,NA
2021-04-13 19:00:00,978.9,1018.3,23.7,48,NA
2021-04-13 20:00:00,978.9,1018.3,23.7,48,NA
2021-04-13 21:00:00,979,1018.5,22.5,54,NA
2021-04-13 22:00:00,978.9,1018.6,19.9,66,NA
2021-04-13 23:00:00,979.3,1019.2,17.5,78,NA
2021-04-14 00:00:00,NA,1019.6,16.1,80,NA
2021-04-15 00:00:00,974.1,NA,NA,NA,NA
2021-04-15 03:00:00,975,1014.2,16.3,91,NA
2021-04-15 06:00:00,974.1,1013,16.1,94,NA
2021-04-15 09:00:00,973.4,1012.7,13.8,100,NA
2021-04-15 10:00:00,974.1,1013.3,12.8,99,NA
2021-04-15 11:00:00,974.5,1013.7,12.2,99,NA
2021-04-15 12:00:00,975.2,1014.6,15.8,94,NA
2021-04-15 13:00:00,975.6,1014.7,20,75,NA
2021-04-15 14:00:00,975.6,1014.6,22.6,71,NA
2021-04-15 15:00:00,975.2,1014.1,24.4,66,NA
2021-04-15 16:00:00,974.4,1013.1,27.2,52,NA
2021-04-15 17:00:00,973.8,1012.5,27.6,49,NA
2021-04-15 18:00:00,972.9,1011.5,28.2,49,NA
2021-04-15 19:00:00,972.2,1010.8,28.6,46,NA
2021-04-15 20:00:00,972.1,1010.8,28.4,47,NA
2021-04-15 21:00:00,972.2,1011,27.8,49,NA
2021-04-15 22:00:00,972.9,1011.9,25,62,NA
2021-04-15 23:00:00,973.4,1012.7,22.2,77,NA
2021-04-16 00:00:00,NA,1013.3,20.8,83,NA
2021-04-16 01:00:00,NA,1013.7,19.2,87,NA
2021-04-17 00:00:00,975,NA,NA,NA,NA
2021-04-17 03:00:00,976.2,1014.9,20.2,86,NA
2021-04-17 06:00:00,976.5,1015.1,18.1,96,NA
2021-04-17 09:00:00,NA,1015.7,17.5,98,NA
2021-04-17 10:00:00,977,1015.9,17.6,97,NA
2021-04-17 11:00:00,977,1016.1,17.5,96,NA
2021-04-17 12:00:00,977.8,1017,18.5,94,NA
2021-04-17 13:00:00,NA,1016.9,23.4,79,NA
2021-04-17 14:00:00,978,1016.7,24.5,77,NA
2021-04-17 15:00:00,NA,1016.3,24.9,72,NA
2021-04-17 16:00:00,976.4,1015,26.1,62,NA
2021-04-17 17:00:00,975.4,1014,28.1,54,NA
2021-04-17 18:00:00,974.8,1013.4,27.7,54,NA
2021-04-17 19:00:00,974.4,1012.9,28,54,NA
2021-04-17 20:00:00,974.2,1012.9,27.3,56,NA
2021-04-17 21:00:00,974.2,1013,26.5,57,NA
2021-04-17 22:00:00,975,1013.9,24.3,70,NA
2021-04-17 23:00:00,NA,1014.3,22.9,73,NA
2021-04-18 00:00:00,NA,1014.7,21.5,78,NA
2021-04-19 00:00:00,976,NA,NA,NA,NA
2021-04-19 03:00:00,976.8,1015.5,19.1,83,NA
2021-04-19 06:00:00,976.4,1015,18.6,88,NA
2021-04-19 09:00:00,976.6,1015.4,17.2,94,NA
2021-04-19 10:00:00,976.9,1015.8,17.4,94,NA
2021-04-19 11:00:00,977.7,1016.8,17,96,NA
2021-04-19 12:00:00,977.8,1016.9,18,91,NA
2021-04-19 13:00:00,977.8,1016.8,21.2,82,NA
2021-04-19 14:00:00,977.7,1016.6,23.4,70,NA
2021-04-19 15:00:00,977.4,1016.3,23.8,68,NA
2021-04-19 16:00:00,976.8,1015.6,25,66,NA
2021-04-19 17:00:00,975.8,1014.5,26.2,60,NA
2021-04-19 18:00:00,975,1013.7,26.2,58,NA
2021-04-19 19:00:00,974.6,1013.2,27,52,NA
2021-04-19 20:00:00,974.4,1013.1,27,51,NA
2021-04-19 21:00:00,974.1,1012.8,26.4,54,NA
2021-04-19 22:00:00,974.2,1013,24,66,NA
2021-04-19 23:00:00,974.8,1013.8,22.8,69,NA
2021-04-20 00:00:00,NA,1014.2,21.4,75,NA
2021-04-21 00:00:00,972.6,NA,NA,NA,NA
2021-04-21 03:00:00,973,1011.5,21.6,70,NA
2021-04-21 06:00:00,970.1,1008.5,19.4,86,NA
2021-04-21 09:00:00,NA,1009.2,19,89,NA
2021-04-21 10:00:00,970.9,1009.5,19.3,88,NA
2021-04-21 11:00:00,971.8,1010.6,19.2,92,NA
2021-04-21 12:00:00,971.8,1010.6,19.1,93,NA
2021-04-21 13:00:00,972.4,1011.1,20.4,88,NA
2021-04-21 14:00:00,971.8,1010.5,21.3,84,NA
2021-04-21 15:00:00,971.4,1010,22.9,75,NA
2021-04-21 16:00:00,970.8,1009.3,24.1,71,NA
2021-04-21 17:00:00,970.4,1008.9,24.5,69,NA
2021-04-21 18:00:00,971.8,1010.5,24.5,69,NA
2021-04-21 19:00:00,973,1012.2,15.8,79,NA
2021-04-21 20:00:00,973.6,1012.8,16.1,76,NA
2021-04-21 21:00:00,974.1,1013.3,16.4,78,NA
2021-04-21 22:00:00,974.4,1013.6,16.6,78,NA
2021-04-21 23:00:00,975.4,1014.6,17,74,NA
2021-04-22 00:00:00,NA,1015.4,16.9,73,NA
2021-04-23 00:00:00,974,NA,NA,NA,NA
2021-04-23 03:00:00,974.9,1014,17.3,94,NA
2021-04-23 06:00:00,973.6,1012.7,16.9,94,NA
2021-04-23 09:00:00,NA,1011.3,16.1,98,NA
2021-04-23 10:00:00,NA,1011.5,16.3,97,NA
2021-04-23 11:00:00,NA,1011.8,16.5,98,NA
2021-04-23 12:00:00,NA,1012.4,17.2,98,NA
2021-04-23 13:00:00,NA,1012.3,18.7,90,NA
2021-04-23 14:00:00,NA,1011.8,20.8,78,NA
2021-04-23 15:00:00,NA,1011.1,23.1,70,NA
2021-04-23 16:00:00,NA,1010.2,24.6,63,NA
2021-04-23 17:00:00,NA,1009,26.1,56,NA
2021-04-23 18:00:00,NA,1008.6,26.5,54,NA
2021-04-23 19:00:00,NA,1008.5,26.2,56,NA
2021-04-23 20:00:00,NA,1010.1,21.8,80,NA
2021-04-23 21:00:00,NA,1012,15,100,NA
2021-04-23 22:00:00,NA,1012.2,17.1,99,NA
2021-04-23 23:00:00,NA,1013.3,18,99,NA
2021-04-24 00:00:00,NA,1014.8,17.9,98,NA
2021-04-25 03:00:00,NA,1022.9,15.2,82,NA
2021-04-25 06:00:00,NA,1022.2,13.2,85,NA
2021-04-25 07:00:00,NA,NA,NA,NA,NA
2021-04-25 08:00:00,NA,NA,NA,NA,NA
2021-04-25 09:00:00,NA,1022.3,10.6,86,NA
2021-04-25 10:00:00,NA,1023.1,10.2,94,NA
2021-04-25 11:00:00,NA,1023.8,8.8,90,NA
2021-04-25 12:00:00,NA,1024.6,11.4,77,NA
2021-04-25 13:00:00,NA,1024.6,14.2,67,NA
2021-04-25 14:00:00,NA,1024.4,16.1,58,NA
2021-04-25 15:00:00,NA,1023.9,17.7,53,NA
2021-04-25 16:00:00,NA,1022.6,19.5,48,NA
2021-04-25 17:00:00,NA,1021,20.3,48,NA
2021-04-25 18:00:00,NA,1020.6,20.4,44,NA
2021-04-25 19:00:00,NA,1020,21,44,NA
2021-04-25 20:00:00,NA,1019.7,21.2,45,NA
2021-04-25 21:00:00,NA,1019.9,20.5,45,NA
2021-04-25 22:00:00,NA,1020.4,16.8,68,NA
2021-04-25 23:00:00,NA,1021,14.8,75,NA
2021-04-26 00:00:00,NA,1021.5,14.8,68,NA
2021-04-27 03:00:00,NA,1020.3,12.5,72,NA
2021-04-27 06:00:00,NA,1017.6,10.7,82,NA
2021-04-27 09:00:00,NA,1018.5,10.7,85,NA
2021-04-27 10:00:00,NA,1019.3,9.6,91,NA
2021-04-27 11:00:00,NA,1020.1,8.3,93,NA
2021-04-27 12:00:00,NA,1020.1,10.8,86,NA
2021-04-27 13:00:00,NA,1020.5,15.4,66,NA
2021-04-27 14:00:00,NA,1020.2,18.9,53,NA
2021-04-27 15:00:00,NA,1019.6,21.1,49,NA
2021-04-27 16:00:00,NA,1018.4,23.1,45,NA
2021-04-27 17:00:00,NA,1017.5,23.6,44,NA
2021-04-27 18:00:00,NA,1017.1,24.1,43,NA
2021-04-27 19:00:00,NA,1016.7,24,42,NA
2021-04-27 20:00:00,NA,1016.6,23.7,44,NA
2021-04-27 21:00:00,NA,1016.7,22.3,47,NA
2021-04-27 22:00:00,NA,1017.1,20.2,53,NA
2021-04-27 23:00:00,NA,1018.2,17.3,66,NA
2021-04-28 00:00:00,978.8,NA,15.9,73,NA
2021-04-28 03:00:00,979.4,NA,12.7,84,NA
2021-04-28 09:00:00,979.6,NA,9.9,94,NA
2021-04-28 10:00:00,980.4,NA,8.8,96,NA
2021-04-28 11:00:00,980.8,NA,7.5,97,NA
2021-04-28 12:00:00,981.6,NA,10.7,91,NA
2021-04-28 13:00:00,982,NA,15.8,76,NA
2021-04-28 14:00:00,982.4,NA,18,67,NA
2021-04-28 15:00:00,982.4,NA,20.6,59,NA
2021-04-28 16:00:00,982.1,NA,23.1,51,NA
2021-04-28 17:00:00,981.4,NA,24.2,45,NA
2021-04-28 18:00:00,980.8,NA,25.2,44,NA
2021-04-28 19:00:00,980.5,NA,25.4,43,NA
2021-04-28 20:00:00,980.2,NA,25.1,45,NA
2021-04-28 21:00:00,980.5,NA,23.4,51,NA
2021-04-28 22:00:00,980.6,NA,20.3,61,NA
2021-04-28 23:00:00,980.9,NA,18.5,68,NA
2021-04-29 03:00:00,NA,1021.8,13.6,92,NA
2021-04-29 06:00:00,NA,1020.7,12.5,89,NA
2021-04-29 09:00:00,NA,1020.9,11,91,NA
2021-04-29 10:00:00,NA,1021.6,10.6,91,NA
2021-04-29 11:00:00,NA,1022,9.4,94,NA
2021-04-29 12:00:00,NA,1022.3,11.6,89,NA
2021-04-29 13:00:00,NA,1022.5,15.7,76,NA
2021-04-29 14:00:00,NA,1022.3,20,57,NA
2021-04-29 15:00:00,NA,1021.9,21.6,52,NA
2021-04-29 16:00:00,NA,1021.2,23,49,NA
2021-04-29 17:00:00,NA,1020.7,23.6,44,NA
2021-04-29 18:00:00,NA,1019.9,24,42,NA
2021-04-29 19:00:00,NA,1019.2,24.2,39,NA
2021-04-29 20:00:00,NA,1018.6,23.8,43,NA
2021-04-29 21:00:00,NA,1018.5,22.2,43,NA
2021-04-29 22:00:00,NA,1018.9,19.4,52,NA
2021-04-29 23:00:00,NA,1019.6,17,60,NA
2021-04-30 00:00:00,980,NA,14.2,77,NA
2021-04-30 03:00:00,980.5,NA,11.3,81,NA
2021-04-30 06:00:00,979.4,NA,13.2,76,NA
2021-04-30 10:00:00,977.8,NA,9.6,91,NA
2021-04-30 11:00:00,978.2,NA,9.7,88,NA
2021-04-30 12:00:00,978.4,NA,11.6,83,NA
2021-04-30 13:00:00,978.6,NA,15.2,74,NA
2021-04-30 14:00:00,978.5,NA,17.6,62,NA
2021-04-30 15:00:00,977.6,NA,20.1,55,NA
2021-04-30 16:00:00,976.6,NA,21.8,50,NA
2021-04-30 17:00:00,975.4,NA,23.5,45,NA
2021-04-30 18:00:00,974.5,NA,23.9,42,NA
2021-04-30 19:00:00,973.8,NA,24.3,38,NA
2021-04-30 20:00:00,973.6,NA,23.6,39,NA
2021-04-30 21:00:00,973.4,NA,21.4,40,NA
2021-04-30 22:00:00,973.6,NA,19.4,44,NA
2021-04-30 23:00:00,974.2,NA,16.8,57,NA
2021-05-01 03:00:00,NA,1014.8,11.9,74,NA
2021-05-01 06:00:00,NA,1013.2,10,76,NA
2021-05-01 09:00:00,NA,1013.5,9.1,84,NA
2021-05-01 10:00:00,NA,1013.9,8.8,88,NA
2021-05-01 11:00:00,NA,1014.1,10.4,74,NA
2021-05-01 12:00:00,NA,1014.7,13.9,66,NA
2021-05-01 13:00:00,NA,1014.6,17.1,56,NA
2021-05-01 14:00:00,NA,1014.2,21.9,39,NA
2021-05-01 15:00:00,NA,1013.4,24.4,38,NA
2021-05-01 16:00:00,NA,1012.6,26,31,NA
2021-05-01 17:00:00,NA,1011.1,26.5,36,NA
2021-05-01 18:00:00,NA,1010.5,26.2,37,NA
2021-05-01 19:00:00,NA,1009.7,26.6,37,NA
2021-05-01 20:00:00,NA,1009.9,25.5,41,NA
2021-05-01 21:00:00,NA,1010,24.4,45,NA
2021-05-01 22:00:00,NA,1010.7,22.3,51,NA
2021-05-01 23:00:00,NA,1011.3,19.5,69,NA
2021-05-02 00:00:00,972.6,NA,17.9,76,NA
2021-05-02 03:00:00,974.1,NA,16.2,74,NA
2021-05-02 06:00:00,973.4,NA,13.9,85,NA
2021-05-02 09:00:00,972.6,NA,12.6,91,NA
2021-05-02 10:00:00,973,NA,11.4,93,NA
2021-05-02 11:00:00,973.6,NA,11,94,NA
2021-05-02 12:00:00,974.1,NA,12.4,87,NA
2021-05-02 13:00:00,974.1,NA,16.6,81,NA
2021-05-02 14:00:00,973.8,NA,20,72,NA
2021-05-02 15:00:00,972.9,NA,24.6,58,NA
2021-05-02 16:00:00,971.6,NA,27.2,50,NA
2021-05-02 17:00:00,970.5,NA,29.2,44,NA
2021-05-02 18:00:00,969.2,NA,30,41,NA
2021-05-02 19:00:00,968.5,NA,30.3,39,NA
2021-05-02 20:00:00,968.2,NA,30,40,NA
2021-05-02 21:00:00,968.5,NA,28.4,43,NA
2021-05-02 22:00:00,969,NA,25.6,57,NA
2021-05-02 23:00:00,969.6,NA,24,62,NA
2021-05-03 03:00:00,NA,1009.3,20.6,81,NA
2021-05-03 06:00:00,NA,1007.8,17.2,89,NA
2021-05-03 09:00:00,NA,1007.6,17,85,NA
2021-05-03 10:00:00,NA,1008.4,16.8,87,NA
2021-05-03 11:00:00,NA,1009.1,16.7,82,NA
2021-05-03 12:00:00,NA,1009.4,16.6,84,NA
2021-05-03 13:00:00,NA,1010,18.5,77,NA
2021-05-03 14:00:00,NA,1009.3,21.4,70,NA
2021-05-03 15:00:00,NA,1008.4,23.3,67,NA
2021-05-03 16:00:00,NA,1007.5,25.3,61,NA
2021-05-03 17:00:00,NA,1006.7,26.4,60,NA
2021-05-03 18:00:00,NA,1005.9,27.2,55,NA
2021-05-03 19:00:00,NA,1006.1,26.9,54,NA
2021-05-03 20:00:00,NA,1007.1,25.4,58,NA
2021-05-03 21:00:00,NA,1008.4,23.5,62,NA
2021-05-03 22:00:00,NA,1010.6,21.1,72,NA
2021-05-03 23:00:00,NA,1013,19.6,57,NA
2021-05-04 00:00:00,975.2,NA,18.2,59,NA
2021-05-04 03:00:00,979.4,NA,16.1,66,NA
2021-05-04 06:00:00,980.6,NA,15.8,62,NA
2021-05-04 10:00:00,983.7,NA,13.4,59,NA
2021-05-04 11:00:00,984.9,NA,12.8,56,NA
2021-05-04 12:00:00,986.9,NA,11.8,57,NA
2021-05-04 13:00:00,988.4,NA,11.3,58,NA
2021-05-04 14:00:00,989.3,NA,11.5,56,NA
2021-05-04 15:00:00,989.3,NA,10.3,68,NA
2021-05-04 16:00:00,988.6,NA,10.6,60,NA
2021-05-04 17:00:00,987,NA,10.7,58,NA
2021-05-04 18:00:00,987.4,NA,9.4,75,NA
2021-05-04 19:00:00,987.4,NA,10.7,67,NA
2021-05-04 20:00:00,988.1,NA,10.7,70,NA
2021-05-04 21:00:00,988.5,NA,10.7,70,NA
2021-05-04 22:00:00,988.8,NA,10.7,70,NA
2021-05-04 23:00:00,989.8,NA,10.9,66,NA
2021-05-05 03:00:00,NA,1032.8,7.9,89,NA
2021-05-05 06:00:00,NA,1030,7.2,93,NA
2021-05-05 09:00:00,NA,1028.9,7.5,93,NA
2021-05-05 10:00:00,NA,1028.8,7.5,93,NA
2021-05-05 11:00:00,NA,1029.3,7.5,94,NA
2021-05-05 12:00:00,NA,1029.8,7.8,93,NA
2021-05-05 13:00:00,NA,1030.4,8.2,86,NA
2021-05-05 14:00:00,NA,1030.5,8.7,85,NA
2021-05-05 15:00:00,NA,1030.3,9.2,86,NA
2021-05-05 16:00:00,NA,1029.5,10.1,79,NA
2021-05-05 17:00:00,NA,1028.2,10.8,72,NA
2021-05-05 18:00:00,NA,1027.8,11.2,65,NA
2021-05-05 19:00:00,NA,1027.6,11.2,68,NA
2021-05-05 20:00:00,NA,1027.6,11.3,67,NA
2021-05-05 21:00:00,NA,1027.3,11.2,73,NA
2021-05-05 22:00:00,NA,1027.7,10.2,81,NA
2021-05-05 23:00:00,NA,1028.1,9.2,90,NA
2021-05-06 00:00:00,987.8,NA,8.5,90,NA
2021-05-06 03:00:00,988.6,NA,7.8,96,NA
2021-05-06 06:00:00,988.1,NA,8.2,96,NA
2021-05-06 09:00:00,987.7,NA,6.1,97,NA
2021-05-06 10:00:00,988,NA,5.5,96,NA
2021-05-06 11:00:00,988.4,NA,5.2,96,NA
2021-05-06 12:00:00,988.6,NA,7.6,91,NA
2021-05-06 13:00:00,989,NA,12,77,NA
2021-05-06 14:00:00,989,NA,14.8,53,NA
2021-05-06 15:00:00,988.6,NA,16,47,NA
2021-05-06 16:00:00,987.8,NA,17,46,NA
2021-05-06 17:00:00,986.5,NA,18.2,42,NA
2021-05-06 18:00:00,985.6,NA,18.4,40,NA
2021-05-06 19:00:00,985.3,NA,18.7,41,NA
2021-05-06 20:00:00,984.8,NA,17.2,47,NA
2021-05-06 21:00:00,984.5,NA,17.1,47,NA
2021-05-06 22:00:00,984.4,NA,14.2,56,NA
2021-05-06 23:00:00,984.6,NA,11,86,NA
2021-05-07 03:00:00,NA,1026.2,8.4,76,NA
2021-05-07 06:00:00,NA,1029.9,6,76,NA
2021-05-07 09:00:00,NA,1023.6,5.7,82,NA
2021-05-07 10:00:00,NA,1023.9,6.6,95,NA
2021-05-07 11:00:00,NA,1024.4,6.8,83,NA
2021-05-07 12:00:00,NA,1025,6.9,88,NA
2021-05-07 13:00:00,NA,1025.7,10.2,79,NA
2021-05-07 14:00:00,NA,1026,12.7,64,NA
2021-05-07 15:00:00,NA,1025.5,13.6,60,NA
2021-05-07 16:00:00,NA,1025.2,14.8,52,NA
2021-05-07 17:00:00,NA,1024.5,15.3,53,NA
2021-05-07 18:00:00,NA,1023.8,16.8,49,NA
2021-05-07 19:00:00,NA,1023.7,16.9,49,NA
2021-05-07 20:00:00,NA,1023.6,15.3,51,NA
2021-05-07 21:00:00,NA,1023.8,14.3,57,NA
2021-05-07 22:00:00,NA,1023.9,12.9,61,NA
2021-05-07 23:00:00,NA,1024.5,10.6,67,NA
2021-05-08 00:00:00,984,NA,9.4,75,NA
2021-05-08 03:00:00,985,NA,6.6,89,NA
2021-05-08 06:00:00,983.6,NA,6.1,94,NA
2021-05-08 09:00:00,982.8,NA,4.8,95,NA
2021-05-08 10:00:00,983,NA,4.5,96,NA
2021-05-08 11:00:00,983.3,NA,3.5,96,NA
2021-05-08 12:00:00,983.7,NA,5.7,92,NA
2021-05-08 13:00:00,984,NA,10.1,84,NA
2021-05-08 14:00:00,983.8,NA,13.2,68,NA
2021-05-08 15:00:00,983.4,NA,15.2,61,NA
2021-05-08 16:00:00,982.6,NA,16,58,NA
2021-05-08 17:00:00,981.4,NA,17.2,52,NA
2021-05-08 18:00:00,980.5,NA,18,46,NA
2021-05-08 19:00:00,980,NA,18.1,44,NA
2021-05-08 20:00:00,979.7,NA,17.8,43,NA
2021-05-08 21:00:00,980.2,NA,16.2,56,NA
2021-05-08 22:00:00,980.8,NA,13.5,66,NA
2021-05-08 23:00:00,981.4,NA,11.9,74,NA
2021-05-09 03:00:00,NA,1023.3,8.9,87,NA
2021-05-09 06:00:00,NA,1021.6,6.2,94,NA
2021-05-09 09:00:00,NA,1021,6.5,95,NA
2021-05-09 10:00:00,NA,1021.5,7.4,94,NA
2021-05-09 11:00:00,NA,1022,8.6,92,NA
2021-05-09 12:00:00,NA,1022.6,9,95,NA
2021-05-09 13:00:00,NA,1022.7,11.3,91,NA
2021-05-09 14:00:00,NA,1022.5,12.6,79,NA
2021-05-09 15:00:00,NA,1022.2,14.7,71,NA
2021-05-09 16:00:00,NA,1021.7,14.9,73,NA
2021-05-09 17:00:00,NA,1020.7,15.6,70,NA
2021-05-09 18:00:00,NA,1019.9,17.6,61,NA
2021-05-09 19:00:00,NA,1019.4,18.7,54,NA
2021-05-09 20:00:00,NA,1019.3,18.8,57,NA
2021-05-09 21:00:00,NA,1020.1,17.2,78,NA
2021-05-09 22:00:00,NA,1020.8,16,80,NA
2021-05-09 23:00:00,981.4,NA,14.8,82,NA
2021-05-10 00:00:00,981.7,NA,14.2,87,NA
2021-05-10 03:00:00,983,NA,14.2,81,NA
2021-05-10 06:00:00,983.2,NA,14.3,71,NA
2021-05-10 09:00:00,983,NA,11.1,77,NA
2021-05-10 10:00:00,983.8,NA,10.6,79,NA
2021-05-10 11:00:00,984.8,NA,10.2,83,NA
2021-05-10 12:00:00,985.8,NA,11,79,NA
2021-05-10 13:00:00,986.6,NA,13.8,70,NA
2021-05-10 14:00:00,987,NA,15.8,64,NA
2021-05-10 15:00:00,987,NA,17.2,56,NA
2021-05-10 16:00:00,986.2,NA,18.2,53,NA
2021-05-10 17:00:00,985.3,NA,18.6,45,NA
2021-05-10 18:00:00,984.6,NA,19,43,NA
2021-05-10 20:00:00,983.8,NA,18.4,33,NA
2021-05-10 21:00:00,984.4,NA,16.6,36,NA
2021-05-10 22:00:00,985,NA,14.2,44,NA
2021-05-10 23:00:00,985.7,NA,13.7,47,NA
2021-05-11 03:00:00,NA,1027.5,10,73,NA
2021-05-11 06:00:00,NA,1027.1,8.4,75,NA
2021-05-11 09:00:00,NA,1026.1,7.9,76,NA
2021-05-11 10:00:00,NA,1026.6,5.6,85,NA
2021-05-11 11:00:00,NA,1027.3,5.9,85,NA
2021-05-11 12:00:00,NA,1027.7,6.3,82,NA
2021-05-11 13:00:00,NA,1028.1,7.9,86,NA
2021-05-11 14:00:00,NA,1027.9,10.4,60,NA
2021-05-11 15:00:00,NA,1027.6,11.8,51,NA
2021-05-11 16:00:00,NA,1026.6,13.5,43,NA
2021-05-11 17:00:00,NA,1025.5,15.4,38,NA
2021-05-11 18:00:00,NA,1024.4,16,39,NA
2021-05-11 19:00:00,NA,1023.7,16.1,40,NA
2021-05-11 20:00:00,NA,1023.4,16.3,39,NA
2021-05-11 21:00:00,NA,1023.5,15.6,41,NA
2021-05-11 22:00:00,NA,1024.2,12.1,54,NA
2021-05-11 23:00:00,NA,1024.3,10.8,58,NA
2021-05-12 00:00:00,983.8,NA,10.1,57,NA
2021-05-12 03:00:00,983.6,NA,9,60,NA
2021-05-12 06:00:00,982.9,NA,8.5,65,NA
2021-05-12 10:00:00,981.7,NA,6.7,68,NA
2021-05-12 11:00:00,981.7,NA,6.4,71,NA
2021-05-12 12:00:00,982.2,NA,7.5,69,NA
2021-05-12 13:00:00,982.2,NA,10.9,58,NA
2021-05-12 14:00:00,982.2,NA,13.3,53,NA
2021-05-12 15:00:00,981.7,NA,16.5,48,NA
2021-05-12 16:00:00,980.8,NA,19.4,42,NA
2021-05-12 17:00:00,979.6,NA,21.5,38,NA
2021-05-12 18:00:00,978.8,NA,22.1,36,NA
2021-05-12 19:00:00,978.4,NA,22,36,NA
2021-05-12 20:00:00,978.2,NA,21.1,38,NA
2021-05-12 21:00:00,978,NA,18.5,41,NA
2021-05-12 23:00:00,978.6,NA,12.4,63,NA
2021-05-13 03:00:00,NA,1019.1,10.9,67,NA
2021-05-13 06:00:00,NA,1018.1,9,74,NA
2021-05-13 09:00:00,NA,1018.7,5.8,85,NA
2021-05-13 10:00:00,NA,1019.6,5.1,88,NA
2021-05-13 11:00:00,NA,1020.2,4.9,89,NA
2021-05-13 12:00:00,NA,1021,5.8,87,NA
2021-05-13 13:00:00,NA,1021.7,6.8,85,NA
2021-05-13 14:00:00,NA,1022,9.8,75,NA
2021-05-13 15:00:00,NA,1021.5,14.4,54,NA
2021-05-13 16:00:00,NA,1020.5,17,46,NA
2021-05-13 17:00:00,NA,1019.2,19.4,44,NA
2021-05-13 18:00:00,NA,1018.6,20.1,47,NA
2021-05-13 19:00:00,NA,1018.5,20,41,NA
2021-05-13 20:00:00,NA,1019.1,19,44,NA
2021-05-13 21:00:00,NA,1019.5,17.1,49,NA
2021-05-13 22:00:00,NA,1020.1,14.6,54,NA
2021-05-13 23:00:00,979.8,NA,12.4,62,NA
2021-05-14 00:00:00,980.2,NA,11,71,NA
2021-05-14 03:00:00,980.9,NA,8.2,90,NA
2021-05-14 06:00:00,980.1,NA,6.3,88,NA
2021-05-14 09:00:00,979.4,NA,6.6,86,NA
2021-05-14 10:00:00,979.4,NA,6.3,79,NA
2021-05-14 11:00:00,979.4,NA,6.6,75,NA
2021-05-14 12:00:00,980.1,NA,8,84,NA
2021-05-14 15:00:00,980.2,NA,17.6,53,NA
2021-05-14 17:00:00,978.4,NA,20.5,42,NA
2021-05-14 19:00:00,976.6,NA,21.8,38,NA
2021-05-14 20:00:00,976.6,NA,20.8,35,NA
2021-05-14 21:00:00,976.8,NA,18.8,37,NA
2021-05-14 22:00:00,977,NA,16.1,47,NA
2021-05-15 03:00:00,NA,1019.1,9.7,85,NA
2021-05-15 06:00:00,NA,1018.7,8.2,93,NA
2021-05-15 09:00:00,NA,1018.6,5.5,97,NA
2021-05-15 10:00:00,NA,1019.4,4.2,95,NA
2021-05-15 11:00:00,NA,1020.1,3.9,97,NA
2021-05-15 12:00:00,NA,1020.4,5.9,94,NA
2021-05-15 13:00:00,NA,1020.4,9.6,88,NA
2021-05-15 14:00:00,NA,1020.2,14.5,68,NA
2021-05-15 15:00:00,NA,1019.6,17.5,60,NA
2021-05-15 16:00:00,NA,1018.8,19.6,54,NA
2021-05-15 17:00:00,NA,1017.6,21.4,46,NA
2021-05-15 18:00:00,NA,1016.7,22.4,46,NA
2021-05-15 19:00:00,NA,1016.2,22.5,47,NA
2021-05-15 20:00:00,NA,1016.5,21.8,48,NA
2021-05-15 21:00:00,NA,1016.8,20.5,53,NA
2021-05-15 22:00:00,NA,1017.9,17.5,65,NA
2021-05-15 23:00:00,NA,1018.9,15.8,70,NA
2021-05-16 00:00:00,978.6,NA,14.7,76,NA
2021-05-16 03:00:00,979.4,NA,13.1,82,NA
2021-05-16 06:00:00,979,NA,11.8,83,NA
2021-05-16 09:00:00,978.6,NA,9.2,94,NA
2021-05-16 10:00:00,978.8,NA,8.9,96,NA
2021-05-16 12:00:00,979.8,NA,8.8,94,NA
2021-05-16 13:00:00,980.9,NA,12.6,87,NA
2021-05-16 14:00:00,981.3,NA,15.1,78,NA
2021-05-16 15:00:00,981,NA,17.2,72,NA
2021-05-16 16:00:00,979.8,NA,21,58,NA
2021-05-16 17:00:00,979.4,NA,21.4,57,NA
2021-05-16 18:00:00,978.8,NA,23.1,51,NA
2021-05-16 19:00:00,978.4,NA,23.3,50,NA
2021-05-16 20:00:00,978.4,NA,22.9,50,NA
2021-05-16 21:00:00,978.6,NA,21.3,60,NA
2021-05-16 22:00:00,979.4,NA,17.8,77,NA
2021-05-16 23:00:00,979.8,NA,16.5,80,NA
2021-05-17 03:00:00,NA,1021.3,13.4,83,NA
2021-05-17 06:00:00,NA,1021.6,11.6,81,NA
2021-05-17 09:00:00,NA,1022.3,9.6,86,NA
2021-05-17 10:00:00,NA,1022.7,9.1,89,NA
2021-05-17 11:00:00,NA,1023,8.5,89,NA
2021-05-17 12:00:00,NA,1023.5,9.8,83,NA
2021-05-17 13:00:00,NA,1023.6,13.2,80,NA
2021-05-17 14:00:00,NA,1023.4,16.7,66,NA
2021-05-17 15:00:00,NA,1022.7,19.5,57,NA
2021-05-17 16:00:00,NA,1021.8,21.7,48,NA
2021-05-17 17:00:00,NA,1020.7,22.2,48,NA
2021-05-17 18:00:00,NA,1019.4,22.8,46,NA
2021-05-17 19:00:00,NA,1018.9,23.3,48,NA
2021-05-17 20:00:00,NA,1019.1,22.5,50,NA
2021-05-17 21:00:00,NA,1019.4,21.2,56,NA
2021-05-17 22:00:00,NA,1019.8,18.9,64,NA
2021-05-17 23:00:00,NA,1020.5,17.7,69,NA
2021-05-18 00:00:00,980.6,NA,16.6,73,NA
2021-05-18 03:00:00,980.6,NA,15.2,80,NA
2021-05-18 06:00:00,979.7,NA,14.1,86,NA
2021-05-18 10:00:00,978.6,NA,13.1,89,NA
2021-05-18 11:00:00,978.8,NA,13.3,89,NA
2021-05-18 12:00:00,978.9,NA,13.4,88,NA
2021-05-18 13:00:00,979,NA,15.5,80,NA
2021-05-18 14:00:00,979.2,NA,17.2,71,NA
2021-05-18 16:00:00,977.8,NA,19.7,58,NA
2021-05-18 17:00:00,976.9,NA,20,58,NA
2021-05-18 18:00:00,975.8,NA,20.1,56,NA
2021-05-18 19:00:00,975.3,NA,20.4,56,NA
2021-05-18 20:00:00,975,NA,19.8,55,NA
2021-05-18 21:00:00,975.4,NA,18.6,60,NA
2021-05-18 22:00:00,975.4,NA,17,65,NA
2021-05-18 23:00:00,975.4,NA,16.5,68,NA
2021-05-19 03:00:00,NA,1015.3,15.5,71,NA
2021-05-19 06:00:00,NA,1014,14.4,79,NA
2021-05-19 09:00:00,NA,1012.8,14,81,NA
2021-05-19 10:00:00,NA,1013,14,81,NA
2021-05-19 11:00:00,NA,1013.7,13.9,81,NA
2021-05-19 12:00:00,NA,1013.5,13.9,81,NA
2021-05-19 13:00:00,NA,1013.6,14.9,77,NA
2021-05-19 14:00:00,NA,1013.2,16.3,71,NA
2021-05-19 15:00:00,NA,1012.6,18,63,NA
2021-05-19 16:00:00,NA,1011.6,18.9,62,NA
2021-05-19 17:00:00,NA,1009.7,21.3,58,NA
2021-05-19 18:00:00,NA,1009,21.2,59,NA
2021-05-19 19:00:00,NA,1008.8,21.3,57,NA
2021-05-19 20:00:00,NA,1008.9,20.3,63,NA
2021-05-19 21:00:00,NA,1010,18.4,69,NA
2021-05-19 22:00:00,NA,1011.1,16.8,76,NA
2021-05-19 23:00:00,NA,1011.5,16.9,74,NA
2021-05-20 00:00:00,972.6,NA,16.8,76,NA
2021-05-20 03:00:00,973.2,NA,16,87,NA
2021-05-20 06:00:00,971.8,NA,15.8,88,NA
2021-05-20 10:00:00,971.6,NA,14.2,90,NA
2021-05-20 11:00:00,971.8,NA,13.8,91,NA
2021-05-20 12:00:00,972.6,NA,13.7,91,NA
2021-05-20 13:00:00,972.8,NA,13.4,97,NA
2021-05-20 16:00:00,971.8,NA,14.3,96,NA
2021-05-20 17:00:00,970.2,NA,14.5,98,NA
2021-05-20 18:00:00,969.8,NA,15,98,NA
2021-05-20 19:00:00,969.7,NA,15,96,NA
2021-05-20 20:00:00,969.4,NA,15,95,NA
2021-05-20 21:00:00,969.7,NA,14.9,96,NA
2021-05-20 23:00:00,970.8,NA,14.3,98,NA
2021-05-21 03:00:00,NA,1010.3,14.1,99,NA
2021-05-21 06:00:00,NA,1007.9,14.1,99,NA
2021-05-21 09:00:00,NA,1007.8,13.3,99,NA
2021-05-21 10:00:00,NA,1008.2,12.9,99,NA
2021-05-21 11:00:00,NA,1009,12.7,100,NA
2021-05-21 12:00:00,NA,1009.9,12.7,99,NA
2021-05-21 13:00:00,NA,1010.8,12.6,97,NA
2021-05-21 14:00:00,NA,1012.6,12.7,94,NA
2021-05-21 15:00:00,NA,1011.7,13.3,90,NA
2021-05-21 16:00:00,NA,1011.4,15.3,77,NA
2021-05-21 17:00:00,NA,1011.3,15.2,69,NA
2021-05-21 18:00:00,NA,1010.7,15.2,65,NA
2021-05-21 19:00:00,NA,1011.7,14.9,59,NA
2021-05-21 20:00:00,NA,1012.6,13.7,64,NA
2021-05-21 21:00:00,NA,1012.8,13.2,69,NA
2021-05-21 22:00:00,NA,1013.2,12.8,69,NA
2021-05-21 23:00:00,NA,1013.7,11.9,74,NA
2021-05-22 00:00:00,974.2,NA,11.6,74,NA
2021-05-22 03:00:00,975.4,NA,11.6,60,NA
2021-05-22 06:00:00,975,NA,10.3,57,NA
2021-05-22 09:00:00,974.9,NA,8.8,64,NA
2021-05-22 10:00:00,974.6,NA,8.2,62,NA
2021-05-22 11:00:00,975.4,NA,7.9,63,NA
2021-05-22 12:00:00,975.6,NA,9.9,55,NA
2021-05-22 13:00:00,975.8,NA,12.8,46,NA
2021-05-22 14:00:00,975.8,NA,14.9,37,NA
2021-05-22 15:00:00,974.8,NA,15.8,33,NA
2021-05-22 16:00:00,974.2,NA,16.4,32,NA
2021-05-22 18:00:00,973.4,NA,18,26,NA
2021-05-22 19:00:00,973.6,NA,18,25,NA
2021-05-22 20:00:00,974.2,NA,17.2,28,NA
2021-05-22 21:00:00,975,NA,16,32,NA
2021-05-22 22:00:00,975.8,NA,13.7,44,NA
2021-05-22 23:00:00,976.6,NA,12.4,49,NA
2021-05-23 03:00:00,NA,1019.6,10.2,62,NA
2021-05-23 06:00:00,NA,1020.2,8.4,64,NA
2021-05-23 09:00:00,NA,1020.4,7.6,66,NA
2021-05-23 10:00:00,NA,1021.3,7.2,65,NA
2021-05-23 11:00:00,NA,1022,7.1,65,NA
2021-05-23 12:00:00,NA,1022.8,7.9,62,NA
2021-05-23 13:00:00,NA,1022.9,11.4,54,NA
2021-05-23 14:00:00,NA,1022.9,14.9,42,NA
2021-05-23 15:00:00,NA,1022.4,16,40,NA
2021-05-23 16:00:00,NA,1021.3,17.4,34,NA
2021-05-23 17:00:00,NA,1020.7,18,33,NA
2021-05-23 18:00:00,NA,1019.7,18.8,32,NA
2021-05-23 19:00:00,NA,1019.3,18.9,31,NA
2021-05-23 20:00:00,NA,1019.3,18.2,29,NA
2021-05-23 21:00:00,NA,1019.6,17.3,39,NA
2021-05-23 22:00:00,NA,1020.3,11.1,70,NA
2021-05-23 23:00:00,NA,1020.6,9.7,76,NA
2021-05-24 00:00:00,NA,1021.1,8,85,NA
2021-05-25 03:00:00,NA,1015.1,9.5,71,NA
2021-05-25 06:00:00,NA,1015.7,7,80,NA
2021-05-25 09:00:00,NA,1016.6,4.9,69,NA
2021-05-25 10:00:00,NA,1017.9,5.4,70,NA
2021-05-25 11:00:00,NA,1019.1,6.7,63,NA
2021-05-25 12:00:00,NA,1020.5,8.5,63,NA
2021-05-25 13:00:00,NA,1021.2,12.6,53,NA
2021-05-25 14:00:00,NA,1021.8,17.2,39,NA
2021-05-25 15:00:00,NA,1021.8,19.5,31,NA
2021-05-25 16:00:00,NA,1021.2,20.7,23,NA
2021-05-25 17:00:00,NA,1020.3,21.4,29,NA
2021-05-25 18:00:00,NA,1019.5,21.8,30,NA
2021-05-25 19:00:00,NA,1019.3,21.8,30,NA
2021-05-25 20:00:00,NA,1019.6,20.5,33,NA
2021-05-25 21:00:00,NA,1019.8,18.9,39,NA
2021-05-25 22:00:00,NA,1020.1,16.2,48,NA
2021-05-25 23:00:00,NA,1020.7,13.7,55,NA
2021-05-26 00:00:00,NA,1021,12.6,59,NA
2021-05-27 03:00:00,NA,1016.1,8.7,81,NA
2021-05-27 06:00:00,NA,1014.6,7.8,77,NA
2021-05-27 09:00:00,NA,1013.7,4.7,91,NA
2021-05-27 10:00:00,NA,1013.7,4.7,92,NA
2021-05-27 11:00:00,NA,1013.7,4.5,95,NA
2021-05-27 12:00:00,NA,1013.9,6.7,88,NA
2021-05-27 13:00:00,NA,1013.4,13.2,65,NA
2021-05-27 14:00:00,NA,1012.8,17,57,NA
2021-05-27 15:00:00,NA,1011.3,20.3,47,NA
2021-05-27 16:00:00,NA,1009.3,23.3,39,NA
2021-05-27 17:00:00,968.6,1007.8,24.5,38,NA
2021-05-27 18:00:00,966.6,1005.8,25.6,35,NA
2021-05-27 19:00:00,965.8,1005.1,25.4,36,NA
2021-05-27 20:00:00,965.4,1004.8,24.5,40,NA
2021-05-27 21:00:00,965.4,1005,22.4,43,NA
2021-05-27 22:00:00,965,1004.7,19,52,NA
2021-05-27 23:00:00,965,1004.8,17.7,54,NA
2021-05-28 00:00:00,NA,1004.3,16.4,59,NA
2021-05-29 00:00:00,971.7,NA,NA,NA,NA
2021-05-29 01:00:00,975,NA,NA,NA,NA
2021-05-29 03:00:00,NA,1015.5,11.9,54,NA
2021-05-29 06:00:00,976.1,1015.5,11.9,54,NA
2021-05-29 09:00:00,977.2,1017,10,64,NA
2021-05-29 10:00:00,978.1,1018.1,10,68,NA
2021-05-29 11:00:00,978.9,1018.9,11.9,54,NA
2021-05-29 12:00:00,980,1020.1,11.7,57,NA
2021-05-29 13:00:00,980.8,1020.8,14.6,43,NA
2021-05-29 14:00:00,981.7,1021.6,15.7,31,NA
2021-05-29 15:00:00,981.4,1021.4,17,26,NA
2021-05-29 16:00:00,981.3,1021.2,17.5,28,NA
2021-05-29 17:00:00,980.5,1020.4,17.7,22,NA
2021-05-29 18:00:00,980,1019.9,17.9,22,NA
2021-05-29 19:00:00,979.8,1019.7,17.6,24,NA
2021-05-29 20:00:00,979.6,1019.6,17.2,28,NA
2021-05-29 21:00:00,979.7,1019.9,15.4,31,NA
2021-05-29 22:00:00,980.2,1020.6,11.7,52,NA
2021-05-29 23:00:00,980.6,1021.1,9.7,56,NA
2021-05-30 00:00:00,NA,1021.6,10.3,49,NA
2021-05-31 00:00:00,978.6,NA,NA,NA,NA
2021-05-31 03:00:00,978.6,1018.7,8.6,52,NA
2021-05-31 06:00:00,978.9,1019.1,4.1,71,NA
2021-05-31 09:00:00,978.6,1019.1,3.2,88,NA
2021-05-31 10:00:00,978.4,1019,3.6,88,NA
2021-05-31 11:00:00,978.6,1019.3,6,72,NA
2021-05-31 12:00:00,NA,1019.6,5.8,76,NA
2021-05-31 13:00:00,979,1019.3,13.7,44,NA
2021-05-31 14:00:00,NA,1019.4,18,37,NA
2021-05-31 15:00:00,978.6,1018.8,20.8,35,NA
2021-05-31 16:00:00,977.4,1017.4,22.3,34,NA
2021-05-31 17:00:00,976.6,1016.4,23.1,34,NA
2021-05-31 18:00:00,975.6,1015.4,24.7,32,NA
2021-05-31 19:00:00,974.9,1014.6,25,26,NA
2021-05-31 20:00:00,974.6,1014.4,24.4,27,NA
2021-05-31 21:00:00,974.2,1014.2,23.2,33,NA
2021-05-31 22:00:00,974,1014.1,19.4,37,NA
2021-05-31 23:00:00,973.6,1013.7,16.6,46,NA
2021-06-01 00:00:00,NA,1014,14.8,50,NA
2021-06-02 00:00:00,972.9,NA,NA,NA,NA
2021-06-02 03:00:00,974,1013.5,11.6,80,NA
2021-06-02 06:00:00,974.8,1014.3,9.4,79,NA
2021-06-02 09:00:00,975.8,1015.6,9.6,77,NA
2021-06-02 10:00:00,976.2,1016,9.8,81,NA
2021-06-02 11:00:00,977.2,1017.3,9.2,86,NA
2021-06-02 12:00:00,978.2,1018.6,9.4,85,NA
2021-06-02 13:00:00,978.8,1019,12.4,78,NA
2021-06-02 14:00:00,979.4,1019.5,15,76,NA
2021-06-02 15:00:00,979.2,1018.9,20.4,51,NA
2021-06-02 16:00:00,978.8,1018.3,22.9,43,NA
2021-06-02 17:00:00,978,1017.5,23.4,41,NA
2021-06-02 18:00:00,977,1016.5,23.3,41,NA
2021-06-02 19:00:00,976.8,1016.3,23.4,41,NA
2021-06-02 20:00:00,976.2,1015.8,22.8,42,NA
2021-06-02 21:00:00,976.6,1016.3,20.9,47,NA
2021-06-02 22:00:00,976.6,1016.6,17.8,53,NA
2021-06-02 23:00:00,976.9,1016.9,16.8,54,NA
2021-06-03 00:00:00,NA,1017,15.3,61,NA
2021-06-04 00:00:00,970.6,NA,NA,NA,NA
2021-06-04 03:00:00,970.1,1008.8,17.7,66,NA
2021-06-04 06:00:00,968.1,1006.5,17.3,78,NA
2021-06-04 09:00:00,967.8,1006.8,15.1,93,NA
2021-06-04 10:00:00,968.5,1007.7,12.8,92,NA
2021-06-04 11:00:00,969,1008.4,11.6,91,NA
2021-06-04 12:00:00,969.6,1009.1,12,89,NA
2021-06-04 13:00:00,970,1009.3,15.4,75,NA
2021-06-04 14:00:00,970.2,1009.1,21,56,NA
2021-06-04 15:00:00,969.3,1008,23.2,50,NA
2021-06-04 16:00:00,968.5,1007,25.2,46,NA
2021-06-04 17:00:00,967.4,1005.9,26.1,45,NA
2021-06-04 18:00:00,966.4,1004.8,26.4,44,NA
2021-06-04 19:00:00,966.2,1004.7,26.6,44,NA
2021-06-04 20:00:00,966.4,1004.9,25.4,46,NA
2021-06-04 21:00:00,967,1005.7,24.3,49,NA
2021-06-04 22:00:00,968,1007.1,21.1,56,NA
2021-06-04 23:00:00,969,1008.3,19.5,59,NA
2021-06-05 00:00:00,NA,1009.3,19.4,60,NA
2021-06-06 00:00:00,982.4,NA,NA,NA,NA
2021-06-06 03:00:00,984.2,1024.6,7.7,74,NA
2021-06-06 06:00:00,983,1023.3,5.5,80,NA
2021-06-06 09:00:00,NA,1021.1,4,82,NA
2021-06-06 10:00:00,981.3,1021.9,4.4,84,NA
2021-06-06 11:00:00,981.7,1022.5,3.6,90,NA
2021-06-06 12:00:00,982.2,1023,6.6,85,NA
2021-06-06 13:00:00,982.5,1022.9,11.2,61,NA
2021-06-06 14:00:00,982.6,1023.2,13.4,47,NA
2021-06-06 15:00:00,981.8,1022.5,13.2,50,NA
2021-06-06 16:00:00,981,1021.5,14.8,37,NA
2021-06-06 17:00:00,979.7,1020.2,15.8,28,NA
2021-06-06 18:00:00,978.9,1019.3,16.8,32,NA
2021-06-06 19:00:00,978.2,1018.6,16.6,37,NA
2021-06-06 20:00:00,977.8,1018.3,16.4,40,NA
2021-06-06 21:00:00,978.1,1018.7,14.8,44,NA
2021-06-06 22:00:00,978.2,1019,12.2,51,NA
2021-06-06 23:00:00,979,1020,10.9,53,NA
2021-06-07 00:00:00,NA,1020.1,10,54,NA
2021-06-08 00:00:00,980.5,NA,NA,NA,NA
2021-06-08 03:00:00,981.3,1021.9,9.3,85,NA
2021-06-08 06:00:00,979.6,1019.9,8,87,NA
2021-06-08 09:00:00,978.8,1019.4,5,92,NA
2021-06-08 10:00:00,979,1019.7,4.3,92,NA
2021-06-08 11:00:00,NA,1020,4,92,NA
2021-06-08 12:00:00,NA,1020.2,5.2,88,NA
2021-06-08 13:00:00,NA,1020.1,8.6,81,NA
2021-06-08 14:00:00,NA,1019.9,12.6,73,NA
2021-06-08 15:00:00,NA,1018.4,16.7,66,NA
2021-06-08 16:00:00,NA,1017.5,18.1,62,NA
2021-06-08 17:00:00,NA,1016.1,19.2,55,NA
2021-06-08 18:00:00,NA,1016.7,19.4,55,NA
2021-06-08 19:00:00,NA,1015.1,20,53,NA
2021-06-08 20:00:00,NA,1015.1,19.4,57,NA
2021-06-08 21:00:00,NA,1015.5,17.8,66,NA
2021-06-08 22:00:00,NA,1016,16.1,72,NA
2021-06-08 23:00:00,NA,1016.8,14.1,81,NA
2021-06-10 00:00:00,976.2,NA,NA,NA,NA
2021-06-10 03:00:00,977.3,1016.9,14.8,99,NA
2021-06-10 06:00:00,977.8,1017.4,13.8,100,NA
2021-06-10 09:00:00,NA,1017.9,11.2,96,NA
2021-06-10 10:00:00,979.4,1019.6,9,99,NA
2021-06-10 11:00:00,980.4,1020.7,9.6,97,NA
2021-06-10 12:00:00,981.7,1022,9.7,94,NA
2021-06-10 13:00:00,983,1023.3,12.6,84,NA
2021-06-10 14:00:00,984.4,1024.4,16.1,74,NA
2021-06-10 15:00:00,984.8,1024.7,17.4,72,NA
2021-06-10 16:00:00,984.6,1024.5,19.1,60,NA
2021-06-10 17:00:00,984.5,1024.3,19.6,58,NA
2021-06-10 18:00:00,983.8,1023.7,19.1,61,NA
2021-06-10 19:00:00,983.6,1023.4,19.2,55,NA
2021-06-10 20:00:00,983.8,1023.7,18.5,50,NA
2021-06-10 21:00:00,984.6,1024.9,16.7,57,NA
2021-06-10 22:00:00,984.6,1025.2,14.9,59,NA
2021-06-10 23:00:00,985.2,1025.7,13.9,63,NA
2021-06-11 00:00:00,NA,1026.1,13.3,65,NA
2021-06-12 00:00:00,980.6,NA,NA,NA,NA
2021-06-12 03:00:00,979.8,1019.9,10.4,84,NA
2021-06-12 06:00:00,977.2,1017.3,6.1,82,NA
2021-06-12 09:00:00,975.3,1015.4,4.9,84,NA
2021-06-12 10:00:00,975.3,1015.6,4.2,89,NA
2021-06-12 11:00:00,975.4,1015.9,4.1,97,NA
2021-06-12 12:00:00,975.4,1015.7,7,93,NA
2021-06-12 13:00:00,975.3,1015.4,10.1,85,NA
2021-06-12 14:00:00,975.8,1015.9,12.9,72,NA
2021-06-12 15:00:00,NA,1015.1,18.5,62,NA
2021-06-12 16:00:00,974.6,1014.3,22.5,45,NA
2021-06-12 17:00:00,973.4,1012.8,25.4,43,NA
2021-06-12 18:00:00,972.9,1012.3,26.8,29,NA
2021-06-12 19:00:00,972.6,1012,26.8,27,NA
2021-06-12 20:00:00,NA,1012.4,24.9,39,NA
2021-06-12 21:00:00,973.3,1013.1,22.6,48,NA
2021-06-12 22:00:00,973.7,1013.7,20.1,55,NA
2021-06-12 23:00:00,974.8,1015.1,16.9,66,NA
2021-06-13 00:00:00,NA,1015,15.9,72,NA
2021-06-14 00:00:00,973.6,NA,NA,NA,NA
2021-06-14 03:00:00,975.8,1015.3,12.3,88,NA
2021-06-14 06:00:00,976.6,1016.1,8.2,95,NA
2021-06-14 09:00:00,977.8,1017.4,10.6,86,NA
2021-06-14 10:00:00,978.9,1018.7,10.6,89,NA
2021-06-14 11:00:00,979.8,1019.8,11.4,86,NA
2021-06-14 12:00:00,980.9,1021.1,11.1,85,NA
2021-06-14 13:00:00,982.4,1022.6,12.6,74,NA
2021-06-14 14:00:00,982.9,1023.1,13.4,65,NA
2021-06-14 15:00:00,983.4,1023.7,13.9,58,NA
2021-06-14 16:00:00,983.4,1023.7,14,55,NA
2021-06-14 17:00:00,983,1023.4,14.8,51,NA
2021-06-14 18:00:00,982.6,1023,16,44,NA
2021-06-14 19:00:00,983,1023.4,16.2,41,NA
2021-06-14 20:00:00,983.8,1024.2,15.2,39,NA
2021-06-14 21:00:00,984.6,1025.1,14.6,42,NA
2021-06-14 22:00:00,985.8,1026.5,12.9,50,NA
2021-06-14 23:00:00,987.3,1027.9,11.8,55,NA
2021-06-15 00:00:00,NA,1028.9,11.4,55,NA
2021-06-16 03:00:00,NA,1031.7,6.1,75,NA
2021-06-16 06:00:00,NA,1031.7,4.9,95,NA
2021-06-16 09:00:00,NA,1032.4,2.1,97,NA
2021-06-16 10:00:00,NA,1032.7,1.5,97,NA
2021-06-16 11:00:00,NA,1033.3,0.7,97,NA
2021-06-16 12:00:00,NA,1033.9,0.6,98,NA
2021-06-16 13:00:00,NA,1034.2,0.9,97,NA
2021-06-16 14:00:00,NA,1034.4,1.3,97,NA
2021-06-16 15:00:00,992.4,1034.4,2.1,97,NA
2021-06-16 16:00:00,991.4,1033.4,3.1,93,NA
2021-06-16 17:00:00,990.6,1032.5,3.5,91,NA
2021-06-16 18:00:00,990.1,1031.9,3.9,90,NA
2021-06-16 19:00:00,989.8,1031.7,4.3,87,NA
2021-06-16 20:00:00,989.8,1031.8,4.1,89,NA
2021-06-16 21:00:00,990.2,1032.2,3.9,90,NA
2021-06-16 22:00:00,990.4,1032.5,3.8,92,NA
2021-06-16 23:00:00,990.4,1032.6,3.8,92,NA
2021-06-17 00:00:00,NA,1033,3.9,90,NA
2021-06-18 00:00:00,988.6,NA,NA,NA,NA
2021-06-18 03:00:00,989,1030.7,5.5,91,NA
2021-06-18 06:00:00,988.2,1029.8,5.3,89,NA
2021-06-18 09:00:00,NA,1028.7,5.3,89,NA
2021-06-18 10:00:00,987.3,1028.9,5,92,NA
2021-06-18 11:00:00,987.6,1029.1,5,92,NA
2021-06-18 12:00:00,988.1,1029.7,5.1,91,NA
2021-06-18 13:00:00,988.2,1029.8,5.8,87,NA
2021-06-18 14:00:00,988.4,1029.9,6.8,75,NA
2021-06-18 15:00:00,987.8,1029.2,7.8,72,NA
2021-06-18 16:00:00,987,1028.3,8.9,64,NA
2021-06-18 17:00:00,986,1027.3,8,73,NA
2021-06-18 18:00:00,985.3,1026.5,9,62,NA
2021-06-18 19:00:00,985,1026.2,9,61,NA
2021-06-18 20:00:00,985,1026.2,8.6,64,NA
2021-06-18 21:00:00,985.4,1026.7,8.3,71,NA
2021-06-18 22:00:00,NA,1027.1,8,77,NA
2021-06-18 23:00:00,986.4,1027.8,7.6,80,NA
2021-06-19 00:00:00,NA,1028.5,7.4,84,NA
2021-06-20 00:00:00,984.6,NA,NA,NA,NA
2021-06-20 03:00:00,984.6,1025.7,5.6,77,NA
2021-06-20 06:00:00,982.9,1023.9,3.4,90,NA
2021-06-20 09:00:00,981.4,1022.5,2.1,89,NA
2021-06-20 10:00:00,981.4,1022.8,1.4,92,NA
2021-06-20 11:00:00,981.8,1023.3,0.5,94,NA
2021-06-20 12:00:00,982.1,1023.6,2.2,95,NA
2021-06-20 13:00:00,982.2,1023.5,6.4,78,NA
2021-06-20 14:00:00,982.6,1023.6,9.6,71,NA
2021-06-20 15:00:00,981.8,1022.7,11.6,66,NA
2021-06-20 16:00:00,980.6,1021.5,12.2,64,NA
2021-06-20 17:00:00,979.4,1020.3,13,61,NA
2021-06-20 18:00:00,978.6,1019.4,13.2,62,NA
2021-06-20 19:00:00,978.1,1018.8,13.4,56,NA
2021-06-20 20:00:00,977.7,1018.5,13.3,58,NA
2021-06-20 21:00:00,978.2,1019.2,12.6,60,NA
2021-06-20 22:00:00,978.8,1019.9,10.4,71,NA
2021-06-20 23:00:00,979.2,1020.5,8.7,76,NA
2021-06-21 00:00:00,NA,1021.5,6.8,85,NA
2021-06-22 00:00:00,980.6,NA,NA,NA,NA
2021-06-22 03:00:00,981.3,1022.1,8.8,97,NA
2021-06-22 06:00:00,980.6,1020.8,10.9,94,NA
2021-06-22 09:00:00,980,1020.2,10.5,96,NA
2021-06-22 10:00:00,980.2,1020.8,10.5,96,NA
2021-06-22 11:00:00,980.4,1020.9,10.6,97,NA
2021-06-22 12:00:00,NA,1021.1,10.2,100,NA
2021-06-22 13:00:00,980.6,1021.2,10.5,99,NA
2021-06-22 14:00:00,980.6,1021.3,11,97,NA
2021-06-22 15:00:00,NA,1020.7,11.2,95,NA
2021-06-22 16:00:00,NA,1019.9,12,89,NA
2021-06-22 17:00:00,NA,1018.4,12.5,85,NA
2021-06-22 18:00:00,NA,1017.2,13.2,77,NA
2021-06-22 19:00:00,NA,1016.6,14.1,71,NA
2021-06-22 20:00:00,NA,1016.1,13.9,73,NA
2021-06-22 21:00:00,NA,1016.1,13.3,80,NA
2021-06-22 22:00:00,NA,1016,13,81,NA
2021-06-22 23:00:00,NA,1016.1,12.7,81,NA
2021-06-23 00:00:00,NA,1016,12.5,82,NA
2021-06-24 00:00:00,972.4,NA,NA,NA,NA
2021-06-24 03:00:00,NA,1013.3,10.2,92,NA
2021-06-24 06:00:00,973,1012.8,8.3,93,NA
2021-06-24 09:00:00,NA,1016.2,6.8,90,NA
2021-06-24 10:00:00,976.9,1017.3,6.5,93,NA
2021-06-24 11:00:00,977.4,1017.9,6.3,88,NA
2021-06-24 12:00:00,977.7,1018.3,7.1,87,NA
2021-06-24 13:00:00,978.2,1018.4,12.5,72,NA
2021-06-24 14:00:00,978,1018,15.8,58,NA
2021-06-24 15:00:00,977.8,1017.8,17.8,44,NA
2021-06-24 16:00:00,976.9,1016.7,18.6,41,NA
2021-06-24 17:00:00,975.8,1015.8,19.1,39,NA
2021-06-24 18:00:00,975.2,1015,19.8,38,NA
2021-06-24 19:00:00,974.6,1014.5,19.8,40,NA
2021-06-24 20:00:00,974.4,1014.3,19.4,42,NA
2021-06-24 21:00:00,974.5,1014.5,18.4,47,NA
2021-06-24 22:00:00,975,1015.4,14.5,62,NA
2021-06-24 23:00:00,975.3,1015.6,14.1,63,NA
2021-06-25 00:00:00,NA,1016.1,12.4,65,NA
2021-06-26 00:00:00,972.4,NA,NA,NA,NA
2021-06-26 03:00:00,973.4,1013.4,8.9,94,NA
2021-06-26 06:00:00,975.6,1015.4,9.1,84,NA
2021-06-26 09:00:00,NA,1017.3,7.9,87,NA
2021-06-26 10:00:00,NA,1018.3,7.4,93,NA
2021-06-26 11:00:00,NA,1019.9,8,85,NA
2021-06-26 12:00:00,NA,1021.3,7.8,80,NA
2021-06-26 13:00:00,NA,1022.6,8.1,78,NA
2021-06-26 14:00:00,NA,1022.9,9,71,NA
2021-06-26 15:00:00,NA,1022.4,10.1,65,NA
2021-06-26 16:00:00,NA,1021.9,10.9,58,NA
2021-06-26 17:00:00,NA,1021.3,11.6,54,NA
2021-06-26 18:00:00,NA,1020.8,12.8,36,NA
2021-06-26 19:00:00,NA,1021.3,12.9,35,NA
2021-06-26 20:00:00,NA,1022,12.5,37,NA
2021-06-26 21:00:00,NA,1022.9,10.9,39,NA
2021-06-26 22:00:00,NA,1024.3,8.6,42,NA
2021-06-26 23:00:00,NA,1025.1,7.3,49,NA
2021-06-27 00:00:00,NA,1025.4,6.3,55,NA
2021-06-28 03:00:00,NA,1031.8,2.8,61,NA
2021-06-28 06:00:00,NA,1032.3,2.3,65,NA
2021-06-28 09:00:00,NA,1032,1.9,66,NA
2021-06-28 10:00:00,NA,1032.9,0.8,70,NA
2021-06-28 11:00:00,NA,1033.1,0.6,68,NA
2021-06-28 12:00:00,NA,1033.9,-0.5,72,NA
2021-06-28 13:00:00,NA,1034.2,4,60,NA
2021-06-28 14:00:00,NA,1034.4,6.1,58,NA
2021-06-28 15:00:00,NA,1033.9,8.3,51,NA
2021-06-28 16:00:00,NA,1032.9,9.8,48,NA
2021-06-28 17:00:00,NA,1031.4,11,42,NA
2021-06-28 18:00:00,NA,1030.7,11.4,38,NA
2021-06-28 19:00:00,NA,1030.5,11.5,35,NA
2021-06-28 20:00:00,NA,1030.1,11.4,35,NA
2021-06-28 21:00:00,NA,1030.2,10.5,42,NA
2021-06-28 22:00:00,NA,1031,6.9,58,NA
2021-06-28 23:00:00,NA,1031.6,4.3,76,NA
2021-06-29 00:00:00,NA,1032.1,2,84,NA
2021-06-30 00:00:00,987.3,NA,NA,NA,NA
2021-06-30 03:00:00,986.8,1027.9,4.7,48,NA
2021-06-30 06:00:00,985,1026,2.4,64,NA
2021-06-30 09:00:00,983.2,1024.2,3.9,55,NA
2021-06-30 10:00:00,983,1024.3,3.6,56,NA
2021-06-30 11:00:00,983.3,1024.8,3.4,56,NA
2021-06-30 12:00:00,983.2,1024.7,3.4,54,NA
2021-06-30 13:00:00,983.6,1024.9,6.1,45,NA
2021-06-30 14:00:00,983,1024.3,7.9,39,NA
2021-06-30 15:00:00,982.4,1023.4,11,36,NA
2021-06-30 16:00:00,980.9,1021.6,14.2,29,NA
2021-06-30 17:00:00,980,1020.7,14.6,28,NA
2021-06-30 18:00:00,978.9,1019.6,15.4,27,NA
2021-06-30 19:00:00,978,1018.7,14.6,29,NA
2021-06-30 20:00:00,NA,1018.3,13.8,29,NA
2021-06-30 21:00:00,977.8,1018.6,12.7,32,NA
2021-06-30 22:00:00,978.4,1019.3,10.9,42,NA
2021-06-30 23:00:00,978.9,1020,9.2,52,NA
2021-07-01 00:00:00,NA,1020.6,8,59,NA
