2021-01-07 00:00:00,956.2,NA,NA,NA,NA
2021-01-07 03:00:00,957.4,1014.2,18.4,64,NA
2021-01-07 06:00:00,955.7,1012.6,14,81,NA
2021-01-07 09:00:00,NA,1013.4,12,88,NA
2021-01-07 10:00:00,956.6,1013.8,12.2,86,NA
2021-01-07 11:00:00,956.8,1013.5,17.5,72,NA
2021-01-07 12:00:00,956.6,1013.2,21.9,48,NA
2021-01-07 13:00:00,956.5,1012.8,25,47,NA
2021-01-07 14:00:00,956.2,1012.3,27.5,40,NA
2021-01-07 15:00:00,955.8,1012,28.7,26,NA
2021-01-07 16:00:00,955.4,1011.7,29,29,NA
2021-01-07 17:00:00,954.8,1011,29.9,32,NA
2021-01-07 18:00:00,954.1,1010.3,30.4,29,NA
2021-01-07 19:00:00,953.4,1009.7,30.5,30,NA
2021-01-07 20:00:00,953,1009.3,31.5,30,NA
2021-01-07 21:00:00,952.5,1008.8,31.1,28,NA
2021-01-07 22:00:00,952.6,1008.9,30.9,31,NA
2021-01-07 23:00:00,952.8,1008.7,29.2,34,NA
2021-01-08 00:00:00,NA,1009.4,24.6,49,NA
2021-01-08 23:00:00,952.9,NA,NA,NA,NA
2021-01-09 03:00:00,NA,1016.1,NA,NA,NA
2021-01-09 06:00:00,955.7,1012.7,16.5,93,NA
2021-01-09 09:00:00,NA,1011.9,16.4,93,NA
2021-01-09 10:00:00,956,1014.2,16.4,94,NA
2021-01-09 11:00:00,956.6,1013.7,16.8,92,NA
2021-01-09 12:00:00,956.4,1013.4,18.2,87,NA
2021-01-09 13:00:00,956,1012.8,20.6,70,NA
2021-01-09 14:00:00,955.4,1012.3,21.6,68,NA
2021-01-09 15:00:00,955,1011.7,23.6,65,NA
2021-01-09 16:00:00,955.4,1012,23.8,65,NA
2021-01-09 17:00:00,953.8,1010.3,24.2,60,NA
2021-01-09 18:00:00,NA,1009.2,25,54,NA
2021-01-09 19:00:00,951.8,1008.3,27,51,NA
2021-01-09 20:00:00,951,1007.2,27.8,53,NA
2021-01-09 21:00:00,950.4,1006.4,28,52,NA
2021-01-09 22:00:00,950.4,1006.4,28,53,NA
2021-01-09 23:00:00,950.9,1007.1,26.4,57,NA
2021-01-10 00:00:00,NA,1008.1,25,62,NA
2021-01-11 00:00:00,946.5,NA,NA,NA,NA
2021-01-11 03:00:00,948.6,1003.7,26.5,100,NA
2021-01-11 06:00:00,NA,1001.4,23.7,88,NA
2021-01-11 09:00:00,945.3,1000.2,21.6,94,NA
2021-01-11 10:00:00,946,1001.1,21.2,93,NA
2021-01-11 11:00:00,948.2,1004,24,90,NA
2021-01-11 12:00:00,951.3,1009,18,96,NA
2021-01-11 13:00:00,NA,1010.5,18,96,NA
2021-01-11 14:00:00,NA,1010.3,17.9,95,NA
2021-01-11 15:00:00,954.1,1011.2,17.8,90,NA
2021-01-11 16:00:00,953.8,1011.1,17.8,90,NA
2021-01-11 17:00:00,953.2,1010.2,20.8,73,NA
2021-01-11 18:00:00,952.9,1009.1,21.4,70,NA
2021-01-11 19:00:00,953,1010.5,21.4,71,NA
2021-01-11 20:00:00,953.4,1010.9,21.6,NA,NA
2021-01-11 21:00:00,953.4,1010.7,23,68,NA
2021-01-11 22:00:00,954.1,1011.4,23.8,61,NA
2021-01-11 23:00:00,NA,1011.9,22,68,NA
2021-01-12 00:00:00,NA,1014.1,21.4,79,NA
2021-01-13 00:00:00,958.6,NA,NA,NA,NA
2021-01-13 03:00:00,960.4,1017.2,21.4,75,NA
2021-01-13 06:00:00,960.2,1016.9,19.8,83,NA
2021-01-13 09:00:00,960.8,1017.3,19.8,86,NA
2021-01-13 10:00:00,961.2,1017.8,18.8,95,NA
2021-01-13 11:00:00,961.8,1018.6,18.8,92,NA
2021-01-13 12:00:00,962.2,1019.2,19,91,NA
2021-01-13 13:00:00,962.2,1019.2,19.2,95,NA
2021-01-13 14:00:00,962.2,1019.1,21.2,88,NA
2021-01-13 15:00:00,961.8,1018.5,22.8,77,NA
2021-01-13 16:00:00,961.4,1018,23.4,72,NA
2021-01-13 17:00:00,960.9,1017.5,24.6,69,NA
2021-01-13 18:00:00,960.2,1016.9,24.2,68,NA
2021-01-13 19:00:00,959.7,1016.3,25,65,NA
2021-01-13 20:00:00,958.2,1014.7,26,63,NA
2021-01-13 21:00:00,958.2,1014.6,25.2,65,NA
2021-01-13 22:00:00,957.8,1014.4,25,68,NA
2021-01-13 23:00:00,958.2,1014.9,24.8,70,NA
2021-01-14 00:00:00,NA,1015.6,22.4,88,NA
2021-01-15 00:00:00,953,NA,NA,NA,NA
2021-01-15 03:00:00,953,1009,21.8,83,NA
2021-01-15 06:00:00,951.8,1007.5,22.6,82,NA
2021-01-15 09:00:00,951.4,1007.5,19.6,96,NA
2021-01-15 10:00:00,951.3,1007.2,20.4,93,NA
2021-01-15 11:00:00,NA,1007.9,22.3,86,NA
2021-01-15 12:00:00,951.8,1008.5,22.2,90,NA
2021-01-15 13:00:00,952.6,1010,22.4,94,NA
2021-01-15 14:00:00,952.6,1009.9,22.4,94,NA
2021-01-15 15:00:00,951.7,1009.4,18.6,96,NA
2021-01-15 16:00:00,949.6,1006.9,19.6,96,NA
2021-01-15 17:00:00,NA,1006.8,24.2,77,NA
2021-01-15 18:00:00,959.6,1006.4,NA,NA,NA
2021-01-15 19:00:00,948.9,1005.6,26.8,72,NA
2021-01-15 20:00:00,948.6,1005.4,26.2,70,NA
2021-01-15 21:00:00,957.8,1004.9,26.2,70,NA
2021-01-15 22:00:00,947.3,1003.9,26.2,71,NA
2021-01-15 23:00:00,947.8,1004.5,25.5,76,NA
2021-01-16 00:00:00,NA,1005.1,23.8,85,NA
2021-01-17 00:00:00,954.6,NA,NA,NA,NA
2021-01-17 03:00:00,958.2,1015.7,13.2,86,NA
2021-01-17 06:00:00,957.7,1015.2,12.5,82,NA
2021-01-17 09:00:00,958.6,1016.2,10.4,90,NA
2021-01-17 10:00:00,959.3,1017.2,9.1,91,NA
2021-01-17 11:00:00,959.6,1017.1,14.2,79,NA
2021-01-17 12:00:00,959.8,1017.1,19.6,50,NA
2021-01-17 13:00:00,960.1,1017.3,21.8,40,NA
2021-01-17 14:00:00,960,1017.2,23,37,NA
2021-01-17 15:00:00,959.7,1017,23.8,34,NA
2021-01-17 16:00:00,959,1016.1,25.2,36,NA
2021-01-17 17:00:00,NA,1015.3,25.8,35,NA
2021-01-17 18:00:00,NA,1014.8,26.4,35,NA
2021-01-17 19:00:00,NA,1014.2,27.2,33,NA
2021-01-17 20:00:00,NA,1014.2,26.8,35,NA
2021-01-17 21:00:00,NA,1013.9,26.6,37,NA
2021-01-17 22:00:00,NA,1014,26.2,40,NA
2021-01-17 23:00:00,NA,1014,24.8,46,NA
2021-01-18 00:00:00,NA,1014.7,22.4,52,NA
2021-01-19 03:00:00,NA,1016.1,17.4,61,NA
2021-01-19 06:00:00,NA,1015.3,13,78,NA
2021-01-19 09:00:00,NA,1015.5,12,84,NA
2021-01-19 10:00:00,NA,1016,12,86,NA
2021-01-19 11:00:00,NA,1016.3,15.9,78,NA
2021-01-19 12:00:00,NA,1016.3,21.7,51,NA
2021-01-19 13:00:00,NA,1016.2,24.6,42,NA
2021-01-19 14:00:00,NA,1016.2,26,36,NA
2021-01-19 15:00:00,NA,1016.3,26.6,35,NA
2021-01-19 16:00:00,NA,1016,27.6,36,NA
2021-01-19 17:00:00,NA,1015.6,28,33,NA
2021-01-19 18:00:00,NA,1014.9,28.9,32,NA
2021-01-19 19:00:00,NA,1014.2,29.9,33,NA
2021-01-19 20:00:00,NA,1013.8,29.6,30,NA
2021-01-19 21:00:00,NA,1013.7,29.3,32,NA
2021-01-19 22:00:00,NA,1014,28.4,30,NA
2021-01-19 23:00:00,NA,1014.3,27,36,NA
2021-01-20 00:00:00,NA,1015.1,24.6,36,NA
2021-01-21 03:00:00,NA,1015.4,18.2,58,NA
2021-01-21 06:00:00,NA,1016.4,16.6,54,NA
2021-01-21 09:00:00,NA,1016,15.6,80,NA
2021-01-21 10:00:00,NA,1016.4,16.2,74,NA
2021-01-21 11:00:00,NA,1016.6,19,74,NA
2021-01-21 12:00:00,NA,1016.2,25.2,52,NA
2021-01-21 13:00:00,NA,1017.6,26.7,40,NA
2021-01-21 14:00:00,NA,1017.5,27.2,39,NA
2021-01-21 15:00:00,NA,1016.5,28.4,38,NA
2021-01-21 16:00:00,NA,1016.5,28.9,35,NA
2021-01-21 17:00:00,NA,1016.1,29.7,38,NA
2021-01-21 18:00:00,NA,1015.7,30.3,36,NA
2021-01-21 19:00:00,NA,1015.2,31.1,36,NA
2021-01-21 20:00:00,NA,1014,30.8,34,NA
2021-01-21 21:00:00,NA,1014.6,30.6,34,NA
2021-01-21 22:00:00,NA,1014.5,30.2,36,NA
2021-01-21 23:00:00,NA,1014.8,28.9,42,NA
2021-01-22 00:00:00,NA,1015.1,26.8,51,NA
2021-01-23 03:00:00,NA,1016,23.7,76,NA
2021-01-23 06:00:00,NA,1014.5,21.8,84,NA
2021-01-23 09:00:00,NA,1013.4,20.6,89,NA
2021-01-23 10:00:00,NA,1013.4,20.4,93,NA
2021-01-23 11:00:00,NA,1015.2,23,85,NA
2021-01-23 12:00:00,NA,1014.9,26,71,NA
2021-01-23 13:00:00,NA,1013.8,28.2,62,NA
2021-01-23 14:00:00,NA,1013.6,29.3,58,NA
2021-01-23 15:00:00,NA,1012.9,29.3,58,NA
2021-01-23 16:00:00,NA,1012,30.1,56,NA
2021-01-23 17:00:00,NA,1011.6,31.5,50,NA
2021-01-23 18:00:00,NA,1011.3,32,47,NA
2021-01-23 19:00:00,NA,1010.4,32.4,46,NA
2021-01-23 20:00:00,NA,1009.8,32.4,43,NA
2021-01-23 21:00:00,NA,1009.8,32.4,43,NA
2021-01-23 22:00:00,NA,1009.1,31.3,46,NA
2021-01-23 23:00:00,NA,1010.1,28.9,53,NA
2021-01-24 00:00:00,NA,1010,28.8,51,NA
2021-01-25 03:00:00,NA,1007.7,21.4,83,NA
2021-01-25 06:00:00,NA,1007.6,19.4,87,NA
2021-01-25 09:00:00,NA,1006.3,21,98,NA
2021-01-25 10:00:00,NA,1006.8,21.6,90,NA
2021-01-25 11:00:00,NA,1008.1,21.3,92,NA
2021-01-25 12:00:00,NA,1008,23.5,85,NA
2021-01-25 13:00:00,NA,1007.3,25.8,74,NA
2021-01-25 14:00:00,NA,1006.1,28.8,61,NA
2021-01-25 15:00:00,NA,1005.5,29.8,58,NA
2021-01-25 16:00:00,NA,1004.8,30.2,57,NA
2021-01-25 17:00:00,NA,1003.9,32.5,54,NA
2021-01-25 18:00:00,NA,1004.2,28,64,NA
2021-01-25 19:00:00,NA,1004.8,23,78,NA
2021-01-25 20:00:00,NA,1005.3,23.7,74,NA
2021-01-25 21:00:00,NA,1003.5,27.1,62,NA
2021-01-25 22:00:00,NA,1002.8,27.2,62,NA
2021-01-25 23:00:00,NA,1004.3,26.6,69,NA
2021-01-26 00:00:00,NA,1004.7,23.4,84,NA
2021-01-26 15:00:00,949,NA,27,66,NA
2021-01-26 16:00:00,948.9,NA,27.4,69,NA
2021-01-26 17:00:00,948.4,NA,28,67,NA
2021-01-26 18:00:00,948,NA,30.2,58,NA
2021-01-26 19:00:00,948.5,NA,30.6,56,NA
2021-01-26 20:00:00,948.2,NA,27,71,NA
2021-01-27 03:00:00,NA,1007,22.4,85,NA
2021-01-27 06:00:00,NA,1006.6,20.1,90,NA
2021-01-27 09:00:00,NA,1007.9,20,88,NA
2021-01-27 10:00:00,NA,1008.7,20,83,NA
2021-01-27 11:00:00,NA,1009.6,22.2,81,NA
2021-01-27 12:00:00,NA,1009.5,26.7,59,NA
2021-01-27 13:00:00,NA,1009.1,28,58,NA
2021-01-27 14:00:00,NA,1008.7,29.4,57,NA
2021-01-27 15:00:00,NA,1008.2,30.2,56,NA
2021-01-27 16:00:00,NA,1007.2,31,51,NA
2021-01-27 17:00:00,NA,1006.6,30.4,51,NA
2021-01-27 18:00:00,NA,1005.6,31.5,38,NA
2021-01-27 19:00:00,NA,1004.7,29,45,NA
2021-01-27 20:00:00,NA,1004.5,30.3,51,NA
2021-01-27 21:00:00,NA,1003.2,30.2,54,NA
2021-01-27 22:00:00,NA,1002.9,29.8,48,NA
2021-01-27 23:00:00,NA,1003,29.2,53,NA
2021-01-28 00:00:00,NA,1003.3,27.6,63,NA
2021-01-29 03:00:00,NA,1003.1,23.6,86,NA
2021-01-29 06:00:00,NA,1002.7,21.4,93,NA
2021-01-29 09:00:00,NA,1007.2,16.4,98,NA
2021-01-29 10:00:00,NA,1007.7,16.5,96,NA
2021-01-29 11:00:00,NA,1008.2,16.2,94,NA
2021-01-29 12:00:00,NA,1008.4,16.2,96,NA
2021-01-29 13:00:00,NA,1007.5,18.2,92,NA
2021-01-29 14:00:00,NA,1006.9,20.8,79,NA
2021-01-29 15:00:00,NA,1005.8,23,71,NA
2021-01-29 16:00:00,NA,1005.2,24.6,67,NA
2021-01-29 17:00:00,NA,1004.5,24.9,68,NA
2021-01-29 18:00:00,NA,1004.1,26.6,61,NA
2021-01-29 19:00:00,NA,1003.3,27.2,59,NA
2021-01-29 20:00:00,NA,1003.2,27.4,58,NA
2021-01-29 21:00:00,NA,1002.9,26.2,66,NA
2021-01-29 22:00:00,NA,1002.4,26.6,67,NA
2021-01-29 23:00:00,NA,1002.8,24.9,76,NA
2021-01-30 00:00:00,NA,1003.8,23.8,80,NA
2021-01-31 03:00:00,958.6,1016.2,16.6,98,NA
2021-01-31 06:00:00,958.6,1016,16,98,NA
2021-01-31 09:00:00,957.7,1014.9,15.8,98,NA
2021-01-31 10:00:00,958.2,1015.5,15,100,NA
2021-01-31 11:00:00,958.6,1016.4,14.6,100,NA
2021-01-31 12:00:00,958.6,1016.4,14.8,99,NA
2021-01-31 13:00:00,958.5,1016.2,15.1,97,NA
2021-01-31 14:00:00,958.5,1016.1,16.2,91,NA
2021-01-31 15:00:00,958.2,1016,16,92,NA
2021-01-31 16:00:00,958.2,1015.8,16.6,89,NA
2021-01-31 17:00:00,957.6,1015.2,16.8,88,NA
2021-01-31 18:00:00,956.8,1014.2,18.2,81,NA
2021-01-31 19:00:00,956.2,1013.6,18.8,79,NA
2021-01-31 20:00:00,956.1,1013.5,17.8,84,NA
2021-01-31 21:00:00,956.2,1013.7,17.2,85,NA
2021-01-31 22:00:00,956.8,1014.5,16.3,89,NA
2021-01-31 23:00:00,957,1014.8,16,91,NA
2021-02-01 00:00:00,957.6,1015.4,15.7,91,NA
2021-02-02 00:00:00,956.8,NA,NA,NA,NA
2021-02-02 03:00:00,958.1,1015.2,19.2,67,NA
2021-02-02 06:00:00,957,1014.4,15.4,96,NA
2021-02-02 09:00:00,957,1014.4,14.6,99,NA
2021-02-02 10:00:00,957.6,1015.1,14.6,98,NA
2021-02-02 11:00:00,958.2,1015.8,15,96,NA
2021-02-02 12:00:00,959,1016.8,15,96,NA
2021-02-02 13:00:00,959.7,1017.5,15.4,94,NA
2021-02-02 14:00:00,959.8,1017.7,15.7,94,NA
2021-02-02 15:00:00,959.4,1017.1,16.9,86,NA
2021-02-02 16:00:00,959.3,1016.9,18,77,NA
2021-02-02 17:00:00,NA,1016.5,19.4,65,NA
2021-02-02 18:00:00,958.2,1015.6,20.9,60,NA
2021-02-02 19:00:00,957.6,1014.8,21.6,58,NA
2021-02-02 20:00:00,957.4,1014.6,21.6,55,NA
2021-02-02 21:00:00,957.4,1014.6,21.6,61,NA
2021-02-02 22:00:00,958,1015.4,20.5,65,NA
2021-02-02 23:00:00,958.5,1016,19.4,72,NA
2021-02-03 00:00:00,NA,1016.9,17.8,82,NA
2021-02-04 00:00:00,960.6,NA,NA,NA,NA
2021-02-04 03:00:00,962.8,1020.2,15,100,NA
2021-02-04 06:00:00,NA,1019.2,15,90,NA
2021-02-04 09:00:00,962,1019.5,12.2,96,NA
2021-02-04 10:00:00,962.5,1020,12.8,96,NA
2021-02-04 11:00:00,963,1020.4,14.6,89,NA
2021-02-04 12:00:00,963.3,1020.5,19.8,82,NA
2021-02-04 13:00:00,963.7,1020.9,22.2,70,NA
2021-02-04 14:00:00,963.7,1020.9,23.4,50,NA
2021-02-04 15:00:00,963.7,1020.9,24.6,47,NA
2021-02-04 16:00:00,963.4,1020.6,25,44,NA
2021-02-04 17:00:00,962.9,1020,25.6,46,NA
2021-02-04 18:00:00,962.9,1020,25.6,46,NA
2021-02-04 19:00:00,961.7,1018.7,27,44,NA
2021-02-04 20:00:00,961.3,1018.3,27.1,39,NA
2021-02-04 21:00:00,960.9,1018.1,26.8,42,NA
2021-02-04 22:00:00,960.8,1018,26,42,NA
2021-02-04 23:00:00,961.4,1018.7,24.6,56,NA
2021-02-05 00:00:00,NA,1018.8,22.1,66,NA
2021-02-05 03:00:00,NA,1019.8,16.6,86,NA
2021-02-05 06:00:00,NA,1017.8,15.2,87,NA
2021-02-05 09:00:00,NA,1016.8,14.2,91,NA
2021-02-05 10:00:00,NA,1017.2,14,91,NA
2021-02-05 11:00:00,NA,1017.4,16.4,87,NA
2021-02-05 12:00:00,NA,1017.2,21.4,69,NA
2021-02-05 13:00:00,NA,1017,23.1,56,NA
2021-02-05 14:00:00,NA,1016.9,24.2,52,NA
2021-02-05 15:00:00,NA,1016.5,25.2,57,NA
2021-02-05 16:00:00,NA,1015.8,26,56,NA
2021-02-05 17:00:00,NA,1015,27,53,NA
2021-02-05 18:00:00,NA,1014.4,26.8,53,NA
2021-02-05 19:00:00,NA,1013.6,27.8,52,NA
2021-02-05 20:00:00,NA,1013.1,27.2,53,NA
2021-02-05 21:00:00,NA,1012.7,27,54,NA
2021-02-05 22:00:00,NA,1012.9,26.2,58,NA
2021-02-05 23:00:00,NA,1013.3,24.7,60,NA
2021-02-06 00:00:00,957,1013.4,23.8,65,NA
2021-02-06 03:00:00,958.4,NA,NA,NA,NA
2021-02-06 06:00:00,957.2,NA,NA,NA,NA
2021-02-06 09:00:00,956.2,NA,NA,NA,NA
2021-02-06 10:00:00,956.9,NA,NA,NA,NA
2021-02-06 11:00:00,957.4,NA,NA,NA,NA
2021-02-06 12:00:00,957.8,NA,NA,NA,NA
2021-02-06 13:00:00,958,NA,NA,NA,NA
2021-02-06 14:00:00,958,NA,NA,NA,NA
2021-02-06 15:00:00,957.8,NA,NA,NA,NA
2021-02-06 16:00:00,957.3,NA,NA,NA,NA
2021-02-06 17:00:00,956.8,NA,NA,NA,NA
2021-02-06 18:00:00,956.2,NA,NA,NA,NA
2021-02-06 19:00:00,955.7,NA,NA,NA,NA
2021-02-06 20:00:00,955.2,NA,NA,NA,NA
2021-02-06 22:00:00,954.6,NA,NA,NA,NA
2021-02-06 23:00:00,955,NA,NA,NA,NA
2021-02-08 00:00:00,956,NA,NA,NA,NA
2021-02-08 03:00:00,958,1013.9,22.1,81,NA
2021-02-08 06:00:00,957.4,1013.4,20.1,88,NA
2021-02-08 09:00:00,NA,1013.3,18.8,85,NA
2021-02-08 10:00:00,NA,1014.1,18.9,89,NA
2021-02-08 11:00:00,NA,1015.1,19.2,85,NA
2021-02-08 12:00:00,NA,1015.5,20.4,82,NA
2021-02-08 13:00:00,NA,1015.1,23.4,67,NA
2021-02-08 14:00:00,NA,1015.9,23.5,70,NA
2021-02-08 15:00:00,NA,1016,24,76,NA
2021-02-08 16:00:00,NA,1016.1,23.5,73,NA
2021-02-08 17:00:00,NA,1016,23.1,75,NA
2021-02-08 18:00:00,NA,1016.3,22.8,74,NA
2021-02-08 19:00:00,NA,1016.6,21.7,79,NA
2021-02-08 20:00:00,NA,1016.4,21.1,90,NA
2021-02-08 21:00:00,NA,1017.6,19.8,86,NA
2021-02-08 22:00:00,NA,1018.5,18.3,88,NA
2021-02-08 23:00:00,NA,1018.5,17.8,89,NA
2021-02-09 00:00:00,NA,1018.8,17.4,88,NA
2021-02-10 03:00:00,NA,1020.7,18,93,NA
2021-02-10 06:00:00,NA,1019.4,17.4,90,NA
2021-02-10 09:00:00,NA,1018.8,15.8,93,NA
2021-02-10 10:00:00,NA,1019,15.9,95,NA
2021-02-10 11:00:00,NA,1019.4,17,94,NA
2021-02-10 12:00:00,NA,1019.6,18.7,84,NA
2021-02-10 13:00:00,NA,1019.6,19.8,77,NA
2021-02-10 14:00:00,NA,1019.1,22,70,NA
2021-02-10 15:00:00,NA,1018.8,22,65,NA
2021-02-10 16:00:00,NA,1018.2,22.6,64,NA
2021-02-10 17:00:00,NA,1017.5,24.2,61,NA
2021-02-10 18:00:00,NA,1016.7,24,58,NA
2021-02-10 19:00:00,NA,1016.1,24,59,NA
2021-02-10 20:00:00,NA,1015.7,23.7,55,NA
2021-02-10 21:00:00,NA,1015.8,22.8,64,NA
2021-02-10 22:00:00,NA,1015.9,19.8,83,NA
2021-02-10 23:00:00,NA,1015.8,19.8,86,NA
2021-02-11 00:00:00,958.8,NA,18,90,NA
2021-02-11 03:00:00,959.7,NA,18,90,NA
2021-02-11 06:00:00,958.6,NA,16.6,93,NA
2021-02-11 09:00:00,957.7,NA,14.6,93,NA
2021-02-11 10:00:00,957.8,NA,14.6,95,NA
2021-02-11 11:00:00,957.8,NA,16.2,95,NA
2021-02-11 12:00:00,958.1,NA,18.6,86,NA
2021-02-11 13:00:00,958,NA,21,75,NA
2021-02-11 14:00:00,957.8,NA,22.2,67,NA
2021-02-11 15:00:00,957.6,NA,24,61,NA
2021-02-11 16:00:00,957,NA,25.4,59,NA
2021-02-11 17:00:00,956.4,NA,26.2,53,NA
2021-02-11 18:00:00,955.6,NA,27,50,NA
2021-02-11 19:00:00,955,NA,26.2,55,NA
2021-02-11 20:00:00,954.6,NA,25.7,56,NA
2021-02-11 21:00:00,954.8,NA,22.2,70,NA
2021-02-11 22:00:00,954.6,NA,22.8,75,NA
2021-02-12 03:00:00,NA,1013.1,19.2,89,NA
2021-02-12 06:00:00,NA,1012.3,17.4,92,NA
2021-02-12 09:00:00,NA,1011.9,17.6,92,NA
2021-02-12 10:00:00,NA,1011.7,17,94,NA
2021-02-12 11:00:00,NA,1012,18.8,90,NA
2021-02-12 12:00:00,NA,1012.5,20.4,85,NA
2021-02-12 13:00:00,NA,1012.8,22,78,NA
2021-02-12 14:00:00,NA,1012.8,22.8,77,NA
2021-02-12 15:00:00,NA,1013,24.1,72,NA
2021-02-12 16:00:00,NA,1012.1,25.6,67,NA
2021-02-12 17:00:00,NA,1011.2,26.2,68,NA
2021-02-12 18:00:00,NA,1010.6,26.4,69,NA
2021-02-12 19:00:00,NA,1009.5,26.8,65,NA
2021-02-12 20:00:00,NA,1009.9,23.2,56,NA
2021-02-12 21:00:00,NA,1011.1,19.7,88,NA
2021-02-12 22:00:00,NA,1010.7,20.3,92,NA
2021-02-12 23:00:00,NA,1009.9,20.4,87,NA
2021-02-13 00:00:00,954.2,NA,19.4,88,NA
2021-02-13 03:00:00,955.4,NA,16.5,95,NA
2021-02-13 06:00:00,954.2,NA,15.4,92,NA
2021-02-13 09:00:00,953.3,NA,14,93,NA
2021-02-13 10:00:00,953.6,NA,13.8,95,NA
2021-02-13 11:00:00,954,NA,14.6,93,NA
2021-02-13 13:00:00,953.6,NA,24,59,NA
2021-02-13 14:00:00,953.6,NA,25.5,55,NA
2021-02-13 15:00:00,953,NA,27.6,49,NA
2021-02-13 16:00:00,952.6,NA,28.2,45,NA
2021-02-13 17:00:00,951.8,NA,29.4,41,NA
2021-02-13 18:00:00,951.6,NA,28,49,NA
2021-02-13 19:00:00,950.5,NA,28,51,NA
2021-02-13 20:00:00,949.7,NA,27.4,58,NA
2021-02-13 21:00:00,949,NA,28.8,50,NA
2021-02-13 22:00:00,949,NA,28.4,48,NA
2021-02-13 23:00:00,949.4,NA,27,54,NA
2021-02-14 03:00:00,NA,1009,17.8,88,NA
2021-02-14 06:00:00,NA,1007.4,15.4,91,NA
2021-02-14 09:00:00,NA,1006.3,15.6,87,NA
2021-02-14 10:00:00,NA,1006.2,17.8,83,NA
2021-02-14 11:00:00,NA,1006.6,21,76,NA
2021-02-14 12:00:00,NA,1006.8,24.8,65,NA
2021-02-14 13:00:00,NA,1007.6,28.5,44,NA
2021-02-14 14:00:00,NA,1007.5,29.4,42,NA
2021-02-14 15:00:00,NA,1007.6,29.6,41,NA
2021-02-14 16:00:00,NA,1007.7,29.8,41,NA
2021-02-14 17:00:00,NA,1007.5,30.4,44,NA
2021-02-14 18:00:00,NA,1007.1,30.4,46,NA
2021-02-14 19:00:00,NA,1006.7,30,44,NA
2021-02-14 20:00:00,NA,1006.8,29.2,46,NA
2021-02-14 21:00:00,NA,1006.4,30,48,NA
2021-02-14 22:00:00,NA,1006.3,29.2,53,NA
2021-02-14 23:00:00,NA,1006.6,27.7,56,NA
2021-02-15 00:00:00,951.4,NA,23.8,71,NA
2021-02-15 03:00:00,953.4,NA,20,85,NA
2021-02-15 06:00:00,953.3,NA,18.4,89,NA
2021-02-15 09:00:00,954,NA,18.8,88,NA
2021-02-15 10:00:00,954.4,NA,19,88,NA
2021-02-15 11:00:00,954.6,NA,21.2,71,NA
2021-02-15 12:00:00,954.6,NA,23.4,69,NA
2021-02-15 13:00:00,956.2,NA,23.6,63,NA
2021-02-15 14:00:00,956.6,NA,24.6,63,NA
2021-02-15 15:00:00,956.6,NA,25.9,62,NA
2021-02-15 16:00:00,956.8,NA,24.8,67,NA
2021-02-15 17:00:00,956.5,NA,25.9,64,NA
2021-02-15 18:00:00,956.5,NA,25.4,67,NA
2021-02-15 19:00:00,955.4,NA,25.9,64,NA
2021-02-15 20:00:00,954.6,NA,25.7,64,NA
2021-02-15 21:00:00,955,NA,23,76,NA
2021-02-15 22:00:00,956,NA,21.4,79,NA
2021-02-15 23:00:00,956.8,NA,20.6,84,NA
2021-02-16 03:00:00,NA,1015.8,18.4,95,NA
2021-02-16 06:00:00,NA,1014.9,16.6,96,NA
2021-02-16 09:00:00,NA,1014.3,15.6,94,NA
2021-02-16 10:00:00,NA,1014.1,16.9,97,NA
2021-02-16 11:00:00,NA,1014.8,17.8,94,NA
2021-02-16 12:00:00,NA,1015.5,18.9,89,NA
2021-02-16 13:00:00,NA,1015.3,20.6,79,NA
2021-02-16 14:00:00,NA,1015.6,20.6,79,NA
2021-02-16 15:00:00,NA,1015.3,21.8,75,NA
2021-02-16 16:00:00,NA,1014.3,23.9,70,NA
2021-02-16 17:00:00,NA,1013.8,24.6,66,NA
2021-02-16 18:00:00,NA,1013,24.8,65,NA
2021-02-16 19:00:00,NA,1012.1,25.1,61,NA
2021-02-16 20:00:00,NA,1011.3,26,58,NA
2021-02-16 21:00:00,NA,1011.2,25.8,59,NA
2021-02-16 22:00:00,NA,1011.3,24.8,62,NA
2021-02-16 23:00:00,NA,1012.1,22.2,75,NA
2021-02-17 00:00:00,955.7,NA,20.8,82,NA
2021-02-17 03:00:00,956.6,NA,17.7,89,NA
2021-02-17 09:00:00,955.6,NA,15.2,93,NA
2021-02-17 10:00:00,955.8,NA,15.4,95,NA
2021-02-17 11:00:00,956.2,NA,16.1,92,NA
2021-02-17 12:00:00,956.5,NA,20.5,83,NA
2021-02-17 13:00:00,956.4,NA,22.9,69,NA
2021-02-17 14:00:00,956.4,NA,25,56,NA
2021-02-17 15:00:00,956.1,NA,26.2,51,NA
2021-02-17 16:00:00,955.5,NA,27.2,51,NA
2021-02-17 17:00:00,955,NA,27.7,54,NA
2021-02-17 18:00:00,954.4,NA,28.4,53,NA
2021-02-17 19:00:00,953.8,NA,27.6,48,NA
2021-02-17 20:00:00,953.3,NA,28.6,53,NA
2021-02-17 21:00:00,953.1,NA,28,55,NA
2021-02-17 22:00:00,953.2,NA,27.5,56,NA
2021-02-17 23:00:00,953.3,NA,26.1,66,NA
2021-02-18 03:00:00,NA,1011.6,19.2,92,NA
2021-02-18 06:00:00,NA,1011.2,16.6,96,NA
2021-02-18 09:00:00,NA,1010.1,15.7,93,NA
2021-02-18 10:00:00,NA,1011,16.2,90,NA
2021-02-18 11:00:00,NA,1011.4,16.8,90,NA
2021-02-18 12:00:00,NA,1010.9,22.1,77,NA
2021-02-18 13:00:00,NA,1011.1,25,60,NA
2021-02-18 14:00:00,NA,1010.7,27.6,49,NA
2021-02-18 15:00:00,NA,1010.1,28.2,46,NA
2021-02-18 16:00:00,NA,1009.4,29.8,46,NA
2021-02-18 17:00:00,NA,1008.8,29.8,44,NA
2021-02-18 18:00:00,NA,1008.3,30.4,45,NA
2021-02-18 19:00:00,NA,1007.1,30.4,44,NA
2021-02-18 20:00:00,NA,1006.7,30.2,46,NA
2021-02-18 21:00:00,NA,1007,30,44,NA
2021-02-18 22:00:00,NA,1007.1,29,48,NA
2021-02-18 23:00:00,NA,1007.3,27.2,46,NA
2021-02-19 00:00:00,951.7,NA,25.6,43,NA
2021-02-19 03:00:00,953.2,NA,21.6,66,NA
2021-02-19 09:00:00,957.4,NA,18,93,NA
2021-02-19 10:00:00,959.2,NA,16.6,95,NA
2021-02-19 11:00:00,959.2,NA,15.8,95,NA
2021-02-19 12:00:00,960.2,NA,16,96,NA
2021-02-19 13:00:00,959.8,NA,17.2,89,NA
2021-02-19 14:00:00,960.4,NA,19,84,NA
2021-02-19 15:00:00,960,NA,21.5,71,NA
2021-02-19 16:00:00,960,NA,22.4,67,NA
2021-02-19 17:00:00,959.6,NA,23.4,64,NA
2021-02-19 18:00:00,959,NA,23.4,64,NA
2021-02-19 19:00:00,958.2,NA,24,59,NA
2021-02-19 20:00:00,958,NA,23.6,63,NA
2021-02-19 21:00:00,958,NA,22.8,66,NA
2021-02-19 22:00:00,957.8,NA,22.6,72,NA
2021-02-19 23:00:00,958.6,NA,21.7,80,NA
2021-02-20 03:00:00,NA,1018.5,19.2,81,NA
2021-02-20 06:00:00,NA,1017.3,16,93,NA
2021-02-20 09:00:00,NA,1017.4,13.7,94,NA
2021-02-20 10:00:00,NA,1017.9,13.2,96,NA
2021-02-20 11:00:00,NA,1018.3,14.2,93,NA
2021-02-20 12:00:00,NA,1017.8,18.3,70,NA
2021-02-20 13:00:00,NA,1017.4,21,65,NA
2021-02-20 14:00:00,NA,1017,22.4,66,NA
2021-02-20 15:00:00,NA,1016.3,24,65,NA
2021-02-20 16:00:00,NA,1015.5,23,69,NA
2021-02-20 17:00:00,NA,1014.5,24.6,66,NA
2021-02-20 18:00:00,NA,1013.7,25.2,66,NA
2021-02-20 19:00:00,NA,1012.7,25.6,65,NA
2021-02-20 20:00:00,NA,1012.6,25,73,NA
2021-02-20 21:00:00,NA,1012.1,24.8,68,NA
2021-02-20 22:00:00,NA,1012,24.3,69,NA
2021-02-20 23:00:00,NA,1012.3,23.4,72,NA
2021-02-21 00:00:00,955.9,NA,22.4,78,NA
2021-02-21 03:00:00,957.2,NA,22,79,NA
2021-02-21 06:00:00,956.4,NA,19.4,90,NA
2021-02-21 09:00:00,956.4,NA,20.6,85,NA
2021-02-21 10:00:00,956.6,NA,20.6,84,NA
2021-02-21 11:00:00,956.9,NA,21,84,NA
2021-02-21 15:00:00,956.8,NA,26,61,NA
2021-02-21 17:00:00,955.7,NA,26.8,58,NA
2021-02-21 18:00:00,955.2,NA,26.6,60,NA
2021-02-21 19:00:00,954.2,NA,26.2,67,NA
2021-02-21 20:00:00,953.4,NA,26.7,63,NA
2021-02-21 21:00:00,953.3,NA,26.2,67,NA
2021-02-21 22:00:00,953.2,NA,25.8,68,NA
2021-02-21 23:00:00,953.4,NA,24.8,76,NA
2021-02-22 03:00:00,NA,1010,22.8,80,NA
2021-02-22 06:00:00,NA,1008.6,19.6,91,NA
2021-02-22 09:00:00,NA,1008,18.8,90,NA
2021-02-22 10:00:00,NA,1008.6,17.6,92,NA
2021-02-22 11:00:00,NA,1009.5,17.6,92,NA
2021-02-22 12:00:00,NA,1009.7,23.7,73,NA
2021-02-22 13:00:00,NA,1010.7,23.7,73,NA
2021-02-22 14:00:00,NA,1010.7,27,62,NA
2021-02-22 15:00:00,NA,1010.6,27.3,62,NA
2021-02-22 16:00:00,NA,1010.1,27.8,62,NA
2021-02-22 17:00:00,NA,1009.5,29.3,59,NA
2021-02-22 18:00:00,NA,1009.1,29.1,57,NA
2021-02-22 19:00:00,NA,1008.4,30,51,NA
2021-02-22 20:00:00,NA,1008.5,29.8,58,NA
2021-02-22 21:00:00,NA,1008.8,29.2,59,NA
2021-02-22 22:00:00,NA,1009.4,28.6,61,NA
2021-02-22 23:00:00,NA,1010.8,25,79,NA
2021-02-23 00:00:00,955.2,NA,23.8,83,NA
2021-02-23 03:00:00,957.4,NA,23,83,NA
2021-02-23 06:00:00,957.4,NA,20,91,NA
2021-02-23 09:00:00,958.2,NA,17,95,NA
2021-02-23 10:00:00,959,NA,17.3,95,NA
2021-02-23 11:00:00,959.7,NA,17.8,91,NA
2021-02-23 12:00:00,960.2,NA,18,91,NA
2021-02-23 13:00:00,960.6,NA,17.1,98,NA
2021-02-23 14:00:00,961.3,NA,17.2,99,NA
2021-02-23 15:00:00,960.8,NA,18.6,100,NA
2021-02-23 16:00:00,961,NA,19.4,88,NA
2021-02-23 17:00:00,960.8,NA,18.8,83,NA
2021-02-23 18:00:00,960.2,NA,20.1,80,NA
2021-02-23 19:00:00,959.6,NA,21,82,NA
2021-02-23 20:00:00,959,NA,22.1,67,NA
2021-02-23 21:00:00,958.9,NA,22,72,NA
2021-02-23 22:00:00,959,NA,21.9,68,NA
2021-02-23 23:00:00,959.2,NA,20.2,81,NA
2021-02-24 03:00:00,NA,1018.1,15.8,83,NA
2021-02-24 06:00:00,NA,1016.7,14.1,80,NA
2021-02-24 09:00:00,NA,1016.4,14,81,NA
2021-02-24 10:00:00,NA,1016.9,14.1,86,NA
2021-02-24 11:00:00,NA,1017.5,15,84,NA
2021-02-24 12:00:00,NA,1017.4,20.2,72,NA
2021-02-24 13:00:00,NA,1017.4,23.9,58,NA
2021-02-24 14:00:00,NA,1017.4,24.9,52,NA
2021-02-24 15:00:00,NA,1016.6,25.9,47,NA
2021-02-24 16:00:00,NA,1015.8,26.5,45,NA
2021-02-24 17:00:00,NA,1015.1,26,52,NA
2021-02-24 18:00:00,NA,1014.2,27.6,51,NA
2021-02-24 19:00:00,NA,1013.6,27.4,50,NA
2021-02-24 20:00:00,NA,1013,27.8,48,NA
2021-02-24 21:00:00,NA,1013.1,26.8,53,NA
2021-02-24 22:00:00,NA,1013.2,26.1,55,NA
2021-02-24 23:00:00,NA,1013.8,24,60,NA
2021-02-25 00:00:00,957.3,NA,22.2,68,NA
2021-02-25 03:00:00,958.4,NA,18.2,86,NA
2021-02-25 09:00:00,957.4,NA,15.9,91,NA
2021-02-25 10:00:00,957.7,NA,15.2,91,NA
2021-02-25 11:00:00,958.4,NA,15.8,93,NA
2021-02-25 12:00:00,958.6,NA,20.9,81,NA
2021-02-25 13:00:00,958.5,NA,23.9,70,NA
2021-02-25 14:00:00,958.4,NA,26.1,65,NA
2021-02-25 15:00:00,958.2,NA,26.9,63,NA
2021-02-25 16:00:00,957.4,NA,27.8,62,NA
2021-02-25 17:00:00,956.9,NA,28,61,NA
2021-02-25 18:00:00,956.4,NA,28.4,60,NA
2021-02-25 20:00:00,954.8,NA,28.4,57,NA
2021-02-25 21:00:00,954.5,NA,28.2,58,NA
2021-02-25 22:00:00,954.4,NA,27.4,57,NA
2021-02-25 23:00:00,954.4,NA,25.2,69,NA
2021-02-26 03:00:00,NA,1012.7,21,86,NA
2021-02-26 06:00:00,NA,1011.6,19.7,83,NA
2021-02-26 09:00:00,NA,1011.2,18.6,89,NA
2021-02-26 10:00:00,NA,1011.4,18.4,89,NA
2021-02-26 11:00:00,NA,1011.7,20.5,93,NA
2021-02-26 12:00:00,NA,1011.5,23.4,65,NA
2021-02-26 13:00:00,NA,1011.8,25.2,52,NA
2021-02-26 14:00:00,NA,1011.8,26,49,NA
2021-02-26 15:00:00,NA,1011.5,26.9,49,NA
2021-02-26 16:00:00,NA,1011.2,27.8,51,NA
2021-02-26 17:00:00,NA,1011,27.6,54,NA
2021-02-26 18:00:00,NA,1010.4,28.2,53,NA
2021-02-26 19:00:00,NA,1010,29,55,NA
2021-02-26 20:00:00,NA,1009.5,28.4,56,NA
2021-02-26 21:00:00,NA,1009.5,27.6,55,NA
2021-02-26 22:00:00,NA,1009.7,27.2,58,NA
2021-02-26 23:00:00,NA,1010.3,25.6,65,NA
2021-02-27 00:00:00,955.4,NA,24.3,69,NA
2021-02-27 03:00:00,958.6,NA,20.2,85,NA
2021-02-27 06:00:00,958.6,NA,18.9,82,NA
2021-02-27 09:00:00,958.2,NA,16.4,88,NA
2021-02-27 10:00:00,958.2,NA,16.1,88,NA
2021-02-27 11:00:00,958.2,NA,17.7,85,NA
2021-02-27 12:00:00,958.4,NA,23.2,67,NA
2021-02-27 13:00:00,958.6,NA,25.8,53,NA
2021-02-27 14:00:00,959.6,NA,27.8,49,NA
2021-02-27 15:00:00,959,NA,27.2,48,NA
2021-02-27 16:00:00,958.9,NA,27.6,49,NA
2021-02-27 17:00:00,958.9,NA,28,47,NA
2021-02-27 18:00:00,957.4,NA,26.6,58,NA
2021-02-27 19:00:00,957.6,NA,28,56,NA
2021-02-27 20:00:00,956.9,NA,28,48,NA
2021-02-27 21:00:00,956.9,NA,27.8,42,NA
2021-02-27 22:00:00,957,NA,26.2,51,NA
2021-02-27 23:00:00,957.2,NA,25,52,NA
2021-02-28 03:00:00,NA,1014.9,19.6,78,NA
2021-02-28 06:00:00,NA,1013.9,20,82,NA
2021-02-28 09:00:00,NA,1013,19.6,85,NA
2021-02-28 10:00:00,NA,1013.2,19,88,NA
2021-02-28 11:00:00,NA,1013.7,20.8,82,NA
2021-02-28 12:00:00,NA,1014.5,22.3,77,NA
2021-02-28 13:00:00,NA,1013.9,24,71,NA
2021-02-28 14:00:00,NA,1013.7,25.5,65,NA
2021-02-28 15:00:00,NA,1013.9,24.9,67,NA
2021-02-28 16:00:00,NA,1012.6,25.8,69,NA
2021-02-28 17:00:00,NA,1011.8,26.4,67,NA
2021-02-28 18:00:00,NA,1010.7,27.5,66,NA
2021-02-28 19:00:00,NA,1012.1,28,63,NA
2021-02-28 20:00:00,NA,1009.6,28.6,60,NA
2021-02-28 21:00:00,NA,1009,28.7,58,NA
2021-02-28 22:00:00,NA,1009.3,28.1,66,NA
2021-02-28 23:00:00,NA,1009.8,26.8,70,NA
2021-03-01 00:00:00,NA,1009.1,24.6,75,NA
2021-03-02 03:00:00,NA,1012,21,87,NA
2021-03-02 06:00:00,NA,1011.4,21.6,83,NA
2021-03-02 09:00:00,NA,1011.4,21,90,NA
2021-03-02 10:00:00,NA,1011.9,20.5,92,NA
2021-03-02 11:00:00,NA,1012.6,20.8,92,NA
2021-03-02 12:00:00,NA,1012.8,22.4,85,NA
2021-03-02 13:00:00,NA,1013.2,24,79,NA
2021-03-02 14:00:00,NA,1013,27,68,NA
2021-03-02 15:00:00,NA,1012.7,28.3,62,NA
2021-03-02 16:00:00,NA,1011.8,30,54,NA
2021-03-02 17:00:00,NA,1011.1,30,53,NA
2021-03-02 18:00:00,955,1010.7,29.3,53,NA
2021-03-02 19:00:00,956.1,1012.4,23,80,NA
2021-03-02 20:00:00,956.4,1013.1,19.8,93,NA
2021-03-02 21:00:00,956.6,1013.3,20.2,92,NA
2021-03-02 22:00:00,957.3,1014,21.2,83,NA
2021-03-02 23:00:00,957.7,1014.4,20.6,89,NA
2021-03-03 00:00:00,NA,1014.4,20.2,88,NA
2021-03-04 00:00:00,957.2,NA,NA,NA,NA
2021-03-04 03:00:00,958,1015.2,20,91,NA
2021-03-04 06:00:00,956.8,1013.7,20,93,NA
2021-03-04 09:00:00,956,1013.1,18.2,95,NA
2021-03-04 10:00:00,NA,1013.7,17.7,90,NA
2021-03-04 11:00:00,956.6,1013.2,18.3,92,NA
2021-03-04 12:00:00,NA,1013.3,23.6,74,NA
2021-03-04 13:00:00,957,1013.1,25.9,62,NA
2021-03-04 14:00:00,957.2,1013.2,27,64,NA
2021-03-04 15:00:00,957.7,1013.8,27.9,61,NA
2021-03-04 16:00:00,957.4,1013.4,28.3,56,NA
2021-03-04 17:00:00,957,1012.9,29.2,57,NA
2021-03-04 18:00:00,956.9,1013,27.9,60,NA
2021-03-04 19:00:00,956.4,1012.5,27.8,59,NA
2021-03-04 20:00:00,955.7,1011.7,29,55,NA
2021-03-04 21:00:00,955.7,1011.8,28.8,58,NA
2021-03-04 22:00:00,955.4,1011.6,27.3,62,NA
2021-03-04 23:00:00,956.1,1012.7,23.8,82,NA
2021-03-05 00:00:00,NA,1012.9,22.6,85,NA
2021-03-05 20:00:00,955.4,NA,NA,NA,NA
2021-03-06 03:00:00,956.6,1012.5,22.2,86,NA
2021-03-06 06:00:00,955.8,1011.7,20,89,NA
2021-03-06 09:00:00,NA,1011.5,17.6,92,NA
2021-03-06 10:00:00,955.6,1011.9,17.4,96,NA
2021-03-06 11:00:00,955.7,1012,19,91,NA
2021-03-06 12:00:00,956.1,1012.1,22.4,81,NA
2021-03-06 13:00:00,955.8,1011.8,23.6,75,NA
2021-03-06 14:00:00,955.8,1011.4,26.5,66,NA
2021-03-06 15:00:00,955.6,1011.4,27.7,65,NA
2021-03-06 16:00:00,955,1010.8,28.8,61,NA
2021-03-06 17:00:00,954.8,1010.6,29.4,58,NA
2021-03-06 18:00:00,954.4,1010.1,29.9,55,NA
2021-03-06 19:00:00,953.8,1009.6,30.2,55,NA
2021-03-06 20:00:00,953.4,1009.3,30.1,57,NA
2021-03-06 21:00:00,953.7,1009.6,29.7,58,NA
2021-03-06 22:00:00,954,1010.1,28.3,61,NA
2021-03-06 23:00:00,954.4,1010.5,26.8,61,NA
2021-03-07 00:00:00,NA,1011.2,26,67,NA
2021-03-08 00:00:00,953.2,NA,NA,NA,NA
2021-03-08 03:00:00,954.4,1010,23.8,68,NA
2021-03-08 06:00:00,955.2,1011,18.2,90,NA
2021-03-08 09:00:00,956.9,1012.7,20.6,82,NA
2021-03-08 10:00:00,958.3,1014.2,20.8,95,NA
2021-03-08 11:00:00,959.7,1015.8,22,85,NA
2021-03-08 12:00:00,961,1017.3,22,78,NA
2021-03-08 13:00:00,962.1,1018.4,22.7,73,NA
2021-03-08 14:00:00,962.8,1019.2,23.4,68,NA
2021-03-08 15:00:00,963,1019.4,24.6,62,NA
2021-03-08 16:00:00,962,1018.4,25.8,60,NA
2021-03-08 17:00:00,961.8,1018.3,26.2,57,NA
2021-03-08 18:00:00,961.2,1017.8,26.3,56,NA
2021-03-08 19:00:00,960.1,1016.5,27.6,53,NA
2021-03-08 20:00:00,959,1015.3,27.2,55,NA
2021-03-08 21:00:00,958.5,1014.6,28,52,NA
2021-03-08 22:00:00,958.6,1014.9,26.4,55,NA
2021-03-08 23:00:00,959,1015.5,23.8,74,NA
2021-03-09 00:00:00,NA,1016.6,22.6,77,NA
2021-03-10 00:00:00,956.2,NA,NA,NA,NA
2021-03-10 01:00:00,957,NA,NA,NA,NA
2021-03-10 02:00:00,957.2,NA,NA,NA,NA
2021-03-10 03:00:00,956.9,1013.1,19.2,80,NA
2021-03-10 06:00:00,955.9,1012.1,17.3,85,NA
2021-03-10 09:00:00,954.6,1010.7,17.6,82,NA
2021-03-10 10:00:00,954.8,1011.2,16.2,86,NA
2021-03-10 11:00:00,954.9,1011,20.5,66,NA
2021-03-10 12:00:00,955,1010.7,24.2,51,NA
2021-03-10 13:00:00,954.8,1010.6,26.6,44,NA
2021-03-10 14:00:00,954.5,1010.3,27.2,43,NA
2021-03-10 15:00:00,953.7,1009.6,28,44,NA
2021-03-10 16:00:00,952.8,1008.5,29.9,40,NA
2021-03-10 17:00:00,951.7,1007.4,30.2,41,NA
2021-03-10 18:00:00,950.8,1006.5,30.6,42,NA
2021-03-10 19:00:00,950,1005.7,30.6,40,NA
2021-03-10 20:00:00,949.3,1004.9,30.4,40,NA
2021-03-10 21:00:00,949.4,1005,30.1,40,NA
2021-03-10 22:00:00,949.6,1005.5,29.3,42,NA
2021-03-10 23:00:00,950.1,1005.8,26.9,51,NA
2021-03-11 00:00:00,NA,1006.3,25.5,59,NA
2021-03-11 01:00:00,NA,1007.2,24.9,58,NA
2021-03-11 02:00:00,NA,1007.3,24.6,59,NA
2021-03-12 00:00:00,957.8,NA,NA,NA,NA
2021-03-12 01:00:00,958.6,NA,NA,NA,NA
2021-03-12 02:00:00,958.9,NA,NA,NA,NA
2021-03-12 03:00:00,959,1015.3,19.4,88,NA
2021-03-12 06:00:00,957.6,1014,19.4,88,NA
2021-03-12 09:00:00,958.1,1014.7,18.6,93,NA
2021-03-12 10:00:00,958.6,1015.2,18.2,94,NA
2021-03-12 11:00:00,959.4,1017.5,18.6,92,NA
2021-03-12 12:00:00,960.5,1018.7,19,93,NA
2021-03-12 13:00:00,961.3,1019.4,19.6,90,NA
2021-03-12 14:00:00,961.8,1020.1,19,96,NA
2021-03-12 15:00:00,961.3,1019.5,19,96,NA
2021-03-12 16:00:00,960.4,1018.3,21.2,86,NA
2021-03-12 17:00:00,NA,1017.3,22.6,75,NA
2021-03-12 18:00:00,959,1016.6,23.8,68,NA
2021-03-12 19:00:00,958.5,1016.2,22.6,75,NA
2021-03-12 20:00:00,957.8,1015.6,22.4,76,NA
2021-03-12 21:00:00,956.2,1013.9,21.6,80,NA
2021-03-12 22:00:00,956.8,1014.4,22.6,72,NA
2021-03-12 23:00:00,957.2,1014.1,21.3,79,NA
2021-03-13 00:00:00,NA,1014.9,20.2,84,NA
2021-03-13 01:00:00,NA,1015.9,17.5,94,NA
2021-03-14 03:00:00,NA,1014.8,19,87,NA
2021-03-14 06:00:00,NA,1015.5,18.2,92,NA
2021-03-14 09:00:00,NA,1014.5,19.2,91,NA
2021-03-14 10:00:00,NA,1014.9,19.5,90,NA
2021-03-14 11:00:00,NA,1014.9,19.4,90,NA
2021-03-14 12:00:00,NA,1016.2,21.2,84,NA
2021-03-14 13:00:00,NA,1016.8,23.2,75,NA
2021-03-14 14:00:00,NA,1017.3,22.9,79,NA
2021-03-14 15:00:00,NA,1017.3,23.9,77,NA
2021-03-14 16:00:00,NA,1016.3,25.5,67,NA
2021-03-14 17:00:00,NA,1015.8,25.2,65,NA
2021-03-14 18:00:00,NA,1015.1,26.6,52,NA
2021-03-14 19:00:00,NA,1014.3,25.4,68,NA
2021-03-14 20:00:00,NA,1013.6,26.3,54,NA
2021-03-14 21:00:00,NA,1013.6,25.9,60,NA
2021-03-14 22:00:00,NA,1013.6,25.1,61,NA
2021-03-14 23:00:00,NA,1013.8,23.8,61,NA
2021-03-15 00:00:00,NA,1014.9,22,75,NA
2021-03-15 12:00:00,957.8,NA,19.2,94,NA
2021-03-15 13:00:00,958,NA,19,92,NA
2021-03-15 14:00:00,957.7,NA,19.8,83,NA
2021-03-15 15:00:00,957.6,NA,20.4,78,NA
2021-03-15 16:00:00,956.8,NA,21,75,NA
2021-03-15 17:00:00,955.6,NA,22.8,70,NA
2021-03-15 18:00:00,954.6,NA,24,68,NA
2021-03-16 03:00:00,NA,1010.7,19.1,93,NA
2021-03-16 06:00:00,NA,1009.6,18.6,96,NA
2021-03-16 09:00:00,NA,1009.3,16.7,96,NA
2021-03-16 10:00:00,NA,1009.5,15.8,98,NA
2021-03-16 11:00:00,NA,1008.6,15.8,96,NA
2021-03-16 12:00:00,NA,1009.4,16.2,96,NA
2021-03-16 13:00:00,NA,1009.5,17.2,90,NA
2021-03-16 14:00:00,NA,1009,19.6,78,NA
2021-03-16 15:00:00,NA,1009.3,21,74,NA
2021-03-16 16:00:00,NA,1009,22.4,67,NA
2021-03-16 17:00:00,NA,1008.5,24.4,62,NA
2021-03-16 18:00:00,NA,1008.1,26,48,NA
2021-03-16 19:00:00,NA,1008.6,26.2,46,NA
2021-03-16 20:00:00,NA,1008.5,26,46,NA
2021-03-16 21:00:00,NA,1008.5,25.6,49,NA
2021-03-16 22:00:00,NA,1009.2,24.6,53,NA
2021-03-16 23:00:00,NA,1009.9,22,62,NA
2021-03-17 00:00:00,954.3,NA,18.1,80,NA
2021-03-17 01:00:00,955.4,NA,16.8,85,NA
2021-03-17 02:00:00,956.3,NA,16.6,86,NA
2021-03-17 03:00:00,957.1,NA,16,89,NA
2021-03-17 06:00:00,957.8,NA,13.7,86,NA
2021-03-17 09:00:00,958.7,NA,12.8,89,NA
2021-03-17 10:00:00,959.5,NA,14.8,82,NA
2021-03-17 11:00:00,960.5,NA,14.9,94,NA
2021-03-17 12:00:00,961,NA,16.5,92,NA
2021-03-18 03:00:00,NA,1023.4,13.9,89,NA
2021-03-18 06:00:00,NA,1023,14,86,NA
2021-03-18 09:00:00,NA,1021.9,13,91,NA
2021-03-18 10:00:00,NA,1022.1,12.8,91,NA
2021-03-18 11:00:00,NA,1022,12.6,91,NA
2021-03-18 12:00:00,NA,1022,12.8,88,NA
2021-03-18 13:00:00,NA,1021.9,13.7,84,NA
2021-03-18 14:00:00,NA,1021.2,15,75,NA
2021-03-18 15:00:00,NA,1020.7,15.5,74,NA
2021-03-18 16:00:00,NA,1019.9,16.4,69,NA
2021-03-18 17:00:00,NA,1018.8,17.3,65,NA
2021-03-18 18:00:00,NA,1017.6,17.8,61,NA
2021-03-18 19:00:00,NA,1016.5,18.1,61,NA
2021-03-18 20:00:00,NA,1016.3,17.6,63,NA
2021-03-18 21:00:00,NA,1016.5,17.2,67,NA
2021-03-18 22:00:00,NA,1016.8,16.8,67,NA
2021-03-18 23:00:00,NA,1017.1,16.4,71,NA
2021-03-19 00:00:00,959.8,NA,16.2,72,NA
2021-03-19 01:00:00,960.6,NA,15.8,75,NA
2021-03-19 02:00:00,961,NA,13.7,87,NA
2021-03-19 03:00:00,960.8,NA,12.2,93,NA
2021-03-19 04:00:00,960.5,NA,12.6,93,NA
2021-03-19 06:00:00,959.3,NA,14,82,NA
2021-03-19 09:00:00,958.2,NA,13.7,81,NA
2021-03-19 10:00:00,958.4,NA,13.7,85,NA
2021-03-19 11:00:00,958.5,NA,13.8,82,NA
2021-03-19 12:00:00,958.6,NA,14.4,81,NA
2021-03-19 13:00:00,958.1,NA,15.7,78,NA
2021-03-19 14:00:00,958.1,NA,16.7,74,NA
2021-03-19 15:00:00,957.6,NA,17.4,72,NA
2021-03-19 16:00:00,956.6,NA,18.5,67,NA
2021-03-19 17:00:00,955.7,NA,18.6,67,NA
2021-03-19 18:00:00,955,NA,19,65,NA
2021-03-19 19:00:00,954.2,NA,18.9,67,NA
2021-03-19 20:00:00,953.8,NA,18.9,68,NA
2021-03-19 21:00:00,953.8,NA,18.6,68,NA
2021-03-19 22:00:00,954.2,NA,18.4,71,NA
2021-03-19 23:00:00,954.8,NA,18,73,NA
2021-03-20 03:00:00,NA,1012,15.2,91,NA
2021-03-20 06:00:00,NA,1011.7,15.1,97,NA
2021-03-20 09:00:00,NA,1012.1,16,91,NA
2021-03-20 10:00:00,NA,1012.3,15,94,NA
2021-03-20 11:00:00,NA,1013.6,14.1,94,NA
2021-03-20 14:00:00,NA,1015.6,19.8,71,NA
2021-03-20 15:00:00,NA,1015.6,21.1,62,NA
2021-03-20 16:00:00,NA,1015,23.1,54,NA
2021-03-20 17:00:00,NA,1015.3,22.8,57,NA
2021-03-20 18:00:00,NA,1015.2,23.1,57,NA
2021-03-20 19:00:00,NA,1015.3,23.9,49,NA
2021-03-20 20:00:00,NA,1015.8,23.4,47,NA
2021-03-20 21:00:00,NA,1016.5,22.6,49,NA
2021-03-20 22:00:00,NA,1017.4,21,57,NA
2021-03-20 23:00:00,NA,1018.8,17.2,75,NA
2021-03-21 00:00:00,962.1,NA,16.8,80,NA
2021-03-21 03:00:00,964.4,NA,14.8,82,NA
2021-03-21 06:00:00,964.2,NA,13.6,86,NA
2021-03-21 09:00:00,963.8,NA,11,80,NA
2021-03-21 10:00:00,964.2,NA,10.8,76,NA
2021-03-21 11:00:00,964.9,NA,11.5,74,NA
2021-03-21 12:00:00,965.4,NA,17.6,53,NA
2021-03-21 13:00:00,965.8,NA,20.9,43,NA
2021-03-21 14:00:00,965.8,NA,22,35,NA
2021-03-21 15:00:00,965.4,NA,22.9,33,NA
2021-03-21 16:00:00,965,NA,23.1,33,NA
2021-03-21 17:00:00,964.2,NA,23.8,32,NA
2021-03-21 18:00:00,963.4,NA,24.2,33,NA
2021-03-21 19:00:00,962.9,NA,24.1,34,NA
2021-03-21 20:00:00,962.6,NA,23.9,40,NA
2021-03-21 21:00:00,962.6,NA,23.5,42,NA
2021-03-21 22:00:00,962.6,NA,22.4,44,NA
2021-03-22 03:00:00,NA,1021.6,12.6,83,NA
2021-03-22 06:00:00,NA,1020.1,14.6,81,NA
2021-03-22 09:00:00,NA,1019.4,14,86,NA
2021-03-22 10:00:00,NA,1019.6,13.8,89,NA
2021-03-22 11:00:00,NA,1021.1,14.1,85,NA
2021-03-22 12:00:00,NA,1021.4,16.4,77,NA
2021-03-22 13:00:00,NA,1021.4,19.3,60,NA
2021-03-22 14:00:00,NA,1021.5,21.2,NA,NA
2021-03-22 15:00:00,NA,1021.6,22.4,50,NA
2021-03-22 16:00:00,NA,1021,22.7,48,NA
2021-03-22 17:00:00,NA,1019.5,24.3,47,NA
2021-03-22 18:00:00,NA,1019.1,24.6,45,NA
2021-03-22 19:00:00,NA,1018.2,24.6,45,NA
2021-03-22 20:00:00,NA,1018.2,24.4,48,NA
2021-03-22 21:00:00,NA,1018.3,24.2,NA,NA
2021-03-22 22:00:00,NA,1018.8,23,53,NA
2021-03-22 23:00:00,NA,1019.1,21,59,NA
2021-03-23 00:00:00,962.2,NA,18.2,71,NA
2021-03-23 01:00:00,962.8,NA,18.3,73,NA
2021-03-23 02:00:00,962.9,NA,16,83,NA
2021-03-23 03:00:00,962.2,NA,15,85,NA
2021-03-23 09:00:00,959.8,NA,11.2,93,NA
2021-03-23 10:00:00,960,NA,11.6,95,NA
2021-03-23 11:00:00,960.2,NA,11,97,NA
2021-03-23 12:00:00,960.2,NA,16,88,NA
2021-03-23 13:00:00,960.1,NA,20.2,64,NA
2021-03-23 14:00:00,959.8,NA,22.2,57,NA
2021-03-23 15:00:00,959.4,NA,23.2,57,NA
2021-03-23 16:00:00,958.6,NA,24.2,53,NA
2021-03-23 17:00:00,957.8,NA,25.9,51,NA
2021-03-23 18:00:00,957,NA,25.8,51,NA
2021-03-23 19:00:00,956.4,NA,25.4,50,NA
2021-03-23 20:00:00,955.8,NA,25.7,50,NA
2021-03-23 21:00:00,955.8,NA,24.9,53,NA
2021-03-23 22:00:00,955.8,NA,23.5,53,NA
2021-03-23 23:00:00,956.1,NA,21.6,58,NA
2021-03-24 03:00:00,NA,1014.6,15,89,NA
2021-03-24 06:00:00,NA,1013.7,13.1,97,NA
2021-03-24 09:00:00,NA,1013.3,13.1,90,NA
2021-03-24 10:00:00,NA,1013.7,12.8,91,NA
2021-03-24 11:00:00,NA,1015,13.2,93,NA
2021-03-24 12:00:00,NA,1014.6,16,90,NA
2021-03-24 13:00:00,NA,1014.4,19.8,82,NA
2021-03-24 14:00:00,NA,1013.7,24.2,68,NA
2021-03-24 15:00:00,NA,1013.5,25.4,65,NA
2021-03-24 16:00:00,NA,1012.6,25.6,65,NA
2021-03-24 17:00:00,NA,1012.7,23.8,74,NA
2021-03-24 18:00:00,NA,1011.5,25.8,67,NA
2021-03-24 19:00:00,NA,1011.3,24.2,75,NA
2021-03-24 20:00:00,NA,1011.1,23.4,79,NA
2021-03-24 21:00:00,NA,1011,22.8,85,NA
2021-03-24 22:00:00,NA,1011.4,21.8,91,NA
2021-03-24 23:00:00,NA,1011.9,21.2,96,NA
2021-03-25 00:00:00,955,NA,21,96,NA
2021-03-25 03:00:00,955.6,NA,20.8,96,NA
2021-03-25 06:00:00,953.6,NA,20.6,96,NA
2021-03-25 09:00:00,953,NA,20.4,98,NA
2021-03-25 10:00:00,953.2,NA,20.4,98,NA
2021-03-25 11:00:00,953.3,NA,20.3,98,NA
2021-03-25 12:00:00,953.8,NA,20.2,98,NA
2021-03-25 13:00:00,954.2,NA,20.2,98,NA
2021-03-25 14:00:00,954.6,NA,20.4,98,NA
2021-03-25 15:00:00,955,NA,19.6,94,NA
2021-03-25 16:00:00,955.2,NA,20.2,92,NA
2021-03-25 17:00:00,954.6,NA,21.7,83,NA
2021-03-25 18:00:00,953.8,NA,22.6,78,NA
2021-03-25 19:00:00,953.6,NA,22.4,81,NA
2021-03-25 20:00:00,953.4,NA,21.2,86,NA
2021-03-25 21:00:00,953.3,NA,22.2,78,NA
2021-03-25 22:00:00,953.7,NA,20.8,80,NA
2021-03-25 23:00:00,954.1,NA,18.7,89,NA
2021-03-26 03:00:00,NA,1013.5,18.2,85,NA
2021-03-26 06:00:00,NA,1012.5,18,85,NA
2021-03-26 09:00:00,NA,1012.9,16.3,90,NA
2021-03-26 10:00:00,NA,1013.9,15.6,91,NA
2021-03-26 11:00:00,NA,1014.8,15.8,87,NA
2021-03-26 12:00:00,NA,1015.9,15.8,87,NA
2021-03-26 13:00:00,NA,1016.6,16.6,82,NA
2021-03-26 14:00:00,NA,1016.8,17.6,75,NA
2021-03-26 15:00:00,NA,1017.1,17.6,75,NA
2021-03-26 16:00:00,NA,1016.2,18.8,72,NA
2021-03-26 17:00:00,NA,1016,19.8,67,NA
2021-03-26 18:00:00,NA,1015.4,20,63,NA
2021-03-26 19:00:00,NA,1015,20.4,64,NA
2021-03-26 20:00:00,NA,1015.5,19.8,68,NA
2021-03-26 21:00:00,NA,1016,19.2,66,NA
2021-03-26 22:00:00,NA,1016.6,18.4,69,NA
2021-03-26 23:00:00,NA,1018.3,17.4,71,NA
2021-03-27 00:00:00,960.8,NA,16.8,65,NA
2021-03-27 06:00:00,960.2,NA,10,93,NA
2021-03-27 09:00:00,959.6,NA,8.2,94,NA
2021-03-27 10:00:00,959.8,NA,8,94,NA
2021-03-27 11:00:00,960.1,NA,8.4,93,NA
2021-03-27 12:00:00,960.6,NA,13.4,83,NA
2021-03-27 13:00:00,961,NA,18.1,67,NA
2021-03-27 14:00:00,961.4,NA,19.4,40,NA
2021-03-27 15:00:00,961.3,NA,20.3,42,NA
2021-03-27 16:00:00,961,NA,20.9,44,NA
2021-03-27 17:00:00,960.4,NA,21.6,44,NA
2021-03-27 18:00:00,959.6,NA,22.5,41,NA
2021-03-27 19:00:00,959.3,NA,23,40,NA
2021-03-27 20:00:00,959,NA,21.8,42,NA
2021-03-27 21:00:00,959,NA,21.4,40,NA
2021-03-27 22:00:00,959.3,NA,19.9,47,NA
2021-03-27 23:00:00,959.7,NA,15.3,70,NA
2021-03-28 03:00:00,NA,1020.1,10.6,81,NA
2021-03-28 06:00:00,NA,1018.8,8.8,90,NA
2021-03-28 09:00:00,NA,1018.4,7.7,92,NA
2021-03-28 10:00:00,NA,1018.8,7.6,89,NA
2021-03-28 11:00:00,NA,1020,7.9,88,NA
2021-03-28 12:00:00,NA,1019.7,13.5,72,NA
2021-03-28 13:00:00,NA,1019.6,14.2,66,NA
2021-03-28 14:00:00,NA,1019.4,18.5,52,NA
2021-03-28 15:00:00,NA,1018.9,19.8,49,NA
2021-03-28 16:00:00,NA,1018.5,20.8,51,NA
2021-03-28 17:00:00,NA,1017.5,21.7,47,NA
2021-03-28 18:00:00,NA,1016.7,22.1,46,NA
2021-03-28 19:00:00,NA,1015.8,23.2,46,NA
2021-03-28 20:00:00,NA,1015.6,23.2,46,NA
2021-03-28 21:00:00,NA,1015.5,22.5,50,NA
2021-03-28 22:00:00,NA,1015.9,21.4,54,NA
2021-03-28 23:00:00,NA,1016.6,18.6,66,NA
2021-03-29 00:00:00,959.3,NA,15.2,82,NA
2021-03-29 03:00:00,960.7,NA,12.4,90,NA
2021-03-29 06:00:00,960.4,NA,10.7,91,NA
2021-03-29 10:00:00,960.2,NA,8.7,88,NA
2021-03-29 11:00:00,961.3,NA,8.2,97,NA
2021-03-29 12:00:00,961.7,NA,13.4,91,NA
2021-03-29 13:00:00,961.8,NA,19.2,71,NA
2021-03-29 14:00:00,962.2,NA,20.4,64,NA
2021-03-29 15:00:00,962.1,NA,21.9,58,NA
2021-03-29 16:00:00,961.4,NA,22.3,53,NA
2021-03-29 17:00:00,960.8,NA,24,41,NA
2021-03-29 18:00:00,960.1,NA,25.2,32,NA
2021-03-29 19:00:00,959.6,NA,25.4,34,NA
2021-03-29 20:00:00,959.3,NA,25.6,34,NA
2021-03-29 21:00:00,959.4,NA,24.7,37,NA
2021-03-29 22:00:00,959.8,NA,23,48,NA
2021-03-29 23:00:00,960.2,NA,20.4,55,NA
2021-03-30 03:00:00,NA,1019.5,12.6,87,NA
2021-03-30 06:00:00,NA,1018.5,11.1,89,NA
2021-03-30 09:00:00,NA,1017.6,10,92,NA
2021-03-30 10:00:00,NA,1018,9.1,94,NA
2021-03-30 11:00:00,NA,1018.5,10.2,92,NA
2021-03-30 12:00:00,NA,1019.1,14.8,83,NA
2021-03-30 13:00:00,NA,1018.8,20.4,58,NA
2021-03-30 14:00:00,NA,1018.7,22,49,NA
2021-03-30 15:00:00,NA,1018.5,23,39,NA
2021-03-30 16:00:00,NA,1017.9,23.6,46,NA
2021-03-30 17:00:00,NA,1017.1,24.8,46,NA
2021-03-30 18:00:00,NA,1016.2,25,47,NA
2021-03-30 19:00:00,NA,1015.8,24.8,47,NA
2021-03-30 20:00:00,NA,1015.6,25,49,NA
2021-03-30 21:00:00,NA,1015.6,23.8,51,NA
2021-03-30 22:00:00,NA,1016.1,22.4,55,NA
2021-03-30 23:00:00,NA,1016.4,20.7,60,NA
2021-03-31 00:00:00,959.3,NA,19.3,66,NA
2021-03-31 03:00:00,960.2,NA,14.6,85,NA
2021-03-31 06:00:00,959.3,NA,12.2,91,NA
2021-03-31 09:00:00,958.8,NA,9.6,93,NA
2021-03-31 10:00:00,959,NA,9.5,94,NA
2021-03-31 11:00:00,959,NA,9.8,91,NA
2021-03-31 17:00:00,958.4,NA,23.2,53,NA
2021-03-31 18:00:00,957.8,NA,24.1,53,NA
2021-03-31 19:00:00,957.3,NA,23.9,53,NA
2021-03-31 20:00:00,957,NA,22.8,54,NA
2021-03-31 21:00:00,956.9,NA,22.8,54,NA
2021-03-31 22:00:00,957.2,NA,21.8,53,NA
2021-03-31 23:00:00,957.8,NA,20.1,62,NA
2021-04-01 03:00:00,NA,1016.8,12.2,87,NA
2021-04-01 06:00:00,NA,1016.1,11.2,84,NA
2021-04-01 09:00:00,NA,1015.8,11.2,95,NA
2021-04-01 10:00:00,NA,1016,12,91,NA
2021-04-01 11:00:00,NA,1016.7,12.8,93,NA
2021-04-01 12:00:00,NA,1016.9,15.6,86,NA
2021-04-01 13:00:00,NA,1017.2,18.4,74,NA
2021-04-01 14:00:00,NA,1017.2,19.6,68,NA
2021-04-01 15:00:00,NA,1017.2,20.7,63,NA
2021-04-01 16:00:00,NA,1017.1,20.8,63,NA
2021-04-01 17:00:00,NA,1016.7,20.1,63,NA
2021-04-01 18:00:00,NA,1016,20.1,66,NA
2021-04-01 19:00:00,NA,1015.6,20.4,66,NA
2021-04-01 20:00:00,NA,1015.4,20.4,66,NA
2021-04-01 21:00:00,NA,1015.6,20,68,NA
2021-04-01 22:00:00,NA,1016,19.8,69,NA
2021-04-01 23:00:00,NA,1016.7,18.2,78,NA
2021-04-02 00:00:00,959.2,NA,18.2,77,NA
2021-04-02 06:00:00,959.8,NA,16.8,85,NA
2021-04-02 09:00:00,959.3,NA,17.2,75,NA
2021-04-02 10:00:00,959.6,NA,15.4,85,NA
2021-04-02 11:00:00,960,NA,16.7,79,NA
2021-04-02 12:00:00,960.5,NA,18,69,NA
2021-04-02 13:00:00,960.6,NA,20.2,63,NA
2021-04-02 14:00:00,960.6,NA,22,54,NA
2021-04-02 15:00:00,960.2,NA,22.8,52,NA
2021-04-02 16:00:00,959.8,NA,23.8,49,NA
2021-04-02 17:00:00,959,NA,23.6,50,NA
2021-04-02 18:00:00,958.2,NA,24,49,NA
2021-04-02 19:00:00,957.8,NA,24.3,52,NA
2021-04-02 20:00:00,957.4,NA,24.2,53,NA
2021-04-02 21:00:00,957.8,NA,23,55,NA
2021-04-02 22:00:00,958.2,NA,21.8,62,NA
2021-04-02 23:00:00,958.6,NA,20.8,64,NA
2021-04-03 03:00:00,NA,1017.4,19.1,67,NA
2021-04-03 06:00:00,NA,1016.3,16.3,79,NA
2021-04-03 09:00:00,NA,1015.4,18.2,70,NA
2021-04-03 10:00:00,NA,1016.1,17.6,72,NA
2021-04-03 11:00:00,NA,1016.7,18,70,NA
2021-04-03 12:00:00,NA,1017.4,18.8,64,NA
2021-04-03 13:00:00,NA,1017.5,20.8,60,NA
2021-04-03 14:00:00,NA,1017.3,22.6,51,NA
2021-04-03 15:00:00,NA,1016.9,24,49,NA
2021-04-03 16:00:00,NA,1016.5,24.8,48,NA
2021-04-03 17:00:00,NA,1015.8,25.2,48,NA
2021-04-03 18:00:00,NA,1014.9,25.8,49,NA
2021-04-03 19:00:00,NA,1014.2,26,49,NA
2021-04-03 20:00:00,NA,1014.1,25.6,51,NA
2021-04-03 21:00:00,NA,1014.2,24.8,50,NA
2021-04-03 22:00:00,NA,1014.9,23.4,56,NA
2021-04-03 23:00:00,NA,1015.7,22.2,60,NA
2021-04-04 00:00:00,959.4,NA,21.4,63,NA
2021-04-04 03:00:00,960.2,NA,19.2,75,NA
2021-04-04 06:00:00,959,NA,19.2,72,NA
2021-04-04 09:00:00,958.2,NA,18.8,71,NA
2021-04-04 10:00:00,958.6,NA,18.1,74,NA
2021-04-04 11:00:00,959,NA,18.2,72,NA
2021-04-04 12:00:00,959.3,NA,20.6,63,NA
2021-04-04 13:00:00,959.4,NA,20.7,66,NA
2021-04-04 14:00:00,959.2,NA,22.3,60,NA
2021-04-04 15:00:00,958.5,NA,24.5,53,NA
2021-04-04 16:00:00,957.4,NA,25.9,53,NA
2021-04-04 17:00:00,956.4,NA,26.1,52,NA
2021-04-04 18:00:00,955.6,NA,26.7,52,NA
2021-04-04 19:00:00,955,NA,26.6,51,NA
2021-04-04 20:00:00,954.9,NA,26.3,51,NA
2021-04-04 21:00:00,954.8,NA,25.5,53,NA
2021-04-04 22:00:00,954.9,NA,24.8,56,NA
2021-04-04 23:00:00,955.5,NA,23.6,62,NA
2021-04-05 03:00:00,NA,1012.9,20.8,72,NA
2021-04-05 06:00:00,NA,1012.7,21.4,72,NA
2021-04-05 09:00:00,NA,1011.2,21.8,68,NA
2021-04-05 10:00:00,NA,1011.4,20.8,73,NA
2021-04-05 11:00:00,NA,1012.4,19,83,NA
2021-04-05 12:00:00,NA,1012.3,21.4,73,NA
2021-04-05 13:00:00,NA,1012.5,23,66,NA
2021-04-05 14:00:00,NA,1013.2,22.2,72,NA
2021-04-05 15:00:00,NA,1013.3,22.4,75,NA
2021-04-05 16:00:00,NA,1012.3,24,68,NA
2021-04-05 17:00:00,NA,1012,24.2,68,NA
2021-04-05 18:00:00,NA,1011.6,23.8,70,NA
2021-04-05 19:00:00,NA,1012.3,22,80,NA
2021-04-05 20:00:00,NA,1012.2,22.8,77,NA
2021-04-05 21:00:00,NA,1012.4,22.2,73,NA
2021-04-05 22:00:00,NA,1013,21.2,79,NA
2021-04-05 23:00:00,NA,1013.8,21.4,88,NA
2021-04-06 00:00:00,957.6,NA,20.7,86,NA
2021-04-06 03:00:00,958.2,NA,17.2,86,NA
2021-04-06 09:00:00,958,NA,16.8,88,NA
2021-04-06 10:00:00,958.4,NA,16.6,92,NA
2021-04-06 11:00:00,958.6,NA,16.8,93,NA
2021-04-06 13:00:00,959.6,NA,19.4,79,NA
2021-04-06 14:00:00,959.8,NA,20.2,80,NA
2021-04-06 15:00:00,957.8,NA,21.8,72,NA
2021-04-06 16:00:00,958.9,NA,23,66,NA
2021-04-06 17:00:00,957.7,NA,24,62,NA
2021-04-06 18:00:00,956.6,NA,24.6,63,NA
2021-04-06 19:00:00,956.5,NA,24.6,61,NA
2021-04-06 21:00:00,956,NA,23.4,66,NA
2021-04-06 22:00:00,956.4,NA,21.8,71,NA
2021-04-06 23:00:00,956.9,NA,20.2,78,NA
2021-04-07 03:00:00,NA,1015.1,19.2,83,NA
2021-04-07 06:00:00,NA,1013.7,19.2,85,NA
2021-04-07 09:00:00,NA,1013.8,19.4,84,NA
2021-04-07 10:00:00,NA,1014.2,19.2,89,NA
2021-04-07 11:00:00,NA,1013.1,19.5,90,NA
2021-04-07 12:00:00,NA,1013.5,19.9,88,NA
2021-04-07 13:00:00,NA,1013.7,20.2,87,NA
2021-04-07 14:00:00,NA,1013.5,21,84,NA
2021-04-07 15:00:00,NA,1013.1,21.4,83,NA
2021-04-07 16:00:00,NA,1012.8,21.4,85,NA
2021-04-07 17:00:00,NA,1011.8,21.6,84,NA
2021-04-07 18:00:00,NA,1011,22,81,NA
2021-04-07 19:00:00,NA,1010.4,22.1,81,NA
2021-04-07 20:00:00,NA,1010.1,22.6,80,NA
2021-04-07 21:00:00,NA,1010.5,22.2,90,NA
2021-04-07 22:00:00,NA,1010.4,22,83,NA
2021-04-07 23:00:00,NA,1010.8,21.8,86,NA
2021-04-08 00:00:00,NA,1011.8,21.4,90,NA
2021-04-08 15:00:00,951.7,NA,26.2,77,NA
2021-04-08 16:00:00,951,NA,28.2,69,NA
2021-04-08 17:00:00,950,NA,31.2,52,NA
2021-04-08 18:00:00,949.3,NA,30.6,53,NA
2021-04-08 19:00:00,948.9,NA,31.8,49,NA
2021-04-08 20:00:00,948.9,NA,32,49,NA
2021-04-08 21:00:00,949,NA,31,53,NA
2021-04-08 22:00:00,949.7,NA,29,58,NA
2021-04-08 23:00:00,951,NA,25.6,72,NA
2021-04-09 03:00:00,NA,1010.1,22,84,NA
2021-04-09 06:00:00,NA,1009.6,21.4,90,NA
2021-04-09 09:00:00,NA,1010.1,20.5,96,NA
2021-04-09 10:00:00,NA,1010.6,20.3,97,NA
2021-04-09 11:00:00,NA,1011.5,20.1,98,NA
2021-04-09 12:00:00,NA,1012.2,19.9,99,NA
2021-04-09 13:00:00,NA,1012.7,20,92,NA
2021-04-09 14:00:00,NA,1013,19.9,92,NA
2021-04-09 15:00:00,NA,1013.3,19.9,93,NA
2021-04-09 16:00:00,NA,1013.2,19.9,93,NA
2021-04-09 17:00:00,NA,1012.7,19.8,95,NA
2021-04-09 18:00:00,NA,1012.4,19.2,98,NA
2021-04-09 19:00:00,NA,1011.9,19.8,93,NA
2021-04-09 20:00:00,NA,1012.1,19.1,99,NA
2021-04-09 21:00:00,NA,1012.3,19.1,99,NA
2021-04-09 22:00:00,NA,1012.7,18.9,99,NA
2021-04-09 23:00:00,NA,1012.9,18.2,99,NA
2021-04-10 00:00:00,NA,1013.4,18.8,95,NA
2021-04-11 03:00:00,NA,1016.2,11,81,NA
2021-04-11 06:00:00,NA,1016,10.5,70,NA
2021-04-11 09:00:00,NA,1018.4,6.2,94,NA
2021-04-11 10:00:00,NA,1019.5,5.6,91,NA
2021-04-11 11:00:00,NA,1021.2,6.4,88,NA
2021-04-11 12:00:00,NA,1021.9,11.7,78,NA
2021-04-11 13:00:00,NA,1022.2,16.6,46,NA
2021-04-11 14:00:00,NA,1022.4,19.6,37,NA
2021-04-11 15:00:00,NA,1022.5,20.2,39,NA
2021-04-11 16:00:00,NA,1021.8,21.4,34,NA
2021-04-11 17:00:00,NA,1021.1,20.4,36,NA
2021-04-11 18:00:00,NA,1020.1,21.7,35,NA
2021-04-11 19:00:00,NA,1019.6,22.6,32,NA
2021-04-11 20:00:00,NA,1019.5,22.6,32,NA
2021-04-11 21:00:00,NA,1019.5,22.1,31,NA
2021-04-11 22:00:00,NA,1019.9,20.1,47,NA
2021-04-11 23:00:00,NA,1021.2,14.2,68,NA
2021-04-12 00:00:00,NA,1021.7,12.4,73,NA
2021-04-13 03:00:00,NA,1020.6,16.4,78,NA
2021-04-13 06:00:00,NA,1020.4,11,83,NA
2021-04-13 09:00:00,NA,1020,8.6,82,NA
2021-04-13 10:00:00,NA,1020.9,8.4,84,NA
2021-04-13 11:00:00,NA,1021.2,7.2,95,NA
2021-04-13 12:00:00,NA,1021.5,10.8,91,NA
2021-04-13 13:00:00,963.4,1021.3,16.2,85,NA
2021-04-13 14:00:00,963.7,1021.3,19.2,56,NA
2021-04-13 15:00:00,963.4,1020.9,21.2,56,NA
2021-04-13 16:00:00,962.8,1020.2,22.8,53,NA
2021-04-13 17:00:00,961.8,1019.3,23.4,49,NA
2021-04-13 18:00:00,961,1018.6,24.1,47,NA
2021-04-13 19:00:00,960.4,1018,24.1,49,NA
2021-04-13 20:00:00,960.4,1018.1,23.5,50,NA
2021-04-13 21:00:00,960.4,1018.4,22.2,54,NA
2021-04-13 22:00:00,960.4,1018.5,21,58,NA
2021-04-13 23:00:00,960.9,1019.3,19.4,63,NA
2021-04-14 00:00:00,NA,1019.6,18.6,66,NA
2021-04-15 00:00:00,956.1,NA,NA,NA,NA
2021-04-15 03:00:00,NA,1014.2,15.5,72,NA
2021-04-15 06:00:00,NA,1013.1,13.9,82,NA
2021-04-15 09:00:00,955,1013,12.2,94,NA
2021-04-15 10:00:00,955.8,1014.3,12.8,93,NA
2021-04-15 11:00:00,956.2,1013.7,13.5,92,NA
2021-04-15 12:00:00,956.9,1014.1,16.2,86,NA
2021-04-15 13:00:00,NA,1014.8,20.5,77,NA
2021-04-15 14:00:00,957.4,1014.2,24.4,60,NA
2021-04-15 15:00:00,957.2,1013.8,26.9,46,NA
2021-04-15 16:00:00,956.8,1013.4,27.4,45,NA
2021-04-15 17:00:00,956.2,1012.7,28,47,NA
2021-04-15 18:00:00,955.3,1011.8,28,44,NA
2021-04-15 19:00:00,954.6,1011.3,28.4,46,NA
2021-04-15 20:00:00,954.4,1011,27.7,47,NA
2021-04-15 21:00:00,954.8,1011.6,27.1,50,NA
2021-04-15 22:00:00,955,1012,25.2,57,NA
2021-04-15 23:00:00,955.8,1013,22.2,64,NA
2021-04-16 00:00:00,NA,1013.6,20.2,74,NA
2021-04-17 00:00:00,957.4,NA,NA,NA,NA
2021-04-17 03:00:00,958.5,1014.8,20.2,89,NA
2021-04-17 06:00:00,958.6,1015,18.6,92,NA
2021-04-17 09:00:00,958.6,1015.4,15.7,NA,NA
2021-04-17 10:00:00,958.8,1015.6,16.2,98,NA
2021-04-17 11:00:00,959.4,1017.6,14.7,94,NA
2021-04-17 12:00:00,NA,1017.9,17.8,94,NA
2021-04-17 13:00:00,959.8,1018.1,18.3,94,NA
2021-04-17 14:00:00,959.7,1017.2,25,68,NA
2021-04-17 15:00:00,959.4,1016.8,25.4,65,NA
2021-04-17 16:00:00,958.9,1016.1,27.1,59,NA
2021-04-17 17:00:00,957,1014.2,27.1,59,NA
2021-04-17 18:00:00,NA,1013.9,27.2,58,NA
2021-04-17 19:00:00,956.4,1013.5,27,53,NA
2021-04-17 20:00:00,956.2,1013.3,26.8,49,NA
2021-04-17 21:00:00,956.1,1013.3,25.4,60,NA
2021-04-17 22:00:00,956.5,1013.8,24.6,62,NA
2021-04-17 23:00:00,956.9,1013.9,23.6,65,NA
2021-04-18 00:00:00,NA,1014.2,23.6,64,NA
2021-04-18 02:00:00,NA,NA,NA,NA,NA
2021-04-19 00:00:00,958.1,NA,NA,NA,NA
2021-04-19 03:00:00,958.9,1015.5,18.6,89,NA
2021-04-19 06:00:00,958.6,1014.8,20.4,76,NA
2021-04-19 09:00:00,958.2,1014.7,19.4,82,NA
2021-04-19 10:00:00,958.6,1015.2,19.7,83,NA
2021-04-19 11:00:00,959.2,1015.8,19.8,88,NA
2021-04-19 12:00:00,959.4,1016.1,20,82,NA
2021-04-19 13:00:00,959.4,1016.4,20.7,79,NA
2021-04-19 14:00:00,959.2,1015.8,23.8,70,NA
2021-04-19 15:00:00,959,1015.9,23.4,71,NA
2021-04-19 16:00:00,958.6,1015.3,24.8,65,NA
2021-04-19 17:00:00,957.7,1014.1,25.3,60,NA
2021-04-19 18:00:00,957,1013.2,25.6,57,NA
2021-04-19 19:00:00,956.5,1012.8,25.7,59,NA
2021-04-19 20:00:00,956.2,1012.6,25.4,60,NA
2021-04-19 21:00:00,956.1,1012.4,25,60,NA
2021-04-19 22:00:00,956.2,1012.7,24.2,63,NA
2021-04-19 23:00:00,957,1013.5,23.1,69,NA
2021-04-20 00:00:00,NA,1014.1,22,73,NA
2021-04-21 00:00:00,954.6,NA,NA,NA,NA
2021-04-21 03:00:00,954.1,1010.3,21.6,70,NA
2021-04-21 06:00:00,NA,1009.5,19.6,78,NA
2021-04-21 09:00:00,952.8,1008.9,19.8,82,NA
2021-04-21 10:00:00,953.2,1009.6,18.8,90,NA
2021-04-21 11:00:00,953.3,1009.7,18.5,90,NA
2021-04-21 12:00:00,953.8,1010.6,18.5,92,NA
2021-04-21 13:00:00,954.1,1010.7,19.5,89,NA
2021-04-21 14:00:00,953.2,1009.5,22,80,NA
2021-04-21 15:00:00,952.9,1008.5,28.7,46,NA
2021-04-21 16:00:00,952.6,1008.7,24.2,72,NA
2021-04-21 17:00:00,951.4,1007.4,25.5,66,NA
2021-04-21 18:00:00,952.2,1008.2,25.8,67,NA
2021-04-21 19:00:00,955.3,1012.6,14.9,89,NA
2021-04-21 20:00:00,956,1013.2,16,78,NA
2021-04-21 21:00:00,956.6,1013.8,16.1,76,NA
2021-04-21 22:00:00,957.2,1014.5,16.4,74,NA
2021-04-21 23:00:00,956,1013.3,16.4,72,NA
2021-04-22 00:00:00,NA,1014.9,16,75,NA
2021-04-23 00:00:00,956.1,NA,NA,NA,NA
2021-04-23 03:00:00,NA,1013.3,17,98,NA
2021-04-23 06:00:00,955.3,1012.9,16.8,96,NA
2021-04-23 09:00:00,NA,1012.3,16.2,98,NA
2021-04-23 10:00:00,NA,1012.2,16.8,96,NA
2021-04-23 11:00:00,NA,1011.3,16.8,96,NA
2021-04-23 12:00:00,NA,1012.1,17.6,94,NA
2021-04-23 13:00:00,NA,1013.5,18,92,NA
2021-04-23 14:00:00,NA,1012.1,18.8,90,NA
2021-04-23 15:00:00,NA,1011,22,75,NA
2021-04-23 16:00:00,NA,1009.7,23.5,65,NA
2021-04-23 17:00:00,NA,1008.6,25.4,48,NA
2021-04-23 18:00:00,NA,1008.3,25.8,56,NA
2021-04-23 19:00:00,NA,1008,26,55,NA
2021-04-23 20:00:00,NA,1008.6,26.2,55,NA
2021-04-23 21:00:00,NA,1011.1,20.6,82,NA
2021-04-23 22:00:00,NA,1012.4,19.6,83,NA
2021-04-23 23:00:00,NA,1013.4,18.8,88,NA
2021-04-24 00:00:00,NA,1014.8,18.4,90,NA
2021-04-25 03:00:00,NA,1023.6,10.8,80,NA
2021-04-25 06:00:00,NA,1022.7,9.6,83,NA
2021-04-25 09:00:00,NA,1022.6,8,92,NA
2021-04-25 10:00:00,NA,1023.4,7.1,90,NA
2021-04-25 11:00:00,NA,1024.3,6.7,93,NA
2021-04-25 12:00:00,NA,1024.8,10.7,84,NA
2021-04-25 13:00:00,NA,1024.9,13.8,66,NA
2021-04-25 14:00:00,NA,1024.6,15.9,58,NA
2021-04-25 15:00:00,NA,1024.2,16.6,52,NA
2021-04-25 16:00:00,NA,1023.3,18.5,50,NA
2021-04-25 17:00:00,NA,1021.8,19.2,47,NA
2021-04-25 18:00:00,NA,1021,19.7,45,NA
2021-04-25 19:00:00,NA,1020.2,20.2,46,NA
2021-04-25 20:00:00,NA,1019.9,20.5,46,NA
2021-04-25 21:00:00,NA,1019.9,20,48,NA
2021-04-25 22:00:00,NA,1020.4,18.3,55,NA
2021-04-25 23:00:00,NA,1021.5,13.6,70,NA
2021-04-26 00:00:00,NA,1022.1,12,78,NA
2021-04-27 03:00:00,NA,1019.8,14.3,43,NA
2021-04-27 06:00:00,NA,1018.9,12.1,78,NA
2021-04-27 09:00:00,NA,1018.4,7.1,90,NA
2021-04-27 10:00:00,NA,1019,7.4,93,NA
2021-04-27 11:00:00,NA,1019.7,7.3,93,NA
2021-04-27 12:00:00,NA,1019.8,10.6,92,NA
2021-04-27 13:00:00,NA,1019.8,15.9,71,NA
2021-04-27 14:00:00,NA,1019.5,19.7,57,NA
2021-04-27 15:00:00,NA,1018.8,21.5,52,NA
2021-04-27 16:00:00,NA,1018,22.4,48,NA
2021-04-27 17:00:00,NA,1017.2,23.8,45,NA
2021-04-27 18:00:00,NA,1016.2,24.8,46,NA
2021-04-27 19:00:00,NA,1015.7,24.6,42,NA
2021-04-27 20:00:00,NA,1016.1,23.8,45,NA
2021-04-27 21:00:00,NA,1016.7,22.5,48,NA
2021-04-27 22:00:00,NA,1017.3,20.8,52,NA
2021-04-27 23:00:00,959.8,NA,18.4,59,NA
2021-04-28 00:00:00,960.4,NA,17,65,NA
2021-04-28 03:00:00,960.6,NA,10.4,87,NA
2021-04-28 06:00:00,960.8,NA,7.5,92,NA
2021-04-28 09:00:00,960.9,NA,6.6,92,NA
2021-04-28 10:00:00,961.7,NA,7.1,91,NA
2021-04-28 11:00:00,962.2,NA,6.6,91,NA
2021-04-28 12:00:00,962.9,NA,10.4,85,NA
2021-04-28 13:00:00,963.3,NA,16.6,70,NA
2021-04-28 14:00:00,963.6,NA,19.7,56,NA
2021-04-28 15:00:00,963.8,NA,21,52,NA
2021-04-28 16:00:00,963.6,NA,22.4,47,NA
2021-04-28 17:00:00,963.4,NA,23.8,44,NA
2021-04-28 18:00:00,962.8,NA,24,45,NA
2021-04-28 19:00:00,962.2,NA,24.6,43,NA
2021-04-28 20:00:00,962.1,NA,25.2,37,NA
2021-04-28 21:00:00,962.1,NA,23.4,50,NA
2021-04-28 22:00:00,962.2,NA,21.4,57,NA
2021-04-28 23:00:00,962.9,NA,19.5,61,NA
2021-04-29 03:00:00,NA,1022.3,NA,NA,NA
2021-04-29 06:00:00,NA,1021.8,8.8,92,NA
2021-04-29 09:00:00,NA,1021.7,6,97,NA
2021-04-29 10:00:00,NA,1022.6,7,94,NA
2021-04-29 11:00:00,NA,1022.3,5.9,95,NA
2021-04-29 12:00:00,NA,1022.1,9.9,94,NA
2021-04-29 13:00:00,NA,1023.3,17.7,71,NA
2021-04-29 14:00:00,NA,1021.9,20,56,NA
2021-04-29 15:00:00,NA,1021.4,22.3,47,NA
2021-04-29 16:00:00,NA,1020.5,24,49,NA
2021-04-29 17:00:00,NA,1020.1,24.3,45,NA
2021-04-29 18:00:00,NA,1019.1,24.9,43,NA
2021-04-29 19:00:00,NA,1018.7,24.7,39,NA
2021-04-29 20:00:00,NA,1018.5,24.3,39,NA
2021-04-29 21:00:00,NA,1018.7,23,42,NA
2021-04-29 22:00:00,NA,1019.2,20.1,49,NA
2021-04-29 23:00:00,NA,1019.8,18.9,50,NA
2021-04-30 00:00:00,961.6,NA,16.2,60,NA
2021-04-30 03:00:00,962,NA,12,78,NA
2021-04-30 06:00:00,961,NA,14,69,NA
2021-04-30 09:00:00,959,NA,12.8,70,NA
2021-04-30 10:00:00,959,NA,13.1,74,NA
2021-04-30 11:00:00,959.3,NA,8.1,85,NA
2021-04-30 13:00:00,959.4,NA,17.4,63,NA
2021-04-30 14:00:00,959.6,NA,20,54,NA
2021-04-30 15:00:00,958.9,NA,21.9,51,NA
2021-04-30 16:00:00,958,NA,22.4,49,NA
2021-04-30 17:00:00,956.9,NA,23.1,46,NA
2021-04-30 18:00:00,955.7,NA,25.1,35,NA
2021-04-30 19:00:00,955,NA,25,36,NA
2021-04-30 20:00:00,954.8,NA,24.3,39,NA
2021-04-30 21:00:00,955,NA,22.2,43,NA
2021-04-30 22:00:00,955.3,NA,20.7,44,NA
2021-04-30 23:00:00,955.8,NA,18.2,50,NA
2021-05-01 03:00:00,NA,1013.8,15.8,56,NA
2021-05-01 06:00:00,NA,1013.1,14,64,NA
2021-05-01 09:00:00,NA,1012.8,8.8,77,NA
2021-05-01 10:00:00,NA,1013.3,8,83,NA
2021-05-01 11:00:00,NA,1013.8,8.4,81,NA
2021-05-01 12:00:00,NA,1013.6,16.5,53,NA
2021-05-01 13:00:00,NA,1013,22.4,38,NA
2021-05-01 14:00:00,NA,1013.4,21.8,45,NA
2021-05-01 15:00:00,NA,1012.7,23.9,40,NA
2021-05-01 16:00:00,NA,1011.8,24.8,40,NA
2021-05-01 17:00:00,NA,1010.7,25.8,43,NA
2021-05-01 18:00:00,NA,1009.9,26.6,39,NA
2021-05-01 19:00:00,NA,1009.1,26.6,39,NA
2021-05-01 20:00:00,NA,1009.2,26.7,38,NA
2021-05-01 21:00:00,NA,1009.9,25,41,NA
2021-05-01 22:00:00,NA,1010.7,21.6,51,NA
2021-05-01 23:00:00,NA,1011.7,17,71,NA
2021-05-02 00:00:00,954.4,NA,16,71,NA
2021-05-02 03:00:00,955.8,NA,13.2,80,NA
2021-05-02 06:00:00,955.3,NA,10.2,89,NA
2021-05-02 09:00:00,954.4,NA,10.2,92,NA
2021-05-02 10:00:00,954.6,NA,10.2,92,NA
2021-05-02 11:00:00,955.3,NA,9.8,91,NA
2021-05-02 12:00:00,955.8,NA,12.9,88,NA
2021-05-02 13:00:00,955.8,NA,19.5,68,NA
2021-05-02 14:00:00,955.6,NA,21.6,60,NA
2021-05-02 15:00:00,954.8,NA,24.7,56,NA
2021-05-02 16:00:00,953.4,NA,27.8,43,NA
2021-05-02 17:00:00,952.5,NA,29,39,NA
2021-05-02 18:00:00,952.3,NA,28.8,40,NA
2021-05-02 19:00:00,951.9,NA,29.2,39,NA
2021-05-02 20:00:00,950.6,NA,28.5,41,NA
2021-05-02 21:00:00,950.6,NA,27.3,43,NA
2021-05-02 22:00:00,951,NA,23.6,56,NA
2021-05-03 03:00:00,NA,1009.3,18,72,NA
2021-05-03 06:00:00,NA,1009.3,14,87,NA
2021-05-03 09:00:00,NA,1007.8,17.8,87,NA
2021-05-03 10:00:00,NA,1009.1,17.2,86,NA
2021-05-03 11:00:00,NA,1009.3,16.6,88,NA
2021-05-03 12:00:00,NA,1009.3,17.6,83,NA
2021-05-03 13:00:00,NA,1009.6,19.7,71,NA
2021-05-03 14:00:00,NA,1009.2,21.6,67,NA
2021-05-03 15:00:00,NA,1008.3,23.5,63,NA
2021-05-03 16:00:00,NA,1007.5,25.3,60,NA
2021-05-03 17:00:00,NA,1006.5,26.4,57,NA
2021-05-03 18:00:00,NA,1005.9,27,56,NA
2021-05-03 19:00:00,NA,1005.6,28.2,55,NA
2021-05-03 20:00:00,NA,1006.7,25.2,58,NA
2021-05-03 21:00:00,NA,1008.2,23.4,60,NA
2021-05-03 22:00:00,NA,1010.3,21.4,65,NA
2021-05-03 23:00:00,NA,1012.5,19.6,61,NA
2021-05-04 00:00:00,956.9,NA,18.2,56,NA
2021-05-04 03:00:00,961.8,NA,15.4,66,NA
2021-05-04 06:00:00,962.5,NA,15,60,NA
2021-05-04 09:00:00,963.6,NA,13.6,65,NA
2021-05-04 10:00:00,964.6,NA,13.2,56,NA
2021-05-04 11:00:00,966.6,NA,11.7,60,NA
2021-05-04 12:00:00,968.2,NA,11,60,NA
2021-05-04 13:00:00,969.4,NA,11.2,56,NA
2021-05-04 14:00:00,970.6,NA,10.2,66,NA
2021-05-04 15:00:00,970.5,NA,9.4,74,NA
2021-05-04 16:00:00,970.2,NA,10.2,66,NA
2021-05-04 17:00:00,968.8,NA,9.8,67,NA
2021-05-04 19:00:00,969,NA,8.2,83,NA
2021-05-04 20:00:00,969.4,NA,8,86,NA
2021-05-04 21:00:00,969.8,NA,9,79,NA
2021-05-04 22:00:00,970.2,NA,8.8,74,NA
2021-05-04 23:00:00,971.3,NA,8,78,NA
2021-05-05 03:00:00,NA,1032.8,6.8,86,NA
2021-05-05 06:00:00,NA,1031.3,5.8,88,NA
2021-05-05 09:00:00,NA,1029.4,5,97,NA
2021-05-05 10:00:00,NA,1029,6.2,82,NA
2021-05-05 11:00:00,NA,1029.6,6.6,97,NA
2021-05-05 12:00:00,NA,1030.3,6.6,94,NA
2021-05-05 13:00:00,NA,1031,6.9,92,NA
2021-05-05 14:00:00,NA,1031.2,7,92,NA
2021-05-05 15:00:00,NA,1030.7,7.5,86,NA
2021-05-05 16:00:00,NA,1029.8,8.1,86,NA
2021-05-05 17:00:00,NA,1028.5,9.3,77,NA
2021-05-05 18:00:00,NA,1027.9,9.4,80,NA
2021-05-05 19:00:00,NA,1027.7,9.6,81,NA
2021-05-05 20:00:00,NA,1027.9,10,79,NA
2021-05-05 21:00:00,NA,1027.9,9.8,82,NA
2021-05-05 22:00:00,NA,1027.5,9.3,87,NA
2021-05-05 23:00:00,NA,1028.2,8,95,NA
2021-05-06 00:00:00,969.4,NA,6.9,96,NA
2021-05-06 03:00:00,970.1,NA,7.4,97,NA
2021-05-06 09:00:00,969,NA,4.8,96,NA
2021-05-06 10:00:00,969.4,NA,5.6,97,NA
2021-05-06 11:00:00,969.6,NA,4.6,98,NA
2021-05-06 12:00:00,969.8,NA,7.3,89,NA
2021-05-06 13:00:00,969.8,NA,12.5,64,NA
2021-05-06 14:00:00,970.2,NA,14.3,53,NA
2021-05-06 15:00:00,969.8,NA,15.7,50,NA
2021-05-06 16:00:00,969,NA,16.6,46,NA
2021-05-06 17:00:00,967.8,NA,17.6,42,NA
2021-05-06 18:00:00,966.6,NA,18.2,42,NA
2021-05-06 19:00:00,966.2,NA,18.5,42,NA
2021-05-06 20:00:00,965.8,NA,18.4,44,NA
2021-05-06 21:00:00,965.7,NA,17.2,47,NA
2021-05-06 22:00:00,965.6,NA,15.2,50,NA
2021-05-06 23:00:00,965.8,NA,13.2,58,NA
2021-05-07 03:00:00,NA,1025.5,9.7,76,NA
2021-05-07 06:00:00,NA,1025,4.2,91,NA
2021-05-07 09:00:00,NA,1023.1,4.8,92,NA
2021-05-07 10:00:00,NA,1023.6,3.8,91,NA
2021-05-07 11:00:00,NA,1024.2,4,94,NA
2021-05-07 12:00:00,NA,1024.7,5.8,91,NA
2021-05-07 13:00:00,NA,1024.8,10.6,76,NA
2021-05-07 14:00:00,NA,1025,12.6,65,NA
2021-05-07 15:00:00,NA,1024.3,16,52,NA
2021-05-07 16:00:00,NA,1024.4,15.8,50,NA
2021-05-07 17:00:00,NA,1023.8,15.9,49,NA
2021-05-07 18:00:00,NA,1023.4,15.5,52,NA
2021-05-07 19:00:00,NA,1023,16.6,47,NA
2021-05-07 20:00:00,NA,1023.2,15.6,51,NA
2021-05-07 21:00:00,NA,1023.4,14.6,52,NA
2021-05-07 22:00:00,NA,1024,12.7,55,NA
2021-05-07 23:00:00,NA,1025.8,9.2,75,NA
2021-05-08 00:00:00,965.4,NA,7,83,NA
2021-05-08 03:00:00,965.6,NA,9.4,77,NA
2021-05-08 09:00:00,963.6,NA,2.6,89,NA
2021-05-08 10:00:00,963.4,NA,2.6,85,NA
2021-05-08 11:00:00,963.8,NA,7.8,77,NA
2021-05-08 12:00:00,964.4,NA,9.5,78,NA
2021-05-08 13:00:00,964.4,NA,11.8,72,NA
2021-05-08 14:00:00,964.2,NA,13.2,66,NA
2021-05-08 15:00:00,964.2,NA,15.8,55,NA
2021-05-08 16:00:00,963.2,NA,16.9,54,NA
2021-05-08 17:00:00,962.2,NA,18,52,NA
2021-05-08 18:00:00,961.3,NA,18.2,52,NA
2021-05-08 19:00:00,961,NA,18.1,52,NA
2021-05-08 20:00:00,960.6,NA,17.9,47,NA
2021-05-08 23:00:00,962.5,NA,13.9,60,NA
2021-05-09 03:00:00,NA,1023.1,7.9,88,NA
2021-05-09 06:00:00,NA,1021.4,5.9,87,NA
2021-05-09 09:00:00,NA,1020.4,9.1,96,NA
2021-05-09 10:00:00,NA,1020.9,10,88,NA
2021-05-09 11:00:00,NA,1021.2,10.2,89,NA
2021-05-09 12:00:00,NA,1021.9,10.4,83,NA
2021-05-09 13:00:00,NA,1022.1,11.6,86,NA
2021-05-09 14:00:00,NA,1022.4,12.8,80,NA
2021-05-09 15:00:00,NA,1022.4,13.8,75,NA
2021-05-09 16:00:00,NA,1022.1,14.6,71,NA
2021-05-09 17:00:00,NA,1021.2,15.6,68,NA
2021-05-09 18:00:00,NA,1020.2,16.4,65,NA
2021-05-09 19:00:00,NA,1019.6,17.6,61,NA
2021-05-09 20:00:00,NA,1019.4,17.6,61,NA
2021-05-09 21:00:00,NA,1019.9,17.1,69,NA
2021-05-09 22:00:00,NA,1020.7,15.6,76,NA
2021-05-09 23:00:00,NA,1021.7,14.9,79,NA
2021-05-10 00:00:00,963.7,NA,14.3,86,NA
2021-05-10 03:00:00,964.8,NA,13.3,83,NA
2021-05-10 06:00:00,964.9,NA,13.9,72,NA
2021-05-10 09:00:00,964.9,NA,8.5,87,NA
2021-05-10 10:00:00,965.4,NA,7.7,91,NA
2021-05-10 11:00:00,966.4,NA,8.7,84,NA
2021-05-10 12:00:00,967.4,NA,10.2,82,NA
2021-05-10 13:00:00,968.2,NA,12.6,77,NA
2021-05-10 14:00:00,968.5,NA,16,56,NA
2021-05-10 15:00:00,968.8,NA,16.6,53,NA
2021-05-10 16:00:00,967.8,NA,17,52,NA
2021-05-10 17:00:00,967,NA,17.7,52,NA
2021-05-10 18:00:00,966.2,NA,17,48,NA
2021-05-10 19:00:00,965.3,NA,17,44,NA
2021-05-10 20:00:00,965.2,NA,16,46,NA
2021-05-10 21:00:00,965.7,NA,15.2,48,NA
2021-05-10 22:00:00,966.6,NA,12.8,50,NA
2021-05-10 23:00:00,967.3,NA,10,68,NA
2021-05-11 03:00:00,NA,1027.9,7.8,76,NA
2021-05-11 06:00:00,NA,1028.1,6,82,NA
2021-05-11 09:00:00,NA,1026.2,8,79,NA
2021-05-11 10:00:00,NA,1026.5,7.4,84,NA
2021-05-11 11:00:00,NA,1027.3,7.2,85,NA
2021-05-11 12:00:00,NA,1028,8,82,NA
2021-05-11 13:00:00,NA,1028.1,9.4,71,NA
2021-05-11 14:00:00,NA,1028,10.2,68,NA
2021-05-11 15:00:00,NA,1027.4,12.4,44,NA
2021-05-11 16:00:00,NA,1026.5,13.7,43,NA
2021-05-11 17:00:00,NA,1025.4,14.6,43,NA
2021-05-11 18:00:00,NA,1024,16.1,41,NA
2021-05-11 19:00:00,NA,1023.5,16.2,43,NA
2021-05-11 20:00:00,NA,1023.4,15.7,40,NA
2021-05-11 21:00:00,NA,1023.4,15.2,41,NA
2021-05-11 22:00:00,NA,1023.6,12.9,51,NA
2021-05-11 23:00:00,NA,1024.1,12.2,54,NA
2021-05-12 00:00:00,965.2,NA,9.4,72,NA
2021-05-12 03:00:00,965,NA,7.6,78,NA
2021-05-12 08:00:00,964.2,NA,5.2,87,NA
2021-05-12 09:00:00,962.6,NA,4.8,87,NA
2021-05-12 10:00:00,962.6,NA,3.8,81,NA
2021-05-12 12:00:00,963,NA,4.4,87,NA
2021-05-12 13:00:00,963.2,NA,12.2,68,NA
2021-05-12 15:00:00,962.9,NA,18.4,48,NA
2021-05-12 16:00:00,962.1,NA,20.4,44,NA
2021-05-12 17:00:00,961.2,NA,22.2,39,NA
2021-05-12 18:00:00,960.4,NA,22.9,29,NA
2021-05-12 19:00:00,959.8,NA,22.9,29,NA
2021-05-12 20:00:00,959.6,NA,22.3,28,NA
2021-05-12 21:00:00,959.3,NA,20.6,35,NA
2021-05-12 22:00:00,959.6,NA,17.8,42,NA
2021-05-13 03:00:00,NA,1018.8,11.8,58,NA
2021-05-13 06:00:00,NA,1018.1,10.6,67,NA
2021-05-13 09:00:00,NA,1019.2,4.5,89,NA
2021-05-13 10:00:00,NA,1019.3,5.8,85,NA
2021-05-13 11:00:00,NA,1019.3,5,91,NA
2021-05-13 12:00:00,NA,1020.2,6.4,85,NA
2021-05-13 13:00:00,NA,1020.8,8.9,82,NA
2021-05-13 14:00:00,NA,1021.2,13.2,65,NA
2021-05-13 15:00:00,NA,1020.7,15.8,59,NA
2021-05-13 16:00:00,NA,1019.9,16.9,56,NA
2021-05-13 17:00:00,NA,1018.7,19.4,49,NA
2021-05-13 18:00:00,NA,1017.7,20.8,43,NA
2021-05-13 19:00:00,NA,1018,19.9,42,NA
2021-05-13 20:00:00,NA,1018.6,19.3,41,NA
2021-05-13 21:00:00,NA,1019.1,18.2,57,NA
2021-05-13 22:00:00,NA,1020.6,16.1,53,NA
2021-05-13 23:00:00,NA,1020.7,14.1,58,NA
2021-05-14 00:00:00,961.4,NA,13.1,62,NA
2021-05-14 03:00:00,962,NA,5.2,87,NA
2021-05-14 06:00:00,961.3,NA,3.6,83,NA
2021-05-14 09:00:00,960.6,NA,1.7,86,NA
2021-05-14 10:00:00,960.5,NA,1.3,83,NA
2021-05-14 11:00:00,960.8,NA,1.5,84,NA
2021-05-14 12:00:00,961,NA,4.8,72,NA
2021-05-14 13:00:00,961.2,NA,11.2,59,NA
2021-05-14 14:00:00,961.3,NA,16.8,40,NA
2021-05-14 16:00:00,960.6,NA,19.4,42,NA
2021-05-14 17:00:00,959.6,NA,21,41,NA
2021-05-14 18:00:00,958.8,NA,21.4,35,NA
2021-05-14 19:00:00,958,NA,21.2,43,NA
2021-05-14 20:00:00,957.8,NA,20.8,37,NA
2021-05-14 21:00:00,958.4,NA,19.2,44,NA
2021-05-14 22:00:00,958.6,NA,17.4,48,NA
2021-05-14 23:00:00,959.3,NA,15.8,50,NA
2021-05-15 03:00:00,NA,1018.9,7.5,82,NA
2021-05-15 06:00:00,NA,1018.5,6,88,NA
2021-05-15 09:00:00,NA,1018.3,4.5,95,NA
2021-05-15 10:00:00,NA,1018.7,4.9,92,NA
2021-05-15 11:00:00,NA,1019.7,3.2,93,NA
2021-05-15 12:00:00,NA,1020.2,5.2,88,NA
2021-05-15 13:00:00,NA,1020.1,13,71,NA
2021-05-15 14:00:00,NA,1019.6,15.7,60,NA
2021-05-15 15:00:00,NA,1019.4,17.6,56,NA
2021-05-15 16:00:00,NA,1018.8,18.6,54,NA
2021-05-15 17:00:00,NA,1017.7,20.2,50,NA
2021-05-15 18:00:00,NA,1016.8,21.8,46,NA
2021-05-15 19:00:00,NA,1016,22.2,49,NA
2021-05-15 20:00:00,NA,1016.6,21.8,50,NA
2021-05-15 21:00:00,NA,1016.9,20.2,53,NA
2021-05-15 22:00:00,NA,1017.8,18.2,60,NA
2021-05-15 23:00:00,NA,1020.2,15.2,71,NA
2021-05-16 00:00:00,960.2,NA,13,78,NA
2021-05-16 09:00:00,960.2,NA,11.7,75,NA
2021-05-16 10:00:00,960.2,NA,6.4,94,NA
2021-05-16 11:00:00,960.6,NA,5.9,95,NA
2021-05-16 12:00:00,961.4,NA,9.7,88,NA
2021-05-16 13:00:00,962.4,NA,15.7,75,NA
2021-05-16 14:00:00,962.4,NA,18.9,62,NA
2021-05-16 15:00:00,962.1,NA,20.5,52,NA
2021-05-16 16:00:00,961.4,NA,21.7,48,NA
2021-05-16 17:00:00,961,NA,22.5,45,NA
2021-05-16 18:00:00,960.2,NA,22.2,47,NA
2021-05-16 19:00:00,960.2,NA,21.9,48,NA
2021-05-16 20:00:00,960.5,NA,22,47,NA
2021-05-16 21:00:00,961,NA,20.6,57,NA
2021-05-16 22:00:00,961.4,NA,17.3,65,NA
2021-05-16 23:00:00,961.8,NA,14.6,78,NA
2021-05-17 03:00:00,NA,1022.3,12.8,78,NA
2021-05-17 06:00:00,NA,1021.8,9.8,88,NA
2021-05-17 09:00:00,NA,1022,8.2,92,NA
2021-05-17 10:00:00,NA,1022.8,7.4,93,NA
2021-05-17 11:00:00,NA,1023.8,7.2,95,NA
2021-05-17 12:00:00,NA,1023.9,10.4,88,NA
2021-05-17 13:00:00,NA,1023.5,14.2,81,NA
2021-05-17 14:00:00,NA,1023.5,17.2,60,NA
2021-05-17 15:00:00,NA,1022.6,19.2,56,NA
2021-05-17 16:00:00,NA,1021.9,21,49,NA
2021-05-17 17:00:00,NA,1021.2,21,51,NA
2021-05-17 18:00:00,NA,1019.8,22.2,51,NA
2021-05-17 19:00:00,NA,1019.1,22.2,49,NA
2021-05-17 20:00:00,NA,1019,22.4,51,NA
2021-05-17 21:00:00,NA,1019.3,20.4,59,NA
2021-05-17 22:00:00,NA,1019.7,20.4,56,NA
2021-05-17 23:00:00,NA,1020.4,18.4,64,NA
2021-05-18 00:00:00,962.1,NA,15.2,79,NA
2021-05-18 03:00:00,962,NA,16.6,76,NA
2021-05-18 06:00:00,961,NA,15.4,81,NA
2021-05-18 09:00:00,959.8,NA,15.9,78,NA
2021-05-18 10:00:00,959.8,NA,15.8,78,NA
2021-05-18 11:00:00,960.1,NA,15.7,78,NA
2021-05-18 12:00:00,960.1,NA,15.4,81,NA
2021-05-18 13:00:00,960.5,NA,16.2,77,NA
2021-05-18 14:00:00,960.4,NA,18,69,NA
2021-05-18 16:00:00,959,NA,19.6,58,NA
2021-05-18 17:00:00,958,NA,19.9,57,NA
2021-05-18 18:00:00,957.2,NA,19.6,58,NA
2021-05-18 19:00:00,956.6,NA,20.2,53,NA
2021-05-18 20:00:00,956.4,NA,19,57,NA
2021-05-18 21:00:00,956.9,NA,18,61,NA
2021-05-18 22:00:00,956.6,NA,17.8,62,NA
2021-05-18 23:00:00,956.9,NA,16.7,55,NA
2021-05-19 03:00:00,NA,1014.9,16,70,NA
2021-05-19 06:00:00,NA,1013.3,15.7,70,NA
2021-05-19 09:00:00,NA,1012,14.6,76,NA
2021-05-19 10:00:00,NA,1012.6,14.2,77,NA
2021-05-19 11:00:00,NA,1013,14,78,NA
2021-05-19 12:00:00,NA,1013.3,14,78,NA
2021-05-19 13:00:00,NA,1013.5,14.1,76,NA
2021-05-19 14:00:00,NA,1013,15.6,71,NA
2021-05-19 15:00:00,NA,1012.1,17.4,65,NA
2021-05-19 16:00:00,NA,1010.8,19.1,62,NA
2021-05-19 17:00:00,NA,1009.1,21.9,58,NA
2021-05-19 18:00:00,NA,1008.2,21.5,59,NA
2021-05-19 19:00:00,NA,1007.8,21.4,59,NA
2021-05-19 20:00:00,NA,1008.3,20.9,60,NA
2021-05-19 21:00:00,NA,1009.5,18.6,66,NA
2021-05-19 22:00:00,NA,1010.5,17.7,71,NA
2021-05-19 23:00:00,NA,1011.4,16.2,76,NA
2021-05-20 00:00:00,954.4,NA,15.9,78,NA
2021-05-20 03:00:00,954.6,NA,15.7,81,NA
2021-05-20 06:00:00,954.1,NA,13.6,91,NA
2021-05-20 09:00:00,952.8,NA,14.2,91,NA
2021-05-20 10:00:00,953,NA,14.5,90,NA
2021-05-20 11:00:00,953.4,NA,14.2,94,NA
2021-05-20 13:00:00,954.2,NA,13.9,98,NA
2021-05-20 14:00:00,954.2,NA,13.9,98,NA
2021-05-20 16:00:00,952.9,NA,14.2,98,NA
2021-05-20 17:00:00,952,NA,14.4,98,NA
2021-05-20 18:00:00,951.4,NA,15,94,NA
2021-05-20 19:00:00,951,NA,14.7,94,NA
2021-05-20 20:00:00,951,NA,15,93,NA
2021-05-20 21:00:00,951.4,NA,15,91,NA
2021-05-20 22:00:00,951.4,NA,14.8,93,NA
2021-05-20 23:00:00,952.5,NA,13.2,95,NA
2021-05-21 03:00:00,NA,1010.1,13.5,96,NA
2021-05-21 06:00:00,NA,1008.5,13.9,NA,NA
2021-05-21 09:00:00,NA,1007.7,13.4,97,NA
2021-05-21 10:00:00,NA,1007.8,13.2,99,NA
2021-05-21 11:00:00,NA,1009,13.1,100,NA
2021-05-21 12:00:00,NA,1009.6,13,97,NA
2021-05-21 13:00:00,NA,1010.3,13,99,NA
2021-05-21 14:00:00,NA,1011.8,12.2,97,NA
2021-05-21 15:00:00,NA,1012.3,13.2,87,NA
2021-05-21 16:00:00,NA,1011.6,14.9,71,NA
2021-05-21 17:00:00,NA,1010.7,16.1,67,NA
2021-05-21 18:00:00,NA,1010.8,15.2,59,NA
2021-05-21 19:00:00,NA,1011.5,14.9,62,NA
2021-05-21 20:00:00,NA,1012.3,14.1,58,NA
2021-05-21 21:00:00,NA,1012.7,14,58,NA
2021-05-21 22:00:00,NA,1013.5,11.1,74,NA
2021-05-21 23:00:00,NA,1014.1,10,75,NA
2021-05-22 00:00:00,956.2,NA,7.9,86,NA
2021-05-22 03:00:00,957.7,NA,5.9,87,NA
2021-05-22 06:00:00,957.8,NA,5.9,71,NA
2021-05-22 09:00:00,956.6,NA,10.4,47,NA
2021-05-22 10:00:00,957,NA,6.8,76,NA
2021-05-22 12:00:00,958.2,NA,10.2,48,NA
2021-05-22 13:00:00,957.7,NA,13,37,NA
2021-05-22 14:00:00,957.8,NA,15,34,NA
2021-05-22 15:00:00,957,NA,15.2,32,NA
2021-05-22 16:00:00,956.5,NA,15.8,34,NA
2021-05-22 17:00:00,955.7,NA,17.4,32,NA
2021-05-22 18:00:00,955.4,NA,17.4,27,NA
2021-05-22 19:00:00,955.7,NA,17.7,24,NA
2021-05-22 20:00:00,956.4,NA,17,28,NA
2021-05-22 21:00:00,956.9,NA,15.3,32,NA
2021-05-22 22:00:00,957.8,NA,10.6,44,NA
2021-05-22 23:00:00,958.2,NA,10.2,45,NA
2021-05-23 03:00:00,NA,1020.3,3.4,70,NA
2021-05-23 06:00:00,NA,1021,2,88,NA
2021-05-23 09:00:00,NA,1021.4,2.4,80,NA
2021-05-23 10:00:00,NA,1022.2,2.8,80,NA
2021-05-23 11:00:00,NA,1023.2,2.2,80,NA
2021-05-23 12:00:00,NA,1023.6,6.8,64,NA
2021-05-23 13:00:00,NA,1024.4,11.8,47,NA
2021-05-23 14:00:00,NA,1024.6,14.6,37,NA
2021-05-23 15:00:00,NA,1024.4,14.9,37,NA
2021-05-23 16:00:00,NA,1023.3,16.6,47,NA
2021-05-23 17:00:00,NA,1022.6,17.4,49,NA
2021-05-23 18:00:00,NA,1021.9,18.2,32,NA
2021-05-23 19:00:00,NA,1021.1,18.9,29,NA
2021-05-23 20:00:00,NA,1021,18.2,31,NA
2021-05-23 21:00:00,NA,1021,17.8,32,NA
2021-05-23 22:00:00,NA,1021.5,13,47,NA
2021-05-23 23:00:00,NA,1021.8,8.1,60,NA
2021-05-24 00:00:00,NA,1022.1,6,73,NA
2021-05-25 03:00:00,NA,1015.1,4.2,75,NA
2021-05-25 06:00:00,NA,1015,3,80,NA
2021-05-25 09:00:00,NA,1015.5,8.4,56,NA
2021-05-25 10:00:00,NA,1017.2,6.8,67,NA
2021-05-25 11:00:00,NA,1019.3,8.2,59,NA
2021-05-25 12:00:00,NA,1021,12.2,38,NA
2021-05-25 13:00:00,NA,1021.6,17,32,NA
2021-05-25 14:00:00,NA,1022.4,18.8,28,NA
2021-05-25 15:00:00,NA,1022.6,19.9,26,NA
2021-05-25 16:00:00,NA,1021.7,20.9,29,NA
2021-05-25 17:00:00,NA,1020.8,21.3,28,NA
2021-05-25 18:00:00,NA,1020.1,21.5,28,NA
2021-05-25 19:00:00,NA,1019.5,21.3,29,NA
2021-05-25 20:00:00,NA,1019.4,21,32,NA
2021-05-25 21:00:00,NA,1019.3,19.2,38,NA
2021-05-25 22:00:00,NA,1020.2,16.7,43,NA
2021-05-25 23:00:00,NA,1021.4,10.3,63,NA
2021-05-26 00:00:00,NA,1021.4,9.7,63,NA
2021-05-27 03:00:00,NA,1016.3,8.3,74,NA
2021-05-27 06:00:00,NA,1015,6.5,79,NA
2021-05-27 09:00:00,NA,1013.8,5.4,90,NA
2021-05-27 10:00:00,NA,1014.4,5.2,93,NA
2021-05-27 11:00:00,NA,1014.2,5.7,90,NA
2021-05-27 12:00:00,NA,1014.1,6.7,87,NA
2021-05-27 13:00:00,NA,1013.2,14.8,59,NA
2021-05-27 14:00:00,NA,1012.3,17.8,54,NA
2021-05-27 15:00:00,NA,1011.3,19.8,48,NA
2021-05-27 16:00:00,NA,1009.8,21.6,41,NA
2021-05-27 17:00:00,950.2,1007.6,24.6,36,NA
2021-05-27 18:00:00,948.9,1006,25.8,33,NA
2021-05-27 19:00:00,947.6,1004.6,26,34,NA
2021-05-27 20:00:00,947.4,1004.7,24.6,35,NA
2021-05-27 21:00:00,947.8,1005.4,21.3,46,NA
2021-05-27 22:00:00,947.8,1005.1,19.8,47,NA
2021-05-27 23:00:00,NA,1004.6,17.8,54,NA
2021-05-28 00:00:00,NA,1004.5,17.8,56,NA
2021-05-28 23:00:00,952.4,NA,NA,NA,NA
2021-05-29 00:00:00,953.6,NA,NA,NA,NA
2021-05-29 03:00:00,957.4,1015.5,8.4,69,NA
2021-05-29 06:00:00,958.2,1016.5,5.9,75,NA
2021-05-29 09:00:00,959,1017.1,8.9,67,NA
2021-05-29 10:00:00,959.7,1018.2,8.9,71,NA
2021-05-29 11:00:00,960.4,1019.6,8.2,71,NA
2021-05-29 12:00:00,961.7,1021.1,8,74,NA
2021-05-29 13:00:00,962.5,1021.4,13.7,47,NA
2021-05-29 14:00:00,963,1022,14.8,36,NA
2021-05-29 15:00:00,963.3,1022.1,15.8,34,NA
2021-05-29 16:00:00,962.9,1021.7,16.7,32,NA
2021-05-29 17:00:00,962,1020.8,17,32,NA
2021-05-29 18:00:00,961.4,1020.2,17.2,30,NA
2021-05-29 19:00:00,961,1019.7,17,32,NA
2021-05-29 20:00:00,960.9,1019.6,16.4,32,NA
2021-05-29 21:00:00,961,1019.6,15.7,32,NA
2021-05-29 22:00:00,961.4,1020.4,12.2,45,NA
2021-05-29 23:00:00,NA,1021.5,11,49,NA
2021-05-30 00:00:00,NA,1022.2,6.4,64,NA
2021-05-31 00:00:00,959.8,NA,NA,NA,NA
2021-05-31 03:00:00,959.8,1018.7,4.8,76,NA
2021-05-31 06:00:00,960,1018.4,4.8,76,NA
2021-05-31 09:00:00,960,1019.1,2.4,83,NA
2021-05-31 10:00:00,960.2,1019.6,3.2,84,NA
2021-05-31 11:00:00,960.2,1019.7,4,81,NA
2021-05-31 12:00:00,960.4,1020,4.6,82,NA
2021-05-31 13:00:00,960.6,1019.4,15.4,49,NA
2021-05-31 14:00:00,NA,1018.9,19.6,38,NA
2021-05-31 15:00:00,960.2,1018.7,20.5,39,NA
2021-05-31 16:00:00,959.3,1017.5,22.8,35,NA
2021-05-31 17:00:00,958.2,1016.5,22.8,35,NA
2021-05-31 18:00:00,957.3,1015.2,25.1,27,NA
2021-05-31 19:00:00,956.8,1014.8,25.1,22,NA
2021-05-31 20:00:00,956.6,1014.7,24.4,26,NA
2021-05-31 21:00:00,956.4,1014.7,22.7,32,NA
2021-05-31 22:00:00,956,1014.9,16.2,45,NA
2021-05-31 23:00:00,955.6,1014.7,13.6,56,NA
2021-06-01 00:00:00,NA,1014.7,11.9,65,NA
2021-06-02 00:00:00,954.8,NA,NA,NA,NA
2021-06-02 03:00:00,956.1,1013.9,10,83,NA
2021-06-02 06:00:00,957,1015,6.5,93,NA
2021-06-02 09:00:00,957.4,1015.5,9.4,82,NA
2021-06-02 10:00:00,958.1,1016.5,8.7,86,NA
2021-06-02 11:00:00,958.9,1017.4,9.4,82,NA
2021-06-02 12:00:00,959.8,1018.6,9.5,82,NA
2021-06-02 13:00:00,960.6,1019.1,12.8,75,NA
2021-06-02 14:00:00,961.2,1019.3,18.2,58,NA
2021-06-02 15:00:00,961.2,1019.2,21.2,44,NA
2021-06-02 16:00:00,960.6,1018.5,22.4,35,NA
2021-06-02 17:00:00,959.8,1017.8,22.6,32,NA
2021-06-02 18:00:00,959.2,1017.3,22.4,32,NA
2021-06-02 19:00:00,958.4,1016.5,22.6,35,NA
2021-06-02 20:00:00,958.2,1016.3,22.2,41,NA
2021-06-02 21:00:00,958.2,1016.1,21.2,45,NA
2021-06-02 22:00:00,958.4,1016.5,19.2,50,NA
2021-06-02 23:00:00,958.6,1017,17.6,58,NA
2021-06-03 00:00:00,NA,1017.1,15,64,NA
2021-06-04 00:00:00,952.2,NA,NA,NA,NA
2021-06-04 03:00:00,NA,1008.3,18.2,67,NA
2021-06-04 06:00:00,949.8,1006.4,14.4,83,NA
2021-06-04 09:00:00,949.4,1006.4,12.2,93,NA
2021-06-04 10:00:00,949.8,1007.1,11.8,93,NA
2021-06-04 11:00:00,950.6,1008.4,10,96,NA
2021-06-04 12:00:00,951.8,1009.2,12.4,93,NA
2021-06-04 13:00:00,952.1,1009.2,18.1,83,NA
2021-06-04 14:00:00,951.8,1008.5,21.9,49,NA
2021-06-04 15:00:00,951.4,1007.8,23.7,47,NA
2021-06-04 16:00:00,950.6,1006.9,24.7,47,NA
2021-06-04 17:00:00,949.2,1005.4,25.8,48,NA
2021-06-04 18:00:00,948.5,1004.9,25.3,48,NA
2021-06-04 19:00:00,948.4,1004.6,25.7,51,NA
2021-06-04 20:00:00,948.5,1004.8,26,51,NA
2021-06-04 21:00:00,949,1005.6,25.4,56,NA
2021-06-04 22:00:00,950.2,1007.4,20.9,54,NA
2021-06-04 23:00:00,951.4,1009.1,17.6,63,NA
2021-06-05 00:00:00,NA,1009.9,18.9,57,NA
2021-06-06 00:00:00,964.1,NA,NA,NA,NA
2021-06-06 03:00:00,965.8,1024.8,6.2,77,NA
2021-06-06 06:00:00,964.3,1023.1,6,79,NA
2021-06-06 09:00:00,962.6,1021.9,4,88,NA
2021-06-06 10:00:00,962.6,1022.1,3.8,87,NA
2021-06-06 11:00:00,963.2,1023.4,2.4,86,NA
2021-06-06 12:00:00,963.4,1023.8,3,90,NA
2021-06-06 13:00:00,963.4,1022.9,11.6,58,NA
2021-06-06 14:00:00,963.6,1022.9,13.2,49,NA
2021-06-06 15:00:00,963,1022.2,14.1,39,NA
2021-06-06 17:00:00,960.6,1019.6,16.2,35,NA
2021-06-06 18:00:00,959.8,1018.6,16.8,33,NA
2021-06-06 19:00:00,959.2,1017.9,16.8,36,NA
2021-06-06 20:00:00,958.8,1017.6,16.4,37,NA
2021-06-06 21:00:00,959,1018.2,14.9,42,NA
2021-06-06 22:00:00,959.2,1018.5,14,45,NA
2021-06-06 23:00:00,960.2,1020.1,9.3,64,NA
2021-06-07 00:00:00,NA,1022,6.2,77,NA
2021-06-08 00:00:00,962.1,NA,NA,NA,NA
2021-06-08 03:00:00,962.8,1022,8.6,79,NA
2021-06-08 06:00:00,961,1019.8,6,82,NA
2021-06-08 09:00:00,960,1019.1,4,95,NA
2021-06-08 10:00:00,960.1,1019.5,3.5,97,NA
2021-06-08 11:00:00,NA,1020,3.2,92,NA
2021-06-08 12:00:00,NA,1020.4,4.2,92,NA
2021-06-08 13:00:00,NA,1019.6,10.5,82,NA
2021-06-08 14:00:00,NA,1019.5,14,67,NA
2021-06-08 15:00:00,NA,1018.7,15.2,64,NA
2021-06-08 16:00:00,NA,1017.3,17.8,58,NA
2021-06-08 17:00:00,NA,1016.3,18.4,57,NA
2021-06-08 18:00:00,NA,1015.3,19.6,53,NA
2021-06-08 19:00:00,NA,1014.9,20,52,NA
2021-06-08 20:00:00,NA,1015.1,19,56,NA
2021-06-08 21:00:00,NA,1015.5,17.8,61,NA
2021-06-08 22:00:00,NA,1016.4,15.8,70,NA
2021-06-08 23:00:00,NA,1017.8,14.8,73,NA
2021-06-09 00:00:00,NA,1018.7,13.4,91,NA
2021-06-10 00:00:00,957.7,NA,NA,NA,NA
2021-06-10 03:00:00,958.8,1016.5,14.8,83,NA
2021-06-10 06:00:00,NA,1017.2,7.8,99,NA
2021-06-10 09:00:00,960.2,1018.7,6.4,97,NA
2021-06-10 10:00:00,961,1019.8,6,94,NA
2021-06-10 11:00:00,962.1,1021.4,9.4,90,NA
2021-06-10 12:00:00,963.2,1022.2,11.8,86,NA
2021-06-10 13:00:00,964.4,1023.2,14.8,77,NA
2021-06-10 14:00:00,965.7,1024.3,17.6,61,NA
2021-06-10 15:00:00,966.4,1025,18.4,52,NA
2021-06-10 16:00:00,966.2,1024.8,18.1,61,NA
2021-06-10 17:00:00,966.2,1024.9,18.2,58,NA
2021-06-10 18:00:00,965.4,1023.9,19.4,53,NA
2021-06-10 19:00:00,965.3,1023.7,19.5,54,NA
2021-06-10 20:00:00,965.2,1023.7,18.7,58,NA
2021-06-10 21:00:00,966,1024.7,17.2,68,NA
2021-06-10 22:00:00,966.4,1025.2,16,57,NA
2021-06-10 23:00:00,966.8,1026.7,15.2,58,NA
2021-06-11 00:00:00,NA,1025.5,14.2,63,NA
2021-06-12 00:00:00,962.5,NA,NA,NA,NA
2021-06-12 03:00:00,961.8,1020.8,7,87,NA
2021-06-12 06:00:00,959,1017.2,6.5,79,NA
2021-06-12 09:00:00,956.8,1014.5,10.7,75,NA
2021-06-12 10:00:00,956.6,1015,8.7,79,NA
2021-06-12 11:00:00,956.9,1016.1,7.1,87,NA
2021-06-12 12:00:00,956.6,1016.1,7.1,85,NA
2021-06-12 13:00:00,956.6,1015.2,14.8,71,NA
2021-06-12 14:00:00,956.6,1014.4,22.9,39,NA
2021-06-12 15:00:00,NA,1014.5,23.2,39,NA
2021-06-12 16:00:00,956.4,1014.1,23.9,42,NA
2021-06-12 17:00:00,955.6,1013.3,23.1,40,NA
2021-06-12 18:00:00,955,1012.6,24.9,36,NA
2021-06-12 19:00:00,954.6,1012,26,32,NA
2021-06-12 20:00:00,954.6,1012,26.1,32,NA
2021-06-12 21:00:00,954.9,1012.1,24.1,39,NA
2021-06-12 22:00:00,955.4,1013.3,20,35,NA
2021-06-12 23:00:00,956.1,1014.3,19,48,NA
2021-06-13 00:00:00,NA,1014.9,17.1,60,NA
2021-06-14 00:00:00,955.4,NA,NA,NA,NA
2021-06-14 03:00:00,956.9,1014.6,10.4,88,NA
2021-06-14 06:00:00,957.8,1015.3,7.4,86,NA
2021-06-14 09:00:00,959.2,1017.2,6.6,92,NA
2021-06-14 10:00:00,960.2,1018.1,9.9,96,NA
2021-06-14 11:00:00,961.4,1019.8,9.8,86,NA
2021-06-14 12:00:00,962.6,1021.2,12.5,82,NA
2021-06-14 13:00:00,963.4,1021.8,15.2,70,NA
2021-06-14 14:00:00,964.4,1023.1,14.4,63,NA
2021-06-14 15:00:00,965,1023.8,15.6,51,NA
2021-06-14 16:00:00,965,1023.9,15.6,47,NA
2021-06-14 17:00:00,964.4,1023.3,16,44,NA
2021-06-14 18:00:00,964.2,1023.1,16.9,43,NA
2021-06-14 19:00:00,964.4,1023.4,15.6,46,NA
2021-06-14 20:00:00,965,1024.3,15.2,42,NA
2021-06-14 21:00:00,966.2,1025.6,14.1,46,NA
2021-06-14 22:00:00,967,1026.3,12.7,47,NA
2021-06-14 23:00:00,968.2,1027.7,11.6,53,NA
2021-06-15 00:00:00,NA,1028.8,11.4,48,NA
2021-06-16 03:00:00,NA,1032.1,4.8,82,NA
2021-06-16 06:00:00,NA,1032.9,1.5,97,NA
2021-06-16 09:00:00,NA,1032.1,0.6,97,NA
2021-06-16 10:00:00,NA,1032.5,0.5,98,NA
2021-06-16 11:00:00,NA,1032.3,0.8,97,NA
2021-06-16 12:00:00,NA,1033.1,0.8,100,NA
2021-06-16 13:00:00,NA,1033.7,1,98,NA
2021-06-16 14:00:00,NA,1034.2,1.3,98,NA
2021-06-16 15:00:00,972.9,1034.3,1.5,97,NA
2021-06-16 16:00:00,971.8,1033.3,2.3,93,NA
2021-06-16 17:00:00,971,1032.5,2.9,93,NA
2021-06-16 18:00:00,970.5,1031.9,3.5,92,NA
2021-06-16 19:00:00,970.2,1031.7,3.5,90,NA
2021-06-16 20:00:00,970.2,1031.8,3.3,92,NA
2021-06-16 21:00:00,970.6,1032.1,3.4,93,NA
2021-06-16 22:00:00,970.6,1032.2,3.4,92,NA
2021-06-16 23:00:00,NA,1033.4,3.4,92,NA
2021-06-17 00:00:00,NA,1033.4,3.4,80,NA
2021-06-18 00:00:00,969.4,NA,NA,NA,NA
2021-06-18 03:00:00,969.8,1030.7,4.9,91,NA
2021-06-18 06:00:00,969,1029.8,4.6,94,NA
2021-06-18 09:00:00,967.7,1028.4,4.1,97,NA
2021-06-18 10:00:00,967.8,1028.6,4.2,95,NA
2021-06-18 11:00:00,968.2,1029.1,4.1,99,NA
2021-06-18 12:00:00,968.6,1029.5,4,84,NA
2021-06-18 13:00:00,968.8,1029.5,5,86,NA
2021-06-18 14:00:00,969.2,1029.9,5.2,84,NA
2021-06-18 15:00:00,968.6,1029.3,5.9,75,NA
2021-06-18 16:00:00,967.8,1028.4,6.1,82,NA
2021-06-18 17:00:00,967,1027.6,6.1,84,NA
2021-06-18 18:00:00,966.2,1026.7,6.8,76,NA
2021-06-18 19:00:00,965.8,1026.3,6.9,76,NA
2021-06-18 20:00:00,965.8,1026.3,7,74,NA
2021-06-18 21:00:00,966.2,1026.8,6.8,76,NA
2021-06-18 22:00:00,NA,1027.2,6.2,84,NA
2021-06-18 23:00:00,967.3,1027.9,6.5,79,NA
2021-06-19 00:00:00,NA,1028.6,5.8,87,NA
2021-06-19 23:00:00,965.8,NA,NA,NA,NA
2021-06-20 00:00:00,965.7,NA,NA,NA,NA
2021-06-20 03:00:00,NA,1024.8,5.7,88,NA
2021-06-20 06:00:00,964,1024.3,1,92,NA
2021-06-20 09:00:00,962.1,1022.6,-2,96,NA
2021-06-20 10:00:00,962.2,1022.7,-1,NA,NA
2021-06-20 11:00:00,962.2,1022.4,2.4,86,NA
2021-06-20 12:00:00,962.8,1023.1,2,91,NA
2021-06-20 13:00:00,962.6,1022.6,7,78,NA
2021-06-20 14:00:00,963,1022.7,9.4,74,NA
2021-06-20 15:00:00,962.2,1021.9,10.6,69,NA
2021-06-20 16:00:00,961.4,1021,11.4,62,NA
2021-06-20 17:00:00,960.2,1019.8,12.4,56,NA
2021-06-20 18:00:00,959.3,1019,12.5,57,NA
2021-06-20 19:00:00,958.8,1018.5,12.9,57,NA
2021-06-20 20:00:00,958.5,1018.3,12.8,58,NA
2021-06-20 21:00:00,958.8,1018.7,12,61,NA
2021-06-20 22:00:00,959.4,1019.6,10.8,66,NA
2021-06-20 23:00:00,960.2,1020.3,9.6,70,NA
2021-06-21 00:00:00,NA,1021,8.6,74,NA
2021-06-22 00:00:00,962,NA,NA,NA,NA
2021-06-22 03:00:00,962.2,1022.1,4,88,NA
2021-06-22 06:00:00,961.8,1021.2,3.2,90,NA
2021-06-22 09:00:00,961.2,1020.5,4.8,97,NA
2021-06-22 10:00:00,961.3,1020.9,3.8,97,NA
2021-06-22 11:00:00,961.4,1021.2,6.9,96,NA
2021-06-22 12:00:00,961.4,1021.4,6.4,93,NA
2021-06-22 13:00:00,961.4,1021,10,83,NA
2021-06-22 14:00:00,961.4,1020.9,11.9,76,NA
2021-06-22 15:00:00,NA,1020.4,13.9,68,NA
2021-06-22 16:00:00,NA,1019.6,13.4,64,NA
2021-06-22 17:00:00,NA,1017.7,13.9,59,NA
2021-06-22 18:00:00,NA,1016.7,14.9,57,NA
2021-06-22 19:00:00,NA,1015.9,15.1,57,NA
2021-06-22 20:00:00,NA,1015.6,14.4,61,NA
2021-06-22 21:00:00,NA,1015.9,13.8,61,NA
2021-06-22 22:00:00,NA,1016,13.4,65,NA
2021-06-22 23:00:00,NA,1016.2,12.2,91,NA
2021-06-23 00:00:00,NA,1016.4,11.8,87,NA
2021-06-24 00:00:00,953.8,NA,NA,NA,NA
2021-06-24 03:00:00,955.4,1013.9,7.8,87,NA
2021-06-24 06:00:00,956.6,1014.9,6.8,88,NA
2021-06-24 09:00:00,957.7,1016.3,6.2,91,NA
2021-06-24 10:00:00,958.6,1017.5,6,91,NA
2021-06-24 11:00:00,959,1018.2,5.8,92,NA
2021-06-24 12:00:00,959.4,1018.8,6,90,NA
2021-06-24 13:00:00,959.6,1018.4,11.7,71,NA
2021-06-24 14:00:00,960,1018.5,16.3,41,NA
2021-06-24 15:00:00,959.4,1017.9,17.8,34,NA
2021-06-24 16:00:00,958.6,1016.9,19,33,NA
2021-06-24 17:00:00,957.8,1016.1,19.2,33,NA
2021-06-24 18:00:00,NA,1015,19.7,34,NA
2021-06-24 19:00:00,956.2,1014.4,19.9,32,NA
2021-06-24 20:00:00,956.1,1014.3,19.1,35,NA
2021-06-24 21:00:00,956.1,1014.5,18.2,38,NA
2021-06-24 22:00:00,956.5,1015.3,14.1,53,NA
2021-06-24 23:00:00,957,1016.4,9.6,68,NA
2021-06-25 00:00:00,NA,1016.8,9.4,65,NA
2021-06-26 00:00:00,954,NA,NA,NA,NA
2021-06-26 03:00:00,NA,1014,7.8,88,NA
2021-06-26 06:00:00,956.2,1015.3,8.2,87,NA
2021-06-26 09:00:00,958.6,1017.8,7.8,81,NA
2021-06-26 10:00:00,NA,1018.3,8,76,NA
2021-06-26 11:00:00,NA,1019.9,7.8,76,NA
2021-06-26 12:00:00,NA,1021.8,7.2,81,NA
2021-06-26 13:00:00,NA,1023.1,7,86,NA
2021-06-26 14:00:00,NA,1023.5,7,80,NA
2021-06-26 15:00:00,NA,1023.3,8.2,69,NA
2021-06-26 16:00:00,NA,1023,9.2,62,NA
2021-06-26 17:00:00,NA,1021.5,11,54,NA
2021-06-26 18:00:00,NA,1021.3,11.8,39,NA
2021-06-26 19:00:00,NA,1021.4,12,39,NA
2021-06-26 20:00:00,NA,1022,11.4,38,NA
2021-06-26 21:00:00,NA,1022.8,9.8,49,NA
2021-06-26 22:00:00,NA,1024,7.2,43,NA
2021-06-26 23:00:00,NA,1025.2,5.2,65,NA
2021-06-27 00:00:00,NA,1025.4,5.4,53,NA
2021-06-28 03:00:00,NA,1031.7,0.4,63,NA
2021-06-28 06:00:00,NA,1032.7,-3.1,75,NA
2021-06-28 09:00:00,NA,1032.9,-4.5,69,NA
2021-06-28 10:00:00,NA,1032.9,-3.8,93,NA
2021-06-28 11:00:00,NA,1034.2,-5.6,95,NA
2021-06-28 12:00:00,NA,1034.5,-1.2,95,NA
2021-06-28 13:00:00,NA,1034.7,2.2,56,NA
2021-06-28 14:00:00,NA,1034.5,6.4,21,NA
2021-06-28 15:00:00,NA,1033.5,8.2,34,NA
2021-06-28 16:00:00,NA,1033.3,9.6,31,NA
2021-06-28 17:00:00,NA,1031.9,9.8,32,NA
2021-06-28 18:00:00,NA,1031.1,11.1,31,NA
2021-06-28 19:00:00,NA,1031,11,28,NA
2021-06-28 20:00:00,NA,1030.9,10.8,34,NA
2021-06-28 21:00:00,NA,1031.1,9.9,34,NA
2021-06-28 22:00:00,NA,1031.9,4.6,59,NA
2021-06-28 23:00:00,NA,1033.1,3.7,65,NA
2021-06-29 00:00:00,NA,1033,0,66,NA
2021-06-30 00:00:00,968.4,NA,NA,NA,NA
2021-06-30 03:00:00,967.6,1028.2,-1.8,71,NA
2021-06-30 06:00:00,965.6,1026,-2.8,78,NA
2021-06-30 09:00:00,963.8,1024.3,-3.2,82,NA
2021-06-30 10:00:00,963.7,1024.8,-5.6,95,NA
2021-06-30 11:00:00,964.2,1026.1,-5.2,90,NA
2021-06-30 12:00:00,963.8,1025.8,-4.6,95,NA
2021-06-30 13:00:00,963.8,1025.2,2.9,85,NA
2021-06-30 14:00:00,963.4,1024.1,10,36,NA
2021-06-30 15:00:00,962.8,1023,13.2,34,NA
2021-06-30 16:00:00,961.8,1021.6,16.1,27,NA
2021-06-30 17:00:00,960.2,1019.8,17.6,19,NA
2021-06-30 18:00:00,959.3,1019,16.8,25,NA
2021-06-30 19:00:00,958.6,1018.2,17.6,18,NA
2021-06-30 20:00:00,958.2,1018,16,25,NA
2021-06-30 21:00:00,958.6,1018.7,14,28,NA
2021-06-30 22:00:00,959.4,1020,12,33,NA
2021-06-30 23:00:00,960,1020.7,10.2,37,NA
2021-07-01 00:00:00,NA,1021.3,8.2,43,NA
