2021-01-07 00:00:00,999.7,NA,NA,NA,NA
2021-01-07 09:00:00,1000.8,1012.1,17.2,60,NA
2021-01-07 12:00:00,1001.2,1012.5,23.3,50,NA
2021-01-07 15:00:00,1000.8,1012.1,30,32,NA
2021-01-07 18:00:00,999.1,1010.3,32.8,25,NA
2021-01-07 21:00:00,997.5,1008.6,32.2,24,NA
2021-01-08 00:00:00,NA,1009.4,26.2,42,NA
2021-01-09 00:00:00,995.7,NA,NA,NA,NA
2021-01-09 09:00:00,999.6,1010.9,17.5,91,NA
2021-01-09 12:00:00,1000.7,1012,20,79,NA
2021-01-09 15:00:00,NA,1011.5,25.8,64,NA
2021-01-09 18:00:00,998.3,1009.6,28.2,50,NA
2021-01-09 21:00:00,996.3,1007.6,29.6,50,NA
2021-01-10 00:00:00,NA,1007.6,25.9,67,NA
2021-01-11 00:00:00,993.4,NA,NA,NA,NA
2021-01-11 09:00:00,991.3,1002.8,20.5,91,NA
2021-01-11 12:00:00,993.6,1005.1,21.8,88,NA
2021-01-11 15:00:00,996,1007.5,19.8,87,NA
2021-01-11 18:00:00,NA,1008.3,19.9,95,NA
2021-01-11 21:00:00,997.6,1009.1,21.9,86,NA
2021-01-12 00:00:00,NA,1011.2,20.7,90,NA
2021-01-13 00:00:00,1003.8,NA,NA,NA,NA
2021-01-13 09:00:00,1006.9,1018.4,18.1,88,NA
2021-01-13 12:00:00,1009.3,1020.8,21.3,76,NA
2021-01-13 15:00:00,1007.1,1018.5,26.4,57,NA
2021-01-13 18:00:00,1005.2,1016.6,29.8,44,NA
2021-01-13 21:00:00,1003.6,1015,29.3,43,NA
2021-01-14 00:00:00,NA,1014.7,24.5,60,NA
2021-01-15 00:00:00,999.2,NA,NA,NA,NA
2021-01-15 09:00:00,994.4,1005.6,22.6,86,NA
2021-01-15 12:00:00,996.3,1007.4,24.6,79,NA
2021-01-15 15:00:00,996.4,1007.5,22.6,84,NA
2021-01-15 18:00:00,996.7,1007.8,18.2,98,NA
2021-01-15 21:00:00,994.3,1005.4,23.1,77,NA
2021-01-16 00:00:00,NA,1005.9,20,98,NA
2021-01-17 00:00:00,997.2,NA,NA,NA,NA
2021-01-17 09:00:00,NA,1012.7,13.3,91,NA
2021-01-17 12:00:00,1002.7,1014.2,17,79,NA
2021-01-17 15:00:00,NA,1013.7,23.1,47,NA
2021-01-17 18:00:00,NA,1011.7,26.6,36,NA
2021-01-17 21:00:00,NA,1012.9,26.8,37,NA
2021-01-18 00:00:00,NA,1013.7,21.4,60,NA
2021-01-19 09:00:00,NA,1015.7,14.6,90,NA
2021-01-19 12:00:00,NA,1017.6,23.3,61,NA
2021-01-19 15:00:00,NA,1017.3,28.7,40,NA
2021-01-19 18:00:00,NA,1016,30.9,36,NA
2021-01-19 21:00:00,NA,1014.9,31,37,NA
2021-01-20 00:00:00,NA,1015.1,25,58,NA
2021-01-21 09:00:00,NA,1015.8,17.7,79,NA
2021-01-21 12:00:00,NA,1016.9,23.4,72,NA
2021-01-21 15:00:00,NA,1017.3,28.7,57,NA
2021-01-21 18:00:00,NA,1016.6,31.1,48,NA
2021-01-21 21:00:00,NA,1015.4,31.6,45,NA
2021-01-22 00:00:00,NA,1015.6,26,63,NA
2021-01-23 09:00:00,NA,1014.2,21,89,NA
2021-01-23 12:00:00,NA,1015.4,25.3,73,NA
2021-01-23 15:00:00,NA,1014.5,31.3,57,NA
2021-01-23 18:00:00,NA,1012.9,33.1,51,NA
2021-01-23 21:00:00,NA,1011.2,33.4,53,NA
2021-01-24 00:00:00,NA,1010.7,27.1,79,NA
2021-01-25 09:00:00,NA,1006.2,23.8,96,NA
2021-01-25 12:00:00,NA,1002.9,27.3,71,NA
2021-01-25 15:00:00,NA,1008.9,32.1,60,NA
2021-01-25 18:00:00,NA,1008.1,34.5,53,NA
2021-01-25 21:00:00,NA,1007.2,36.1,45,NA
2021-01-26 00:00:00,NA,1009.4,24.8,81,NA
2021-01-26 15:00:00,993.6,NA,24.7,90,NA
2021-01-26 18:00:00,992.1,NA,27.5,75,NA
2021-01-27 09:00:00,NA,1006.8,21.4,98,NA
2021-01-27 12:00:00,NA,1008.8,24.5,83,NA
2021-01-27 15:00:00,NA,1007.5,30.2,65,NA
2021-01-27 18:00:00,NA,1006.4,31.4,60,NA
2021-01-27 21:00:00,NA,1004.6,32.2,53,NA
2021-01-28 00:00:00,NA,1004.4,26.6,71,NA
2021-01-29 09:00:00,NA,1001.5,20.8,96,NA
2021-01-29 12:00:00,NA,1006.9,18.2,100,NA
2021-01-29 15:00:00,NA,1005.6,19.8,85,NA
2021-01-29 18:00:00,NA,1004.3,24.5,79,NA
2021-01-29 21:00:00,NA,1002.2,26.4,68,NA
2021-01-30 00:00:00,NA,1003.8,24.2,83,NA
2021-01-31 00:00:00,998.9,NA,NA,NA,NA
2021-01-31 09:00:00,1001.5,1012.9,16.5,97,NA
2021-01-31 12:00:00,1002.9,1014.4,18.2,83,NA
2021-01-31 15:00:00,1003.1,1014.5,18.8,79,NA
2021-01-31 18:00:00,1001.5,1012.9,19.2,76,NA
2021-01-31 21:00:00,999.7,1011.2,18.1,83,NA
2021-02-01 00:00:00,1001.6,1013.1,17.4,86,NA
2021-02-02 00:00:00,999.6,NA,NA,NA,NA
2021-02-02 09:00:00,1000.4,1011.9,18.4,94,NA
2021-02-02 12:00:00,1001.5,1013,19,94,NA
2021-02-02 15:00:00,1002.5,1014.1,19.4,100,NA
2021-02-02 18:00:00,1002.5,1014.1,18.8,100,NA
2021-02-02 21:00:00,1000.8,1012.4,20.8,82,NA
2021-02-03 00:00:00,NA,1013.2,18.6,90,NA
2021-02-04 00:00:00,1003.3,NA,NA,NA,NA
2021-02-04 09:00:00,1006,1017.5,15.4,91,NA
2021-02-04 12:00:00,1007.3,1018.8,20,76,NA
2021-02-04 15:00:00,1008,1019.4,24.8,63,NA
2021-02-04 18:00:00,1006.7,1018.1,27.6,50,NA
2021-02-04 21:00:00,1005.5,1016.8,26,56,NA
2021-02-05 00:00:00,NA,1016.8,21.8,68,NA
2021-02-05 09:00:00,NA,1016.4,14.6,96,NA
2021-02-05 12:00:00,NA,1017.4,22.2,77,NA
2021-02-05 15:00:00,NA,1016.5,26.5,53,NA
2021-02-05 18:00:00,NA,1014.7,29.6,38,NA
2021-02-05 21:00:00,NA,1013,28.3,42,NA
2021-02-06 00:00:00,1001.9,1013.2,25.1,51,NA
2021-02-06 09:00:00,1002,NA,NA,NA,NA
2021-02-06 12:00:00,1003.6,NA,NA,NA,NA
2021-02-06 15:00:00,1003.9,NA,NA,NA,NA
2021-02-06 18:00:00,1002,NA,NA,NA,NA
2021-02-06 21:00:00,1000.8,NA,NA,NA,NA
2021-02-08 00:00:00,1000.7,NA,NA,NA,NA
2021-02-08 09:00:00,NA,1014,17.8,82,NA
2021-02-08 12:00:00,NA,1014.4,20.8,78,NA
2021-02-08 15:00:00,NA,1015.4,27.8,58,NA
2021-02-08 18:00:00,NA,1013.5,29.9,49,NA
2021-02-08 21:00:00,NA,1012.9,27.2,58,NA
2021-02-09 00:00:00,NA,1015.1,22.4,80,NA
2021-02-10 09:00:00,NA,1017.1,18,96,NA
2021-02-10 12:00:00,NA,1017.9,17.6,98,NA
2021-02-10 15:00:00,NA,1017.9,20,83,NA
2021-02-10 18:00:00,NA,1016.7,25.4,59,NA
2021-02-10 21:00:00,NA,1013.9,25,60,NA
2021-02-11 00:00:00,1002.9,NA,19.2,74,NA
2021-02-11 09:00:00,1002,NA,18,96,NA
2021-02-11 12:00:00,1002.1,NA,22.5,73,NA
2021-02-11 15:00:00,1002,NA,26.3,60,NA
2021-02-11 18:00:00,1001.2,NA,25.4,63,NA
2021-02-11 21:00:00,999.1,NA,24.8,64,NA
2021-02-12 09:00:00,NA,1011.9,16.4,98,NA
2021-02-12 12:00:00,NA,1012.6,23.2,75,NA
2021-02-12 15:00:00,NA,1012.7,27.8,58,NA
2021-02-12 18:00:00,NA,1010.7,29.5,50,NA
2021-02-12 21:00:00,NA,1008.9,28.8,52,NA
2021-02-13 00:00:00,998.9,NA,24.3,65,NA
2021-02-13 09:00:00,998.4,NA,18.3,87,NA
2021-02-13 15:00:00,998.9,NA,29.5,60,NA
2021-02-13 18:00:00,997.2,NA,30.5,49,NA
2021-02-13 21:00:00,NA,NA,30.1,46,NA
2021-02-14 09:00:00,NA,1006.8,18,96,NA
2021-02-14 12:00:00,NA,1009.1,22.3,76,NA
2021-02-14 15:00:00,NA,1008.9,27.9,61,NA
2021-02-14 18:00:00,NA,1007.3,30.2,54,NA
2021-02-15 00:00:00,NA,1007.7,24,78,NA
2021-02-14 21:00:00,994.7,NA,29.4,50,NA
2021-02-15 09:00:00,997,NA,18.5,92,NA
2021-02-15 12:00:00,999,NA,24.4,77,NA
2021-02-15 15:00:00,1000.5,NA,28.2,64,NA
2021-02-15 21:00:00,999.6,NA,24,74,NA
2021-02-16 09:00:00,NA,1012.5,17.1,95,NA
2021-02-16 12:00:00,NA,1012.8,20.8,91,NA
2021-02-16 15:00:00,NA,1013.5,25.3,68,NA
2021-02-16 18:00:00,NA,1012.6,28.5,59,NA
2021-02-16 21:00:00,NA,1010.9,27.1,50,NA
2021-02-17 00:00:00,999.7,NA,21.5,76,NA
2021-02-17 09:00:00,1000,NA,16.9,88,NA
2021-02-17 12:00:00,1001.3,NA,20.1,80,NA
2021-02-17 15:00:00,1001.3,NA,27.1,45,NA
2021-02-17 18:00:00,1001,NA,29.3,40,NA
2021-02-17 21:00:00,999,NA,29,35,NA
2021-02-18 09:00:00,NA,1010.6,15.4,84,NA
2021-02-18 12:00:00,NA,1012.2,22,69,NA
2021-02-18 15:00:00,NA,1011.5,29.9,44,NA
2021-02-18 18:00:00,NA,1010.2,32.1,37,NA
2021-02-18 21:00:00,998,NA,31.2,32,NA
2021-02-19 00:00:00,998.7,NA,25,48,NA
2021-02-19 09:00:00,999.1,NA,18.8,73,NA
2021-02-19 12:00:00,1003.6,NA,18.7,72,NA
2021-02-19 15:00:00,1004.3,NA,19.6,76,NA
2021-02-19 18:00:00,1003,NA,25,69,NA
2021-02-19 21:00:00,1002.8,NA,26.3,54,NA
2021-02-20 09:00:00,NA,1014.3,15,89,NA
2021-02-20 12:00:00,NA,1017.6,19.4,74,NA
2021-02-20 15:00:00,NA,1017.3,25.8,51,NA
2021-02-20 18:00:00,NA,1014.6,29.6,47,NA
2021-02-20 21:00:00,NA,1012.5,28.5,49,NA
2021-02-21 00:00:00,1001.6,NA,23.8,68,NA
2021-02-21 09:00:00,1002.7,NA,19.8,89,NA
2021-02-21 12:00:00,1002.9,NA,23,67,NA
2021-02-21 15:00:00,1002.9,NA,30.1,45,NA
2021-02-21 18:00:00,1000.9,NA,31.8,39,NA
2021-02-21 21:00:00,999.5,NA,29.3,49,NA
2021-02-22 09:00:00,NA,1009.2,21.3,80,NA
2021-02-22 12:00:00,NA,1009.8,25.8,69,NA
2021-02-22 15:00:00,NA,1010.5,31.4,52,NA
2021-02-22 18:00:00,NA,1008.6,34,44,NA
2021-02-22 21:00:00,NA,1007.3,34.5,43,NA
2021-02-23 00:00:00,996.9,NA,28.1,59,NA
2021-02-23 09:00:00,1000.9,NA,21.7,100,NA
2021-02-23 12:00:00,1002.9,NA,22.2,98,NA
2021-02-23 15:00:00,1003.1,NA,23.4,93,NA
2021-02-23 18:00:00,1002.8,NA,25.2,82,NA
2021-02-23 21:00:00,1002.5,NA,25.4,82,NA
2021-02-24 09:00:00,NA,1015.1,15.4,96,NA
2021-02-24 12:00:00,NA,1016.3,19.5,80,NA
2021-02-24 15:00:00,NA,1016.3,27.4,61,NA
2021-02-24 18:00:00,NA,1014.6,29.3,54,NA
2021-02-24 21:00:00,NA,1012.5,29,52,NA
2021-02-25 00:00:00,1001.3,NA,24.8,65,NA
2021-02-25 09:00:00,1002.9,NA,17,93,NA
2021-02-25 12:00:00,1004.1,NA,22.8,74,NA
2021-02-25 15:00:00,1004,NA,29.2,51,NA
2021-02-25 18:00:00,1002,NA,31.1,43,NA
2021-02-25 21:00:00,1000.1,NA,28.6,50,NA
2021-02-26 09:00:00,NA,1012.4,17.4,82,NA
2021-02-26 12:00:00,NA,1013.1,23.5,64,NA
2021-02-26 15:00:00,NA,1013.2,29.8,49,NA
2021-02-26 18:00:00,NA,1012,31.4,42,NA
2021-02-26 21:00:00,998.5,NA,30.2,35,NA
2021-02-27 00:00:00,1000.4,NA,24.8,66,NA
2021-02-27 09:00:00,1002.5,NA,18,79,NA
2021-02-27 15:00:00,1002.5,NA,28.6,64,NA
2021-02-27 21:00:00,999.6,NA,31.2,48,NA
2021-02-28 09:00:00,NA,1012.9,20.3,87,NA
2021-02-28 12:00:00,NA,1014.4,22.6,76,NA
2021-02-28 15:00:00,NA,1011.4,31,52,NA
2021-02-28 18:00:00,NA,NA,33.6,46,NA
2021-02-28 21:00:00,NA,1008.6,32.3,49,NA
2021-03-01 00:00:00,NA,1008.1,26.8,68,NA
2021-03-02 09:00:00,NA,1011.5,20,87,NA
2021-03-02 12:00:00,NA,1012.8,22.5,84,NA
2021-03-02 15:00:00,NA,1012.3,29.6,63,NA
2021-03-02 18:00:00,1000.3,1011.8,32.3,44,NA
2021-03-02 21:00:00,NA,1010.2,31.9,42,NA
2021-03-03 00:00:00,NA,1012.5,24.6,78,NA
2021-03-04 00:00:00,1002.4,NA,NA,NA,NA
2021-03-04 09:00:00,1000.9,1012.4,20.1,98,NA
2021-03-04 12:00:00,1001.3,1012.8,21.4,93,NA
2021-03-04 15:00:00,1002,1013.5,25.4,83,NA
2021-03-04 18:00:00,1000,1011.5,29.3,64,NA
2021-03-04 21:00:00,NA,1010.2,25.3,84,NA
2021-03-05 00:00:00,NA,1011.4,22.6,96,NA
2021-03-06 00:00:00,1002,NA,NA,NA,NA
2021-03-06 09:00:00,NA,1012.8,17,90,NA
2021-03-06 12:00:00,1001.9,1013.3,19.4,81,NA
2021-03-06 15:00:00,1002.1,1013.6,25,56,NA
2021-03-06 18:00:00,1000.4,1011.9,29.6,45,NA
2021-03-06 21:00:00,999.5,1011,27.8,51,NA
2021-03-07 00:00:00,NA,1012,20.4,78,NA
2021-03-08 00:00:00,998.4,NA,NA,NA,NA
2021-03-08 09:00:00,1001.6,1012.9,15.8,81,NA
2021-03-08 12:00:00,1004.5,1015.8,20.4,73,NA
2021-03-08 15:00:00,1005.6,1016.9,28.2,51,NA
2021-03-08 18:00:00,1003.3,1014.6,31.4,42,NA
2021-03-08 21:00:00,1003.1,1014.3,29.3,45,NA
2021-03-09 00:00:00,NA,1014.6,23,60,NA
2021-03-10 00:00:00,1001.2,NA,NA,NA,NA
2021-03-10 09:00:00,1000.7,1012,17.6,90,NA
2021-03-10 12:00:00,1000.8,1012.1,23.5,65,NA
2021-03-10 15:00:00,1000.5,1011.8,30.3,46,NA
2021-03-10 18:00:00,997.9,1009.1,32.4,38,NA
2021-03-10 21:00:00,996,1007.2,30.8,42,NA
2021-03-11 00:00:00,NA,1007.7,24.8,56,NA
2021-03-12 00:00:00,1001.2,NA,NA,NA,NA
2021-03-12 09:00:00,1001.9,1013.2,16.6,86,NA
2021-03-12 12:00:00,1004.4,1015.8,19.8,84,NA
2021-03-12 15:00:00,1004.8,1016.2,26.2,61,NA
2021-03-12 18:00:00,1003.7,1015.1,29.2,51,NA
2021-03-12 21:00:00,1002.9,1014.2,25.3,62,NA
2021-03-13 00:00:00,NA,1014,22.2,77,NA
2021-03-14 09:00:00,NA,1015.1,20.5,89,NA
2021-03-14 12:00:00,NA,1017.3,21.8,83,NA
2021-03-14 15:00:00,NA,1016.5,24.7,68,NA
2021-03-14 18:00:00,NA,1017.5,23.5,59,NA
2021-03-14 21:00:00,NA,1014.8,22.3,57,NA
2021-03-15 00:00:00,NA,1014.8,20.4,91,NA
2021-03-15 12:00:00,1003.2,NA,17.9,98,NA
2021-03-15 15:00:00,1003.3,NA,19.9,58,NA
2021-03-15 18:00:00,1001.6,NA,23.1,49,NA
2021-03-16 09:00:00,NA,1004.7,20.2,95,NA
2021-03-16 12:00:00,NA,1010.3,18.8,98,NA
2021-03-16 15:00:00,NA,1008.4,17,96,NA
2021-03-16 18:00:00,NA,1006.1,24.2,60,NA
2021-03-16 21:00:00,NA,1006,24.6,43,NA
2021-03-17 00:00:00,996.1,NA,20.2,76,NA
2021-03-17 09:00:00,1002,NA,15.5,92,NA
2021-03-17 12:00:00,1003.5,NA,18,90,NA
2021-03-18 09:00:00,NA,1020,13.5,86,NA
2021-03-18 12:00:00,NA,1021.2,14.2,82,NA
2021-03-18 15:00:00,NA,1020.5,18.6,56,NA
2021-03-18 18:00:00,NA,1018.4,25,47,NA
2021-03-18 21:00:00,NA,1016.1,19.1,54,NA
2021-03-19 00:00:00,1005.6,NA,14.6,85,NA
2021-03-19 09:00:00,1004.9,NA,11.7,89,NA
2021-03-19 12:00:00,1005.4,NA,14.2,87,NA
2021-03-19 15:00:00,1002.7,NA,21,60,NA
2021-03-19 18:00:00,1001.8,NA,25.2,44,NA
2021-03-19 21:00:00,999.6,NA,20,55,NA
2021-03-20 09:00:00,NA,1012.4,18.2,99,NA
2021-03-20 12:00:00,NA,1012.3,18.1,99,NA
2021-03-20 15:00:00,NA,1013.6,18.9,91,NA
2021-03-20 18:00:00,NA,1013.7,18.9,91,NA
2021-03-20 21:00:00,NA,1013.7,20.8,80,NA
2021-03-21 00:00:00,1005.5,NA,18.1,88,NA
2021-03-21 09:00:00,1008.7,NA,13,88,NA
2021-03-21 12:00:00,1009.3,NA,15.4,70,NA
2021-03-21 15:00:00,1009.6,NA,23.7,58,NA
2021-03-21 18:00:00,1008.4,NA,24.5,54,NA
2021-03-21 21:00:00,1008,NA,24.3,46,NA
2021-03-22 09:00:00,NA,1019.5,13.2,87,NA
2021-03-22 12:00:00,NA,1020.4,16,94,NA
2021-03-22 15:00:00,NA,1021.7,19.8,83,NA
2021-03-22 18:00:00,NA,1019.8,22.3,79,NA
2021-03-22 21:00:00,NA,1018.7,20.8,82,NA
2021-03-23 00:00:00,1007.2,NA,17.4,85,NA
2021-03-23 09:00:00,1005.6,NA,13.2,100,NA
2021-03-23 12:00:00,1006.4,NA,17.2,92,NA
2021-03-23 15:00:00,1006,NA,23.8,61,NA
2021-03-23 18:00:00,1003.6,NA,26.4,53,NA
2021-03-23 21:00:00,1002.1,NA,25.6,56,NA
2021-03-24 09:00:00,NA,1013.5,21.4,87,NA
2021-03-24 12:00:00,NA,1014.7,21.8,93,NA
2021-03-24 15:00:00,NA,1014.4,25.6,72,NA
2021-03-24 18:00:00,NA,1012.4,27,70,NA
2021-03-24 21:00:00,NA,1010.5,25.5,77,NA
2021-03-25 00:00:00,1000.1,NA,23.2,89,NA
2021-03-25 09:00:00,1004,NA,22,100,NA
2021-03-25 12:00:00,997.6,NA,23.2,96,NA
2021-03-25 15:00:00,997.6,NA,24.6,91,NA
2021-03-25 18:00:00,998.1,NA,21.3,100,NA
2021-03-25 21:00:00,996.5,NA,22.4,92,NA
2021-03-26 09:00:00,NA,1010.1,19,98,NA
2021-03-26 12:00:00,NA,1011.7,19.8,98,NA
2021-03-26 15:00:00,NA,1013.3,21.6,86,NA
2021-03-26 18:00:00,NA,1012.5,24.4,73,NA
2021-03-26 21:00:00,NA,1013,20.2,80,NA
2021-03-27 00:00:00,1003.2,NA,17.4,85,NA
2021-03-27 12:00:00,1005.5,NA,13.4,95,NA
2021-03-27 15:00:00,1005.7,NA,19,72,NA
2021-03-27 18:00:00,1004.4,NA,22.5,55,NA
2021-03-27 21:00:00,1004,NA,20.1,63,NA
2021-03-28 09:00:00,NA,1016.5,12.3,96,NA
2021-03-28 12:00:00,NA,1017.1,14.8,89,NA
2021-03-28 15:00:00,NA,1017.1,19.4,71,NA
2021-03-28 18:00:00,NA,1015.7,21.4,60,NA
2021-03-28 21:00:00,1002.4,NA,20.6,60,NA
2021-03-29 00:00:00,1004,NA,16.8,82,NA
2021-03-29 09:00:00,1005.9,NA,12.2,97,NA
2021-03-29 12:00:00,1006.7,NA,16,89,NA
2021-03-29 15:00:00,1006.9,NA,21.3,68,NA
2021-03-29 18:00:00,1005.7,NA,24.3,51,NA
2021-03-29 21:00:00,1004.9,NA,23.6,55,NA
2021-03-30 09:00:00,NA,1016.5,16.5,79,NA
2021-03-30 12:00:00,NA,1018.5,19.8,81,NA
2021-03-30 15:00:00,NA,1018.5,21.9,50,NA
2021-03-30 18:00:00,NA,1017.2,24.9,42,NA
2021-03-30 21:00:00,NA,1016,23.6,46,NA
2021-03-31 00:00:00,1004.9,NA,18.1,84,NA
2021-03-31 09:00:00,1005.3,NA,13,96,NA
2021-03-31 15:00:00,1005.9,NA,23.1,55,NA
2021-03-31 21:00:00,1003.5,NA,22.5,48,NA
2021-04-01 09:00:00,NA,1016.7,11.1,94,NA
2021-04-01 12:00:00,NA,1017.2,17,73,NA
2021-04-01 15:00:00,NA,1017.1,22.5,48,NA
2021-04-01 18:00:00,NA,1015.5,25.8,43,NA
2021-04-01 21:00:00,NA,1015.1,21.7,59,NA
2021-04-02 00:00:00,1004.4,NA,17,88,NA
2021-04-02 09:00:00,1005.9,NA,12.8,87,NA
2021-04-02 12:00:00,1007.2,NA,18.1,76,NA
2021-04-02 15:00:00,1006.8,NA,23.6,44,NA
2021-04-02 18:00:00,1005.5,NA,24.5,36,NA
2021-04-02 21:00:00,1004.5,NA,24.3,40,NA
2021-04-03 09:00:00,NA,1017.6,11.4,92,NA
2021-04-03 12:00:00,NA,1018.8,17.4,72,NA
2021-04-03 15:00:00,NA,1017.9,24.7,49,NA
2021-04-03 18:00:00,NA,1015.7,26.5,30,NA
2021-04-03 21:00:00,NA,1015.3,24.4,37,NA
2021-04-04 00:00:00,1005.2,NA,19.6,87,NA
2021-04-04 09:00:00,1004.3,NA,14.8,87,NA
2021-04-04 12:00:00,1005.1,NA,19.6,76,NA
2021-04-04 15:00:00,1004.4,NA,25.4,47,NA
2021-04-04 18:00:00,1002.3,NA,27.6,42,NA
2021-04-04 21:00:00,1000.9,NA,26.3,51,NA
2021-04-05 09:00:00,NA,1013.3,18.3,87,NA
2021-04-05 12:00:00,NA,1013,19.6,80,NA
2021-04-05 15:00:00,NA,1014.3,19.8,87,NA
2021-04-05 18:00:00,NA,1013,24,76,NA
2021-04-05 21:00:00,NA,1013.3,24.5,67,NA
2021-04-06 00:00:00,1002.1,NA,19.7,84,NA
2021-04-06 09:00:00,1004.4,NA,15,100,NA
2021-04-06 12:00:00,1005.2,NA,17.8,95,NA
2021-04-06 15:00:00,1005.5,NA,25.4,63,NA
2021-04-06 18:00:00,1003.3,NA,28.2,57,NA
2021-04-06 21:00:00,1002.5,NA,26.5,60,NA
2021-04-07 09:00:00,NA,1014.8,15.4,100,NA
2021-04-07 12:00:00,NA,1015.4,20.8,78,NA
2021-04-07 15:00:00,NA,1014.4,27.3,61,NA
2021-04-07 18:00:00,NA,1011.8,29.5,53,NA
2021-04-07 21:00:00,NA,1010.3,27.2,61,NA
2021-04-08 00:00:00,NA,1011.6,23.8,79,NA
2021-04-08 15:00:00,998.1,NA,29,62,NA
2021-04-08 18:00:00,995.9,NA,30.8,59,NA
2021-04-08 21:00:00,995.7,NA,29.2,62,NA
2021-04-09 09:00:00,NA,1009.1,22.4,93,NA
2021-04-09 12:00:00,NA,1011.3,20.2,96,NA
2021-04-09 15:00:00,NA,1011.9,19,100,NA
2021-04-09 18:00:00,NA,1011.8,19.2,100,NA
2021-04-09 21:00:00,NA,1011.4,18.6,100,NA
2021-04-10 00:00:00,NA,1011.8,17.4,98,NA
2021-04-11 09:00:00,NA,1015.6,12.4,86,NA
2021-04-11 12:00:00,NA,1018.2,13.8,80,NA
2021-04-11 15:00:00,NA,1020.2,17,62,NA
2021-04-11 18:00:00,NA,1018.9,19.8,58,NA
2021-04-11 21:00:00,NA,1018.9,19.2,59,NA
2021-04-12 00:00:00,NA,1019.8,14.4,85,NA
2021-04-13 09:00:00,NA,1021.6,10.4,97,NA
2021-04-13 12:00:00,1010.4,1022.1,15.4,86,NA
2021-04-13 15:00:00,1010.7,1022.3,22.9,50,NA
2021-04-13 18:00:00,NA,1020.1,25.7,37,NA
2021-04-13 21:00:00,1007.7,1019.2,23.5,50,NA
2021-04-14 00:00:00,NA,1019.7,16.8,65,NA
2021-04-14 21:00:00,1000.8,NA,NA,NA,NA
2021-04-15 00:00:00,1001.9,NA,NA,NA,NA
2021-04-15 09:00:00,1001.9,1013.6,15.2,89,NA
2021-04-15 12:00:00,1002,1013.7,17,96,NA
2021-04-15 15:00:00,1002.3,1014,24.2,70,NA
2021-04-15 18:00:00,1002.3,1014,24.2,70,NA
2021-04-15 21:00:00,NA,1011.7,28,59,NA
2021-04-16 00:00:00,NA,1013.1,20.4,76,NA
2021-04-16 21:00:00,1001.9,NA,NA,NA,NA
2021-04-17 00:00:00,1001.6,NA,NA,NA,NA
2021-04-17 09:00:00,NA,1017.3,18.7,72,NA
2021-04-17 12:00:00,1006,1017.5,18.7,72,NA
2021-04-17 15:00:00,1005.3,1016.5,26.6,55,NA
2021-04-17 18:00:00,1003.2,1014.4,27.4,41,NA
2021-04-17 21:00:00,1002.8,1014,26.3,48,NA
2021-04-18 00:00:00,NA,1014.9,20,75,NA
2021-04-18 21:00:00,1003.5,NA,NA,NA,NA
2021-04-19 00:00:00,1003.9,NA,NA,NA,NA
2021-04-19 09:00:00,1005,1016.5,15.6,94,NA
2021-04-19 12:00:00,1006.3,1017.7,18.5,82,NA
2021-04-19 15:00:00,1005.9,1017.2,25.3,60,NA
2021-04-19 18:00:00,1004,1015.3,29.4,47,NA
2021-04-19 21:00:00,1003.3,1014.6,26.3,55,NA
2021-04-20 00:00:00,NA,1015.3,19.3,75,NA
2021-04-21 00:00:00,1001.9,NA,NA,NA,NA
2021-04-21 09:00:00,1000.3,1011.6,19,81,NA
2021-04-21 12:00:00,1000.9,1012.3,21.2,76,NA
2021-04-21 15:00:00,1001.9,1013.2,19.5,88,NA
2021-04-21 18:00:00,1000.9,1012.3,18.5,100,NA
2021-04-21 21:00:00,997.7,1009.1,19.6,95,NA
2021-04-22 00:00:00,NA,1012.8,18.3,100,NA
2021-04-23 00:00:00,1000.7,NA,NA,NA,NA
2021-04-23 09:00:00,NA,1011.3,16,100,NA
2021-04-23 12:00:00,NA,1012.6,17.2,92,NA
2021-04-23 15:00:00,NA,1012.1,19.6,95,NA
2021-04-23 18:00:00,NA,1010.8,21.6,81,NA
2021-04-23 21:00:00,NA,1010.9,21.4,82,NA
2021-04-24 00:00:00,NA,1012.6,18.2,98,NA
2021-04-25 09:00:00,NA,1020.8,9.2,92,NA
2021-04-25 12:00:00,NA,1022.5,11.4,83,NA
2021-04-25 15:00:00,NA,1022.8,18,59,NA
2021-04-25 18:00:00,NA,1020.7,19.8,34,NA
2021-04-25 21:00:00,NA,1019.7,18.6,40,NA
2021-04-26 00:00:00,NA,1020.6,12.4,72,NA
2021-04-27 09:00:00,NA,1019.6,8.9,97,NA
2021-04-27 12:00:00,NA,1020,14.8,86,NA
2021-04-27 15:00:00,NA,1020.1,20.3,63,NA
2021-04-27 18:00:00,NA,1021.1,24.2,54,NA
2021-04-28 00:00:00,NA,1018.8,15,72,NA
2021-04-27 21:00:00,1002.2,NA,22.3,51,NA
2021-04-28 09:00:00,1008.5,NA,10.1,94,NA
2021-04-28 12:00:00,1009.3,NA,13.7,90,NA
2021-04-28 15:00:00,1010.7,NA,21.1,58,NA
2021-04-28 18:00:00,1009.6,NA,23.9,51,NA
2021-04-29 09:00:00,NA,1022.3,9.7,95,NA
2021-04-29 12:00:00,NA,1023.6,14.7,68,NA
2021-04-29 15:00:00,NA,1023.7,20.1,43,NA
2021-04-29 18:00:00,NA,1020.9,24.6,36,NA
2021-04-29 21:00:00,NA,1020.7,20.9,48,NA
2021-04-30 00:00:00,1009.3,NA,15.4,65,NA
2021-04-30 09:00:00,1008.3,NA,9.8,86,NA
2021-04-30 12:00:00,1008.6,NA,13.1,70,NA
2021-04-30 15:00:00,1007.3,NA,20.3,56,NA
2021-04-30 21:00:00,1003.3,NA,20.2,48,NA
2021-05-01 09:00:00,NA,1014.9,12,84,NA
2021-05-01 12:00:00,NA,1015.6,15.1,67,NA
2021-05-01 15:00:00,NA,1014.5,25.6,44,NA
2021-05-01 18:00:00,NA,1012.9,26.3,38,NA
2021-05-01 21:00:00,NA,1012.5,26.8,49,NA
2021-05-02 00:00:00,1001.6,NA,21.4,69,NA
2021-05-02 12:00:00,1001.7,NA,17.6,62,NA
2021-05-02 15:00:00,1001.5,NA,26.8,49,NA
2021-05-02 18:00:00,999.1,NA,29.2,39,NA
2021-05-02 21:00:00,998.5,NA,26.8,50,NA
2021-05-03 09:00:00,NA,1009.2,20,83,NA
2021-05-03 12:00:00,NA,1009.1,21.8,81,NA
2021-05-03 15:00:00,NA,1009.1,26.4,62,NA
2021-05-03 18:00:00,NA,1006.5,29.4,54,NA
2021-05-03 21:00:00,995.1,NA,27.5,63,NA
2021-05-04 00:00:00,997.3,NA,24.3,84,NA
2021-05-04 09:00:00,1007.7,NA,15.2,63,NA
2021-05-04 12:00:00,1009.7,NA,14,59,NA
2021-05-04 15:00:00,1012.5,NA,15.1,52,NA
2021-05-04 18:00:00,1011.7,NA,17.5,35,NA
2021-05-04 21:00:00,1012.8,NA,14.2,40,NA
2021-05-05 09:00:00,NA,1026.8,9.3,88,NA
2021-05-05 12:00:00,NA,1027.5,10.4,82,NA
2021-05-05 15:00:00,NA,1027.5,13.2,71,NA
2021-05-05 18:00:00,NA,1025.5,15.6,54,NA
2021-05-05 21:00:00,NA,1025.2,13.4,63,NA
2021-05-06 00:00:00,1014.9,NA,10.3,77,NA
2021-05-06 09:00:00,1015.9,NA,4.4,93,NA
2021-05-06 12:00:00,1016.7,NA,7.6,86,NA
2021-05-06 15:00:00,1017.2,NA,15.6,54,NA
2021-05-06 18:00:00,1014.7,NA,18.3,38,NA
2021-05-06 21:00:00,1013.2,NA,15.3,47,NA
2021-05-07 09:00:00,NA,1025.2,3.2,90,NA
2021-05-07 12:00:00,NA,1026,8.4,76,NA
2021-05-07 15:00:00,NA,1026.3,14.6,52,NA
2021-05-07 18:00:00,NA,1024.7,18.6,42,NA
2021-05-07 21:00:00,1012.3,NA,15.2,55,NA
2021-05-08 00:00:00,1012.8,NA,11,75,NA
2021-05-08 12:00:00,1013.5,NA,8,86,NA
2021-05-08 15:00:00,1013.5,NA,17.3,52,NA
2021-05-08 18:00:00,1009.9,NA,20.4,42,NA
2021-05-08 21:00:00,1009.1,NA,18.1,52,NA
2021-05-09 09:00:00,NA,1021.3,5.8,94,NA
2021-05-09 12:00:00,NA,1022,9,89,NA
2021-05-09 15:00:00,NA,1021.9,17.4,62,NA
2021-05-09 18:00:00,NA,1019.9,21.1,54,NA
2021-05-09 21:00:00,NA,1019.5,18.3,66,NA
2021-05-10 00:00:00,1008.9,NA,15.2,78,NA
2021-05-10 09:00:00,1009.7,NA,10.3,86,NA
2021-05-10 12:00:00,1011.1,NA,11.4,83,NA
2021-05-10 15:00:00,1012.3,NA,18.2,59,NA
2021-05-10 18:00:00,1010.8,NA,19.9,48,NA
2021-05-10 21:00:00,1011.2,NA,15.6,65,NA
2021-05-11 09:00:00,NA,1025.7,8.3,88,NA
2021-05-11 12:00:00,NA,1026.5,6.9,70,NA
2021-05-11 15:00:00,NA,1026.9,13.8,53,NA
2021-05-11 18:00:00,NA,1026.3,17.5,42,NA
2021-05-11 21:00:00,1011.9,NA,13,67,NA
2021-05-12 00:00:00,1012,NA,8.5,78,NA
2021-05-12 09:00:00,1011.3,NA,2.1,91,NA
2021-05-12 12:00:00,1011.9,NA,2,83,NA
2021-05-12 15:00:00,1011.5,NA,18.6,47,NA
2021-05-12 18:00:00,1009.7,NA,21.1,37,NA
2021-05-12 21:00:00,1008.8,NA,17.9,54,NA
2021-05-13 09:00:00,NA,1021.9,3.7,88,NA
2021-05-13 12:00:00,NA,1022.3,6.4,77,NA
2021-05-13 15:00:00,NA,1022.9,14.8,51,NA
2021-05-13 21:00:00,NA,1020.4,14.6,63,NA
2021-05-14 00:00:00,1009.7,NA,11.3,83,NA
2021-05-14 09:00:00,1008,NA,4.9,88,NA
2021-05-14 12:00:00,1007.6,NA,10.4,86,NA
2021-05-14 18:00:00,1007.6,NA,22.6,39,NA
2021-05-14 21:00:00,1006.3,NA,17.8,62,NA
2021-05-15 09:00:00,NA,1018.8,4.7,92,NA
2021-05-15 12:00:00,NA,1019.9,10.4,82,NA
2021-05-15 15:00:00,NA,1020.2,19.5,60,NA
2021-05-15 18:00:00,NA,1018.1,23.3,48,NA
2021-05-15 21:00:00,NA,1017.6,20.1,56,NA
2021-05-16 00:00:00,1006.9,NA,14.2,76,NA
2021-05-16 12:00:00,1007.6,NA,9.9,88,NA
2021-05-16 15:00:00,1008.9,NA,22.2,52,NA
2021-05-16 18:00:00,1006.5,NA,25.5,38,NA
2021-05-16 21:00:00,1006.4,NA,21.2,53,NA
2021-05-17 09:00:00,NA,1021.1,9.2,87,NA
2021-05-17 12:00:00,NA,1022.2,12,86,NA
2021-05-17 15:00:00,NA,1022,22.4,53,NA
2021-05-17 18:00:00,NA,1020.2,25.2,41,NA
2021-05-17 21:00:00,NA,1019.8,20.5,53,NA
2021-05-18 00:00:00,1008.8,NA,14.4,74,NA
2021-05-18 09:00:00,1008,NA,9.4,85,NA
2021-05-18 12:00:00,1008.1,NA,12,83,NA
2021-05-18 15:00:00,1008,NA,19.9,57,NA
2021-05-18 18:00:00,1005.6,NA,22.6,44,NA
2021-05-18 21:00:00,1004.7,NA,19.4,54,NA
2021-05-19 09:00:00,NA,1014.3,11.4,88,NA
2021-05-19 12:00:00,NA,1014.6,14.2,78,NA
2021-05-19 15:00:00,NA,1014.7,15.4,75,NA
2021-05-19 18:00:00,NA,1012.6,16.5,69,NA
2021-05-19 21:00:00,NA,1011.8,15.4,75,NA
2021-05-20 00:00:00,1000.1,NA,13.8,84,NA
2021-05-20 12:00:00,1000.4,NA,13.6,95,NA
2021-05-20 15:00:00,1000.1,NA,14.4,98,NA
2021-05-20 18:00:00,997.7,NA,16.4,91,NA
2021-05-20 21:00:00,997.3,NA,15.8,91,NA
2021-05-21 09:00:00,NA,1006.8,14.2,100,NA
2021-05-21 12:00:00,NA,1007.6,14.4,100,NA
2021-05-21 15:00:00,NA,1008.6,13.3,100,NA
2021-05-21 18:00:00,NA,1008.3,12.8,100,NA
2021-05-21 21:00:00,NA,1008.8,13,96,NA
2021-05-22 00:00:00,997.7,NA,11,97,NA
2021-05-22 12:00:00,999.9,NA,9.2,92,NA
2021-05-22 18:00:00,1005.7,NA,12.9,65,NA
2021-05-22 21:00:00,1006.1,NA,12.5,55,NA
2021-05-23 09:00:00,NA,1018,8.1,88,NA
2021-05-23 12:00:00,NA,1018.8,7.3,84,NA
2021-05-23 15:00:00,NA,1018.9,14,66,NA
2021-05-23 18:00:00,NA,1017.8,17.2,42,NA
2021-05-23 21:00:00,NA,1017.6,14.9,48,NA
2021-05-24 00:00:00,NA,1018.7,8.4,72,NA
2021-05-25 09:00:00,NA,1015.7,7.5,86,NA
2021-05-25 12:00:00,NA,1017.8,9.4,78,NA
2021-05-25 15:00:00,NA,1018.1,17.1,46,NA
2021-05-25 18:00:00,NA,1017.2,21.7,43,NA
2021-05-25 21:00:00,NA,1016.9,19.6,46,NA
2021-05-26 00:00:00,NA,1017.6,11.3,70,NA
2021-05-27 09:00:00,NA,1013.8,10.3,91,NA
2021-05-27 12:00:00,NA,1013.3,11.5,87,NA
2021-05-27 15:00:00,1000.9,1012.4,20.1,60,NA
2021-05-27 18:00:00,998,1009.6,24.1,45,NA
2021-05-27 21:00:00,NA,1008.5,20.6,60,NA
2021-05-28 00:00:00,NA,1006.4,13.5,83,NA
2021-05-29 00:00:00,995.3,NA,NA,NA,NA
2021-05-29 09:00:00,NA,1016.5,7.9,90,NA
2021-05-29 12:00:00,1005.1,1016.9,10,80,NA
2021-05-29 15:00:00,1008.1,1019.7,16.6,60,NA
2021-05-29 18:00:00,1007.5,1019.1,16.4,38,NA
2021-05-29 21:00:00,1008.1,1019.9,12.2,49,NA
2021-05-30 00:00:00,NA,1020.5,8.3,71,NA
2021-05-30 21:00:00,1008.7,NA,NA,NA,NA
2021-05-31 00:00:00,1008.7,NA,NA,NA,NA
2021-05-31 09:00:00,1008.8,1021.1,7,80,NA
2021-05-31 12:00:00,1005.9,1018,8.4,73,NA
2021-05-31 15:00:00,1008,1020.3,18,49,NA
2021-05-31 18:00:00,1005.1,1017.3,23.5,36,NA
2021-05-31 21:00:00,1004,1016.2,19.2,41,NA
2021-06-01 00:00:00,NA,1016.8,12.3,63,NA
2021-06-02 00:00:00,998.4,NA,NA,NA,NA
2021-06-02 09:00:00,1002.8,1014.5,9,87,NA
2021-06-02 12:00:00,1004.5,1016.2,10.2,80,NA
2021-06-02 15:00:00,1006.4,1018,17.4,58,NA
2021-06-02 18:00:00,1004.7,1016.2,23.4,39,NA
2021-06-02 21:00:00,1004.5,1016,19.5,60,NA
2021-06-03 00:00:00,NA,1016.8,14,82,NA
2021-06-04 00:00:00,999.9,NA,NA,NA,NA
2021-06-04 09:00:00,997.3,1008.9,14,89,NA
2021-06-04 12:00:00,998.1,1009.7,17.2,82,NA
2021-06-04 15:00:00,998.1,1009.7,23.6,74,NA
2021-06-04 18:00:00,994.3,1005.7,28.4,62,NA
2021-06-04 21:00:00,993.5,1004.9,27,67,NA
2021-06-05 00:00:00,NA,1006.5,23.2,81,NA
2021-06-06 00:00:00,1008,NA,NA,NA,NA
2021-06-06 09:00:00,NA,1020.9,7.2,83,NA
2021-06-06 12:00:00,1009.3,1021.3,7.8,81,NA
2021-06-06 15:00:00,1009.5,1021.5,14.5,59,NA
2021-06-06 18:00:00,1007.1,1019,17.4,44,NA
2021-06-06 21:00:00,1006.3,1018.1,14.4,64,NA
2021-06-07 00:00:00,NA,1018.8,8.6,74,NA
2021-06-07 18:00:00,1005.9,NA,NA,NA,NA
2021-06-08 00:00:00,1007.7,NA,NA,NA,NA
2021-06-08 09:00:00,1007,1018.5,12.3,96,NA
2021-06-08 12:00:00,NA,1017.6,12.6,94,NA
2021-06-08 15:00:00,NA,1016.9,16.9,79,NA
2021-06-08 18:00:00,NA,1015.2,18.1,70,NA
2021-06-08 21:00:00,NA,1014.7,18.1,79,NA
2021-06-09 00:00:00,NA,1016,16.8,83,NA
2021-06-10 00:00:00,1003.2,NA,NA,NA,NA
2021-06-10 09:00:00,1005.3,1016.8,14,97,NA
2021-06-10 12:00:00,1008.8,1020.7,15.8,98,NA
2021-06-10 15:00:00,1010.4,1022.1,18.4,87,NA
2021-06-10 18:00:00,1010,1021.6,20.1,70,NA
2021-06-10 21:00:00,1010.5,1022.3,16.9,80,NA
2021-06-11 00:00:00,NA,1025.3,10,72,NA
2021-06-11 21:00:00,1009.5,NA,NA,NA,NA
2021-06-12 09:00:00,1006.4,1018.4,10.7,91,NA
2021-06-12 12:00:00,NA,1018.5,12.8,75,NA
2021-06-12 15:00:00,1006.8,1018.5,19.6,57,NA
2021-06-12 18:00:00,1004.5,1016.1,21,62,NA
2021-06-12 21:00:00,1004,1015.6,20.2,65,NA
2021-06-13 00:00:00,NA,1016.5,15.7,71,NA
2021-06-13 21:00:00,1001.9,NA,NA,NA,NA
2021-06-14 00:00:00,1002.5,NA,NA,NA,NA
2021-06-14 09:00:00,1005.3,1017.2,11.8,88,NA
2021-06-14 12:00:00,1007.1,1019,12.5,83,NA
2021-06-14 15:00:00,1007.9,1019.8,18.2,70,NA
2021-06-14 18:00:00,1007.2,1019.1,20.8,57,NA
2021-06-14 21:00:00,1009.2,1021.1,17,71,NA
2021-06-15 00:00:00,NA,1024.1,10.6,80,NA
2021-06-16 09:00:00,NA,1029.7,5.5,77,NA
2021-06-16 12:00:00,NA,1031.1,5,75,NA
2021-06-16 15:00:00,1019.1,1031.4,7.4,67,NA
2021-06-16 18:00:00,1018.4,1030.7,4.5,89,NA
2021-06-16 21:00:00,1018.3,1030.5,5.3,86,NA
2021-06-17 00:00:00,NA,1030.5,4.4,90,NA
2021-06-18 00:00:00,1016.8,NA,NA,NA,NA
2021-06-18 09:00:00,1016.3,1028.5,2,83,NA
2021-06-18 12:00:00,1016.5,1028.7,3,83,NA
2021-06-18 15:00:00,1016.4,1028.6,10.2,70,NA
2021-06-18 18:00:00,1014.1,1026.2,11.6,63,NA
2021-06-18 21:00:00,1013.9,1025.9,9.5,68,NA
2021-06-19 00:00:00,NA,1026.9,8,73,NA
2021-06-19 21:00:00,1012.7,NA,NA,NA,NA
2021-06-20 00:00:00,1013.6,NA,NA,NA,NA
2021-06-20 09:00:00,NA,1024.3,1.9,91,NA
2021-06-20 12:00:00,1010.9,1023.2,3,100,NA
2021-06-20 15:00:00,1012,1024.2,8,92,NA
2021-06-20 18:00:00,1009.3,1021.5,10.5,81,NA
2021-06-20 21:00:00,1007.6,1019.7,10.4,80,NA
2021-06-21 00:00:00,NA,1020.7,6.3,88,NA
2021-06-22 00:00:00,1009.8,NA,NA,NA,NA
2021-06-22 09:00:00,1012.5,1019.6,8.2,100,NA
2021-06-22 12:00:00,1008.9,1020.6,9,100,NA
2021-06-22 15:00:00,NA,1022.7,10.2,97,NA
2021-06-22 18:00:00,NA,1018,17.1,64,NA
2021-06-22 21:00:00,NA,1017.3,14.5,65,NA
2021-06-23 00:00:00,NA,1017.5,11.9,86,NA
2021-06-23 21:00:00,998.1,NA,NA,NA,NA
2021-06-24 00:00:00,997.7,NA,NA,NA,NA
2021-06-24 09:00:00,1001.2,1013.1,9.8,97,NA
2021-06-24 12:00:00,1003.7,1015.6,10.2,97,NA
2021-06-24 15:00:00,1005.2,1016.9,10.3,96,NA
2021-06-24 18:00:00,1002.9,1014.7,14.9,74,NA
2021-06-24 21:00:00,1003.1,1014.8,12.4,82,NA
2021-06-25 00:00:00,NA,1016.1,8.8,95,NA
2021-06-26 00:00:00,999.5,NA,NA,NA,NA
2021-06-26 09:00:00,NA,1012.4,6.4,98,NA
2021-06-26 12:00:00,NA,1015.6,8,99,NA
2021-06-26 15:00:00,NA,1017.1,11,76,NA
2021-06-26 18:00:00,NA,1018.2,13.7,56,NA
2021-06-26 21:00:00,NA,1019.6,11.9,60,NA
2021-06-27 00:00:00,NA,1020.2,7.8,72,NA
2021-06-28 09:00:00,NA,1029.9,0.6,89,NA
2021-06-28 12:00:00,NA,1030.4,0.1,82,NA
2021-06-28 15:00:00,NA,1031.6,8,60,NA
2021-06-28 18:00:00,NA,1029.2,11.3,50,NA
2021-06-28 21:00:00,NA,1029.2,9.6,55,NA
2021-06-29 00:00:00,NA,1030.2,3.8,71,NA
2021-06-30 00:00:00,1016.3,NA,NA,NA,NA
2021-06-30 09:00:00,1014.5,1026.8,0.2,89,NA
2021-06-30 12:00:00,1015.1,1027.3,3.2,76,NA
2021-06-30 15:00:00,1014.5,1026.8,11,53,NA
2021-06-30 18:00:00,1011.2,1023.5,14.4,38,NA
2021-06-30 21:00:00,1009.9,1022.1,13.2,44,NA
2021-07-01 00:00:00,NA,1022.1,5.8,71,NA
