2021-01-07 03:00:00,NA,1011.2,17,82,NA
2021-01-07 04:00:00,NA,1011.3,17.8,81,NA
2021-01-07 05:00:00,NA,1010.9,16,79,NA
2021-01-07 06:00:00,NA,1010.7,15.1,79,NA
2021-01-07 07:00:00,NA,1010.7,14.3,85,NA
2021-01-07 08:00:00,NA,1010.7,14,84,NA
2021-01-07 09:00:00,NA,1011.3,11.5,87,NA
2021-01-07 10:00:00,NA,1011.3,13.7,84,NA
2021-01-07 11:00:00,NA,1012,17.7,71,NA
2021-01-07 12:00:00,NA,1012.1,22.3,50,NA
2021-01-07 13:00:00,NA,1011.9,26.6,36,NA
2021-01-07 14:00:00,NA,1011.8,29.3,29,NA
2021-01-07 15:00:00,NA,1011.4,31.1,25,NA
2021-01-07 16:00:00,NA,1010.9,32.1,24,NA
2021-01-07 17:00:00,NA,1010.3,32.3,23,NA
2021-01-07 18:00:00,NA,1009.6,33.8,24,NA
2021-01-07 19:00:00,NA,1009,33.7,23,NA
2021-01-07 20:00:00,NA,1008.4,33.7,23,NA
2021-01-07 21:00:00,NA,1008.2,33,26,NA
2021-01-07 22:00:00,NA,1008.4,31.5,30,NA
2021-01-07 23:00:00,NA,1008.5,29.5,35,NA
2021-01-08 00:00:00,NA,1010.7,26.3,45,NA
2021-01-08 01:00:00,NA,1009.5,22.3,54,NA
2021-01-08 02:00:00,NA,1010,18.9,68,NA
2021-01-09 03:00:00,NA,1008.1,26.6,42,NA
2021-01-09 04:00:00,NA,1008.6,26.2,44,NA
2021-01-09 05:00:00,NA,1009.3,25.1,45,NA
2021-01-09 06:00:00,NA,1009.9,23.7,58,NA
2021-01-09 07:00:00,NA,1010.4,22.1,66,NA
2021-01-09 08:00:00,NA,1010.5,19.8,69,NA
2021-01-09 09:00:00,NA,1010.7,20.2,56,NA
2021-01-09 10:00:00,NA,1011,20.8,55,NA
2021-01-09 11:00:00,NA,1010.8,20.9,63,NA
2021-01-09 12:00:00,NA,1010.8,21.7,69,NA
2021-01-09 13:00:00,NA,1011.4,22.8,63,NA
2021-01-09 14:00:00,NA,1011.1,24.4,62,NA
2021-01-09 15:00:00,NA,1010.6,26.8,56,NA
2021-01-09 16:00:00,NA,1010,29.2,48,NA
2021-01-09 17:00:00,NA,1009,31.2,43,NA
2021-01-09 18:00:00,NA,1008.3,31.4,41,NA
2021-01-09 19:00:00,NA,1007.4,32.3,40,NA
2021-01-09 20:00:00,NA,1006.8,31.8,41,NA
2021-01-09 21:00:00,NA,1006.5,30.9,42,NA
2021-01-09 22:00:00,NA,1006.8,30.3,48,NA
2021-01-09 23:00:00,NA,1007.3,29.2,52,NA
2021-01-10 00:00:00,NA,1007.9,25.7,62,NA
2021-01-10 01:00:00,NA,1008.7,25.2,67,NA
2021-01-10 02:00:00,NA,1009.5,24.3,68,NA
2021-01-11 03:00:00,NA,1003.3,24.1,88,NA
2021-01-11 04:00:00,NA,1003.1,23.9,91,NA
2021-01-11 05:00:00,NA,1002,24,91,NA
2021-01-11 06:00:00,NA,1001.2,24.8,86,NA
2021-01-11 07:00:00,NA,1001.7,24,90,NA
2021-01-11 08:00:00,NA,1001.6,24.1,88,NA
2021-01-11 09:00:00,NA,1003.6,24.9,70,NA
2021-01-11 10:00:00,NA,1005.4,21.2,84,NA
2021-01-11 11:00:00,NA,1004.4,20.4,92,NA
2021-01-11 12:00:00,NA,1003.8,20.2,95,NA
2021-01-11 13:00:00,NA,1006.3,21.5,87,NA
2021-01-11 14:00:00,NA,1006.1,20.1,89,NA
2021-01-11 15:00:00,NA,1007.3,20.2,88,NA
2021-01-11 16:00:00,NA,1008.1,19.7,89,NA
2021-01-11 17:00:00,NA,1008.6,19.3,94,NA
2021-01-11 18:00:00,NA,1005.4,20.4,90,NA
2021-01-11 19:00:00,NA,1006.6,21.6,83,NA
2021-01-11 20:00:00,NA,1007.1,22.1,84,NA
2021-01-11 21:00:00,NA,1008.2,22.8,80,NA
2021-01-11 22:00:00,NA,1008.8,22.1,79,NA
2021-01-11 23:00:00,NA,1009.8,21.8,80,NA
2021-01-12 00:00:00,NA,1010.7,20.9,88,NA
2021-01-12 01:00:00,NA,1011.5,20.2,90,NA
2021-01-12 02:00:00,NA,1012.9,20.1,89,NA
2021-01-13 03:00:00,NA,1017.5,19.5,87,NA
2021-01-13 04:00:00,NA,1017.7,18.3,90,NA
2021-01-13 05:00:00,NA,1017.8,18.1,91,NA
2021-01-13 06:00:00,NA,1017.6,18.4,87,NA
2021-01-13 07:00:00,NA,1017.5,18.1,87,NA
2021-01-13 08:00:00,NA,1017.5,17.3,85,NA
2021-01-13 09:00:00,NA,1018.2,17,85,NA
2021-01-13 10:00:00,NA,1018.9,18.1,80,NA
2021-01-13 11:00:00,NA,1019.3,19.7,72,NA
2021-01-13 12:00:00,NA,1019.4,22.6,62,NA
2021-01-13 13:00:00,NA,1019.2,24.7,58,NA
2021-01-13 14:00:00,NA,1019.2,26.4,53,NA
2021-01-13 15:00:00,NA,1018.7,27.7,49,NA
2021-01-13 16:00:00,NA,1018.3,28.7,40,NA
2021-01-13 17:00:00,NA,1017.8,29.8,37,NA
2021-01-13 18:00:00,NA,1017.3,30.9,33,NA
2021-01-13 19:00:00,NA,1016,31.6,33,NA
2021-01-13 20:00:00,NA,1015,31.4,31,NA
2021-01-13 21:00:00,NA,1014.6,30.9,30,NA
2021-01-13 22:00:00,NA,1014.5,30.2,36,NA
2021-01-13 23:00:00,NA,1015,27.1,45,NA
2021-01-14 00:00:00,NA,1015.1,25.5,50,NA
2021-01-14 01:00:00,NA,1015.5,24.4,53,NA
2021-01-14 02:00:00,NA,1016.2,23.3,58,NA
2021-01-15 03:00:00,NA,1009.2,25.7,68,NA
2021-01-15 04:00:00,NA,1009.1,24.8,68,NA
2021-01-15 05:00:00,NA,1009,25.4,69,NA
2021-01-15 06:00:00,NA,1008.6,25.2,70,NA
2021-01-15 07:00:00,NA,1008.2,24.9,74,NA
2021-01-15 08:00:00,NA,1008.1,24.2,76,NA
2021-01-15 09:00:00,NA,1008,22.8,84,NA
2021-01-15 10:00:00,NA,1007.9,22.6,80,NA
2021-01-15 11:00:00,NA,1007.6,23.3,77,NA
2021-01-15 12:00:00,NA,1007.3,23.8,75,NA
2021-01-15 13:00:00,NA,1008.9,23.6,82,NA
2021-01-15 14:00:00,NA,1007.2,19.4,96,NA
2021-01-15 15:00:00,NA,1008.3,20.3,92,NA
2021-01-15 16:00:00,NA,1007.8,19.9,91,NA
2021-01-15 17:00:00,NA,1008.3,20.6,89,NA
2021-01-15 18:00:00,NA,1005.6,20.1,96,NA
2021-01-15 19:00:00,NA,1001.3,20,92,NA
2021-01-15 20:00:00,NA,1004.3,22.3,80,NA
2021-01-15 21:00:00,NA,1003.2,23.1,77,NA
2021-01-15 22:00:00,NA,1002.8,23.4,79,NA
2021-01-15 23:00:00,NA,1003.4,22.6,83,NA
2021-01-16 00:00:00,NA,1003.8,21.3,93,NA
2021-01-16 01:00:00,NA,1003.9,20.1,92,NA
2021-01-16 02:00:00,NA,1003.8,19.7,95,NA
2021-01-17 03:00:00,NA,1009.2,19.5,79,NA
2021-01-17 04:00:00,NA,1010.6,17.8,88,NA
2021-01-17 05:00:00,NA,1010.5,16.4,92,NA
2021-01-17 06:00:00,NA,1011.1,15.6,89,NA
2021-01-17 07:00:00,NA,1011.1,14.8,93,NA
2021-01-17 08:00:00,NA,1011.6,13.7,93,NA
2021-01-17 09:00:00,NA,1012.4,12.9,94,NA
2021-01-17 10:00:00,NA,1012.8,13.6,90,NA
2021-01-17 11:00:00,NA,1013.4,15.1,84,NA
2021-01-17 12:00:00,NA,1013.6,18,72,NA
2021-01-17 13:00:00,NA,1013.5,21.2,60,NA
2021-01-17 14:00:00,NA,1013.7,22.8,54,NA
2021-01-17 15:00:00,NA,1013.6,23.9,44,NA
2021-01-17 16:00:00,NA,1013.1,24.8,39,NA
2021-01-17 17:00:00,NA,1012.4,25.9,37,NA
2021-01-17 18:00:00,NA,1012.3,26.7,35,NA
2021-01-17 19:00:00,NA,1011.9,26.9,35,NA
2021-01-17 20:00:00,NA,1011.8,26.9,34,NA
2021-01-17 21:00:00,NA,1011.5,26.6,34,NA
2021-01-17 22:00:00,NA,1011.5,26,36,NA
2021-01-17 23:00:00,NA,1011.8,24.6,46,NA
2021-01-18 00:00:00,NA,1012.5,21.2,61,NA
2021-01-18 01:00:00,NA,1013.2,18,76,NA
2021-01-18 02:00:00,NA,1013.7,16.8,83,NA
2021-01-19 03:00:00,NA,1015.6,17,87,NA
2021-01-19 04:00:00,NA,1015.6,15.8,91,NA
2021-01-19 05:00:00,NA,1015.6,16.9,89,NA
2021-01-19 06:00:00,NA,1015.3,16,90,NA
2021-01-19 07:00:00,NA,1015.3,15.4,91,NA
2021-01-19 08:00:00,NA,1015.6,15.1,93,NA
2021-01-19 09:00:00,NA,1016.1,14.8,96,NA
2021-01-19 10:00:00,NA,1016.5,15.4,93,NA
2021-01-19 11:00:00,NA,1017.1,20.5,76,NA
2021-01-19 12:00:00,NA,1017.5,23.8,63,NA
2021-01-19 13:00:00,NA,1017.6,26.6,48,NA
2021-01-19 14:00:00,NA,1017.6,28.2,45,NA
2021-01-19 15:00:00,NA,1017.2,29.4,40,NA
2021-01-19 16:00:00,NA,1016.6,30.2,39,NA
2021-01-19 17:00:00,NA,1016.1,30.5,39,NA
2021-01-19 18:00:00,NA,1015.8,30.8,37,NA
2021-01-19 19:00:00,NA,1015.1,30.3,41,NA
2021-01-19 20:00:00,NA,1014.5,31.2,39,NA
2021-01-19 21:00:00,NA,1014,30.9,41,NA
2021-01-19 22:00:00,NA,1014,30.4,44,NA
2021-01-19 23:00:00,NA,1014.3,28.5,52,NA
2021-01-20 00:00:00,NA,1014.8,25.7,57,NA
2021-01-20 01:00:00,NA,1015.4,24.8,57,NA
2021-01-20 02:00:00,NA,1015.8,23.9,65,NA
2021-01-21 03:00:00,NA,1015.4,23.2,59,NA
2021-01-21 04:00:00,NA,1015.8,22.9,62,NA
2021-01-21 05:00:00,NA,1015.6,22.1,63,NA
2021-01-21 06:00:00,NA,1015.4,21.5,66,NA
2021-01-21 07:00:00,NA,1015.4,20.7,67,NA
2021-01-21 08:00:00,NA,1015.6,19.4,73,NA
2021-01-21 09:00:00,NA,1016.1,19.1,77,NA
2021-01-21 10:00:00,NA,1016.7,20,72,NA
2021-01-21 11:00:00,NA,1017.1,21.6,69,NA
2021-01-21 12:00:00,NA,1017.2,23.1,67,NA
2021-01-21 13:00:00,NA,1017.1,25.3,57,NA
2021-01-21 14:00:00,NA,1017,27,56,NA
2021-01-21 15:00:00,NA,1016.8,28.7,60,NA
2021-01-21 16:00:00,NA,1016.3,29.8,52,NA
2021-01-21 17:00:00,NA,1016,30.3,49,NA
2021-01-21 18:00:00,NA,1015.5,30.7,45,NA
2021-01-21 19:00:00,NA,1015.1,31.4,37,NA
2021-01-21 20:00:00,NA,1014.6,31.6,37,NA
2021-01-21 21:00:00,NA,1014.3,32,34,NA
2021-01-21 22:00:00,NA,1014.4,31.3,47,NA
2021-01-21 23:00:00,NA,1014.6,30.2,56,NA
2021-01-22 00:00:00,NA,1015.1,27,58,NA
2021-01-22 01:00:00,NA,1015.7,25.9,63,NA
2021-01-22 02:00:00,NA,1016.1,25.7,65,NA
2021-01-23 03:00:00,NA,1015.4,25.8,77,NA
2021-01-23 04:00:00,NA,1015.1,25.7,78,NA
2021-01-23 05:00:00,NA,1014.9,21.4,76,NA
2021-01-23 06:00:00,NA,1014.1,22.4,79,NA
2021-01-23 07:00:00,NA,1013.6,23,82,NA
2021-01-23 08:00:00,NA,1013.7,22.6,85,NA
2021-01-23 09:00:00,NA,1013.9,23,83,NA
2021-01-23 10:00:00,NA,1014.2,23.2,82,NA
2021-01-23 11:00:00,NA,1014.5,25.9,70,NA
2021-01-23 12:00:00,NA,1014.7,27.3,69,NA
2021-01-23 13:00:00,NA,1014.3,29,68,NA
2021-01-23 14:00:00,NA,1014.1,31,62,NA
2021-01-23 15:00:00,NA,1013.4,32,60,NA
2021-01-23 16:00:00,NA,1013.3,32.9,54,NA
2021-01-23 17:00:00,NA,1012.3,33.4,52,NA
2021-01-23 18:00:00,NA,1011.5,33.5,48,NA
2021-01-23 19:00:00,NA,1010.7,34,49,NA
2021-01-23 20:00:00,NA,1009.7,34.3,47,NA
2021-01-23 21:00:00,NA,1009,33.9,49,NA
2021-01-23 22:00:00,NA,1008.8,33.5,NA,NA
2021-01-23 23:00:00,NA,1009,31.6,57,NA
2021-01-24 00:00:00,NA,1009.4,30.3,64,NA
2021-01-24 01:00:00,NA,1010,28.8,68,NA
2021-01-24 02:00:00,NA,1010.7,27.7,73,NA
2021-01-25 03:00:00,NA,1007,23.9,83,NA
2021-01-25 04:00:00,NA,1006.5,24.2,88,NA
2021-01-25 05:00:00,NA,1006.2,25.4,83,NA
2021-01-25 06:00:00,NA,1005.8,26.2,80,NA
2021-01-25 07:00:00,NA,1005.6,25.7,81,NA
2021-01-25 08:00:00,NA,1005.5,24.6,88,NA
2021-01-25 09:00:00,NA,1005.8,24.2,92,NA
2021-01-25 10:00:00,NA,1005.9,25,83,NA
2021-01-25 11:00:00,NA,1005.9,25,83,NA
2021-01-25 12:00:00,NA,1006.8,28.3,67,NA
2021-01-25 13:00:00,NA,1006.4,30.2,60,NA
2021-01-25 14:00:00,NA,1006.2,31.6,56,NA
2021-01-25 15:00:00,NA,1005.5,32.7,50,NA
2021-01-25 16:00:00,NA,1004.8,33.1,49,NA
2021-01-25 17:00:00,NA,1004.2,34.1,50,NA
2021-01-25 18:00:00,NA,1003,35.5,43,NA
2021-01-25 19:00:00,NA,1001.9,35.2,46,NA
2021-01-25 20:00:00,NA,1001.3,33.9,50,NA
2021-01-25 21:00:00,NA,1002,29.2,71,NA
2021-01-25 22:00:00,NA,1003,24.1,88,NA
2021-01-25 23:00:00,NA,1002.8,24.8,69,NA
2021-01-26 00:00:00,NA,1002.9,25.1,70,NA
2021-01-26 01:00:00,NA,1003.2,26.2,71,NA
2021-01-26 02:00:00,NA,1002.4,26.4,67,NA
2021-01-27 03:00:00,NA,1004.6,23.6,88,NA
2021-01-27 04:00:00,NA,1004.6,22.1,91,NA
2021-01-27 05:00:00,NA,1004.2,22.4,93,NA
2021-01-27 06:00:00,NA,1004.2,22,92,NA
2021-01-27 07:00:00,NA,1004.1,21.5,95,NA
2021-01-27 08:00:00,NA,1005,21.3,96,NA
2021-01-27 09:00:00,NA,1005.9,21.1,96,NA
2021-01-27 10:00:00,NA,1006.6,20.2,98,NA
2021-01-27 11:00:00,NA,1007.2,23,92,NA
2021-01-27 12:00:00,NA,1007.3,26.8,72,NA
2021-01-27 13:00:00,NA,1007.1,28.6,68,NA
2021-01-27 14:00:00,NA,1007.1,30.3,63,NA
2021-01-27 15:00:00,NA,1006.5,31,62,NA
2021-01-27 16:00:00,NA,1005.8,31.7,57,NA
2021-01-27 17:00:00,NA,1005.5,32.6,58,NA
2021-01-27 18:00:00,NA,1004.8,32.9,53,NA
2021-01-27 19:00:00,NA,1004,33.1,51,NA
2021-01-27 20:00:00,NA,1003.6,31.4,51,NA
2021-01-27 21:00:00,NA,1003.6,32.8,47,NA
2021-01-27 22:00:00,NA,1003,30.9,57,NA
2021-01-27 23:00:00,NA,1003.5,29.4,67,NA
2021-01-28 00:00:00,NA,1004,28.1,73,NA
2021-01-28 01:00:00,NA,1005,25.4,80,NA
2021-01-28 02:00:00,NA,1005.3,24.4,84,NA
2021-01-29 03:00:00,NA,1003.7,23.8,81,NA
2021-01-29 04:00:00,NA,1002.7,23.8,82,NA
2021-01-29 05:00:00,NA,1002,22.7,87,NA
2021-01-29 06:00:00,NA,1001.7,22.6,90,NA
2021-01-29 07:00:00,NA,1002.5,22.9,87,NA
2021-01-29 08:00:00,NA,1002.3,22.6,90,NA
2021-01-29 09:00:00,NA,1003.3,23,90,NA
2021-01-29 10:00:00,NA,1005.2,21.5,92,NA
2021-01-29 11:00:00,NA,1008.3,18.2,94,NA
2021-01-29 12:00:00,NA,1006.9,17.8,93,NA
2021-01-29 13:00:00,NA,1005.8,18.3,91,NA
2021-01-29 14:00:00,NA,1005.6,19.7,92,NA
2021-01-29 15:00:00,NA,1006.2,20.9,86,NA
2021-01-29 16:00:00,NA,1005.6,22.2,79,NA
2021-01-29 17:00:00,NA,1005.1,24.7,73,NA
2021-01-29 18:00:00,NA,1004.2,25.8,74,NA
2021-01-29 19:00:00,NA,1003.7,26.7,66,NA
2021-01-29 20:00:00,NA,1003.2,27.2,66,NA
2021-01-29 21:00:00,NA,1002.6,26.9,67,NA
2021-01-29 22:00:00,NA,1002.5,26.4,70,NA
2021-01-29 23:00:00,NA,1002.8,25.1,77,NA
2021-01-30 00:00:00,NA,1003.5,24.2,82,NA
2021-01-30 01:00:00,NA,1004.3,23.4,84,NA
2021-01-30 02:00:00,NA,1004.9,22.5,88,NA
2021-01-31 03:00:00,NA,1013.2,19.4,81,NA
2021-01-31 04:00:00,NA,1013.9,18.7,84,NA
2021-01-31 05:00:00,NA,1013.6,18.5,88,NA
2021-01-31 06:00:00,NA,1013.4,18.1,89,NA
2021-01-31 07:00:00,NA,1013.1,17.9,85,NA
2021-01-31 08:00:00,NA,1013,17.5,86,NA
2021-01-31 09:00:00,NA,1012.6,17.2,81,NA
2021-01-31 10:00:00,NA,1012.8,16.8,88,NA
2021-01-31 11:00:00,NA,1014.4,17.2,85,NA
2021-01-31 12:00:00,NA,1013.4,17.1,86,NA
2021-01-31 13:00:00,NA,1014.3,17.6,90,NA
2021-01-31 14:00:00,NA,1014,18.3,87,NA
2021-01-31 15:00:00,NA,1013.8,18.5,87,NA
2021-01-31 16:00:00,NA,1014.1,19.1,85,NA
2021-01-31 17:00:00,NA,1013,20.7,77,NA
2021-01-31 18:00:00,NA,1012.4,21.2,76,NA
2021-01-31 19:00:00,NA,1012,21,78,NA
2021-01-31 20:00:00,NA,1011.4,20.6,85,NA
2021-01-31 21:00:00,NA,1011.3,20,90,NA
2021-01-31 22:00:00,NA,1010.9,20,87,NA
2021-01-31 23:00:00,NA,1011.8,19.4,93,NA
2021-02-01 00:00:00,NA,1011.8,19.2,95,NA
2021-02-01 01:00:00,NA,1013.3,19.3,96,NA
2021-02-01 02:00:00,NA,1013.8,19.1,94,NA
2021-02-02 03:00:00,NA,1012.7,21.8,86,NA
2021-02-02 04:00:00,NA,1012.1,21.1,84,NA
2021-02-02 05:00:00,NA,1011.4,20.4,85,NA
2021-02-02 06:00:00,NA,1011.4,19.2,92,NA
2021-02-02 07:00:00,NA,1011.6,19.6,92,NA
2021-02-02 08:00:00,NA,1011,19.9,92,NA
2021-02-02 09:00:00,NA,1011,19.7,93,NA
2021-02-02 10:00:00,NA,1011.9,19.4,95,NA
2021-02-02 11:00:00,NA,1012.5,20.1,92,NA
2021-02-02 12:00:00,NA,1012.3,20.2,92,NA
2021-02-02 13:00:00,NA,1014.1,20.4,91,NA
2021-02-02 14:00:00,NA,1014.6,20,93,NA
2021-02-02 15:00:00,NA,1013.9,20.2,92,NA
2021-02-02 16:00:00,NA,1013.9,20.8,93,NA
2021-02-02 17:00:00,NA,1013.3,20.9,90,NA
2021-02-02 18:00:00,NA,1013.7,19.9,92,NA
2021-02-02 19:00:00,NA,1013.2,20.6,95,NA
2021-02-02 20:00:00,NA,1012.4,21,89,NA
2021-02-02 21:00:00,NA,1012.1,21.6,89,NA
2021-02-02 22:00:00,NA,1012.2,21.4,87,NA
2021-02-02 23:00:00,NA,1012.5,21,90,NA
2021-02-03 00:00:00,NA,1012.8,20.8,93,NA
2021-02-03 01:00:00,NA,1014.3,20.4,93,NA
2021-02-03 02:00:00,NA,1013.3,20.7,91,NA
2021-02-04 03:00:00,NA,1015.9,19.1,91,NA
2021-02-04 04:00:00,NA,1016.3,18.3,94,NA
2021-02-04 05:00:00,NA,1016.3,17.7,96,NA
2021-02-04 06:00:00,NA,1016.5,18.1,95,NA
2021-02-04 07:00:00,NA,1016.6,17,95,NA
2021-02-04 08:00:00,NA,1016.4,16.5,96,NA
2021-02-04 09:00:00,NA,1016.9,16.3,96,NA
2021-02-04 10:00:00,NA,1017.5,15.8,96,NA
2021-02-04 11:00:00,NA,1018.1,17.7,92,NA
2021-02-04 12:00:00,NA,1018.4,20.6,77,NA
2021-02-04 13:00:00,NA,1018.6,23.2,65,NA
2021-02-04 14:00:00,NA,1019,24.4,60,NA
2021-02-04 15:00:00,NA,1019.1,25.3,58,NA
2021-02-04 16:00:00,NA,1018.8,26.7,57,NA
2021-02-04 17:00:00,NA,1018.2,27.2,55,NA
2021-02-04 18:00:00,NA,1017.5,28.3,53,NA
2021-02-04 19:00:00,NA,1016.9,28.5,52,NA
2021-02-04 20:00:00,NA,1016.5,28.7,52,NA
2021-02-04 21:00:00,NA,1016.1,28.2,54,NA
2021-02-04 22:00:00,NA,1015.7,27.4,54,NA
2021-02-04 23:00:00,NA,1016.1,25.2,62,NA
2021-02-05 00:00:00,NA,1016.7,23.3,71,NA
2021-02-05 01:00:00,NA,1017.2,21.7,74,NA
2021-02-05 02:00:00,NA,1017.7,20.8,76,NA
2021-02-05 03:00:00,NA,1017.8,19.7,80,NA
2021-02-05 04:00:00,NA,1017.3,16.9,92,NA
2021-02-05 05:00:00,NA,1017.1,16.4,92,NA
2021-02-05 06:00:00,NA,1016.3,15.9,94,NA
2021-02-05 07:00:00,NA,1016.1,13.8,93,NA
2021-02-05 08:00:00,NA,1016,14.3,94,NA
2021-02-05 09:00:00,NA,1016,14.8,96,NA
2021-02-05 10:00:00,NA,1015.7,15.6,94,NA
2021-02-05 11:00:00,NA,1016.6,17.2,93,NA
2021-02-05 12:00:00,NA,1017.1,21.4,80,NA
2021-02-05 13:00:00,NA,1017.1,25.4,59,NA
2021-02-05 14:00:00,NA,1016.9,26.7,52,NA
2021-02-05 15:00:00,NA,1016.5,27.9,40,NA
2021-02-05 16:00:00,NA,1015.8,28.4,43,NA
2021-02-05 17:00:00,NA,1015.1,28.7,42,NA
2021-02-05 18:00:00,NA,1014.5,29.1,40,NA
2021-02-05 19:00:00,NA,1013.6,29,39,NA
2021-02-05 20:00:00,NA,1013,29.1,41,NA
2021-02-05 21:00:00,NA,1012.4,28.6,37,NA
2021-02-05 22:00:00,NA,1012.1,27.9,47,NA
2021-02-05 23:00:00,NA,1012.4,26.2,55,NA
2021-02-06 00:00:00,NA,1012.9,23.1,64,NA
2021-02-06 01:00:00,NA,1013.4,22,69,NA
2021-02-06 02:00:00,NA,1013.8,19.7,85,NA
2021-02-08 03:00:00,NA,1013.3,21.2,86,NA
2021-02-08 04:00:00,NA,1013.2,21.1,86,NA
2021-02-08 05:00:00,NA,1012.8,20.4,90,NA
2021-02-08 06:00:00,NA,1012.4,19.7,92,NA
2021-02-08 07:00:00,NA,1012.4,19.1,92,NA
2021-02-08 08:00:00,NA,1012.7,18.8,93,NA
2021-02-08 09:00:00,NA,1013,18.6,93,NA
2021-02-08 10:00:00,NA,1013.6,17.3,94,NA
2021-02-08 11:00:00,NA,1014,21.8,91,NA
2021-02-08 12:00:00,NA,1014.1,25.7,74,NA
2021-02-08 13:00:00,NA,1014.2,28,61,NA
2021-02-08 14:00:00,NA,1014.3,28.3,64,NA
2021-02-08 15:00:00,NA,1014,29.3,59,NA
2021-02-08 16:00:00,NA,1013.9,29.1,64,NA
2021-02-08 17:00:00,NA,1013.5,28.9,61,NA
2021-02-08 18:00:00,NA,1013.2,29.6,59,NA
2021-02-08 19:00:00,NA,1012.9,28.4,62,NA
2021-02-08 20:00:00,NA,1012.7,27.9,69,NA
2021-02-08 21:00:00,NA,1013.2,27.2,69,NA
2021-02-08 22:00:00,NA,1013.7,26.3,74,NA
2021-02-08 23:00:00,NA,1014.1,24.8,80,NA
2021-02-09 00:00:00,NA,1014.7,24.1,83,NA
2021-02-09 01:00:00,NA,1015.7,23.2,85,NA
2021-02-09 02:00:00,NA,1016.3,22.5,87,NA
2021-02-10 03:00:00,NA,1017.6,20.9,78,NA
2021-02-10 04:00:00,NA,1017.2,19.8,85,NA
2021-02-10 05:00:00,NA,1016.9,19.3,89,NA
2021-02-10 06:00:00,NA,1016.7,19.5,92,NA
2021-02-10 07:00:00,NA,1016.6,19.3,92,NA
2021-02-10 08:00:00,NA,1016.4,19.5,91,NA
2021-02-10 09:00:00,NA,1016.6,18.9,95,NA
2021-02-10 10:00:00,NA,1016.5,19.1,92,NA
2021-02-10 11:00:00,NA,1017.3,19,93,NA
2021-02-10 12:00:00,NA,1017.7,19.3,92,NA
2021-02-10 13:00:00,NA,1017.8,20,89,NA
2021-02-10 14:00:00,NA,1017.7,21.1,84,NA
2021-02-10 15:00:00,NA,1017.3,22.7,76,NA
2021-02-10 16:00:00,NA,1017.1,23.5,72,NA
2021-02-10 17:00:00,NA,1016.6,24.3,71,NA
2021-02-10 18:00:00,NA,1015.7,25.2,63,NA
2021-02-10 19:00:00,NA,1015,24.6,69,NA
2021-02-10 20:00:00,NA,1014.3,23.7,74,NA
2021-02-10 21:00:00,NA,1013.5,22.9,75,NA
2021-02-10 22:00:00,NA,1013.2,23.4,75,NA
2021-02-10 23:00:00,NA,1013.6,22.5,79,NA
2021-02-11 00:00:00,NA,1013.5,21.8,83,NA
2021-02-11 01:00:00,NA,1014,21,88,NA
2021-02-11 02:00:00,NA,1014.1,20.6,90,NA
2021-02-12 03:00:00,NA,1011.8,21.8,80,NA
2021-02-12 04:00:00,NA,1011.9,21.7,79,NA
2021-02-12 05:00:00,NA,1011.9,21.1,81,NA
2021-02-12 06:00:00,NA,1011.5,18.8,88,NA
2021-02-12 07:00:00,NA,1011.7,18,90,NA
2021-02-12 08:00:00,NA,1011.6,17.8,93,NA
2021-02-12 09:00:00,NA,1011.6,17.6,94,NA
2021-02-12 10:00:00,NA,1011.9,16.7,97,NA
2021-02-12 11:00:00,NA,1012.5,21.8,93,NA
2021-02-12 12:00:00,NA,1012.5,23.9,82,NA
2021-02-12 13:00:00,NA,1012.3,26,69,NA
2021-02-12 14:00:00,NA,1012.3,27.1,63,NA
2021-02-12 15:00:00,NA,1012.4,27.9,57,NA
2021-02-12 16:00:00,NA,1012,28.3,58,NA
2021-02-12 17:00:00,NA,1011.4,29,60,NA
2021-02-12 18:00:00,NA,1010.3,29.3,51,NA
2021-02-12 19:00:00,NA,1009.5,29.4,45,NA
2021-02-12 20:00:00,NA,1008.6,29.4,44,NA
2021-02-12 21:00:00,NA,1008.7,29.1,49,NA
2021-02-12 22:00:00,NA,1009.2,27.9,54,NA
2021-02-12 23:00:00,NA,1009.2,24.9,69,NA
2021-02-13 00:00:00,NA,1009.5,25.3,75,NA
2021-02-13 01:00:00,NA,1010.7,24.4,79,NA
2021-02-13 02:00:00,NA,1010.9,22.5,87,NA
2021-02-14 03:00:00,NA,1007.4,20.2,92,NA
2021-02-14 04:00:00,NA,1007.4,19.9,95,NA
2021-02-14 05:00:00,NA,1007.5,20.6,95,NA
2021-02-14 06:00:00,NA,1005.6,19.9,95,NA
2021-02-14 07:00:00,NA,1006.1,19.4,96,NA
2021-02-14 08:00:00,NA,1006.2,18.5,96,NA
2021-02-14 09:00:00,NA,1006.7,18.7,96,NA
2021-02-14 10:00:00,NA,1007.2,18.2,95,NA
2021-02-14 11:00:00,NA,1007.3,20.3,92,NA
2021-02-14 12:00:00,NA,1007.4,23.7,70,NA
2021-02-14 13:00:00,NA,1007.6,24.9,65,NA
2021-02-14 14:00:00,NA,1007.8,26.2,60,NA
2021-02-14 15:00:00,NA,1007.4,27.8,59,NA
2021-02-14 16:00:00,NA,1006.9,28.9,58,NA
2021-02-14 17:00:00,NA,1006.6,29.7,54,NA
2021-02-14 18:00:00,NA,1006,30.5,53,NA
2021-02-14 19:00:00,NA,1005.1,29.8,51,NA
2021-02-14 20:00:00,NA,1004.6,30.4,50,NA
2021-02-14 21:00:00,NA,1004.4,29.6,53,NA
2021-02-14 22:00:00,NA,1004.3,28.4,56,NA
2021-02-14 23:00:00,NA,1005.4,26.3,70,NA
2021-02-15 00:00:00,NA,1005.9,24.4,77,NA
2021-02-15 01:00:00,NA,1006.6,23.2,81,NA
2021-02-15 02:00:00,NA,1007,22.1,85,NA
2021-02-16 03:00:00,NA,1012,21.1,89,NA
2021-02-16 04:00:00,NA,1011.9,20.6,90,NA
2021-02-16 05:00:00,NA,1011.8,20.2,91,NA
2021-02-16 06:00:00,NA,1011.8,19.7,92,NA
2021-02-16 07:00:00,NA,1011.7,19.2,92,NA
2021-02-16 08:00:00,NA,1011.7,18.1,92,NA
2021-02-16 09:00:00,NA,1011.9,17,93,NA
2021-02-16 10:00:00,NA,1012.3,17.2,92,NA
2021-02-16 11:00:00,NA,1012.6,18.5,94,NA
2021-02-16 12:00:00,NA,1012.7,21.5,83,NA
2021-02-16 13:00:00,NA,1014,23.3,70,NA
2021-02-16 14:00:00,NA,1013.3,24.1,67,NA
2021-02-16 15:00:00,NA,1013,25.2,59,NA
2021-02-16 16:00:00,NA,1012.6,25.7,58,NA
2021-02-16 17:00:00,NA,1012.1,26.1,54,NA
2021-02-16 18:00:00,NA,1011.6,26.9,51,NA
2021-02-16 19:00:00,NA,1010.8,27.3,46,NA
2021-02-16 20:00:00,NA,1010.1,27.6,43,NA
2021-02-16 21:00:00,NA,1009.7,26.9,48,NA
2021-02-16 22:00:00,NA,1009.8,25.1,58,NA
2021-02-16 23:00:00,NA,1009.9,22.7,62,NA
2021-02-17 00:00:00,NA,1010.5,20,67,NA
2021-02-17 01:00:00,NA,1010.8,19.1,75,NA
2021-02-17 02:00:00,NA,1010.9,17.2,86,NA
2021-02-18 03:00:00,NA,1010.3,16.4,90,NA
2021-02-18 04:00:00,NA,1010.7,15.9,90,NA
2021-02-18 05:00:00,NA,1010.5,15.3,90,NA
2021-02-18 06:00:00,NA,1010.3,14.8,93,NA
2021-02-18 07:00:00,NA,1010.4,14.4,91,NA
2021-02-18 08:00:00,NA,1010.4,14.1,91,NA
2021-02-18 09:00:00,NA,1010.5,13.9,94,NA
2021-02-18 10:00:00,NA,1010.7,14.7,91,NA
2021-02-18 11:00:00,NA,1011.2,18.5,75,NA
2021-02-18 12:00:00,NA,1011.6,24.1,61,NA
2021-02-18 13:00:00,NA,1011.4,26.9,46,NA
2021-02-18 14:00:00,NA,1011.4,29,38,NA
2021-02-18 15:00:00,NA,1010.9,30.8,31,NA
2021-02-18 16:00:00,NA,1010.3,31.4,28,NA
2021-02-18 17:00:00,NA,1009.6,32,26,NA
2021-02-18 18:00:00,NA,1009.2,32.1,25,NA
2021-02-18 19:00:00,NA,1008.6,32.2,27,NA
2021-02-18 20:00:00,NA,1008.2,31.8,30,NA
2021-02-18 21:00:00,NA,1008.2,31.5,31,NA
2021-02-18 22:00:00,NA,1008,29.3,38,NA
2021-02-18 23:00:00,NA,1008.2,25.4,58,NA
2021-02-19 00:00:00,NA,1008.5,22.6,60,NA
2021-02-19 01:00:00,NA,1008.8,21.3,66,NA
2021-02-19 02:00:00,NA,1009,21.1,72,NA
2021-02-20 03:00:00,NA,1016.2,21.7,77,NA
2021-02-20 04:00:00,NA,1016.5,20.7,70,NA
2021-02-20 05:00:00,NA,1016.3,19,73,NA
2021-02-20 06:00:00,NA,1016.2,19.2,67,NA
2021-02-20 07:00:00,NA,1016.1,18.2,70,NA
2021-02-20 08:00:00,NA,1016.1,17.9,63,NA
2021-02-20 09:00:00,NA,1016.4,15.9,76,NA
2021-02-20 10:00:00,NA,1017.1,17.3,72,NA
2021-02-20 11:00:00,NA,1017.8,19.1,61,NA
2021-02-20 12:00:00,NA,1017.7,20.6,45,NA
2021-02-20 13:00:00,NA,1017.7,22.7,39,NA
2021-02-20 14:00:00,NA,1017.6,25.4,37,NA
2021-02-20 15:00:00,NA,1016.9,26.8,35,NA
2021-02-20 16:00:00,NA,1016.2,28,38,NA
2021-02-20 17:00:00,NA,1015.3,28.4,45,NA
2021-02-20 18:00:00,NA,1014.6,29.2,44,NA
2021-02-20 19:00:00,NA,1013.7,30.6,40,NA
2021-02-20 20:00:00,NA,1013.1,30.8,41,NA
2021-02-20 21:00:00,NA,1012.6,29.7,40,NA
2021-02-20 22:00:00,NA,1012.2,27.8,50,NA
2021-02-20 23:00:00,NA,1012.2,25.6,57,NA
2021-02-21 00:00:00,NA,1012.5,24.7,63,NA
2021-02-21 01:00:00,NA,1013.2,24.2,64,NA
2021-02-21 02:00:00,NA,1013.4,22.6,68,NA
2021-02-22 03:00:00,NA,1010.5,22.8,78,NA
2021-02-22 04:00:00,NA,1010.1,22.7,78,NA
2021-02-22 05:00:00,NA,1009.9,23.1,79,NA
2021-02-22 06:00:00,NA,1009.3,22.2,82,NA
2021-02-22 07:00:00,NA,1009,22.5,80,NA
2021-02-22 08:00:00,NA,1008.8,22.1,82,NA
2021-02-22 09:00:00,NA,1008.8,22.6,80,NA
2021-02-22 10:00:00,NA,1009,22.8,81,NA
2021-02-22 11:00:00,NA,1009.4,24.9,78,NA
2021-02-22 12:00:00,NA,1009.7,27.6,64,NA
2021-02-22 13:00:00,NA,1010.2,28.1,60,NA
2021-02-22 14:00:00,NA,1010.4,30.4,53,NA
2021-02-22 15:00:00,NA,1010.2,31,49,NA
2021-02-22 16:00:00,NA,1009.5,32.6,45,NA
2021-02-22 17:00:00,NA,1008.8,33.8,42,NA
2021-02-22 18:00:00,NA,1008.2,33.2,45,NA
2021-02-22 19:00:00,NA,1007.5,33.4,42,NA
2021-02-22 20:00:00,NA,1007.1,35.3,38,NA
2021-02-22 21:00:00,NA,1007.1,33.9,43,NA
2021-02-22 22:00:00,NA,1007.3,32.1,57,NA
2021-02-22 23:00:00,NA,1007.6,29.6,63,NA
2021-02-23 00:00:00,NA,1008.4,29.5,74,NA
2021-02-23 01:00:00,NA,1009.2,26.6,81,NA
2021-02-23 02:00:00,NA,1009.7,25,89,NA
2021-02-24 03:00:00,NA,1015,17.8,80,NA
2021-02-24 04:00:00,NA,1014.8,16.4,89,NA
2021-02-24 05:00:00,NA,1014.7,16,90,NA
2021-02-24 06:00:00,NA,1014.5,15.2,94,NA
2021-02-24 07:00:00,NA,1014.1,15,90,NA
2021-02-24 08:00:00,NA,1014.3,15.3,85,NA
2021-02-24 09:00:00,NA,1014.8,13,92,NA
2021-02-24 10:00:00,NA,1015.4,12.9,94,NA
2021-02-24 11:00:00,NA,1015.9,19.4,81,NA
2021-02-24 12:00:00,NA,1016.2,24.1,68,NA
2021-02-24 13:00:00,NA,1016.4,27,66,NA
2021-02-24 14:00:00,NA,1016.4,29,37,NA
2021-02-24 15:00:00,NA,1015.9,29.4,39,NA
2021-02-24 16:00:00,NA,1015.3,NA,NA,NA
2021-02-24 17:00:00,NA,1014.7,30.7,39,NA
2021-02-24 18:00:00,NA,1013.9,31.6,39,NA
2021-02-24 19:00:00,NA,1012.9,31.7,35,NA
2021-02-24 20:00:00,NA,1012.5,31,38,NA
2021-02-24 21:00:00,NA,1012.3,30.3,38,NA
2021-02-24 22:00:00,NA,1012.2,28.8,53,NA
2021-02-24 23:00:00,NA,1012.3,25.9,66,NA
2021-02-25 00:00:00,NA,1012.6,25,72,NA
2021-02-25 01:00:00,NA,1013.4,23.6,71,NA
2021-02-25 02:00:00,NA,1014,19.1,86,NA
2021-02-26 03:00:00,NA,1013.7,18.5,88,NA
2021-02-26 04:00:00,NA,1013.1,18.1,91,NA
2021-02-26 05:00:00,NA,1012.9,18.3,93,NA
2021-02-26 06:00:00,NA,1012.6,17.7,94,NA
2021-02-26 07:00:00,NA,1012.4,15.9,94,NA
2021-02-26 08:00:00,NA,1012.3,17.1,89,NA
2021-02-26 09:00:00,NA,1012.3,18,84,NA
2021-02-26 10:00:00,NA,1013,16.1,90,NA
2021-02-26 11:00:00,NA,1013.3,19.8,81,NA
2021-02-26 12:00:00,NA,1013.6,24.3,63,NA
2021-02-26 13:00:00,NA,1013.7,26.7,55,NA
2021-02-26 14:00:00,NA,1013.8,27.9,52,NA
2021-02-26 15:00:00,NA,1013.3,29.3,48,NA
2021-02-26 16:00:00,NA,1012.9,29.7,45,NA
2021-02-26 17:00:00,NA,1012.4,30.6,42,NA
2021-02-26 18:00:00,NA,1011.8,31,39,NA
2021-02-26 19:00:00,NA,1010.9,31.4,38,NA
2021-02-26 20:00:00,NA,1010.3,31.7,38,NA
2021-02-26 21:00:00,NA,1010.1,31.3,38,NA
2021-02-26 22:00:00,NA,1009.8,30,41,NA
2021-02-26 23:00:00,NA,1010.5,26.1,65,NA
2021-02-27 00:00:00,NA,1012,25.5,66,NA
2021-02-27 01:00:00,NA,1013.2,25,68,NA
2021-02-27 02:00:00,NA,1013.8,24.2,66,NA
2021-02-28 03:00:00,NA,1013.7,25.4,70,NA
2021-02-28 04:00:00,NA,1014.2,24.5,70,NA
2021-02-28 05:00:00,NA,1014,23.6,77,NA
2021-02-28 06:00:00,NA,1014,24.3,74,NA
2021-02-28 07:00:00,NA,1013.8,25.7,71,NA
2021-02-28 08:00:00,NA,1013.9,25.3,75,NA
2021-02-28 09:00:00,NA,1014.2,24.4,78,NA
2021-02-28 10:00:00,NA,1014.5,24,77,NA
2021-02-28 11:00:00,NA,1014.8,24.6,75,NA
2021-02-28 12:00:00,NA,1014.8,25.6,70,NA
2021-02-28 13:00:00,NA,1014.7,27.1,68,NA
2021-02-28 14:00:00,NA,1014.5,28.2,66,NA
2021-02-28 15:00:00,NA,1014.4,29.3,62,NA
2021-02-28 16:00:00,NA,1013.7,30.9,56,NA
2021-02-28 17:00:00,NA,1012.7,31.8,52,NA
2021-02-28 18:00:00,NA,1012.1,33.1,48,NA
2021-02-28 19:00:00,NA,1010.9,33.2,47,NA
2021-02-28 20:00:00,NA,1010.3,33.3,47,NA
2021-02-28 21:00:00,NA,1010.1,31.7,47,NA
2021-02-28 22:00:00,NA,1010,29.6,53,NA
2021-02-28 23:00:00,NA,1009.7,29.1,59,NA
2021-03-01 00:00:00,NA,1010.1,27.9,63,NA
2021-03-01 01:00:00,NA,1010.7,26.7,65,NA
2021-03-01 02:00:00,NA,1010.6,26.2,66,NA
2021-03-02 03:00:00,NA,1010.4,23.6,83,NA
2021-03-02 04:00:00,NA,1010.8,21.1,91,NA
2021-03-02 05:00:00,NA,1010.4,20.2,92,NA
2021-03-02 06:00:00,NA,1011,22.1,84,NA
2021-03-02 07:00:00,NA,1010.4,20.6,91,NA
2021-03-02 08:00:00,NA,1010.4,19.5,92,NA
2021-03-02 09:00:00,NA,1010.5,18.9,95,NA
2021-03-02 10:00:00,NA,1011,22,88,NA
2021-03-02 11:00:00,NA,1011.6,23.2,85,NA
2021-03-02 12:00:00,NA,1011.8,24.6,78,NA
2021-03-02 13:00:00,NA,1012.2,28,67,NA
2021-03-02 14:00:00,NA,1012.3,28.7,62,NA
2021-03-02 15:00:00,NA,1012.3,30,57,NA
2021-03-02 16:00:00,NA,1011.8,31.1,55,NA
2021-03-02 17:00:00,NA,1011.6,31,56,NA
2021-03-02 18:00:00,NA,1011.1,30.8,56,NA
2021-03-02 19:00:00,NA,1010.7,31.5,51,NA
2021-03-02 20:00:00,NA,1010,31.1,54,NA
2021-03-02 21:00:00,NA,1009.9,30.8,52,NA
2021-03-02 22:00:00,NA,1010.4,29.5,59,NA
2021-03-02 23:00:00,NA,1010.7,27.4,65,NA
2021-03-03 00:00:00,NA,1011.6,26.5,70,NA
2021-03-03 01:00:00,NA,1012.2,25.4,75,NA
2021-03-03 02:00:00,NA,1012.5,23.3,81,NA
2021-03-04 03:00:00,NA,1012.6,21.6,95,NA
2021-03-04 04:00:00,NA,1012.6,21.6,95,NA
2021-03-04 05:00:00,NA,1012,22.1,92,NA
2021-03-04 06:00:00,NA,1011.7,22,95,NA
2021-03-04 07:00:00,NA,1011.1,21.9,95,NA
2021-03-04 08:00:00,NA,1010.7,21.2,95,NA
2021-03-04 09:00:00,NA,1011,21.1,93,NA
2021-03-04 10:00:00,NA,1011.5,21.5,89,NA
2021-03-04 11:00:00,NA,1011.4,22.8,81,NA
2021-03-04 12:00:00,NA,1012.3,23.7,88,NA
2021-03-04 13:00:00,NA,1013.3,20.6,95,NA
2021-03-04 14:00:00,NA,1012.4,20.8,93,NA
2021-03-04 15:00:00,NA,1012.2,24.2,81,NA
2021-03-04 16:00:00,NA,1011.7,26.2,73,NA
2021-03-04 17:00:00,NA,1010.9,28.8,64,NA
2021-03-04 18:00:00,NA,1010.2,29.7,63,NA
2021-03-04 19:00:00,NA,1009.9,28.8,67,NA
2021-03-04 20:00:00,NA,1009.6,27.3,72,NA
2021-03-04 21:00:00,NA,1009.5,26.8,76,NA
2021-03-04 22:00:00,NA,1009.3,25.9,81,NA
2021-03-04 23:00:00,NA,1009.7,25.1,85,NA
2021-03-05 00:00:00,NA,1010.4,24.3,86,NA
2021-03-05 01:00:00,NA,1011,22.5,95,NA
2021-03-05 02:00:00,NA,1011.4,22.9,89,NA
2021-03-06 03:00:00,NA,1012.2,21.6,72,NA
2021-03-06 04:00:00,NA,1012.4,20.3,73,NA
2021-03-06 05:00:00,NA,1012.2,18.8,77,NA
2021-03-06 06:00:00,NA,1012.1,17.9,82,NA
2021-03-06 07:00:00,NA,1012.1,17,86,NA
2021-03-06 08:00:00,NA,1012.3,16.5,86,NA
2021-03-06 09:00:00,NA,1012.4,15.4,89,NA
2021-03-06 10:00:00,NA,1012.9,15.6,93,NA
2021-03-06 11:00:00,NA,1013.5,17.9,83,NA
2021-03-06 12:00:00,NA,1014,20.4,73,NA
2021-03-06 13:00:00,NA,1014.1,21.9,65,NA
2021-03-06 14:00:00,NA,1014.1,23.6,56,NA
2021-03-06 15:00:00,NA,1013.9,24.9,50,NA
2021-03-06 16:00:00,NA,1013.2,25.8,49,NA
2021-03-06 17:00:00,NA,1012.7,26.8,48,NA
2021-03-06 18:00:00,NA,1011.9,28,40,NA
2021-03-06 19:00:00,NA,1011.4,27.8,40,NA
2021-03-06 20:00:00,NA,1011.1,27.6,42,NA
2021-03-06 21:00:00,NA,1011.1,27.5,43,NA
2021-03-06 22:00:00,NA,1011.2,26.7,48,NA
2021-03-06 23:00:00,NA,1011.5,22.1,66,NA
2021-03-07 00:00:00,NA,1011.9,21.7,77,NA
2021-03-07 01:00:00,NA,1012.7,20.8,83,NA
2021-03-07 02:00:00,NA,1012.7,19,91,NA
2021-03-08 03:00:00,NA,1010.6,16.8,90,NA
2021-03-08 04:00:00,NA,1010.9,15.8,90,NA
2021-03-08 05:00:00,NA,1010.7,16.2,91,NA
2021-03-08 06:00:00,NA,1011.1,16.4,86,NA
2021-03-08 07:00:00,NA,1011.3,17.3,88,NA
2021-03-08 08:00:00,NA,1012.5,15.9,90,NA
2021-03-08 09:00:00,NA,1013,14.4,90,NA
2021-03-08 10:00:00,NA,1013.6,15.1,94,NA
2021-03-08 11:00:00,NA,1014.8,15.9,94,NA
2021-03-08 12:00:00,NA,1015.7,19.6,87,NA
2021-03-08 13:00:00,NA,1016.3,25.5,61,NA
2021-03-08 14:00:00,NA,1016.6,26.6,57,NA
2021-03-08 15:00:00,NA,1015.9,29.1,42,NA
2021-03-08 16:00:00,NA,1014.6,30.6,39,NA
2021-03-08 17:00:00,NA,1014.4,31.5,34,NA
2021-03-08 18:00:00,NA,1014.1,31.5,35,NA
2021-03-08 19:00:00,NA,1013.7,30.8,39,NA
2021-03-08 20:00:00,NA,1014,29.7,42,NA
2021-03-08 21:00:00,NA,1014,29,46,NA
2021-03-08 23:00:00,NA,1013.9,25.8,66,NA
2021-03-09 00:00:00,NA,1014.5,21.5,79,NA
2021-03-09 01:00:00,NA,1014.9,19.2,85,NA
2021-03-09 02:00:00,NA,1015.2,19.9,87,NA
2021-03-10 03:00:00,NA,1012.8,23,74,NA
2021-03-10 04:00:00,NA,1012.8,21.6,77,NA
2021-03-10 05:00:00,NA,1012.7,22.1,75,NA
2021-03-10 06:00:00,NA,1012.4,21.7,79,NA
2021-03-10 07:00:00,NA,1012,20.5,83,NA
2021-03-10 08:00:00,NA,1011.9,20.4,82,NA
2021-03-10 09:00:00,NA,1011.8,20.2,84,NA
2021-03-10 10:00:00,NA,1012.2,19.8,88,NA
2021-03-10 11:00:00,NA,1012.2,21.4,79,NA
2021-03-10 12:00:00,NA,1012.2,24.9,69,NA
2021-03-10 13:00:00,NA,1012.2,27.8,57,NA
2021-03-10 14:00:00,NA,1012.1,29.6,50,NA
2021-03-10 15:00:00,NA,1011.6,31.6,43,NA
2021-03-10 16:00:00,NA,1010.7,32.1,39,NA
2021-03-10 17:00:00,NA,1009.9,32.8,38,NA
2021-03-10 18:00:00,NA,1009.1,33.3,36,NA
2021-03-10 19:00:00,NA,1008,33.1,36,NA
2021-03-10 20:00:00,NA,1007.3,32.9,38,NA
2021-03-10 21:00:00,NA,1007.3,31.8,43,NA
2021-03-10 22:00:00,NA,1007.4,29.4,47,NA
2021-03-10 23:00:00,NA,1007.7,27.4,57,NA
2021-03-11 00:00:00,NA,1008.1,24,69,NA
2021-03-11 01:00:00,NA,1008.7,21.4,76,NA
2021-03-11 02:00:00,NA,1008.6,20.8,81,NA
2021-03-12 03:00:00,NA,1013.4,20.7,82,NA
2021-03-12 04:00:00,NA,1013.9,22.1,77,NA
2021-03-12 05:00:00,NA,1013.7,21.5,79,NA
2021-03-12 06:00:00,NA,1013.4,19.4,85,NA
2021-03-12 07:00:00,NA,1013.4,18.8,84,NA
2021-03-12 08:00:00,NA,1013.2,17.6,91,NA
2021-03-12 09:00:00,NA,1013.3,20.3,86,NA
2021-03-12 10:00:00,NA,1013.6,20.1,88,NA
2021-03-12 11:00:00,NA,1014.7,21.2,83,NA
2021-03-12 12:00:00,NA,1015.3,22.9,73,NA
2021-03-12 13:00:00,NA,1015.9,24.7,66,NA
2021-03-12 14:00:00,NA,1016.2,26.3,63,NA
2021-03-12 15:00:00,NA,1015.9,27.8,59,NA
2021-03-12 16:00:00,NA,1015.2,28.9,56,NA
2021-03-12 17:00:00,NA,1014.7,30.1,52,NA
2021-03-12 18:00:00,NA,1014.2,31.3,48,NA
2021-03-12 19:00:00,NA,1013.6,30.8,46,NA
2021-03-12 20:00:00,NA,1013.4,29.7,53,NA
2021-03-12 21:00:00,NA,1013.3,28.7,58,NA
2021-03-12 22:00:00,NA,1013.4,26.8,65,NA
2021-03-12 23:00:00,NA,1013.5,25.2,70,NA
2021-03-13 00:00:00,NA,1013.8,23.7,75,NA
2021-03-13 01:00:00,NA,1014.3,23.9,77,NA
2021-03-13 02:00:00,NA,1014.4,23.1,81,NA
2021-03-14 03:00:00,NA,1014.3,21,83,NA
2021-03-14 04:00:00,NA,1014.7,20.1,87,NA
2021-03-14 05:00:00,NA,1015.3,21.4,84,NA
2021-03-14 06:00:00,NA,1015.3,21.7,83,NA
2021-03-14 08:00:00,NA,1014.9,20,60,NA
2021-03-14 09:00:00,NA,1015,19.3,64,NA
2021-03-14 10:00:00,NA,1015.5,19.5,65,NA
2021-03-14 11:00:00,NA,1016.1,20.6,61,NA
2021-03-14 12:00:00,NA,1016.7,21.3,60,NA
2021-03-14 13:00:00,NA,1017.1,23.8,51,NA
2021-03-14 14:00:00,NA,1016.8,26.7,48,NA
2021-03-14 15:00:00,NA,1016.7,29.6,43,NA
2021-03-14 16:00:00,NA,1016.3,30.1,42,NA
2021-03-14 17:00:00,NA,1016.9,28.5,55,NA
2021-03-14 18:00:00,NA,1016.7,25.8,61,NA
2021-03-14 19:00:00,NA,1015.3,23.6,72,NA
2021-03-14 20:00:00,NA,1015,22.8,76,NA
2021-03-14 21:00:00,NA,1014.6,22.6,77,NA
2021-03-14 22:00:00,NA,1014.8,22.8,80,NA
2021-03-14 23:00:00,NA,1014.5,22.5,81,NA
2021-03-15 00:00:00,NA,1014.8,22.2,82,NA
2021-03-15 01:00:00,NA,1015.1,21.5,82,NA
2021-03-15 02:00:00,NA,1015,21.8,81,NA
2021-03-16 03:00:00,NA,1009.5,20.7,68,NA
2021-03-16 04:00:00,NA,1007.9,20.5,78,NA
2021-03-16 05:00:00,NA,1006.3,20.8,74,NA
2021-03-16 06:00:00,NA,1005.8,21.8,68,NA
2021-03-16 07:00:00,NA,1006.1,20.8,76,NA
2021-03-16 08:00:00,NA,1006.6,20.4,88,NA
2021-03-16 09:00:00,NA,1008.2,19.3,92,NA
2021-03-16 10:00:00,NA,1007.1,20.6,87,NA
2021-03-16 11:00:00,NA,1005.6,21,83,NA
2021-03-16 12:00:00,NA,1008.4,20,88,NA
2021-03-16 13:00:00,NA,1009.5,20.8,87,NA
2021-03-16 14:00:00,NA,1010.1,19.3,94,NA
2021-03-16 15:00:00,NA,1009.3,19,94,NA
2021-03-16 16:00:00,NA,1005.1,19.3,93,NA
2021-03-16 17:00:00,NA,1004.9,20.2,93,NA
2021-03-16 18:00:00,NA,1006.3,23.3,77,NA
2021-03-16 19:00:00,NA,1006.3,25.1,70,NA
2021-03-16 20:00:00,NA,1005.7,26.2,67,NA
2021-03-16 21:00:00,NA,1005.1,26.3,68,NA
2021-03-16 22:00:00,NA,1005.3,24.6,72,NA
2021-03-16 23:00:00,NA,1005.7,22.4,72,NA
2021-03-17 00:00:00,NA,1006.6,20.7,85,NA
2021-03-17 01:00:00,NA,1007.6,20.7,87,NA
2021-03-17 02:00:00,NA,1008.8,19.9,86,NA
2021-03-18 03:00:00,NA,1020.2,18.6,74,NA
2021-03-18 04:00:00,NA,1020.2,18.4,76,NA
2021-03-18 05:00:00,NA,1020.1,18.1,83,NA
2021-03-18 06:00:00,NA,1020,17.9,81,NA
2021-03-18 07:00:00,NA,1019.9,17.4,83,NA
2021-03-18 08:00:00,NA,1019.8,16.6,85,NA
2021-03-18 09:00:00,NA,1019.8,15.3,74,NA
2021-03-18 10:00:00,NA,1020.3,14.5,74,NA
2021-03-18 11:00:00,NA,1020.4,15.1,75,NA
2021-03-18 12:00:00,NA,1020.6,15.8,65,NA
2021-03-18 13:00:00,NA,1021.6,17.1,61,NA
2021-03-18 14:00:00,NA,1020.9,18.9,56,NA
2021-03-18 15:00:00,NA,1020.4,20.4,49,NA
2021-03-18 16:00:00,NA,1019.4,20.5,50,NA
2021-03-18 17:00:00,NA,1018.7,21.8,45,NA
2021-03-18 18:00:00,NA,1017.8,21.5,44,NA
2021-03-18 19:00:00,NA,1016.7,21.9,49,NA
2021-03-18 20:00:00,NA,1016.3,21.1,54,NA
2021-03-18 21:00:00,NA,1016.3,21,53,NA
2021-03-18 22:00:00,NA,1016.3,19.6,57,NA
2021-03-18 23:00:00,NA,1016.4,17.8,69,NA
2021-03-19 00:00:00,NA,1017.1,17.5,70,NA
2021-03-19 01:00:00,NA,1017.6,16.4,73,NA
2021-03-19 02:00:00,NA,1017.6,15.9,71,NA
2021-03-20 03:00:00,NA,1011.4,20.2,79,NA
2021-03-20 04:00:00,NA,1011.7,19.7,85,NA
2021-03-20 05:00:00,NA,1011.3,19.4,92,NA
2021-03-20 06:00:00,NA,1010.8,19.1,93,NA
2021-03-20 07:00:00,NA,1010.5,19.6,91,NA
2021-03-20 08:00:00,NA,1010.8,18.7,94,NA
2021-03-20 09:00:00,NA,1011,18.3,95,NA
2021-03-20 10:00:00,NA,1011.4,18,97,NA
2021-03-20 11:00:00,NA,1012,18.4,97,NA
2021-03-20 12:00:00,NA,1012.5,18.3,98,NA
2021-03-20 13:00:00,NA,1013,18.3,98,NA
2021-03-20 14:00:00,NA,1013.8,18.9,98,NA
2021-03-20 15:00:00,NA,1013.8,19.7,95,NA
2021-03-20 16:00:00,NA,1014,19.7,95,NA
2021-03-20 17:00:00,NA,1013.8,20.4,90,NA
2021-03-20 18:00:00,NA,1013.2,20.5,89,NA
2021-03-20 19:00:00,NA,1013.2,20.7,87,NA
2021-03-20 20:00:00,NA,1013,21.8,83,NA
2021-03-20 21:00:00,NA,1013.6,22.1,81,NA
2021-03-20 22:00:00,NA,1013.8,21.2,88,NA
2021-03-20 23:00:00,NA,1014.5,21,88,NA
2021-03-21 00:00:00,NA,1015.5,20.9,89,NA
2021-03-21 01:00:00,NA,1017,19.6,95,NA
2021-03-21 02:00:00,NA,1017.4,18.6,93,NA
2021-03-22 03:00:00,NA,1019.7,18.8,79,NA
2021-03-22 04:00:00,NA,1019.7,17.9,82,NA
2021-03-22 05:00:00,NA,1019.7,17.8,89,NA
2021-03-22 06:00:00,NA,1019.7,17.5,88,NA
2021-03-22 07:00:00,NA,1019.4,17.1,91,NA
2021-03-22 08:00:00,NA,1019.3,16.6,91,NA
2021-03-22 09:00:00,NA,1019.2,16.8,94,NA
2021-03-22 10:00:00,NA,1019.1,16.4,94,NA
2021-03-22 11:00:00,NA,1019.5,17.1,93,NA
2021-03-22 12:00:00,NA,1019.8,18,87,NA
2021-03-22 13:00:00,NA,1020.2,19.1,86,NA
2021-03-22 14:00:00,NA,1020.5,20.8,74,NA
2021-03-22 15:00:00,NA,1020.2,21.1,74,NA
2021-03-22 16:00:00,NA,1019.9,21.2,75,NA
2021-03-22 17:00:00,NA,1019.6,20.8,76,NA
2021-03-22 18:00:00,NA,1018.8,20.6,82,NA
2021-03-22 19:00:00,NA,1018.6,21.5,78,NA
2021-03-22 20:00:00,NA,1018.4,21.5,77,NA
2021-03-22 21:00:00,NA,1018,21.4,77,NA
2021-03-22 22:00:00,NA,1018,21.3,77,NA
2021-03-22 23:00:00,NA,1018.3,19.7,87,NA
2021-03-23 00:00:00,NA,1018.9,19.4,89,NA
2021-03-23 01:00:00,NA,1019.3,18.8,91,NA
2021-03-23 02:00:00,NA,1019.4,17,94,NA
2021-03-24 03:00:00,NA,1014.3,21.9,82,NA
2021-03-24 04:00:00,NA,1014.1,21.4,78,NA
2021-03-24 05:00:00,NA,1013.9,21.7,82,NA
2021-03-24 06:00:00,NA,1013.8,21.3,86,NA
2021-03-24 07:00:00,NA,1013.7,21.4,84,NA
2021-03-24 08:00:00,NA,1013.8,21.8,82,NA
2021-03-24 09:00:00,NA,1013.7,21.5,83,NA
2021-03-24 10:00:00,NA,1014.2,21.3,84,NA
2021-03-24 11:00:00,NA,1014.7,22,83,NA
2021-03-24 12:00:00,NA,1015.1,22.5,85,NA
2021-03-24 13:00:00,NA,1015.1,23.3,81,NA
2021-03-24 14:00:00,NA,1015,24.7,76,NA
2021-03-24 15:00:00,NA,1014.5,26,73,NA
2021-03-24 16:00:00,NA,1014,27.4,68,NA
2021-03-24 17:00:00,NA,1013.3,27.5,69,NA
2021-03-24 18:00:00,NA,1012.4,28.1,67,NA
2021-03-24 19:00:00,NA,1011.5,28.6,68,NA
2021-03-24 20:00:00,NA,1011.2,27.9,70,NA
2021-03-24 21:00:00,NA,1010.7,26.7,74,NA
2021-03-24 22:00:00,NA,1010.7,25.4,83,NA
2021-03-24 23:00:00,NA,1010.9,24.9,91,NA
2021-03-25 00:00:00,NA,1011.7,24.7,91,NA
2021-03-25 01:00:00,NA,1012.4,23.9,92,NA
2021-03-25 02:00:00,NA,1012.2,23.4,91,NA
2021-03-26 03:00:00,NA,1010.7,20.8,92,NA
2021-03-26 04:00:00,NA,1010.4,20.7,95,NA
2021-03-26 05:00:00,NA,1009.7,20.8,93,NA
2021-03-26 06:00:00,NA,1009.3,20.8,93,NA
2021-03-26 07:00:00,NA,1009.4,20.4,95,NA
2021-03-26 08:00:00,NA,1009.2,19.8,95,NA
2021-03-26 09:00:00,NA,1009.8,19.4,96,NA
2021-03-26 10:00:00,NA,1010.7,20.8,97,NA
2021-03-26 11:00:00,NA,1010,20.6,97,NA
2021-03-26 12:00:00,NA,1010.9,21.4,96,NA
2021-03-26 13:00:00,NA,1012,21.1,96,NA
2021-03-26 14:00:00,NA,1012.6,21.6,95,NA
2021-03-26 15:00:00,NA,1012.9,21.5,95,NA
2021-03-26 16:00:00,NA,1012.5,22.8,87,NA
2021-03-26 17:00:00,NA,1011.7,25.4,75,NA
2021-03-26 18:00:00,NA,1011.4,25.8,71,NA
2021-03-26 19:00:00,NA,1011.6,24.7,69,NA
2021-03-26 20:00:00,NA,1011.1,24.6,66,NA
2021-03-26 21:00:00,NA,1012.3,22.4,76,NA
2021-03-26 22:00:00,NA,1013,20.9,81,NA
2021-03-26 23:00:00,NA,1013.4,20,79,NA
2021-03-27 00:00:00,NA,1013.9,20.1,81,NA
2021-03-27 01:00:00,NA,1014.4,19.4,76,NA
2021-03-27 02:00:00,NA,1015.4,18.6,85,NA
2021-03-28 03:00:00,NA,1015.2,15.4,91,NA
2021-03-28 04:00:00,NA,1015.2,14.7,94,NA
2021-03-28 05:00:00,NA,1015.2,14.3,93,NA
2021-03-28 06:00:00,NA,1015,13.8,96,NA
2021-03-28 07:00:00,NA,1014.7,14.6,96,NA
2021-03-28 08:00:00,NA,1014.6,15,96,NA
2021-03-28 09:00:00,NA,1014.7,14.9,94,NA
2021-03-28 10:00:00,NA,1015.2,15,93,NA
2021-03-28 11:00:00,NA,1015.7,15.3,94,NA
2021-03-28 12:00:00,NA,1016.2,15.7,93,NA
2021-03-28 13:00:00,NA,1016.5,16.4,91,NA
2021-03-28 14:00:00,NA,1016.7,17.2,88,NA
2021-03-28 15:00:00,NA,1016.3,18.3,81,NA
2021-03-28 16:00:00,NA,1016.2,18.7,78,NA
2021-03-28 17:00:00,NA,1015.6,19,77,NA
2021-03-28 18:00:00,NA,1015.1,19.7,76,NA
2021-03-28 19:00:00,NA,1014.5,20.7,72,NA
2021-03-28 20:00:00,NA,1014.2,20.8,74,NA
2021-03-28 21:00:00,NA,1014.1,20.4,76,NA
2021-03-28 22:00:00,NA,1014.5,19.3,79,NA
2021-03-28 23:00:00,NA,1014.7,18.8,80,NA
2021-03-29 00:00:00,NA,1015,18.6,81,NA
2021-03-29 01:00:00,NA,1015.5,18.3,81,NA
2021-03-29 02:00:00,NA,1015.9,17.2,84,NA
2021-03-30 03:00:00,NA,1017.5,17.3,92,NA
2021-03-30 04:00:00,NA,1017.5,14.9,93,NA
2021-03-30 05:00:00,NA,1017.6,13.6,94,NA
2021-03-30 06:00:00,NA,1017.6,14,96,NA
2021-03-30 07:00:00,NA,1017.4,13.3,96,NA
2021-03-30 08:00:00,NA,1017.5,13.4,97,NA
2021-03-30 09:00:00,NA,1017.5,13,97,NA
2021-03-30 10:00:00,NA,1017.7,12.6,96,NA
2021-03-30 11:00:00,NA,1018.4,13,96,NA
2021-03-30 12:00:00,NA,1018.6,18.6,95,NA
2021-03-30 13:00:00,NA,1018.7,21.1,79,NA
2021-03-30 14:00:00,NA,1018.7,22.9,69,NA
2021-03-30 15:00:00,NA,1018.5,23.4,59,NA
2021-03-30 16:00:00,NA,1018.1,24.6,54,NA
2021-03-30 17:00:00,NA,1017.4,25.1,53,NA
2021-03-30 18:00:00,NA,1016.7,26.2,51,NA
2021-03-30 19:00:00,NA,1016.1,25.8,48,NA
2021-03-30 20:00:00,NA,1015.8,25.7,45,NA
2021-03-30 21:00:00,NA,1015.6,25,47,NA
2021-03-30 22:00:00,NA,1015.7,23.1,55,NA
2021-03-30 23:00:00,NA,1015.9,21,79,NA
2021-03-31 00:00:00,NA,1016.2,17.3,86,NA
2021-03-31 01:00:00,NA,1016.6,17.6,85,NA
2021-03-31 02:00:00,NA,1016.8,17,87,NA
2021-04-01 03:00:00,NA,1016.2,18.4,75,NA
2021-04-01 04:00:00,NA,1016.2,17.6,79,NA
2021-04-01 05:00:00,NA,1016.5,17,83,NA
2021-04-01 06:00:00,NA,1016.2,16,83,NA
2021-04-01 07:00:00,NA,1016.1,15.4,89,NA
2021-04-01 08:00:00,NA,1015.9,15.1,87,NA
2021-04-01 09:00:00,NA,1016.2,14.8,89,NA
2021-04-01 10:00:00,NA,1016.4,14.1,89,NA
2021-04-01 11:00:00,NA,1016.8,14.9,86,NA
2021-04-01 12:00:00,NA,1017.1,18,70,NA
2021-04-01 13:00:00,NA,1017.3,20.8,58,NA
2021-04-01 14:00:00,NA,1017.4,22.3,54,NA
2021-04-01 15:00:00,NA,1017.3,23.2,52,NA
2021-04-01 16:00:00,NA,1017.1,24.6,46,NA
2021-04-01 17:00:00,NA,1016.4,24.9,46,NA
2021-04-01 18:00:00,NA,1015.8,25.2,45,NA
2021-04-01 19:00:00,NA,1015.3,25.1,45,NA
2021-04-01 20:00:00,NA,1014.8,24.8,46,NA
2021-04-01 21:00:00,NA,1015,24.1,55,NA
2021-04-01 22:00:00,NA,1015.4,22.4,62,NA
2021-04-01 23:00:00,NA,1015.6,18.7,77,NA
2021-04-02 00:00:00,NA,1016,18.2,79,NA
2021-04-02 01:00:00,NA,1016.3,18.5,77,NA
2021-04-02 02:00:00,NA,1016.8,17.8,80,NA
2021-04-03 03:00:00,NA,1017.7,15.2,88,NA
2021-04-03 04:00:00,NA,1017.5,14.4,88,NA
2021-04-03 05:00:00,NA,1017.4,16.6,89,NA
2021-04-03 06:00:00,NA,1017,16.8,91,NA
2021-04-03 07:00:00,NA,1016.8,16.4,92,NA
2021-04-03 08:00:00,NA,1016.6,16.1,91,NA
2021-04-03 09:00:00,NA,1016.5,16.2,90,NA
2021-04-03 10:00:00,NA,1017.2,16,90,NA
2021-04-03 11:00:00,NA,1018.1,16.6,89,NA
2021-04-03 12:00:00,NA,1018.3,18.3,83,NA
2021-04-03 13:00:00,NA,1018.5,21.9,68,NA
2021-04-03 14:00:00,NA,1018.5,24.4,61,NA
2021-04-03 15:00:00,NA,1018.3,25.9,57,NA
2021-04-03 16:00:00,NA,1017.9,27,48,NA
2021-04-03 17:00:00,NA,1017,26,45,NA
2021-04-03 18:00:00,NA,1016.4,27.6,47,NA
2021-04-03 19:00:00,NA,1015.7,27.6,46,NA
2021-04-03 20:00:00,NA,1015.5,27.4,41,NA
2021-04-03 21:00:00,NA,1015.5,26.7,45,NA
2021-04-03 22:00:00,NA,1015.6,23.5,63,NA
2021-04-03 23:00:00,NA,1016,21.1,74,NA
2021-04-04 00:00:00,NA,1016.6,20.6,76,NA
2021-04-04 01:00:00,NA,1017,20.7,73,NA
2021-04-04 02:00:00,NA,1017.4,18.1,87,NA
2021-04-05 03:00:00,NA,1013.5,18.4,93,NA
2021-04-05 04:00:00,NA,1013.5,18.6,92,NA
2021-04-05 05:00:00,NA,1012.8,18.4,93,NA
2021-04-05 06:00:00,NA,1012.8,17.8,92,NA
2021-04-05 07:00:00,NA,1012.4,17.3,95,NA
2021-04-05 08:00:00,NA,1012.1,18.5,96,NA
2021-04-05 09:00:00,NA,1012.7,18.3,91,NA
2021-04-05 10:00:00,NA,1012.5,19.2,87,NA
2021-04-05 11:00:00,NA,1013.3,18.7,90,NA
2021-04-05 12:00:00,NA,1013.8,20.5,83,NA
2021-04-05 13:00:00,NA,1014.3,21.3,82,NA
2021-04-05 14:00:00,NA,1013.9,21.6,82,NA
2021-04-05 15:00:00,NA,1013.4,22,82,NA
2021-04-05 16:00:00,NA,1013.3,23.1,77,NA
2021-04-05 17:00:00,NA,1012.8,24.6,73,NA
2021-04-05 18:00:00,NA,1012.2,24.9,72,NA
2021-04-05 19:00:00,NA,1012.4,25.8,70,NA
2021-04-05 20:00:00,NA,1013.1,25,74,NA
2021-04-05 21:00:00,NA,1013.2,24.6,78,NA
2021-04-05 22:00:00,NA,1013.2,22.9,81,NA
2021-04-05 23:00:00,NA,1013.5,21.4,95,NA
2021-04-06 00:00:00,NA,1014.1,20.9,93,NA
2021-04-06 01:00:00,NA,1014.8,20.5,92,NA
2021-04-06 02:00:00,NA,1014.9,21.3,91,NA
2021-04-07 03:00:00,NA,1014.2,19.3,92,NA
2021-04-07 04:00:00,NA,1014.3,18.2,93,NA
2021-04-07 05:00:00,NA,1014.4,18.1,93,NA
2021-04-07 06:00:00,NA,1014.4,17.5,96,NA
2021-04-07 07:00:00,NA,1014.3,16.7,96,NA
2021-04-07 08:00:00,NA,1014.2,16.2,97,NA
2021-04-07 09:00:00,NA,1014.6,17,98,NA
2021-04-07 10:00:00,NA,1014.9,17.9,92,NA
2021-04-07 11:00:00,NA,1014.9,19.6,95,NA
2021-04-07 12:00:00,NA,1015.3,22.1,84,NA
2021-04-07 13:00:00,NA,1015.3,25,69,NA
2021-04-07 14:00:00,NA,1015,26.7,66,NA
2021-04-07 15:00:00,NA,1014.5,28.8,57,NA
2021-04-07 16:00:00,NA,1013.5,29.9,54,NA
2021-04-07 17:00:00,NA,1012.5,30.6,48,NA
2021-04-07 18:00:00,NA,1011.6,30.4,47,NA
2021-04-07 19:00:00,NA,1011.1,30.3,47,NA
2021-04-07 20:00:00,NA,1010.7,30.1,47,NA
2021-04-07 21:00:00,NA,1010.5,28.6,55,NA
2021-04-07 22:00:00,NA,1011.1,27.1,62,NA
2021-04-07 23:00:00,NA,1011.6,26,72,NA
2021-04-08 00:00:00,NA,1011.8,25.4,74,NA
2021-04-08 01:00:00,NA,1012,24.1,80,NA
2021-04-08 02:00:00,NA,1012.4,22,86,NA
2021-04-09 03:00:00,NA,1009.1,26.1,84,NA
2021-04-09 04:00:00,NA,1009.2,25.8,82,NA
2021-04-09 05:00:00,NA,1009.4,25.6,84,NA
2021-04-09 06:00:00,NA,1009.3,25.5,85,NA
2021-04-09 07:00:00,NA,1009.4,22.8,90,NA
2021-04-09 08:00:00,NA,1009.2,22.7,93,NA
2021-04-09 09:00:00,NA,1010.3,23.2,92,NA
2021-04-09 10:00:00,NA,1011.3,21.7,95,NA
2021-04-09 11:00:00,NA,1010.5,20.3,93,NA
2021-04-09 12:00:00,NA,1012,19.7,95,NA
2021-04-09 13:00:00,NA,1012.9,19.2,96,NA
2021-04-09 14:00:00,NA,1013,19.4,95,NA
2021-04-09 15:00:00,NA,1012,19.3,95,NA
2021-04-09 16:00:00,NA,1011.9,19.4,95,NA
2021-04-09 17:00:00,NA,1012.5,19.5,96,NA
2021-04-09 18:00:00,NA,1011.6,19.8,93,NA
2021-04-09 19:00:00,NA,1012.2,20.1,96,NA
2021-04-09 20:00:00,NA,1011.2,20.2,96,NA
2021-04-09 21:00:00,NA,1011.4,20.3,95,NA
2021-04-09 22:00:00,NA,1011.3,19.7,93,NA
2021-04-09 23:00:00,NA,1011,19.8,93,NA
2021-04-10 00:00:00,NA,1011.7,19.5,92,NA
2021-04-10 01:00:00,NA,1012.1,19.5,94,NA
2021-04-10 02:00:00,NA,1011.9,19.7,92,NA
2021-04-11 03:00:00,NA,1010.8,16.9,88,NA
2021-04-11 04:00:00,NA,1010.9,16.1,87,NA
2021-04-11 05:00:00,NA,1012.1,15.8,89,NA
2021-04-11 06:00:00,NA,1012.6,15.3,87,NA
2021-04-11 07:00:00,NA,1012.4,15.3,84,NA
2021-04-11 08:00:00,NA,1012.4,15.2,84,NA
2021-04-11 09:00:00,NA,1012.8,14.6,86,NA
2021-04-11 10:00:00,NA,1014,14.8,85,NA
2021-04-11 11:00:00,NA,1014.9,14.9,81,NA
2021-04-11 12:00:00,NA,1016.1,15.1,81,NA
2021-04-11 13:00:00,NA,1017.6,15.8,77,NA
2021-04-11 14:00:00,NA,1018.3,16.4,77,NA
2021-04-11 15:00:00,NA,1018.9,16.7,76,NA
2021-04-11 16:00:00,NA,1018.7,18.1,71,NA
2021-04-11 17:00:00,NA,1018.2,18.7,69,NA
2021-04-11 18:00:00,NA,1018,20,63,NA
2021-04-11 19:00:00,NA,1017.9,20.1,63,NA
2021-04-11 20:00:00,NA,1018.1,20.6,62,NA
2021-04-11 21:00:00,NA,1018.4,19.4,63,NA
2021-04-11 22:00:00,NA,1018.5,17.3,75,NA
2021-04-11 23:00:00,NA,1019.1,15.6,84,NA
2021-04-12 00:00:00,NA,1019.8,14.7,88,NA
2021-04-12 01:00:00,NA,1020.2,14,91,NA
2021-04-12 02:00:00,NA,1020.4,13.2,92,NA
2021-04-13 03:00:00,NA,1021.3,13.4,93,NA
2021-04-13 04:00:00,NA,1021.4,12.9,94,NA
2021-04-13 05:00:00,NA,1021.5,12.6,94,NA
2021-04-13 06:00:00,NA,1021.2,11.9,95,NA
2021-04-13 07:00:00,NA,1020.8,11.5,95,NA
2021-04-13 08:00:00,NA,1020.7,10.9,96,NA
2021-04-13 09:00:00,NA,1020.9,10.3,95,NA
2021-04-13 10:00:00,NA,1021.4,10.7,96,NA
2021-04-13 11:00:00,NA,1021.8,12.4,96,NA
2021-04-13 12:00:00,NA,1022.2,14.5,93,NA
2021-04-13 13:00:00,NA,1022.8,20.4,61,NA
2021-04-13 14:00:00,NA,1022.7,21.2,56,NA
2021-04-13 15:00:00,NA,1022.5,23.1,52,NA
2021-04-13 16:00:00,NA,1021.8,23.3,51,NA
2021-04-13 17:00:00,NA,1020.8,24.1,51,NA
2021-04-13 18:00:00,NA,1019.9,24.1,51,NA
2021-04-13 19:00:00,NA,1019.5,24.1,47,NA
2021-04-13 20:00:00,NA,1019.2,24.2,49,NA
2021-04-13 21:00:00,NA,1019,23.4,54,NA
2021-04-13 22:00:00,NA,1018.7,19.7,75,NA
2021-04-13 23:00:00,NA,NA,19.7,74,NA
2021-04-14 00:00:00,NA,1019.3,18.6,84,NA
2021-04-14 01:00:00,NA,1019.4,17.5,81,NA
2021-04-14 02:00:00,NA,1019.2,16.6,83,NA
2021-04-15 03:00:00,NA,1013.7,18,89,NA
2021-04-15 04:00:00,NA,1013.5,17.8,88,NA
2021-04-15 05:00:00,NA,1013.5,16.4,92,NA
2021-04-15 06:00:00,NA,1013.2,15.9,91,NA
2021-04-15 07:00:00,NA,1012.7,15.5,97,NA
2021-04-15 08:00:00,NA,1012.5,15.8,94,NA
2021-04-15 09:00:00,NA,1012.7,16.4,97,NA
2021-04-15 10:00:00,NA,1013.3,16.6,93,NA
2021-04-15 11:00:00,NA,1013.5,16.1,97,NA
2021-04-15 12:00:00,NA,1014,19.2,95,NA
2021-04-15 13:00:00,NA,1014.7,22.5,76,NA
2021-04-15 14:00:00,NA,1014.8,23.7,76,NA
2021-04-15 15:00:00,NA,1014.3,26.3,51,NA
2021-04-15 16:00:00,NA,1014,27.4,52,NA
2021-04-15 18:00:00,NA,1012.2,28.1,46,NA
2021-04-15 19:00:00,NA,1012,27.6,47,NA
2021-04-15 20:00:00,NA,1011.5,27.3,47,NA
2021-04-15 21:00:00,NA,1011.3,26.6,55,NA
2021-04-15 22:00:00,NA,1011.8,24.1,66,NA
2021-04-15 23:00:00,NA,1012.3,23.5,70,NA
2021-04-16 00:00:00,NA,1012.6,20.8,81,NA
2021-04-16 01:00:00,NA,1013.2,19.4,87,NA
2021-04-16 02:00:00,NA,1013.1,20.4,88,NA
2021-04-17 03:00:00,NA,1014.9,19,94,NA
2021-04-17 04:00:00,NA,1015.2,18.2,96,NA
2021-04-17 05:00:00,NA,1015.3,17.3,96,NA
2021-04-17 06:00:00,NA,1015,17.8,95,NA
2021-04-17 07:00:00,NA,1015.4,17.6,98,NA
2021-04-17 08:00:00,NA,1015.4,15.4,98,NA
2021-04-17 09:00:00,NA,1015.5,15.1,98,NA
2021-04-17 10:00:00,NA,1016.4,15.2,97,NA
2021-04-17 11:00:00,NA,1016.9,16.4,95,NA
2021-04-17 12:00:00,NA,1017.4,19.6,95,NA
2021-04-17 13:00:00,NA,1017.9,22.8,83,NA
2021-04-17 14:00:00,NA,1017.8,24.7,74,NA
2021-04-17 15:00:00,NA,1017.3,25.8,69,NA
2021-04-17 16:00:00,NA,1016.6,26.5,64,NA
2021-04-17 17:00:00,NA,1015.6,27.2,51,NA
2021-04-17 18:00:00,NA,1014.9,27.6,56,NA
2021-04-17 19:00:00,NA,1014.2,27.2,61,NA
2021-04-17 20:00:00,NA,1014.1,26.9,62,NA
2021-04-17 21:00:00,NA,1014,26.4,66,NA
2021-04-17 22:00:00,NA,1014.3,23.6,76,NA
2021-04-17 23:00:00,NA,1014.7,21.3,89,NA
2021-04-18 00:00:00,NA,1015.1,19.9,92,NA
2021-04-18 01:00:00,NA,1015.6,18.7,94,NA
2021-04-18 02:00:00,NA,1015.9,18.5,95,NA
2021-04-19 03:00:00,NA,1016.5,21.5,77,NA
2021-04-19 04:00:00,NA,1016.7,20.6,80,NA
2021-04-19 05:00:00,NA,1016.7,19.7,84,NA
2021-04-19 06:00:00,NA,1016.7,19.5,84,NA
2021-04-19 07:00:00,NA,1016.7,18.6,88,NA
2021-04-19 08:00:00,NA,1016.7,17.7,91,NA
2021-04-19 09:00:00,NA,1017,18.1,88,NA
2021-04-19 10:00:00,NA,1017.4,17.7,87,NA
2021-04-19 11:00:00,NA,1017.9,18.2,84,NA
2021-04-19 12:00:00,NA,1018.5,20.3,75,NA
2021-04-19 13:00:00,NA,1018.4,22.3,70,NA
2021-04-19 14:00:00,NA,1018.2,23.8,68,NA
2021-04-19 15:00:00,NA,1017.6,24.8,66,NA
2021-04-19 16:00:00,NA,1017,26.4,57,NA
2021-04-19 17:00:00,NA,1016.5,27,56,NA
2021-04-19 18:00:00,NA,1015.8,26.4,53,NA
2021-04-19 19:00:00,NA,1015.5,27.6,50,NA
2021-04-19 20:00:00,NA,1015.2,27.1,51,NA
2021-04-19 21:00:00,NA,1015,26.3,55,NA
2021-04-19 22:00:00,NA,1014.7,24.2,63,NA
2021-04-19 23:00:00,NA,1015.5,22.6,69,NA
2021-04-20 00:00:00,NA,1015.7,21.5,72,NA
2021-04-20 01:00:00,NA,1016.2,21,74,NA
2021-04-20 02:00:00,NA,1016.4,19.8,80,NA
2021-04-21 03:00:00,NA,1013.9,19.6,79,NA
2021-04-21 04:00:00,NA,1013.6,19.1,80,NA
2021-04-21 05:00:00,NA,1013.1,19.6,79,NA
2021-04-21 06:00:00,NA,1012.8,19.4,79,NA
2021-04-21 07:00:00,NA,1012.4,19.3,81,NA
2021-04-21 08:00:00,NA,1012.1,18.8,83,NA
2021-04-21 09:00:00,NA,1012.2,18.6,84,NA
2021-04-21 10:00:00,NA,1012.7,18.9,81,NA
2021-04-21 11:00:00,NA,1013.3,18.9,82,NA
2021-04-21 12:00:00,NA,1013.4,20.4,73,NA
2021-04-21 13:00:00,NA,1013.2,22.6,70,NA
2021-04-21 14:00:00,NA,1013.4,22.5,70,NA
2021-04-21 15:00:00,NA,1014.3,22.8,72,NA
2021-04-21 16:00:00,NA,1012.1,22.4,73,NA
2021-04-21 17:00:00,NA,1011.1,23,74,NA
2021-04-21 18:00:00,NA,1011,22.6,79,NA
2021-04-21 19:00:00,NA,1012.4,21.4,91,NA
2021-04-21 20:00:00,NA,1007.1,21.7,88,NA
2021-04-21 21:00:00,NA,1007.7,22.8,81,NA
2021-04-21 22:00:00,NA,1011.5,22,86,NA
2021-04-21 23:00:00,NA,1015.2,20.7,93,NA
2021-04-22 00:00:00,NA,1011.7,21.4,93,NA
2021-04-22 01:00:00,NA,1012.3,21.9,88,NA
2021-04-22 02:00:00,NA,1008.8,22.4,87,NA
2021-04-23 03:00:00,NA,1012.7,19.8,89,NA
2021-04-23 04:00:00,NA,1013.3,18.3,93,NA
2021-04-23 05:00:00,NA,1013.7,17.4,96,NA
2021-04-23 06:00:00,NA,1013.2,16.3,95,NA
2021-04-23 07:00:00,NA,1012.2,16,96,NA
2021-04-23 08:00:00,NA,1011.8,17.2,96,NA
2021-04-23 09:00:00,NA,1011.6,17.3,95,NA
2021-04-23 10:00:00,NA,1011.6,17.1,95,NA
2021-04-23 11:00:00,NA,1012.1,17.8,93,NA
2021-04-23 12:00:00,NA,1012.6,19.7,89,NA
2021-04-23 13:00:00,NA,1012.2,21.2,77,NA
2021-04-23 14:00:00,NA,1011.7,22.3,75,NA
2021-04-23 15:00:00,NA,1011.9,21.9,80,NA
2021-04-23 16:00:00,NA,1011.3,21.6,83,NA
2021-04-23 17:00:00,NA,1011.2,21.3,84,NA
2021-04-23 18:00:00,NA,1011,20.8,85,NA
2021-04-23 19:00:00,NA,1009.8,19.9,95,NA
2021-04-23 20:00:00,NA,1010.7,20.9,92,NA
2021-04-23 21:00:00,NA,1010.9,20.7,92,NA
2021-04-23 22:00:00,NA,1011,19.8,93,NA
2021-04-23 23:00:00,NA,1011.8,19.9,95,NA
2021-04-24 00:00:00,NA,1012.6,19.8,96,NA
2021-04-24 01:00:00,NA,1012.7,19.6,95,NA
2021-04-24 02:00:00,NA,1012.6,18.4,93,NA
2021-04-25 03:00:00,NA,1019.3,15.8,80,NA
2021-04-25 04:00:00,NA,1020.3,14.9,81,NA
2021-04-25 05:00:00,NA,1020.2,14.8,77,NA
2021-04-25 06:00:00,NA,1020,13.6,78,NA
2021-04-25 07:00:00,NA,1020,11.9,86,NA
2021-04-25 08:00:00,NA,1020.1,10.7,86,NA
2021-04-25 09:00:00,NA,1020.5,8.6,94,NA
2021-04-25 10:00:00,NA,1021,8.1,93,NA
2021-04-25 11:00:00,NA,1021.6,7.9,92,NA
2021-04-25 12:00:00,NA,1022.3,11.1,90,NA
2021-04-25 13:00:00,NA,1022.8,14.6,72,NA
2021-04-25 14:00:00,NA,1022.7,16.7,67,NA
2021-04-25 15:00:00,NA,1022.4,18.1,59,NA
2021-04-25 16:00:00,NA,1021.8,18.6,56,NA
2021-04-25 17:00:00,NA,1020.9,19.2,54,NA
2021-04-25 18:00:00,NA,1020.1,19.7,53,NA
2021-04-25 19:00:00,NA,1019.4,20,51,NA
2021-04-25 20:00:00,NA,1019.2,20.1,51,NA
2021-04-25 21:00:00,NA,1019.2,19.2,53,NA
2021-04-25 22:00:00,NA,1019.2,17.1,67,NA
2021-04-25 23:00:00,NA,1019.9,13.9,83,NA
2021-04-26 00:00:00,NA,1020.3,12.6,87,NA
2021-04-26 01:00:00,NA,1020.6,11.4,90,NA
2021-04-26 02:00:00,NA,1020.7,10.6,90,NA
2021-04-27 03:00:00,NA,1020.3,12.4,93,NA
2021-04-27 04:00:00,NA,1020.3,12,93,NA
2021-04-27 05:00:00,NA,1020.1,10.6,94,NA
2021-04-27 06:00:00,NA,1019.9,10.2,96,NA
2021-04-27 07:00:00,NA,1019.6,9.7,95,NA
2021-04-27 08:00:00,NA,1019.4,9.4,96,NA
2021-04-27 09:00:00,NA,1019.5,8.7,96,NA
2021-04-27 10:00:00,NA,1019.9,8.4,96,NA
2021-04-27 11:00:00,NA,1020.2,9.7,95,NA
2021-04-27 12:00:00,NA,1020.8,14.1,94,NA
2021-04-27 13:00:00,NA,1021.3,17.9,81,NA
2021-04-27 14:00:00,NA,1021.3,20.3,71,NA
2021-04-27 15:00:00,NA,1021,21.8,59,NA
2021-04-27 16:00:00,NA,1020,22.4,51,NA
2021-04-27 17:00:00,NA,1019.3,22.8,50,NA
2021-04-27 18:00:00,NA,1018.8,23.2,47,NA
2021-04-27 19:00:00,NA,1018.4,23.1,44,NA
2021-04-27 20:00:00,NA,1018.2,22.5,47,NA
2021-04-27 21:00:00,NA,1018.2,21.6,54,NA
2021-04-27 22:00:00,NA,1018.3,18.1,70,NA
2021-04-27 23:00:00,NA,1018.8,15.1,81,NA
2021-04-28 00:00:00,NA,1019.1,13.8,88,NA
2021-04-28 01:00:00,NA,1019.6,12.9,91,NA
2021-04-28 02:00:00,NA,1019.4,13.1,90,NA
2021-04-29 03:00:00,NA,1022.8,12.9,88,NA
2021-04-29 04:00:00,NA,1022.8,11.9,91,NA
2021-04-29 05:00:00,NA,1022.8,10.5,92,NA
2021-04-29 06:00:00,NA,1022.6,9.9,94,NA
2021-04-29 07:00:00,NA,1022.5,9.9,95,NA
2021-04-29 08:00:00,NA,1022.2,11,96,NA
2021-04-29 09:00:00,NA,1022.6,10.5,95,NA
2021-04-29 10:00:00,NA,1022.9,9.9,95,NA
2021-04-29 11:00:00,NA,1023.4,10.3,95,NA
2021-04-29 12:00:00,NA,1023.8,13.9,90,NA
2021-04-29 13:00:00,NA,1024.2,17.3,76,NA
2021-04-29 14:00:00,NA,1024.4,20.5,63,NA
2021-04-29 15:00:00,NA,1024.1,21.8,58,NA
2021-04-29 16:00:00,NA,1023.4,22.5,52,NA
2021-04-29 17:00:00,NA,1022.8,23.2,52,NA
2021-04-29 18:00:00,NA,1021.9,23.4,51,NA
2021-04-29 19:00:00,NA,1021.3,23.1,51,NA
2021-04-29 20:00:00,NA,1021,22.7,53,NA
2021-04-29 21:00:00,NA,1020.8,21.2,55,NA
2021-04-29 22:00:00,NA,1020.7,18.3,65,NA
2021-04-29 23:00:00,NA,1021,15.6,77,NA
2021-04-30 00:00:00,NA,1021.2,15.8,83,NA
2021-04-30 01:00:00,NA,1021.5,14.5,79,NA
2021-04-30 02:00:00,NA,1021.5,13.4,81,NA
2021-05-01 03:00:00,NA,1015.7,11.7,99,NA
2021-05-01 04:00:00,NA,1015.8,14.3,87,NA
2021-05-01 05:00:00,NA,1015.5,14.9,83,NA
2021-05-01 06:00:00,NA,1015.6,15.2,85,NA
2021-05-01 07:00:00,NA,1014.1,12.4,92,NA
2021-05-01 08:00:00,NA,1015,12.7,92,NA
2021-05-01 09:00:00,NA,1015.2,13.9,90,NA
2021-05-01 10:00:00,NA,1015.4,14.7,85,NA
2021-05-01 11:00:00,NA,1015.6,15.4,82,NA
2021-05-01 12:00:00,NA,1015.9,17.2,78,NA
2021-05-01 13:00:00,NA,1016.1,19.3,70,NA
2021-05-01 14:00:00,NA,1016.2,22.1,63,NA
2021-05-01 15:00:00,NA,1015.9,24.7,54,NA
2021-05-01 16:00:00,NA,1015.9,26.6,47,NA
2021-05-01 17:00:00,NA,1014.5,27.7,40,NA
2021-05-01 18:00:00,NA,1012.9,28.4,38,NA
2021-05-01 19:00:00,NA,1012.1,27.9,41,NA
2021-05-01 20:00:00,NA,1011.8,27.2,43,NA
2021-05-01 21:00:00,NA,1011.6,26.1,48,NA
2021-05-01 22:00:00,NA,1012.2,23,60,NA
2021-05-01 23:00:00,NA,1012.7,21.3,71,NA
2021-05-02 00:00:00,NA,1013,21.1,74,NA
2021-05-02 01:00:00,NA,1013.5,20.5,75,NA
2021-05-02 02:00:00,NA,1013.5,20.1,73,NA
2021-05-03 03:00:00,NA,1010.1,22.2,75,NA
2021-05-03 04:00:00,NA,1010.3,21.4,77,NA
2021-05-03 05:00:00,NA,1010,21.2,81,NA
2021-05-03 06:00:00,NA,1009.9,21.1,80,NA
2021-05-03 07:00:00,NA,1009.1,20.9,82,NA
2021-05-03 08:00:00,NA,1008.8,21.1,85,NA
2021-05-03 09:00:00,NA,1008.5,20.9,86,NA
2021-05-03 10:00:00,NA,1008.7,20.4,86,NA
2021-05-03 11:00:00,NA,1009.1,20.2,87,NA
2021-05-03 12:00:00,NA,1009.2,20.9,88,NA
2021-05-03 13:00:00,NA,1009.3,23.6,78,NA
2021-05-03 14:00:00,NA,1008.9,26.2,69,NA
2021-05-03 15:00:00,NA,1008,26.7,72,NA
2021-05-03 16:00:00,NA,1007.3,28.2,67,NA
2021-05-03 17:00:00,NA,1006.7,28.6,64,NA
2021-05-03 18:00:00,NA,1006,29.7,60,NA
2021-05-03 19:00:00,NA,1005.7,29.9,60,NA
2021-05-03 20:00:00,NA,1005.8,28.9,64,NA
2021-05-03 21:00:00,NA,1005.9,27.1,72,NA
2021-05-03 22:00:00,NA,1006.1,25.7,80,NA
2021-05-03 23:00:00,NA,1007.3,23.2,91,NA
2021-05-04 00:00:00,NA,1008,22.7,91,NA
2021-05-04 01:00:00,NA,1009.2,22.3,91,NA
2021-05-04 02:00:00,NA,1010.3,21.2,93,NA
2021-05-05 03:00:00,NA,1028.2,12.3,71,NA
2021-05-05 04:00:00,NA,1028.2,12.1,71,NA
2021-05-05 05:00:00,NA,1028,12.2,73,NA
2021-05-05 06:00:00,NA,1027.2,12.5,77,NA
2021-05-05 07:00:00,NA,1027.1,12.4,78,NA
2021-05-05 08:00:00,NA,1026.1,11.8,80,NA
2021-05-05 09:00:00,NA,1026,11.4,82,NA
2021-05-05 10:00:00,NA,1026.7,11.4,82,NA
2021-05-05 11:00:00,NA,1027,11.1,83,NA
2021-05-05 12:00:00,NA,1027,11.4,83,NA
2021-05-05 13:00:00,NA,1027.7,13.6,72,NA
2021-05-05 14:00:00,NA,1027.3,14.2,67,NA
2021-05-05 15:00:00,NA,1026.9,16.4,50,NA
2021-05-05 16:00:00,NA,1026,16.3,49,NA
2021-05-05 17:00:00,NA,1025.3,16.1,49,NA
2021-05-05 18:00:00,NA,1025,16.5,50,NA
2021-05-05 19:00:00,NA,1024.5,16,51,NA
2021-05-05 20:00:00,NA,1024.7,15.5,56,NA
2021-05-05 21:00:00,NA,1025.4,14.8,59,NA
2021-05-05 22:00:00,NA,1025.1,14.3,68,NA
2021-05-05 23:00:00,NA,1025.6,12.4,77,NA
2021-05-06 00:00:00,NA,1026,12.1,77,NA
2021-05-06 01:00:00,NA,1027,10.2,85,NA
2021-05-06 02:00:00,NA,1027.4,7.7,89,NA
2021-05-07 03:00:00,NA,1026.3,5.3,94,NA
2021-05-07 04:00:00,NA,1026.2,4.9,95,NA
2021-05-07 05:00:00,NA,1025.7,4.3,95,NA
2021-05-07 06:00:00,NA,1025.6,3.5,93,NA
2021-05-07 07:00:00,NA,1025.2,2.9,95,NA
2021-05-07 08:00:00,NA,1025,2.1,97,NA
2021-05-07 09:00:00,NA,1025,2.2,95,NA
2021-05-07 10:00:00,NA,1025.4,2.1,95,NA
2021-05-07 11:00:00,NA,1025.5,4.6,93,NA
2021-05-07 12:00:00,NA,1026.4,7.4,93,NA
2021-05-07 13:00:00,NA,1026.8,10.8,78,NA
2021-05-07 14:00:00,NA,1026.5,15.3,64,NA
2021-05-07 15:00:00,NA,1026.7,16.8,49,NA
2021-05-07 16:00:00,NA,1026.1,18.2,46,NA
2021-05-07 17:00:00,NA,1025.3,18.5,43,NA
2021-05-07 18:00:00,NA,1024.6,19.2,42,NA
2021-05-07 19:00:00,NA,1024.4,18.5,41,NA
2021-05-07 20:00:00,NA,1024.1,17.3,44,NA
2021-05-07 21:00:00,NA,1024.2,15.8,53,NA
2021-05-07 22:00:00,NA,1024.5,12.6,64,NA
2021-05-07 23:00:00,NA,1024.8,9.5,80,NA
2021-05-08 00:00:00,NA,1025,8.8,84,NA
2021-05-08 01:00:00,NA,1025.4,7.9,87,NA
2021-05-08 02:00:00,NA,1025.5,8.2,85,NA
2021-05-09 03:00:00,NA,1022.7,11.4,89,NA
2021-05-09 04:00:00,NA,1022.3,11.2,90,NA
2021-05-09 05:00:00,NA,1021.7,10.5,91,NA
2021-05-09 06:00:00,NA,1021.3,9.7,92,NA
2021-05-09 07:00:00,NA,1020.8,9.5,95,NA
2021-05-09 08:00:00,NA,1020.3,9.9,94,NA
2021-05-09 09:00:00,NA,1020.8,9.7,95,NA
2021-05-09 10:00:00,NA,1021.3,9.8,91,NA
2021-05-09 11:00:00,NA,1021,9.5,91,NA
2021-05-09 12:00:00,NA,1021.6,12.3,87,NA
2021-05-09 13:00:00,NA,1022.1,14.8,82,NA
2021-05-09 14:00:00,NA,1022.2,17,74,NA
2021-05-09 15:00:00,NA,1021.5,19.4,63,NA
2021-05-09 16:00:00,NA,1020.8,20.9,57,NA
2021-05-09 17:00:00,NA,1019.7,21.3,56,NA
2021-05-09 18:00:00,NA,1019.1,21.2,54,NA
2021-05-09 19:00:00,NA,1018.9,21.1,51,NA
2021-05-09 20:00:00,NA,1018.7,20.4,54,NA
2021-05-09 21:00:00,NA,1018.8,19.1,68,NA
2021-05-09 22:00:00,NA,1019.3,18,73,NA
2021-05-09 23:00:00,NA,1019.7,17.6,79,NA
2021-05-10 00:00:00,NA,1020.2,16.5,85,NA
2021-05-10 01:00:00,NA,1020.7,16.1,87,NA
2021-05-10 02:00:00,NA,1021,16.3,86,NA
2021-05-11 03:00:00,NA,1025.6,13.5,81,NA
2021-05-11 04:00:00,NA,1025.8,12.9,86,NA
2021-05-11 05:00:00,NA,1025.4,12.1,82,NA
2021-05-11 06:00:00,NA,1024.8,11.4,78,NA
2021-05-11 07:00:00,NA,1024.5,11,90,NA
2021-05-11 08:00:00,NA,1024.8,9.1,90,NA
2021-05-11 09:00:00,NA,1024.8,8.1,90,NA
2021-05-11 10:00:00,NA,1025.1,6.1,93,NA
2021-05-11 11:00:00,NA,1025.4,4.6,92,NA
2021-05-11 12:00:00,NA,1026.1,6.5,93,NA
2021-05-11 13:00:00,NA,1026.4,11.1,63,NA
2021-05-11 14:00:00,NA,1026.5,14.2,56,NA
2021-05-11 15:00:00,NA,1026.1,15.6,48,NA
2021-05-11 16:00:00,NA,1025.3,16.8,40,NA
2021-05-11 17:00:00,NA,1024.3,18,34,NA
2021-05-11 18:00:00,NA,1023.8,18.5,36,NA
2021-05-11 19:00:00,NA,1023.1,18,38,NA
2021-05-11 20:00:00,NA,1022.8,17.3,37,NA
2021-05-11 21:00:00,NA,1022.9,14.1,53,NA
2021-05-11 22:00:00,NA,1023.5,10.4,71,NA
2021-05-11 23:00:00,NA,1023.6,9,73,NA
2021-05-12 00:00:00,NA,1023.8,7.4,86,NA
2021-05-12 01:00:00,NA,1024,5.3,89,NA
2021-05-12 02:00:00,NA,1024.1,5,91,NA
2021-05-13 03:00:00,NA,1020.8,9.6,76,NA
2021-05-13 04:00:00,NA,1021.1,6.5,88,NA
2021-05-13 05:00:00,NA,1021.5,4.6,90,NA
2021-05-13 06:00:00,NA,1021.5,4.3,93,NA
2021-05-13 07:00:00,NA,1021.2,4.1,95,NA
2021-05-13 08:00:00,NA,1021,4.7,91,NA
2021-05-13 09:00:00,NA,1020.2,5.2,92,NA
2021-05-13 10:00:00,NA,1021,5.6,92,NA
2021-05-13 11:00:00,NA,1021.7,6.3,91,NA
2021-05-13 12:00:00,NA,1022.2,8.5,89,NA
2021-05-13 13:00:00,NA,1022.5,12.6,75,NA
2021-05-13 14:00:00,NA,1022.6,16.1,60,NA
2021-05-13 15:00:00,NA,1022.3,18.2,47,NA
2021-05-13 16:00:00,NA,1021.9,19.3,46,NA
2021-05-13 17:00:00,NA,1021.5,18.4,47,NA
2021-05-13 18:00:00,NA,1021,19.1,45,NA
2021-05-13 19:00:00,NA,1020.7,18.8,41,NA
2021-05-13 20:00:00,NA,1020.7,17.4,47,NA
2021-05-13 21:00:00,NA,1020.7,16,55,NA
2021-05-13 22:00:00,NA,1020.8,13.3,71,NA
2021-05-13 23:00:00,NA,1021.3,11.4,85,NA
2021-05-14 00:00:00,NA,1021.7,8.9,90,NA
2021-05-14 01:00:00,NA,1021.8,7.3,94,NA
2021-05-14 02:00:00,NA,1021.9,6.8,93,NA
2021-05-15 03:00:00,NA,1019.2,10.3,85,NA
2021-05-15 04:00:00,NA,1019.7,9.4,87,NA
2021-05-15 05:00:00,NA,1019.3,9,89,NA
2021-05-15 06:00:00,NA,1019.5,7.1,92,NA
2021-05-15 07:00:00,NA,1019,5.5,92,NA
2021-05-15 08:00:00,NA,1018.9,4.6,93,NA
2021-05-15 09:00:00,NA,1018.7,4.2,95,NA
2021-05-15 10:00:00,NA,1018.8,3.5,97,NA
2021-05-15 11:00:00,NA,1019.4,3.6,95,NA
2021-05-15 12:00:00,NA,1019.9,5.3,92,NA
2021-05-15 13:00:00,NA,1020.3,13.1,81,NA
2021-05-15 14:00:00,NA,1020.2,16.3,67,NA
2021-05-15 15:00:00,NA,1019.9,20,47,NA
2021-05-15 16:00:00,NA,1019.3,20.4,45,NA
2021-05-15 17:00:00,NA,1018.5,21.5,41,NA
2021-05-15 18:00:00,NA,1017.7,22.1,40,NA
2021-05-15 19:00:00,NA,1017.5,21.6,48,NA
2021-05-15 20:00:00,NA,1017.2,21.2,52,NA
2021-05-15 21:00:00,NA,1017.3,19,60,NA
2021-05-15 22:00:00,NA,1017.6,15.3,70,NA
2021-05-15 23:00:00,NA,1018.2,13.5,86,NA
2021-05-16 00:00:00,NA,1018.2,13.3,81,NA
2021-05-16 01:00:00,NA,1018.8,10.7,84,NA
2021-05-16 02:00:00,NA,1019,9.4,91,NA
2021-05-17 03:00:00,NA,1020.7,10.7,92,NA
2021-05-17 04:00:00,NA,1020.9,10,94,NA
2021-05-17 05:00:00,NA,1020.7,7.8,93,NA
2021-05-17 06:00:00,NA,1020.4,8.4,96,NA
2021-05-17 07:00:00,NA,1020.6,7.5,94,NA
2021-05-17 08:00:00,NA,1020.2,7,94,NA
2021-05-17 09:00:00,NA,1020.9,7.4,94,NA
2021-05-17 10:00:00,NA,1021.1,7.1,95,NA
2021-05-17 11:00:00,NA,1021.7,6.3,94,NA
2021-05-17 12:00:00,NA,1022.3,10.7,92,NA
2021-05-17 13:00:00,NA,1022.4,14.8,87,NA
2021-05-17 14:00:00,NA,1022.2,17.7,71,NA
2021-05-17 15:00:00,NA,1021.8,20.2,58,NA
2021-05-17 16:00:00,NA,1021.6,21.3,49,NA
2021-05-17 17:00:00,NA,1020.8,22.1,46,NA
2021-05-17 18:00:00,NA,1020.1,22.8,47,NA
2021-05-17 19:00:00,NA,1019.9,23.2,48,NA
2021-05-17 20:00:00,NA,1019.7,22.4,52,NA
2021-05-17 21:00:00,NA,1019.8,19.4,63,NA
2021-05-17 22:00:00,NA,1020.1,15.5,74,NA
2021-05-17 23:00:00,NA,1020.4,15.3,77,NA
2021-05-18 00:00:00,NA,1020.5,14.4,79,NA
2021-05-18 01:00:00,NA,1021.1,11.8,83,NA
2021-05-18 02:00:00,NA,1020.8,12.7,79,NA
2021-05-19 03:00:00,NA,1016.2,14.1,83,NA
2021-05-19 04:00:00,NA,1016.1,14.7,78,NA
2021-05-19 05:00:00,NA,1015.8,14.1,76,NA
2021-05-19 06:00:00,NA,1015.7,13.7,78,NA
2021-05-19 07:00:00,NA,1015.4,13.2,85,NA
2021-05-19 08:00:00,NA,1015.2,12.8,81,NA
2021-05-19 09:00:00,NA,1014.7,12.9,82,NA
2021-05-19 10:00:00,NA,1015,13.1,75,NA
2021-05-19 11:00:00,NA,1014.7,12.6,82,NA
2021-05-19 12:00:00,NA,1015,13.5,73,NA
2021-05-19 13:00:00,NA,1015.6,15.8,66,NA
2021-05-19 14:00:00,NA,1015.4,15.6,68,NA
2021-05-19 15:00:00,NA,1015,17.7,59,NA
2021-05-19 16:00:00,NA,1014,19.3,54,NA
2021-05-19 17:00:00,NA,1012.9,19.4,55,NA
2021-05-19 18:00:00,NA,1012.6,19.7,55,NA
2021-05-19 19:00:00,NA,1012.6,20,56,NA
2021-05-19 20:00:00,NA,1012.1,19.8,57,NA
2021-05-19 21:00:00,NA,1012.2,18.6,60,NA
2021-05-19 22:00:00,NA,1012.1,17.8,69,NA
2021-05-19 23:00:00,NA,1011.7,16.9,72,NA
2021-05-20 00:00:00,NA,1011.7,15.8,76,NA
2021-05-20 01:00:00,NA,1011.6,15,80,NA
2021-05-20 02:00:00,NA,1012.2,14.6,82,NA
2021-05-21 03:00:00,NA,1011.6,14.8,97,NA
2021-05-21 04:00:00,NA,1011,14.1,97,NA
2021-05-21 05:00:00,NA,1009.2,14,97,NA
2021-05-21 06:00:00,NA,1008.2,13.9,97,NA
2021-05-21 07:00:00,NA,1007.7,14,97,NA
2021-05-21 08:00:00,NA,1006.7,13.4,97,NA
2021-05-21 09:00:00,NA,1006.6,13.6,96,NA
2021-05-21 10:00:00,NA,1005.8,13.8,96,NA
2021-05-21 11:00:00,NA,1006.9,13.6,97,NA
2021-05-21 12:00:00,NA,1007.6,13.2,97,NA
2021-05-21 13:00:00,NA,1008.2,12.6,96,NA
2021-05-21 14:00:00,NA,1007.4,12.5,96,NA
2021-05-21 15:00:00,NA,1007.9,12.9,96,NA
2021-05-21 16:00:00,NA,1007.6,13.1,96,NA
2021-05-21 17:00:00,NA,1008.3,13.2,97,NA
2021-05-21 18:00:00,NA,1007.8,12.7,97,NA
2021-05-21 19:00:00,NA,1007.7,13.1,96,NA
2021-05-21 20:00:00,NA,1007.4,13.5,96,NA
2021-05-21 21:00:00,NA,1007.3,13.3,93,NA
2021-05-21 22:00:00,NA,1008.1,13.4,96,NA
2021-05-21 23:00:00,NA,1009.1,12.8,92,NA
2021-05-22 00:00:00,NA,1009.2,12.8,96,NA
2021-05-22 01:00:00,NA,1009.3,11.9,93,NA
2021-05-22 02:00:00,NA,1009.8,12.1,91,NA
2021-05-23 03:00:00,NA,1014.2,12,82,NA
2021-05-23 04:00:00,NA,1014.5,12,85,NA
2021-05-23 05:00:00,NA,1014.9,11.4,86,NA
2021-05-23 06:00:00,NA,1015.4,11.3,85,NA
2021-05-23 07:00:00,NA,1015.7,10.6,89,NA
2021-05-23 08:00:00,NA,1015.8,10.3,89,NA
2021-05-23 09:00:00,NA,1015.8,10.6,86,NA
2021-05-23 10:00:00,NA,1016.2,10.5,88,NA
2021-05-23 11:00:00,NA,1017,10.3,85,NA
2021-05-23 12:00:00,NA,1018.1,10.6,84,NA
2021-05-23 13:00:00,NA,1018.7,11.4,84,NA
2021-05-23 14:00:00,NA,1019.5,11.6,83,NA
2021-05-23 15:00:00,NA,1019.7,11.5,78,NA
2021-05-23 16:00:00,NA,1018.8,13.1,75,NA
2021-05-23 17:00:00,NA,1018.3,15.4,69,NA
2021-05-23 18:00:00,NA,1018.1,15.8,67,NA
2021-05-23 19:00:00,NA,1017.5,16.4,54,NA
2021-05-23 20:00:00,NA,1017.3,16.6,51,NA
2021-05-23 21:00:00,NA,1017,15.8,56,NA
2021-05-23 22:00:00,NA,1018,11.3,75,NA
2021-05-23 23:00:00,NA,1018.4,9.4,86,NA
2021-05-24 00:00:00,NA,1018.8,8.2,92,NA
2021-05-24 01:00:00,NA,1019.1,6.5,91,NA
2021-05-24 02:00:00,NA,1019.3,5.9,93,NA
2021-05-25 03:00:00,NA,1016,11.1,74,NA
2021-05-25 04:00:00,NA,1016.2,9.2,82,NA
2021-05-25 05:00:00,NA,1016.1,8.4,86,NA
2021-05-25 06:00:00,NA,1015.9,7.7,86,NA
2021-05-25 07:00:00,NA,1015.5,8.3,84,NA
2021-05-25 08:00:00,NA,1015.9,7.5,87,NA
2021-05-25 09:00:00,NA,1016.4,7,88,NA
2021-05-25 10:00:00,NA,1017,6.1,91,NA
2021-05-25 11:00:00,NA,1018.2,4.3,93,NA
2021-05-25 12:00:00,NA,1018.9,7.5,94,NA
2021-05-25 13:00:00,NA,1020,11.5,77,NA
2021-05-25 14:00:00,NA,1020.1,14.1,68,NA
2021-05-25 15:00:00,NA,1020.1,17,56,NA
2021-05-25 16:00:00,NA,1019.8,18.9,48,NA
2021-05-25 17:00:00,NA,1019.1,20.2,44,NA
2021-05-25 18:00:00,NA,1019,20.9,41,NA
2021-05-25 19:00:00,NA,1018.6,20.8,44,NA
2021-05-25 20:00:00,NA,1018.4,20.4,47,NA
2021-05-25 21:00:00,NA,1018.4,18.1,56,NA
2021-05-25 22:00:00,NA,1018.9,14,77,NA
2021-05-25 23:00:00,NA,1019.6,12.7,79,NA
2021-05-26 00:00:00,NA,1020,11.3,88,NA
2021-05-26 01:00:00,NA,1020.3,10,90,NA
2021-05-26 02:00:00,NA,1020.4,8.1,93,NA
2021-05-27 03:00:00,NA,1016,12.4,87,NA
2021-05-27 04:00:00,NA,1016.2,10.4,91,NA
2021-05-27 05:00:00,NA,1016,9.1,96,NA
2021-05-27 06:00:00,NA,1015.7,8.2,97,NA
2021-05-27 07:00:00,NA,1015.2,8.8,97,NA
2021-05-27 08:00:00,NA,1014.6,8.6,97,NA
2021-05-27 09:00:00,NA,1014.3,8.5,97,NA
2021-05-27 10:00:00,NA,1014.3,8.1,97,NA
2021-05-27 11:00:00,NA,1014.2,8.2,96,NA
2021-05-27 12:00:00,NA,1013.8,10.8,92,NA
2021-05-27 13:00:00,NA,1013.9,14.7,86,NA
2021-05-27 14:00:00,NA,1013.2,17.9,73,NA
2021-05-27 15:00:00,NA,1012.5,20.7,61,NA
2021-05-27 16:00:00,NA,1011.3,22.3,57,NA
2021-05-27 17:00:00,NA,1009.9,23.2,50,NA
2021-05-27 18:00:00,NA,1008.7,24.1,47,NA
2021-05-27 19:00:00,NA,1007.7,24.5,48,NA
2021-05-27 20:00:00,NA,1006.8,22.8,52,NA
2021-05-27 21:00:00,NA,1006.7,19.7,63,NA
2021-05-27 22:00:00,NA,1006.6,17.4,70,NA
2021-05-27 23:00:00,NA,1006.4,16.2,73,NA
2021-05-28 00:00:00,NA,1005.4,16.4,73,NA
2021-05-28 01:00:00,NA,1004.8,16.2,72,NA
2021-05-28 02:00:00,NA,1004.2,15.7,72,NA
2021-05-29 03:00:00,NA,1011.2,12.3,77,NA
2021-05-29 04:00:00,NA,1011.6,10.3,82,NA
2021-05-29 05:00:00,NA,1012,8.8,88,NA
2021-05-29 06:00:00,NA,1012.4,7.7,89,NA
2021-05-29 07:00:00,NA,1013,6.9,92,NA
2021-05-29 08:00:00,NA,1013.3,7.2,85,NA
2021-05-29 09:00:00,NA,1014,8.4,85,NA
2021-05-29 10:00:00,NA,1014.8,9.6,82,NA
2021-05-29 11:00:00,NA,1015.9,11.8,72,NA
2021-05-29 12:00:00,NA,1016.8,12.5,69,NA
2021-05-29 13:00:00,NA,1018,14.2,62,NA
2021-05-29 14:00:00,NA,1019.2,15.7,54,NA
2021-05-29 15:00:00,NA,1019.4,16,54,NA
2021-05-29 16:00:00,NA,1019.4,15.7,53,NA
2021-05-29 17:00:00,NA,1019.2,16.6,51,NA
2021-05-29 18:00:00,NA,1018.4,17.4,48,NA
2021-05-29 19:00:00,NA,1018.6,17.1,46,NA
2021-05-29 20:00:00,NA,1018.7,16.6,45,NA
2021-05-29 21:00:00,NA,1018.9,15.1,49,NA
2021-05-29 22:00:00,NA,1019.3,11.4,63,NA
2021-05-29 23:00:00,NA,1019.8,9.1,80,NA
2021-05-30 00:00:00,NA,1020.2,8,82,NA
2021-05-30 01:00:00,NA,1020.5,6.6,85,NA
2021-05-30 02:00:00,NA,1020.9,6.1,88,NA
2021-05-31 03:00:00,NA,1020.1,9.3,78,NA
2021-05-31 04:00:00,NA,1020.1,8.8,83,NA
2021-05-31 05:00:00,NA,1019.7,7.2,88,NA
2021-05-31 06:00:00,NA,1019.4,7.7,87,NA
2021-05-31 07:00:00,NA,1018.9,6.8,90,NA
2021-05-31 08:00:00,NA,1018.7,6.2,91,NA
2021-05-31 09:00:00,NA,1019.4,5.4,92,NA
2021-05-31 10:00:00,NA,1018.9,5.8,90,NA
2021-05-31 11:00:00,NA,1019.3,6.3,88,NA
2021-05-31 12:00:00,NA,1019.3,8.8,77,NA
2021-05-31 13:00:00,NA,1019.8,13.9,59,NA
2021-05-31 14:00:00,NA,1020,16.4,51,NA
2021-05-31 15:00:00,NA,1019.6,19.2,43,NA
2021-05-31 16:00:00,NA,1018.6,21,39,NA
2021-05-31 17:00:00,NA,1017.4,22.2,36,NA
2021-05-31 18:00:00,NA,1016.8,22.9,32,NA
2021-05-31 19:00:00,NA,1016.1,22.7,30,NA
2021-05-31 20:00:00,NA,1015.8,21.8,39,NA
2021-05-31 21:00:00,NA,1015.3,18.2,47,NA
2021-05-31 22:00:00,NA,1015.2,17.6,53,NA
2021-05-31 23:00:00,NA,1015.3,14.8,64,NA
2021-06-01 00:00:00,NA,1014.9,14.6,63,NA
2021-06-01 01:00:00,NA,1014.3,13.4,66,NA
2021-06-01 02:00:00,NA,1014.3,11.6,73,NA
2021-06-02 03:00:00,NA,1011.3,11.3,89,NA
2021-06-02 04:00:00,NA,1011.5,10.9,91,NA
2021-06-02 05:00:00,NA,1012,10.1,92,NA
2021-06-02 06:00:00,NA,1012.2,9.6,94,NA
2021-06-02 07:00:00,NA,1012.2,8.5,94,NA
2021-06-02 08:00:00,NA,1012.5,8.1,95,NA
2021-06-02 09:00:00,NA,1013.3,7.9,94,NA
2021-06-02 10:00:00,NA,1014.2,7.7,94,NA
2021-06-02 11:00:00,NA,1015.1,7.2,94,NA
2021-06-02 12:00:00,NA,1016,8.9,92,NA
2021-06-02 13:00:00,NA,1017.1,11.9,87,NA
2021-06-02 14:00:00,NA,1017.5,14.7,78,NA
2021-06-02 15:00:00,NA,1017.4,18.7,65,NA
2021-06-02 16:00:00,NA,1017.2,20.9,56,NA
2021-06-02 17:00:00,NA,1016.4,22.8,48,NA
2021-06-02 18:00:00,NA,1015.9,23.3,48,NA
2021-06-02 19:00:00,NA,1015.7,23.6,47,NA
2021-06-02 20:00:00,NA,1015.5,22.4,52,NA
2021-06-02 21:00:00,NA,1016,20.2,61,NA
2021-06-02 22:00:00,NA,1016.5,16.4,79,NA
2021-06-02 23:00:00,NA,1016.8,17,72,NA
2021-06-03 00:00:00,NA,1017,16,75,NA
2021-06-03 01:00:00,NA,1017.1,14.2,79,NA
2021-06-03 02:00:00,NA,1017.5,13.4,80,NA
2021-06-04 03:00:00,NA,1011.4,16.7,74,NA
2021-06-04 04:00:00,NA,1011,15.7,78,NA
2021-06-04 05:00:00,NA,1010.4,15.9,75,NA
2021-06-04 06:00:00,NA,1009.6,15.5,80,NA
2021-06-04 07:00:00,NA,1009.3,15.8,80,NA
2021-06-04 08:00:00,NA,1008.6,15.9,83,NA
2021-06-04 09:00:00,NA,1008.6,16.1,87,NA
2021-06-04 10:00:00,NA,1009.1,16.4,86,NA
2021-06-04 11:00:00,NA,1009.2,16.6,87,NA
2021-06-04 12:00:00,NA,1009.7,17.4,86,NA
2021-06-04 13:00:00,NA,1010,19.3,78,NA
2021-06-04 14:00:00,NA,1009.9,20.8,79,NA
2021-06-04 15:00:00,NA,1009.4,22.9,75,NA
2021-06-04 16:00:00,NA,1008.5,23.4,75,NA
2021-06-04 17:00:00,NA,1006.2,25.1,65,NA
2021-06-04 18:00:00,NA,1005.6,26.5,62,NA
2021-06-04 19:00:00,NA,1005.1,26.7,68,NA
2021-06-04 20:00:00,NA,1004.8,27.2,68,NA
2021-06-04 21:00:00,NA,1004.7,25.2,76,NA
2021-06-04 22:00:00,NA,1005.3,23.6,78,NA
2021-06-04 23:00:00,NA,1005.6,22.9,80,NA
2021-06-05 00:00:00,NA,1005.5,23.8,83,NA
2021-06-05 01:00:00,NA,1005.3,22.6,90,NA
2021-06-05 02:00:00,NA,1006.3,22,90,NA
2021-06-06 03:00:00,NA,1021.9,9.2,94,NA
2021-06-06 04:00:00,NA,1022.1,7.4,96,NA
2021-06-06 05:00:00,NA,1022.3,7,94,NA
2021-06-06 06:00:00,NA,1021.9,6.6,93,NA
2021-06-06 07:00:00,NA,1021.3,9.2,89,NA
2021-06-06 08:00:00,NA,1020.7,9,88,NA
2021-06-06 09:00:00,NA,1020.7,8.6,77,NA
2021-06-06 10:00:00,NA,1020.5,8.4,75,NA
2021-06-06 11:00:00,NA,1021.2,8.1,76,NA
2021-06-06 12:00:00,NA,1021.4,9.2,68,NA
2021-06-06 13:00:00,NA,1021.8,11.2,62,NA
2021-06-06 14:00:00,NA,1022,13.3,52,NA
2021-06-06 15:00:00,NA,1021.3,14.8,46,NA
2021-06-06 16:00:00,NA,1020.7,16,44,NA
2021-06-06 17:00:00,NA,1020.3,16.7,40,NA
2021-06-06 18:00:00,NA,1019.3,17.4,39,NA
2021-06-06 19:00:00,NA,1018.9,17.3,37,NA
2021-06-06 20:00:00,NA,1018.7,17.1,37,NA
2021-06-06 21:00:00,NA,1018.5,14.6,53,NA
2021-06-06 22:00:00,NA,1018.7,13.1,59,NA
2021-06-06 23:00:00,NA,1019.2,12.7,64,NA
2021-06-07 00:00:00,NA,1019.4,11.8,65,NA
2021-06-07 01:00:00,NA,1019.9,10.4,74,NA
2021-06-07 02:00:00,NA,1020,9.9,76,NA
2021-06-08 03:00:00,NA,1019.8,14.3,90,NA
2021-06-08 04:00:00,NA,1019.7,13.3,92,NA
2021-06-08 05:00:00,NA,1019.4,13.4,94,NA
2021-06-08 06:00:00,NA,1019,13.2,97,NA
2021-06-08 07:00:00,NA,1018.6,13.4,93,NA
2021-06-08 08:00:00,NA,1018.5,12.9,96,NA
2021-06-08 09:00:00,NA,1018.4,11.4,96,NA
2021-06-08 10:00:00,NA,1018.4,10.4,96,NA
2021-06-08 11:00:00,NA,1018.8,10,96,NA
2021-06-08 12:00:00,NA,1019.2,12.8,97,NA
2021-06-08 13:00:00,NA,1019.4,14.1,94,NA
2021-06-08 14:00:00,NA,1019.7,16.7,82,NA
2021-06-08 15:00:00,NA,1019.1,18.4,73,NA
2021-06-08 16:00:00,NA,1018.5,18.1,71,NA
2021-06-08 17:00:00,NA,1017.3,19.6,68,NA
2021-06-08 18:00:00,NA,1016.6,20.1,66,NA
2021-06-08 19:00:00,NA,1016.2,20,68,NA
2021-06-08 20:00:00,NA,1016.1,19.8,67,NA
2021-06-08 21:00:00,NA,1016.4,18.1,76,NA
2021-06-08 22:00:00,NA,1016.5,14.8,93,NA
2021-06-08 23:00:00,NA,1016.8,14.3,93,NA
2021-06-09 00:00:00,NA,1017.3,13.7,93,NA
2021-06-09 01:00:00,NA,1017.7,13.9,94,NA
2021-06-09 02:00:00,NA,1017.8,14.7,90,NA
2021-06-10 03:00:00,NA,1016.1,16.2,87,NA
2021-06-10 04:00:00,NA,1016.3,15.9,87,NA
2021-06-10 05:00:00,NA,1016.5,15.1,90,NA
2021-06-10 06:00:00,NA,1016.4,14.9,93,NA
2021-06-10 07:00:00,NA,1016.2,14.7,91,NA
2021-06-10 08:00:00,NA,1017,14.4,NA,NA
2021-06-10 09:00:00,NA,1017.5,14.1,94,NA
2021-06-10 10:00:00,NA,1017.9,13.7,97,NA
2021-06-10 11:00:00,NA,1018.5,13.2,97,NA
2021-06-10 12:00:00,NA,1019.9,14.6,96,NA
2021-06-10 13:00:00,NA,1020.6,16.1,96,NA
2021-06-10 14:00:00,NA,1021.4,19.6,79,NA
2021-06-10 15:00:00,NA,1021.4,20.7,74,NA
2021-06-10 16:00:00,NA,1021,21.4,71,NA
2021-06-10 17:00:00,NA,1020.9,22.2,65,NA
2021-06-10 18:00:00,NA,1020.7,22.1,64,NA
2021-06-10 19:00:00,NA,1020.8,21.6,68,NA
2021-06-10 20:00:00,NA,1021.4,20.9,67,NA
2021-06-10 21:00:00,NA,1022,19,77,NA
2021-06-10 22:00:00,NA,1022.2,17.4,76,NA
2021-06-10 23:00:00,NA,1022.6,16.8,74,NA
2021-06-11 00:00:00,NA,1022.9,15,79,NA
2021-06-11 01:00:00,NA,1023.7,14.1,76,NA
2021-06-11 02:00:00,NA,1024.3,13,65,NA
2021-06-12 03:00:00,NA,1020.2,10,86,NA
2021-06-12 04:00:00,NA,1019.5,9.1,88,NA
2021-06-12 05:00:00,NA,1019.1,8.8,90,NA
2021-06-12 06:00:00,NA,1018.6,9.2,89,NA
2021-06-12 07:00:00,NA,1017.8,8.9,92,NA
2021-06-12 08:00:00,NA,1017.7,9,90,NA
2021-06-12 09:00:00,NA,1017.4,9.7,94,NA
2021-06-12 10:00:00,NA,1017.7,9.9,94,NA
2021-06-12 11:00:00,NA,1018.2,10.2,94,NA
2021-06-12 12:00:00,NA,1017.9,11.3,92,NA
2021-06-12 13:00:00,NA,1018.6,13.9,89,NA
2021-06-12 14:00:00,NA,1018.8,17.7,78,NA
2021-06-12 15:00:00,NA,1018.7,19.8,71,NA
2021-06-12 16:00:00,NA,1017.8,21.2,66,NA
2021-06-12 17:00:00,NA,1016.6,22.2,61,NA
2021-06-12 18:00:00,NA,1016,22.8,59,NA
2021-06-12 19:00:00,NA,1015.7,22.9,62,NA
2021-06-12 20:00:00,NA,1015.6,21.8,64,NA
2021-06-12 21:00:00,NA,1015.8,18.7,75,NA
2021-06-12 22:00:00,NA,1016.2,17.1,79,NA
2021-06-12 23:00:00,NA,1016.3,16.9,82,NA
2021-06-13 00:00:00,NA,1016.4,16,84,NA
2021-06-13 01:00:00,NA,1016.4,15.5,85,NA
2021-06-13 02:00:00,NA,1016.1,15.8,87,NA
2021-06-14 03:00:00,NA,1016.3,12.7,88,NA
2021-06-14 04:00:00,NA,1017.1,10.5,92,NA
2021-06-14 05:00:00,NA,1017,9.4,94,NA
2021-06-14 06:00:00,NA,1016.8,9.8,94,NA
2021-06-14 07:00:00,NA,1016.4,10.3,94,NA
2021-06-14 08:00:00,NA,1016.8,11.4,92,NA
2021-06-14 09:00:00,NA,1016.8,11.1,92,NA
2021-06-14 10:00:00,NA,1017.3,10.8,91,NA
2021-06-14 11:00:00,NA,1018,10.2,90,NA
2021-06-14 12:00:00,NA,1018.8,11.4,89,NA
2021-06-14 13:00:00,NA,1020.1,14.1,84,NA
2021-06-14 14:00:00,NA,1020.3,15.8,77,NA
2021-06-14 15:00:00,NA,1019.6,17.4,70,NA
2021-06-14 16:00:00,NA,1019,19.2,65,NA
2021-06-14 17:00:00,NA,1018.6,21.1,55,NA
2021-06-14 18:00:00,NA,1018.5,21.3,56,NA
2021-06-14 19:00:00,NA,1018.9,21.1,60,NA
2021-06-14 20:00:00,NA,1019.3,19.9,62,NA
2021-06-14 21:00:00,NA,1020.6,16.6,74,NA
2021-06-14 22:00:00,NA,1022,14.2,82,NA
2021-06-14 23:00:00,NA,1023,13.9,81,NA
2021-06-15 00:00:00,NA,1023.6,14,83,NA
2021-06-15 01:00:00,NA,1024.7,13,82,NA
2021-06-15 02:00:00,NA,1025.2,11.8,83,NA
2021-06-16 03:00:00,NA,1029.6,8.4,80,NA
2021-06-16 04:00:00,NA,1029.8,7.7,80,NA
2021-06-16 05:00:00,NA,1029.4,7.4,79,NA
2021-06-16 06:00:00,NA,1029,7.6,77,NA
2021-06-16 07:00:00,NA,1029.4,7,74,NA
2021-06-16 08:00:00,NA,1029.3,6.5,77,NA
2021-06-16 09:00:00,NA,1028.6,6.3,75,NA
2021-06-16 10:00:00,NA,1029.4,6.1,76,NA
2021-06-16 11:00:00,NA,1030.3,5.9,79,NA
2021-06-16 12:00:00,NA,1031.1,6.4,80,NA
2021-06-16 13:00:00,NA,1031.6,7.2,78,NA
2021-06-16 14:00:00,NA,1031.6,7.9,71,NA
2021-06-16 15:00:00,NA,1031.4,8.3,71,NA
2021-06-16 16:00:00,NA,1030.9,9.1,65,NA
2021-06-16 17:00:00,NA,1029.9,9.9,64,NA
2021-06-16 18:00:00,NA,1029.6,10.1,67,NA
2021-06-16 19:00:00,NA,1029.3,10.3,67,NA
2021-06-16 20:00:00,NA,1029.2,9.9,68,NA
2021-06-16 21:00:00,NA,1029.8,8.1,82,NA
2021-06-16 22:00:00,NA,1030.2,7.3,87,NA
2021-06-16 23:00:00,NA,1030.1,8.5,84,NA
2021-06-17 00:00:00,NA,1030.4,8.1,84,NA
2021-06-17 01:00:00,NA,1030.5,7.4,81,NA
2021-06-17 02:00:00,NA,1030.9,7.3,81,NA
2021-06-18 03:00:00,NA,1029.1,6.3,85,NA
2021-06-18 04:00:00,NA,1029.3,4,89,NA
2021-06-18 05:00:00,NA,1029.3,4.8,92,NA
2021-06-18 06:00:00,NA,1029,4.7,91,NA
2021-06-18 07:00:00,NA,1028.5,4,90,NA
2021-06-18 08:00:00,NA,1028.2,3.3,91,NA
2021-06-18 09:00:00,NA,1028.3,3.2,93,NA
2021-06-18 10:00:00,NA,1028.3,2.1,95,NA
2021-06-18 11:00:00,NA,1028.7,0.6,94,NA
2021-06-18 12:00:00,NA,1029,2.6,95,NA
2021-06-18 13:00:00,NA,1029.5,7.4,87,NA
2021-06-18 14:00:00,NA,1029.6,9.6,77,NA
2021-06-18 15:00:00,NA,1028.5,11.4,65,NA
2021-06-18 16:00:00,NA,1027.5,12.5,56,NA
2021-06-18 17:00:00,NA,1026.6,12,56,NA
2021-06-18 18:00:00,NA,1025.8,12.8,51,NA
2021-06-18 19:00:00,NA,1025.5,12.5,51,NA
2021-06-18 20:00:00,NA,1025.6,12.6,52,NA
2021-06-18 21:00:00,NA,1025.8,11.4,60,NA
2021-06-18 22:00:00,NA,1026,10.8,67,NA
2021-06-18 23:00:00,NA,1026.6,9.7,73,NA
2021-06-19 00:00:00,NA,1027,8.8,76,NA
2021-06-19 01:00:00,NA,1027.2,9.2,76,NA
2021-06-19 02:00:00,NA,1027.3,8.9,74,NA
2021-06-20 03:00:00,NA,1025.2,6.6,90,NA
2021-06-20 04:00:00,NA,1024.7,4.4,93,NA
2021-06-20 05:00:00,NA,1024.5,2.8,93,NA
2021-06-20 06:00:00,NA,1025,2,95,NA
2021-06-20 07:00:00,NA,1024.5,3,93,NA
2021-06-20 08:00:00,NA,1023.8,3.3,95,NA
2021-06-20 09:00:00,NA,1023,4.1,93,NA
2021-06-20 10:00:00,NA,1022.9,3.7,97,NA
2021-06-20 11:00:00,NA,1023.1,2.5,98,NA
2021-06-20 12:00:00,NA,1022.7,5.7,99,NA
2021-06-20 13:00:00,NA,1023,8.8,95,NA
2021-06-20 14:00:00,NA,1023.3,12.3,82,NA
2021-06-20 15:00:00,NA,1023.4,14.2,73,NA
2021-06-20 16:00:00,NA,1022.5,15,69,NA
2021-06-20 17:00:00,NA,1021.1,15.1,67,NA
2021-06-20 18:00:00,NA,1020.6,15.9,61,NA
2021-06-20 19:00:00,NA,1020.3,15.5,65,NA
2021-06-20 20:00:00,NA,1019.8,14.8,72,NA
2021-06-20 21:00:00,NA,1019.8,12.9,78,NA
2021-06-20 22:00:00,NA,1020.1,10.9,95,NA
2021-06-20 23:00:00,NA,1020.2,9.7,92,NA
2021-06-21 00:00:00,NA,1021,7.5,94,NA
2021-06-21 01:00:00,NA,1020.8,10.3,92,NA
2021-06-21 02:00:00,NA,1021.6,10,90,NA
2021-06-22 03:00:00,NA,1022.2,10.7,92,NA
2021-06-22 04:00:00,NA,1022.3,10.3,92,NA
2021-06-22 05:00:00,NA,1022.4,10.1,95,NA
2021-06-22 06:00:00,NA,1022.6,10.2,95,NA
2021-06-22 07:00:00,NA,1022.3,10.2,96,NA
2021-06-22 08:00:00,NA,1022,10,96,NA
2021-06-22 09:00:00,NA,1021.7,9.6,97,NA
2021-06-22 10:00:00,NA,1021.6,9.5,96,NA
2021-06-22 11:00:00,NA,1022.2,9.1,97,NA
2021-06-22 12:00:00,NA,1022.6,9.2,96,NA
2021-06-22 13:00:00,NA,1023.1,9.5,95,NA
2021-06-22 14:00:00,NA,1023.3,10.3,94,NA
2021-06-22 15:00:00,NA,1022.4,13.5,82,NA
2021-06-22 16:00:00,NA,1021.2,15.3,74,NA
2021-06-22 17:00:00,NA,1019.8,17.2,70,NA
2021-06-22 18:00:00,NA,1018.6,17.9,66,NA
2021-06-22 19:00:00,NA,1018,18.5,64,NA
2021-06-22 20:00:00,NA,1017.5,16.4,68,NA
2021-06-22 21:00:00,NA,1017.3,15.2,74,NA
2021-06-22 22:00:00,NA,1017.5,13.7,77,NA
2021-06-22 23:00:00,NA,1017.6,12.1,82,NA
2021-06-23 00:00:00,NA,1017.7,11.8,87,NA
2021-06-23 01:00:00,NA,1018.1,11.6,91,NA
2021-06-23 02:00:00,NA,1017.8,12.2,87,NA
2021-06-24 03:00:00,NA,1010.2,12.5,96,NA
2021-06-24 04:00:00,NA,1010.1,12.9,93,NA
2021-06-24 05:00:00,NA,1009.9,12.7,94,NA
2021-06-24 06:00:00,NA,1010.3,13.1,94,NA
2021-06-24 07:00:00,NA,1010.8,12.5,96,NA
2021-06-24 08:00:00,NA,1010.3,12.1,95,NA
2021-06-24 09:00:00,NA,1011.1,11.4,96,NA
2021-06-24 10:00:00,NA,1012.2,10.5,94,NA
2021-06-24 11:00:00,NA,1013.4,9.9,96,NA
2021-06-24 12:00:00,NA,1013.9,10.3,95,NA
2021-06-24 13:00:00,NA,1014.7,12.2,91,NA
2021-06-24 14:00:00,NA,1015.5,11.7,91,NA
2021-06-24 15:00:00,NA,1015.8,11.6,91,NA
2021-06-24 16:00:00,NA,1015,12.4,85,NA
2021-06-24 17:00:00,NA,1014.4,15,76,NA
2021-06-24 18:00:00,NA,1013.9,16.3,70,NA
2021-06-24 19:00:00,NA,1013.4,17.1,61,NA
2021-06-24 20:00:00,NA,1013.6,16.9,60,NA
2021-06-24 21:00:00,NA,1014,14,77,NA
2021-06-24 22:00:00,NA,1014.1,11.4,83,NA
2021-06-24 23:00:00,NA,1015,10.7,86,NA
2021-06-25 00:00:00,NA,1015.5,8,90,NA
2021-06-25 01:00:00,NA,1015.8,6.7,93,NA
2021-06-25 02:00:00,NA,1015.9,5.8,97,NA
2021-06-26 03:00:00,NA,1013.3,8.4,96,NA
2021-06-26 04:00:00,NA,1013.4,10.1,97,NA
2021-06-26 05:00:00,NA,1013.1,11.1,96,NA
2021-06-26 06:00:00,NA,1013.1,11.2,96,NA
2021-06-26 07:00:00,NA,1012.6,10.9,95,NA
2021-06-26 08:00:00,NA,1012.4,10.3,96,NA
2021-06-26 09:00:00,NA,1012.1,10.2,95,NA
2021-06-26 10:00:00,NA,1012.7,8.6,96,NA
2021-06-26 11:00:00,NA,1013.9,10,95,NA
2021-06-26 12:00:00,NA,1014.5,10.7,94,NA
2021-06-26 13:00:00,NA,1015.2,10.5,90,NA
2021-06-26 14:00:00,NA,1016.3,10.4,84,NA
2021-06-26 15:00:00,NA,1016.7,10.9,75,NA
2021-06-26 16:00:00,NA,1017.2,11.6,71,NA
2021-06-26 17:00:00,NA,1016.4,12.4,68,NA
2021-06-26 18:00:00,NA,1015.9,12.7,66,NA
2021-06-26 19:00:00,NA,1016.7,12.5,65,NA
2021-06-26 20:00:00,NA,1017.4,12.1,63,NA
2021-06-26 21:00:00,NA,1018.1,11.3,67,NA
2021-06-26 22:00:00,NA,1019,10.1,75,NA
2021-06-26 23:00:00,NA,1019.7,9,79,NA
2021-06-27 00:00:00,NA,1020.1,9.3,79,NA
2021-06-27 01:00:00,NA,1020.6,8,83,NA
2021-06-27 02:00:00,NA,1021.5,7.8,85,NA
2021-06-28 03:00:00,NA,1027.7,2.1,91,NA
2021-06-28 04:00:00,NA,1028.1,1.9,91,NA
2021-06-28 05:00:00,NA,1027.7,3.7,87,NA
2021-06-28 06:00:00,NA,1027.6,3.2,91,NA
2021-06-28 07:00:00,NA,1027.6,2.9,90,NA
2021-06-28 08:00:00,NA,1028.1,2.4,91,NA
2021-06-28 09:00:00,NA,1028.5,2,89,NA
2021-06-28 10:00:00,NA,1028.8,1.3,92,NA
2021-06-28 11:00:00,NA,1029.3,1.4,91,NA
2021-06-28 12:00:00,NA,1029.8,2.7,89,NA
2021-06-28 13:00:00,NA,1030.6,4.3,86,NA
2021-06-28 14:00:00,NA,1030.7,6.1,82,NA
2021-06-28 15:00:00,NA,1030.7,7.7,78,NA
2021-06-28 16:00:00,NA,1029.8,8.2,74,NA
2021-06-28 17:00:00,NA,1029.1,8.3,75,NA
2021-06-28 18:00:00,NA,1028.5,9.4,67,NA
2021-06-28 19:00:00,NA,1028,10.5,59,NA
2021-06-28 20:00:00,NA,1028.1,10.1,63,NA
2021-06-28 21:00:00,NA,1028.5,7.9,69,NA
2021-06-28 22:00:00,NA,1028.7,6.1,74,NA
2021-06-28 23:00:00,NA,1029.1,4.6,79,NA
2021-06-29 00:00:00,NA,1029.4,3.3,86,NA
2021-06-29 01:00:00,NA,1029.7,3.1,88,NA
2021-06-29 02:00:00,NA,1029.8,2.8,88,NA
2021-06-30 03:00:00,NA,1028.5,0.6,92,NA
2021-06-30 04:00:00,NA,1028.3,0.9,92,NA
2021-06-30 05:00:00,NA,1028.1,0.4,94,NA
2021-06-30 06:00:00,NA,1027.9,0,92,NA
2021-06-30 07:00:00,NA,1027.3,0.3,96,NA
2021-06-30 08:00:00,NA,1027,0.5,96,NA
2021-06-30 09:00:00,NA,1026.9,0.6,94,NA
2021-06-30 10:00:00,NA,1026.7,2.3,93,NA
2021-06-30 11:00:00,NA,1026.9,2.1,93,NA
2021-06-30 12:00:00,NA,1027.4,3.4,90,NA
2021-06-30 13:00:00,NA,1027.9,5.9,85,NA
2021-06-30 14:00:00,NA,1027.9,7.8,78,NA
2021-06-30 15:00:00,NA,1027,10.5,66,NA
2021-06-30 16:00:00,NA,1026.1,12.6,54,NA
2021-06-30 17:00:00,NA,1024.4,13.2,47,NA
2021-06-30 18:00:00,NA,1023.3,12.3,46,NA
2021-06-30 19:00:00,NA,1022.9,12.7,47,NA
2021-06-30 20:00:00,NA,1022.3,12.7,52,NA
2021-06-30 21:00:00,NA,1022.4,11.6,59,NA
2021-06-30 22:00:00,NA,1022.2,10.5,59,NA
2021-06-30 23:00:00,NA,1022.4,9.8,61,NA
2021-07-01 00:00:00,NA,1022.5,9.6,63,NA
2021-07-01 01:00:00,NA,1022.7,9.2,64,NA
2021-07-01 02:00:00,NA,1022.7,8.4,69,NA
