2021-01-07 00:00:00,1002.8,NA,NA,NA,NA
2021-01-07 03:00:00,1003,1009.2,23.6,59,NA
2021-01-07 06:00:00,1004.4,1010.5,22,66,NA
2021-01-07 09:00:00,1004.8,1010.9,19.2,79,NA
2021-01-07 10:00:00,1005.3,1011.5,20.2,76,NA
2021-01-07 11:00:00,1005.6,1011.9,23,64,NA
2021-01-07 12:00:00,1005.8,1012.1,25.4,54,NA
2021-01-07 13:00:00,NA,1011.8,27.6,42,NA
2021-01-07 14:00:00,1005.5,1011.6,28.4,40,NA
2021-01-07 15:00:00,1005.5,1011.6,29.6,34,NA
2021-01-07 16:00:00,1004.7,1010.8,30.8,33,NA
2021-01-07 17:00:00,1004.3,1010.4,31.3,29,NA
2021-01-07 18:00:00,1004.1,1010.3,32,28,NA
2021-01-07 19:00:00,1003.4,1009.5,32.7,27,NA
2021-01-07 20:00:00,1003.2,1009.3,32.6,29,NA
2021-01-07 21:00:00,1003,1009.2,31.8,28,NA
2021-01-07 22:00:00,1003.2,1009.4,31,33,NA
2021-01-07 23:00:00,1003.3,1009.5,27.8,44,NA
2021-01-08 00:00:00,NA,1009.7,26,49,NA
2021-01-09 00:00:00,1002.6,NA,NA,NA,NA
2021-01-09 03:00:00,1002.9,1009.1,25.2,62,NA
2021-01-09 06:00:00,1002,1008.2,21.4,76,NA
2021-01-09 09:00:00,1001.6,1007.7,20.8,72,NA
2021-01-09 10:00:00,1003.2,1009.4,21.4,67,NA
2021-01-09 11:00:00,1004.6,1010.9,21.8,69,NA
2021-01-09 12:00:00,1005.7,1011.9,23.8,60,NA
2021-01-09 13:00:00,1005.6,1011.8,26.2,57,NA
2021-01-09 14:00:00,1004.9,1011,28.4,54,NA
2021-01-09 15:00:00,1004.4,1010.5,29.6,42,NA
2021-01-09 16:00:00,1003.6,1009.7,30.6,47,NA
2021-01-09 17:00:00,1003.2,1009.3,28.8,49,NA
2021-01-09 18:00:00,1001.7,1007.9,28.1,65,NA
2021-01-09 19:00:00,1001.9,1008,26.8,59,NA
2021-01-09 20:00:00,1001.6,1007.8,27.4,63,NA
2021-01-09 21:00:00,1002,1008.2,27.6,58,NA
2021-01-09 22:00:00,1001.8,1008.1,27.6,56,NA
2021-01-09 23:00:00,1002.1,1008.4,26.6,62,NA
2021-01-10 00:00:00,NA,1008.8,24,76,NA
2021-01-11 00:00:00,1000,NA,NA,NA,NA
2021-01-11 03:00:00,999.8,1005.9,28.1,67,NA
2021-01-11 06:00:00,997.8,1003.9,27.2,73,NA
2021-01-11 09:00:00,998.9,1004.9,25.6,84,NA
2021-01-11 10:00:00,1000,1006.1,26.6,81,NA
2021-01-11 11:00:00,1001,1007.2,28,76,NA
2021-01-11 12:00:00,1000.1,1006.3,30.2,68,NA
2021-01-11 13:00:00,999.2,1005.2,33.2,56,NA
2021-01-11 14:00:00,998.4,1004.4,34.6,48,NA
2021-01-11 15:00:00,998.2,1004.3,36.2,42,NA
2021-01-11 16:00:00,997.8,1003.8,36,45,NA
2021-01-11 17:00:00,996.2,1002.2,36,46,NA
2021-01-11 18:00:00,995.3,1001.4,37.8,45,NA
2021-01-11 19:00:00,994.6,1000.6,36,47,NA
2021-01-11 20:00:00,997.9,1003.9,24,91,NA
2021-01-11 21:00:00,1001.4,1007.7,23,96,NA
2021-01-11 22:00:00,NA,1007.2,20.6,95,NA
2021-01-11 23:00:00,1001.6,1007.8,21.4,91,NA
2021-01-12 00:00:00,NA,1009.1,21.4,93,NA
2021-01-13 00:00:00,1008.1,NA,NA,NA,NA
2021-01-13 03:00:00,1010.6,1017,20.6,89,NA
2021-01-13 06:00:00,1010.4,1016.7,19.6,87,NA
2021-01-13 09:00:00,1011.3,1017.6,18,87,NA
2021-01-13 10:00:00,1012,1018.3,18.2,87,NA
2021-01-13 11:00:00,1012.4,1018.7,20,78,NA
2021-01-13 12:00:00,1012.4,1018.6,22,72,NA
2021-01-13 13:00:00,1012.4,1018.7,24.6,67,NA
2021-01-13 14:00:00,1012,1018.3,26.4,61,NA
2021-01-13 15:00:00,1011.7,1017.9,27.8,58,NA
2021-01-13 16:00:00,1011.1,1017.3,28.2,56,NA
2021-01-13 17:00:00,1010.3,1016.5,29.8,51,NA
2021-01-13 18:00:00,1009.8,1016.1,30.4,48,NA
2021-01-13 19:00:00,1009.1,1015.3,31,41,NA
2021-01-13 20:00:00,1008.4,1014.6,30.6,45,NA
2021-01-13 21:00:00,1008.2,1014.6,30,47,NA
2021-01-13 22:00:00,1008.1,1014.4,28,56,NA
2021-01-13 23:00:00,1008.4,1014.7,26.6,58,NA
2021-01-14 00:00:00,NA,1015.7,24.8,66,NA
2021-01-15 00:00:00,1004.8,NA,NA,NA,NA
2021-01-15 03:00:00,1005.7,1012,22.8,72,NA
2021-01-15 06:00:00,1004.2,1010.5,21.8,76,NA
2021-01-15 09:00:00,1003.3,1009.5,21,79,NA
2021-01-15 10:00:00,1003.7,1009.9,21,81,NA
2021-01-15 11:00:00,1004.1,1010.3,22.8,78,NA
2021-01-15 12:00:00,1003.6,1009.8,24.6,73,NA
2021-01-15 13:00:00,1002.8,1009,27.6,66,NA
2021-01-15 14:00:00,1002,1008.1,30,62,NA
2021-01-15 15:00:00,1001.4,1007.6,31,61,NA
2021-01-15 16:00:00,1000.7,1006.8,32.4,59,NA
2021-01-15 17:00:00,998.7,1004.8,32.6,59,NA
2021-01-15 18:00:00,997.7,1003.8,32.6,58,NA
2021-01-15 19:00:00,997.2,1003.3,31.6,63,NA
2021-01-15 20:00:00,997.2,1003.3,30.4,71,NA
2021-01-15 21:00:00,996.6,1002.7,29.8,74,NA
2021-01-15 22:00:00,998.9,1005.2,23,93,NA
2021-01-15 23:00:00,NA,1005.7,21.6,97,NA
2021-01-16 00:00:00,NA,1005.2,21.8,96,NA
2021-01-17 00:00:00,997.7,NA,NA,NA,NA
2021-01-17 03:00:00,1000,1006.1,22.8,91,NA
2021-01-17 06:00:00,999.6,1005.8,22.8,87,NA
2021-01-17 09:00:00,1000.2,1006.4,20.4,84,NA
2021-01-17 10:00:00,1001,1007.2,19.6,89,NA
2021-01-17 11:00:00,1002.1,1008.3,20,83,NA
2021-01-17 12:00:00,1003,1009.3,19.8,83,NA
2021-01-17 13:00:00,1003.6,1009.8,21.2,77,NA
2021-01-17 14:00:00,1003.8,1010,22.4,65,NA
2021-01-17 15:00:00,1003.8,1010.1,24.4,58,NA
2021-01-17 16:00:00,1004.4,1010.6,25.4,51,NA
2021-01-17 17:00:00,NA,1009.6,25.9,48,NA
2021-01-17 18:00:00,NA,1010.2,26.1,48,NA
2021-01-17 19:00:00,NA,1009.8,26.6,46,NA
2021-01-17 20:00:00,NA,1009.7,26.7,47,NA
2021-01-17 21:00:00,NA,1009.6,26.2,47,NA
2021-01-17 22:00:00,NA,1009.6,25.4,49,NA
2021-01-17 23:00:00,NA,1009.9,23.8,57,NA
2021-01-18 00:00:00,NA,1010.5,22,62,NA
2021-01-19 03:00:00,NA,1015.5,19.6,71,NA
2021-01-19 06:00:00,NA,1015.1,18,79,NA
2021-01-19 09:00:00,NA,1016,17.6,80,NA
2021-01-19 10:00:00,NA,1016.5,18.4,81,NA
2021-01-19 11:00:00,NA,1017.2,20.6,73,NA
2021-01-19 12:00:00,NA,1017.3,22.8,69,NA
2021-01-19 13:00:00,NA,1017.3,25,63,NA
2021-01-19 14:00:00,NA,1017.1,26.6,56,NA
2021-01-19 15:00:00,NA,1016.8,27.6,47,NA
2021-01-19 16:00:00,NA,1016.5,28.6,38,NA
2021-01-19 17:00:00,NA,1015.2,30.2,36,NA
2021-01-19 18:00:00,NA,1014.9,31,34,NA
2021-01-19 19:00:00,NA,1014.1,31.8,33,NA
2021-01-19 20:00:00,NA,NA,31,23,NA
2021-01-19 21:00:00,NA,1013.5,30,31,NA
2021-01-19 22:00:00,NA,1013.3,29.4,36,NA
2021-01-19 23:00:00,NA,1014,26.9,49,NA
2021-01-20 00:00:00,NA,1014.3,24.6,58,NA
2021-01-21 03:00:00,NA,1014.8,23.4,66,NA
2021-01-21 06:00:00,NA,1014.5,21,77,NA
2021-01-21 09:00:00,NA,1015.5,19.6,85,NA
2021-01-21 10:00:00,NA,1015.9,19.8,85,NA
2021-01-21 11:00:00,NA,1016.3,22,78,NA
2021-01-21 12:00:00,NA,1017,24.2,69,NA
2021-01-21 13:00:00,NA,1017,26.4,67,NA
2021-01-21 14:00:00,NA,1016.4,28,64,NA
2021-01-21 15:00:00,NA,1016,29,59,NA
2021-01-21 16:00:00,NA,1015.7,29,61,NA
2021-01-21 17:00:00,NA,1015,30,58,NA
2021-01-21 18:00:00,NA,1014.3,30.8,56,NA
2021-01-21 19:00:00,NA,1014.1,32.3,51,NA
2021-01-21 20:00:00,NA,1014.1,30.6,56,NA
2021-01-21 21:00:00,NA,1014.1,30,58,NA
2021-01-21 22:00:00,NA,1013.9,30,57,NA
2021-01-21 23:00:00,NA,1014.8,28.2,65,NA
2021-01-22 00:00:00,NA,1015.1,27.4,69,NA
2021-01-23 03:00:00,NA,1016,25.8,83,NA
2021-01-23 06:00:00,NA,1014.3,23.8,83,NA
2021-01-23 09:00:00,NA,1015,22.8,88,NA
2021-01-23 10:00:00,NA,1015.3,22.8,88,NA
2021-01-23 11:00:00,NA,1015.4,24,83,NA
2021-01-23 12:00:00,NA,1015.7,25.8,76,NA
2021-01-23 13:00:00,NA,1015.8,27.8,70,NA
2021-01-23 14:00:00,NA,1015.4,29,66,NA
2021-01-23 15:00:00,NA,1015.3,30.4,62,NA
2021-01-23 16:00:00,NA,1014.3,31,59,NA
2021-01-23 17:00:00,NA,1012.9,32.5,54,NA
2021-01-23 18:00:00,NA,1012,33,49,NA
2021-01-23 19:00:00,NA,1011.2,33,50,NA
2021-01-23 20:00:00,NA,1010.3,33.4,50,NA
2021-01-23 21:00:00,NA,1010,33,45,NA
2021-01-23 22:00:00,NA,1010.2,32.6,48,NA
2021-01-23 23:00:00,NA,1010,31,56,NA
2021-01-24 00:00:00,NA,1010.6,29.4,64,NA
2021-01-25 03:00:00,NA,1009.5,24,87,NA
2021-01-25 06:00:00,NA,1007.6,23.8,92,NA
2021-01-25 09:00:00,NA,1008.1,23.4,91,NA
2021-01-25 10:00:00,NA,1008.3,23.6,91,NA
2021-01-25 11:00:00,NA,1008.6,24.4,88,NA
2021-01-25 12:00:00,NA,1008.6,26,83,NA
2021-01-25 13:00:00,NA,1008.4,28,78,NA
2021-01-25 14:00:00,NA,1008,29.4,70,NA
2021-01-25 15:00:00,NA,1008.2,29.8,69,NA
2021-01-25 16:00:00,NA,1007.5,30.4,64,NA
2021-01-25 17:00:00,NA,1005.5,31,61,NA
2021-01-25 18:00:00,NA,1005.1,33,56,NA
2021-01-25 19:00:00,NA,1004.5,33.2,49,NA
2021-01-25 20:00:00,NA,1004,33.4,50,NA
2021-01-25 21:00:00,NA,1002.5,32.8,53,NA
2021-01-25 22:00:00,NA,1002.5,32.4,54,NA
2021-01-25 23:00:00,NA,1002.7,31,61,NA
2021-01-26 00:00:00,NA,1003.5,29.2,70,NA
2021-01-26 15:00:00,997.3,NA,22.8,94,NA
2021-01-26 16:00:00,997.1,NA,23.6,93,NA
2021-01-26 17:00:00,995.6,NA,24.6,93,NA
2021-01-26 18:00:00,995.6,NA,26.4,84,NA
2021-01-26 19:00:00,995.4,NA,25.8,88,NA
2021-01-26 20:00:00,994.6,NA,24,93,NA
2021-01-27 03:00:00,NA,1003.1,23.4,94,NA
2021-01-27 06:00:00,NA,1001.9,23.1,96,NA
2021-01-27 09:00:00,NA,1002.8,22.4,96,NA
2021-01-27 10:00:00,NA,1003.8,22.4,96,NA
2021-01-27 11:00:00,NA,1004.3,22.6,96,NA
2021-01-27 12:00:00,NA,1005.1,23.4,93,NA
2021-01-27 13:00:00,NA,1005.3,24.2,90,NA
2021-01-27 14:00:00,NA,1005.6,25.8,84,NA
2021-01-27 15:00:00,NA,1005.6,26.8,74,NA
2021-01-27 16:00:00,NA,1005.2,28.4,71,NA
2021-01-27 17:00:00,NA,1004.7,30.1,64,NA
2021-01-27 18:00:00,NA,1004.3,31,58,NA
2021-01-27 19:00:00,NA,1003.6,31.6,54,NA
2021-01-27 20:00:00,NA,1003.1,31.3,54,NA
2021-01-27 21:00:00,NA,1003.1,30.9,54,NA
2021-01-27 22:00:00,NA,1003.1,28,67,NA
2021-01-27 23:00:00,NA,1003.7,27,72,NA
2021-01-28 00:00:00,NA,1004.3,25.8,72,NA
2021-01-29 03:00:00,NA,1003.9,24.8,82,NA
2021-01-29 06:00:00,NA,1002.5,22.6,91,NA
2021-01-29 09:00:00,NA,1003.4,23.6,91,NA
2021-01-29 10:00:00,NA,1003.7,23.6,91,NA
2021-01-29 11:00:00,NA,1003.9,24.4,85,NA
2021-01-29 12:00:00,NA,1003.8,25.2,84,NA
2021-01-29 13:00:00,NA,1004.3,27,80,NA
2021-01-29 14:00:00,NA,1004.7,29,73,NA
2021-01-29 15:00:00,NA,1004.4,30.4,71,NA
2021-01-29 16:00:00,NA,1004.8,30.4,71,NA
2021-01-29 17:00:00,NA,1004,28.2,78,NA
2021-01-29 18:00:00,NA,1005,25.6,69,NA
2021-01-29 19:00:00,NA,1001.7,24.2,76,NA
2021-01-29 20:00:00,NA,1001.3,24.6,80,NA
2021-01-29 21:00:00,NA,1002,25.7,78,NA
2021-01-29 22:00:00,NA,1002.8,25.8,75,NA
2021-01-29 23:00:00,NA,1002.5,24.4,83,NA
2021-01-30 00:00:00,NA,1003.4,23.6,82,NA
2021-01-31 03:00:00,1002.1,1008.2,21.6,91,NA
2021-01-31 06:00:00,1001.7,1008,20.4,92,NA
2021-01-31 09:00:00,1002.9,1009.2,18.6,94,NA
2021-01-31 10:00:00,1003.6,1009.8,18.4,94,NA
2021-01-31 11:00:00,1004.1,1010.5,18.6,96,NA
2021-01-31 12:00:00,1004.2,1010.6,19.2,96,NA
2021-01-31 13:00:00,1004.6,1010.9,20.8,91,NA
2021-01-31 14:00:00,1004.6,1010.8,21.8,84,NA
2021-01-31 15:00:00,1004.9,1011.1,22.8,81,NA
2021-01-31 16:00:00,1004.9,1011.1,23.6,80,NA
2021-01-31 17:00:00,1003.9,1010.1,24.1,76,NA
2021-01-31 18:00:00,1003.8,1010.1,24.5,73,NA
2021-01-31 19:00:00,1003.5,1009.7,24.4,74,NA
2021-01-31 20:00:00,1003.1,1009.3,24.9,74,NA
2021-01-31 21:00:00,1003,1009.3,25.1,74,NA
2021-01-31 22:00:00,1003,1009.3,24.8,76,NA
2021-01-31 23:00:00,1002.9,1009.2,23.4,81,NA
2021-02-01 00:00:00,1002.8,1009,22.5,87,NA
2021-02-02 00:00:00,1003.6,NA,NA,NA,NA
2021-02-02 03:00:00,1004.4,1010.6,21.4,95,NA
2021-02-02 06:00:00,1003.6,1009.8,21,95,NA
2021-02-02 09:00:00,1003.6,1009.8,21.4,95,NA
2021-02-02 10:00:00,1003.4,1009.7,21.4,95,NA
2021-02-02 11:00:00,1003.8,1010,23.2,86,NA
2021-02-02 12:00:00,1004.4,1010.6,23.6,85,NA
2021-02-02 13:00:00,1004.3,1010.5,24.4,83,NA
2021-02-02 14:00:00,1004.2,1010.4,24.4,83,NA
2021-02-02 15:00:00,1004.6,1010.8,24.2,90,NA
2021-02-02 16:00:00,1004.3,1010.5,24,92,NA
2021-02-02 17:00:00,NA,1010.1,24,94,NA
2021-02-02 18:00:00,1003.3,1009.5,24.8,93,NA
2021-02-02 19:00:00,1003.1,1009.3,24,93,NA
2021-02-02 20:00:00,1003.1,1009.3,23.8,95,NA
2021-02-02 21:00:00,1002.9,1009.1,22.6,96,NA
2021-02-02 22:00:00,1003.2,1009.4,21.8,95,NA
2021-02-02 23:00:00,1003.6,1009.8,20.8,96,NA
2021-02-03 00:00:00,NA,1010.5,20.6,98,NA
2021-02-04 00:00:00,1004.5,NA,NA,NA,NA
2021-02-04 03:00:00,1006.9,1013.2,19.8,96,NA
2021-02-04 06:00:00,1006.6,1013,19.8,98,NA
2021-02-04 09:00:00,1007.4,1013.8,19.4,96,NA
2021-02-04 10:00:00,1007.8,1014.2,19.2,96,NA
2021-02-04 11:00:00,1008.4,1014.7,19,92,NA
2021-02-04 12:00:00,1008.8,1015.1,19.8,85,NA
2021-02-04 13:00:00,1009.2,1015.5,21.2,79,NA
2021-02-04 14:00:00,1009.7,1016,22.2,76,NA
2021-02-04 15:00:00,1009.7,1016,23.8,72,NA
2021-02-04 16:00:00,1009.7,1016,25.4,62,NA
2021-02-04 17:00:00,1009.4,1015.6,25.8,49,NA
2021-02-04 18:00:00,1009.3,1015.6,27,54,NA
2021-02-04 19:00:00,1008.8,1015,26.8,44,NA
2021-02-04 20:00:00,1008.5,1014.7,27.2,48,NA
2021-02-04 21:00:00,1008.4,1014.6,26.8,51,NA
2021-02-04 22:00:00,1008.5,1014.7,25.4,54,NA
2021-02-04 23:00:00,1008,1014.2,23.2,64,NA
2021-02-05 00:00:00,NA,1014.4,21.6,71,NA
2021-02-05 03:00:00,NA,1015.3,20.2,80,NA
2021-02-05 06:00:00,NA,1014.9,18,84,NA
2021-02-05 09:00:00,NA,1014.4,16.2,90,NA
2021-02-05 10:00:00,NA,1015.2,16,91,NA
2021-02-05 11:00:00,NA,1015.6,18,88,NA
2021-02-05 12:00:00,NA,1015.6,21,74,NA
2021-02-05 13:00:00,NA,1015.9,23,69,NA
2021-02-05 14:00:00,NA,1015.7,24.8,63,NA
2021-02-05 15:00:00,NA,1015.2,25.8,61,NA
2021-02-05 16:00:00,NA,1014.4,26.2,56,NA
2021-02-05 17:00:00,NA,1013.2,27.5,50,NA
2021-02-05 18:00:00,NA,1012.9,28.2,48,NA
2021-02-05 19:00:00,NA,1012.2,28.1,46,NA
2021-02-05 20:00:00,NA,1012,28,45,NA
2021-02-05 21:00:00,NA,1011.5,27.5,45,NA
2021-02-05 22:00:00,NA,1011.3,26.5,54,NA
2021-02-05 23:00:00,NA,1011.7,24.3,66,NA
2021-02-06 00:00:00,1005.7,1012,22.1,76,NA
2021-02-06 03:00:00,1006.4,NA,NA,NA,NA
2021-02-06 06:00:00,1006.4,NA,NA,NA,NA
2021-02-06 09:00:00,1006.5,NA,NA,NA,NA
2021-02-06 10:00:00,1007.2,NA,NA,NA,NA
2021-02-06 11:00:00,1008.2,NA,NA,NA,NA
2021-02-06 12:00:00,1008.5,NA,NA,NA,NA
2021-02-06 13:00:00,1008.7,NA,NA,NA,NA
2021-02-06 14:00:00,1009,NA,NA,NA,NA
2021-02-06 15:00:00,1008.5,NA,NA,NA,NA
2021-02-06 16:00:00,1007.9,NA,NA,NA,NA
2021-02-06 17:00:00,1008,NA,NA,NA,NA
2021-02-06 18:00:00,1007.4,NA,NA,NA,NA
2021-02-06 19:00:00,1006.8,NA,NA,NA,NA
2021-02-06 20:00:00,1006.4,NA,NA,NA,NA
2021-02-06 21:00:00,1005.8,NA,NA,NA,NA
2021-02-06 22:00:00,1005.4,NA,NA,NA,NA
2021-02-06 23:00:00,1005.4,NA,NA,NA,NA
2021-02-08 00:00:00,1005.8,NA,NA,NA,NA
2021-02-08 03:00:00,1007.2,1013.4,22.6,74,NA
2021-02-08 06:00:00,1007,1013.2,20.2,89,NA
2021-02-08 09:00:00,NA,1012.2,19.2,92,NA
2021-02-08 10:00:00,NA,1013.3,19.8,89,NA
2021-02-08 11:00:00,NA,1014.2,22,79,NA
2021-02-08 12:00:00,NA,1014.4,24.2,74,NA
2021-02-08 13:00:00,NA,1014.4,26.2,68,NA
2021-02-08 14:00:00,NA,1014.6,28.2,60,NA
2021-02-08 15:00:00,NA,1014.2,29.6,54,NA
2021-02-08 16:00:00,NA,1013.5,30.4,51,NA
2021-02-08 17:00:00,NA,1012.6,31.5,44,NA
2021-02-08 18:00:00,NA,1011.8,32.3,45,NA
2021-02-08 19:00:00,NA,1011.1,32.2,42,NA
2021-02-08 20:00:00,NA,1010.9,32.3,41,NA
2021-02-08 21:00:00,NA,1010.6,31.8,45,NA
2021-02-08 22:00:00,NA,1010.7,30,55,NA
2021-02-08 23:00:00,NA,1011.1,27.8,60,NA
2021-02-09 00:00:00,NA,1011.5,26,68,NA
2021-02-10 03:00:00,NA,1015.6,21,81,NA
2021-02-10 06:00:00,NA,1014.5,19.6,89,NA
2021-02-10 09:00:00,NA,1014.5,18.8,81,NA
2021-02-10 10:00:00,NA,1014.3,18.8,85,NA
2021-02-10 11:00:00,NA,1014.2,20.4,84,NA
2021-02-10 12:00:00,NA,1014.7,21.2,79,NA
2021-02-10 13:00:00,NA,1015.2,23.6,77,NA
2021-02-10 14:00:00,NA,1015.2,25.8,68,NA
2021-02-10 15:00:00,NA,1015.1,27.4,65,NA
2021-02-10 16:00:00,NA,1014.5,27.8,62,NA
2021-02-10 17:00:00,NA,1013.4,27.3,57,NA
2021-02-10 18:00:00,NA,1013.5,23.4,72,NA
2021-02-10 19:00:00,NA,1013.1,23,81,NA
2021-02-10 20:00:00,NA,1013.5,21.6,86,NA
2021-02-10 21:00:00,NA,1012.7,21.6,84,NA
2021-02-10 22:00:00,NA,1012.2,20.6,91,NA
2021-02-11 00:00:00,NA,1012.6,20,92,NA
2021-02-10 23:00:00,1006.1,NA,20,94,NA
2021-02-11 03:00:00,1007.3,NA,19.8,90,NA
2021-02-11 06:00:00,1006.4,NA,19.8,88,NA
2021-02-11 09:00:00,1005.3,NA,17.8,93,NA
2021-02-11 10:00:00,1006.2,NA,17.2,96,NA
2021-02-11 11:00:00,1006.5,NA,19,96,NA
2021-02-11 12:00:00,1007.3,NA,21,88,NA
2021-02-11 13:00:00,1007.6,NA,22.6,79,NA
2021-02-11 14:00:00,1007.3,NA,24,75,NA
2021-02-11 15:00:00,1006.8,NA,25.2,71,NA
2021-02-11 16:00:00,1006.4,NA,26.6,65,NA
2021-02-11 17:00:00,1005.8,NA,27.7,56,NA
2021-02-11 18:00:00,1004.9,NA,27.9,55,NA
2021-02-11 19:00:00,1004.3,NA,28,59,NA
2021-02-11 20:00:00,1005,NA,23,74,NA
2021-02-11 21:00:00,1004.1,NA,23.9,81,NA
2021-02-11 23:00:00,1004.4,NA,24.2,76,NA
2021-02-12 03:00:00,NA,1011.2,22.4,90,NA
2021-02-12 06:00:00,NA,1011.6,20.6,91,NA
2021-02-12 09:00:00,NA,1011.8,20,95,NA
2021-02-12 10:00:00,NA,1011.8,20,96,NA
2021-02-12 11:00:00,NA,1012.4,20.9,93,NA
2021-02-12 12:00:00,NA,1012.6,22.2,88,NA
2021-02-12 13:00:00,NA,1012.4,23.9,80,NA
2021-02-12 14:00:00,NA,1012.2,25.2,75,NA
2021-02-12 15:00:00,NA,1012.1,27,69,NA
2021-02-12 16:00:00,NA,1011.7,27.2,67,NA
2021-02-12 17:00:00,NA,1011.2,28,61,NA
2021-02-12 18:00:00,NA,1010.3,28,59,NA
2021-02-12 19:00:00,NA,1009.8,29.4,55,NA
2021-02-12 20:00:00,NA,1009.4,29.2,56,NA
2021-02-12 21:00:00,NA,1008.8,29,57,NA
2021-02-12 22:00:00,NA,1008.4,28.6,58,NA
2021-02-12 23:00:00,1002.8,NA,26,72,NA
2021-02-13 00:00:00,1003.2,NA,24.6,77,NA
2021-02-13 03:00:00,1004.8,NA,21.8,91,NA
2021-02-13 06:00:00,1003.2,NA,21.4,91,NA
2021-02-13 09:00:00,1003.2,NA,20.4,94,NA
2021-02-13 10:00:00,1003.6,NA,20.5,95,NA
2021-02-13 11:00:00,1003.8,NA,21.6,91,NA
2021-02-13 12:00:00,1003.8,NA,23.2,84,NA
2021-02-13 13:00:00,1004.8,NA,25.4,76,NA
2021-02-13 14:00:00,1004.8,NA,27.8,66,NA
2021-02-13 15:00:00,1005,NA,29.2,57,NA
2021-02-13 16:00:00,1004.5,NA,30.4,53,NA
2021-02-13 17:00:00,1002.2,NA,29,50,NA
2021-02-13 18:00:00,1002.2,NA,28.8,54,NA
2021-02-13 19:00:00,1001.7,NA,27.8,59,NA
2021-02-13 20:00:00,1001.3,NA,27.2,64,NA
2021-02-13 21:00:00,1000.8,NA,26.2,69,NA
2021-02-13 22:00:00,1000.5,NA,26,66,NA
2021-02-13 23:00:00,1000.8,NA,26.8,62,NA
2021-02-14 03:00:00,NA,1008.3,22.2,83,NA
2021-02-14 06:00:00,NA,1007.8,21.4,86,NA
2021-02-14 09:00:00,NA,1007,21.6,82,NA
2021-02-14 10:00:00,NA,1007.6,21.4,86,NA
2021-02-14 11:00:00,NA,1007.8,22.6,81,NA
2021-02-14 12:00:00,NA,1008.4,24,77,NA
2021-02-14 13:00:00,NA,1008,26,69,NA
2021-02-14 14:00:00,NA,1008,27.8,65,NA
2021-02-14 15:00:00,NA,1008.1,28.8,59,NA
2021-02-14 16:00:00,NA,1007.5,28.8,57,NA
2021-02-14 17:00:00,NA,1006.4,27.8,65,NA
2021-02-14 18:00:00,NA,1005.7,26.4,77,NA
2021-02-14 19:00:00,NA,1005.2,24,81,NA
2021-02-14 20:00:00,NA,1005.4,26.4,70,NA
2021-02-14 21:00:00,NA,1005.2,26.4,65,NA
2021-02-14 22:00:00,NA,1004.9,25,74,NA
2021-02-14 23:00:00,NA,1005.1,24,78,NA
2021-02-15 00:00:00,998.9,NA,23.4,81,NA
2021-02-15 03:00:00,1000,NA,22.4,91,NA
2021-02-15 06:00:00,1000.5,NA,22.4,92,NA
2021-02-15 09:00:00,1000.9,NA,20.3,93,NA
2021-02-15 10:00:00,1001.2,NA,20,94,NA
2021-02-15 11:00:00,1001.6,NA,21.6,92,NA
2021-02-15 12:00:00,1001.8,NA,23.9,86,NA
2021-02-15 13:00:00,1002.2,NA,26.3,73,NA
2021-02-15 14:00:00,1002.7,NA,28.8,67,NA
2021-02-15 15:00:00,1002.8,NA,29,60,NA
2021-02-15 16:00:00,1002.3,NA,29.6,58,NA
2021-02-15 17:00:00,1002,NA,30.6,53,NA
2021-02-15 18:00:00,1001.6,NA,30.6,52,NA
2021-02-15 19:00:00,1000.9,NA,30.8,50,NA
2021-02-15 20:00:00,1000.4,NA,30.4,48,NA
2021-02-15 21:00:00,1000,NA,29.4,52,NA
2021-02-15 22:00:00,1000.5,NA,27.8,54,NA
2021-02-15 23:00:00,1000.5,NA,26,65,NA
2021-02-16 03:00:00,NA,1009.4,23.1,72,NA
2021-02-16 06:00:00,NA,1009.5,20.2,84,NA
2021-02-16 09:00:00,NA,1009.5,19,87,NA
2021-02-16 10:00:00,NA,1009.9,18.2,90,NA
2021-02-16 11:00:00,NA,1010.2,20,85,NA
2021-02-16 12:00:00,NA,1010.7,22.8,78,NA
2021-02-16 13:00:00,NA,1011.4,24.8,72,NA
2021-02-16 14:00:00,NA,1011.4,26,67,NA
2021-02-16 15:00:00,NA,1010.8,26.8,64,NA
2021-02-16 16:00:00,NA,1010.2,26.8,62,NA
2021-02-16 17:00:00,NA,1009.5,28.2,59,NA
2021-02-16 18:00:00,NA,1009.3,28.6,53,NA
2021-02-16 19:00:00,NA,1009.2,28.8,52,NA
2021-02-16 20:00:00,NA,1008.2,29,46,NA
2021-02-16 21:00:00,NA,1008,28.2,45,NA
2021-02-16 22:00:00,NA,1007.9,27,51,NA
2021-02-16 23:00:00,NA,1008.2,24.8,60,NA
2021-02-17 00:00:00,1002.2,NA,24.2,60,NA
2021-02-17 03:00:00,1003.7,NA,19.8,76,NA
2021-02-17 06:00:00,1003.8,NA,17.8,74,NA
2021-02-17 09:00:00,1002.1,NA,15.6,81,NA
2021-02-17 10:00:00,1003.7,NA,14.8,85,NA
2021-02-17 11:00:00,1004.2,NA,16.8,81,NA
2021-02-17 12:00:00,1004.4,NA,20,67,NA
2021-02-17 13:00:00,1004.5,NA,23.2,55,NA
2021-02-17 14:00:00,1004.5,NA,24.4,46,NA
2021-02-17 15:00:00,1004.1,NA,25.2,40,NA
2021-02-17 16:00:00,1004,NA,26.2,46,NA
2021-02-17 17:00:00,1003.5,NA,27.4,47,NA
2021-02-17 18:00:00,1002.8,NA,28,46,NA
2021-02-17 19:00:00,1002.2,NA,28.5,38,NA
2021-02-17 20:00:00,1001.8,NA,28.4,32,NA
2021-02-17 21:00:00,1001.7,NA,27.8,34,NA
2021-02-17 22:00:00,1001.7,NA,26.9,39,NA
2021-02-18 03:00:00,NA,1008.6,18.8,67,NA
2021-02-18 06:00:00,NA,1009,16.4,78,NA
2021-02-18 09:00:00,NA,1010,15.2,85,NA
2021-02-18 10:00:00,NA,1010.2,15.6,84,NA
2021-02-18 11:00:00,NA,1010.7,17.3,84,NA
2021-02-18 12:00:00,NA,1011.3,22.6,71,NA
2021-02-18 13:00:00,NA,1011.7,25.1,66,NA
2021-02-18 14:00:00,NA,1011.2,26.3,59,NA
2021-02-18 15:00:00,NA,1010.9,28,52,NA
2021-02-18 16:00:00,NA,1010.5,29.2,49,NA
2021-02-18 17:00:00,NA,1010.2,29.8,45,NA
2021-02-18 18:00:00,NA,1009.6,30.2,43,NA
2021-02-18 19:00:00,NA,1009,30.6,42,NA
2021-02-18 20:00:00,NA,1008.3,30.2,41,NA
2021-02-18 21:00:00,NA,1008.4,29.8,38,NA
2021-02-18 22:00:00,NA,1008.4,28,45,NA
2021-02-18 23:00:00,NA,1008.7,26.6,55,NA
2021-02-19 00:00:00,1003.2,NA,24.2,62,NA
2021-02-19 03:00:00,1004,NA,20.5,77,NA
2021-02-19 06:00:00,1003.7,NA,18.2,82,NA
2021-02-19 09:00:00,1004.6,NA,17.2,83,NA
2021-02-19 10:00:00,1005.2,NA,17.4,82,NA
2021-02-19 11:00:00,1005.6,NA,17.8,74,NA
2021-02-19 12:00:00,1006.6,NA,23.2,64,NA
2021-02-19 13:00:00,1006.9,NA,26.8,56,NA
2021-02-19 14:00:00,1006.9,NA,29,45,NA
2021-02-19 15:00:00,1006.9,NA,29.8,42,NA
2021-02-19 16:00:00,1006.6,NA,31.2,38,NA
2021-02-19 17:00:00,1006.2,NA,31.6,39,NA
2021-02-19 18:00:00,1006.4,NA,32.4,39,NA
2021-02-19 19:00:00,1005.8,NA,31.6,40,NA
2021-02-19 20:00:00,1005.6,NA,29.8,44,NA
2021-02-19 21:00:00,1005.4,NA,28.6,55,NA
2021-02-19 22:00:00,1005.7,NA,27.6,56,NA
2021-02-19 23:00:00,1006,NA,26.2,62,NA
2021-02-20 03:00:00,NA,1014.3,23.4,72,NA
2021-02-20 06:00:00,NA,1014.2,21,82,NA
2021-02-20 09:00:00,NA,1014.6,19.8,85,NA
2021-02-20 10:00:00,NA,1015.3,19.2,87,NA
2021-02-20 11:00:00,NA,1015.9,20.6,86,NA
2021-02-20 12:00:00,NA,1016.2,23.6,74,NA
2021-02-20 13:00:00,NA,1016.3,26.6,63,NA
2021-02-20 14:00:00,NA,1016.3,28.8,51,NA
2021-02-20 15:00:00,NA,1016,30.6,44,NA
2021-02-20 16:00:00,NA,1015.5,31,43,NA
2021-02-20 17:00:00,NA,1014.6,32.1,42,NA
2021-02-20 18:00:00,NA,1013.7,32.5,38,NA
2021-02-20 19:00:00,NA,1013.1,32.6,39,NA
2021-02-20 20:00:00,NA,1012.5,32.2,39,NA
2021-02-20 21:00:00,NA,1012.2,31.8,41,NA
2021-02-20 22:00:00,NA,1012.1,29.8,49,NA
2021-02-20 23:00:00,NA,1012.1,26.9,59,NA
2021-02-21 00:00:00,1006.2,NA,25,68,NA
2021-02-21 03:00:00,1006.8,NA,22.2,77,NA
2021-02-21 06:00:00,1007.3,NA,20.6,79,NA
2021-02-21 09:00:00,1007.7,NA,20.4,81,NA
2021-02-21 10:00:00,1008.2,NA,20.3,82,NA
2021-02-21 11:00:00,1008.5,NA,21.6,79,NA
2021-02-21 12:00:00,1009.2,NA,23.5,75,NA
2021-02-21 13:00:00,1008.4,NA,27,67,NA
2021-02-21 14:00:00,1008.6,NA,29.2,57,NA
2021-02-21 15:00:00,1008.5,NA,30.4,52,NA
2021-02-21 16:00:00,1007.8,NA,31.4,49,NA
2021-02-21 17:00:00,1007.3,NA,32,44,NA
2021-02-21 18:00:00,1006.4,NA,33,40,NA
2021-02-21 19:00:00,1005.6,NA,32.8,39,NA
2021-02-21 20:00:00,1005.2,NA,32.8,37,NA
2021-02-21 21:00:00,1004.5,NA,32.4,36,NA
2021-02-21 22:00:00,1004.2,NA,31.6,38,NA
2021-02-21 23:00:00,1004.2,NA,29.4,52,NA
2021-02-22 03:00:00,NA,1011.6,24.3,66,NA
2021-02-22 06:00:00,NA,1011.1,23.7,70,NA
2021-02-22 09:00:00,NA,1011.1,22.8,76,NA
2021-02-22 10:00:00,NA,1010.8,22.8,76,NA
2021-02-22 11:00:00,NA,1010.8,23,74,NA
2021-02-22 12:00:00,NA,1011,22.6,81,NA
2021-02-22 13:00:00,NA,1011.1,23.2,83,NA
2021-02-22 14:00:00,NA,1011.1,27.6,70,NA
2021-02-22 15:00:00,NA,1011.1,29.2,64,NA
2021-02-22 16:00:00,NA,1010.5,31.2,54,NA
2021-02-22 17:00:00,NA,1009.5,32.6,47,NA
2021-02-22 18:00:00,NA,1009.1,34.6,41,NA
2021-02-22 19:00:00,NA,1008.3,34.6,39,NA
2021-02-22 20:00:00,NA,1008.1,35,38,NA
2021-02-22 21:00:00,NA,1008.1,34.6,37,NA
2021-02-22 22:00:00,NA,1007.8,33,48,NA
2021-02-22 23:00:00,NA,1007.8,30,67,NA
2021-02-23 00:00:00,1002,NA,28.2,69,NA
2021-02-23 03:00:00,1003.7,NA,25.6,77,NA
2021-02-23 06:00:00,1003.2,NA,24.8,75,NA
2021-02-23 09:00:00,1003,NA,22.6,82,NA
2021-02-23 10:00:00,1002.9,NA,22.4,79,NA
2021-02-23 11:00:00,1004.1,NA,23,79,NA
2021-02-23 12:00:00,1007.3,NA,23.2,78,NA
2021-02-23 13:00:00,1007.4,NA,22.6,94,NA
2021-02-23 14:00:00,1006.8,NA,23.4,91,NA
2021-02-23 15:00:00,1006.1,NA,24.2,89,NA
2021-02-23 16:00:00,1007.2,NA,26,81,NA
2021-02-23 17:00:00,1006.7,NA,26.1,80,NA
2021-02-23 18:00:00,1006.5,NA,26.1,80,NA
2021-02-23 20:00:00,1005.6,NA,25,91,NA
2021-02-23 21:00:00,1005.7,NA,24.5,87,NA
2021-02-23 22:00:00,1006.1,NA,24,91,NA
2021-02-24 03:00:00,NA,1013.9,22,95,NA
2021-02-24 06:00:00,NA,1013.1,20.6,98,NA
2021-02-24 09:00:00,NA,1014,20.6,95,NA
2021-02-24 10:00:00,NA,1014.4,19.8,83,NA
2021-02-24 11:00:00,NA,1015.2,20.4,87,NA
2021-02-24 12:00:00,NA,1015.8,22,83,NA
2021-02-24 13:00:00,NA,1015.7,24,80,NA
2021-02-24 14:00:00,NA,1015.7,26.2,70,NA
2021-02-24 15:00:00,NA,1015.5,28.2,67,NA
2021-02-24 16:00:00,NA,1014.9,28.4,63,NA
2021-02-24 17:00:00,NA,1014.4,29.8,57,NA
2021-02-24 18:00:00,NA,1013.9,30.2,53,NA
2021-02-24 19:00:00,NA,1012.6,30.4,52,NA
2021-02-24 20:00:00,NA,1011.5,30.4,51,NA
2021-02-24 21:00:00,NA,1011.7,29.8,54,NA
2021-02-24 23:00:00,NA,1012,27.6,61,NA
2021-02-25 00:00:00,1005.7,NA,25.2,70,NA
2021-02-25 03:00:00,1007.7,NA,21.8,77,NA
2021-02-25 06:00:00,1007.4,NA,19.8,79,NA
2021-02-25 09:00:00,1007.2,NA,17.8,80,NA
2021-02-25 10:00:00,1007.6,NA,17.4,84,NA
2021-02-25 11:00:00,1008.5,NA,19,75,NA
2021-02-25 12:00:00,1009.4,NA,22,63,NA
2021-02-25 14:00:00,1009.8,NA,25.8,55,NA
2021-02-25 15:00:00,1009.6,NA,27.8,45,NA
2021-02-25 16:00:00,1009.2,NA,28.6,40,NA
2021-02-25 17:00:00,1007.6,NA,29.4,42,NA
2021-02-25 18:00:00,1007.2,NA,30,38,NA
2021-02-25 19:00:00,1006.5,NA,30.8,38,NA
2021-02-25 20:00:00,1005.8,NA,31,39,NA
2021-02-25 21:00:00,1005.4,NA,30.6,37,NA
2021-02-25 22:00:00,1005.4,NA,29.2,42,NA
2021-02-25 23:00:00,1005.4,NA,26.6,53,NA
2021-02-26 03:00:00,NA,1013.5,22,66,NA
2021-02-26 06:00:00,NA,1013.2,19.4,76,NA
2021-02-26 09:00:00,NA,1012.5,18.4,79,NA
2021-02-26 10:00:00,NA,1013,17.8,82,NA
2021-02-26 11:00:00,NA,1013.6,19.2,76,NA
2021-02-26 12:00:00,NA,1014.1,22,68,NA
2021-02-26 13:00:00,NA,1014.6,24.3,61,NA
2021-02-26 14:00:00,NA,1014,25.8,60,NA
2021-02-26 15:00:00,NA,1013.6,28,59,NA
2021-02-26 16:00:00,NA,1012.7,29.2,55,NA
2021-02-26 17:00:00,NA,1012.2,31.2,50,NA
2021-02-26 18:00:00,NA,1011.5,32.2,41,NA
2021-02-26 19:00:00,NA,1010.7,32.2,39,NA
2021-02-26 20:00:00,NA,1010.4,32.6,42,NA
2021-02-26 21:00:00,NA,1010.1,32,42,NA
2021-02-26 22:00:00,NA,1010,31,47,NA
2021-02-26 23:00:00,1004.1,NA,28.6,59,NA
2021-02-27 00:00:00,1005,NA,28,63,NA
2021-02-27 03:00:00,1006.9,NA,24.6,72,NA
2021-02-27 06:00:00,1008.6,NA,22,82,NA
2021-02-27 09:00:00,1009.2,NA,20.3,84,NA
2021-02-27 10:00:00,1009.6,NA,20,83,NA
2021-02-27 11:00:00,1010,NA,20.8,82,NA
2021-02-27 12:00:00,1010.2,NA,23.1,74,NA
2021-02-27 13:00:00,1010.6,NA,25.4,69,NA
2021-02-27 14:00:00,1010.6,NA,27,63,NA
2021-02-27 15:00:00,1010.1,NA,29.2,57,NA
2021-02-27 16:00:00,1009.6,NA,30.8,54,NA
2021-02-27 17:00:00,1009.2,NA,31,52,NA
2021-02-27 18:00:00,1008.5,NA,32.2,51,NA
2021-02-27 19:00:00,1007.6,NA,32.8,48,NA
2021-02-27 20:00:00,1006.9,NA,32.8,46,NA
2021-02-27 21:00:00,1006.9,NA,32.4,46,NA
2021-02-27 22:00:00,1006.9,NA,31.4,51,NA
2021-02-27 23:00:00,1006.6,NA,29.2,58,NA
2021-02-28 03:00:00,NA,1014.9,25.2,69,NA
2021-02-28 06:00:00,NA,1015.6,22.6,78,NA
2021-02-28 09:00:00,NA,1015.6,22.4,77,NA
2021-02-28 10:00:00,NA,1016,20,89,NA
2021-02-28 11:00:00,NA,1016.3,20.8,86,NA
2021-02-28 12:00:00,NA,1016.6,23.2,75,NA
2021-02-28 13:00:00,NA,1017.1,25.8,65,NA
2021-02-28 14:00:00,NA,1016.7,27.8,57,NA
2021-02-28 15:00:00,NA,1016,29.4,51,NA
2021-02-28 16:00:00,NA,1015.4,30.2,50,NA
2021-02-28 17:00:00,NA,1013.4,31.4,43,NA
2021-02-28 18:00:00,NA,1013.1,32.4,43,NA
2021-02-28 19:00:00,NA,1012.7,32.4,43,NA
2021-02-28 20:00:00,NA,1011.9,32.4,40,NA
2021-02-28 21:00:00,NA,1011.5,32,39,NA
2021-02-28 22:00:00,NA,1011.2,30.8,41,NA
2021-02-28 23:00:00,NA,1011.2,28.2,56,NA
2021-03-01 00:00:00,NA,1011.7,27,61,NA
2021-03-02 03:00:00,NA,1009.1,25,76,NA
2021-03-02 06:00:00,NA,1009.4,22.8,86,NA
2021-03-02 09:00:00,NA,1010.2,22.3,89,NA
2021-03-02 10:00:00,NA,1010.6,21.8,91,NA
2021-03-02 11:00:00,NA,1011.2,23,88,NA
2021-03-02 12:00:00,NA,1011.8,24.4,83,NA
2021-03-02 13:00:00,NA,1012.1,26.9,75,NA
2021-03-02 14:00:00,NA,1012,28.6,67,NA
2021-03-02 15:00:00,NA,1012,30.6,62,NA
2021-03-02 16:00:00,NA,1011.1,32.2,56,NA
2021-03-02 17:00:00,NA,1010.6,33.6,52,NA
2021-03-02 18:00:00,1003.7,1009.8,32.6,51,NA
2021-03-02 19:00:00,1003.2,1009.3,32.8,50,NA
2021-03-02 20:00:00,1002.6,1008.7,33.8,45,NA
2021-03-02 21:00:00,1002,1008.2,33.8,45,NA
2021-03-02 22:00:00,1002,1008.2,32,50,NA
2021-03-02 23:00:00,1002,1008.2,30,59,NA
2021-03-03 00:00:00,NA,1009,29.2,61,NA
2021-03-04 00:00:00,1005.3,NA,NA,NA,NA
2021-03-04 03:00:00,1007.2,1013.4,24.2,78,NA
2021-03-04 06:00:00,1006,1012.2,21.8,93,NA
2021-03-04 09:00:00,1002.8,1008.9,22,93,NA
2021-03-04 10:00:00,1002.6,1008.8,22,95,NA
2021-03-04 11:00:00,1003.7,1010,22,96,NA
2021-03-04 12:00:00,1004.6,1010.9,22.6,91,NA
2021-03-04 13:00:00,1005.2,1011.4,22.8,90,NA
2021-03-04 14:00:00,1005.4,1011.6,23.6,90,NA
2021-03-04 15:00:00,1005.8,1012.1,24.4,83,NA
2021-03-04 16:00:00,1005.4,1011.6,25,78,NA
2021-03-04 17:00:00,1004.3,1010.5,26.2,75,NA
2021-03-04 18:00:00,1003.4,1009.7,27.2,71,NA
2021-03-04 19:00:00,1002.3,1008.4,27.9,69,NA
2021-03-04 20:00:00,1001.9,1008,28.2,63,NA
2021-03-04 21:00:00,1001.7,1007.9,27.2,64,NA
2021-03-04 22:00:00,1001.7,1007.9,25.8,72,NA
2021-03-05 00:00:00,NA,1008.3,23.4,87,NA
2021-03-05 20:00:00,1001.8,NA,NA,NA,NA
2021-03-06 03:00:00,1004.6,1010.8,21.4,80,NA
2021-03-06 06:00:00,1004.2,1010.5,17.6,84,NA
2021-03-06 09:00:00,1004.6,1010.9,15.8,90,NA
2021-03-06 10:00:00,1004.9,1011.2,15.4,89,NA
2021-03-06 11:00:00,1005.6,1011.9,16.8,86,NA
2021-03-06 12:00:00,1006.4,1012.7,19.4,74,NA
2021-03-06 13:00:00,1006.8,1013.1,22,65,NA
2021-03-06 14:00:00,1007,1013.2,24.2,54,NA
2021-03-06 15:00:00,1007,1013.3,25.4,50,NA
2021-03-06 16:00:00,1006.6,1012.8,26.4,46,NA
2021-03-06 17:00:00,1005.6,1011.8,27.2,39,NA
2021-03-06 18:00:00,1005,1011.3,27.8,38,NA
2021-03-06 19:00:00,1004.5,1010.7,28.6,38,NA
2021-03-06 20:00:00,1004.1,1010.3,28.2,40,NA
2021-03-06 21:00:00,1004,1010.3,27.6,41,NA
2021-03-06 22:00:00,1004.6,1011,26.8,43,NA
2021-03-06 23:00:00,1004.9,1011.3,23,61,NA
2021-03-07 00:00:00,NA,1012,20.6,73,NA
2021-03-08 00:00:00,1004,NA,NA,NA,NA
2021-03-08 03:00:00,1003.8,1010.1,21,82,NA
2021-03-08 06:00:00,1005.3,1011.5,18.4,87,NA
2021-03-08 09:00:00,1005.8,1012.1,17.6,90,NA
2021-03-08 10:00:00,1007.2,1013.4,17.2,92,NA
2021-03-08 11:00:00,1007.6,1013.8,20.4,78,NA
2021-03-08 12:00:00,1008.5,1014.8,23.5,70,NA
2021-03-08 13:00:00,1008.5,1014.7,25.5,60,NA
2021-03-08 14:00:00,1008.5,1014.7,27.4,48,NA
2021-03-08 15:00:00,1008.6,1014.8,30,44,NA
2021-03-08 16:00:00,1007.8,1014,31.2,40,NA
2021-03-08 17:00:00,1007.4,1013.6,31.4,40,NA
2021-03-08 18:00:00,1007,1013.3,31.8,37,NA
2021-03-08 19:00:00,1006.6,1012.8,32.4,36,NA
2021-03-08 20:00:00,1005.8,1012,31.8,38,NA
2021-03-08 21:00:00,1005.8,1012.1,30.6,40,NA
2021-03-08 22:00:00,NA,1012.1,29,43,NA
2021-03-08 23:00:00,1006.1,1012.4,26.8,52,NA
2021-03-09 00:00:00,NA,1013.4,25,63,NA
2021-03-10 00:00:00,1006.4,NA,NA,NA,NA
2021-03-10 03:00:00,1006,1012.1,23.6,67,NA
2021-03-10 06:00:00,1006.4,1012.5,21,79,NA
2021-03-10 09:00:00,1007.4,1013.7,19,85,NA
2021-03-10 10:00:00,1007.3,1013.6,18.6,87,NA
2021-03-10 11:00:00,1007.7,1013.9,20.4,76,NA
2021-03-10 12:00:00,1007.7,1013.9,23,69,NA
2021-03-10 13:00:00,1007.8,1014,25.8,61,NA
2021-03-10 14:00:00,1007.8,1014,27.2,57,NA
2021-03-10 15:00:00,1007.3,1013.5,28.4,52,NA
2021-03-10 16:00:00,1006.6,1012.8,29.8,45,NA
2021-03-10 17:00:00,NA,1011.5,30.8,41,NA
2021-03-10 18:00:00,1004.6,1010.8,31,39,NA
2021-03-10 19:00:00,1003.8,1010,29.8,39,NA
2021-03-10 20:00:00,1003.8,1010,29.6,39,NA
2021-03-10 21:00:00,1003.8,1010.1,29.8,38,NA
2021-03-10 22:00:00,1004.1,1010.4,28.8,41,NA
2021-03-10 23:00:00,1003,1009.3,26.4,53,NA
2021-03-11 00:00:00,NA,1009.3,24.2,61,NA
2021-03-12 00:00:00,1006.4,NA,NA,NA,NA
2021-03-12 03:00:00,1008,1014.2,21.8,66,NA
2021-03-12 06:00:00,1007.2,1013.4,20.8,68,NA
2021-03-12 09:00:00,1007.3,1013.6,18,84,NA
2021-03-12 10:00:00,1007.6,1013.9,17.6,84,NA
2021-03-12 11:00:00,1008.4,1014.7,20.2,75,NA
2021-03-12 12:00:00,1008.9,1015.2,22.4,65,NA
2021-03-12 13:00:00,1009.1,1015.3,24.4,58,NA
2021-03-12 14:00:00,1009.1,1015.3,27.6,46,NA
2021-03-12 15:00:00,1008.6,1014.8,30,40,NA
2021-03-12 16:00:00,1008.6,1014.8,30,40,NA
2021-03-12 17:00:00,NA,1013.6,31,37,NA
2021-03-12 18:00:00,1007.3,1013.5,31.2,38,NA
2021-03-12 19:00:00,1007,1013.2,31.4,38,NA
2021-03-12 20:00:00,1006.9,1013.1,30.8,40,NA
2021-03-12 21:00:00,1006.5,1012.7,30,40,NA
2021-03-12 22:00:00,1006.6,1012.9,28.6,49,NA
2021-03-12 23:00:00,1006.5,1012.7,26.6,57,NA
2021-03-13 00:00:00,NA,1013.1,25.2,59,NA
2021-03-14 03:00:00,NA,1013,23.6,75,NA
2021-03-14 06:00:00,NA,1014.3,22.4,73,NA
2021-03-14 09:00:00,NA,1014.4,20.4,82,NA
2021-03-14 10:00:00,NA,1014.7,20.2,85,NA
2021-03-14 11:00:00,NA,1015.3,21.2,82,NA
2021-03-14 12:00:00,NA,1015.8,23.8,76,NA
2021-03-14 13:00:00,NA,1016.3,25.8,66,NA
2021-03-14 14:00:00,NA,1016.4,28.6,58,NA
2021-03-14 15:00:00,NA,1016.4,31.2,49,NA
2021-03-14 16:00:00,NA,1015.8,32,43,NA
2021-03-14 17:00:00,NA,1014.5,33.2,39,NA
2021-03-14 18:00:00,NA,1013.7,33.6,39,NA
2021-03-14 19:00:00,NA,1013.2,34.4,37,NA
2021-03-14 20:00:00,NA,1013.1,33.5,36,NA
2021-03-14 21:00:00,NA,1013.1,32.6,34,NA
2021-03-14 22:00:00,NA,1013.3,30.4,37,NA
2021-03-14 23:00:00,NA,1013.6,26.6,50,NA
2021-03-15 00:00:00,NA,1013.8,25.4,55,NA
2021-03-15 12:00:00,1008.5,NA,22.8,69,NA
2021-03-15 13:00:00,1008.2,NA,25.4,66,NA
2021-03-15 15:00:00,1007.3,NA,29.2,54,NA
2021-03-15 16:00:00,1006.7,NA,29.6,52,NA
2021-03-15 17:00:00,1005.6,NA,30.9,48,NA
2021-03-15 18:00:00,1005.2,NA,33,42,NA
2021-03-16 03:00:00,NA,1011,23.8,62,NA
2021-03-16 06:00:00,NA,1009.1,21.6,71,NA
2021-03-16 09:00:00,NA,1008.2,20.6,80,NA
2021-03-16 10:00:00,NA,1008.1,20.4,84,NA
2021-03-16 11:00:00,NA,1008.2,21.2,81,NA
2021-03-16 12:00:00,NA,1008.4,21.6,82,NA
2021-03-16 13:00:00,NA,1008.5,23.2,78,NA
2021-03-16 14:00:00,NA,1009.3,22.2,86,NA
2021-03-16 15:00:00,NA,1009.2,22.4,91,NA
2021-03-16 16:00:00,NA,1007.6,23.8,83,NA
2021-03-16 17:00:00,NA,1006.8,25.8,75,NA
2021-03-16 18:00:00,NA,1005.7,26.4,74,NA
2021-03-16 19:00:00,NA,1005.2,25.6,78,NA
2021-03-16 20:00:00,NA,1007,20.8,96,NA
2021-03-16 21:00:00,NA,1006.9,21.4,95,NA
2021-03-16 22:00:00,NA,1005.9,21,96,NA
2021-03-16 23:00:00,NA,1005.4,21.2,95,NA
2021-03-17 00:00:00,999.2,NA,20.2,NA,NA
2021-03-17 03:00:00,1000.8,NA,19.6,94,NA
2021-03-17 06:00:00,1001.2,NA,19.2,96,NA
2021-03-17 09:00:00,1001.6,NA,19.4,96,NA
2021-03-17 10:00:00,1002.1,NA,19.6,94,NA
2021-03-17 11:00:00,1003.2,NA,19.8,90,NA
2021-03-17 12:00:00,1004.1,NA,19.4,86,NA
2021-03-18 03:00:00,NA,1017.2,18.2,88,NA
2021-03-18 06:00:00,NA,1017.9,18,87,NA
2021-03-18 09:00:00,NA,1018.1,15,89,NA
2021-03-18 10:00:00,NA,1018.3,14.4,87,NA
2021-03-18 11:00:00,NA,1018.9,15.2,83,NA
2021-03-18 12:00:00,NA,1018.5,18.2,71,NA
2021-03-18 13:00:00,NA,1018.3,19.5,66,NA
2021-03-18 14:00:00,NA,1018.3,21.2,62,NA
2021-03-18 15:00:00,NA,1018.3,22,60,NA
2021-03-18 16:00:00,NA,1017.8,22.4,57,NA
2021-03-18 17:00:00,NA,1017,24,53,NA
2021-03-18 18:00:00,NA,1016.4,24.4,48,NA
2021-03-18 19:00:00,NA,1015.8,24.8,48,NA
2021-03-18 20:00:00,NA,1015.1,24.8,48,NA
2021-03-18 21:00:00,NA,1015.2,24.2,49,NA
2021-03-18 22:00:00,NA,1015.2,22.2,59,NA
2021-03-18 23:00:00,NA,1015.2,19.4,73,NA
2021-03-19 00:00:00,1008.8,NA,18.7,77,NA
2021-03-19 03:00:00,1009.2,NA,17.2,78,NA
2021-03-19 06:00:00,1009,NA,16,83,NA
2021-03-19 09:00:00,1008.6,NA,15.2,89,NA
2021-03-19 10:00:00,1009,NA,14.6,86,NA
2021-03-19 11:00:00,1009.2,NA,16.6,77,NA
2021-03-19 13:00:00,1009,NA,21.6,70,NA
2021-03-19 14:00:00,1008.8,NA,24,65,NA
2021-03-19 15:00:00,1008.4,NA,25.8,58,NA
2021-03-19 16:00:00,1007.6,NA,27.2,52,NA
2021-03-19 17:00:00,1006.9,NA,26.8,53,NA
2021-03-19 18:00:00,1005.3,NA,29,47,NA
2021-03-19 19:00:00,1004.5,NA,29.8,43,NA
2021-03-19 20:00:00,1003.6,NA,29.4,45,NA
2021-03-19 21:00:00,1003.3,NA,28.6,50,NA
2021-03-19 22:00:00,1003.3,NA,27.2,56,NA
2021-03-19 23:00:00,1003.6,NA,25.6,64,NA
2021-03-20 03:00:00,NA,1010.6,21.6,87,NA
2021-03-20 06:00:00,NA,1010.5,20.8,91,NA
2021-03-20 09:00:00,NA,1011.1,20.2,92,NA
2021-03-20 10:00:00,NA,1011.1,19.8,95,NA
2021-03-20 11:00:00,NA,1011.1,20.2,92,NA
2021-03-20 12:00:00,NA,1010.7,22.6,84,NA
2021-03-20 13:00:00,NA,1010.2,25,76,NA
2021-03-20 14:00:00,NA,1009.7,29.2,61,NA
2021-03-20 15:00:00,NA,1009.7,31.8,55,NA
2021-03-20 16:00:00,NA,1009.1,32.4,54,NA
2021-03-20 17:00:00,NA,1007.7,27.2,85,NA
2021-03-20 18:00:00,NA,1009.5,21.4,93,NA
2021-03-20 19:00:00,NA,1009.5,21,96,NA
2021-03-20 20:00:00,NA,1010.8,20.2,96,NA
2021-03-20 21:00:00,NA,1011.6,19.8,93,NA
2021-03-20 22:00:00,NA,1013,19.4,96,NA
2021-03-20 23:00:00,NA,1012.7,19.4,96,NA
2021-03-21 00:00:00,1006.4,NA,19.4,96,NA
2021-03-21 03:00:00,1008.4,NA,19.2,95,NA
2021-03-21 06:00:00,1007.8,NA,18.8,96,NA
2021-03-21 09:00:00,1008.4,NA,18.6,90,NA
2021-03-21 10:00:00,1009.7,NA,18,92,NA
2021-03-21 11:00:00,1010.4,NA,18.4,92,NA
2021-03-21 12:00:00,1010.9,NA,19.4,90,NA
2021-03-21 13:00:00,1010.6,NA,20.6,85,NA
2021-03-21 14:00:00,1012.5,NA,20.6,85,NA
2021-03-21 15:00:00,1012.6,NA,21,83,NA
2021-03-21 16:00:00,1012.6,NA,20.2,88,NA
2021-03-21 17:00:00,1012.3,NA,22.2,81,NA
2021-03-21 18:00:00,1012.1,NA,22.8,76,NA
2021-03-21 20:00:00,1011.5,NA,23,73,NA
2021-03-21 21:00:00,1011.6,NA,22.4,76,NA
2021-03-22 03:00:00,NA,1017.8,18.2,92,NA
2021-03-22 06:00:00,NA,1018,16.8,96,NA
2021-03-22 09:00:00,NA,1018.5,16.4,96,NA
2021-03-22 10:00:00,NA,1018.5,17.6,96,NA
2021-03-22 11:00:00,NA,1018.7,18.2,94,NA
2021-03-22 12:00:00,NA,1018.8,21.2,86,NA
2021-03-22 13:00:00,NA,1018.9,21.8,84,NA
2021-03-22 14:00:00,NA,1018.3,23.8,77,NA
2021-03-22 15:00:00,NA,1018.2,25,72,NA
2021-03-22 16:00:00,NA,1017.7,25.2,70,NA
2021-03-22 17:00:00,NA,1017,26.3,65,NA
2021-03-22 18:00:00,NA,1016.7,26.1,63,NA
2021-03-22 19:00:00,NA,1016.2,26.7,61,NA
2021-03-22 20:00:00,NA,1015.7,26.9,60,NA
2021-03-22 21:00:00,NA,1015.8,26.2,68,NA
2021-03-22 22:00:00,NA,1016.3,25,72,NA
2021-03-22 23:00:00,NA,1016.3,24,77,NA
2021-03-23 00:00:00,1010.9,NA,23.4,82,NA
2021-03-23 03:00:00,1011.3,NA,22,87,NA
2021-03-23 06:00:00,1009.6,NA,21.4,88,NA
2021-03-23 09:00:00,1009.8,NA,21,90,NA
2021-03-23 10:00:00,1010.1,NA,20.6,92,NA
2021-03-23 12:00:00,1010.8,NA,22.8,81,NA
2021-03-23 13:00:00,1011,NA,24.2,75,NA
2021-03-23 14:00:00,1010.8,NA,25.8,70,NA
2021-03-23 15:00:00,1010.8,NA,26.8,67,NA
2021-03-23 16:00:00,1010,NA,27.6,62,NA
2021-03-23 17:00:00,1008.8,NA,28.6,56,NA
2021-03-23 18:00:00,1008.4,NA,28.8,54,NA
2021-03-23 19:00:00,1008,NA,29,53,NA
2021-03-23 20:00:00,1007.7,NA,28.6,55,NA
2021-03-23 21:00:00,1007.4,NA,28.2,57,NA
2021-03-23 22:00:00,1007.3,NA,27.4,63,NA
2021-03-23 23:00:00,1008,NA,25.2,71,NA
2021-03-24 03:00:00,NA,1016.3,22.4,81,NA
2021-03-24 06:00:00,NA,1015.5,20.6,87,NA
2021-03-24 09:00:00,NA,1015.8,20,92,NA
2021-03-24 10:00:00,NA,1016,20,92,NA
2021-03-24 11:00:00,NA,1016.2,21,89,NA
2021-03-24 12:00:00,NA,1016.4,21.2,89,NA
2021-03-24 13:00:00,NA,1016.6,23.8,77,NA
2021-03-24 14:00:00,NA,1016.5,24.6,79,NA
2021-03-24 15:00:00,NA,1016.3,25.8,74,NA
2021-03-24 16:00:00,NA,1015.4,27.4,67,NA
2021-03-24 17:00:00,NA,1014.4,29,59,NA
2021-03-24 18:00:00,NA,1014.1,30.4,55,NA
2021-03-24 19:00:00,NA,1013.8,30.6,55,NA
2021-03-24 20:00:00,NA,1012.6,30,57,NA
2021-03-24 21:00:00,NA,1012.3,29.8,58,NA
2021-03-24 22:00:00,NA,1012.1,28.6,64,NA
2021-03-24 23:00:00,NA,1012,27,70,NA
2021-03-25 00:00:00,1006,NA,26,76,NA
2021-03-25 03:00:00,1006.8,NA,24.5,79,NA
2021-03-25 06:00:00,1006.6,NA,23,88,NA
2021-03-25 09:00:00,1004.4,NA,22,92,NA
2021-03-25 10:00:00,1004,NA,22.6,91,NA
2021-03-25 11:00:00,1004.6,NA,23,89,NA
2021-03-25 12:00:00,1005,NA,25.8,77,NA
2021-03-25 13:00:00,1005,NA,27.4,72,NA
2021-03-25 14:00:00,1005,NA,30,58,NA
2021-03-25 15:00:00,1004.6,NA,31.6,54,NA
2021-03-25 16:00:00,1004.3,NA,33,51,NA
2021-03-25 17:00:00,1003.1,NA,33.6,47,NA
2021-03-25 18:00:00,1002.9,NA,34.4,45,NA
2021-03-25 19:00:00,1001.8,NA,34.8,43,NA
2021-03-25 20:00:00,1000.8,NA,33.8,45,NA
2021-03-25 21:00:00,1001.7,NA,32.4,51,NA
2021-03-26 03:00:00,NA,1009.6,23.6,82,NA
2021-03-26 06:00:00,NA,1010.2,21,98,NA
2021-03-26 09:00:00,NA,1008.3,21.4,96,NA
2021-03-26 10:00:00,NA,1009.3,21.6,96,NA
2021-03-26 11:00:00,NA,1011.1,21.4,96,NA
2021-03-26 12:00:00,NA,1011.5,21,96,NA
2021-03-26 13:00:00,NA,1011.7,20.4,96,NA
2021-03-26 14:00:00,NA,1012,20.8,95,NA
2021-03-26 15:00:00,NA,1011.7,21.2,93,NA
2021-03-26 16:00:00,NA,1010.4,21.4,93,NA
2021-03-26 17:00:00,NA,1008.9,21.8,90,NA
2021-03-26 18:00:00,NA,1009.8,23.2,86,NA
2021-03-26 19:00:00,NA,1009.9,24.2,80,NA
2021-03-26 20:00:00,NA,1010.2,25.2,75,NA
2021-03-26 21:00:00,NA,1010.3,24.8,78,NA
2021-03-26 22:00:00,NA,1010.3,23.6,83,NA
2021-03-26 23:00:00,NA,1010.3,22.8,90,NA
2021-03-27 00:00:00,1003.7,NA,22.8,89,NA
2021-03-27 03:00:00,1006.6,NA,22,96,NA
2021-03-27 06:00:00,1006.1,NA,21.6,96,NA
2021-03-27 09:00:00,1005.8,NA,19.8,96,NA
2021-03-27 10:00:00,1006.2,NA,19.2,93,NA
2021-03-27 11:00:00,1006.4,NA,19.4,92,NA
2021-03-27 12:00:00,1006.4,NA,19.6,92,NA
2021-03-27 13:00:00,1007.6,NA,19.8,88,NA
2021-03-27 14:00:00,1008.1,NA,20.4,88,NA
2021-03-27 15:00:00,1008.5,NA,20.4,87,NA
2021-03-27 16:00:00,1008.9,NA,20.8,82,NA
2021-03-27 17:00:00,1007.4,NA,22.2,80,NA
2021-03-27 18:00:00,1006.2,NA,22.3,77,NA
2021-03-27 20:00:00,1006,NA,21.6,77,NA
2021-03-27 21:00:00,1006.1,NA,21.2,78,NA
2021-03-27 22:00:00,1006.2,NA,20.8,82,NA
2021-03-27 23:00:00,1006.6,NA,19.8,85,NA
2021-03-28 03:00:00,NA,1014.3,17.2,88,NA
2021-03-28 06:00:00,NA,1014.3,15.6,91,NA
2021-03-28 09:00:00,NA,1013.9,14.4,97,NA
2021-03-28 10:00:00,NA,1014.5,14,96,NA
2021-03-28 11:00:00,NA,1014.7,14.2,96,NA
2021-03-28 12:00:00,NA,1015,16,91,NA
2021-03-28 13:00:00,NA,1015.1,17.8,79,NA
2021-03-28 14:00:00,NA,1015.5,17.8,79,NA
2021-03-28 15:00:00,NA,1015.4,18.2,79,NA
2021-03-28 16:00:00,NA,1015.1,18.8,74,NA
2021-03-28 17:00:00,NA,1014.9,18.8,76,NA
2021-03-28 18:00:00,NA,1015,19.8,71,NA
2021-03-28 19:00:00,NA,1014.5,20,69,NA
2021-03-28 20:00:00,NA,1013.9,21,64,NA
2021-03-28 21:00:00,NA,1013.5,20.8,67,NA
2021-03-28 22:00:00,NA,1013.5,19.6,76,NA
2021-03-28 23:00:00,1007.2,NA,19.2,77,NA
2021-03-29 00:00:00,1007.6,NA,19,79,NA
2021-03-29 03:00:00,1008.6,NA,17,92,NA
2021-03-29 06:00:00,1008.5,NA,15.9,93,NA
2021-03-29 09:00:00,1009.4,NA,14.8,95,NA
2021-03-29 10:00:00,1009.7,NA,15,95,NA
2021-03-29 11:00:00,1010.1,NA,16.2,91,NA
2021-03-29 12:00:00,1010.4,NA,19,82,NA
2021-03-29 13:00:00,1010.4,NA,20.2,76,NA
2021-03-29 14:00:00,1010.4,NA,22,63,NA
2021-03-29 15:00:00,1010,NA,23.6,62,NA
2021-03-29 16:00:00,1010,NA,24,60,NA
2021-03-29 17:00:00,1009.4,NA,24.2,59,NA
2021-03-29 18:00:00,1008.4,NA,25,54,NA
2021-03-29 19:00:00,1009.6,NA,25,58,NA
2021-03-29 20:00:00,1007.9,NA,24.2,63,NA
2021-03-29 21:00:00,1008.4,NA,23,69,NA
2021-03-29 23:00:00,1008.8,NA,20.2,79,NA
2021-03-30 03:00:00,NA,1015.8,17,90,NA
2021-03-30 06:00:00,NA,1015.5,16.6,92,NA
2021-03-30 09:00:00,NA,1015.9,16.6,94,NA
2021-03-30 10:00:00,NA,1016.2,16.8,94,NA
2021-03-30 11:00:00,NA,1016.7,17.6,94,NA
2021-03-30 12:00:00,NA,1017.5,19,88,NA
2021-03-30 13:00:00,NA,1017.7,21,79,NA
2021-03-30 14:00:00,NA,1017.8,21.8,72,NA
2021-03-30 15:00:00,NA,1017.7,23.2,69,NA
2021-03-30 16:00:00,NA,1017.5,23,70,NA
2021-03-30 17:00:00,NA,1016.7,23.8,66,NA
2021-03-30 18:00:00,NA,1016.2,23.8,65,NA
2021-03-30 19:00:00,NA,1015.8,24.8,60,NA
2021-03-30 20:00:00,NA,1015.3,24.8,56,NA
2021-03-30 21:00:00,NA,1015.1,24.2,54,NA
2021-03-30 22:00:00,NA,1014.7,22.6,67,NA
2021-03-30 23:00:00,NA,1015.3,19.8,74,NA
2021-03-31 00:00:00,1009,NA,18.6,80,NA
2021-03-31 03:00:00,1009.7,NA,16.2,90,NA
2021-03-31 06:00:00,1009.4,NA,16.2,85,NA
2021-03-31 09:00:00,1010,NA,16,87,NA
2021-03-31 10:00:00,1010.4,NA,15.6,89,NA
2021-03-31 11:00:00,1010.8,NA,16.6,87,NA
2021-03-31 17:00:00,1010.2,NA,25.5,49,NA
2021-03-31 18:00:00,1009.4,NA,25.4,45,NA
2021-03-31 19:00:00,1008.6,NA,25.6,42,NA
2021-03-31 20:00:00,1008,NA,25.3,46,NA
2021-03-31 21:00:00,1008,NA,24.2,45,NA
2021-03-31 22:00:00,1008.2,NA,21.5,58,NA
2021-03-31 23:00:00,1008.4,NA,19.4,70,NA
2021-04-01 03:00:00,NA,1014.7,16,84,NA
2021-04-01 06:00:00,NA,1015.1,15,85,NA
2021-04-01 09:00:00,NA,1016.3,14.4,91,NA
2021-04-01 10:00:00,NA,1016.4,14.6,89,NA
2021-04-01 11:00:00,NA,1017,16,87,NA
2021-04-01 12:00:00,NA,1017.3,17.2,82,NA
2021-04-01 13:00:00,NA,1017.8,21.2,67,NA
2021-04-01 14:00:00,NA,1017.5,22,66,NA
2021-04-01 15:00:00,NA,1017.3,23.6,57,NA
2021-04-01 16:00:00,NA,1018.2,24.4,52,NA
2021-04-01 17:00:00,NA,1017.7,25,45,NA
2021-04-01 18:00:00,NA,1017.2,25.8,44,NA
2021-04-01 19:00:00,NA,1016.8,26,40,NA
2021-04-01 20:00:00,NA,1016.3,24.4,47,NA
2021-04-01 21:00:00,NA,1015.9,24.2,49,NA
2021-04-01 22:00:00,NA,1016.2,22.4,59,NA
2021-04-01 23:00:00,NA,1016.6,21.8,60,NA
2021-04-02 00:00:00,1010.5,NA,20.8,66,NA
2021-04-02 03:00:00,1009.7,NA,17.8,73,NA
2021-04-02 06:00:00,1010,NA,17.3,88,NA
2021-04-02 09:00:00,1011.3,NA,17,92,NA
2021-04-02 10:00:00,1011.4,NA,17,93,NA
2021-04-02 11:00:00,1012.1,NA,17.4,93,NA
2021-04-02 12:00:00,1012.5,NA,19,84,NA
2021-04-02 13:00:00,1012.5,NA,20.8,77,NA
2021-04-02 14:00:00,1012.5,NA,21.6,73,NA
2021-04-02 16:00:00,1011.6,NA,25.2,57,NA
2021-04-02 17:00:00,1010.3,NA,26.6,50,NA
2021-04-02 18:00:00,1009.6,NA,27.3,46,NA
2021-04-02 20:00:00,1008.8,NA,27,41,NA
2021-04-02 21:00:00,1008.9,NA,25.8,44,NA
2021-04-02 23:00:00,1009.6,NA,21.8,69,NA
2021-04-03 03:00:00,NA,1016.4,19.2,76,NA
2021-04-03 06:00:00,NA,1016.7,17.6,80,NA
2021-04-03 09:00:00,NA,1016.7,17,88,NA
2021-04-03 10:00:00,NA,1017.2,16.4,90,NA
2021-04-03 11:00:00,NA,1018,17.2,88,NA
2021-04-03 12:00:00,NA,1018.2,19.2,80,NA
2021-04-03 13:00:00,NA,1018.3,21,75,NA
2021-04-03 14:00:00,NA,1017.9,22.2,71,NA
2021-04-03 15:00:00,NA,1017.9,23.8,66,NA
2021-04-03 16:00:00,NA,1017.3,25.8,63,NA
2021-04-03 17:00:00,NA,1016.7,26.8,59,NA
2021-04-03 18:00:00,NA,1016.2,27.2,58,NA
2021-04-03 19:00:00,NA,1015.2,27.6,56,NA
2021-04-03 20:00:00,NA,1014.8,28.6,52,NA
2021-04-03 21:00:00,NA,1015,27.6,55,NA
2021-04-03 22:00:00,NA,1015,25.8,63,NA
2021-04-03 23:00:00,1008.9,NA,24,71,NA
2021-04-04 00:00:00,1008.9,NA,22.4,76,NA
2021-04-04 03:00:00,1010.2,NA,20,84,NA
2021-04-04 06:00:00,1009.6,NA,19.2,86,NA
2021-04-04 09:00:00,1009.3,NA,18,89,NA
2021-04-04 10:00:00,1009.3,NA,18.2,90,NA
2021-04-04 11:00:00,1009.7,NA,18.4,88,NA
2021-04-04 12:00:00,1010.5,NA,20,85,NA
2021-04-04 13:00:00,1010.8,NA,22.8,76,NA
2021-04-04 14:00:00,1010.5,NA,24.2,71,NA
2021-04-04 15:00:00,1010.1,NA,26.2,65,NA
2021-04-04 16:00:00,1009.3,NA,27.8,61,NA
2021-04-04 17:00:00,1007.9,NA,29.3,56,NA
2021-04-04 18:00:00,1007,NA,29.6,49,NA
2021-04-04 19:00:00,1006,NA,30.3,48,NA
2021-04-04 20:00:00,1005.6,NA,30.2,47,NA
2021-04-04 21:00:00,1005.7,NA,29.8,50,NA
2021-04-04 22:00:00,1006,NA,28.2,60,NA
2021-04-04 23:00:00,1006.5,NA,26.2,69,NA
2021-04-05 03:00:00,NA,1013.9,22.8,86,NA
2021-04-05 06:00:00,NA,1013.7,22,87,NA
2021-04-05 09:00:00,NA,1013.8,21.2,89,NA
2021-04-05 10:00:00,NA,1013.7,21.2,89,NA
2021-04-05 11:00:00,NA,1013.8,21.6,87,NA
2021-04-05 12:00:00,NA,1014,23,83,NA
2021-04-05 13:00:00,NA,1014.9,23.6,82,NA
2021-04-05 14:00:00,NA,1014.6,24.4,77,NA
2021-04-05 15:00:00,NA,1014.3,25,76,NA
2021-04-05 16:00:00,NA,1013.7,25,76,NA
2021-04-05 17:00:00,NA,1013.6,25.6,72,NA
2021-04-05 18:00:00,NA,1014.4,24.4,80,NA
2021-04-05 19:00:00,NA,1014.6,23.6,91,NA
2021-04-05 20:00:00,NA,1013.3,23.6,90,NA
2021-04-05 21:00:00,NA,1014.3,22.4,88,NA
2021-04-05 22:00:00,NA,1013.5,22,87,NA
2021-04-05 23:00:00,NA,1014.8,22,87,NA
2021-04-06 00:00:00,1009,NA,21.6,91,NA
2021-04-06 03:00:00,1009.8,NA,20.6,94,NA
2021-04-06 06:00:00,1010.1,NA,20.2,94,NA
2021-04-06 09:00:00,1009.8,NA,18.2,98,NA
2021-04-06 10:00:00,1010.2,NA,18.4,98,NA
2021-04-06 11:00:00,1010.4,NA,20,96,NA
2021-04-06 12:00:00,1011,NA,23.6,79,NA
2021-04-06 13:00:00,1011.2,NA,25.2,76,NA
2021-04-06 14:00:00,1011.4,NA,26.6,72,NA
2021-04-06 15:00:00,1010.8,NA,28.2,61,NA
2021-04-06 16:00:00,1010.4,NA,29.2,53,NA
2021-04-06 17:00:00,1009.4,NA,28.6,55,NA
2021-04-06 18:00:00,1008.6,NA,29.8,49,NA
2021-04-06 19:00:00,1008.1,NA,30.4,47,NA
2021-04-06 20:00:00,1007.7,NA,30,47,NA
2021-04-06 21:00:00,1008,NA,29.4,51,NA
2021-04-06 22:00:00,1008.2,NA,27,65,NA
2021-04-06 23:00:00,1008.5,NA,25.2,70,NA
2021-04-07 03:00:00,NA,1014.9,22.2,81,NA
2021-04-07 06:00:00,NA,1015,21,82,NA
2021-04-07 09:00:00,NA,1015.7,19,91,NA
2021-04-07 10:00:00,NA,1015.9,19.6,87,NA
2021-04-07 11:00:00,NA,1016,20.2,85,NA
2021-04-07 12:00:00,NA,1016.3,21.6,81,NA
2021-04-07 13:00:00,NA,1016.5,24.8,72,NA
2021-04-07 14:00:00,NA,1016.2,26.4,64,NA
2021-04-07 15:00:00,NA,1016.2,28,60,NA
2021-04-07 16:00:00,NA,1015.6,30.6,48,NA
2021-04-07 17:00:00,NA,1014.6,30.8,45,NA
2021-04-07 18:00:00,NA,1013.3,31.6,41,NA
2021-04-07 19:00:00,NA,1013,32,38,NA
2021-04-07 20:00:00,NA,1012.9,31.4,37,NA
2021-04-07 21:00:00,NA,1013.1,30,47,NA
2021-04-07 22:00:00,NA,1012.9,27,59,NA
2021-04-07 23:00:00,NA,1013.2,26,64,NA
2021-04-08 00:00:00,NA,1013.3,25.2,66,NA
2021-04-08 15:00:00,1007.4,NA,28,57,NA
2021-04-08 16:00:00,1006.6,NA,29.2,54,NA
2021-04-08 17:00:00,1005.6,NA,30.2,53,NA
2021-04-08 18:00:00,1005.2,NA,30.2,54,NA
2021-04-08 19:00:00,1004.8,NA,31.6,48,NA
2021-04-08 20:00:00,1004.5,NA,31.4,49,NA
2021-04-08 21:00:00,1004.4,NA,30.2,55,NA
2021-04-08 22:00:00,1004.2,NA,28.2,63,NA
2021-04-08 23:00:00,1004.5,NA,26.8,71,NA
2021-04-09 03:00:00,NA,1012,24.6,79,NA
2021-04-09 06:00:00,NA,1011.8,23.8,78,NA
2021-04-09 09:00:00,NA,1011.9,23.6,77,NA
2021-04-09 10:00:00,NA,1011.9,23.2,80,NA
2021-04-09 11:00:00,NA,1012.3,25,70,NA
2021-04-09 12:00:00,NA,1013.4,24.6,74,NA
2021-04-09 13:00:00,NA,1012.2,25,73,NA
2021-04-09 14:00:00,NA,1012.2,26.2,71,NA
2021-04-09 15:00:00,NA,1012.2,26.2,72,NA
2021-04-09 16:00:00,NA,1011.6,29.6,61,NA
2021-04-09 17:00:00,NA,1010.7,31.8,55,NA
2021-04-09 18:00:00,NA,1009.8,32.2,53,NA
2021-04-09 19:00:00,NA,1009.1,31.6,54,NA
2021-04-09 20:00:00,NA,1009.1,30.6,62,NA
2021-04-09 21:00:00,NA,1009.2,29.4,67,NA
2021-04-09 22:00:00,NA,1009.6,25.8,78,NA
2021-04-09 23:00:00,NA,1010.2,24.2,82,NA
2021-04-10 00:00:00,NA,1010.4,24,83,NA
2021-04-11 03:00:00,NA,1007.7,27.6,73,NA
2021-04-11 06:00:00,NA,1008.5,26.6,77,NA
2021-04-11 09:00:00,NA,1009.3,20.8,96,NA
2021-04-11 10:00:00,NA,1009.9,20.4,96,NA
2021-04-11 11:00:00,NA,1010.9,18.8,95,NA
2021-04-11 12:00:00,NA,1012.2,16.8,93,NA
2021-04-11 13:00:00,NA,1013,17.7,80,NA
2021-04-11 14:00:00,NA,1013,17,80,NA
2021-04-11 15:00:00,NA,1013.8,17.8,73,NA
2021-04-11 16:00:00,NA,1013.9,18,72,NA
2021-04-11 17:00:00,NA,1014.3,18.8,71,NA
2021-04-11 18:00:00,NA,1014.5,19.8,68,NA
2021-04-11 19:00:00,NA,1014.8,19.4,69,NA
2021-04-11 20:00:00,NA,1015.5,18.6,72,NA
2021-04-11 21:00:00,NA,1016,18.4,73,NA
2021-04-11 22:00:00,NA,1016.6,18.2,77,NA
2021-04-11 23:00:00,NA,1016.8,18.2,79,NA
2021-04-12 00:00:00,NA,1017.8,18.2,79,NA
2021-04-13 03:00:00,NA,1019.9,14.6,81,NA
2021-04-13 06:00:00,NA,1020.6,14.8,80,NA
2021-04-13 09:00:00,NA,1021,13,86,NA
2021-04-13 10:00:00,NA,1021.2,13.6,87,NA
2021-04-13 11:00:00,NA,1021.6,14.6,79,NA
2021-04-13 12:00:00,NA,1021.8,16.4,84,NA
2021-04-13 13:00:00,1015.2,1021.6,20,68,NA
2021-04-13 14:00:00,1015.4,1021.8,21.4,67,NA
2021-04-13 15:00:00,1015.3,1021.7,23.6,56,NA
2021-04-13 16:00:00,1015,1021.3,24.4,52,NA
2021-04-13 17:00:00,NA,1020,24.8,49,NA
2021-04-13 18:00:00,1013.2,1019.6,25.4,48,NA
2021-04-13 19:00:00,1012.9,1019.2,25.8,49,NA
2021-04-13 20:00:00,1012.9,1019.2,25,49,NA
2021-04-13 21:00:00,1012.9,1019.4,23.4,56,NA
2021-04-13 22:00:00,NA,1018.6,22,66,NA
2021-04-13 23:00:00,1012.4,1018.8,20.6,68,NA
2021-04-14 00:00:00,NA,1018.8,20.4,68,NA
2021-04-15 00:00:00,1006.6,NA,NA,NA,NA
2021-04-15 03:00:00,1007.2,1013.4,21,87,NA
2021-04-15 06:00:00,1008,1014.2,18.8,90,NA
2021-04-15 09:00:00,1007.2,1013.5,20.2,92,NA
2021-04-15 10:00:00,1007.4,1013.8,20.4,92,NA
2021-04-15 11:00:00,1008,1014.3,20.6,95,NA
2021-04-15 12:00:00,1008.4,1014.7,22.6,88,NA
2021-04-15 13:00:00,1008.8,1015,24.2,80,NA
2021-04-15 14:00:00,1008.6,1014.8,25.8,70,NA
2021-04-15 15:00:00,1008.4,1014.7,27.4,65,NA
2021-04-15 16:00:00,1008.2,1014.4,28,63,NA
2021-04-15 17:00:00,1007.2,1013.4,27.6,64,NA
2021-04-15 18:00:00,1006.4,1012.6,28.6,62,NA
2021-04-15 19:00:00,1005.9,1012.1,27.6,67,NA
2021-04-15 20:00:00,1005.5,1011.7,24.9,78,NA
2021-04-15 21:00:00,1006,1012.3,23.8,83,NA
2021-04-15 22:00:00,NA,1012.9,23,83,NA
2021-04-15 23:00:00,NA,1013.2,22.8,80,NA
2021-04-16 00:00:00,NA,1013.7,22,90,NA
2021-04-17 00:00:00,1008,NA,NA,NA,NA
2021-04-17 03:00:00,1008.1,1014.4,19.4,92,NA
2021-04-17 06:00:00,1008.5,1014.8,18.8,92,NA
2021-04-17 09:00:00,1008.4,1014.6,18.2,96,NA
2021-04-17 10:00:00,1008.9,1015.2,17.8,96,NA
2021-04-17 11:00:00,1009.7,1016,18.2,94,NA
2021-04-17 12:00:00,1010.6,1017,20,89,NA
2021-04-17 13:00:00,1011,1017.3,21.2,86,NA
2021-04-17 14:00:00,1011,1017.3,24.4,76,NA
2021-04-17 15:00:00,1010.9,1017.2,26.6,63,NA
2021-04-17 16:00:00,1010.2,1016.4,27,61,NA
2021-04-17 17:00:00,1009.4,1015.6,27.6,58,NA
2021-04-17 18:00:00,1008.7,1015,28.6,53,NA
2021-04-17 19:00:00,1008.2,1014.4,28.2,54,NA
2021-04-17 20:00:00,1007.8,1014,28.2,54,NA
2021-04-17 21:00:00,1007.4,1013.7,27.4,56,NA
2021-04-17 22:00:00,1006.9,1013.2,25.6,65,NA
2021-04-17 23:00:00,1006.9,1013.2,23,76,NA
2021-04-18 00:00:00,NA,1013.6,21.8,81,NA
2021-04-18 21:00:00,1008.9,NA,NA,NA,NA
2021-04-19 00:00:00,1010.1,NA,NA,NA,NA
2021-04-19 03:00:00,1011.4,1017.7,19,81,NA
2021-04-19 06:00:00,1011.2,1017.5,18,84,NA
2021-04-19 09:00:00,1011.6,1017.9,16,90,NA
2021-04-19 10:00:00,1011.8,1018.2,15.8,90,NA
2021-04-19 11:00:00,1012.6,1019.1,15.8,90,NA
2021-04-19 12:00:00,1012.9,1019.3,17.6,90,NA
2021-04-19 13:00:00,1013,1019.4,20.6,75,NA
2021-04-19 14:00:00,1013,1019.3,22.8,65,NA
2021-04-19 15:00:00,1012.4,1018.7,24.2,63,NA
2021-04-19 16:00:00,1011.5,1017.8,25.2,62,NA
2021-04-19 17:00:00,NA,1017.3,26.6,56,NA
2021-04-19 18:00:00,1010.1,1016.4,27.8,54,NA
2021-04-19 19:00:00,1009.7,1016,27.8,52,NA
2021-04-19 20:00:00,1009.6,1015.9,27,53,NA
2021-04-19 21:00:00,1009.6,1015.9,26.2,58,NA
2021-04-19 22:00:00,1010.1,1016.5,23,70,NA
2021-04-19 23:00:00,1010.4,1016.8,20.4,87,NA
2021-04-20 00:00:00,NA,1016.9,22,71,NA
2021-04-21 00:00:00,1009.3,NA,NA,NA,NA
2021-04-21 03:00:00,1009,1015.3,20,75,NA
2021-04-21 06:00:00,1009.3,1015.6,18.4,77,NA
2021-04-21 09:00:00,1009.4,1015.8,17,86,NA
2021-04-21 10:00:00,1009.6,1015.9,17,88,NA
2021-04-21 11:00:00,1009.8,1016.2,17,90,NA
2021-04-21 12:00:00,1010.4,1016.7,19.4,78,NA
2021-04-21 13:00:00,1010.6,1016.9,21.2,72,NA
2021-04-21 14:00:00,1010.4,1016.7,24,61,NA
2021-04-21 15:00:00,1010,1016.3,25.2,56,NA
2021-04-21 16:00:00,1009.4,1015.7,26.6,52,NA
2021-04-21 17:00:00,1008.6,1014.8,28,49,NA
2021-04-21 18:00:00,1007.6,1013.8,29,43,NA
2021-04-21 19:00:00,1006.6,1012.8,29.2,41,NA
2021-04-21 20:00:00,1006.2,1012.4,29,42,NA
2021-04-21 21:00:00,1007.2,1013.5,27.2,49,NA
2021-04-21 22:00:00,1007.3,1013.6,25,57,NA
2021-04-21 23:00:00,1007.4,1013.8,23.6,64,NA
2021-04-22 00:00:00,NA,1014.7,23.4,65,NA
2021-04-23 00:00:00,1007.2,NA,NA,NA,NA
2021-04-23 03:00:00,1008.1,1014.5,20.6,78,NA
2021-04-23 06:00:00,1007.7,1014,19.2,74,NA
2021-04-23 09:00:00,NA,1013.8,17.2,80,NA
2021-04-23 10:00:00,NA,1013.9,16.8,84,NA
2021-04-23 11:00:00,NA,1014.5,17.2,84,NA
2021-04-23 12:00:00,NA,1014.2,20.4,71,NA
2021-04-23 13:00:00,NA,1013.9,22.4,63,NA
2021-04-23 14:00:00,NA,1013.6,25.2,53,NA
2021-04-23 15:00:00,NA,1013.5,26.4,51,NA
2021-04-23 16:00:00,NA,1012.8,28.4,47,NA
2021-04-23 17:00:00,NA,1010.6,29.4,40,NA
2021-04-23 18:00:00,NA,1010.2,29.8,40,NA
2021-04-23 19:00:00,NA,1009.9,30.4,42,NA
2021-04-23 20:00:00,NA,1009.8,29,47,NA
2021-04-23 21:00:00,NA,1010.2,27.8,52,NA
2021-04-23 22:00:00,NA,1010.7,26.6,62,NA
2021-04-23 23:00:00,NA,1011.3,25.6,67,NA
2021-04-24 00:00:00,NA,1011.5,25.4,64,NA
2021-04-25 03:00:00,NA,1016.6,17,88,NA
2021-04-25 06:00:00,NA,1016.8,15.8,94,NA
2021-04-25 09:00:00,NA,1016.8,15.2,94,NA
2021-04-25 10:00:00,NA,1017.5,15.2,91,NA
2021-04-25 11:00:00,NA,1018.1,14.8,93,NA
2021-04-25 12:00:00,NA,1018.9,16.2,87,NA
2021-04-25 13:00:00,NA,1019.4,18,79,NA
2021-04-25 14:00:00,NA,1019.4,19.8,71,NA
2021-04-25 15:00:00,NA,1018.9,21,65,NA
2021-04-25 16:00:00,NA,1018.3,21.4,55,NA
2021-04-25 17:00:00,NA,1017.7,21.6,46,NA
2021-04-25 18:00:00,NA,1017.3,22.2,44,NA
2021-04-25 19:00:00,NA,1016.7,21.2,38,NA
2021-04-25 20:00:00,NA,1016.9,21.2,47,NA
2021-04-25 21:00:00,NA,1017.8,19.2,58,NA
2021-04-25 22:00:00,NA,1018.2,16.4,70,NA
2021-04-25 23:00:00,NA,1018.8,15.1,73,NA
2021-04-26 00:00:00,NA,1019,14.2,78,NA
2021-04-27 03:00:00,NA,1019.7,13.4,84,NA
2021-04-27 06:00:00,NA,1019.8,11.4,90,NA
2021-04-27 09:00:00,NA,1019.8,10.4,95,NA
2021-04-27 10:00:00,NA,1020.2,10.8,95,NA
2021-04-27 11:00:00,NA,1020.6,10.8,97,NA
2021-04-27 12:00:00,NA,1021,15.2,87,NA
2021-04-27 13:00:00,NA,1021.1,18.4,70,NA
2021-04-27 14:00:00,NA,1021.2,20.2,58,NA
2021-04-27 15:00:00,NA,1020.9,21.6,53,NA
2021-04-27 16:00:00,NA,1020.4,21.6,50,NA
2021-04-27 17:00:00,NA,NA,23,48,NA
2021-04-27 18:00:00,NA,1019.2,22.6,47,NA
2021-04-27 19:00:00,NA,1018.9,22.4,47,NA
2021-04-27 20:00:00,NA,1018.5,21.8,49,NA
2021-04-27 21:00:00,NA,1018.8,20,59,NA
2021-04-27 22:00:00,NA,1018.9,17.6,69,NA
2021-04-27 23:00:00,NA,1019,16.2,73,NA
2021-04-28 00:00:00,1012.9,NA,15.4,73,NA
2021-04-28 03:00:00,1013.6,NA,12.8,86,NA
2021-04-28 06:00:00,1013.7,NA,12.6,83,NA
2021-04-28 09:00:00,1014.5,NA,10,91,NA
2021-04-28 10:00:00,1014.8,NA,9.4,94,NA
2021-04-28 11:00:00,1015.6,NA,9.8,94,NA
2021-04-28 12:00:00,1016,NA,14.6,78,NA
2021-04-28 14:00:00,1016.2,NA,19.6,55,NA
2021-04-28 15:00:00,1016.9,NA,20.6,50,NA
2021-04-28 16:00:00,1016,NA,21.6,50,NA
2021-04-28 17:00:00,1015.8,NA,22.6,48,NA
2021-04-28 18:00:00,1015.4,NA,23,46,NA
2021-04-28 19:00:00,1015.1,NA,22.2,46,NA
2021-04-28 20:00:00,1015.2,NA,22,49,NA
2021-04-28 21:00:00,1015.4,NA,20.3,55,NA
2021-04-28 22:00:00,1015.6,NA,17.2,71,NA
2021-04-28 23:00:00,1016.1,NA,16.1,75,NA
2021-04-29 03:00:00,NA,1023.2,13,86,NA
2021-04-29 06:00:00,NA,1023.3,12.4,86,NA
2021-04-29 09:00:00,NA,1023.3,8.8,92,NA
2021-04-29 10:00:00,NA,1023.6,9,95,NA
2021-04-29 11:00:00,NA,1024.1,8.6,97,NA
2021-04-29 12:00:00,NA,1025,14,80,NA
2021-04-29 13:00:00,NA,1025.2,17.6,62,NA
2021-04-29 14:00:00,NA,1025.2,18.2,61,NA
2021-04-29 15:00:00,NA,1025,19.6,56,NA
2021-04-29 16:00:00,NA,1024.6,20.4,54,NA
2021-04-29 17:00:00,NA,1023.4,21.6,49,NA
2021-04-29 18:00:00,NA,1022.6,22.1,51,NA
2021-04-29 19:00:00,NA,1022,22.6,47,NA
2021-04-29 20:00:00,NA,1021.6,22.8,44,NA
2021-04-29 21:00:00,NA,1021.5,21.4,55,NA
2021-04-29 22:00:00,NA,1021.5,19,69,NA
2021-04-29 23:00:00,NA,1022,16.6,76,NA
2021-04-30 00:00:00,1015.6,NA,15.3,80,NA
2021-04-30 03:00:00,1015.8,NA,14,82,NA
2021-04-30 06:00:00,1015.2,NA,11.8,88,NA
2021-04-30 09:00:00,1014.2,NA,11,92,NA
2021-04-30 10:00:00,1014.4,NA,10.8,89,NA
2021-04-30 11:00:00,1015,NA,12.4,86,NA
2021-04-30 12:00:00,1015,NA,14,80,NA
2021-04-30 13:00:00,1015,NA,17.2,76,NA
2021-04-30 14:00:00,1015,NA,20.2,64,NA
2021-04-30 15:00:00,1014.5,NA,20.8,58,NA
2021-04-30 16:00:00,1014,NA,23.2,58,NA
2021-04-30 17:00:00,1013.1,NA,25.4,45,NA
2021-04-30 18:00:00,1011.6,NA,26.2,38,NA
2021-04-30 19:00:00,1011.6,NA,26,37,NA
2021-04-30 20:00:00,1011.4,NA,26,36,NA
2021-04-30 21:00:00,1010.6,NA,24.8,40,NA
2021-04-30 22:00:00,1010.4,NA,21.2,59,NA
2021-04-30 23:00:00,1010.1,NA,19.2,70,NA
2021-05-01 03:00:00,NA,1017.7,14.6,87,NA
2021-05-01 06:00:00,NA,1017.4,12,88,NA
2021-05-01 09:00:00,NA,1017,12,91,NA
2021-05-01 10:00:00,NA,1017.5,11.8,92,NA
2021-05-01 11:00:00,NA,1018,13,88,NA
2021-05-01 12:00:00,NA,1018.1,14.8,81,NA
2021-05-01 13:00:00,NA,1018.5,17.6,75,NA
2021-05-01 14:00:00,NA,1018.2,21.2,64,NA
2021-05-01 15:00:00,NA,1017.9,24.2,52,NA
2021-05-01 16:00:00,NA,1017.2,25.8,45,NA
2021-05-01 17:00:00,NA,1016.1,26.8,45,NA
2021-05-01 18:00:00,NA,1015,27.4,42,NA
2021-05-01 19:00:00,NA,1014.5,27.6,40,NA
2021-05-01 20:00:00,NA,1014.5,27,42,NA
2021-05-01 21:00:00,NA,1014.1,26,46,NA
2021-05-01 22:00:00,NA,1013.7,23.6,56,NA
2021-05-01 23:00:00,NA,1013.7,21.6,63,NA
2021-05-02 00:00:00,1007.8,NA,20.6,68,NA
2021-05-02 03:00:00,1009.2,NA,18.4,79,NA
2021-05-02 06:00:00,1008.9,NA,16,87,NA
2021-05-02 09:00:00,1008.2,NA,15.6,87,NA
2021-05-02 10:00:00,1008.9,NA,14.6,89,NA
2021-05-02 11:00:00,1009.4,NA,14.8,86,NA
2021-05-02 12:00:00,1010.1,NA,17.8,76,NA
2021-05-02 13:00:00,1010.1,NA,21.2,67,NA
2021-05-02 14:00:00,1009.4,NA,23.5,54,NA
2021-05-02 15:00:00,1009.2,NA,25.8,54,NA
2021-05-02 16:00:00,1008.5,NA,27.2,49,NA
2021-05-02 17:00:00,1007.5,NA,28.8,45,NA
2021-05-02 18:00:00,1006.9,NA,29,43,NA
2021-05-02 19:00:00,1006.4,NA,28.9,45,NA
2021-05-02 21:00:00,1006.1,NA,26.8,52,NA
2021-05-02 22:00:00,1006.2,NA,24.4,59,NA
2021-05-03 03:00:00,NA,1012.6,20,78,NA
2021-05-03 06:00:00,NA,1012.4,18.4,84,NA
2021-05-03 09:00:00,NA,1012.1,17.2,92,NA
2021-05-03 10:00:00,NA,1012.2,17.4,92,NA
2021-05-03 11:00:00,NA,1012.7,17.8,92,NA
2021-05-03 12:00:00,NA,1012.7,19,91,NA
2021-05-03 13:00:00,NA,1012.6,23,80,NA
2021-05-03 14:00:00,NA,1012.4,25.2,72,NA
2021-05-03 15:00:00,NA,1011.8,28,61,NA
2021-05-03 16:00:00,NA,1010.6,29.6,59,NA
2021-05-03 17:00:00,NA,1009.8,30.2,56,NA
2021-05-03 18:00:00,NA,1008.3,28.2,67,NA
2021-05-03 19:00:00,NA,1007.9,30,58,NA
2021-05-03 20:00:00,NA,1007.8,30.2,62,NA
2021-05-03 21:00:00,NA,1007.9,28.4,65,NA
2021-05-03 22:00:00,NA,1008.3,25,73,NA
2021-05-03 23:00:00,1002.9,NA,25.2,74,NA
2021-05-04 00:00:00,1003.2,NA,24.6,80,NA
2021-05-04 03:00:00,1004.1,NA,23,89,NA
2021-05-04 06:00:00,1003.2,NA,23.8,83,NA
2021-05-04 09:00:00,1004.8,NA,20.8,97,NA
2021-05-04 10:00:00,1006,NA,20.8,96,NA
2021-05-04 11:00:00,1006.8,NA,20.6,98,NA
2021-05-04 12:00:00,1008.1,NA,20.6,98,NA
2021-05-04 13:00:00,1009.8,NA,19.6,96,NA
2021-05-04 14:00:00,1009.4,NA,18.4,96,NA
2021-05-04 15:00:00,1010,NA,18,89,NA
2021-05-04 16:00:00,1010.2,NA,17.4,88,NA
2021-05-04 17:00:00,1011.8,NA,16.4,85,NA
2021-05-04 18:00:00,1011.6,NA,16.4,82,NA
2021-05-04 19:00:00,1011.8,NA,16.2,85,NA
2021-05-04 20:00:00,1012.6,NA,15.4,89,NA
2021-05-04 21:00:00,1013.7,NA,15.2,85,NA
2021-05-04 22:00:00,1013.8,NA,15,78,NA
2021-05-04 23:00:00,1014.5,NA,14.6,78,NA
2021-05-05 03:00:00,NA,1022.1,13.8,74,NA
2021-05-05 06:00:00,NA,1023.8,12.4,86,NA
2021-05-05 09:00:00,NA,1023.1,12.4,86,NA
2021-05-05 10:00:00,NA,1023.5,12.6,84,NA
2021-05-05 11:00:00,NA,1023,12.4,86,NA
2021-05-05 12:00:00,NA,1023.4,12.8,84,NA
2021-05-05 13:00:00,NA,1023.6,13.8,78,NA
2021-05-05 14:00:00,NA,1023.5,14.2,76,NA
2021-05-05 15:00:00,NA,1023.4,14.4,70,NA
2021-05-05 16:00:00,NA,1022.9,15.2,69,NA
2021-05-05 17:00:00,NA,1022.1,15.6,63,NA
2021-05-05 18:00:00,NA,1021.8,15.8,64,NA
2021-05-05 19:00:00,NA,1021.3,16.8,59,NA
2021-05-05 20:00:00,NA,1021.6,16.2,60,NA
2021-05-05 21:00:00,NA,1021.7,15.2,65,NA
2021-05-05 22:00:00,NA,1021.9,13.8,70,NA
2021-05-05 23:00:00,NA,1022.9,13.6,75,NA
2021-05-06 00:00:00,1016.6,NA,13.8,73,NA
2021-05-06 03:00:00,1018.1,NA,12.6,76,NA
2021-05-06 06:00:00,1018.1,NA,11.2,78,NA
2021-05-06 09:00:00,1017.4,NA,9.4,92,NA
2021-05-06 10:00:00,1018.2,NA,9,92,NA
2021-05-06 11:00:00,1019.2,NA,8.8,81,NA
2021-05-06 12:00:00,1020,NA,9.8,74,NA
2021-05-06 13:00:00,1020,NA,12,67,NA
2021-05-06 14:00:00,1020.3,NA,15.2,64,NA
2021-05-06 15:00:00,1020.1,NA,16,50,NA
2021-05-06 16:00:00,1019.6,NA,16,50,NA
2021-05-06 17:00:00,1018.8,NA,17.2,47,NA
2021-05-06 18:00:00,1018.1,NA,17.4,47,NA
2021-05-06 19:00:00,1017.9,NA,17.2,48,NA
2021-05-06 20:00:00,1018.2,NA,16.7,51,NA
2021-05-06 21:00:00,1018.4,NA,15,58,NA
2021-05-06 22:00:00,1018.5,NA,12,75,NA
2021-05-06 23:00:00,1018.8,NA,11.6,69,NA
2021-05-07 03:00:00,NA,1026.2,8.8,87,NA
2021-05-07 06:00:00,NA,1025.6,6.8,88,NA
2021-05-07 09:00:00,NA,1025.3,5.4,94,NA
2021-05-07 10:00:00,NA,1025.6,5,94,NA
2021-05-07 11:00:00,NA,1026.3,5,94,NA
2021-05-07 12:00:00,NA,1027.1,7.4,92,NA
2021-05-07 13:00:00,NA,1027.1,14.4,64,NA
2021-05-07 14:00:00,NA,1027.4,14.4,60,NA
2021-05-07 15:00:00,NA,1027.2,16.6,52,NA
2021-05-07 16:00:00,NA,1026.5,17.2,42,NA
2021-05-07 17:00:00,NA,1025.7,18.6,40,NA
2021-05-07 18:00:00,NA,1025.4,19,39,NA
2021-05-07 19:00:00,NA,1024.5,18.8,40,NA
2021-05-07 20:00:00,NA,1024.3,18.2,41,NA
2021-05-07 21:00:00,NA,1024.6,17,54,NA
2021-05-07 22:00:00,NA,1024.8,14.4,68,NA
2021-05-07 23:00:00,NA,1024.9,12.8,73,NA
2021-05-08 00:00:00,1018.5,NA,11.8,76,NA
2021-05-08 03:00:00,1020.1,NA,9.8,86,NA
2021-05-08 06:00:00,1019.6,NA,9.1,89,NA
2021-05-08 09:00:00,1018.8,NA,8.4,89,NA
2021-05-08 10:00:00,1018.8,NA,8,91,NA
2021-05-08 11:00:00,1019.4,NA,8.6,86,NA
2021-05-08 12:00:00,1020,NA,10.4,82,NA
2021-05-08 13:00:00,1019.8,NA,13.6,73,NA
2021-05-08 14:00:00,1019.7,NA,16.2,63,NA
2021-05-08 15:00:00,1019.4,NA,18,57,NA
2021-05-08 16:00:00,1018.8,NA,19.4,54,NA
2021-05-08 17:00:00,1017.2,NA,20.6,47,NA
2021-05-08 18:00:00,1016.6,NA,21.2,47,NA
2021-05-08 19:00:00,1016,NA,21.2,45,NA
2021-05-08 20:00:00,1015.6,NA,20.8,47,NA
2021-05-08 21:00:00,1015.4,NA,19.4,54,NA
2021-05-08 22:00:00,1015.3,NA,16.6,70,NA
2021-05-08 23:00:00,1015.4,NA,15.2,69,NA
2021-05-09 03:00:00,NA,1023.1,13,80,NA
2021-05-09 06:00:00,NA,1022,12,86,NA
2021-05-09 09:00:00,NA,1020.5,10.8,92,NA
2021-05-09 10:00:00,NA,1021.1,10.6,92,NA
2021-05-09 11:00:00,NA,1021.4,10.6,94,NA
2021-05-09 12:00:00,NA,1021.5,12.2,86,NA
2021-05-09 13:00:00,NA,1022.1,14.4,82,NA
2021-05-09 14:00:00,NA,1022.3,15.8,79,NA
2021-05-09 15:00:00,NA,1022,17.8,73,NA
2021-05-09 16:00:00,NA,1021.3,18.4,70,NA
2021-05-09 17:00:00,NA,1020.8,18.6,70,NA
2021-05-09 18:00:00,NA,1020.2,18.2,77,NA
2021-05-09 19:00:00,NA,1018.8,18.4,77,NA
2021-05-09 20:00:00,NA,1018.6,18.4,77,NA
2021-05-09 21:00:00,NA,1018.8,18.2,79,NA
2021-05-09 22:00:00,NA,1019.2,17.6,82,NA
2021-05-09 23:00:00,NA,1019.7,17,86,NA
2021-05-10 00:00:00,1013.7,NA,16.8,87,NA
2021-05-10 03:00:00,1013.8,NA,16.2,91,NA
2021-05-10 09:00:00,1011.8,NA,15.4,95,NA
2021-05-10 10:00:00,1012.5,NA,15.4,95,NA
2021-05-10 11:00:00,1013.4,NA,15.6,93,NA
2021-05-10 12:00:00,1014.6,NA,15.8,95,NA
2021-05-10 13:00:00,1015.2,NA,16,91,NA
2021-05-10 15:00:00,1015,NA,17,85,NA
2021-05-10 16:00:00,1014.8,NA,17.2,82,NA
2021-05-10 17:00:00,1014.4,NA,17.9,80,NA
2021-05-10 18:00:00,1014,NA,17,85,NA
2021-05-10 19:00:00,1013.7,NA,17.4,85,NA
2021-05-10 20:00:00,1013.5,NA,17.4,84,NA
2021-05-10 21:00:00,1013.4,NA,16.8,87,NA
2021-05-10 23:00:00,1014.1,NA,15.8,90,NA
2021-05-11 03:00:00,NA,1022.3,13.6,87,NA
2021-05-11 06:00:00,NA,1022.5,12.2,88,NA
2021-05-11 09:00:00,NA,1021.7,9.4,92,NA
2021-05-11 10:00:00,NA,1021.7,9.8,90,NA
2021-05-11 11:00:00,NA,1022.5,10,87,NA
2021-05-11 12:00:00,NA,1023.2,11,85,NA
2021-05-11 13:00:00,NA,1023.5,13.8,72,NA
2021-05-11 14:00:00,NA,1023.1,14,67,NA
2021-05-11 15:00:00,NA,1023.4,14.4,64,NA
2021-05-11 16:00:00,NA,1023.6,16,58,NA
2021-05-11 17:00:00,NA,1022.5,18.2,46,NA
2021-05-11 18:00:00,NA,1022.1,18,45,NA
2021-05-11 19:00:00,NA,1021.7,17.8,42,NA
2021-05-11 20:00:00,NA,1021.5,17,45,NA
2021-05-11 21:00:00,NA,1021.9,14.6,56,NA
2021-05-11 22:00:00,NA,1022,13,69,NA
2021-05-11 23:00:00,NA,1022.3,12,72,NA
2021-05-12 00:00:00,1015.8,NA,11.8,71,NA
2021-05-12 03:00:00,1016.4,NA,9.5,80,NA
2021-05-12 06:00:00,1016.6,NA,6.8,88,NA
2021-05-12 10:00:00,1016.6,NA,5.8,90,NA
2021-05-12 11:00:00,1017,NA,5.8,90,NA
2021-05-12 12:00:00,1017.3,NA,9.4,79,NA
2021-05-12 13:00:00,1017.5,NA,13.4,75,NA
2021-05-12 14:00:00,1017.9,NA,14.6,63,NA
2021-05-12 15:00:00,1017.4,NA,17,52,NA
2021-05-12 16:00:00,1017.1,NA,17.6,51,NA
2021-05-12 17:00:00,1016,NA,18.4,47,NA
2021-05-12 18:00:00,1015.8,NA,18.8,46,NA
2021-05-12 19:00:00,1015.7,NA,19,43,NA
2021-05-12 20:00:00,1015.4,NA,19.2,47,NA
2021-05-12 21:00:00,1015,NA,16.8,55,NA
2021-05-12 23:00:00,1015.2,NA,12.6,74,NA
2021-05-13 03:00:00,NA,1021.8,8.4,89,NA
2021-05-13 06:00:00,NA,1021.8,6,94,NA
2021-05-13 09:00:00,NA,1022.2,5.4,94,NA
2021-05-13 10:00:00,NA,1023.1,4.4,97,NA
2021-05-13 11:00:00,NA,1023.6,5.6,91,NA
2021-05-13 12:00:00,NA,1023.7,8.4,81,NA
2021-05-13 13:00:00,NA,1024.4,13.4,73,NA
2021-05-13 14:00:00,NA,1024.4,15.2,67,NA
2021-05-13 15:00:00,NA,1024,17.4,58,NA
2021-05-13 16:00:00,NA,1023.6,18.2,56,NA
2021-05-13 17:00:00,NA,1022.9,18.2,54,NA
2021-05-13 18:00:00,NA,1022.2,18.4,54,NA
2021-05-13 19:00:00,NA,1021.7,18.6,53,NA
2021-05-13 20:00:00,NA,1021.3,17.9,54,NA
2021-05-13 21:00:00,NA,1021.2,16.6,63,NA
2021-05-13 22:00:00,NA,1021.2,14.4,74,NA
2021-05-13 23:00:00,NA,1021.5,13,82,NA
2021-05-14 00:00:00,1014.6,NA,13,81,NA
2021-05-14 03:00:00,1014.9,NA,12.2,78,NA
2021-05-14 06:00:00,1015.7,NA,9,89,NA
2021-05-14 09:00:00,1014.9,NA,7,94,NA
2021-05-14 10:00:00,1015,NA,6.8,94,NA
2021-05-14 11:00:00,1015.2,NA,6,94,NA
2021-05-14 12:00:00,1015.3,NA,10.2,82,NA
2021-05-14 13:00:00,1015.3,NA,13.4,73,NA
2021-05-14 15:00:00,1015.2,NA,18,55,NA
2021-05-14 16:00:00,1014.6,NA,19,51,NA
2021-05-14 17:00:00,1013,NA,20.5,45,NA
2021-05-14 18:00:00,1012.6,NA,21.6,40,NA
2021-05-14 19:00:00,1012.2,NA,21.8,37,NA
2021-05-14 20:00:00,1012,NA,21.2,39,NA
2021-05-14 21:00:00,1012.2,NA,19.5,51,NA
2021-05-14 22:00:00,1012.2,NA,16.5,60,NA
2021-05-15 03:00:00,NA,1018.8,12,72,NA
2021-05-15 06:00:00,NA,1019.2,7.8,83,NA
2021-05-15 09:00:00,NA,1018.9,6.5,93,NA
2021-05-15 10:00:00,NA,1019.3,6,93,NA
2021-05-15 11:00:00,NA,1019.5,6.2,91,NA
2021-05-15 12:00:00,NA,1019.9,10.1,79,NA
2021-05-15 13:00:00,NA,1019.9,12.7,76,NA
2021-05-15 14:00:00,NA,1020.2,15.9,71,NA
2021-05-15 15:00:00,NA,1019.8,18.7,62,NA
2021-05-15 16:00:00,NA,1019.7,20.5,57,NA
2021-05-15 17:00:00,NA,1019.8,21.4,50,NA
2021-05-15 18:00:00,NA,1018.3,22.2,44,NA
2021-05-15 19:00:00,NA,1017.4,23.6,39,NA
2021-05-15 20:00:00,NA,1017.4,22,42,NA
2021-05-15 21:00:00,NA,1017.6,21.4,49,NA
2021-05-15 22:00:00,NA,1017.6,18,66,NA
2021-05-15 23:00:00,NA,1018.1,14.6,83,NA
2021-05-16 00:00:00,1011.8,NA,13.8,84,NA
2021-05-16 03:00:00,1012.2,NA,12.4,83,NA
2021-05-16 06:00:00,1012.4,NA,11.2,89,NA
2021-05-16 10:00:00,1012.5,NA,13.6,88,NA
2021-05-16 11:00:00,1012.6,NA,13.6,86,NA
2021-05-16 12:00:00,1012.9,NA,14,84,NA
2021-05-16 13:00:00,1013.4,NA,15.8,77,NA
2021-05-16 14:00:00,1013.5,NA,17,74,NA
2021-05-16 15:00:00,1013.6,NA,18.8,59,NA
2021-05-16 16:00:00,1013,NA,20,56,NA
2021-05-16 17:00:00,1012.5,NA,21.6,59,NA
2021-05-16 18:00:00,1011.8,NA,22.2,61,NA
2021-05-16 19:00:00,1011.6,NA,22.2,61,NA
2021-05-16 20:00:00,1011.3,NA,21.8,62,NA
2021-05-16 21:00:00,1011.4,NA,21,70,NA
2021-05-16 22:00:00,1011.6,NA,18.8,79,NA
2021-05-16 23:00:00,1011.7,NA,17.4,84,NA
2021-05-17 03:00:00,NA,1019,15,89,NA
2021-05-17 06:00:00,NA,1019.6,14.3,92,NA
2021-05-17 09:00:00,NA,1019.7,11.6,95,NA
2021-05-17 10:00:00,NA,1020,11.2,92,NA
2021-05-17 11:00:00,NA,1020.8,11,95,NA
2021-05-17 12:00:00,NA,1021.2,13,91,NA
2021-05-17 13:00:00,NA,1021.5,16.6,78,NA
2021-05-17 14:00:00,NA,1021.1,19,62,NA
2021-05-17 15:00:00,NA,1021.1,20.2,55,NA
2021-05-17 16:00:00,NA,1020.8,20.6,54,NA
2021-05-17 17:00:00,NA,1020.1,21.2,50,NA
2021-05-17 18:00:00,NA,1019.5,22,44,NA
2021-05-17 19:00:00,NA,1018.9,21.4,44,NA
2021-05-17 20:00:00,NA,1019.3,20.8,43,NA
2021-05-17 21:00:00,NA,1019.8,18.2,54,NA
2021-05-17 22:00:00,NA,1019.9,15.6,61,NA
2021-05-17 23:00:00,NA,1019.9,13.6,73,NA
2021-05-18 00:00:00,1013.6,NA,12.6,76,NA
2021-05-18 03:00:00,1014.6,NA,9.4,81,NA
2021-05-18 06:00:00,1014.2,NA,6.4,90,NA
2021-05-18 09:00:00,1013.6,NA,6.8,91,NA
2021-05-18 10:00:00,1014,NA,5.8,94,NA
2021-05-18 11:00:00,1014.4,NA,5.6,96,NA
2021-05-18 12:00:00,1014.9,NA,8.6,91,NA
2021-05-18 14:00:00,1014.6,NA,16.4,62,NA
2021-05-18 15:00:00,1014.4,NA,17.2,57,NA
2021-05-18 16:00:00,1013.9,NA,18.6,52,NA
2021-05-18 17:00:00,1012.4,NA,19.7,48,NA
2021-05-18 18:00:00,1010.5,NA,20,45,NA
2021-05-18 19:00:00,1011.2,NA,20.5,42,NA
2021-05-18 20:00:00,1010.8,NA,20.1,41,NA
2021-05-18 21:00:00,1011.2,NA,18.4,54,NA
2021-05-18 22:00:00,1011.4,NA,15.4,69,NA
2021-05-19 03:00:00,NA,1017.7,11.4,78,NA
2021-05-19 06:00:00,NA,1017.1,8.8,88,NA
2021-05-19 09:00:00,NA,1016.3,8.8,89,NA
2021-05-19 10:00:00,NA,1016.5,8.8,89,NA
2021-05-19 11:00:00,NA,1016.7,9.4,85,NA
2021-05-19 12:00:00,NA,1016.9,10,82,NA
2021-05-19 13:00:00,NA,1017.2,13.4,71,NA
2021-05-19 14:00:00,NA,1016.7,16.8,59,NA
2021-05-19 15:00:00,NA,1016.2,20,48,NA
2021-05-19 16:00:00,NA,1015.1,20.6,49,NA
2021-05-19 17:00:00,NA,1014,20.8,50,NA
2021-05-19 18:00:00,NA,1014.1,21.2,48,NA
2021-05-19 19:00:00,NA,1013.6,20.6,51,NA
2021-05-19 20:00:00,NA,1014.4,20,64,NA
2021-05-19 21:00:00,NA,1015.6,17.6,73,NA
2021-05-19 22:00:00,NA,1015.3,16.4,84,NA
2021-05-19 23:00:00,NA,1015.2,16,94,NA
2021-05-20 00:00:00,1008.9,NA,15.6,93,NA
2021-05-20 03:00:00,1006.5,NA,14.6,89,NA
2021-05-20 06:00:00,1006.8,NA,14,93,NA
2021-05-20 09:00:00,1007.7,NA,13.8,96,NA
2021-05-20 10:00:00,1007.8,NA,13.6,95,NA
2021-05-20 11:00:00,1007.8,NA,13.4,95,NA
2021-05-20 12:00:00,1009,NA,13.6,95,NA
2021-05-20 13:00:00,1009.5,NA,13.6,95,NA
2021-05-20 14:00:00,1009.1,NA,13.8,95,NA
2021-05-20 16:00:00,1006.7,NA,14,93,NA
2021-05-20 17:00:00,1004.9,NA,14.5,94,NA
2021-05-20 18:00:00,1004.2,NA,15.2,95,NA
2021-05-20 19:00:00,1004.4,NA,15,95,NA
2021-05-20 20:00:00,1004.6,NA,15.2,98,NA
2021-05-20 21:00:00,1004.8,NA,15.2,95,NA
2021-05-20 22:00:00,1005,NA,14.6,98,NA
2021-05-20 23:00:00,1004.4,NA,14.2,96,NA
2021-05-21 03:00:00,NA,1011.8,14.2,99,NA
2021-05-21 06:00:00,NA,1008.7,14.4,97,NA
2021-05-21 09:00:00,NA,1010.2,14.4,97,NA
2021-05-21 10:00:00,NA,1007.6,14.4,97,NA
2021-05-21 11:00:00,NA,1009.4,14,97,NA
2021-05-21 12:00:00,NA,1009.2,13.6,96,NA
2021-05-21 13:00:00,NA,1007.5,13.6,96,NA
2021-05-21 14:00:00,NA,1007.2,14.2,96,NA
2021-05-21 15:00:00,NA,1006.4,15,93,NA
2021-05-21 16:00:00,NA,1005.3,15.4,96,NA
2021-05-21 17:00:00,NA,1004.9,16.8,94,NA
2021-05-21 18:00:00,NA,1005.5,16.8,96,NA
2021-05-21 19:00:00,NA,1005.7,16.6,96,NA
2021-05-21 20:00:00,NA,1005.7,16.6,96,NA
2021-05-21 21:00:00,NA,1005.6,16.2,96,NA
2021-05-21 22:00:00,NA,1005.3,15.8,96,NA
2021-05-21 23:00:00,NA,1007.4,16,96,NA
2021-05-22 00:00:00,1000.9,NA,15.6,95,NA
2021-05-22 03:00:00,1001,NA,13.2,95,NA
2021-05-22 06:00:00,1001.7,NA,13.6,90,NA
2021-05-22 09:00:00,1003.2,NA,12.4,88,NA
2021-05-22 10:00:00,1003.2,NA,12.4,88,NA
2021-05-22 11:00:00,1003.2,NA,12.6,90,NA
2021-05-22 12:00:00,1004,NA,12.6,86,NA
2021-05-22 13:00:00,1004.4,NA,12.8,86,NA
2021-05-22 14:00:00,1004.9,NA,13.2,79,NA
2021-05-22 15:00:00,1004.4,NA,13.8,75,NA
2021-05-22 16:00:00,1004.1,NA,14,69,NA
2021-05-22 17:00:00,1002.6,NA,14.2,67,NA
2021-05-22 18:00:00,1002.5,NA,14.8,60,NA
2021-05-22 19:00:00,1002,NA,14.6,58,NA
2021-05-22 20:00:00,1002,NA,14,61,NA
2021-05-22 21:00:00,1002,NA,14,61,NA
2021-05-22 22:00:00,1002.9,NA,12.4,63,NA
2021-05-22 23:00:00,1003,NA,12.6,63,NA
2021-05-23 03:00:00,NA,1011.5,11.8,83,NA
2021-05-23 06:00:00,NA,1012.7,12,95,NA
2021-05-23 09:00:00,NA,1013.6,11.6,95,NA
2021-05-23 10:00:00,NA,1014,12,97,NA
2021-05-23 11:00:00,NA,1014.7,12,95,NA
2021-05-23 12:00:00,NA,1015.2,12.4,96,NA
2021-05-23 13:00:00,NA,1015.9,12.6,93,NA
2021-05-23 14:00:00,NA,1016.6,13,82,NA
2021-05-23 15:00:00,NA,1016.8,14.8,75,NA
2021-05-23 16:00:00,NA,1016.4,14.6,68,NA
2021-05-23 17:00:00,NA,1016,14.8,62,NA
2021-05-23 18:00:00,NA,1015.8,15,61,NA
2021-05-23 19:00:00,NA,1015.6,14.2,67,NA
2021-05-23 20:00:00,NA,1016.3,13.8,63,NA
2021-05-23 21:00:00,NA,1016.6,13.2,69,NA
2021-05-23 22:00:00,NA,1017.6,12,79,NA
2021-05-23 23:00:00,NA,1018,11.8,81,NA
2021-05-24 00:00:00,NA,1018.5,11.4,81,NA
2021-05-25 03:00:00,NA,1017.9,10.2,86,NA
2021-05-25 06:00:00,NA,1018.4,9,84,NA
2021-05-25 09:00:00,NA,1018.4,8.4,86,NA
2021-05-25 10:00:00,NA,1019.3,6.5,90,NA
2021-05-25 11:00:00,NA,1019.9,6.8,88,NA
2021-05-25 12:00:00,NA,1020.5,9.2,84,NA
2021-05-25 13:00:00,NA,1020.8,11.8,76,NA
2021-05-25 14:00:00,NA,1020.7,14.6,66,NA
2021-05-25 15:00:00,NA,1021.3,18,56,NA
2021-05-25 16:00:00,NA,1021,19.6,48,NA
2021-05-25 17:00:00,NA,1019.3,20.8,50,NA
2021-05-25 18:00:00,NA,1017.6,21,41,NA
2021-05-25 19:00:00,NA,1017.2,21.4,43,NA
2021-05-25 20:00:00,NA,1017.3,20.8,44,NA
2021-05-25 21:00:00,NA,1018.1,19.2,60,NA
2021-05-25 22:00:00,NA,1018.9,15.6,71,NA
2021-05-25 23:00:00,NA,1019.6,14.2,78,NA
2021-05-26 00:00:00,NA,1020.1,13.4,82,NA
2021-05-27 03:00:00,NA,1017.6,10.4,95,NA
2021-05-27 06:00:00,NA,1016.9,9.2,97,NA
2021-05-27 09:00:00,NA,1015.5,8.4,92,NA
2021-05-27 10:00:00,NA,1015.1,9,95,NA
2021-05-27 11:00:00,NA,1015.4,9.4,95,NA
2021-05-27 12:00:00,NA,1016.1,10.2,92,NA
2021-05-27 13:00:00,NA,1016.3,12.4,86,NA
2021-05-27 14:00:00,NA,1016.1,16.4,68,NA
2021-05-27 15:00:00,NA,1015.6,18.4,61,NA
2021-05-27 16:00:00,NA,1014.3,20.2,55,NA
2021-05-27 17:00:00,1006.9,1013.3,21.4,49,NA
2021-05-27 18:00:00,1005.7,1012.1,22.4,47,NA
2021-05-27 19:00:00,1004.4,1010.8,22.8,45,NA
2021-05-27 20:00:00,1003.8,1010.2,22.4,46,NA
2021-05-27 21:00:00,1003.2,1009.6,19.8,57,NA
2021-05-27 22:00:00,1002.8,1009.2,18.2,64,NA
2021-05-27 23:00:00,1002.8,1009.2,16.6,70,NA
2021-05-28 00:00:00,NA,1009.2,15.4,77,NA
2021-05-29 00:00:00,998.5,NA,NA,NA,NA
2021-05-29 03:00:00,1000.5,1006.9,15.8,96,NA
2021-05-29 06:00:00,1003,1009.4,14.8,89,NA
2021-05-29 09:00:00,1005.4,1011.9,12.6,73,NA
2021-05-29 10:00:00,1006.1,1012.6,12,74,NA
2021-05-29 11:00:00,NA,1013,10.8,80,NA
2021-05-29 12:00:00,1007.4,1014,11.2,85,NA
2021-05-29 13:00:00,1008.5,1014.9,10.7,NA,NA
2021-05-29 14:00:00,1009,1015.4,17.4,58,NA
2021-05-29 15:00:00,1010,1016.3,17.8,48,NA
2021-05-29 16:00:00,1010.2,1016.6,18.6,43,NA
2021-05-29 17:00:00,1010.4,1016.8,19,44,NA
2021-05-29 18:00:00,1010,1016.3,18.8,42,NA
2021-05-29 19:00:00,1010.4,1016.8,18.4,43,NA
2021-05-29 20:00:00,1010.6,1017,17.8,43,NA
2021-05-29 21:00:00,1011,1017.6,16.2,57,NA
2021-05-29 22:00:00,1011.3,1017.9,13.8,61,NA
2021-05-29 23:00:00,1012,1018.5,12.4,66,NA
2021-05-30 00:00:00,NA,1018.9,11,76,NA
2021-05-31 00:00:00,1015.2,NA,NA,NA,NA
2021-05-31 03:00:00,1015.3,1021.8,8.2,89,NA
2021-05-31 06:00:00,1015,1021.5,8.4,76,NA
2021-05-31 09:00:00,1014.1,1020.7,6,94,NA
2021-05-31 10:00:00,1014.5,1021.1,5.8,91,NA
2021-05-31 11:00:00,1015,1021.7,6.2,97,NA
2021-05-31 12:00:00,1015.3,1021.9,10.2,72,NA
2021-05-31 13:00:00,1015.3,1021.9,12.8,60,NA
2021-05-31 14:00:00,NA,1021.9,15.8,50,NA
2021-05-31 15:00:00,1014.5,1021.1,18.2,39,NA
2021-05-31 16:00:00,1014.3,1020.8,19.6,40,NA
2021-05-31 17:00:00,1013.5,1020,20.2,34,NA
2021-05-31 18:00:00,1012.2,1018.7,21.2,31,NA
2021-05-31 19:00:00,1012,1018.5,21,32,NA
2021-05-31 20:00:00,1011.8,1018.3,20.8,35,NA
2021-05-31 21:00:00,1012,1018.5,19.2,42,NA
2021-05-31 22:00:00,1011.7,1018.2,16.2,53,NA
2021-05-31 23:00:00,1011.2,1017.7,15,57,NA
2021-06-01 00:00:00,NA,1017.4,14,67,NA
2021-06-02 00:00:00,1004.1,NA,NA,NA,NA
2021-06-02 03:00:00,1004.4,1010.7,14.6,81,NA
2021-06-02 06:00:00,1004.5,1010.9,14,87,NA
2021-06-02 09:00:00,1005.6,1011.9,12.6,91,NA
2021-06-02 10:00:00,1005.8,1012.2,11.8,91,NA
2021-06-02 11:00:00,1006.6,1013.1,11.2,92,NA
2021-06-02 12:00:00,1007.7,1014.1,12.8,93,NA
2021-06-02 13:00:00,1008.3,1014.7,15.4,81,NA
2021-06-02 14:00:00,1008.8,1015.2,17.2,75,NA
2021-06-02 15:00:00,1009,1015.4,19.6,56,NA
2021-06-02 16:00:00,1008.6,1015,20,55,NA
2021-06-02 17:00:00,1008.6,1015,21.2,52,NA
2021-06-02 18:00:00,1008.6,1015,21.8,48,NA
2021-06-02 19:00:00,1008.5,1014.8,21,51,NA
2021-06-02 20:00:00,1008.6,1015,20,58,NA
2021-06-02 21:00:00,1008.6,1015.1,18.4,68,NA
2021-06-02 22:00:00,1008.9,1015.4,16.2,77,NA
2021-06-02 23:00:00,1009.8,1016.4,14.4,85,NA
2021-06-03 00:00:00,NA,1017.6,13.4,87,NA
2021-06-04 00:00:00,1007.6,NA,NA,NA,NA
2021-06-04 03:00:00,1007.6,1014,16,81,NA
2021-06-04 06:00:00,1006.9,1013.3,15.2,87,NA
2021-06-04 09:00:00,1005.6,1012,16.2,91,NA
2021-06-04 10:00:00,1005.7,1012.1,16.4,96,NA
2021-06-04 11:00:00,1006.2,1012.7,16.4,96,NA
2021-06-04 12:00:00,1006.4,1012.8,17.6,94,NA
2021-06-04 13:00:00,1006.8,1013.1,20,87,NA
2021-06-04 14:00:00,1006.7,1013,21.8,83,NA
2021-06-04 15:00:00,1006.2,1012.6,23.8,74,NA
2021-06-04 16:00:00,NA,1011.8,24.4,73,NA
2021-06-04 17:00:00,1003.8,1010.1,28.8,54,NA
2021-06-04 18:00:00,1003,1009.3,29.2,51,NA
2021-06-04 19:00:00,1002.6,1008.8,29.2,50,NA
2021-06-04 20:00:00,1002.1,1008.3,29.4,49,NA
2021-06-04 21:00:00,1001.6,1007.8,27,58,NA
2021-06-04 22:00:00,1002.4,1008.7,24.4,71,NA
2021-06-04 23:00:00,1002.5,1008.8,23.8,71,NA
2021-06-05 00:00:00,NA,1009,22.2,76,NA
2021-06-06 00:00:00,1010.5,NA,NA,NA,NA
2021-06-06 03:00:00,1011.7,1018.2,15.2,94,NA
2021-06-06 06:00:00,1012.2,1018.8,12.8,93,NA
2021-06-06 09:00:00,1012.9,1019.5,10.9,94,NA
2021-06-06 10:00:00,1013.6,1020,10.4,92,NA
2021-06-06 11:00:00,1014.2,1020.8,10,90,NA
2021-06-06 12:00:00,1014.9,1021.4,10,90,NA
2021-06-06 13:00:00,1015.4,1021.9,11.4,83,NA
2021-06-06 14:00:00,1015.6,1022.1,13.8,74,NA
2021-06-06 15:00:00,1015.8,1022.4,14.6,60,NA
2021-06-06 16:00:00,1015,1021.5,16.2,57,NA
2021-06-06 17:00:00,1012.4,1018.8,17.6,51,NA
2021-06-06 18:00:00,1011.7,1018.1,18,50,NA
2021-06-06 19:00:00,1010,1016.4,17.6,50,NA
2021-06-06 20:00:00,1010.6,1017,17.6,55,NA
2021-06-06 21:00:00,1011.2,1017.6,16.4,59,NA
2021-06-06 22:00:00,1011.3,1017.8,14.2,70,NA
2021-06-06 23:00:00,1011.6,1018.1,13,75,NA
2021-06-07 00:00:00,NA,1018.7,12,79,NA
2021-06-07 23:00:00,1011.4,NA,NA,NA,NA
2021-06-08 00:00:00,1011.6,NA,NA,NA,NA
2021-06-08 03:00:00,1011.8,1018.3,16.8,86,NA
2021-06-08 06:00:00,1011.6,1018,15.6,89,NA
2021-06-08 09:00:00,1010.9,1017.4,14.6,93,NA
2021-06-08 10:00:00,1011.3,1017.8,14.2,96,NA
2021-06-08 11:00:00,NA,1017.9,14.4,96,NA
2021-06-08 12:00:00,NA,1018.5,14.4,96,NA
2021-06-08 13:00:00,NA,1018.7,14.6,93,NA
2021-06-08 14:00:00,NA,1018.6,16,90,NA
2021-06-08 15:00:00,NA,1018.9,16.6,88,NA
2021-06-08 16:00:00,NA,1018.6,17.2,86,NA
2021-06-08 17:00:00,NA,1017,18.6,81,NA
2021-06-08 18:00:00,NA,1016.6,19,79,NA
2021-06-08 19:00:00,NA,1016.2,19.6,76,NA
2021-06-08 20:00:00,NA,1016.2,19.2,79,NA
2021-06-08 21:00:00,NA,1016.6,18.2,83,NA
2021-06-08 22:00:00,NA,1016.6,17.6,84,NA
2021-06-08 23:00:00,NA,1016.8,17,88,NA
2021-06-09 00:00:00,NA,1017.3,17,90,NA
2021-06-10 00:00:00,1009.4,NA,NA,NA,NA
2021-06-10 03:00:00,1010.4,1016.9,13.8,93,NA
2021-06-10 06:00:00,1009.3,1015.7,12.4,96,NA
2021-06-10 09:00:00,1010.5,1017,12.8,96,NA
2021-06-10 10:00:00,1010.4,1016.9,12.8,96,NA
2021-06-10 11:00:00,1011,1017.6,13,97,NA
2021-06-10 12:00:00,1011.7,1018.2,13.8,96,NA
2021-06-10 13:00:00,1012.4,1018.8,15,91,NA
2021-06-10 14:00:00,1012.7,1019.1,17,84,NA
2021-06-10 15:00:00,1012.6,1019.2,18.8,77,NA
2021-06-10 16:00:00,1012.6,1019,19.6,76,NA
2021-06-10 17:00:00,1012.8,1019.2,20,66,NA
2021-06-10 18:00:00,1012.8,1019.3,20.6,64,NA
2021-06-10 19:00:00,1013,1019.4,19.4,67,NA
2021-06-10 20:00:00,1013.6,1020,18.8,69,NA
2021-06-10 21:00:00,1013.8,1020.4,17.4,75,NA
2021-06-10 22:00:00,1014.1,1020.6,15.8,81,NA
2021-06-10 23:00:00,1014.8,1021.3,15,83,NA
2021-06-11 00:00:00,NA,1021.7,13.8,88,NA
2021-06-12 00:00:00,1014.8,NA,NA,NA,NA
2021-06-12 03:00:00,1015,1021.7,10,87,NA
2021-06-12 06:00:00,1013.6,1020.1,10.4,73,NA
2021-06-12 09:00:00,1012.5,1019,10,87,NA
2021-06-12 10:00:00,1012.5,1019,9.4,92,NA
2021-06-12 11:00:00,1012.9,1019.4,9.6,90,NA
2021-06-12 12:00:00,1013.2,1019.7,10.4,85,NA
2021-06-12 13:00:00,1013.2,1019.7,13.2,77,NA
2021-06-12 14:00:00,1014.1,1020.6,16,71,NA
2021-06-12 15:00:00,NA,1021.5,18.4,68,NA
2021-06-12 16:00:00,1014.5,1020.9,20,66,NA
2021-06-12 17:00:00,1012.9,1019.3,21.4,61,NA
2021-06-12 18:00:00,1012.5,1018.9,21.8,60,NA
2021-06-12 19:00:00,1012.2,1018.6,22,58,NA
2021-06-12 20:00:00,1012.2,1018.6,21.4,64,NA
2021-06-12 21:00:00,1012.2,1018.8,19.8,74,NA
2021-06-12 22:00:00,1012.2,1018.8,17.8,77,NA
2021-06-12 23:00:00,1012.2,1018.8,16.2,84,NA
2021-06-13 00:00:00,NA,1018.8,15.8,85,NA
2021-06-13 23:00:00,1010.8,NA,NA,NA,NA
2021-06-14 00:00:00,1010.8,NA,NA,NA,NA
2021-06-14 03:00:00,1011,1017.5,14.2,82,NA
2021-06-14 06:00:00,1011.4,1017.9,12.6,93,NA
2021-06-14 09:00:00,NA,1018.4,10.2,95,NA
2021-06-14 10:00:00,1012.2,1018.8,10,99,NA
2021-06-14 11:00:00,1012.9,1019.5,10,96,NA
2021-06-14 12:00:00,1013.4,1020,11.6,92,NA
2021-06-14 13:00:00,1013.4,1019.9,14.4,82,NA
2021-06-14 14:00:00,NA,1019.9,17.2,78,NA
2021-06-14 15:00:00,1013.4,1019.9,20,68,NA
2021-06-14 16:00:00,1013.4,1019.8,21,65,NA
2021-06-14 17:00:00,1012.5,1018.9,22,61,NA
2021-06-14 18:00:00,1011.7,1018.2,23.4,50,NA
2021-06-14 19:00:00,1011.3,1017.7,23.6,49,NA
2021-06-14 20:00:00,1010.9,1017.3,23,51,NA
2021-06-14 21:00:00,1012,1018.5,20.8,64,NA
2021-06-14 22:00:00,1012.5,1019,18,71,NA
2021-06-14 23:00:00,1013.6,1020.1,16,79,NA
2021-06-15 00:00:00,NA,1020.7,15,85,NA
2021-06-16 03:00:00,NA,1026.3,8,86,NA
2021-06-16 06:00:00,NA,1026.3,6.4,88,NA
2021-06-16 09:00:00,NA,1026.9,5.4,91,NA
2021-06-16 10:00:00,NA,1026.8,5,91,NA
2021-06-16 11:00:00,NA,1027.3,5,91,NA
2021-06-16 12:00:00,NA,1027.7,6.2,88,NA
2021-06-16 13:00:00,NA,1028.2,8.2,81,NA
2021-06-16 14:00:00,NA,1028.1,10.6,68,NA
2021-06-16 15:00:00,1021.2,1027.8,11.8,58,NA
2021-06-16 16:00:00,1021.4,1028,13,58,NA
2021-06-16 17:00:00,1020.2,1026.8,12.5,56,NA
2021-06-16 18:00:00,1019.6,1026.2,12.8,56,NA
2021-06-16 19:00:00,1019.7,1026.3,12.6,51,NA
2021-06-16 20:00:00,1020.1,1026.7,12,59,NA
2021-06-16 21:00:00,1020.5,1027.2,11.2,60,NA
2021-06-16 22:00:00,1020.9,1027.6,10.6,66,NA
2021-06-16 23:00:00,1021.2,1027.9,10.2,65,NA
2021-06-17 00:00:00,NA,1027.6,9.8,70,NA
2021-06-18 00:00:00,1020.5,NA,NA,NA,NA
2021-06-18 03:00:00,1020.8,1027.4,7.6,80,NA
2021-06-18 06:00:00,1020.6,1027.2,5.6,91,NA
2021-06-18 09:00:00,NA,1027.1,4.6,93,NA
2021-06-18 10:00:00,1020.6,1027.2,4.8,94,NA
2021-06-18 11:00:00,1020.8,1027.5,5,91,NA
2021-06-18 12:00:00,1020.9,1027.7,6.4,94,NA
2021-06-18 13:00:00,1021.1,1027.8,7.4,94,NA
2021-06-18 14:00:00,1020.9,1027.6,9.4,82,NA
2021-06-18 15:00:00,1020.8,1027.5,10,80,NA
2021-06-18 16:00:00,1019.4,1026,12,72,NA
2021-06-18 17:00:00,1018.8,1025.4,12.6,66,NA
2021-06-18 18:00:00,1017.8,1024.5,12.8,64,NA
2021-06-18 19:00:00,1017.6,1024.2,13.4,61,NA
2021-06-18 20:00:00,1017.4,1024,12.4,66,NA
2021-06-18 21:00:00,1017.8,1024.5,12,70,NA
2021-06-18 22:00:00,1018,1024.6,11.6,69,NA
2021-06-18 23:00:00,1018,1024.6,11.2,71,NA
2021-06-19 00:00:00,NA,1024.9,11,74,NA
2021-06-19 23:00:00,1016.5,NA,NA,NA,NA
2021-06-20 00:00:00,1017.2,NA,NA,NA,NA
2021-06-20 03:00:00,1017,1023.7,8.8,95,NA
2021-06-20 06:00:00,1016.6,1023.2,7,97,NA
2021-06-20 09:00:00,1015.8,1022.4,8.4,97,NA
2021-06-20 10:00:00,1015.7,1022.3,8.2,97,NA
2021-06-20 11:00:00,1016,1022.6,8,96,NA
2021-06-20 12:00:00,1016.4,1023,9.2,95,NA
2021-06-20 13:00:00,1016.6,1023.2,9.6,97,NA
2021-06-20 14:00:00,1016.9,1023.5,9.8,97,NA
2021-06-20 15:00:00,1016.9,1023.5,10.2,95,NA
2021-06-20 16:00:00,1016.6,1023.2,11.2,91,NA
2021-06-20 17:00:00,1016.1,1022.7,11.8,85,NA
2021-06-20 18:00:00,1015.6,1022.2,12,83,NA
2021-06-20 19:00:00,1014.9,1021.4,12.4,84,NA
2021-06-20 20:00:00,1014.5,1021,12.6,82,NA
2021-06-20 21:00:00,1014.2,1020.8,12.4,86,NA
2021-06-20 22:00:00,1014.2,1020.8,11.6,88,NA
2021-06-20 23:00:00,1014.6,1021.3,10.6,92,NA
2021-06-21 00:00:00,NA,1021.4,10,94,NA
2021-06-21 23:00:00,1014.6,NA,NA,NA,NA
2021-06-22 00:00:00,1014.8,NA,NA,NA,NA
2021-06-22 03:00:00,1016.2,1022.8,10.2,92,NA
2021-06-22 06:00:00,1016.2,1022.8,7,94,NA
2021-06-22 09:00:00,1015.4,1022,7,97,NA
2021-06-22 10:00:00,1015.6,1022.2,7.6,97,NA
2021-06-22 11:00:00,1015.8,1022.4,8.6,97,NA
2021-06-22 12:00:00,1016.2,1022.8,9,97,NA
2021-06-22 13:00:00,1016.6,1023.2,10.2,97,NA
2021-06-22 14:00:00,1016.7,1023.3,10.6,97,NA
2021-06-22 15:00:00,NA,1022.9,11.4,95,NA
2021-06-22 16:00:00,NA,1022.6,11.8,93,NA
2021-06-22 17:00:00,NA,1021.8,13.1,87,NA
2021-06-22 18:00:00,NA,1020.5,13.4,88,NA
2021-06-22 19:00:00,NA,1019.9,13.2,90,NA
2021-06-22 20:00:00,NA,1020.1,13.2,93,NA
2021-06-22 21:00:00,NA,1020.1,13.1,94,NA
2021-06-22 22:00:00,NA,1020.2,13,96,NA
2021-06-22 23:00:00,NA,1020,13,93,NA
2021-06-23 00:00:00,NA,1019.8,13.8,89,NA
2021-06-24 00:00:00,999.3,NA,NA,NA,NA
2021-06-24 03:00:00,999.4,1005.8,16.6,98,NA
2021-06-24 06:00:00,999,1005.4,16,98,NA
2021-06-24 09:00:00,1000.1,1006.5,14.4,96,NA
2021-06-24 10:00:00,1000.5,1006.9,14.2,96,NA
2021-06-24 11:00:00,1001.7,1008.1,13.8,96,NA
2021-06-24 12:00:00,1004.1,1010.5,14,91,NA
2021-06-24 13:00:00,1004.7,1011.1,14.2,89,NA
2021-06-24 15:00:00,NA,1011.6,14.2,91,NA
2021-06-24 16:00:00,1005.2,1011.6,14.8,87,NA
2021-06-24 17:00:00,1005.3,1011.7,15,87,NA
2021-06-24 18:00:00,NA,1011.3,15.6,83,NA
2021-06-24 19:00:00,1005.7,1012.1,15.8,81,NA
2021-06-24 20:00:00,1006.1,1012.5,16,81,NA
2021-06-24 21:00:00,1007.2,1013.6,15.2,85,NA
2021-06-24 22:00:00,1008.2,1014.7,14,89,NA
2021-06-24 23:00:00,1009.3,1015.8,13.2,91,NA
2021-06-25 00:00:00,NA,1016.5,12.4,93,NA
2021-06-26 00:00:00,1006.2,NA,NA,NA,NA
2021-06-26 03:00:00,1005.6,1012.1,11.6,91,NA
2021-06-26 06:00:00,1004.1,1010.5,10.2,92,NA
2021-06-26 09:00:00,NA,1010.7,10.8,92,NA
2021-06-26 10:00:00,NA,1011,10.4,83,NA
2021-06-26 11:00:00,NA,1010.7,10.6,92,NA
2021-06-26 12:00:00,NA,1011,11,90,NA
2021-06-26 13:00:00,NA,1011.2,11.2,90,NA
2021-06-26 14:00:00,NA,1011.9,11.6,88,NA
2021-06-26 15:00:00,NA,1011.5,12,88,NA
2021-06-26 16:00:00,NA,1012.1,12.4,88,NA
2021-06-26 17:00:00,NA,1012.1,12.8,88,NA
2021-06-26 18:00:00,NA,1011.8,12.8,86,NA
2021-06-26 19:00:00,NA,1011.4,13.4,80,NA
2021-06-26 20:00:00,NA,1011.6,13.4,80,NA
2021-06-26 21:00:00,NA,1012.1,13,84,NA
2021-06-26 22:00:00,NA,1012.8,12.4,84,NA
2021-06-26 23:00:00,NA,1013.9,12,79,NA
2021-06-27 00:00:00,NA,1014.3,11.2,83,NA
2021-06-28 03:00:00,NA,1025.7,3.6,80,NA
2021-06-28 06:00:00,NA,1026.7,2.4,86,NA
2021-06-28 09:00:00,NA,1027.2,2.6,89,NA
2021-06-28 10:00:00,NA,1027.4,2.8,89,NA
2021-06-28 11:00:00,NA,1028,2.8,86,NA
2021-06-28 12:00:00,NA,1028.2,3.4,86,NA
2021-06-28 13:00:00,NA,1029,5.8,76,NA
2021-06-28 14:00:00,NA,1028.8,6.6,74,NA
2021-06-28 15:00:00,NA,1028.4,7,74,NA
2021-06-28 16:00:00,NA,1027.9,7.8,67,NA
2021-06-28 17:00:00,NA,1026.9,8.8,61,NA
2021-06-28 18:00:00,NA,1027,8.4,68,NA
2021-06-28 19:00:00,NA,1026.9,7.6,72,NA
2021-06-28 20:00:00,NA,1026.9,7.2,78,NA
2021-06-28 21:00:00,NA,1027.3,6.6,80,NA
2021-06-28 22:00:00,NA,1028,6,82,NA
2021-06-28 23:00:00,NA,1028.2,5.8,85,NA
2021-06-29 00:00:00,NA,1028.2,6.2,82,NA
2021-06-30 00:00:00,1022.5,NA,NA,NA,NA
2021-06-30 03:00:00,1022.9,1029.6,4,90,NA
2021-06-30 06:00:00,1022.5,1029.2,3,93,NA
2021-06-30 09:00:00,1021.8,1028.5,2,93,NA
2021-06-30 10:00:00,1022.1,1028.8,2.6,89,NA
2021-06-30 11:00:00,1022.1,1028.9,2.2,97,NA
2021-06-30 12:00:00,1022.4,1029.2,4.2,93,NA
2021-06-30 13:00:00,1022.6,1029.4,8.4,81,NA
2021-06-30 14:00:00,1023.3,1030,10,70,NA
2021-06-30 15:00:00,1022.9,1029.6,10.4,70,NA
2021-06-30 16:00:00,1022.2,1028.9,11.4,65,NA
2021-06-30 17:00:00,1021.7,1028.4,11.6,65,NA
2021-06-30 18:00:00,1020.1,1026.7,13,60,NA
2021-06-30 19:00:00,1019.7,1026.3,13.6,57,NA
2021-06-30 20:00:00,1019.4,1026.2,12.6,62,NA
2021-06-30 21:00:00,1019,1025.8,10.8,73,NA
2021-06-30 22:00:00,1018.8,1025.5,10,77,NA
2021-06-30 23:00:00,1019,1025.8,8.6,84,NA
2021-07-01 00:00:00,NA,1026,8.6,81,NA
