2021-01-07 00:00:00,813.8,NA,NA,NA,NA
2021-01-07 12:00:00,814.6,1530,14.5,51,NA
2021-01-07 18:00:00,809.9,1484,26.6,34,NA
2021-01-08 00:00:00,NA,1515,20.3,48,NA
2021-01-09 00:00:00,NA,NA,NA,NA,NA
2021-01-09 12:00:00,812.7,1512,15.1,50,NA
2021-01-09 18:00:00,807.1,1456,26,25,NA
2021-01-10 00:00:00,NA,1482,19.9,45,NA
2021-01-11 00:00:00,808.7,NA,NA,NA,NA
2021-01-11 12:00:00,809.1,1466,19.3,51,NA
2021-01-11 18:00:00,807.7,1450,28.7,16,NA
2021-01-12 00:00:00,NA,1423,18.2,48,NA
2021-01-13 00:00:00,812.3,NA,NA,NA,NA
2021-01-13 12:00:00,815.9,1545,14.1,43,NA
2021-01-13 18:00:00,812.1,1495,27.9,27,NA
2021-01-14 00:00:00,NA,1530,21.5,54,NA
2021-01-15 00:00:00,809.3,NA,NA,NA,NA
2021-01-15 12:00:00,811.7,1494,14.2,66,NA
2021-01-15 18:00:00,807.7,1452,31,30,NA
2021-01-16 00:00:00,NA,1446,23.3,31,NA
2021-01-17 00:00:00,812.9,NA,NA,NA,NA
2021-01-17 12:00:00,816.6,1550,12.4,56,NA
2021-01-17 18:00:00,NA,1509,25.5,24,NA
2021-01-18 00:00:00,NA,1537,18.8,51,NA
2021-01-19 12:00:00,NA,1538,17.1,61,NA
2021-01-19 18:00:00,NA,1530,24.2,20,NA
2021-01-20 00:00:00,NA,1555,20.4,57,NA
2021-01-21 12:00:00,NA,1574,17.5,47,NA
2021-01-21 18:00:00,NA,1546,29.3,27,NA
2021-01-22 00:00:00,NA,1540,23.5,33,NA
2021-01-23 12:00:00,NA,1533,18.1,44,NA
2021-01-23 18:00:00,NA,1494,31.7,22,NA
2021-01-24 00:00:00,NA,1504,26,40,NA
2021-01-25 12:00:00,NA,1498,17.3,70,NA
2021-01-25 18:00:00,NA,1462,26,58,NA
2021-01-26 00:00:00,NA,1489,19.3,41,NA
2021-01-26 12:00:00,812.1,NA,16,75,NA
2021-01-26 18:00:00,807.8,NA,28,28,NA
2021-01-27 12:00:00,NA,1522,16,71,NA
2021-01-27 18:00:00,NA,1455,28.4,26,NA
2021-01-28 00:00:00,NA,1454,23.2,25,NA
2021-01-29 12:00:00,NA,1437,15.9,68,NA
2021-01-29 18:00:00,NA,1408,27.4,44,NA
2021-01-30 00:00:00,NA,1446,21.8,46,NA
2021-01-31 00:00:00,812.1,NA,NA,NA,NA
2021-01-31 12:00:00,814.1,1533,10.8,64,NA
2021-01-31 18:00:00,811.1,1495,21.4,29,NA
2021-02-01 00:00:00,813.7,1529,12.8,51,NA
2021-02-02 00:00:00,811.9,NA,NA,NA,NA
2021-02-02 12:00:00,815,1542,11,67,NA
2021-02-02 18:00:00,813,1522,15.9,45,NA
2021-02-03 00:00:00,NA,1561,10.3,79,NA
2021-02-04 00:00:00,813.3,NA,NA,NA,NA
2021-02-04 12:00:00,820.9,1594,12.5,59,NA
2021-02-04 18:00:00,817.4,1562,26.6,30,NA
2021-02-05 00:00:00,NA,1581,20,48,NA
2021-02-05 12:00:00,NA,1577,15.8,55,NA
2021-02-05 18:00:00,NA,1498,28.2,29,NA
2021-02-06 00:00:00,815.9,1547,21.8,39,NA
2021-02-06 12:00:00,816.6,NA,NA,NA,NA
2021-02-06 18:00:00,813.8,NA,NA,NA,NA
2021-02-08 00:00:00,816.5,NA,NA,NA,NA
2021-02-08 12:00:00,NA,1545,13.2,88,NA
2021-02-08 18:00:00,NA,1549,18,55,NA
2021-02-09 00:00:00,NA,1529,13.9,66,NA
2021-02-10 12:00:00,NA,1571,15.3,67,NA
2021-02-10 18:00:00,814.1,NA,24,44,NA
2021-02-11 00:00:00,815.1,NA,18.6,54,NA
2021-02-11 12:00:00,816.3,NA,14.2,66,NA
2021-02-11 18:00:00,812.5,NA,25.6,41,NA
2021-02-12 12:00:00,NA,1549,14.9,64,NA
2021-02-12 17:00:00,NA,NA,NA,NA,NA
2021-02-12 18:00:00,813.4,NA,22,41,NA
2021-02-13 00:00:00,815.4,NA,14.6,78,NA
2021-02-13 01:00:00,815.4,NA,14.6,78,NA
2021-02-13 12:00:00,816.1,NA,15.1,73,NA
2021-02-13 18:00:00,812.1,NA,24.3,34,NA
2021-02-14 12:00:00,NA,1533,16.4,55,NA
2021-02-14 18:00:00,NA,1497,25.8,39,NA
2021-02-15 00:00:00,813.4,NA,15.2,69,NA
2021-02-15 12:00:00,817.1,NA,15.9,64,NA
2021-02-15 18:00:00,813.4,NA,20.2,49,NA
2021-02-16 12:00:00,NA,1542,13.2,79,NA
2021-02-16 18:00:00,NA,1506,23.4,35,NA
2021-02-17 00:00:00,813.3,NA,18.2,60,NA
2021-02-17 12:00:00,815.5,NA,13.3,61,NA
2021-02-17 18:00:00,811.8,NA,26.1,19,NA
2021-02-18 12:00:00,NA,1531,13.2,67,NA
2021-02-18 18:00:00,811.1,NA,26.6,38,NA
2021-02-19 00:00:00,813.1,NA,19.6,41,NA
2021-02-19 12:00:00,818.2,NA,13.8,57,NA
2021-02-19 18:00:00,813.3,NA,21.8,38,NA
2021-02-20 12:00:00,NA,1554,11.9,62,NA
2021-02-20 17:00:00,NA,NA,NA,NA,NA
2021-02-20 18:00:00,NA,1500,27.2,22,NA
2021-02-21 00:00:00,812.1,NA,20.9,26,NA
2021-02-21 12:00:00,814.3,NA,12.2,58,NA
2021-02-21 18:00:00,810.5,NA,27.1,27,NA
2021-02-22 12:00:00,NA,1545,13.1,56,NA
2021-02-22 15:00:00,NA,1509,24.3,29,NA
2021-02-22 18:00:00,NA,1501,27.8,21,NA
2021-02-22 21:00:00,NA,1477,28.4,30,NA
2021-02-23 00:00:00,813.5,NA,21.2,39,NA
2021-02-23 12:00:00,817.4,NA,10.8,60,NA
2021-02-23 15:00:00,816.7,NA,20.3,45,NA
2021-02-23 18:00:00,814.5,NA,25.4,36,NA
2021-02-23 21:00:00,813.8,NA,25.4,26,NA
2021-02-24 12:00:00,NA,1588,13.2,64,NA
2021-02-24 15:00:00,NA,1565,21.4,40,NA
2021-02-24 18:00:00,NA,1545,25.8,31,NA
2021-02-24 21:00:00,NA,1526,27.8,31,NA
2021-02-25 00:00:00,816.6,NA,22.4,30,NA
2021-02-25 12:00:00,818.7,NA,14.8,47,NA
2021-02-25 15:00:00,817.7,NA,27.4,25,NA
2021-02-25 18:00:00,815.4,NA,27.4,33,NA
2021-02-26 12:00:00,NA,1538,15.1,62,NA
2021-02-26 15:00:00,NA,1538,23.5,51,NA
2021-02-26 18:00:00,NA,1494,30.4,31,NA
2021-02-26 21:00:00,NA,1497,26.9,31,NA
2021-02-27 00:00:00,815.9,NA,22.4,46,NA
2021-02-27 12:00:00,818.7,NA,15.8,57,NA
2021-02-27 18:00:00,814.7,NA,26.2,37,NA
2021-02-28 12:00:00,NA,1562,17.2,46,NA
2021-02-28 18:00:00,NA,1488,28.7,18,NA
2021-03-02 12:00:00,NA,1534,13.8,91,NA
2021-03-02 15:00:00,NA,1572,12.4,94,NA
2021-03-02 18:00:00,818.1,1575,11.8,95,NA
2021-03-02 21:00:00,816.2,1556,13.8,87,NA
2021-03-03 00:00:00,NA,1567,12.7,92,NA
2021-03-04 00:00:00,816.9,NA,NA,NA,NA
2021-03-04 12:00:00,818.2,1568,14,81,NA
2021-03-04 15:00:00,816.7,1544,22.2,47,NA
2021-03-04 18:00:00,815.7,1534,26,41,NA
2021-03-04 21:00:00,814.5,1530,20.7,72,NA
2021-03-05 00:00:00,NA,1548,21.6,51,NA
2021-03-06 00:00:00,814.9,NA,NA,NA,NA
2021-03-06 12:00:00,813.9,1514,15.8,76,NA
2021-03-06 18:00:00,811.1,1489,28.7,35,NA
2021-03-07 00:00:00,NA,1529,19.3,86,NA
2021-03-08 00:00:00,814.7,NA,NA,NA,NA
2021-03-08 12:00:00,819.3,1581,15.6,64,NA
2021-03-08 15:00:00,818.6,1573,18.8,51,NA
2021-03-08 18:00:00,816.6,1552,20.8,49,NA
2021-03-08 21:00:00,814.5,1529,18.3,47,NA
2021-03-09 00:00:00,NA,1540,17.6,59,NA
2021-03-10 00:00:00,814.3,NA,NA,NA,NA
2021-03-10 12:00:00,812.3,1510,15,61,NA
2021-03-10 15:00:00,810.2,1477,25.4,47,NA
2021-03-10 18:00:00,NA,1470,29.1,28,NA
2021-03-10 21:00:00,807,1444,31,39,NA
2021-03-11 00:00:00,NA,1474,24,37,NA
2021-03-12 00:00:00,816.3,NA,NA,NA,NA
2021-03-12 12:00:00,815.5,1540,13.9,61,NA
2021-03-12 15:00:00,814.5,1533,20.7,49,NA
2021-03-12 18:00:00,812.9,1515,22,51,NA
2021-03-12 21:00:00,813.9,1521,16.6,80,NA
2021-03-13 00:00:00,NA,1536,15.2,86,NA
2021-03-14 12:00:00,NA,1585,10.4,94,NA
2021-03-14 18:00:00,NA,1539,22,44,NA
2021-03-15 00:00:00,NA,1568,15,87,NA
2021-03-15 12:00:00,813.4,NA,11.8,96,NA
2021-03-15 15:00:00,812.5,NA,18,60,NA
2021-03-15 18:00:00,810.1,NA,17.7,69,NA
2021-03-16 12:00:00,NA,1540,7.5,96,NA
2021-03-16 15:00:00,NA,1540,15.1,57,NA
2021-03-16 18:00:00,NA,1511,17.8,55,NA
2021-03-16 21:00:00,NA,1517,18.4,52,NA
2021-03-17 00:00:00,814.5,NA,14.4,74,NA
2021-03-17 12:00:00,816.3,NA,10.3,74,NA
2021-03-18 12:00:00,NA,1544,6.5,86,NA
2021-03-18 15:00:00,NA,1527,12,70,NA
2021-03-18 18:00:00,NA,1491,16.1,58,NA
2021-03-18 21:00:00,NA,1478,14.6,59,NA
2021-03-19 00:00:00,807.7,NA,9.2,75,NA
2021-03-19 12:00:00,810.9,NA,5.8,88,NA
2021-03-19 15:00:00,809.7,NA,10.7,71,NA
2021-03-19 18:00:00,805.4,NA,18.6,41,NA
2021-03-19 21:00:00,805.5,NA,20.3,34,NA
2021-03-20 12:00:00,NA,1554,6.6,46,NA
2021-03-20 18:00:00,NA,1528,17.8,30,NA
2021-03-21 00:00:00,818.6,NA,14.1,57,NA
2021-03-21 12:00:00,821,NA,6.1,79,NA
2021-03-21 18:00:00,815.9,NA,16.4,51,NA
2021-03-22 12:00:00,NA,1572,9.1,80,NA
2021-03-22 15:00:00,NA,1582,14.4,51,NA
2021-03-22 18:00:00,NA,1567,17.6,38,NA
2021-03-22 20:00:00,NA,1550,21.1,32,NA
2021-03-23 00:00:00,818.2,NA,14,62,NA
2021-03-23 12:00:00,815.7,NA,5.6,72,NA
2021-03-23 15:00:00,813.5,NA,18.2,46,NA
2021-03-23 18:00:00,810.7,NA,21.5,31,NA
2021-03-23 21:00:00,809.1,NA,25.3,39,NA
2021-03-24 12:00:00,NA,1541,8.9,66,NA
2021-03-24 15:00:00,NA,1532,17.8,51,NA
2021-03-24 18:00:00,NA,1494,22.6,34,NA
2021-03-24 21:00:00,NA,1493,23,43,NA
2021-03-25 00:00:00,814.1,NA,16.6,60,NA
2021-03-25 12:00:00,813.1,NA,8.2,60,NA
2021-03-25 15:00:00,811.1,NA,17.4,51,NA
2021-03-25 18:00:00,808.3,NA,20.2,39,NA
2021-03-25 21:00:00,808.7,NA,19.6,42,NA
2021-03-26 12:00:00,NA,1564,7.6,67,NA
2021-03-26 15:00:00,NA,1565,12.8,47,NA
2021-03-26 18:00:00,NA,1540,14.2,44,NA
2021-03-26 21:00:00,NA,1556,11.8,51,NA
2021-03-27 00:00:00,818.9,NA,8.6,65,NA
2021-03-27 12:00:00,818.6,NA,2.8,74,NA
2021-03-27 18:00:00,815.9,NA,16,30,NA
2021-03-28 12:00:00,NA,1581,5.3,74,NA
2021-03-28 18:00:00,815.4,NA,20,25,NA
2021-03-29 00:00:00,815.8,NA,15.9,47,NA
2021-03-29 12:00:00,817.3,NA,6.1,59,NA
2021-03-29 15:00:00,816.3,NA,18.2,33,NA
2021-03-29 18:00:00,813.5,NA,21.6,26,NA
2021-03-29 21:00:00,813.1,NA,24.7,26,NA
2021-03-30 12:00:00,NA,1571,6.9,55,NA
2021-03-30 15:00:00,NA,1560,17.8,41,NA
2021-03-30 18:00:00,NA,1543,22.5,27,NA
2021-03-30 21:00:00,NA,1544,20.8,34,NA
2021-03-31 00:00:00,813.7,NA,16.8,56,NA
2021-03-31 15:00:00,813.5,NA,17.3,52,NA
2021-03-31 18:00:00,810.5,NA,21.7,28,NA
2021-03-31 21:00:00,810.5,NA,19.4,50,NA
2021-04-01 12:00:00,NA,1536,8.9,71,NA
2021-04-01 15:00:00,NA,1536,17.9,55,NA
2021-04-01 18:00:00,NA,1499,20.4,34,NA
2021-04-01 21:00:00,NA,1508,19.6,52,NA
2021-04-02 00:00:00,814.7,NA,16.2,60,NA
2021-04-02 12:00:00,814.7,NA,9,64,NA
2021-04-02 15:00:00,813.1,NA,18.4,52,NA
2021-04-02 18:00:00,810.2,NA,21.5,36,NA
2021-04-02 21:00:00,810.7,NA,22,48,NA
2021-04-03 12:00:00,NA,1498,8.6,69,NA
2021-04-03 15:00:00,NA,1538,17.2,60,NA
2021-04-03 18:00:00,NA,1519,21,33,NA
2021-04-03 21:00:00,NA,1521,23.4,40,NA
2021-04-04 00:00:00,815.8,NA,17.8,56,NA
2021-04-04 12:00:00,814.3,NA,9,65,NA
2021-04-04 18:00:00,808.9,NA,20,51,NA
2021-04-05 12:00:00,NA,1537,9.4,73,NA
2021-04-05 15:00:00,NA,1543,16.2,66,NA
2021-04-05 18:00:00,NA,1500,22.5,29,NA
2021-04-05 21:00:00,NA,1510,25.8,32,NA
2021-04-06 00:00:00,816.1,NA,18.9,47,NA
2021-04-06 12:00:00,814.3,NA,9.2,85,NA
2021-04-06 15:00:00,813.3,NA,20,48,NA
2021-04-06 18:00:00,809,NA,24.5,31,NA
2021-04-06 21:00:00,808.7,NA,27,39,NA
2021-04-07 12:00:00,NA,1511,8.8,84,NA
2021-04-07 15:00:00,NA,1498,19.2,56,NA
2021-04-07 18:00:00,NA,1466,23.6,33,NA
2021-04-07 21:00:00,NA,1459,24.1,31,NA
2021-04-08 00:00:00,NA,1492,16.8,82,NA
2021-04-08 15:00:00,811.5,NA,19.7,34,NA
2021-04-08 18:00:00,809,NA,21.8,36,NA
2021-04-08 21:00:00,809.7,NA,23.9,23,NA
2021-04-09 12:00:00,NA,1534,5,85,NA
2021-04-09 15:00:00,NA,1532,15.7,48,NA
2021-04-09 18:00:00,NA,1494,18.9,44,NA
2021-04-09 21:00:00,NA,1474,18,49,NA
2021-04-10 00:00:00,NA,1517,11.1,73,NA
2021-04-11 12:00:00,NA,1615,0.8,78,NA
2021-04-11 18:00:00,NA,1557,17.2,30,NA
2021-04-12 00:00:00,NA,1556,10.6,56,NA
2021-04-13 12:00:00,821,1610,3.6,58,NA
2021-04-13 15:00:00,820.1,1593,17.8,29,NA
2021-04-13 18:00:00,817,1563,21.2,24,NA
2021-04-13 21:00:00,816.1,1554,23.6,33,NA
2021-04-14 00:00:00,NA,1563,14.6,54,NA
2021-04-15 00:00:00,813.3,NA,NA,NA,NA
2021-04-15 12:00:00,817.9,1579,3.7,53,NA
2021-04-15 15:00:00,816.5,1557,17.4,30,NA
2021-04-15 18:00:00,813.5,1529,22.9,20,NA
2021-04-15 21:00:00,813.1,1524,21.8,33,NA
2021-04-16 00:00:00,NA,1571,13.9,46,NA
2021-04-17 00:00:00,815.8,NA,NA,NA,NA
2021-04-17 12:00:00,818.2,1574,6.8,65,NA
2021-04-17 18:00:00,814.5,1528,20.6,40,NA
2021-04-18 00:00:00,NA,1517,15.1,66,NA
2021-04-19 00:00:00,813.1,NA,NA,NA,NA
2021-04-19 12:00:00,815.8,1550,6.9,76,NA
2021-04-19 15:00:00,815.7,1550,17.1,33,NA
2021-04-19 18:00:00,811.8,1501,22.8,27,NA
2021-04-19 21:00:00,811.1,1494,25,33,NA
2021-04-20 00:00:00,NA,1526,16.9,43,NA
2021-04-21 00:00:00,805.8,NA,NA,NA,NA
2021-04-21 12:00:00,812.3,1514,8.3,60,NA
2021-04-21 15:00:00,812.2,1514,16.8,19,NA
2021-04-21 18:00:00,811.1,1503,17.8,26,NA
2021-04-21 21:00:00,807.7,1469,17.3,25,NA
2021-04-22 00:00:00,NA,1511,9.4,62,NA
2021-04-23 00:00:00,809.9,NA,NA,NA,NA
2021-04-23 12:00:00,NA,1543,2.8,72,NA
2021-04-23 15:00:00,NA,1542,12.4,74,NA
2021-04-23 18:00:00,NA,1513,17.4,28,NA
2021-04-23 21:00:00,NA,1537,15,42,NA
2021-04-24 00:00:00,NA,1557,10.8,56,NA
2021-04-25 12:00:00,NA,1591,1.6,61,NA
2021-04-25 18:00:00,NA,1563,16.4,39,NA
2021-04-26 00:00:00,NA,1564,11.6,59,NA
2021-04-27 12:00:00,NA,1585,1.4,67,NA
2021-04-27 15:00:00,NA,1571,15,42,NA
2021-04-27 18:00:00,NA,1538,20.5,23,NA
2021-04-27 21:00:00,NA,1539,20.2,37,NA
2021-04-28 00:00:00,816.5,NA,13.6,50,NA
2021-04-28 12:00:00,819.1,NA,2.2,72,NA
2021-04-28 15:00:00,819.1,NA,16.1,37,NA
2021-04-28 18:00:00,816.7,NA,20.7,21,NA
2021-04-28 21:00:00,816.7,NA,20.5,30,NA
2021-04-29 12:00:00,NA,1605,1.4,72,NA
2021-04-29 15:00:00,NA,1600,14.8,30,NA
2021-04-29 17:00:00,NA,1561,20,20,NA
2021-04-29 18:00:00,NA,1561,20,20,NA
2021-04-29 21:00:00,NA,1537,20.8,27,NA
2021-04-30 00:00:00,816.1,NA,11.8,41,NA
2021-04-30 12:00:00,814.6,NA,4,54,NA
2021-04-30 15:00:00,813.5,NA,15.8,34,NA
2021-04-30 18:00:00,809.8,NA,21,15,NA
2021-04-30 21:00:00,808.7,NA,20.8,15,NA
2021-05-01 12:00:00,NA,1551,3.9,54,NA
2021-05-01 18:00:00,NA,1500,22.7,12,NA
2021-05-02 00:00:00,811.9,NA,15,43,NA
2021-05-02 12:00:00,813.1,NA,2.2,79,NA
2021-05-02 18:00:00,808.2,NA,22.4,15,NA
2021-05-03 12:00:00,NA,1518,0.4,72,NA
2021-05-03 15:00:00,NA,1485,13.6,43,NA
2021-05-03 17:00:00,NA,NA,NA,NA,NA
2021-05-03 18:00:00,NA,1466,18.4,32,NA
2021-05-03 21:00:00,NA,1499,15.8,39,NA
2021-05-04 00:00:00,813,NA,11,58,NA
2021-05-04 12:00:00,818.5,NA,4.5,72,NA
2021-05-04 15:00:00,819,NA,8.3,55,NA
2021-05-04 18:00:00,817.3,NA,9.6,51,NA
2021-05-04 21:00:00,818.9,NA,5.1,63,NA
2021-05-05 12:00:00,NA,1608,-1,79,NA
2021-05-05 15:00:00,NA,1606,8.5,57,NA
2021-05-05 18:00:00,NA,1584,12.9,41,NA
2021-05-05 21:00:00,NA,1598,8.1,46,NA
2021-05-06 00:00:00,821.1,NA,6.8,73,NA
2021-05-06 12:00:00,821.7,NA,-2.8,59,NA
2021-05-06 15:00:00,820.7,NA,9.3,46,NA
2021-05-06 18:00:00,817.8,NA,14.6,29,NA
2021-05-06 21:00:00,817,NA,15.9,34,NA
2021-05-07 12:00:00,NA,1557,0.8,66,NA
2021-05-07 15:00:00,NA,1560,10.4,44,NA
2021-05-07 18:00:00,NA,1532,15.2,25,NA
2021-05-07 21:00:00,NA,1509,15,41,NA
2021-05-08 00:00:00,814.9,NA,8.5,68,NA
2021-05-08 12:00:00,814.2,NA,1,69,NA
2021-05-08 18:00:00,809.9,NA,17,27,NA
2021-05-09 12:00:00,NA,1573,0.7,72,NA
2021-05-09 18:00:00,NA,1541,13.7,46,NA
2021-05-10 00:00:00,819.7,NA,7.8,69,NA
2021-05-10 12:00:00,821.7,NA,-0.4,84,NA
2021-05-10 15:00:00,819.3,NA,8.8,61,NA
2021-05-10 18:00:00,816.3,NA,11.6,33,NA
2021-05-10 21:00:00,815.8,NA,11,47,NA
2021-05-11 12:00:00,NA,1603,-0.8,87,NA
2021-05-11 15:00:00,NA,1597,9.5,53,NA
2021-05-11 17:00:00,NA,1567,12.4,36,NA
2021-05-11 18:00:00,NA,1567,12.4,36,NA
2021-05-11 20:00:00,815,NA,14.3,32,NA
2021-05-12 00:00:00,818.2,NA,5.8,59,NA
2021-05-12 12:00:00,820.2,NA,-2.8,75,NA
2021-05-12 15:00:00,817.4,NA,10.2,40,NA
2021-05-12 18:00:00,813.8,NA,16,24,NA
2021-05-12 21:00:00,812.3,NA,16.2,38,NA
2021-05-13 12:00:00,NA,1561,-0.1,56,NA
2021-05-13 15:00:00,NA,1567,13.8,36,NA
2021-05-13 18:00:00,NA,1536,19,22,NA
2021-05-13 21:00:00,814.9,NA,16.6,41,NA
2021-05-14 00:00:00,815,NA,10,37,NA
2021-05-14 12:00:00,819.3,NA,0.8,54,NA
2021-05-14 15:00:00,815.4,NA,13.4,36,NA
2021-05-14 18:00:00,812.3,NA,19,25,NA
2021-05-14 21:00:00,811,NA,20.2,24,NA
2021-05-15 12:00:00,NA,1570,1.3,65,NA
2021-05-15 18:00:00,NA,1504,18.8,27,NA
2021-05-16 00:00:00,813.9,NA,14,41,NA
2021-05-16 12:00:00,817.4,NA,1.6,63,NA
2021-05-16 18:00:00,817.7,NA,18,24,NA
2021-05-17 12:00:00,NA,1585,-0.3,83,NA
2021-05-17 15:00:00,NA,1590,12.2,50,NA
2021-05-17 18:00:00,NA,1562,15.8,27,NA
2021-05-18 00:00:00,815.8,NA,9.6,60,NA
2021-05-18 12:00:00,815,NA,-1.6,76,NA
2021-06-02 00:00:00,811.4,NA,NA,NA,NA
2021-06-02 12:00:00,816.3,1554,4.4,64,NA
2021-06-02 15:00:00,817.3,1565,12,45,NA
2021-06-02 18:00:00,813.4,1527,18.7,26,NA
2021-06-02 21:00:00,812.1,1511,17.8,36,NA
2021-06-03 00:00:00,NA,1535,11,46,NA
2021-06-04 00:00:00,810.7,NA,NA,NA,NA
2021-06-04 12:00:00,811.7,1506,7.1,50,NA
2021-06-04 15:00:00,811.7,1510,18.2,28,NA
2021-06-04 18:00:00,808.1,1462,23,10,NA
2021-06-05 00:00:00,NA,1493,15.2,25,NA
2021-06-06 00:00:00,813.4,NA,NA,NA,NA
2021-06-06 12:00:00,813.8,1542,-3,78,NA
2021-06-06 18:00:00,809.3,1493,16.8,36,NA
2021-06-07 00:00:00,NA,1516,12.3,27,NA
2021-06-08 00:00:00,811.1,NA,NA,NA,NA
2021-06-08 12:00:00,NA,1535,7.4,49,NA
2021-06-08 15:00:00,NA,1552,18.1,11,NA
2021-06-08 18:00:00,NA,1502,21.1,21,NA
2021-06-08 21:00:00,NA,1497,19.4,16,NA
2021-06-09 00:00:00,NA,1520,13,33,NA
2021-06-10 00:00:00,813.8,NA,NA,NA,NA
2021-06-10 12:00:00,819.9,1596,0.2,75,NA
2021-06-10 18:00:00,819.3,1594,15.3,22,NA
2021-06-10 21:00:00,816.9,1569,14.6,31,NA
2021-06-11 00:00:00,NA,1596,7,66,NA
2021-06-12 00:00:00,817.7,NA,NA,NA,NA
2021-06-12 12:00:00,819.1,1594,-2.2,64,NA
2021-06-12 18:00:00,812.5,1514,17.3,29,NA
2021-06-13 00:00:00,NA,1529,7.4,45,NA
2021-06-14 00:00:00,814.6,NA,NA,NA,NA
2021-06-14 12:00:00,817.1,1570,-2.5,80,NA
2021-06-14 15:00:00,817.8,1569,8.6,53,NA
2021-06-14 18:00:00,814.6,1545,11.1,41,NA
2021-06-14 21:00:00,816.3,1569,8.4,32,NA
2021-06-15 00:00:00,NA,1586,2,71,NA
2021-06-16 12:00:00,NA,1567,1.8,67,NA
2021-06-16 15:00:00,816.7,1570,1.7,56,NA
2021-06-16 18:00:00,817.8,1581,6.2,46,NA
2021-06-16 21:00:00,816.5,1568,5,67,NA
2021-06-17 00:00:00,NA,1578,-0.4,75,NA
2021-06-18 00:00:00,814.6,NA,NA,NA,NA
2021-06-18 12:00:00,814.3,1553,-6,55,NA
2021-06-18 15:00:00,NA,1548,-1.8,76,NA
2021-06-18 21:00:00,811.1,1525,3.3,68,NA
2021-06-19 00:00:00,NA,1540,-1.4,84,NA
2021-06-20 00:00:00,815.1,NA,NA,NA,NA
2021-06-20 12:00:00,811.8,1532,-6.4,49,NA
2021-06-20 18:00:00,808.5,1481,15,12,NA
2021-06-21 00:00:00,NA,1526,7,51,NA
2021-06-21 18:00:00,812.6,NA,NA,NA,NA
2021-06-22 00:00:00,812.5,NA,NA,NA,NA
2021-06-22 12:00:00,812.5,1539,-7.6,71,NA
2021-06-22 15:00:00,NA,1513,7.6,33,NA
2021-06-22 18:00:00,NA,1458,14.4,25,NA
2021-06-22 21:00:00,NA,1459,11.3,29,NA
2021-06-23 00:00:00,NA,1485,2.2,54,NA
2021-06-24 00:00:00,808.1,NA,NA,NA,NA
2021-06-24 12:00:00,815.9,1565,1.9,64,NA
2021-06-24 15:00:00,814.5,1542,11.9,19,NA
2021-06-24 18:00:00,810.7,1506,17,16,NA
2021-06-24 21:00:00,811,1507,13.8,21,NA
2021-06-25 00:00:00,NA,1522,10.6,26,NA
2021-06-26 00:00:00,808.9,NA,NA,NA,NA
2021-06-26 12:00:00,NA,1543,-3,62,NA
2021-06-26 18:00:00,NA,1539,3.5,47,NA
2021-06-27 00:00:00,NA,1580,-0.5,64,NA
2021-06-28 12:00:00,NA,1646,-9.3,59,NA
2021-06-28 15:00:00,NA,1640,0,79,NA
2021-06-28 18:00:00,NA,1610,5.2,35,NA
2021-06-28 21:00:00,NA,1618,5.2,35,NA
2021-06-29 00:00:00,NA,1637,-2.4,49,NA
2021-06-30 00:00:00,820.1,NA,NA,NA,NA
2021-06-30 12:00:00,814.2,1543,-4.8,71,NA
2021-06-30 15:00:00,812.9,1524,10.5,38,NA
2021-06-30 18:00:00,809.8,1497,19.4,20,NA
2021-06-30 21:00:00,810.1,1498,17.9,14,NA
2021-07-01 00:00:00,NA,1522,8,18,NA
