2021-01-07 00:00:00,906.3,NA,NA,NA,NA
2021-01-07 12:00:00,906.6,1493,16.8,76,NA
2021-01-07 18:00:00,905.4,1488,29.6,36,NA
2021-01-08 00:00:00,NA,1472,24.8,42,NA
2021-01-09 00:00:00,905,NA,NA,NA,NA
2021-01-09 12:00:00,904.9,1472,15,86,NA
2021-01-09 18:00:00,902.2,1456,28.4,37,NA
2021-01-10 00:00:00,903.5,NA,NA,NA,NA
2021-01-11 12:00:00,901.9,NA,18.8,68,NA
2021-01-11 18:00:00,903.3,1464,27.1,37,NA
2021-01-12 00:00:00,NA,1492,21.8,44,NA
2021-01-13 00:00:00,905.4,NA,NA,NA,NA
2021-01-13 12:00:00,906.4,1500,16.2,76,NA
2021-01-13 18:00:00,907.8,1507,29,47,NA
2021-01-14 00:00:00,NA,1489,22.2,41,NA
2021-01-15 00:00:00,898.2,NA,NA,NA,NA
2021-01-15 12:00:00,902.3,1463,21.8,52,NA
2021-01-15 18:00:00,898.3,1422,28.6,53,NA
2021-01-16 00:00:00,NA,1424,28,66,NA
2021-01-17 00:00:00,906.1,NA,19.4,66,NA
2021-01-19 12:00:00,NA,1503,17.8,62,NA
2021-01-19 18:00:00,NA,1494,33.4,29,NA
2021-01-20 00:00:00,NA,1490,26.6,56,NA
2021-01-21 12:00:00,NA,1499,18.6,57,NA
2021-01-21 18:00:00,NA,1498,33.8,36,NA
2021-01-22 00:00:00,NA,1486,28,44,NA
2021-01-23 12:00:00,NA,1493,18.6,68,NA
2021-01-23 18:00:00,NA,1467,35.6,27,NA
2021-01-24 00:00:00,NA,1443,27.6,51,NA
2021-01-25 12:00:00,NA,NA,22,57,NA
2021-01-25 18:00:00,NA,1433,35,30,NA
2021-01-26 00:00:00,NA,1442,24,59,NA
2021-01-26 12:00:00,903.1,NA,21,52,NA
2021-01-26 18:00:00,900.2,NA,31.2,49,NA
2021-01-27 12:00:00,NA,1489,18.6,48,NA
2021-01-27 18:00:00,NA,1442,29,33,NA
2021-01-28 00:00:00,NA,1427,26.2,53,NA
2021-01-29 12:00:00,NA,1438,16.8,70,NA
2021-01-29 18:00:00,NA,1414,26.8,48,NA
2021-01-30 00:00:00,NA,1399,22.8,55,NA
2021-01-31 00:00:00,900.3,NA,14,75,NA
2021-02-02 00:00:00,907.5,NA,NA,NA,NA
2021-02-02 12:00:00,NA,1499,12,91,NA
2021-02-02 18:00:00,908.7,1506,19.8,62,NA
2021-02-03 00:00:00,NA,1505,15.6,84,NA
2021-02-04 00:00:00,909.7,NA,NA,NA,NA
2021-02-04 12:00:00,912.2,1140,13.8,74,NA
2021-02-04 18:00:00,910.3,1531,27.6,51,NA
2021-02-05 00:00:00,NA,1513,21.6,65,NA
2021-02-05 12:00:00,NA,1510,14.8,69,NA
2021-02-05 18:00:00,NA,1494,29.8,41,NA
2021-02-06 00:00:00,904.5,1472,24,58,NA
2021-02-06 12:00:00,904.3,NA,NA,NA,NA
2021-02-06 18:00:00,903.7,NA,NA,NA,NA
2021-02-07 00:00:00,902.7,NA,NA,NA,NA
2021-02-08 12:00:00,NA,NA,14.4,83,NA
2021-02-08 18:00:00,NA,1527,13.2,89,NA
2021-02-09 00:00:00,NA,1531,14.8,99,NA
2021-02-10 12:00:00,NA,1525,15.4,98,NA
2021-02-10 18:00:00,911,NA,23,77,NA
2021-02-11 12:00:00,908.5,NA,14,91,NA
2021-02-11 18:00:00,905.5,NA,25.6,54,NA
2021-02-12 12:00:00,NA,1478,15.6,86,NA
2021-02-12 18:00:00,NA,1479,25.2,56,NA
2021-02-13 00:00:00,904.7,NA,19.2,74,NA
2021-02-13 12:00:00,905.3,NA,16.4,74,NA
2021-02-13 18:00:00,904.2,NA,28.6,58,NA
2021-02-14 00:00:00,901.7,NA,21.8,70,NA
2021-02-15 12:00:00,911.3,NA,17,88,NA
2021-02-15 18:00:00,907,NA,25.2,56,NA
2021-02-16 12:00:00,NA,1501,13.4,97,NA
2021-02-16 18:00:00,NA,1495,23.8,61,NA
2021-02-17 00:00:00,906.1,NA,20.2,68,NA
2021-02-17 12:00:00,905.5,NA,14.2,94,NA
2021-02-17 18:00:00,903.3,NA,27.6,54,NA
2021-02-18 12:00:00,NA,1465,14.8,93,NA
2021-02-18 18:00:00,NA,1464,26,67,NA
2021-02-19 00:00:00,901.1,NA,22.8,66,NA
2021-02-19 12:00:00,911.5,NA,14,93,NA
2021-02-19 18:00:00,908.9,NA,21.4,74,NA
2021-02-20 12:00:00,NA,1492,9.2,87,NA
2021-02-20 18:00:00,NA,1480,24.4,55,NA
2021-02-21 00:00:00,904.5,NA,20.2,69,NA
2021-02-22 12:00:00,NA,NA,17.4,57,NA
2021-02-22 18:00:00,NA,1492,24.8,65,NA
2021-02-23 00:00:00,905.8,NA,19.8,63,NA
2021-02-23 12:00:00,910.2,NA,12.8,69,NA
2021-02-23 18:00:00,906.4,NA,26.8,50,NA
2021-02-24 12:00:00,NA,1515,13,81,NA
2021-02-24 18:00:00,NA,1505,30,37,NA
2021-02-25 00:00:00,907.3,NA,24,70,NA
2021-02-25 12:00:00,908.1,NA,17.2,64,NA
2021-02-25 18:00:00,904.5,NA,30.8,44,NA
2021-02-26 12:00:00,NA,1470,18.2,62,NA
2021-02-26 18:00:00,NA,1467,32.4,45,NA
2021-02-27 00:00:00,901.8,NA,24.6,58,NA
2021-02-27 12:00:00,907.3,NA,18.2,74,NA
2021-02-27 18:00:00,905.4,NA,29.4,47,NA
2021-03-02 12:00:00,905.9,1489,16.4,64,NA
2021-03-02 18:00:00,905.7,1492,29.4,56,NA
2021-03-03 00:00:00,NA,1486,22.4,60,NA
2021-03-04 00:00:00,907.1,NA,NA,NA,NA
2021-03-04 12:00:00,906.7,1496,16.8,76,NA
2021-03-04 18:00:00,906.2,1500,32.8,39,NA
2021-03-05 00:00:00,NA,1494,26.4,57,NA
2021-03-06 00:00:00,904.1,NA,NA,NA,NA
2021-03-06 12:00:00,904.3,1474,17.6,86,NA
2021-03-06 18:00:00,903.4,1474,32.4,42,NA
2021-03-07 00:00:00,903.5,NA,NA,NA,NA
2021-03-08 12:00:00,912.3,NA,19.4,64,NA
2021-03-08 18:00:00,910.7,1538,26,40,NA
2021-03-09 00:00:00,NA,1518,21,59,NA
2021-03-10 00:00:00,903.7,NA,NA,NA,NA
2021-03-10 12:00:00,903.7,1465,15.2,57,NA
2021-03-10 18:00:00,898.7,1426,31.6,44,NA
2021-03-11 00:00:00,NA,1424,24.8,72,NA
2021-03-12 00:00:00,909.8,NA,NA,NA,NA
2021-03-12 12:00:00,906.6,1489,13.1,81,NA
2021-03-12 18:00:00,905.9,1488,26.2,51,NA
2021-03-13 00:00:00,NA,1484,19.4,77,NA
2021-03-15 12:00:00,905.4,NA,14.6,95,NA
2021-03-15 18:00:00,902.7,NA,23.4,67,NA
2021-03-16 12:00:00,NA,1496,14,96,NA
2021-03-16 18:00:00,NA,1461,25.3,44,NA
2021-03-17 00:00:00,902.9,NA,15.2,91,NA
2021-03-17 12:00:00,911,NA,12.4,97,NA
2021-03-18 12:00:00,NA,1507,9.2,99,NA
2021-03-18 18:00:00,NA,1485,13,78,NA
2021-03-19 00:00:00,907.3,NA,11.4,94,NA
2021-03-19 12:00:00,906.1,NA,10.2,97,NA
2021-03-19 18:00:00,903.1,NA,18.2,63,NA
2021-03-20 12:00:00,NA,1497,10.2,95,NA
2021-03-20 18:00:00,NA,1507,19.8,56,NA
2021-03-21 00:00:00,910.3,NA,16.2,77,NA
2021-03-22 12:00:00,NA,NA,11.6,91,NA
2021-03-22 18:00:00,904.9,NA,22.2,48,NA
2021-03-23 00:00:00,905.1,NA,15.8,86,NA
2021-03-23 12:00:00,908.1,NA,8.8,94,NA
2021-03-23 18:00:00,904.7,NA,25.4,42,NA
2021-03-24 12:00:00,NA,1480,12.4,88,NA
2021-03-24 18:00:00,NA,1501,25.2,47,NA
2021-03-25 00:00:00,904.7,NA,19.8,66,NA
2021-03-25 12:00:00,905,NA,13.8,77,NA
2021-03-25 18:00:00,905.8,NA,16.8,71,NA
2021-03-26 12:00:00,NA,1523,10,97,NA
2021-03-26 18:00:00,NA,1518,14.8,74,NA
2021-03-27 00:00:00,912.5,NA,10.8,94,NA
2021-03-27 12:00:00,912.5,NA,6.2,91,NA
2021-03-27 18:00:00,910.9,NA,22.4,34,NA
2021-03-28 00:00:00,909,NA,13.6,80,NA
2021-03-29 12:00:00,909.7,NA,7.6,86,NA
2021-03-30 12:00:00,NA,1493,8,84,NA
2021-03-30 18:00:00,NA,1486,25.2,35,NA
2021-03-31 00:00:00,907,NA,16.6,78,NA
2021-03-31 12:00:00,906.7,NA,10,87,NA
2021-03-31 18:00:00,904.9,NA,26.4,58,NA
2021-04-01 12:00:00,NA,1481,14.8,93,NA
2021-04-01 18:00:00,NA,1478,20.2,77,NA
2021-04-02 00:00:00,904.1,NA,19.2,78,NA
2021-04-02 12:00:00,906.3,NA,12.2,88,NA
2021-04-02 18:00:00,905.9,NA,25.4,47,NA
2021-04-03 12:00:00,NA,1484,12.6,91,NA
2021-04-03 18:00:00,NA,1480,26.8,45,NA
2021-04-04 00:00:00,905.5,NA,17.8,88,NA
2021-04-05 12:00:00,NA,NA,12.6,87,NA
2021-04-05 18:00:00,NA,1454,27.7,52,NA
2021-04-06 00:00:00,903.3,NA,19.8,70,NA
2021-04-06 12:00:00,904.6,NA,13.8,87,NA
2021-04-06 18:00:00,902.9,NA,24.4,67,NA
2021-04-07 12:00:00,NA,1464,15.4,90,NA
2021-04-07 18:00:00,NA,1469,20.6,79,NA
2021-04-08 00:00:00,NA,1468,17.6,84,NA
2021-04-08 12:00:00,904.5,NA,15.2,77,NA
2021-04-08 18:00:00,903.3,NA,20.4,66,NA
2021-04-09 12:00:00,NA,1458,12.8,82,NA
2021-04-09 18:00:00,NA,1464,12,80,NA
2021-04-10 00:00:00,NA,1499,10,90,NA
2021-04-13 12:00:00,911,1515,6.2,88,NA
2021-04-13 18:00:00,909.9,1517,23.8,44,NA
2021-04-14 00:00:00,NA,1485,14.4,71,NA
2021-04-15 00:00:00,904.2,NA,NA,NA,NA
2021-04-15 12:00:00,907.5,1485,6.8,84,NA
2021-04-15 18:00:00,905.1,1476,26.6,38,NA
2021-04-16 00:00:00,NA,1468,16.6,78,NA
2021-04-17 00:00:00,905.1,NA,NA,NA,NA
2021-04-17 12:00:00,907.4,1494,11.8,86,NA
2021-04-17 18:00:00,905.1,1476,25.2,48,NA
2021-04-18 00:00:00,904.7,NA,NA,NA,NA
2021-04-19 12:00:00,906.7,NA,12.6,80,NA
2021-04-19 18:00:00,902.2,1454,26.8,54,NA
2021-04-20 00:00:00,NA,1442,18.6,63,NA
2021-04-21 00:00:00,902.3,NA,NA,NA,NA
2021-04-21 12:00:00,904.7,1467,11.6,96,NA
2021-04-21 18:00:00,907.1,1490,17.6,63,NA
2021-04-22 00:00:00,NA,1480,12.2,89,NA
2021-04-23 00:00:00,904.7,NA,NA,NA,NA
2021-04-23 12:00:00,NA,1477,7.8,92,NA
2021-04-23 18:00:00,NA,1469,22,53,NA
2021-04-24 00:00:00,NA,1505,13.6,87,NA
2021-04-27 12:00:00,NA,1505,6.4,72,NA
2021-04-27 18:00:00,NA,1486,23.4,39,NA
2021-04-28 00:00:00,907.3,NA,14.2,85,NA
2021-04-28 12:00:00,911.3,NA,7.4,83,NA
2021-04-28 18:00:00,908.9,NA,24.8,44,NA
2021-04-29 12:00:00,NA,1514,6.6,92,NA
2021-04-29 18:00:00,NA,1472,24.4,42,NA
2021-04-30 00:00:00,908.7,NA,14,71,NA
2021-04-30 12:00:00,907,NA,6.2,96,NA
2021-04-30 18:00:00,904.9,NA,20,60,NA
2021-05-01 12:00:00,NA,1454,6.2,97,NA
2021-05-01 18:00:00,NA,1450,23,64,NA
2021-05-02 00:00:00,906.2,NA,16.2,65,NA
2021-05-03 12:00:00,NA,NA,11.2,91,NA
2021-05-03 18:00:00,903.4,NA,19.6,57,NA
2021-05-04 00:00:00,909.7,NA,11.4,74,NA
2021-05-04 12:00:00,903.7,NA,6.8,90,NA
2021-05-04 18:00:00,919,NA,9,72,NA
2021-05-05 12:00:00,NA,1499,3.2,83,NA
2021-05-05 18:00:00,NA,1539,15.6,49,NA
2021-05-06 00:00:00,915.5,NA,8.2,84,NA
2021-05-06 12:00:00,915.7,NA,1,96,NA
2021-05-06 18:00:00,912.2,NA,17.8,45,NA
2021-05-07 12:00:00,NA,1491,4.8,93,NA
2021-05-07 18:00:00,NA,1498,15.8,65,NA
2021-05-08 00:00:00,910.2,NA,10,89,NA
2021-05-08 12:00:00,908.5,NA,4,81,NA
2021-05-08 18:00:00,907.4,NA,18.2,50,NA
2021-05-09 00:00:00,910.2,NA,13.2,75,NA
2021-05-10 12:00:00,916.2,NA,5.4,84,NA
2021-05-10 18:00:00,911.8,NA,15,56,NA
2021-05-11 12:00:00,NA,1535,4.8,79,NA
2021-05-11 18:00:00,910.5,NA,17.4,52,NA
2021-05-12 00:00:00,909.3,NA,9.2,82,NA
2021-05-12 12:00:00,911,NA,2.2,89,NA
2021-05-12 18:00:00,906.9,NA,18.8,44,NA
2021-05-13 12:00:00,NA,1486,2.4,77,NA
2021-05-13 18:00:00,906.3,NA,19.8,63,NA
2021-05-14 00:00:00,905.1,NA,12.4,85,NA
2021-05-14 12:00:00,907.8,NA,2.6,92,NA
2021-05-14 18:00:00,906.5,NA,21.2,44,NA
2021-05-15 12:00:00,NA,1489,4.8,88,NA
2021-05-15 18:00:00,NA,1485,21,45,NA
2021-05-16 00:00:00,908.9,NA,10.8,78,NA
2021-05-17 12:00:00,NA,NA,3.8,93,NA
2021-05-17 18:00:00,NA,1467,18.2,48,NA
2021-05-18 00:00:00,910.2,NA,10.6,88,NA
2021-05-18 12:00:00,906.9,NA,4.8,90,NA
2021-05-18 18:00:00,902.6,NA,20.2,75,NA
2021-05-19 12:00:00,NA,1418,5,79,NA
2021-05-19 18:00:00,901.4,NA,22,52,NA
2021-05-20 00:00:00,902.6,NA,15,81,NA
2021-05-20 12:00:00,903.5,NA,8,94,NA
2021-05-20 18:00:00,901.7,NA,16.2,67,NA
2021-05-21 12:00:00,NA,1464,5.2,90,NA
2021-05-21 18:00:00,NA,1496,13.2,49,NA
2021-05-22 00:00:00,909,NA,6.6,88,NA
2021-05-22 12:00:00,909.8,NA,1,94,NA
2021-05-22 18:00:00,905.3,NA,14.7,64,NA
2021-05-25 12:00:00,NA,1495,4.8,59,NA
2021-05-25 18:00:00,NA,1466,21.8,51,NA
2021-05-26 00:00:00,NA,1467,9.9,80,NA
2021-05-27 12:00:00,905.1,1454,1.2,87,NA
2021-05-27 18:00:00,898.2,1402,20.6,34,NA
2021-05-28 00:00:00,NA,1454,9.8,71,NA
2021-05-29 00:00:00,903.5,NA,NA,NA,NA
2021-05-29 12:00:00,908.2,1484,3,86,NA
2021-05-29 18:00:00,908.5,1492,14.2,48,NA
2021-05-30 00:00:00,906.6,NA,NA,NA,NA
2021-05-31 12:00:00,908.3,NA,4.4,91,NA
2021-05-31 18:00:00,906.6,1481,21,67,NA
2021-06-01 00:00:00,NA,1450,10.6,83,NA
2021-06-02 00:00:00,903.5,NA,NA,NA,NA
2021-06-02 12:00:00,909,1497,5.4,85,NA
2021-06-02 18:00:00,907.5,1489,18.6,48,NA
2021-06-02 23:00:00,NA,NA,NA,NA,NA
2021-06-03 00:00:00,NA,1467,11,77,NA
2021-06-04 00:00:00,902.3,NA,NA,NA,NA
2021-06-04 12:00:00,900.5,1414,3.8,87,NA
2021-06-04 18:00:00,901,1428,20.4,43,NA
2021-06-05 00:00:00,NA,1427,12.8,74,NA
2021-06-06 00:00:00,910.3,NA,7.2,86,NA
2021-06-08 00:00:00,907.9,NA,NA,NA,NA
2021-06-08 12:00:00,NA,1475,2,90,NA
2021-06-08 18:00:00,NA,1450,16.8,46,NA
2021-06-10 00:00:00,905,NA,NA,NA,NA
2021-06-10 12:00:00,912.7,1526,6,80,NA
2021-06-10 18:00:00,915.4,1555,15.4,52,NA
2021-06-11 00:00:00,NA,1548,7.6,84,NA
2021-06-12 00:00:00,910.9,NA,NA,NA,NA
2021-06-12 12:00:00,906.1,1460,0.4,89,NA
2021-06-12 18:00:00,904.1,1456,20.6,58,NA
2021-06-13 00:00:00,904.6,NA,NA,NA,NA
2021-06-14 12:00:00,914.6,NA,7.8,89,NA
2021-06-14 18:00:00,905.4,1462,10,84,NA
2021-06-15 00:00:00,NA,1469,6.7,61,NA
2021-06-16 12:00:00,916.2,1544,0,95,NA
2021-06-16 18:00:00,917,1551,2,88,NA
2021-06-17 00:00:00,NA,1544,1.8,89,NA
2021-06-18 00:00:00,912.9,NA,NA,NA,NA
2021-06-18 12:00:00,911.7,1503,0.7,99,NA
2021-06-18 18:00:00,911.7,1505,3.6,88,NA
2021-06-19 00:00:00,NA,1434,3,97,NA
2021-06-20 00:00:00,906.7,NA,3,92,NA
2021-06-22 00:00:00,906.6,NA,NA,NA,NA
2021-06-22 12:00:00,905.7,1450,-2,90,NA
2021-06-22 18:00:00,NA,1430,14.4,52,NA
2021-06-23 00:00:00,NA,1448,5,88,NA
2021-06-24 00:00:00,905.1,NA,NA,NA,NA
2021-06-24 12:00:00,906.6,1458,-0.2,82,NA
2021-06-24 18:00:00,906.5,1470,16,44,NA
2021-06-25 00:00:00,NA,1463,7,81,NA
2021-06-26 00:00:00,903,NA,NA,NA,NA
2021-06-26 12:00:00,NA,1527,3.2,83,NA
2021-06-26 18:00:00,NA,1528,8,53,NA
2021-06-27 00:00:00,NA,1531,1.2,90,NA
2021-06-28 12:00:00,NA,NA,-6.8,89,NA
2021-06-28 18:00:00,NA,1436,8.6,63,NA
2021-06-29 00:00:00,NA,1453,1,93,NA
2021-06-30 00:00:00,911.3,NA,NA,NA,NA
2021-06-30 12:00:00,908.1,1472,-3.1,85,NA
2021-06-30 18:00:00,904.7,1460,12.4,61,NA
2021-07-01 00:00:00,NA,1447,5.6,88,NA
