2021-01-07 00:00:00,919.4,NA,NA,NA,NA
2021-01-07 01:00:00,919.6,NA,NA,NA,NA
2021-01-07 02:00:00,919.6,NA,NA,NA,NA
2021-01-07 03:00:00,919.6,1497,18.3,66,NA
2021-01-07 06:00:00,917.8,1481,15.9,76,NA
2021-01-07 09:00:00,918,1483,15.2,71,NA
2021-01-07 10:00:00,918.4,1486,14.8,74,NA
2021-01-07 11:00:00,918.6,1490,17.7,66,NA
2021-01-07 12:00:00,918.9,1495,22.6,52,NA
2021-01-07 13:00:00,918.9,1495,24,50,NA
2021-01-07 14:00:00,918.4,1490,25.2,51,NA
2021-01-07 15:00:00,918.2,1490,26.2,50,NA
2021-01-07 16:00:00,917.3,1481,27.8,47,NA
2021-01-07 17:00:00,916.1,1472,30.2,42,NA
2021-01-07 18:00:00,915.4,1467,31,38,NA
2021-01-07 19:00:00,915.2,1464,31.6,35,NA
2021-01-07 20:00:00,914.5,1455,29.8,41,NA
2021-01-07 21:00:00,914.1,1454,31.8,34,NA
2021-01-07 22:00:00,914.4,1455,30.7,35,NA
2021-01-07 23:00:00,914.8,1461,29.2,36,NA
2021-01-08 00:00:00,NA,1469,25.5,51,NA
2021-01-08 01:00:00,NA,1483,24.4,54,NA
2021-01-08 02:00:00,NA,1502,23.8,50,NA
2021-01-09 00:00:00,916.1,NA,NA,NA,NA
2021-01-09 01:00:00,916.8,NA,NA,NA,NA
2021-01-09 02:00:00,917.7,NA,NA,NA,NA
2021-01-09 03:00:00,918,1488,19.8,67,NA
2021-01-09 06:00:00,918.1,1490,19.2,72,NA
2021-01-09 09:00:00,917,1480,17.2,79,NA
2021-01-09 10:00:00,917.4,1483,16.2,82,NA
2021-01-09 11:00:00,918.1,1487,17.6,78,NA
2021-01-09 12:00:00,918.1,1490,22.6,61,NA
2021-01-09 13:00:00,917.2,1481,24.4,57,NA
2021-01-09 14:00:00,916.6,1477,25.4,53,NA
2021-01-09 15:00:00,916,1471,26.4,44,NA
2021-01-09 16:00:00,915.6,1468,27,42,NA
2021-01-09 17:00:00,914.6,1460,28,41,NA
2021-01-09 18:00:00,913.7,1451,28.2,40,NA
2021-01-09 19:00:00,913.6,1449,29.1,37,NA
2021-01-09 20:00:00,912.4,1438,29.7,39,NA
2021-01-09 21:00:00,911.7,1433,30.4,38,NA
2021-01-09 22:00:00,911,1425,30,38,NA
2021-01-09 23:00:00,911.4,1428,27.7,45,NA
2021-01-10 00:00:00,NA,1437,25.9,48,NA
2021-01-10 01:00:00,NA,1446,23.5,55,NA
2021-01-10 02:00:00,NA,1452,22.4,60,NA
2021-01-11 00:00:00,908.8,NA,NA,NA,NA
2021-01-11 01:00:00,909.8,NA,NA,NA,NA
2021-01-11 02:00:00,910.4,NA,NA,NA,NA
2021-01-11 03:00:00,910.2,1422,24,69,NA
2021-01-11 06:00:00,909,1412,22.1,74,NA
2021-01-11 09:00:00,912.8,1448,20.6,59,NA
2021-01-11 10:00:00,913.3,1453,19.6,57,NA
2021-01-11 11:00:00,914.2,1459,20,58,NA
2021-01-11 12:00:00,914.5,1461,22.2,49,NA
2021-01-11 13:00:00,914.8,1463,23.2,47,NA
2021-01-11 14:00:00,914.9,1465,24.3,48,NA
2021-01-11 15:00:00,914.9,1466,26.1,45,NA
2021-01-11 16:00:00,915.2,1465,26.9,45,NA
2021-01-11 17:00:00,NA,1463,28,42,NA
2021-01-11 18:00:00,914.9,1465,27.9,36,NA
2021-01-11 19:00:00,915.4,1468,28.2,43,NA
2021-01-11 20:00:00,915.6,1469,27.3,42,NA
2021-01-11 21:00:00,916.1,1473,26.5,44,NA
2021-01-11 22:00:00,NA,1477,25.8,43,NA
2021-01-11 23:00:00,917.8,1487,25.1,44,NA
2021-01-12 00:00:00,NA,1505,24,48,NA
2021-01-12 01:00:00,NA,1518,22.8,50,NA
2021-01-12 02:00:00,NA,1532,21.8,48,NA
2021-01-13 00:00:00,919,NA,NA,NA,NA
2021-01-13 01:00:00,919.7,NA,NA,NA,NA
2021-01-13 02:00:00,920.1,NA,NA,NA,NA
2021-01-13 03:00:00,920.8,1505,18.6,56,NA
2021-01-13 06:00:00,920.2,1504,17.1,60,NA
2021-01-13 09:00:00,920.4,1506,16,71,NA
2021-01-13 10:00:00,921,1512,15.5,74,NA
2021-01-13 11:00:00,921.3,1513,17.1,74,NA
2021-01-13 12:00:00,921.7,1521,21.8,66,NA
2021-01-13 13:00:00,921.6,1519,23.4,63,NA
2021-01-13 14:00:00,921.2,1516,24.6,62,NA
2021-01-13 15:00:00,920.8,1514,25.8,58,NA
2021-01-13 16:00:00,920.2,1509,27,53,NA
2021-01-13 17:00:00,919.4,1501,27.6,51,NA
2021-01-13 18:00:00,919.2,1501,28.5,49,NA
2021-01-13 19:00:00,918.8,1495,28.6,49,NA
2021-01-13 20:00:00,917.8,1488,30.4,44,NA
2021-01-13 21:00:00,917.6,1485,29.7,45,NA
2021-01-13 22:00:00,917.2,1481,29.4,49,NA
2021-01-13 23:00:00,917.6,1484,27.2,51,NA
2021-01-14 00:00:00,NA,1490,26.1,56,NA
2021-01-14 01:00:00,NA,1497,25.7,59,NA
2021-01-14 02:00:00,NA,1517,24.9,65,NA
2021-01-15 00:00:00,912.1,NA,NA,NA,NA
2021-01-15 01:00:00,912.5,NA,NA,NA,NA
2021-01-15 02:00:00,912.5,NA,NA,NA,NA
2021-01-15 03:00:00,913.7,1455,25.4,71,NA
2021-01-15 06:00:00,915,1468,23.2,80,NA
2021-01-15 09:00:00,916.8,1485,21.2,83,NA
2021-01-15 10:00:00,916.1,1479,20.5,88,NA
2021-01-15 11:00:00,916.4,1479,21.2,80,NA
2021-01-15 12:00:00,916.4,1481,24.4,68,NA
2021-01-15 13:00:00,916.4,1481,25.6,64,NA
2021-01-15 14:00:00,915.8,1475,25.7,61,NA
2021-01-15 15:00:00,915,1466,25,67,NA
2021-01-15 16:00:00,913.7,1453,26,65,NA
2021-01-15 17:00:00,912.1,1440,27.4,62,NA
2021-01-15 18:00:00,911,1430,28.1,61,NA
2021-01-15 19:00:00,910.8,1426,27.2,62,NA
2021-01-15 20:00:00,910.4,1423,29.4,57,NA
2021-01-15 21:00:00,909.8,1418,30.4,52,NA
2021-01-15 22:00:00,909.4,1414,30,53,NA
2021-01-15 23:00:00,909.7,1416,27.8,59,NA
2021-01-16 00:00:00,NA,1424,26.2,64,NA
2021-01-16 01:00:00,NA,1431,24.9,67,NA
2021-01-16 02:00:00,NA,1434,24.2,68,NA
2021-01-17 00:00:00,919.8,NA,NA,NA,NA
2021-01-17 01:00:00,920.8,NA,NA,NA,NA
2021-01-17 02:00:00,921.8,NA,NA,NA,NA
2021-01-17 03:00:00,922.4,1517,16.8,62,NA
2021-01-17 06:00:00,921.6,1512,15,66,NA
2021-01-17 09:00:00,923,1526,13,61,NA
2021-01-17 10:00:00,923.4,1529,12.4,65,NA
2021-01-17 11:00:00,923.4,1529,14.2,63,NA
2021-01-17 12:00:00,923.6,1533,19.3,49,NA
2021-01-17 13:00:00,923.7,1534,21.2,45,NA
2021-01-17 14:00:00,923.7,1534,22.3,44,NA
2021-01-17 15:00:00,922.9,1529,23.6,40,NA
2021-01-17 16:00:00,921.8,1518,24.5,41,NA
2021-01-17 17:00:00,NA,1511,25.6,40,NA
2021-01-17 18:00:00,NA,1502,26.9,40,NA
2021-01-17 19:00:00,NA,1496,27.2,36,NA
2021-01-17 20:00:00,NA,1490,28.1,35,NA
2021-01-17 21:00:00,NA,1485,28.1,35,NA
2021-01-17 22:00:00,NA,1484,28.2,35,NA
2021-01-17 23:00:00,NA,1485,26.6,37,NA
2021-01-18 00:00:00,NA,1492,23.8,44,NA
2021-01-18 01:00:00,NA,1497,21,52,NA
2021-01-18 02:00:00,NA,1507,20.8,49,NA
2021-01-19 03:00:00,NA,1515,24.4,46,NA
2021-01-19 06:00:00,NA,1504,19.7,52,NA
2021-01-19 09:00:00,NA,1503,18.3,57,NA
2021-01-19 10:00:00,NA,1506,18.2,57,NA
2021-01-19 11:00:00,NA,1512,19.2,60,NA
2021-01-19 12:00:00,NA,1521,24.2,50,NA
2021-01-19 13:00:00,NA,1522,25.4,47,NA
2021-01-19 14:00:00,NA,1523,27,45,NA
2021-01-19 15:00:00,NA,1523,28.6,43,NA
2021-01-19 16:00:00,NA,1518,30,40,NA
2021-01-19 17:00:00,NA,1510,30.4,40,NA
2021-01-19 18:00:00,NA,1505,31.8,35,NA
2021-01-19 19:00:00,NA,1500,32.8,34,NA
2021-01-19 20:00:00,NA,1494,32,36,NA
2021-01-19 21:00:00,NA,1491,29.8,43,NA
2021-01-19 22:00:00,NA,1489,29.2,46,NA
2021-01-19 23:00:00,NA,1492,28.8,42,NA
2021-01-20 00:00:00,NA,1503,26.5,47,NA
2021-01-20 01:00:00,NA,1508,24.6,49,NA
2021-01-20 02:00:00,NA,1516,25,45,NA
2021-01-21 03:00:00,NA,1517,23.6,48,NA
2021-01-21 06:00:00,NA,1507,20.4,52,NA
2021-01-21 09:00:00,NA,1514,18.4,56,NA
2021-01-21 10:00:00,NA,1514,18,59,NA
2021-01-21 11:00:00,NA,1516,19.4,60,NA
2021-01-21 12:00:00,NA,1523,24.4,54,NA
2021-01-21 13:00:00,NA,1525,26.8,45,NA
2021-01-21 14:00:00,NA,1525,27.9,45,NA
2021-01-21 15:00:00,NA,1523,29.9,40,NA
2021-01-21 16:00:00,NA,1520,30.7,38,NA
2021-01-21 17:00:00,NA,1515,31.9,37,NA
2021-01-21 18:00:00,NA,1509,33.1,34,NA
2021-01-21 19:00:00,NA,1504,34.3,32,NA
2021-01-21 20:00:00,NA,1497,34.7,30,NA
2021-01-21 21:00:00,NA,1493,35,30,NA
2021-01-21 22:00:00,NA,1491,34.1,29,NA
2021-01-21 23:00:00,NA,1494,32.3,31,NA
2021-01-22 00:00:00,NA,1506,28,40,NA
2021-01-22 01:00:00,NA,1513,26.2,42,NA
2021-01-22 02:00:00,NA,1526,26.4,42,NA
2021-01-23 03:00:00,NA,1516,27.3,46,NA
2021-01-23 06:00:00,NA,1495,22.1,56,NA
2021-01-23 09:00:00,NA,1494,19.9,60,NA
2021-01-23 10:00:00,NA,1496,19.1,61,NA
2021-01-23 11:00:00,NA,1495,20.2,63,NA
2021-01-23 12:00:00,NA,1500,26.1,50,NA
2021-01-23 13:00:00,NA,1498,27.4,50,NA
2021-01-23 14:00:00,NA,1496,28.4,47,NA
2021-01-23 15:00:00,NA,1497,30.6,46,NA
2021-01-23 16:00:00,NA,1488,31.4,45,NA
2021-01-23 17:00:00,NA,1481,32.8,43,NA
2021-01-23 18:00:00,NA,1475,34.6,39,NA
2021-01-23 19:00:00,NA,1466,35.3,36,NA
2021-01-23 20:00:00,NA,1459,36,34,NA
2021-01-23 21:00:00,NA,1455,36,35,NA
2021-01-23 22:00:00,NA,1450,35.4,36,NA
2021-01-23 23:00:00,NA,1454,33.4,38,NA
2021-01-24 00:00:00,NA,1465,29.7,43,NA
2021-01-24 01:00:00,NA,1472,28,49,NA
2021-01-24 02:00:00,NA,1480,27.7,49,NA
2021-01-25 03:00:00,NA,1458,28.3,47,NA
2021-01-25 06:00:00,NA,1450,25.8,57,NA
2021-01-25 09:00:00,NA,1435,24.4,63,NA
2021-01-25 10:00:00,NA,1451,23.1,67,NA
2021-01-25 11:00:00,NA,1451,23.8,74,NA
2021-01-25 12:00:00,NA,1454,24.6,74,NA
2021-01-25 13:00:00,NA,1458,25.8,70,NA
2021-01-25 14:00:00,NA,1461,26.9,65,NA
2021-01-25 15:00:00,NA,1461,29,55,NA
2021-01-25 16:00:00,NA,1458,32.8,42,NA
2021-01-25 17:00:00,NA,1449,33.1,44,NA
2021-01-25 18:00:00,NA,1440,33.4,42,NA
2021-01-25 19:00:00,NA,1428,31.3,50,NA
2021-01-25 20:00:00,NA,1426,30.5,53,NA
2021-01-25 21:00:00,NA,1430,30.5,50,NA
2021-01-25 22:00:00,NA,1422,30.4,50,NA
2021-01-25 23:00:00,NA,1430,29.8,51,NA
2021-01-26 00:00:00,NA,1441,27.8,55,NA
2021-01-26 01:00:00,NA,1451,20.4,89,NA
2021-01-26 02:00:00,NA,1455,21.9,73,NA
2021-01-26 15:00:00,914.8,NA,28.4,47,NA
2021-01-26 16:00:00,914,NA,29,47,NA
2021-01-26 17:00:00,913.6,NA,29.4,49,NA
2021-01-26 18:00:00,913.2,NA,30.4,48,NA
2021-01-26 19:00:00,912.6,NA,30.4,48,NA
2021-01-26 20:00:00,912.2,NA,30.6,47,NA
2021-01-27 03:00:00,NA,1479,23.2,58,NA
2021-01-27 06:00:00,NA,1486,22.4,60,NA
2021-01-27 09:00:00,NA,1482,22.7,63,NA
2021-01-27 10:00:00,NA,1486,22.2,65,NA
2021-01-27 11:00:00,NA,1489,22,67,NA
2021-01-27 12:00:00,NA,1491,23.6,55,NA
2021-01-27 13:00:00,NA,1491,24.4,49,NA
2021-01-27 14:00:00,NA,1489,24.7,46,NA
2021-01-27 15:00:00,NA,1483,25.3,44,NA
2021-01-27 16:00:00,NA,1465,26.2,42,NA
2021-01-27 17:00:00,NA,1457,27.5,44,NA
2021-01-27 18:00:00,NA,1445,28.9,44,NA
2021-01-27 19:00:00,NA,1434,28.9,43,NA
2021-01-27 20:00:00,NA,1424,30,44,NA
2021-01-27 21:00:00,NA,1418,30.3,42,NA
2021-01-27 22:00:00,NA,1421,30.5,42,NA
2021-01-27 23:00:00,NA,1422,28.3,50,NA
2021-01-28 00:00:00,NA,1429,26.2,52,NA
2021-01-28 01:00:00,NA,1438,25,56,NA
2021-01-28 02:00:00,NA,1441,24.2,55,NA
2021-01-29 03:00:00,NA,1447,21.4,60,NA
2021-01-29 06:00:00,NA,1435,17.4,72,NA
2021-01-29 09:00:00,NA,1433,15.8,74,NA
2021-01-29 10:00:00,NA,1441,15.6,73,NA
2021-01-29 11:00:00,NA,1442,16.6,73,NA
2021-01-29 12:00:00,NA,1443,21.8,60,NA
2021-01-29 13:00:00,NA,1443,24,52,NA
2021-01-29 14:00:00,NA,1443,24.4,56,NA
2021-01-29 15:00:00,NA,1438,25.5,47,NA
2021-01-29 16:00:00,NA,1427,26.6,44,NA
2021-01-29 17:00:00,NA,1421,27.7,45,NA
2021-01-29 18:00:00,NA,1417,28.4,46,NA
2021-01-29 19:00:00,NA,1411,29,47,NA
2021-01-29 20:00:00,NA,1403,29.4,47,NA
2021-01-29 21:00:00,NA,1400,29.7,44,NA
2021-01-29 22:00:00,NA,1399,30.4,44,NA
2021-01-29 23:00:00,NA,1399,27.5,51,NA
2021-01-30 00:00:00,NA,1410,25.4,56,NA
2021-01-30 01:00:00,NA,1419,24.7,65,NA
2021-01-30 02:00:00,NA,1425,24.5,56,NA
2021-01-31 03:00:00,922,1512,15.4,96,NA
2021-01-31 06:00:00,919.8,1493,13.8,96,NA
2021-01-31 09:00:00,918.8,1480,13.7,96,NA
2021-01-31 10:00:00,918.8,1480,13.8,96,NA
2021-01-31 11:00:00,919.6,1487,14,94,NA
2021-01-31 12:00:00,919.6,1490,15.6,87,NA
2021-01-31 13:00:00,919.7,1491,16.4,83,NA
2021-01-31 14:00:00,919.8,1492,17.9,75,NA
2021-01-31 15:00:00,919.8,1492,17.8,75,NA
2021-01-31 16:00:00,919.7,1490,18.1,73,NA
2021-01-31 17:00:00,919.4,1486,17.4,75,NA
2021-01-31 18:00:00,919.4,1487,18.8,70,NA
2021-01-31 19:00:00,919,1483,18.2,72,NA
2021-01-31 20:00:00,918.5,1478,18.3,76,NA
2021-01-31 21:00:00,918.2,1476,18.4,77,NA
2021-01-31 22:00:00,918.5,1477,16.7,88,NA
2021-01-31 23:00:00,919.6,1485,15.4,94,NA
2021-02-01 00:00:00,920.5,1495,15.2,94,NA
2021-02-01 01:00:00,921.3,1503,14.3,90,NA
2021-02-01 02:00:00,922.5,1513,13.2,93,NA
2021-02-02 00:00:00,920.6,NA,NA,NA,NA
2021-02-02 01:00:00,921.4,NA,NA,NA,NA
2021-02-02 02:00:00,921.8,NA,NA,NA,NA
2021-02-02 03:00:00,922,1506,15.1,86,NA
2021-02-02 06:00:00,921,1501,14.4,90,NA
2021-02-02 09:00:00,921.2,1502,13.5,94,NA
2021-02-02 10:00:00,922.1,1507,11.8,96,NA
2021-02-02 11:00:00,922.5,1511,12.4,96,NA
2021-02-02 12:00:00,923.3,1517,12.4,97,NA
2021-02-02 13:00:00,923.6,1520,12.7,94,NA
2021-02-02 14:00:00,923.8,1523,14.1,90,NA
2021-02-02 15:00:00,923.6,1523,15.5,85,NA
2021-02-02 16:00:00,923.2,1521,17.2,72,NA
2021-02-02 17:00:00,NA,1518,19.4,56,NA
2021-02-02 18:00:00,922.4,1516,19.5,60,NA
2021-02-02 19:00:00,921.8,1513,21.2,59,NA
2021-02-02 20:00:00,921.4,1510,21.7,59,NA
2021-02-02 21:00:00,920.9,1504,21.7,59,NA
2021-02-02 22:00:00,921.3,1505,20.4,65,NA
2021-02-02 23:00:00,922,1509,19.2,70,NA
2021-02-03 00:00:00,NA,1513,18,76,NA
2021-02-03 02:00:00,NA,1522,17,81,NA
2021-02-04 00:00:00,924.5,NA,NA,NA,NA
2021-02-04 01:00:00,919.8,NA,NA,NA,NA
2021-02-04 02:00:00,923.2,NA,NA,NA,NA
2021-02-04 03:00:00,922.8,1530,19.4,71,NA
2021-02-04 06:00:00,926,1557,16.9,73,NA
2021-02-04 09:00:00,925.3,1552,16,63,NA
2021-02-04 10:00:00,NA,1558,16,62,NA
2021-02-04 11:00:00,926.4,1561,17,72,NA
2021-02-04 12:00:00,926.2,1562,20.5,72,NA
2021-02-04 13:00:00,926.4,1564,23.4,55,NA
2021-02-04 14:00:00,926.4,1566,25.2,53,NA
2021-02-04 15:00:00,925.6,1560,26.1,50,NA
2021-02-04 16:00:00,925,1554,27,49,NA
2021-02-04 17:00:00,924.1,1546,28.4,45,NA
2021-02-04 18:00:00,923.2,1538,29,43,NA
2021-02-04 19:00:00,922.4,1530,29.8,41,NA
2021-02-04 20:00:00,921.7,1524,30,41,NA
2021-02-04 21:00:00,921.3,1521,30.2,39,NA
2021-02-04 22:00:00,921.2,1519,30.2,44,NA
2021-02-04 23:00:00,921.3,1519,27.8,46,NA
2021-02-05 00:00:00,NA,1524,23.8,55,NA
2021-02-05 01:00:00,NA,1532,22.6,59,NA
2021-02-05 02:00:00,NA,1538,22.6,58,NA
2021-02-05 03:00:00,NA,1539,22.2,54,NA
2021-02-05 06:00:00,NA,1523,17.4,72,NA
2021-02-05 09:00:00,NA,1519,16.6,71,NA
2021-02-05 10:00:00,NA,1518,15.8,72,NA
2021-02-05 11:00:00,NA,1523,16.8,74,NA
2021-02-05 12:00:00,NA,1528,22,60,NA
2021-02-05 13:00:00,NA,1527,24.1,53,NA
2021-02-05 14:00:00,NA,1523,25.2,52,NA
2021-02-05 15:00:00,NA,1520,26,50,NA
2021-02-05 16:00:00,NA,1512,27.5,46,NA
2021-02-05 17:00:00,NA,1502,28.7,44,NA
2021-02-05 18:00:00,NA,1495,29.9,43,NA
2021-02-05 19:00:00,NA,1488,31,43,NA
2021-02-05 20:00:00,NA,1484,31.6,45,NA
2021-02-05 21:00:00,NA,1481,31.4,39,NA
2021-02-05 22:00:00,NA,1480,30.7,42,NA
2021-02-05 23:00:00,NA,1481,27.7,48,NA
2021-02-06 00:00:00,917.3,1485,25.2,57,NA
2021-02-06 01:00:00,918.1,1493,23.9,58,NA
2021-02-06 02:00:00,918.8,1500,23.7,58,NA
2021-02-06 03:00:00,919,NA,NA,NA,NA
2021-02-06 06:00:00,918,NA,NA,NA,NA
2021-02-06 09:00:00,917.6,NA,NA,NA,NA
2021-02-06 10:00:00,918,NA,NA,NA,NA
2021-02-06 11:00:00,918.5,NA,NA,NA,NA
2021-02-06 12:00:00,918.8,NA,NA,NA,NA
2021-02-06 13:00:00,919,NA,NA,NA,NA
2021-02-06 14:00:00,918.8,NA,NA,NA,NA
2021-02-06 15:00:00,918.5,NA,NA,NA,NA
2021-02-06 16:00:00,918.1,NA,NA,NA,NA
2021-02-06 17:00:00,917.2,NA,NA,NA,NA
2021-02-06 18:00:00,916.5,NA,NA,NA,NA
2021-02-06 19:00:00,915.8,NA,NA,NA,NA
2021-02-06 20:00:00,915.2,NA,NA,NA,NA
2021-02-06 21:00:00,914.8,NA,NA,NA,NA
2021-02-06 23:00:00,914.6,NA,NA,NA,NA
2021-02-08 00:00:00,920.6,NA,NA,NA,NA
2021-02-08 01:00:00,921.3,NA,NA,NA,NA
2021-02-08 02:00:00,922.9,NA,NA,NA,NA
2021-02-08 03:00:00,923.2,1539,18.4,96,NA
2021-02-08 06:00:00,922.6,1537,17,96,NA
2021-02-08 09:00:00,NA,1524,16,92,NA
2021-02-08 10:00:00,NA,1521,15.5,93,NA
2021-02-08 11:00:00,NA,1524,15.6,90,NA
2021-02-08 12:00:00,NA,1533,16.1,88,NA
2021-02-08 13:00:00,NA,1540,15.8,90,NA
2021-02-08 14:00:00,NA,1540,15.1,95,NA
2021-02-08 15:00:00,NA,1541,15.6,93,NA
2021-02-08 16:00:00,NA,1541,15.8,90,NA
2021-02-08 17:00:00,NA,1541,16.2,88,NA
2021-02-08 18:00:00,NA,1541,15.5,89,NA
2021-02-08 19:00:00,NA,1540,15,94,NA
2021-02-08 20:00:00,NA,1536,14.6,96,NA
2021-02-08 21:00:00,NA,1540,15,94,NA
2021-02-08 22:00:00,NA,1537,15.2,93,NA
2021-02-08 23:00:00,NA,1535,15.8,92,NA
2021-02-09 00:00:00,NA,1539,15.6,93,NA
2021-02-09 01:00:00,NA,1546,15.5,94,NA
2021-02-09 02:00:00,NA,1547,14.9,96,NA
2021-02-10 03:00:00,NA,1547,18,85,NA
2021-02-10 06:00:00,NA,1537,17.1,85,NA
2021-02-10 09:00:00,NA,1534,16.9,85,NA
2021-02-10 10:00:00,NA,1524,16.6,90,NA
2021-02-10 11:00:00,NA,1527,16.2,92,NA
2021-02-10 12:00:00,NA,1533,17.2,90,NA
2021-02-10 13:00:00,NA,1536,17.6,89,NA
2021-02-10 14:00:00,NA,1535,19.1,81,NA
2021-02-10 15:00:00,NA,1535,20.6,75,NA
2021-02-10 16:00:00,NA,1532,21,75,NA
2021-02-10 17:00:00,NA,1528,21.6,72,NA
2021-02-10 18:00:00,NA,1520,22,70,NA
2021-02-10 19:00:00,NA,1514,23,68,NA
2021-02-10 20:00:00,NA,1506,23.8,65,NA
2021-02-10 21:00:00,NA,1503,23.8,66,NA
2021-02-10 22:00:00,NA,1497,23.6,69,NA
2021-02-10 23:00:00,NA,1499,21.2,75,NA
2021-02-11 01:00:00,NA,1503,19,83,NA
2021-02-11 02:00:00,NA,1505,18,85,NA
2021-02-11 00:00:00,920.1,NA,19.6,80,NA
2021-02-11 03:00:00,920.5,NA,17.2,84,NA
2021-02-11 06:00:00,919.4,NA,16.4,82,NA
2021-02-11 09:00:00,918.9,NA,14.6,89,NA
2021-02-11 10:00:00,919,NA,14.6,89,NA
2021-02-11 11:00:00,919.3,NA,15.4,85,NA
2021-02-11 12:00:00,919.8,NA,19.8,75,NA
2021-02-11 13:00:00,919.4,NA,21,70,NA
2021-02-11 14:00:00,919.4,NA,23.4,70,NA
2021-02-11 15:00:00,919.2,NA,24.3,67,NA
2021-02-11 16:00:00,918.8,NA,25.4,63,NA
2021-02-11 17:00:00,918.2,NA,26.3,63,NA
2021-02-11 18:00:00,917.6,NA,27.2,59,NA
2021-02-11 19:00:00,916.9,NA,27.7,57,NA
2021-02-11 20:00:00,916.4,NA,27.3,59,NA
2021-02-11 21:00:00,916.4,NA,26.7,66,NA
2021-02-11 22:00:00,916.1,NA,25.9,68,NA
2021-02-11 23:00:00,916,NA,24.7,68,NA
2021-02-12 03:00:00,NA,1493,21.2,81,NA
2021-02-12 06:00:00,NA,1502,17.2,84,NA
2021-02-12 09:00:00,NA,1484,17,77,NA
2021-02-12 10:00:00,NA,1486,15.8,82,NA
2021-02-12 11:00:00,NA,1489,15.9,81,NA
2021-02-12 12:00:00,NA,1495,20.6,77,NA
2021-02-12 13:00:00,NA,1500,24.4,56,NA
2021-02-12 14:00:00,NA,1502,24.8,61,NA
2021-02-12 15:00:00,NA,1503,25.4,56,NA
2021-02-12 16:00:00,NA,1497,27,55,NA
2021-02-12 17:00:00,NA,1486,27.8,53,NA
2021-02-12 18:00:00,NA,1479,28.3,52,NA
2021-02-12 19:00:00,NA,1471,29.3,49,NA
2021-02-12 20:00:00,NA,1471,25.8,60,NA
2021-02-12 21:00:00,NA,1475,25.8,65,NA
2021-02-12 22:00:00,NA,1479,22.3,69,NA
2021-02-12 23:00:00,NA,1491,20.5,74,NA
2021-02-13 00:00:00,919.4,NA,19.9,78,NA
2021-02-13 01:00:00,921.2,NA,18.4,90,NA
2021-02-13 02:00:00,919.7,NA,17.5,92,NA
2021-02-13 03:00:00,918.4,NA,17.1,90,NA
2021-02-13 06:00:00,918,NA,17,90,NA
2021-02-13 09:00:00,917.2,NA,14.7,95,NA
2021-02-13 10:00:00,917.2,NA,14.3,94,NA
2021-02-13 11:00:00,917.6,NA,15,87,NA
2021-02-13 12:00:00,917.8,NA,17.4,83,NA
2021-02-13 13:00:00,917.7,NA,22.2,64,NA
2021-02-13 14:00:00,917.3,NA,25.2,51,NA
2021-02-13 15:00:00,916.9,NA,25.6,55,NA
2021-02-13 16:00:00,916.5,NA,26.2,54,NA
2021-02-13 17:00:00,916.2,NA,27.4,52,NA
2021-02-13 18:00:00,915.6,NA,27.5,50,NA
2021-02-13 19:00:00,914.8,NA,28.5,49,NA
2021-02-13 20:00:00,914.1,NA,29.3,49,NA
2021-02-13 21:00:00,913.3,NA,29.5,47,NA
2021-02-13 22:00:00,913.2,NA,28.9,48,NA
2021-02-13 23:00:00,913.6,NA,25.1,57,NA
2021-02-14 03:00:00,NA,1470,20.8,71,NA
2021-02-14 06:00:00,NA,1462,19.9,71,NA
2021-02-14 09:00:00,NA,1460,17.5,79,NA
2021-02-14 10:00:00,NA,1460,17,82,NA
2021-02-14 11:00:00,NA,1462,17.7,78,NA
2021-02-14 12:00:00,NA,1466,22,75,NA
2021-02-14 13:00:00,NA,1470,26.4,49,NA
2021-02-14 14:00:00,NA,1471,28.2,46,NA
2021-02-14 15:00:00,NA,1471,28.3,52,NA
2021-02-14 16:00:00,NA,1470,28.4,54,NA
2021-02-14 17:00:00,NA,1464,29,49,NA
2021-02-14 18:00:00,NA,1466,29.9,47,NA
2021-02-14 19:00:00,NA,1455,30.6,46,NA
2021-02-14 20:00:00,NA,1444,30.7,47,NA
2021-02-14 21:00:00,NA,1439,28.6,55,NA
2021-02-14 22:00:00,NA,1438,26.9,58,NA
2021-02-14 23:00:00,NA,1450,20.4,73,NA
2021-02-15 00:00:00,915.6,NA,18,87,NA
2021-02-15 01:00:00,914.6,NA,18.8,82,NA
2021-02-15 02:00:00,918.1,NA,19.2,76,NA
2021-02-15 03:00:00,919.8,NA,20,74,NA
2021-02-15 06:00:00,921,NA,18.7,79,NA
2021-02-15 09:00:00,921.2,NA,18.4,70,NA
2021-02-15 10:00:00,921.2,NA,17.4,82,NA
2021-02-15 11:00:00,921.3,NA,16.8,78,NA
2021-02-15 12:00:00,922,NA,19.8,67,NA
2021-02-15 13:00:00,922.1,NA,21,58,NA
2021-02-15 14:00:00,922,NA,21.8,58,NA
2021-02-15 15:00:00,921.7,NA,23.6,53,NA
2021-02-15 16:00:00,920.9,NA,24,53,NA
2021-02-15 17:00:00,920.1,NA,24.4,51,NA
2021-02-15 18:00:00,919.6,NA,25.2,48,NA
2021-02-15 19:00:00,919.2,NA,25.8,49,NA
2021-02-15 20:00:00,918.4,NA,24.8,54,NA
2021-02-15 21:00:00,918,NA,24.2,58,NA
2021-02-15 22:00:00,918.2,NA,23.6,60,NA
2021-02-15 23:00:00,919.2,NA,22.4,65,NA
2021-02-16 03:00:00,NA,1532,16.6,96,NA
2021-02-16 06:00:00,NA,1526,15,96,NA
2021-02-16 09:00:00,NA,1502,15,96,NA
2021-02-16 10:00:00,NA,1504,14.3,96,NA
2021-02-16 11:00:00,NA,1505,14.1,96,NA
2021-02-16 12:00:00,NA,1504,17.2,90,NA
2021-02-16 13:00:00,NA,1504,18.9,81,NA
2021-02-16 14:00:00,NA,1506,20.6,73,NA
2021-02-16 15:00:00,NA,1505,21.1,74,NA
2021-02-16 16:00:00,NA,1495,22.3,69,NA
2021-02-16 17:00:00,NA,1490,23.7,63,NA
2021-02-16 18:00:00,NA,1484,24.6,60,NA
2021-02-16 19:00:00,NA,1477,25.5,58,NA
2021-02-16 20:00:00,NA,1474,25.9,59,NA
2021-02-16 21:00:00,NA,1474,26,57,NA
2021-02-16 22:00:00,NA,1472,26,57,NA
2021-02-16 23:00:00,NA,1471,22.4,69,NA
2021-02-17 00:00:00,917.7,NA,20.8,81,NA
2021-02-17 01:00:00,918.5,NA,19.8,82,NA
2021-02-17 02:00:00,918.9,NA,19.2,85,NA
2021-02-17 03:00:00,918.5,NA,19,81,NA
2021-02-17 06:00:00,917.7,NA,17.2,86,NA
2021-02-17 09:00:00,917.2,NA,16.5,83,NA
2021-02-17 10:00:00,917.6,NA,16.3,83,NA
2021-02-17 11:00:00,917.6,NA,16.8,81,NA
2021-02-17 12:00:00,918.1,NA,20.2,74,NA
2021-02-17 13:00:00,918,NA,23.4,66,NA
2021-02-17 14:00:00,917.7,NA,25.2,61,NA
2021-02-17 15:00:00,917.3,NA,26.2,57,NA
2021-02-17 16:00:00,916.6,NA,27.1,57,NA
2021-02-17 17:00:00,916.1,NA,27.9,53,NA
2021-02-17 18:00:00,915.7,NA,28.7,51,NA
2021-02-17 19:00:00,914.5,NA,29.4,49,NA
2021-02-17 20:00:00,914.2,NA,29.5,48,NA
2021-02-17 21:00:00,913.8,NA,29.7,49,NA
2021-02-17 22:00:00,913.7,NA,29.2,49,NA
2021-02-17 23:00:00,914,NA,26.7,55,NA
2021-02-18 03:00:00,NA,1488,21.4,62,NA
2021-02-18 06:00:00,NA,1487,19.8,68,NA
2021-02-18 09:00:00,NA,1477,18.8,76,NA
2021-02-18 10:00:00,NA,1481,18.3,78,NA
2021-02-18 11:00:00,NA,1486,19,83,NA
2021-02-18 12:00:00,NA,1488,20,81,NA
2021-02-18 13:00:00,NA,1489,21.4,75,NA
2021-02-18 14:00:00,NA,1490,22.6,66,NA
2021-02-18 15:00:00,NA,1482,23.6,64,NA
2021-02-18 16:00:00,NA,1473,24.4,63,NA
2021-02-18 17:00:00,NA,1464,25.5,60,NA
2021-02-18 18:00:00,NA,1456,27.4,58,NA
2021-02-18 19:00:00,NA,1449,27.9,57,NA
2021-02-18 20:00:00,NA,1443,28.5,55,NA
2021-02-18 21:00:00,NA,1441,28.5,55,NA
2021-02-18 22:00:00,NA,1438,28.1,59,NA
2021-02-18 23:00:00,NA,1439,25.8,63,NA
2021-02-19 00:00:00,913.6,NA,24,72,NA
2021-02-19 01:00:00,915.6,NA,23.4,69,NA
2021-02-19 02:00:00,918,NA,21.4,57,NA
2021-02-19 03:00:00,917.4,NA,19.5,68,NA
2021-02-19 06:00:00,918.4,NA,19.3,69,NA
2021-02-19 09:00:00,920.1,NA,18.8,77,NA
2021-02-19 10:00:00,922.6,NA,19.2,67,NA
2021-02-19 11:00:00,924.4,NA,16.9,78,NA
2021-02-19 12:00:00,925.3,NA,17.9,66,NA
2021-02-19 13:00:00,925,NA,19.6,60,NA
2021-02-19 14:00:00,924.8,NA,20,59,NA
2021-02-19 15:00:00,924.6,NA,18.5,57,NA
2021-02-19 16:00:00,924.1,NA,18.4,59,NA
2021-02-19 17:00:00,923.4,NA,20,51,NA
2021-02-19 18:00:00,922.6,NA,21.2,50,NA
2021-02-19 19:00:00,921.8,NA,21.2,50,NA
2021-02-19 20:00:00,920.9,NA,22.8,49,NA
2021-02-19 21:00:00,920.9,NA,22,51,NA
2021-02-19 22:00:00,921,NA,21.6,53,NA
2021-02-19 23:00:00,921.2,NA,19.6,58,NA
2021-02-20 03:00:00,NA,1519,14.5,78,NA
2021-02-20 06:00:00,NA,1510,13.9,80,NA
2021-02-20 09:00:00,NA,1502,11.8,84,NA
2021-02-20 10:00:00,NA,1503,11.5,85,NA
2021-02-20 11:00:00,NA,1504,12,84,NA
2021-02-20 12:00:00,NA,1506,15.4,71,NA
2021-02-20 13:00:00,NA,1507,18.9,59,NA
2021-02-20 14:00:00,NA,1505,20.7,53,NA
2021-02-20 15:00:00,NA,1502,22.1,50,NA
2021-02-20 16:00:00,NA,1493,22.8,50,NA
2021-02-20 17:00:00,NA,1483,24.1,47,NA
2021-02-20 18:00:00,NA,1478,25.2,47,NA
2021-02-20 19:00:00,NA,1471,26.1,47,NA
2021-02-20 20:00:00,NA,1467,26.6,46,NA
2021-02-20 21:00:00,NA,1464,26.8,45,NA
2021-02-20 22:00:00,NA,1464,26.3,50,NA
2021-02-20 23:00:00,NA,1466,23.9,54,NA
2021-02-21 00:00:00,917.4,NA,20.8,68,NA
2021-02-21 01:00:00,918.1,NA,19.8,70,NA
2021-02-21 02:00:00,918.5,NA,19.2,70,NA
2021-02-21 03:00:00,918.5,NA,18.4,72,NA
2021-02-21 06:00:00,918.4,NA,17.7,71,NA
2021-02-21 09:00:00,918.2,NA,15.6,81,NA
2021-02-21 10:00:00,918.8,NA,15.4,81,NA
2021-02-21 11:00:00,919.2,NA,15.8,80,NA
2021-02-21 12:00:00,919.4,NA,19.1,75,NA
2021-02-21 13:00:00,919.3,NA,20.2,70,NA
2021-02-21 14:00:00,918.9,NA,23.5,64,NA
2021-02-21 15:00:00,918.6,NA,24.9,60,NA
2021-02-21 16:00:00,918,NA,25.8,59,NA
2021-02-21 17:00:00,916.9,NA,27.2,56,NA
2021-02-21 18:00:00,915.8,NA,28.6,55,NA
2021-02-21 20:00:00,913.8,NA,30.1,51,NA
2021-02-21 21:00:00,914,NA,29.6,47,NA
2021-02-21 22:00:00,914,NA,29.4,48,NA
2021-02-21 23:00:00,914.2,NA,27.2,53,NA
2021-02-22 03:00:00,NA,1474,21.1,76,NA
2021-02-22 06:00:00,NA,1473,19.4,84,NA
2021-02-22 09:00:00,NA,1468,18.2,85,NA
2021-02-22 10:00:00,NA,1494,19.6,79,NA
2021-02-22 11:00:00,NA,1503,19.9,66,NA
2021-02-22 12:00:00,NA,1503,20.5,57,NA
2021-02-22 13:00:00,NA,1507,20.4,48,NA
2021-02-22 14:00:00,NA,1507,20.9,46,NA
2021-02-22 15:00:00,NA,1507,21.7,47,NA
2021-02-22 16:00:00,NA,1499,23,47,NA
2021-02-22 17:00:00,NA,1494,24.2,50,NA
2021-02-22 18:00:00,NA,1490,25,48,NA
2021-02-22 19:00:00,NA,1485,25.4,46,NA
2021-02-22 20:00:00,NA,1480,26.3,43,NA
2021-02-22 21:00:00,NA,1484,26.2,43,NA
2021-02-22 22:00:00,NA,1489,25.1,47,NA
2021-02-22 23:00:00,NA,1495,22.8,54,NA
2021-02-23 00:00:00,919.7,NA,20,64,NA
2021-02-23 01:00:00,920.8,NA,18.2,69,NA
2021-02-23 02:00:00,921.4,NA,17.6,72,NA
2021-02-23 03:00:00,921.6,NA,17.4,71,NA
2021-02-23 06:00:00,921,NA,17.5,69,NA
2021-02-23 09:00:00,922,NA,15.8,72,NA
2021-02-23 10:00:00,922.8,NA,15.2,73,NA
2021-02-23 11:00:00,923.4,NA,16.2,73,NA
2021-02-23 12:00:00,923.8,NA,17.8,73,NA
2021-02-23 13:00:00,924,NA,21,58,NA
2021-02-23 14:00:00,924,NA,23,47,NA
2021-02-23 15:00:00,923.4,NA,24.5,44,NA
2021-02-23 16:00:00,922.6,NA,25.7,42,NA
2021-02-23 17:00:00,921.6,NA,26.4,40,NA
2021-02-23 18:00:00,921.2,NA,27.8,38,NA
2021-02-23 19:00:00,920.9,NA,28.7,40,NA
2021-02-23 20:00:00,920.2,NA,29.1,38,NA
2021-02-23 21:00:00,920.2,NA,28.4,41,NA
2021-02-23 22:00:00,920.5,NA,27.4,46,NA
2021-02-23 23:00:00,921,NA,24.7,49,NA
2021-02-24 03:00:00,NA,1523,19.9,65,NA
2021-02-24 06:00:00,NA,1514,18.1,68,NA
2021-02-24 09:00:00,NA,1507,17.9,66,NA
2021-02-24 10:00:00,NA,1509,18,65,NA
2021-02-24 11:00:00,NA,1510,16.2,76,NA
2021-02-24 12:00:00,NA,1520,20.1,68,NA
2021-02-24 13:00:00,NA,1523,23.6,52,NA
2021-02-24 14:00:00,NA,1523,25.4,51,NA
2021-02-24 15:00:00,NA,1520,26.4,49,NA
2021-02-24 16:00:00,NA,1512,28,48,NA
2021-02-24 17:00:00,NA,1506,28.4,47,NA
2021-02-24 18:00:00,NA,1498,29.8,48,NA
2021-02-24 19:00:00,NA,1492,30.6,47,NA
2021-02-24 20:00:00,NA,1485,31,46,NA
2021-02-24 21:00:00,NA,1484,31.1,45,NA
2021-02-24 22:00:00,NA,1485,29.8,49,NA
2021-02-24 23:00:00,NA,1486,28,56,NA
2021-02-25 00:00:00,918.4,NA,25,66,NA
2021-02-25 01:00:00,919.4,NA,24,68,NA
2021-02-25 02:00:00,920.1,NA,23.6,70,NA
2021-02-25 03:00:00,920.4,NA,23.4,68,NA
2021-02-25 06:00:00,918.4,NA,20.8,81,NA
2021-02-25 09:00:00,918.4,NA,19.6,83,NA
2021-02-25 10:00:00,918.8,NA,19.2,80,NA
2021-02-25 11:00:00,920,NA,19.2,83,NA
2021-02-25 12:00:00,920.6,NA,22.4,75,NA
2021-02-25 13:00:00,920.4,NA,25,66,NA
2021-02-25 14:00:00,920,NA,25.6,64,NA
2021-02-25 15:00:00,919.3,NA,27.8,63,NA
2021-02-25 16:00:00,918.4,NA,28.8,57,NA
2021-02-25 17:00:00,917.8,NA,29.7,54,NA
2021-02-25 18:00:00,917,NA,30.4,50,NA
2021-02-25 19:00:00,915.7,NA,31.6,49,NA
2021-02-25 20:00:00,914.9,NA,31.8,46,NA
2021-02-25 21:00:00,914.4,NA,32.2,47,NA
2021-02-25 22:00:00,914.4,NA,29.8,52,NA
2021-02-25 23:00:00,914.6,NA,28.4,57,NA
2021-02-26 03:00:00,NA,1482,24.8,69,NA
2021-02-26 06:00:00,NA,1471,22.4,79,NA
2021-02-26 09:00:00,NA,1470,20.8,83,NA
2021-02-26 10:00:00,NA,1471,20.4,82,NA
2021-02-26 11:00:00,NA,1473,21,83,NA
2021-02-26 12:00:00,NA,1477,22.6,83,NA
2021-02-26 13:00:00,NA,1482,26.2,68,NA
2021-02-26 14:00:00,NA,1483,27.8,63,NA
2021-02-26 15:00:00,NA,1484,29.3,59,NA
2021-02-26 16:00:00,NA,1478,30.3,58,NA
2021-02-26 17:00:00,NA,1474,30.8,56,NA
2021-02-26 18:00:00,NA,1471,32,54,NA
2021-02-26 19:00:00,NA,1461,32.4,49,NA
2021-02-26 20:00:00,NA,1455,33.2,49,NA
2021-02-26 21:00:00,NA,1455,33.4,46,NA
2021-02-26 22:00:00,NA,1454,32.7,49,NA
2021-02-26 23:00:00,NA,1456,30,54,NA
2021-02-27 00:00:00,915.2,NA,27.8,60,NA
2021-02-27 01:00:00,916.8,NA,28.5,58,NA
2021-02-27 02:00:00,917,NA,27.4,66,NA
2021-02-27 03:00:00,918,NA,23.6,84,NA
2021-02-27 06:00:00,921.7,NA,21.5,81,NA
2021-02-27 09:00:00,920.6,NA,19.3,91,NA
2021-02-27 10:00:00,920.2,NA,19.2,89,NA
2021-02-27 11:00:00,920.8,NA,19.2,90,NA
2021-02-27 12:00:00,921,NA,22.4,76,NA
2021-02-27 13:00:00,921.4,NA,23.3,76,NA
2021-02-27 14:00:00,921.2,NA,26.5,61,NA
2021-02-27 15:00:00,920.6,NA,27.1,56,NA
2021-02-27 16:00:00,919.6,NA,28.2,53,NA
2021-02-27 17:00:00,918.6,NA,28.5,53,NA
2021-02-27 18:00:00,918.2,NA,29.4,55,NA
2021-02-27 19:00:00,917.4,NA,29.4,54,NA
2021-02-27 20:00:00,916.9,NA,29.5,58,NA
2021-02-27 21:00:00,917,NA,29,58,NA
2021-02-27 22:00:00,916.9,NA,27.3,68,NA
2021-02-27 23:00:00,916.9,NA,26,69,NA
2021-02-28 03:00:00,NA,1509,25.5,69,NA
2021-02-28 06:00:00,NA,1527,20.6,86,NA
2021-02-28 09:00:00,NA,1493,18.6,89,NA
2021-02-28 10:00:00,NA,1488,18.1,90,NA
2021-02-28 11:00:00,NA,1504,18.4,92,NA
2021-02-28 12:00:00,NA,1500,20.5,80,NA
2021-02-28 13:00:00,NA,1497,22.8,71,NA
2021-02-28 14:00:00,NA,1498,24.8,66,NA
2021-02-28 15:00:00,NA,1501,26,62,NA
2021-02-28 16:00:00,NA,1488,26.6,59,NA
2021-02-28 17:00:00,NA,1485,27.8,59,NA
2021-02-28 18:00:00,NA,1480,28.5,56,NA
2021-02-28 19:00:00,NA,1474,30.1,50,NA
2021-02-28 20:00:00,NA,1470,30.6,56,NA
2021-02-28 21:00:00,NA,1467,29.2,59,NA
2021-02-28 22:00:00,NA,1464,29.2,57,NA
2021-02-28 23:00:00,NA,1465,26.8,66,NA
2021-03-01 00:00:00,NA,1472,26.4,66,NA
2021-03-01 01:00:00,NA,1482,25.3,69,NA
2021-03-01 02:00:00,NA,1485,25.6,66,NA
2021-03-02 03:00:00,NA,1496,22,82,NA
2021-03-02 06:00:00,NA,1495,19.9,89,NA
2021-03-02 09:00:00,NA,1494,18.6,89,NA
2021-03-02 10:00:00,NA,1494,18.3,90,NA
2021-03-02 11:00:00,NA,1495,18.3,89,NA
2021-03-02 12:00:00,NA,1500,20.8,84,NA
2021-03-02 13:00:00,NA,1509,25,65,NA
2021-03-02 14:00:00,NA,1513,25.2,66,NA
2021-03-02 15:00:00,NA,1513,24.6,74,NA
2021-03-02 16:00:00,NA,1508,24,72,NA
2021-03-02 17:00:00,NA,1505,24.4,68,NA
2021-03-02 18:00:00,919.2,1500,26.3,62,NA
2021-03-02 19:00:00,919,1499,26.8,51,NA
2021-03-02 20:00:00,918.5,1494,27.5,49,NA
2021-03-02 21:00:00,918.2,1490,26,61,NA
2021-03-02 22:00:00,918.5,1491,25.3,60,NA
2021-03-02 23:00:00,918.8,1492,24,71,NA
2021-03-03 00:00:00,NA,1501,23,79,NA
2021-03-03 01:00:00,NA,1511,21.6,83,NA
2021-03-03 02:00:00,NA,1517,20.4,89,NA
2021-03-04 00:00:00,919.6,NA,NA,NA,NA
2021-03-04 01:00:00,920.2,NA,NA,NA,NA
2021-03-04 02:00:00,920.6,NA,NA,NA,NA
2021-03-04 03:00:00,921,1520,21.5,68,NA
2021-03-04 06:00:00,920.6,1516,19.2,74,NA
2021-03-04 09:00:00,920.4,1513,17.7,80,NA
2021-03-04 10:00:00,NA,1511,17.6,79,NA
2021-03-04 11:00:00,920.9,1512,17.4,79,NA
2021-03-04 12:00:00,921.2,1517,21.2,71,NA
2021-03-04 13:00:00,921.3,1521,24.6,64,NA
2021-03-04 14:00:00,920.8,1519,26.8,56,NA
2021-03-04 15:00:00,920.9,1522,28.8,50,NA
2021-03-04 16:00:00,920.6,1520,30.2,47,NA
2021-03-04 17:00:00,920.1,1516,31.2,43,NA
2021-03-04 18:00:00,920,1514,31.8,41,NA
2021-03-04 19:00:00,919.7,1511,32.4,41,NA
2021-03-04 20:00:00,919,1505,33,44,NA
2021-03-04 21:00:00,918.5,1500,32.6,44,NA
2021-03-04 22:00:00,918.5,1495,28.8,52,NA
2021-03-04 23:00:00,919,1499,27.4,59,NA
2021-03-05 00:00:00,NA,1507,25.7,67,NA
2021-03-05 01:00:00,NA,1518,26.3,59,NA
2021-03-05 02:00:00,NA,1516,24.2,63,NA
2021-03-06 00:00:00,915.7,NA,NA,NA,NA
2021-03-06 01:00:00,916,NA,NA,NA,NA
2021-03-06 02:00:00,916.4,NA,NA,NA,NA
2021-03-06 03:00:00,917,1484,22.6,74,NA
2021-03-06 06:00:00,916.2,1477,21.3,77,NA
2021-03-06 09:00:00,915.7,1475,21,70,NA
2021-03-06 10:00:00,916.4,1480,20.5,72,NA
2021-03-06 11:00:00,916.8,1478,19.4,82,NA
2021-03-06 12:00:00,916.9,1482,22.7,76,NA
2021-03-06 13:00:00,916.9,1484,24.9,65,NA
2021-03-06 14:00:00,916.9,1485,27.2,61,NA
2021-03-06 15:00:00,916.9,1486,28.4,56,NA
2021-03-06 16:00:00,916.8,1484,29.8,53,NA
2021-03-06 17:00:00,916.2,1479,30.2,53,NA
2021-03-06 18:00:00,915.7,1476,31.8,49,NA
2021-03-06 19:00:00,914.9,1468,32.2,47,NA
2021-03-06 20:00:00,914.9,1466,30.6,53,NA
2021-03-06 21:00:00,914.5,1461,28.8,58,NA
2021-03-06 22:00:00,914.5,1461,28.6,61,NA
2021-03-06 23:00:00,914.9,1461,27.4,58,NA
2021-03-07 00:00:00,NA,1470,26.2,65,NA
2021-03-07 01:00:00,NA,1474,24.9,69,NA
2021-03-07 02:00:00,NA,1481,24.4,63,NA
2021-03-08 00:00:00,916,NA,NA,NA,NA
2021-03-08 01:00:00,917,NA,NA,NA,NA
2021-03-08 02:00:00,918.1,NA,NA,NA,NA
2021-03-08 03:00:00,919.2,1514,27.9,47,NA
2021-03-08 06:00:00,922.8,1548,25.2,50,NA
2021-03-08 09:00:00,924.9,1567,23.4,50,NA
2021-03-08 10:00:00,925.4,1570,22.8,51,NA
2021-03-08 11:00:00,926.1,1572,22.2,52,NA
2021-03-08 12:00:00,926.5,1573,21.6,55,NA
2021-03-08 13:00:00,926.2,1569,21.4,58,NA
2021-03-08 14:00:00,926.6,1574,21.6,57,NA
2021-03-08 15:00:00,926.8,1576,22.2,50,NA
2021-03-08 16:00:00,925.8,1567,23,51,NA
2021-03-08 17:00:00,925.3,1561,23,57,NA
2021-03-08 18:00:00,924.8,1556,23.1,55,NA
2021-03-08 19:00:00,923.8,1547,24.2,51,NA
2021-03-08 20:00:00,922.8,1536,24.3,49,NA
2021-03-08 21:00:00,922.5,1533,24.2,55,NA
2021-03-08 22:00:00,922.1,1527,22,64,NA
2021-03-08 23:00:00,921.8,1522,20.6,63,NA
2021-03-09 00:00:00,NA,1524,18.9,69,NA
2021-03-09 01:00:00,NA,1528,18.2,71,NA
2021-03-09 02:00:00,NA,1529,17.7,71,NA
2021-03-10 00:00:00,916,NA,NA,NA,NA
2021-03-10 01:00:00,916.8,NA,NA,NA,NA
2021-03-10 02:00:00,916.8,NA,NA,NA,NA
2021-03-10 03:00:00,916.8,1480,22.1,66,NA
2021-03-10 06:00:00,915.2,1466,20.1,75,NA
2021-03-10 09:00:00,914.2,1458,18.6,80,NA
2021-03-10 10:00:00,914.4,1457,18,81,NA
2021-03-10 11:00:00,914.9,1460,17.9,80,NA
2021-03-10 12:00:00,914.9,1461,21.1,76,NA
2021-03-10 13:00:00,914.9,1461,23,67,NA
2021-03-10 14:00:00,914.8,1463,26.6,55,NA
2021-03-10 15:00:00,914.4,1460,27.4,56,NA
2021-03-10 16:00:00,913.4,1451,28.6,53,NA
2021-03-10 17:00:00,912.5,1442,29.8,51,NA
2021-03-10 18:00:00,911.6,1435,31.2,49,NA
2021-03-10 19:00:00,911,1429,31.6,46,NA
2021-03-10 20:00:00,910.4,1424,32.6,48,NA
2021-03-10 21:00:00,910.6,1425,32,49,NA
2021-03-10 22:00:00,911.3,1429,29.8,56,NA
2021-03-10 23:00:00,911.7,1431,27.4,63,NA
2021-03-11 00:00:00,NA,1438,26,63,NA
2021-03-11 01:00:00,NA,1447,24.8,67,NA
2021-03-11 02:00:00,NA,1458,24.8,65,NA
2021-03-12 00:00:00,920,NA,NA,NA,NA
2021-03-12 01:00:00,920.5,NA,NA,NA,NA
2021-03-12 02:00:00,920.9,NA,NA,NA,NA
2021-03-12 03:00:00,921,1517,20.8,62,NA
2021-03-12 06:00:00,920.8,1516,18.4,75,NA
2021-03-12 09:00:00,920,1506,16.8,79,NA
2021-03-12 10:00:00,919.8,1502,16.2,80,NA
2021-03-12 11:00:00,920.6,1508,16.2,82,NA
2021-03-12 12:00:00,921.4,1516,19,77,NA
2021-03-12 13:00:00,921.7,1518,19.4,79,NA
2021-03-12 14:00:00,921.8,1522,22.8,61,NA
2021-03-12 15:00:00,921.7,1523,24.4,57,NA
2021-03-12 16:00:00,920.9,1513,24,59,NA
2021-03-12 17:00:00,920.6,1510,24.4,60,NA
2021-03-12 18:00:00,920.5,1508,23.2,62,NA
2021-03-12 19:00:00,920.4,1505,22.6,69,NA
2021-03-12 20:00:00,919.8,1500,22.8,69,NA
2021-03-12 21:00:00,919.4,1495,21.6,83,NA
2021-03-12 22:00:00,919.3,1493,21.6,80,NA
2021-03-12 23:00:00,919.8,1496,20.3,85,NA
2021-03-13 00:00:00,NA,1501,19.5,85,NA
2021-03-13 01:00:00,NA,1509,19.3,84,NA
2021-03-13 02:00:00,NA,1513,19.2,86,NA
2021-03-14 03:00:00,NA,1523,20.3,76,NA
2021-03-14 06:00:00,NA,1526,19.2,72,NA
2021-03-14 09:00:00,NA,1524,16.1,91,NA
2021-03-14 10:00:00,NA,1520,15.6,90,NA
2021-03-14 11:00:00,NA,1522,16.1,91,NA
2021-03-14 12:00:00,NA,1524,17,90,NA
2021-03-14 13:00:00,NA,1527,19,82,NA
2021-03-14 14:00:00,NA,1532,21,75,NA
2021-03-14 15:00:00,NA,1529,22,73,NA
2021-03-14 16:00:00,NA,1523,24.8,68,NA
2021-03-14 17:00:00,NA,1520,25.6,63,NA
2021-03-14 18:00:00,NA,1514,25.7,59,NA
2021-03-14 19:00:00,NA,1506,27.5,57,NA
2021-03-14 20:00:00,NA,1498,25.1,57,NA
2021-03-14 21:00:00,NA,1496,24.4,68,NA
2021-03-14 22:00:00,NA,1496,24.4,67,NA
2021-03-14 23:00:00,NA,1498,21.9,75,NA
2021-03-15 00:00:00,NA,1500,21.7,74,NA
2021-03-15 01:00:00,NA,1507,21.6,77,NA
2021-03-15 02:00:00,NA,1505,20.4,77,NA
2021-03-15 12:00:00,918.2,NA,19.4,86,NA
2021-03-15 13:00:00,917.8,NA,21,76,NA
2021-03-15 14:00:00,918,NA,22.5,69,NA
2021-03-15 15:00:00,917.4,NA,23.1,69,NA
2021-03-15 16:00:00,916.9,NA,24.2,66,NA
2021-03-15 17:00:00,916.1,NA,24.2,64,NA
2021-03-15 18:00:00,915.7,NA,23.3,71,NA
2021-03-16 03:00:00,NA,1481,17.5,82,NA
2021-03-16 06:00:00,NA,1467,16.4,86,NA
2021-03-16 09:00:00,NA,1457,16.4,75,NA
2021-03-16 10:00:00,NA,1459,17.8,63,NA
2021-03-16 11:00:00,NA,1467,18.7,60,NA
2021-03-16 12:00:00,NA,1477,17.4,72,NA
2021-03-16 13:00:00,NA,1476,19.6,64,NA
2021-03-16 14:00:00,NA,1483,21.2,58,NA
2021-03-16 15:00:00,NA,1488,21.4,65,NA
2021-03-16 16:00:00,NA,1487,22.6,64,NA
2021-03-16 17:00:00,NA,1483,24,58,NA
2021-03-16 18:00:00,NA,1482,24.4,57,NA
2021-03-16 19:00:00,NA,1477,25.2,50,NA
2021-03-16 20:00:00,NA,1474,24.8,53,NA
2021-03-16 21:00:00,NA,1476,23.8,58,NA
2021-03-16 22:00:00,NA,1480,23,60,NA
2021-03-16 23:00:00,NA,1485,21.8,64,NA
2021-03-17 00:00:00,919,NA,21.2,68,NA
2021-03-17 01:00:00,920,NA,20.7,66,NA
2021-03-17 02:00:00,922.4,NA,17.5,88,NA
2021-03-17 03:00:00,923,NA,16.8,92,NA
2021-03-17 06:00:00,923.7,NA,15.2,86,NA
2021-03-17 09:00:00,923,NA,15,77,NA
2021-03-17 10:00:00,923.2,NA,15,81,NA
2021-03-17 11:00:00,924,NA,15.1,79,NA
2021-03-17 12:00:00,924.5,NA,15.2,74,NA
2021-03-18 03:00:00,NA,1554,10.2,95,NA
2021-03-18 06:00:00,NA,1535,10.2,95,NA
2021-03-18 09:00:00,NA,1512,10.2,95,NA
2021-03-18 10:00:00,NA,1513,10,95,NA
2021-03-18 11:00:00,NA,1509,10.2,94,NA
2021-03-18 12:00:00,NA,1509,10.2,96,NA
2021-03-18 13:00:00,NA,1508,10.4,95,NA
2021-03-18 14:00:00,NA,1507,10.5,93,NA
2021-03-18 15:00:00,NA,1505,10.7,94,NA
2021-03-18 16:00:00,NA,1498,11.2,91,NA
2021-03-18 17:00:00,NA,1491,11.7,88,NA
2021-03-18 18:00:00,NA,1491,11.9,89,NA
2021-03-18 19:00:00,NA,1480,11.8,91,NA
2021-03-18 20:00:00,NA,1479,12.5,87,NA
2021-03-18 21:00:00,NA,1480,12.5,88,NA
2021-03-18 22:00:00,NA,1485,12.4,92,NA
2021-03-18 23:00:00,NA,1486,12.1,93,NA
2021-03-19 00:00:00,921.3,NA,11.7,94,NA
2021-03-19 01:00:00,921.8,NA,11.6,93,NA
2021-03-19 02:00:00,921.8,NA,11.7,93,NA
2021-03-19 03:00:00,921.4,NA,11.5,94,NA
2021-03-19 06:00:00,920.1,NA,11.5,95,NA
2021-03-19 09:00:00,918.5,NA,11.2,93,NA
2021-03-19 10:00:00,918.5,NA,11.2,95,NA
2021-03-19 11:00:00,918.9,NA,11.2,95,NA
2021-03-19 12:00:00,918.8,NA,11.8,91,NA
2021-03-19 13:00:00,918.6,NA,13.5,83,NA
2021-03-19 14:00:00,918.5,NA,14.6,77,NA
2021-03-19 15:00:00,918,NA,16.2,72,NA
2021-03-19 16:00:00,917.2,NA,17.5,63,NA
2021-03-19 17:00:00,916,NA,18.8,60,NA
2021-03-19 18:00:00,915.4,NA,19.5,63,NA
2021-03-19 19:00:00,914.8,NA,19.9,64,NA
2021-03-19 20:00:00,914.8,NA,18,69,NA
2021-03-19 21:00:00,915,NA,17.4,72,NA
2021-03-19 22:00:00,914.9,NA,17,75,NA
2021-03-19 23:00:00,915.3,NA,15.8,83,NA
2021-03-20 03:00:00,NA,1460,13,93,NA
2021-03-20 06:00:00,NA,1469,11.5,96,NA
2021-03-20 09:00:00,NA,1475,10.4,97,NA
2021-03-20 10:00:00,NA,1486,10,96,NA
2021-03-20 11:00:00,NA,1500,10.8,95,NA
2021-03-20 12:00:00,NA,1517,13,96,NA
2021-03-20 13:00:00,NA,1525,13.6,94,NA
2021-03-20 14:00:00,NA,1530,14.9,87,NA
2021-03-20 15:00:00,NA,1540,16,80,NA
2021-03-20 16:00:00,NA,1526,18.4,73,NA
2021-03-20 17:00:00,NA,1523,19,67,NA
2021-03-20 18:00:00,NA,1519,19.2,67,NA
2021-03-20 19:00:00,NA,1512,18.6,68,NA
2021-03-20 20:00:00,NA,1518,20.2,63,NA
2021-03-20 21:00:00,NA,1517,19.6,68,NA
2021-03-20 22:00:00,NA,1515,18.5,69,NA
2021-03-20 23:00:00,NA,1519,16,80,NA
2021-03-21 00:00:00,925,NA,14.4,85,NA
2021-03-21 01:00:00,926.2,NA,14,81,NA
2021-03-21 02:00:00,926.8,NA,13.5,81,NA
2021-03-21 03:00:00,927,NA,13.6,78,NA
2021-03-21 06:00:00,926.5,NA,11.4,89,NA
2021-03-21 09:00:00,926.9,NA,12.2,86,NA
2021-03-21 10:00:00,926.8,NA,11.4,88,NA
2021-03-21 11:00:00,927.7,NA,11,90,NA
2021-03-21 12:00:00,927.7,NA,14.2,80,NA
2021-03-21 13:00:00,927.8,NA,15.9,76,NA
2021-03-21 14:00:00,927.7,NA,18.7,54,NA
2021-03-21 15:00:00,927.3,NA,19.3,52,NA
2021-03-21 16:00:00,926.5,NA,21.1,50,NA
2021-03-21 17:00:00,925.3,NA,21.8,49,NA
2021-03-21 18:00:00,924.6,NA,20.7,52,NA
2021-03-21 19:00:00,923.7,NA,20.9,53,NA
2021-03-21 20:00:00,923.6,NA,20.9,52,NA
2021-03-21 21:00:00,923.4,NA,19.6,63,NA
2021-03-21 22:00:00,923.6,NA,19,66,NA
2021-03-21 23:00:00,923.6,NA,18.1,70,NA
2021-03-22 03:00:00,NA,1533,15.8,77,NA
2021-03-22 06:00:00,NA,1523,14.5,80,NA
2021-03-22 09:00:00,NA,1522,15,70,NA
2021-03-22 10:00:00,NA,1531,15,68,NA
2021-03-22 11:00:00,NA,1533,14.7,72,NA
2021-03-22 12:00:00,NA,1544,15.5,68,NA
2021-03-22 13:00:00,NA,1548,17.2,65,NA
2021-03-22 14:00:00,NA,1549,19.4,54,NA
2021-03-22 15:00:00,NA,1549,20.8,55,NA
2021-03-22 16:00:00,NA,1544,21.5,55,NA
2021-03-22 17:00:00,NA,1536,22.4,52,NA
2021-03-22 18:00:00,NA,1530,22.8,51,NA
2021-03-22 19:00:00,NA,1523,23.8,51,NA
2021-03-22 20:00:00,NA,1520,24,50,NA
2021-03-22 21:00:00,NA,1520,24.3,53,NA
2021-03-22 22:00:00,NA,1524,22.2,57,NA
2021-03-22 23:00:00,NA,1522,18.9,71,NA
2021-03-23 00:00:00,923.8,NA,17,74,NA
2021-03-23 01:00:00,924.1,NA,15.8,78,NA
2021-03-23 02:00:00,924.1,NA,15.4,78,NA
2021-03-23 03:00:00,923.7,NA,15,77,NA
2021-03-23 06:00:00,921.7,NA,13.7,75,NA
2021-03-23 09:00:00,920.2,NA,11.3,84,NA
2021-03-23 10:00:00,920.2,NA,11.9,75,NA
2021-03-23 11:00:00,920.2,NA,11.4,79,NA
2021-03-23 12:00:00,920.1,NA,13.8,74,NA
2021-03-23 13:00:00,920.1,NA,19.2,63,NA
2021-03-23 14:00:00,919.8,NA,21.4,56,NA
2021-03-23 15:00:00,919.6,NA,23.2,52,NA
2021-03-23 16:00:00,918.9,NA,24.2,48,NA
2021-03-23 17:00:00,918.1,NA,25,49,NA
2021-03-23 18:00:00,917.2,NA,26.4,45,NA
2021-03-23 19:00:00,916.5,NA,27.2,43,NA
2021-03-23 20:00:00,915.8,NA,27,41,NA
2021-03-23 21:00:00,915.8,NA,26.6,42,NA
2021-03-23 22:00:00,916.1,NA,25.2,47,NA
2021-03-23 23:00:00,916.6,NA,21.3,58,NA
2021-03-24 03:00:00,NA,1483,17.3,69,NA
2021-03-24 06:00:00,NA,1477,15.4,78,NA
2021-03-24 09:00:00,NA,1478,14.5,82,NA
2021-03-24 10:00:00,NA,1480,14.3,80,NA
2021-03-24 11:00:00,NA,1482,14.2,81,NA
2021-03-24 12:00:00,NA,1489,17.4,79,NA
2021-03-24 13:00:00,NA,1495,22,60,NA
2021-03-24 14:00:00,NA,1501,23.7,57,NA
2021-03-24 15:00:00,NA,1498,23.6,59,NA
2021-03-24 16:00:00,NA,1492,24.6,54,NA
2021-03-24 17:00:00,NA,1485,25.6,49,NA
2021-03-24 18:00:00,NA,1479,24.6,53,NA
2021-03-24 19:00:00,NA,1472,23.8,56,NA
2021-03-24 20:00:00,NA,1468,23.8,59,NA
2021-03-24 21:00:00,NA,1466,23.4,63,NA
2021-03-24 22:00:00,NA,1470,22.2,63,NA
2021-03-24 23:00:00,NA,1471,21.6,69,NA
2021-03-25 00:00:00,918.1,NA,20.5,71,NA
2021-03-25 01:00:00,919,NA,20.2,74,NA
2021-03-25 02:00:00,919.7,NA,20.3,67,NA
2021-03-25 03:00:00,920,NA,18.6,69,NA
2021-03-25 06:00:00,919,NA,18.7,66,NA
2021-03-25 09:00:00,918.5,NA,18,69,NA
2021-03-25 10:00:00,918.9,NA,17.6,64,NA
2021-03-25 11:00:00,919.7,NA,16.4,67,NA
2021-03-25 12:00:00,920,NA,17.2,60,NA
2021-03-25 13:00:00,920.4,NA,18.3,59,NA
2021-03-25 14:00:00,920.4,NA,19.3,58,NA
2021-03-25 15:00:00,919.8,NA,21.3,52,NA
2021-03-25 16:00:00,919,NA,21.1,56,NA
2021-03-25 17:00:00,919,NA,20.5,60,NA
2021-03-25 18:00:00,919,NA,18.9,67,NA
2021-03-25 19:00:00,919,NA,17.7,70,NA
2021-03-25 20:00:00,919.2,NA,16.2,74,NA
2021-03-25 21:00:00,919.7,NA,15.6,77,NA
2021-03-25 22:00:00,920.2,NA,15,79,NA
2021-03-25 23:00:00,921.2,NA,14.8,78,NA
2021-03-26 03:00:00,NA,1540,13,85,NA
2021-03-26 06:00:00,NA,1536,11.6,93,NA
2021-03-26 09:00:00,NA,1532,11.2,91,NA
2021-03-26 10:00:00,NA,1533,11.2,86,NA
2021-03-26 11:00:00,NA,1537,11.2,86,NA
2021-03-26 12:00:00,NA,1541,11.8,83,NA
2021-03-26 13:00:00,NA,1547,14.2,72,NA
2021-03-26 14:00:00,NA,1547,14,69,NA
2021-03-26 15:00:00,NA,1548,14.9,69,NA
2021-03-26 16:00:00,NA,1541,15.7,66,NA
2021-03-26 17:00:00,NA,1537,15.2,72,NA
2021-03-26 18:00:00,NA,1531,14.7,75,NA
2021-03-26 19:00:00,NA,1531,15.8,74,NA
2021-03-26 20:00:00,NA,1532,15.1,73,NA
2021-03-26 21:00:00,NA,1533,15.6,70,NA
2021-03-26 22:00:00,NA,1532,14.6,83,NA
2021-03-26 23:00:00,NA,1532,12.7,87,NA
2021-03-27 00:00:00,926.1,NA,11.4,89,NA
2021-03-27 01:00:00,926.6,NA,10.7,87,NA
2021-03-27 02:00:00,926.8,NA,10.1,89,NA
2021-03-27 03:00:00,926.8,NA,10,84,NA
2021-03-27 06:00:00,926.1,NA,9.2,86,NA
2021-03-27 09:00:00,925.4,NA,8.4,88,NA
2021-03-27 10:00:00,925.4,NA,7.9,90,NA
2021-03-27 11:00:00,926.1,NA,7.7,87,NA
2021-03-27 12:00:00,926.4,NA,11,79,NA
2021-03-27 13:00:00,926.6,NA,16.4,58,NA
2021-03-27 14:00:00,927,NA,18,54,NA
2021-03-27 15:00:00,926.5,NA,19.4,50,NA
2021-03-27 16:00:00,925.7,NA,20,47,NA
2021-03-27 17:00:00,924.9,NA,21.8,46,NA
2021-03-27 18:00:00,924.2,NA,22.5,43,NA
2021-03-27 19:00:00,923.4,NA,23,44,NA
2021-03-27 20:00:00,922.8,NA,22.8,45,NA
2021-03-27 21:00:00,922.4,NA,22.4,46,NA
2021-03-27 22:00:00,922.8,NA,20.7,51,NA
2021-03-27 23:00:00,923,NA,17.2,61,NA
2021-03-28 03:00:00,NA,1532,12.2,76,NA
2021-03-28 06:00:00,NA,1514,10,68,NA
2021-03-28 09:00:00,NA,1509,9,75,NA
2021-03-28 10:00:00,NA,1513,8.8,77,NA
2021-03-28 11:00:00,NA,1510,9,76,NA
2021-03-28 12:00:00,NA,1515,11.2,73,NA
2021-03-28 13:00:00,NA,1521,16.6,52,NA
2021-03-28 14:00:00,NA,1521,18.3,45,NA
2021-03-28 15:00:00,NA,1519,19.7,42,NA
2021-03-28 16:00:00,NA,1513,21.1,41,NA
2021-03-28 17:00:00,NA,1508,21.9,40,NA
2021-03-28 18:00:00,NA,1503,22.6,40,NA
2021-03-28 19:00:00,NA,1496,24.2,40,NA
2021-03-28 20:00:00,NA,1493,24.3,39,NA
2021-03-28 21:00:00,NA,1492,23.7,39,NA
2021-03-28 22:00:00,NA,1491,21.8,49,NA
2021-03-28 23:00:00,NA,1487,17.9,57,NA
2021-03-29 00:00:00,921.2,NA,16.2,65,NA
2021-03-29 01:00:00,922,NA,15.8,63,NA
2021-03-29 02:00:00,922.2,NA,15.4,62,NA
2021-03-29 03:00:00,922.4,NA,14.7,64,NA
2021-03-29 06:00:00,922.2,NA,11.6,74,NA
2021-03-29 09:00:00,921.3,NA,10.7,74,NA
2021-03-29 10:00:00,922,NA,10.2,76,NA
2021-03-29 11:00:00,922.1,NA,10.2,73,NA
2021-03-29 12:00:00,922.8,NA,14,66,NA
2021-03-29 13:00:00,923,NA,19.3,48,NA
2021-03-29 14:00:00,923.2,NA,21.4,42,NA
2021-03-29 15:00:00,923.2,NA,22.8,39,NA
2021-03-29 16:00:00,922.6,NA,24,39,NA
2021-03-29 17:00:00,922.1,NA,25.1,33,NA
2021-03-29 18:00:00,921.6,NA,25.8,33,NA
2021-03-29 19:00:00,921,NA,26.2,33,NA
2021-03-29 20:00:00,920.6,NA,26.3,32,NA
2021-03-29 21:00:00,920.2,NA,25.6,34,NA
2021-03-29 22:00:00,920.5,NA,23.4,43,NA
2021-03-29 23:00:00,920.9,NA,19.3,50,NA
2021-03-30 03:00:00,NA,1520,16.2,54,NA
2021-03-30 06:00:00,NA,1516,13.8,61,NA
2021-03-30 09:00:00,NA,1504,12.9,65,NA
2021-03-30 10:00:00,NA,1503,12.4,69,NA
2021-03-30 11:00:00,NA,1504,12.2,69,NA
2021-03-30 12:00:00,NA,1505,13.6,71,NA
2021-03-30 13:00:00,NA,1513,19.4,50,NA
2021-03-30 14:00:00,NA,1511,21.2,49,NA
2021-03-30 15:00:00,NA,1511,22.8,45,NA
2021-03-30 16:00:00,NA,1506,23.1,45,NA
2021-03-30 17:00:00,NA,1502,24.9,43,NA
2021-03-30 18:00:00,NA,1495,25,45,NA
2021-03-30 19:00:00,NA,1486,26,42,NA
2021-03-30 20:00:00,NA,1485,26.2,40,NA
2021-03-30 21:00:00,NA,1485,26.3,42,NA
2021-03-30 22:00:00,NA,1484,24.5,45,NA
2021-03-30 23:00:00,NA,1481,20.3,58,NA
2021-03-31 00:00:00,919,NA,19,60,NA
2021-03-31 01:00:00,919.2,NA,18.2,64,NA
2021-03-31 02:00:00,919.8,NA,18.4,59,NA
2021-03-31 03:00:00,919.7,NA,16.2,69,NA
2021-03-31 06:00:00,918.9,NA,15.4,68,NA
2021-03-31 09:00:00,918.5,NA,13.8,73,NA
2021-03-31 10:00:00,918.5,NA,13,78,NA
2021-03-31 11:00:00,919.2,NA,12.3,79,NA
2021-03-31 17:00:00,918.5,NA,24.4,52,NA
2021-03-31 18:00:00,918.1,NA,25.4,51,NA
2021-03-31 20:00:00,916.8,NA,26.6,45,NA
2021-03-31 21:00:00,916.8,NA,26.2,48,NA
2021-03-31 22:00:00,917.3,NA,23.2,56,NA
2021-03-31 23:00:00,918.1,NA,21.2,62,NA
2021-04-01 03:00:00,NA,1496,19,72,NA
2021-04-01 06:00:00,NA,1491,16.2,78,NA
2021-04-01 09:00:00,NA,1488,16,82,NA
2021-04-01 10:00:00,NA,1482,14.9,87,NA
2021-04-01 11:00:00,NA,1485,15.4,85,NA
2021-04-01 12:00:00,NA,1489,16.9,78,NA
2021-04-01 13:00:00,NA,1495,17.8,78,NA
2021-04-01 14:00:00,NA,1495,20.2,68,NA
2021-04-01 15:00:00,NA,1494,21.9,63,NA
2021-04-01 16:00:00,NA,1489,22.5,63,NA
2021-04-01 17:00:00,NA,1483,23.6,59,NA
2021-04-01 18:00:00,NA,1477,24.8,56,NA
2021-04-01 19:00:00,NA,1473,25.4,54,NA
2021-04-01 20:00:00,NA,1469,24.4,57,NA
2021-04-01 21:00:00,NA,1472,25.5,54,NA
2021-04-01 22:00:00,NA,1472,22.9,64,NA
2021-04-01 23:00:00,NA,1473,20.4,72,NA
2021-04-02 00:00:00,918.5,NA,19,73,NA
2021-04-02 01:00:00,919,NA,18.8,71,NA
2021-04-02 02:00:00,919.4,NA,18.6,74,NA
2021-04-02 03:00:00,919.6,NA,18.6,76,NA
2021-04-02 06:00:00,919.6,NA,15.2,85,NA
2021-04-02 09:00:00,919.4,NA,14.4,87,NA
2021-04-02 10:00:00,919.7,NA,14.9,86,NA
2021-04-02 11:00:00,919.8,NA,15.4,87,NA
2021-04-02 12:00:00,919.8,NA,16.2,88,NA
2021-04-02 13:00:00,920,NA,17.2,82,NA
2021-04-02 14:00:00,920,NA,18,77,NA
2021-04-02 15:00:00,919.7,NA,18.8,74,NA
2021-04-02 16:00:00,919.4,NA,20.4,70,NA
2021-04-02 17:00:00,918.6,NA,23,63,NA
2021-04-02 18:00:00,917.7,NA,24.6,58,NA
2021-04-02 19:00:00,917.3,NA,25.4,55,NA
2021-04-02 20:00:00,916.9,NA,24.8,59,NA
2021-04-02 21:00:00,916.6,NA,25,58,NA
2021-04-02 22:00:00,917.4,NA,22.6,65,NA
2021-04-02 23:00:00,917.4,NA,20.1,73,NA
2021-04-03 03:00:00,NA,1493,19.7,75,NA
2021-04-03 06:00:00,NA,1489,17,81,NA
2021-04-03 09:00:00,NA,1487,16.5,84,NA
2021-04-03 10:00:00,NA,1491,16.9,82,NA
2021-04-03 11:00:00,NA,1492,16.5,84,NA
2021-04-03 12:00:00,NA,1498,16.3,80,NA
2021-04-03 13:00:00,NA,1508,19.8,70,NA
2021-04-03 14:00:00,NA,1511,20.8,67,NA
2021-04-03 15:00:00,NA,1512,23.6,58,NA
2021-04-03 16:00:00,NA,1506,25.3,57,NA
2021-04-03 17:00:00,NA,1498,25.9,54,NA
2021-04-03 18:00:00,NA,1492,25.8,56,NA
2021-04-03 19:00:00,NA,1487,27.1,53,NA
2021-04-03 20:00:00,NA,1484,26.8,52,NA
2021-04-03 21:00:00,NA,1485,24.9,60,NA
2021-04-03 22:00:00,NA,1484,23.5,66,NA
2021-04-03 23:00:00,NA,1483,21.2,71,NA
2021-04-04 00:00:00,918.8,NA,19.6,76,NA
2021-04-04 01:00:00,919.2,NA,20,70,NA
2021-04-04 02:00:00,919.3,NA,20,73,NA
2021-04-04 03:00:00,919.7,NA,18.4,76,NA
2021-04-04 06:00:00,919.2,NA,16.2,82,NA
2021-04-04 09:00:00,918,NA,15.1,84,NA
2021-04-04 10:00:00,918.1,NA,14.9,86,NA
2021-04-04 11:00:00,918.6,NA,15.6,85,NA
2021-04-04 12:00:00,918.9,NA,16.5,85,NA
2021-04-04 13:00:00,918.5,NA,18.9,76,NA
2021-04-04 14:00:00,918,NA,20.9,67,NA
2021-04-04 15:00:00,917.7,NA,22.4,63,NA
2021-04-04 16:00:00,917.4,NA,23.7,60,NA
2021-04-04 17:00:00,916.2,NA,25,56,NA
2021-04-04 18:00:00,916,NA,24,62,NA
2021-04-04 19:00:00,914.9,NA,26,56,NA
2021-04-04 20:00:00,914.5,NA,24.8,60,NA
2021-04-04 21:00:00,914.9,NA,23.8,70,NA
2021-04-04 22:00:00,915,NA,22.8,71,NA
2021-04-04 23:00:00,915.2,NA,21.5,75,NA
2021-04-05 03:00:00,NA,1465,18.9,76,NA
2021-04-05 06:00:00,NA,1464,17.6,79,NA
2021-04-05 09:00:00,NA,1461,16.3,83,NA
2021-04-05 10:00:00,NA,1461,15.4,85,NA
2021-04-05 11:00:00,NA,1461,15.2,86,NA
2021-04-05 12:00:00,NA,1468,17.4,79,NA
2021-04-05 13:00:00,NA,1476,22.4,65,NA
2021-04-05 14:00:00,NA,1479,23.8,52,NA
2021-04-05 15:00:00,NA,1477,25.6,57,NA
2021-04-05 16:00:00,NA,1470,26.1,55,NA
2021-04-05 17:00:00,NA,1465,27.2,55,NA
2021-04-05 18:00:00,NA,1461,28.5,52,NA
2021-04-05 19:00:00,NA,1458,29,50,NA
2021-04-05 20:00:00,NA,1458,29,51,NA
2021-04-05 21:00:00,NA,1462,28.4,49,NA
2021-04-05 22:00:00,NA,1463,24.8,62,NA
2021-04-05 23:00:00,NA,1470,22.6,68,NA
2021-04-06 00:00:00,917,NA,21.9,71,NA
2021-04-06 01:00:00,917.3,NA,22.9,66,NA
2021-04-06 02:00:00,917.4,NA,22.5,69,NA
2021-04-06 03:00:00,918.1,NA,22.2,69,NA
2021-04-06 06:00:00,917.6,NA,19.2,77,NA
2021-04-06 09:00:00,916.6,NA,16.8,83,NA
2021-04-06 10:00:00,917,NA,16.4,85,NA
2021-04-06 11:00:00,917.6,NA,16.2,88,NA
2021-04-06 12:00:00,918.1,NA,17.7,77,NA
2021-04-06 13:00:00,918.4,NA,19.2,88,NA
2021-04-06 14:00:00,918.5,NA,19.4,88,NA
2021-04-06 15:00:00,918,NA,21.8,76,NA
2021-04-06 16:00:00,917.6,NA,23.9,69,NA
2021-04-06 17:00:00,917,NA,24.8,66,NA
2021-04-06 18:00:00,915.6,NA,26.2,61,NA
2021-04-06 19:00:00,915.2,NA,26.5,60,NA
2021-04-06 20:00:00,914.6,NA,27,62,NA
2021-04-06 21:00:00,914.6,NA,26.6,63,NA
2021-04-06 22:00:00,914.9,NA,25.6,64,NA
2021-04-06 23:00:00,915.3,NA,24.4,70,NA
2021-04-07 03:00:00,NA,1478,23.4,75,NA
2021-04-07 06:00:00,NA,1468,19,86,NA
2021-04-07 09:00:00,NA,1464,16.8,92,NA
2021-04-07 10:00:00,NA,1462,16.4,92,NA
2021-04-07 11:00:00,NA,1463,16.6,92,NA
2021-04-07 12:00:00,NA,1468,18.4,90,NA
2021-04-07 13:00:00,NA,1476,19.2,89,NA
2021-04-07 14:00:00,NA,1480,19.5,88,NA
2021-04-07 15:00:00,NA,1482,20,87,NA
2021-04-07 16:00:00,NA,1477,20.9,84,NA
2021-04-07 17:00:00,NA,1470,21.4,83,NA
2021-04-07 18:00:00,NA,1463,21.5,83,NA
2021-04-07 19:00:00,NA,1456,20.8,84,NA
2021-04-07 20:00:00,NA,1456,21.9,80,NA
2021-04-07 21:00:00,NA,1455,21.5,82,NA
2021-04-07 22:00:00,NA,1455,21.1,85,NA
2021-04-07 23:00:00,NA,1459,20.5,87,NA
2021-04-08 00:00:00,NA,1471,19.6,84,NA
2021-04-08 01:00:00,NA,1478,18.8,88,NA
2021-04-08 02:00:00,NA,1480,18.3,92,NA
2021-04-08 15:00:00,917.2,NA,20.5,66,NA
2021-04-08 16:00:00,916.6,NA,21.7,67,NA
2021-04-08 17:00:00,916,NA,22.3,63,NA
2021-04-08 18:00:00,914.9,NA,22.8,61,NA
2021-04-08 19:00:00,914.6,NA,22,63,NA
2021-04-08 20:00:00,915.2,NA,21.4,67,NA
2021-04-08 21:00:00,915.8,NA,20.9,69,NA
2021-04-08 22:00:00,917.7,NA,20.1,74,NA
2021-04-08 23:00:00,917.3,NA,19.7,72,NA
2021-04-09 03:00:00,NA,1500,18,76,NA
2021-04-09 06:00:00,NA,1504,17.8,76,NA
2021-04-09 09:00:00,NA,1501,17.3,72,NA
2021-04-09 10:00:00,NA,1506,17.1,73,NA
2021-04-09 11:00:00,NA,1511,16.7,76,NA
2021-04-09 12:00:00,NA,1517,16.8,72,NA
2021-04-09 13:00:00,NA,1520,16.5,78,NA
2021-04-09 14:00:00,NA,1523,15.1,84,NA
2021-04-09 15:00:00,NA,1524,13.8,86,NA
2021-04-09 16:00:00,NA,1519,12.1,89,NA
2021-04-09 17:00:00,NA,1514,12.7,74,NA
2021-04-09 18:00:00,NA,1505,13.3,75,NA
2021-04-09 19:00:00,NA,1496,13.6,80,NA
2021-04-09 20:00:00,NA,1494,13.6,77,NA
2021-04-09 21:00:00,NA,1497,13.1,85,NA
2021-04-09 22:00:00,NA,1496,11.8,89,NA
2021-04-09 23:00:00,NA,1497,11.2,88,NA
2021-04-10 00:00:00,NA,1504,10.6,93,NA
2021-04-10 01:00:00,NA,1503,10.8,88,NA
2021-04-10 02:00:00,NA,1499,11.2,86,NA
2021-04-11 03:00:00,NA,1538,7.1,97,NA
2021-04-11 06:00:00,NA,1529,6.4,97,NA
2021-04-11 09:00:00,NA,1520,5.4,97,NA
2021-04-11 10:00:00,NA,1522,5.2,97,NA
2021-04-11 11:00:00,NA,1524,5,95,NA
2021-04-11 12:00:00,NA,1531,7.5,88,NA
2021-04-11 13:00:00,NA,1540,12.6,76,NA
2021-04-11 14:00:00,NA,1548,16,63,NA
2021-04-11 15:00:00,NA,1546,17,61,NA
2021-04-11 16:00:00,NA,1541,18,64,NA
2021-04-11 17:00:00,NA,1539,19.6,57,NA
2021-04-11 18:00:00,NA,1529,20.8,47,NA
2021-04-11 19:00:00,NA,1522,21.8,40,NA
2021-04-11 20:00:00,NA,1517,22,43,NA
2021-04-11 21:00:00,NA,1512,21,43,NA
2021-04-11 22:00:00,NA,1509,18.6,55,NA
2021-04-11 23:00:00,NA,1508,14.7,65,NA
2021-04-12 00:00:00,NA,1512,13.8,68,NA
2021-04-12 01:00:00,NA,1519,13,71,NA
2021-04-12 02:00:00,NA,1524,11.9,72,NA
2021-04-13 03:00:00,NA,1539,13.6,68,NA
2021-04-13 06:00:00,NA,1533,10.8,79,NA
2021-04-13 09:00:00,NA,1526,11.2,71,NA
2021-04-13 10:00:00,NA,1528,10.4,74,NA
2021-04-13 11:00:00,NA,1524,10,79,NA
2021-04-13 12:00:00,NA,1524,12.4,69,NA
2021-04-13 13:00:00,924.6,1535,17.8,55,NA
2021-04-13 14:00:00,924.6,1536,19.6,51,NA
2021-04-13 15:00:00,924.2,1532,20,51,NA
2021-04-13 16:00:00,923.6,1528,22.4,46,NA
2021-04-13 17:00:00,922.2,1517,23.5,43,NA
2021-04-13 18:00:00,921.7,1511,24.5,43,NA
2021-04-13 19:00:00,920.9,1506,24.9,43,NA
2021-04-13 20:00:00,920.6,1504,25.2,44,NA
2021-04-13 21:00:00,920.5,1500,23.4,48,NA
2021-04-13 22:00:00,920.5,1496,20.6,55,NA
2021-04-13 23:00:00,920.8,1494,17.5,62,NA
2021-04-14 00:00:00,NA,1500,16.9,64,NA
2021-04-14 01:00:00,NA,1503,16.2,66,NA
2021-04-14 02:00:00,NA,1505,16.2,61,NA
2021-04-15 00:00:00,917.8,NA,NA,NA,NA
2021-04-15 01:00:00,918.2,NA,NA,NA,NA
2021-04-15 02:00:00,918.4,NA,NA,NA,NA
2021-04-15 03:00:00,918.8,1487,15.5,58,NA
2021-04-15 06:00:00,918.8,1488,13.5,62,NA
2021-04-15 09:00:00,918.4,1483,12.8,56,NA
2021-04-15 10:00:00,918.6,1483,12.5,57,NA
2021-04-15 11:00:00,918.9,1481,12.6,59,NA
2021-04-15 12:00:00,919.3,1485,14.4,61,NA
2021-04-15 13:00:00,919.3,1492,20.8,57,NA
2021-04-15 14:00:00,920,1499,22.2,55,NA
2021-04-15 15:00:00,919.8,1498,23.1,50,NA
2021-04-15 16:00:00,919.2,1495,25.1,50,NA
2021-04-15 17:00:00,918.6,1488,26,49,NA
2021-04-15 18:00:00,918,1483,26.5,47,NA
2021-04-15 19:00:00,917.4,1479,27.2,43,NA
2021-04-15 20:00:00,916.9,1473,27.2,43,NA
2021-04-15 21:00:00,917,1472,25.4,52,NA
2021-04-15 22:00:00,917.3,1471,23.1,57,NA
2021-04-15 23:00:00,917.6,1471,19.9,63,NA
2021-04-16 00:00:00,NA,1477,18.9,67,NA
2021-04-16 01:00:00,NA,1487,18.2,66,NA
2021-04-16 02:00:00,NA,1494,18,63,NA
2021-04-17 00:00:00,918.8,NA,NA,NA,NA
2021-04-17 01:00:00,919.2,NA,NA,NA,NA
2021-04-17 02:00:00,919.3,NA,NA,NA,NA
2021-04-17 03:00:00,919.8,1502,18.4,69,NA
2021-04-17 06:00:00,919.8,1505,17.9,70,NA
2021-04-17 09:00:00,919.4,1498,15.3,84,NA
2021-04-17 10:00:00,920.1,1500,15,83,NA
2021-04-17 11:00:00,920.6,1502,15.8,82,NA
2021-04-17 12:00:00,921.2,1507,16.4,78,NA
2021-04-17 13:00:00,921.6,1517,20.7,64,NA
2021-04-17 14:00:00,921.4,1517,22.1,59,NA
2021-04-17 15:00:00,921,1512,23.1,57,NA
2021-04-17 16:00:00,920.1,1505,24.2,57,NA
2021-04-17 17:00:00,919,1496,24.8,56,NA
2021-04-17 18:00:00,917.8,1485,24.8,56,NA
2021-04-17 19:00:00,917.4,1482,26.2,54,NA
2021-04-17 20:00:00,917,1476,25.9,55,NA
2021-04-17 21:00:00,916.8,1472,24,65,NA
2021-04-17 22:00:00,917,1471,22,71,NA
2021-04-17 23:00:00,917.7,1475,19.8,73,NA
2021-04-18 00:00:00,NA,1478,18.6,76,NA
2021-04-18 01:00:00,NA,1486,18.9,73,NA
2021-04-18 02:00:00,NA,1488,19.6,73,NA
2021-04-19 00:00:00,918,NA,NA,NA,NA
2021-04-19 01:00:00,918.5,NA,NA,NA,NA
2021-04-19 02:00:00,918.9,NA,NA,NA,NA
2021-04-19 03:00:00,918.6,1493,19.6,77,NA
2021-04-19 06:00:00,917.6,1484,17.4,85,NA
2021-04-19 09:00:00,916.9,1478,18.4,80,NA
2021-04-19 10:00:00,917,1476,17.9,83,NA
2021-04-19 11:00:00,917.4,1476,17.3,85,NA
2021-04-19 12:00:00,918,1479,17,85,NA
2021-04-19 13:00:00,918.1,1485,20.4,76,NA
2021-04-19 14:00:00,918.2,1489,23.4,71,NA
2021-04-19 15:00:00,918,1487,24.3,68,NA
2021-04-19 16:00:00,917.7,1484,24.9,66,NA
2021-04-19 17:00:00,916.6,1475,25.6,66,NA
2021-04-19 18:00:00,915.6,1465,26.5,60,NA
2021-04-19 19:00:00,915.2,1462,28,57,NA
2021-04-19 20:00:00,914.8,1457,26.6,61,NA
2021-04-19 21:00:00,914.6,1457,25.9,64,NA
2021-04-19 22:00:00,914.8,1455,23.8,70,NA
2021-04-19 23:00:00,915.4,1459,22.2,75,NA
2021-04-20 00:00:00,NA,1460,22.2,74,NA
2021-04-20 01:00:00,NA,1465,22.2,74,NA
2021-04-20 02:00:00,NA,1474,21.8,78,NA
2021-04-21 00:00:00,909.2,NA,NA,NA,NA
2021-04-21 01:00:00,909,NA,NA,NA,NA
2021-04-21 02:00:00,908.6,NA,NA,NA,NA
2021-04-21 03:00:00,908.6,1399,19.6,79,NA
2021-04-21 06:00:00,910,1412,18,66,NA
2021-04-21 09:00:00,914.1,1448,16.2,67,NA
2021-04-21 10:00:00,916.9,1471,15.5,74,NA
2021-04-21 11:00:00,918.1,1480,14.4,81,NA
2021-04-21 12:00:00,918.6,1484,14.1,83,NA
2021-04-21 13:00:00,919.8,1494,14,84,NA
2021-04-21 14:00:00,920.5,1498,13.2,86,NA
2021-04-21 15:00:00,920.6,1499,13.2,87,NA
2021-04-21 16:00:00,920.8,1500,13.4,86,NA
2021-04-21 17:00:00,920.6,1499,12.7,91,NA
2021-04-21 18:00:00,920.1,1493,13.1,90,NA
2021-04-21 19:00:00,919.7,1489,14.3,85,NA
2021-04-21 20:00:00,919.7,1489,14.2,85,NA
2021-04-21 21:00:00,919.8,1488,14.3,85,NA
2021-04-21 22:00:00,920,1489,14,86,NA
2021-04-21 23:00:00,920.2,1490,13.7,85,NA
2021-04-22 00:00:00,NA,1487,10.8,93,NA
2021-04-22 01:00:00,NA,1489,10.1,95,NA
2021-04-22 02:00:00,NA,1489,9.8,95,NA
2021-04-23 00:00:00,917.7,NA,NA,NA,NA
2021-04-23 01:00:00,918.6,NA,NA,NA,NA
2021-04-23 02:00:00,918.9,NA,NA,NA,NA
2021-04-23 03:00:00,918.8,1481,13.4,83,NA
2021-04-23 06:00:00,917.7,1471,12,85,NA
2021-04-23 09:00:00,NA,1465,10.1,91,NA
2021-04-23 10:00:00,NA,1466,9.8,90,NA
2021-04-23 11:00:00,NA,1467,10,88,NA
2021-04-23 12:00:00,NA,1475,11,84,NA
2021-04-23 13:00:00,NA,1483,16.6,70,NA
2021-04-23 14:00:00,NA,1486,18.8,63,NA
2021-04-23 15:00:00,NA,1485,19.3,63,NA
2021-04-23 16:00:00,NA,1484,20.3,59,NA
2021-04-23 17:00:00,NA,1480,20.6,58,NA
2021-04-23 18:00:00,NA,1479,21.6,55,NA
2021-04-23 19:00:00,NA,1478,22.9,52,NA
2021-04-23 20:00:00,NA,1479,21.8,54,NA
2021-04-23 21:00:00,NA,1483,20.8,57,NA
2021-04-23 22:00:00,NA,1487,18.4,68,NA
2021-04-23 23:00:00,NA,1495,16,74,NA
2021-04-24 00:00:00,NA,1504,15.4,76,NA
2021-04-24 01:00:00,NA,1517,14.2,79,NA
2021-04-24 02:00:00,NA,1525,13.5,82,NA
2021-04-25 03:00:00,NA,1562,14.4,71,NA
2021-04-25 06:00:00,NA,1548,11,80,NA
2021-04-25 09:00:00,NA,1535,9.8,85,NA
2021-04-25 10:00:00,NA,1539,9.7,85,NA
2021-04-25 11:00:00,NA,1538,9.5,86,NA
2021-04-25 12:00:00,NA,1541,10.8,81,NA
2021-04-25 13:00:00,NA,1549,15.6,69,NA
2021-04-25 14:00:00,NA,1547,17.4,57,NA
2021-04-25 15:00:00,NA,1542,19.3,55,NA
2021-04-25 16:00:00,NA,1538,19.8,54,NA
2021-04-25 17:00:00,NA,1526,20.5,52,NA
2021-04-25 18:00:00,NA,1515,21.4,51,NA
2021-04-25 19:00:00,NA,1511,21.8,49,NA
2021-04-25 20:00:00,NA,1507,21.8,51,NA
2021-04-25 21:00:00,NA,1505,19.8,56,NA
2021-04-25 22:00:00,NA,1504,17.7,62,NA
2021-04-25 23:00:00,NA,1504,15.2,68,NA
2021-04-26 00:00:00,NA,1514,14.6,72,NA
2021-04-26 01:00:00,NA,1524,15,71,NA
2021-04-26 02:00:00,NA,1529,16,66,NA
2021-04-27 03:00:00,NA,1518,13.4,76,NA
2021-04-27 06:00:00,NA,1509,11.4,79,NA
2021-04-27 09:00:00,NA,1500,11.6,70,NA
2021-04-27 10:00:00,NA,1501,11,76,NA
2021-04-27 11:00:00,NA,1501,10.2,79,NA
2021-04-27 12:00:00,NA,1507,10.6,81,NA
2021-04-27 13:00:00,NA,1514,16.4,66,NA
2021-04-27 14:00:00,NA,1516,18.2,61,NA
2021-04-27 15:00:00,NA,1514,19.4,57,NA
2021-04-27 16:00:00,NA,1505,20.8,56,NA
2021-04-27 17:00:00,NA,1500,22,54,NA
2021-04-27 18:00:00,NA,1497,23,52,NA
2021-04-27 19:00:00,NA,1492,23.8,52,NA
2021-04-27 20:00:00,NA,1492,23.4,50,NA
2021-04-27 21:00:00,NA,1491,21.8,55,NA
2021-04-27 22:00:00,NA,1489,19.2,63,NA
2021-04-27 23:00:00,NA,1489,16.2,69,NA
2021-04-28 00:00:00,920.9,NA,16.1,68,NA
2021-04-28 01:00:00,921.3,NA,15.5,69,NA
2021-04-28 02:00:00,921.4,NA,15.6,68,NA
2021-04-28 03:00:00,922.6,NA,13.7,78,NA
2021-04-28 06:00:00,922.8,NA,12.3,78,NA
2021-04-28 09:00:00,922.6,NA,11.4,79,NA
2021-04-28 10:00:00,923.2,NA,10.8,80,NA
2021-04-28 11:00:00,923.7,NA,10.1,80,NA
2021-04-28 12:00:00,924.5,NA,11.5,77,NA
2021-04-28 13:00:00,925.2,NA,16.9,65,NA
2021-04-28 14:00:00,925.2,NA,19.8,57,NA
2021-04-28 15:00:00,925.2,NA,21.1,54,NA
2021-04-28 16:00:00,924.5,NA,22.9,51,NA
2021-04-28 17:00:00,924.1,NA,23.6,51,NA
2021-04-28 18:00:00,923.4,NA,24.4,49,NA
2021-04-28 19:00:00,922.6,NA,24.6,49,NA
2021-04-28 20:00:00,922.2,NA,24.5,48,NA
2021-04-28 21:00:00,922.1,NA,23,48,NA
2021-04-28 22:00:00,922.4,NA,21.1,57,NA
2021-04-28 23:00:00,923,NA,16.8,64,NA
2021-04-29 03:00:00,NA,1532,13.4,74,NA
2021-04-29 06:00:00,NA,1530,12.5,77,NA
2021-04-29 09:00:00,NA,1524,11.2,79,NA
2021-04-29 10:00:00,NA,1521,10.2,79,NA
2021-04-29 11:00:00,NA,1515,10,81,NA
2021-04-29 12:00:00,NA,1519,11.6,75,NA
2021-04-29 13:00:00,NA,1527,17.2,67,NA
2021-04-29 14:00:00,NA,1526,19.8,59,NA
2021-04-29 15:00:00,NA,1523,20.6,57,NA
2021-04-29 16:00:00,NA,1519,21.3,57,NA
2021-04-29 17:00:00,NA,1514,22.8,53,NA
2021-04-29 18:00:00,NA,1503,23.4,50,NA
2021-04-29 19:00:00,NA,1499,24.2,49,NA
2021-04-29 20:00:00,NA,1496,24,47,NA
2021-04-29 21:00:00,NA,1496,23.3,47,NA
2021-04-29 22:00:00,NA,1490,21.5,50,NA
2021-04-29 23:00:00,NA,1488,17.6,60,NA
2021-04-30 00:00:00,920.2,NA,17,64,NA
2021-04-30 01:00:00,920.9,NA,16.2,71,NA
2021-04-30 02:00:00,920.9,NA,15,74,NA
2021-04-30 03:00:00,920.8,NA,14.2,73,NA
2021-04-30 06:00:00,919.6,NA,12,78,NA
2021-04-30 09:00:00,918.5,NA,10.1,85,NA
2021-04-30 10:00:00,918.8,NA,9.5,87,NA
2021-04-30 11:00:00,919,NA,9.3,88,NA
2021-04-30 12:00:00,919.4,NA,9.6,87,NA
2021-04-30 13:00:00,919.4,NA,16.2,68,NA
2021-04-30 14:00:00,919.2,NA,17.4,63,NA
2021-04-30 15:00:00,918.9,NA,18,63,NA
2021-04-30 16:00:00,918.4,NA,19.2,62,NA
2021-04-30 17:00:00,917.4,NA,19.5,62,NA
2021-04-30 18:00:00,916.5,NA,20.6,59,NA
2021-04-30 19:00:00,915.7,NA,21.2,56,NA
2021-04-30 20:00:00,915.7,NA,22.4,55,NA
2021-04-30 21:00:00,915.8,NA,20.8,58,NA
2021-04-30 22:00:00,916.1,NA,17.6,66,NA
2021-04-30 23:00:00,916.5,NA,15.2,74,NA
2021-05-01 03:00:00,NA,1469,13,77,NA
2021-05-01 06:00:00,NA,1457,11.9,79,NA
2021-05-01 09:00:00,NA,1454,11.2,81,NA
2021-05-01 10:00:00,NA,1449,10.6,81,NA
2021-05-01 11:00:00,NA,1456,9.4,85,NA
2021-05-01 12:00:00,NA,1458,10.2,81,NA
2021-05-01 13:00:00,NA,1473,13.2,76,NA
2021-05-01 14:00:00,NA,1477,17.6,63,NA
2021-05-01 15:00:00,NA,1469,20,58,NA
2021-05-01 16:00:00,NA,1458,21,54,NA
2021-05-01 17:00:00,NA,1453,21.4,55,NA
2021-05-01 18:00:00,NA,1450,22,50,NA
2021-05-01 19:00:00,NA,1447,22.4,55,NA
2021-05-01 20:00:00,NA,1442,22.3,55,NA
2021-05-01 21:00:00,NA,1466,20.4,62,NA
2021-05-01 22:00:00,NA,1463,18,69,NA
2021-05-01 23:00:00,NA,1464,16,71,NA
2021-05-02 00:00:00,918.6,NA,15,75,NA
2021-05-02 01:00:00,919.6,NA,14.5,76,NA
2021-05-02 02:00:00,919.8,NA,14,78,NA
2021-05-02 03:00:00,920,NA,13.8,80,NA
2021-05-02 06:00:00,918.9,NA,14.3,76,NA
2021-05-02 09:00:00,917.2,NA,11.6,84,NA
2021-05-02 10:00:00,917.2,NA,10.8,88,NA
2021-05-02 11:00:00,917.6,NA,10.6,86,NA
2021-05-02 12:00:00,917.7,NA,11,85,NA
2021-05-02 13:00:00,917.7,NA,12.8,84,NA
2021-05-02 14:00:00,917.8,NA,14.7,75,NA
2021-05-02 15:00:00,917.6,NA,14.7,75,NA
2021-05-02 16:00:00,917.3,NA,16,69,NA
2021-05-02 17:00:00,916.1,NA,19.8,58,NA
2021-05-02 18:00:00,915.4,NA,20.4,58,NA
2021-05-02 19:00:00,915,NA,21,56,NA
2021-05-02 20:00:00,915.2,NA,20.5,55,NA
2021-05-02 21:00:00,915.8,NA,19.1,63,NA
2021-05-02 22:00:00,916.4,NA,16.6,71,NA
2021-05-02 23:00:00,917,NA,14.3,78,NA
2021-05-03 03:00:00,NA,1467,12.8,78,NA
2021-05-03 06:00:00,NA,1470,13.2,81,NA
2021-05-03 09:00:00,NA,1458,13.7,81,NA
2021-05-03 10:00:00,NA,1458,13,84,NA
2021-05-03 11:00:00,NA,1459,12.2,84,NA
2021-05-03 12:00:00,NA,1466,13.2,84,NA
2021-05-03 13:00:00,NA,1475,14.2,79,NA
2021-05-03 14:00:00,NA,1479,15,78,NA
2021-05-03 15:00:00,NA,1475,16.2,75,NA
2021-05-03 16:00:00,NA,1469,16.8,72,NA
2021-05-03 17:00:00,NA,1465,18.6,66,NA
2021-05-03 18:00:00,NA,1460,18,67,NA
2021-05-03 19:00:00,NA,1458,18.3,67,NA
2021-05-03 20:00:00,NA,1466,17.2,68,NA
2021-05-03 21:00:00,NA,1477,17,74,NA
2021-05-03 22:00:00,NA,1484,16.4,67,NA
2021-05-03 23:00:00,NA,1504,15.4,63,NA
2021-05-04 01:00:00,NA,1530,13.9,73,NA
2021-05-04 00:00:00,923.3,NA,14,75,NA
2021-05-04 02:00:00,926,NA,11.7,90,NA
2021-05-04 03:00:00,927.4,NA,10.9,75,NA
2021-05-04 06:00:00,928.8,NA,8.8,89,NA
2021-05-04 09:00:00,929.2,NA,9.8,87,NA
2021-05-04 10:00:00,929.3,NA,9.2,83,NA
2021-05-04 11:00:00,930.5,NA,9.3,77,NA
2021-05-04 12:00:00,930.8,NA,9.5,81,NA
2021-05-04 13:00:00,931.8,NA,10,82,NA
2021-05-04 14:00:00,932.1,NA,10.4,77,NA
2021-05-04 15:00:00,932.4,NA,11,64,NA
2021-05-04 16:00:00,932.5,NA,11.3,65,NA
2021-05-04 17:00:00,932.5,NA,11.2,61,NA
2021-05-04 18:00:00,931.7,NA,11.5,63,NA
2021-05-04 19:00:00,931.4,NA,10.8,66,NA
2021-05-04 20:00:00,931.8,NA,10.5,66,NA
2021-05-04 21:00:00,931.8,NA,10.2,71,NA
2021-05-04 22:00:00,932.1,NA,9.7,73,NA
2021-05-04 23:00:00,932.6,NA,9,72,NA
2021-05-05 03:00:00,NA,1592,7.4,76,NA
2021-05-05 06:00:00,NA,1576,4.4,88,NA
2021-05-05 09:00:00,NA,1553,2.6,90,NA
2021-05-05 10:00:00,NA,1549,2.4,93,NA
2021-05-05 11:00:00,NA,1551,2.2,90,NA
2021-05-05 12:00:00,NA,1543,3.2,86,NA
2021-05-05 13:00:00,NA,1568,9.5,65,NA
2021-05-05 14:00:00,NA,1571,10.4,62,NA
2021-05-05 15:00:00,NA,1564,11.5,59,NA
2021-05-05 16:00:00,NA,1562,12.8,54,NA
2021-05-05 17:00:00,NA,1553,13.8,53,NA
2021-05-05 18:00:00,NA,1547,14,59,NA
2021-05-05 19:00:00,NA,1543,15.2,50,NA
2021-05-05 20:00:00,NA,1547,15.2,54,NA
2021-05-05 21:00:00,NA,1548,13.4,60,NA
2021-05-05 22:00:00,NA,1548,11,68,NA
2021-05-05 23:00:00,NA,1550,8.6,75,NA
2021-05-06 00:00:00,930,NA,7.5,72,NA
2021-05-06 01:00:00,931.2,NA,7.3,74,NA
2021-05-06 02:00:00,931.2,NA,7,77,NA
2021-05-06 03:00:00,931.2,NA,6.6,80,NA
2021-05-06 06:00:00,930.8,NA,5.7,87,NA
2021-05-06 09:00:00,929.8,NA,5.2,85,NA
2021-05-06 10:00:00,929.6,NA,4.5,86,NA
2021-05-06 11:00:00,929.6,NA,4.2,86,NA
2021-05-06 12:00:00,929.6,NA,4.4,86,NA
2021-05-06 13:00:00,929.8,NA,10.1,68,NA
2021-05-06 14:00:00,929.6,NA,13.2,58,NA
2021-05-06 15:00:00,929.4,NA,15,52,NA
2021-05-06 16:00:00,928.5,NA,15.9,50,NA
2021-05-06 17:00:00,927.7,NA,17,49,NA
2021-05-06 18:00:00,926,NA,17.5,47,NA
2021-05-06 19:00:00,924.9,NA,18.6,47,NA
2021-05-06 20:00:00,924.6,NA,17.7,46,NA
2021-05-06 21:00:00,924.5,NA,16.2,53,NA
2021-05-06 22:00:00,924.9,NA,13.6,60,NA
2021-05-06 23:00:00,925.2,NA,11.1,63,NA
2021-05-07 03:00:00,NA,1529,8.6,73,NA
2021-05-07 06:00:00,NA,1518,7.7,78,NA
2021-05-07 09:00:00,NA,1510,7.4,79,NA
2021-05-07 10:00:00,NA,1506,7.8,84,NA
2021-05-07 11:00:00,NA,1508,7.4,87,NA
2021-05-07 12:00:00,NA,1511,7.6,84,NA
2021-05-07 13:00:00,NA,1517,9.2,83,NA
2021-05-07 14:00:00,NA,1520,11,75,NA
2021-05-07 15:00:00,NA,1519,13.2,71,NA
2021-05-07 16:00:00,NA,1515,14.6,66,NA
2021-05-07 17:00:00,NA,1509,16.5,62,NA
2021-05-07 18:00:00,NA,1502,16.8,62,NA
2021-05-07 19:00:00,NA,1501,17,62,NA
2021-05-07 20:00:00,NA,1496,17,63,NA
2021-05-07 21:00:00,NA,1497,14.8,71,NA
2021-05-07 22:00:00,NA,1499,12.6,78,NA
2021-05-07 23:00:00,NA,1501,11.4,80,NA
2021-05-08 00:00:00,922.9,NA,10.6,84,NA
2021-05-08 01:00:00,923.2,NA,10.8,84,NA
2021-05-08 02:00:00,923.4,NA,10.5,83,NA
2021-05-08 03:00:00,922.9,NA,10.7,82,NA
2021-05-08 06:00:00,921.3,NA,7.6,89,NA
2021-05-08 09:00:00,920.8,NA,6.5,89,NA
2021-05-08 10:00:00,921.3,NA,6,91,NA
2021-05-08 11:00:00,921.6,NA,5.8,92,NA
2021-05-08 12:00:00,922.1,NA,5.9,92,NA
2021-05-08 13:00:00,922.8,NA,10.4,79,NA
2021-05-08 14:00:00,923.2,NA,13.1,69,NA
2021-05-08 15:00:00,923,NA,14.2,69,NA
2021-05-08 16:00:00,922.5,NA,15.5,62,NA
2021-05-08 17:00:00,921.8,NA,15.9,62,NA
2021-05-08 18:00:00,921,NA,17.5,57,NA
2021-05-08 20:00:00,920.8,NA,17.2,59,NA
2021-05-08 21:00:00,921.2,NA,16,68,NA
2021-05-08 22:00:00,922,NA,13.8,72,NA
2021-05-08 23:00:00,922.8,NA,12.4,75,NA
2021-05-09 03:00:00,NA,1525,11.1,83,NA
2021-05-09 06:00:00,NA,1524,11.5,78,NA
2021-05-09 09:00:00,NA,1520,11,81,NA
2021-05-09 10:00:00,NA,1519,10.4,84,NA
2021-05-09 11:00:00,NA,1522,9.9,82,NA
2021-05-09 12:00:00,NA,1529,11.2,78,NA
2021-05-09 13:00:00,NA,1535,12.2,77,NA
2021-05-09 14:00:00,NA,1537,13.2,76,NA
2021-05-09 15:00:00,NA,1541,14.9,68,NA
2021-05-09 16:00:00,NA,1539,15.7,65,NA
2021-05-09 17:00:00,NA,1536,15.8,66,NA
2021-05-09 18:00:00,NA,1532,16.3,64,NA
2021-05-09 19:00:00,NA,1529,15.9,65,NA
2021-05-09 20:00:00,NA,1530,15.5,62,NA
2021-05-09 21:00:00,NA,1534,14.9,78,NA
2021-05-09 22:00:00,NA,1533,11.8,83,NA
2021-05-09 23:00:00,NA,1535,10.3,88,NA
2021-05-10 00:00:00,927,NA,9.8,85,NA
2021-05-10 01:00:00,927.4,NA,9.8,82,NA
2021-05-10 02:00:00,928.1,NA,9.4,80,NA
2021-05-10 03:00:00,928.1,NA,9.3,78,NA
2021-05-10 06:00:00,928.4,NA,8.8,82,NA
2021-05-10 09:00:00,928.2,NA,10.4,83,NA
2021-05-10 10:00:00,928.2,NA,8.8,85,NA
2021-05-10 11:00:00,928.8,NA,8,87,NA
2021-05-10 12:00:00,929.7,NA,8,86,NA
2021-05-10 13:00:00,930,NA,10.8,76,NA
2021-05-10 14:00:00,930.5,NA,13.2,74,NA
2021-05-10 15:00:00,930.4,NA,14,69,NA
2021-05-10 16:00:00,929.4,NA,14.8,64,NA
2021-05-10 17:00:00,929,NA,15,64,NA
2021-05-10 18:00:00,927.6,NA,15,66,NA
2021-05-10 19:00:00,927,NA,14.4,65,NA
2021-05-10 20:00:00,927.2,NA,13.2,76,NA
2021-05-10 21:00:00,927.3,NA,12.4,82,NA
2021-05-10 22:00:00,927.6,NA,12,82,NA
2021-05-10 23:00:00,928.5,NA,12,79,NA
2021-05-11 03:00:00,NA,1562,11.6,77,NA
2021-05-11 06:00:00,NA,1548,10.2,81,NA
2021-05-11 09:00:00,NA,1535,5.6,88,NA
2021-05-11 10:00:00,NA,1536,5.8,88,NA
2021-05-11 11:00:00,NA,1535,5.8,88,NA
2021-05-11 12:00:00,NA,1540,6.2,85,NA
2021-05-11 13:00:00,NA,1547,10,75,NA
2021-05-11 14:00:00,NA,1552,12.9,63,NA
2021-05-11 15:00:00,NA,1551,15.1,54,NA
2021-05-11 16:00:00,NA,1546,15.7,53,NA
2021-05-11 17:00:00,NA,1537,16.7,52,NA
2021-05-11 18:00:00,NA,1532,17.9,50,NA
2021-05-11 19:00:00,NA,1522,17.8,50,NA
2021-05-11 20:00:00,NA,1516,17.3,52,NA
2021-05-11 21:00:00,NA,1514,15.7,58,NA
2021-05-11 22:00:00,NA,1513,13.5,65,NA
2021-05-11 23:00:00,NA,1517,10.3,72,NA
2021-05-12 00:00:00,925,NA,9.9,71,NA
2021-05-12 01:00:00,925.2,NA,9.6,72,NA
2021-05-12 02:00:00,925.2,NA,9.1,75,NA
2021-05-12 03:00:00,924.6,NA,7.9,77,NA
2021-05-12 06:00:00,923.7,NA,6.9,78,NA
2021-05-12 09:00:00,922.9,NA,5.8,80,NA
2021-05-12 10:00:00,922.9,NA,5.3,84,NA
2021-05-12 11:00:00,923.2,NA,5.1,85,NA
2021-05-12 12:00:00,923.3,NA,6.1,80,NA
2021-05-12 13:00:00,923.4,NA,12.4,63,NA
2021-05-12 14:00:00,924,NA,13.3,64,NA
2021-05-12 15:00:00,923.4,NA,15.2,59,NA
2021-05-12 16:00:00,922.5,NA,16.6,57,NA
2021-05-12 17:00:00,921.8,NA,17.6,55,NA
2021-05-12 18:00:00,920.8,NA,18.6,50,NA
2021-05-12 19:00:00,920.4,NA,19.2,50,NA
2021-05-12 20:00:00,920.2,NA,18.8,51,NA
2021-05-12 21:00:00,920.1,NA,16.8,61,NA
2021-05-12 23:00:00,921,NA,11.7,72,NA
2021-05-13 03:00:00,NA,1497,9.7,77,NA
2021-05-13 06:00:00,NA,1491,8.4,79,NA
2021-05-13 09:00:00,NA,1487,8,82,NA
2021-05-13 10:00:00,NA,1486,9.2,75,NA
2021-05-13 11:00:00,NA,1487,8.7,78,NA
2021-05-13 12:00:00,NA,1493,8.4,82,NA
2021-05-13 13:00:00,NA,1499,11.8,71,NA
2021-05-13 14:00:00,NA,1505,14.5,65,NA
2021-05-13 15:00:00,NA,1506,15.8,60,NA
2021-05-13 16:00:00,NA,1503,17.8,57,NA
2021-05-13 17:00:00,NA,1497,19.3,53,NA
2021-05-13 18:00:00,NA,1492,20.2,53,NA
2021-05-13 19:00:00,NA,1489,20.3,53,NA
2021-05-13 20:00:00,NA,1490,20,55,NA
2021-05-13 21:00:00,NA,1490,17.6,63,NA
2021-05-13 22:00:00,NA,1495,14.4,72,NA
2021-05-13 23:00:00,NA,1499,12.3,75,NA
2021-05-14 00:00:00,922.2,NA,12,72,NA
2021-05-14 01:00:00,922.5,NA,11.2,77,NA
2021-05-14 02:00:00,922.8,NA,10.8,76,NA
2021-05-14 03:00:00,923,NA,10.3,76,NA
2021-05-14 06:00:00,922.1,NA,8.4,79,NA
2021-05-14 09:00:00,921.2,NA,7.8,76,NA
2021-05-14 10:00:00,920.6,NA,7.6,78,NA
2021-05-14 11:00:00,921.4,NA,7.4,81,NA
2021-05-14 12:00:00,922.2,NA,7.6,77,NA
2021-05-14 13:00:00,922.4,NA,12.1,72,NA
2021-05-14 14:00:00,922.4,NA,15.4,59,NA
2021-05-14 15:00:00,922.2,NA,17.1,56,NA
2021-05-14 16:00:00,921.4,NA,18.8,53,NA
2021-05-14 17:00:00,920.2,NA,19.2,52,NA
2021-05-14 18:00:00,919.6,NA,20,51,NA
2021-05-14 19:00:00,918.8,NA,20.8,51,NA
2021-05-14 20:00:00,918.8,NA,20.4,50,NA
2021-05-14 21:00:00,919,NA,18.8,54,NA
2021-05-14 22:00:00,919.8,NA,15,67,NA
2021-05-14 23:00:00,920.2,NA,13,69,NA
2021-05-15 03:00:00,NA,1507,11.6,69,NA
2021-05-15 06:00:00,NA,1508,9.6,74,NA
2021-05-15 09:00:00,NA,1499,9.4,73,NA
2021-05-15 10:00:00,NA,1495,8.8,74,NA
2021-05-15 11:00:00,NA,1497,8.8,75,NA
2021-05-15 12:00:00,NA,1500,10,68,NA
2021-05-15 13:00:00,NA,1508,13.8,65,NA
2021-05-15 14:00:00,NA,1515,16.3,61,NA
2021-05-15 15:00:00,NA,1514,16.3,61,NA
2021-05-15 16:00:00,NA,1512,19.1,56,NA
2021-05-15 17:00:00,NA,1500,19.5,54,NA
2021-05-15 18:00:00,NA,1490,20,53,NA
2021-05-15 19:00:00,NA,1490,20.8,54,NA
2021-05-15 20:00:00,NA,1492,20.2,54,NA
2021-05-15 21:00:00,NA,1494,17.8,63,NA
2021-05-15 22:00:00,NA,1496,14.6,72,NA
2021-05-15 23:00:00,NA,1503,13,74,NA
2021-05-16 00:00:00,922.8,NA,12.5,74,NA
2021-05-16 01:00:00,922.9,NA,12.2,77,NA
2021-05-16 02:00:00,923.6,NA,11.8,76,NA
2021-05-16 03:00:00,924,NA,11,78,NA
2021-05-16 06:00:00,923.7,NA,9.1,80,NA
2021-05-16 10:00:00,924.4,NA,8.8,86,NA
2021-05-16 11:00:00,924.9,NA,8.8,85,NA
2021-05-16 12:00:00,925.8,NA,9.9,78,NA
2021-05-16 13:00:00,926.2,NA,14.5,70,NA
2021-05-16 14:00:00,926.1,NA,17.4,60,NA
2021-05-16 15:00:00,926.4,NA,16.9,61,NA
2021-05-16 16:00:00,926.1,NA,16.9,72,NA
2021-05-16 17:00:00,925.3,NA,17.1,67,NA
2021-05-16 18:00:00,924.4,NA,19.3,56,NA
2021-05-16 19:00:00,924.1,NA,19.7,56,NA
2021-05-16 20:00:00,924,NA,18.6,58,NA
2021-05-16 21:00:00,924.4,NA,17,67,NA
2021-05-16 22:00:00,924.8,NA,14.8,73,NA
2021-05-16 23:00:00,925.6,NA,12.4,77,NA
2021-05-17 03:00:00,NA,1545,10,81,NA
2021-05-17 06:00:00,NA,1543,8.8,85,NA
2021-05-17 09:00:00,NA,1535,8.2,87,NA
2021-05-17 10:00:00,NA,1529,7.6,89,NA
2021-05-17 11:00:00,NA,1527,7.7,88,NA
2021-05-17 12:00:00,NA,1529,7.8,87,NA
2021-05-17 13:00:00,NA,1531,11,84,NA
2021-05-17 14:00:00,NA,1538,14.8,68,NA
2021-05-17 15:00:00,NA,1535,16.4,64,NA
2021-05-17 16:00:00,NA,1528,17.4,60,NA
2021-05-17 17:00:00,NA,1519,18.4,58,NA
2021-05-17 18:00:00,NA,1511,19.8,56,NA
2021-05-17 19:00:00,NA,1504,19.6,57,NA
2021-05-17 20:00:00,NA,1500,19.2,60,NA
2021-05-17 21:00:00,NA,1499,17.6,65,NA
2021-05-17 22:00:00,NA,1498,14,75,NA
2021-05-17 23:00:00,NA,1502,13,74,NA
2021-05-18 00:00:00,922.4,NA,12.4,77,NA
2021-05-18 01:00:00,922.5,NA,11.9,77,NA
2021-05-18 02:00:00,922.1,NA,11.6,78,NA
2021-05-18 03:00:00,921.8,NA,10.8,80,NA
2021-05-18 06:00:00,920.2,NA,10.2,79,NA
2021-05-18 09:00:00,919.3,NA,9.2,86,NA
2021-05-18 10:00:00,919.4,NA,9.4,82,NA
2021-05-18 11:00:00,919.2,NA,8.7,86,NA
2021-05-18 12:00:00,919.4,NA,9.2,82,NA
2021-05-18 13:00:00,919.4,NA,12.2,76,NA
2021-05-18 14:00:00,919,NA,17,64,NA
2021-05-18 15:00:00,918.6,NA,18.4,60,NA
2021-05-18 16:00:00,917.7,NA,18.6,60,NA
2021-05-18 17:00:00,916.5,NA,19.4,60,NA
2021-05-18 18:00:00,915.4,NA,20.1,57,NA
2021-05-18 19:00:00,914.9,NA,19.9,59,NA
2021-05-18 20:00:00,914.6,NA,19.2,61,NA
2021-05-18 21:00:00,915.2,NA,18.1,69,NA
2021-05-18 22:00:00,915.3,NA,15.4,74,NA
2021-05-18 23:00:00,916.2,NA,13.6,74,NA
2021-05-19 03:00:00,NA,1458,14,75,NA
2021-05-19 06:00:00,NA,1445,11.8,80,NA
2021-05-19 09:00:00,NA,1431,11.4,79,NA
2021-05-19 10:00:00,NA,1432,11,81,NA
2021-05-19 11:00:00,NA,1431,10.4,86,NA
2021-05-19 12:00:00,NA,1430,11.1,81,NA
2021-05-19 13:00:00,NA,1439,15.4,73,NA
2021-05-19 14:00:00,NA,1442,17.2,67,NA
2021-05-19 15:00:00,NA,1445,18.8,62,NA
2021-05-19 16:00:00,NA,1438,20,56,NA
2021-05-19 17:00:00,NA,1434,21.3,59,NA
2021-05-19 18:00:00,NA,1429,22.2,54,NA
2021-05-19 19:00:00,NA,1428,20.6,55,NA
2021-05-19 20:00:00,NA,1432,20.8,65,NA
2021-05-19 21:00:00,NA,1439,19.3,68,NA
2021-05-19 22:00:00,NA,1440,16.8,75,NA
2021-05-19 23:00:00,NA,1444,15.4,79,NA
2021-05-20 00:00:00,915.8,NA,15.4,80,NA
2021-05-20 01:00:00,916.4,NA,17.3,72,NA
2021-05-20 02:00:00,916.8,NA,17.1,75,NA
2021-05-20 03:00:00,917.3,NA,14.9,92,NA
2021-05-20 06:00:00,916.5,NA,13.9,92,NA
2021-05-20 09:00:00,914.8,NA,12.1,91,NA
2021-05-20 10:00:00,914.5,NA,10.8,93,NA
2021-05-20 11:00:00,914.9,NA,10.2,97,NA
2021-05-20 12:00:00,915.6,NA,11.2,93,NA
2021-05-20 13:00:00,916,NA,12.4,88,NA
2021-05-20 14:00:00,915.8,NA,14.8,78,NA
2021-05-20 16:00:00,915.4,NA,15.5,78,NA
2021-05-20 17:00:00,915.2,NA,15.2,76,NA
2021-05-20 18:00:00,914.6,NA,15.9,75,NA
2021-05-20 19:00:00,914.1,NA,15.4,77,NA
2021-05-20 20:00:00,914.1,NA,15,79,NA
2021-05-20 21:00:00,914.5,NA,14.6,81,NA
2021-05-20 22:00:00,915.4,NA,14,83,NA
2021-05-20 23:00:00,916,NA,13.6,85,NA
2021-05-21 03:00:00,NA,1462,11.2,93,NA
2021-05-21 06:00:00,NA,1457,10.4,97,NA
2021-05-21 09:00:00,NA,1465,7.5,96,NA
2021-05-21 10:00:00,NA,1471,7.1,96,NA
2021-05-21 11:00:00,NA,1482,7.2,97,NA
2021-05-21 12:00:00,NA,1493,7.2,97,NA
2021-05-21 13:00:00,NA,1503,8,95,NA
2021-05-21 14:00:00,NA,1510,9.7,86,NA
2021-05-21 15:00:00,NA,1512,12.3,70,NA
2021-05-21 16:00:00,NA,1508,13.8,63,NA
2021-05-21 17:00:00,NA,1504,13.4,63,NA
2021-05-21 18:00:00,NA,1501,13.6,61,NA
2021-05-21 19:00:00,NA,1494,13,66,NA
2021-05-21 20:00:00,NA,1493,12.3,70,NA
2021-05-21 21:00:00,NA,1495,10.5,80,NA
2021-05-21 22:00:00,NA,1494,8.4,89,NA
2021-05-21 23:00:00,NA,1496,7,90,NA
2021-05-22 00:00:00,923,NA,6.7,90,NA
2021-05-22 01:00:00,923.3,NA,6,91,NA
2021-05-22 02:00:00,923.8,NA,5.8,87,NA
2021-05-22 03:00:00,924.1,NA,5.1,91,NA
2021-05-22 06:00:00,924.4,NA,5.4,91,NA
2021-05-22 09:00:00,923.4,NA,6.1,83,NA
2021-05-22 10:00:00,923.6,NA,5,85,NA
2021-05-22 11:00:00,923.6,NA,4.6,85,NA
2021-05-22 12:00:00,923.4,NA,4.8,82,NA
2021-05-22 13:00:00,924.5,NA,9.6,68,NA
2021-05-22 14:00:00,924.6,NA,12,62,NA
2021-05-22 15:00:00,924.8,NA,13.2,58,NA
2021-05-22 16:00:00,924.2,NA,14,53,NA
2021-05-22 17:00:00,923.8,NA,14.6,54,NA
2021-05-22 18:00:00,923.4,NA,15.6,47,NA
2021-05-22 19:00:00,922.6,NA,15.4,48,NA
2021-05-22 20:00:00,922.6,NA,14,55,NA
2021-05-22 21:00:00,922.2,NA,12.4,63,NA
2021-05-22 22:00:00,922.9,NA,9,75,NA
2021-05-22 23:00:00,924,NA,8,74,NA
2021-05-23 03:00:00,NA,1552,5.5,81,NA
2021-05-23 06:00:00,NA,1538,4.1,83,NA
2021-05-23 09:00:00,NA,1532,3.8,83,NA
2021-05-23 10:00:00,NA,1532,3.5,83,NA
2021-05-23 11:00:00,NA,1531,3.1,84,NA
2021-05-23 12:00:00,NA,1531,3,83,NA
2021-05-23 13:00:00,NA,1537,7.6,74,NA
2021-05-23 14:00:00,NA,1543,11.3,55,NA
2021-05-23 15:00:00,NA,1541,12.3,52,NA
2021-05-23 16:00:00,NA,1533,13,51,NA
2021-05-23 17:00:00,NA,1519,13.6,49,NA
2021-05-23 18:00:00,NA,1514,15.2,51,NA
2021-05-23 19:00:00,NA,1508,15.8,48,NA
2021-05-23 20:00:00,NA,1504,14.8,53,NA
2021-05-23 21:00:00,NA,1501,13.4,57,NA
2021-05-23 22:00:00,NA,1495,9.3,73,NA
2021-05-23 23:00:00,NA,1493,7.4,76,NA
2021-05-24 00:00:00,NA,1491,7,73,NA
2021-05-24 01:00:00,NA,1496,6.4,75,NA
2021-05-24 02:00:00,NA,1499,5.6,80,NA
2021-05-25 03:00:00,NA,1487,8,73,NA
2021-05-25 06:00:00,NA,1489,7.6,71,NA
2021-05-25 09:00:00,NA,1491,6.6,70,NA
2021-05-25 10:00:00,NA,1490,6.4,70,NA
2021-05-25 11:00:00,NA,1498,6.9,66,NA
2021-05-25 12:00:00,NA,1506,7.1,66,NA
2021-05-25 13:00:00,NA,1515,11.2,69,NA
2021-05-25 14:00:00,NA,1525,17.4,52,NA
2021-05-25 15:00:00,NA,1527,18.9,46,NA
2021-05-25 16:00:00,NA,1521,20,45,NA
2021-05-25 17:00:00,NA,1517,21,46,NA
2021-05-25 18:00:00,NA,1508,21.2,43,NA
2021-05-25 19:00:00,NA,1503,22.3,45,NA
2021-05-25 20:00:00,NA,1494,20.2,49,NA
2021-05-25 21:00:00,NA,1491,18.3,55,NA
2021-05-25 22:00:00,NA,1490,13.4,66,NA
2021-05-25 23:00:00,NA,1489,11.8,67,NA
2021-05-26 00:00:00,NA,1495,10.8,68,NA
2021-05-26 01:00:00,NA,1503,10.9,65,NA
2021-05-26 02:00:00,NA,1507,10.2,66,NA
2021-05-27 03:00:00,NA,1493,9.4,66,NA
2021-05-27 06:00:00,NA,1486,8.2,64,NA
2021-05-27 09:00:00,NA,1459,7,69,NA
2021-05-27 10:00:00,NA,1449,7.4,63,NA
2021-05-27 11:00:00,NA,1444,5.9,71,NA
2021-05-27 12:00:00,NA,1440,6.7,69,NA
2021-05-27 13:00:00,NA,1443,11.2,74,NA
2021-05-27 14:00:00,NA,1446,16.1,54,NA
2021-05-27 15:00:00,NA,1436,16.6,52,NA
2021-05-27 16:00:00,NA,1426,17.3,52,NA
2021-05-27 17:00:00,912.2,1416,18.8,51,NA
2021-05-27 18:00:00,910.6,1402,18.9,52,NA
2021-05-27 19:00:00,909.3,1391,20.2,52,NA
2021-05-27 20:00:00,909.3,1389,18.7,56,NA
2021-05-27 21:00:00,910.5,1397,16.4,62,NA
2021-05-27 22:00:00,910.6,1395,12.6,72,NA
2021-05-27 23:00:00,910.8,1392,11.1,70,NA
2021-05-28 00:00:00,NA,1385,10.6,72,NA
2021-05-28 01:00:00,NA,1387,10.2,69,NA
2021-05-28 02:00:00,NA,1388,9.6,67,NA
2021-05-29 00:00:00,915.7,NA,NA,NA,NA
2021-05-29 01:00:00,917.2,NA,NA,NA,NA
2021-05-29 02:00:00,918.1,NA,NA,NA,NA
2021-05-29 03:00:00,918.9,1480,11,73,NA
2021-05-29 06:00:00,920.6,1492,7.9,69,NA
2021-05-29 09:00:00,922.8,1507,7.1,80,NA
2021-05-29 10:00:00,923,1507,7,81,NA
2021-05-29 11:00:00,923.3,1509,8.2,73,NA
2021-05-29 12:00:00,924.1,1514,8.4,75,NA
2021-05-29 13:00:00,924.4,1520,11.4,60,NA
2021-05-29 14:00:00,925,1529,12.4,57,NA
2021-05-29 15:00:00,924.8,1526,13,54,NA
2021-05-29 16:00:00,924.2,1519,13.3,54,NA
2021-05-29 17:00:00,923,1509,14,48,NA
2021-05-29 18:00:00,922.1,1501,15.2,49,NA
2021-05-29 19:00:00,NA,1499,15,48,NA
2021-05-29 20:00:00,921.7,1495,13.7,55,NA
2021-05-29 21:00:00,922,1495,12.4,63,NA
2021-05-29 22:00:00,922.4,1495,9.1,69,NA
2021-05-29 23:00:00,923,1500,6.8,81,NA
2021-05-30 00:00:00,NA,1505,6.6,78,NA
2021-05-30 01:00:00,NA,1512,6.7,70,NA
2021-05-30 02:00:00,NA,1513,6.4,70,NA
2021-05-31 00:00:00,922.8,NA,NA,NA,NA
2021-05-31 01:00:00,923.4,NA,NA,NA,NA
2021-05-31 02:00:00,924,NA,NA,NA,NA
2021-05-31 03:00:00,924,1516,8.1,68,NA
2021-05-31 06:00:00,923.4,1513,7.4,75,NA
2021-05-31 09:00:00,922.9,1505,6.1,77,NA
2021-05-31 10:00:00,923,1503,6,75,NA
2021-05-31 11:00:00,922.8,1498,6.2,72,NA
2021-05-31 12:00:00,923.2,1503,7.4,68,NA
2021-05-31 13:00:00,923.3,1505,9.2,68,NA
2021-05-31 14:00:00,NA,1510,13.8,52,NA
2021-05-31 15:00:00,922.5,1505,15.8,49,NA
2021-05-31 16:00:00,921.3,1494,15.6,49,NA
2021-05-31 17:00:00,920.5,1487,16.8,44,NA
2021-05-31 18:00:00,920.2,1488,19,44,NA
2021-05-31 19:00:00,919.2,1478,20,42,NA
2021-05-31 20:00:00,918,1465,18.2,46,NA
2021-05-31 21:00:00,917.7,1461,16.6,49,NA
2021-05-31 22:00:00,917.8,1458,13,58,NA
2021-05-31 23:00:00,917.8,1457,11.8,58,NA
2021-06-01 00:00:00,NA,1459,10.7,62,NA
2021-06-01 01:00:00,NA,1459,10,65,NA
2021-06-01 02:00:00,NA,1459,9.8,67,NA
2021-06-02 00:00:00,917.6,NA,NA,NA,NA
2021-06-02 01:00:00,917.7,NA,NA,NA,NA
2021-06-02 02:00:00,918.9,NA,NA,NA,NA
2021-06-02 03:00:00,918.4,1474,10.4,67,NA
2021-06-02 06:00:00,919.6,1492,11.4,64,NA
2021-06-02 09:00:00,920.8,1497,10.4,65,NA
2021-06-02 10:00:00,921,1494,9.6,69,NA
2021-06-02 11:00:00,922.4,1503,9.8,67,NA
2021-06-02 12:00:00,923.6,1514,10.2,63,NA
2021-06-02 13:00:00,924,1521,13.6,57,NA
2021-06-02 14:00:00,924.1,1521,15,59,NA
2021-06-02 15:00:00,924,1520,14.8,60,NA
2021-06-02 16:00:00,923.2,1513,15.8,54,NA
2021-06-02 17:00:00,922,1504,17,52,NA
2021-06-02 18:00:00,920.9,1497,17.6,47,NA
2021-06-02 19:00:00,919.4,1485,18.5,48,NA
2021-06-02 20:00:00,919.7,1485,17.8,49,NA
2021-06-02 21:00:00,919.3,1479,15.4,60,NA
2021-06-02 22:00:00,919.7,1478,12.2,66,NA
2021-06-02 23:00:00,919.3,1472,10.1,73,NA
2021-06-03 00:00:00,NA,1481,10.5,70,NA
2021-06-03 01:00:00,NA,1486,10.3,64,NA
2021-06-03 02:00:00,NA,1483,10.4,70,NA
2021-06-04 00:00:00,913.4,NA,NA,NA,NA
2021-06-04 01:00:00,914.2,NA,NA,NA,NA
2021-06-04 02:00:00,914.2,NA,NA,NA,NA
2021-06-04 03:00:00,914,1432,10.4,70,NA
2021-06-04 06:00:00,913.3,1430,10.1,70,NA
2021-06-04 09:00:00,912.2,1419,11.4,64,NA
2021-06-04 10:00:00,912.4,1416,11,66,NA
2021-06-04 11:00:00,912.5,1413,9.6,73,NA
2021-06-04 12:00:00,913.7,1423,9.3,68,NA
2021-06-04 13:00:00,914.6,1432,10.4,66,NA
2021-06-04 14:00:00,914.9,1438,13.2,67,NA
2021-06-04 15:00:00,915.2,1443,16.2,45,NA
2021-06-04 16:00:00,914.4,1436,17.4,45,NA
2021-06-04 17:00:00,913.8,1432,18.2,45,NA
2021-06-04 18:00:00,913.4,1430,19.5,49,NA
2021-06-04 19:00:00,913.2,1427,19.6,51,NA
2021-06-04 20:00:00,913.7,1432,18.6,61,NA
2021-06-04 21:00:00,914.5,1439,17,67,NA
2021-06-04 22:00:00,916.1,1450,15,75,NA
2021-06-04 23:00:00,916.8,1452,12.8,79,NA
2021-06-05 00:00:00,NA,1457,12.7,81,NA
2021-06-05 01:00:00,NA,1468,13.4,76,NA
2021-06-05 02:00:00,NA,1478,12.6,81,NA
2021-06-06 00:00:00,925.8,NA,NA,NA,NA
2021-06-06 01:00:00,925.6,NA,NA,NA,NA
2021-06-06 02:00:00,925.6,NA,NA,NA,NA
2021-06-06 03:00:00,925.4,1529,10,65,NA
2021-06-06 06:00:00,923,1511,9.4,62,NA
2021-06-06 09:00:00,921.2,1492,8.9,63,NA
2021-06-06 10:00:00,920.8,1485,9,69,NA
2021-06-06 11:00:00,920.5,1481,9,73,NA
2021-06-06 12:00:00,920.2,1479,8.9,77,NA
2021-06-06 13:00:00,920.5,1482,9.9,63,NA
2021-06-06 14:00:00,920.6,1485,10.4,64,NA
2021-06-06 15:00:00,920.1,1480,10.5,58,NA
2021-06-06 16:00:00,920,1481,12.1,54,NA
2021-06-06 17:00:00,919.2,1474,13.6,48,NA
2021-06-06 18:00:00,918.2,1466,14,45,NA
2021-06-06 19:00:00,918,1466,15.3,47,NA
2021-06-06 20:00:00,918,1464,14,49,NA
2021-06-06 21:00:00,918.1,1463,12.3,54,NA
2021-06-06 22:00:00,918.8,1465,9,65,NA
2021-06-06 23:00:00,919,1466,7.9,70,NA
2021-06-07 00:00:00,NA,1469,7.5,72,NA
2021-06-07 01:00:00,NA,1473,7.7,69,NA
2021-06-07 02:00:00,NA,1479,7,68,NA
2021-06-08 00:00:00,922.8,NA,NA,NA,NA
2021-06-08 01:00:00,923.2,NA,NA,NA,NA
2021-06-08 02:00:00,923.2,NA,NA,NA,NA
2021-06-08 03:00:00,922.8,1508,7.1,68,NA
2021-06-08 06:00:00,921.4,1496,6.3,69,NA
2021-06-08 09:00:00,920.1,1479,5.2,74,NA
2021-06-08 10:00:00,920.1,1474,5,74,NA
2021-06-08 11:00:00,NA,1472,4.6,75,NA
2021-06-08 12:00:00,NA,1474,4.9,73,NA
2021-06-08 13:00:00,NA,1476,8,69,NA
2021-06-08 14:00:00,NA,1479,12.8,55,NA
2021-06-08 15:00:00,NA,1475,15,50,NA
2021-06-08 16:00:00,NA,1471,15.7,46,NA
2021-06-08 17:00:00,NA,1462,16.6,46,NA
2021-06-08 18:00:00,NA,1456,17.7,45,NA
2021-06-08 19:00:00,NA,1452,17.8,46,NA
2021-06-08 20:00:00,NA,1448,16.2,48,NA
2021-06-08 21:00:00,NA,1449,14.6,55,NA
2021-06-08 22:00:00,NA,1449,10.7,64,NA
2021-06-08 23:00:00,NA,1451,9.4,68,NA
2021-06-09 00:00:00,NA,1454,8.8,70,NA
2021-06-09 01:00:00,NA,1459,9,63,NA
2021-06-09 02:00:00,NA,1464,9.2,66,NA
2021-06-10 00:00:00,919.8,NA,NA,NA,NA
2021-06-10 01:00:00,920.5,NA,NA,NA,NA
2021-06-10 02:00:00,921.4,NA,NA,NA,NA
2021-06-10 03:00:00,921.8,1495,8.1,68,NA
2021-06-10 06:00:00,922.2,1508,8.7,58,NA
2021-06-10 09:00:00,922.9,1509,8.1,63,NA
2021-06-10 10:00:00,924.6,1518,7.1,62,NA
2021-06-10 11:00:00,926.6,1533,7.5,67,NA
2021-06-10 12:00:00,927.8,1543,7.6,74,NA
2021-06-10 13:00:00,928.9,1554,9.4,78,NA
2021-06-10 14:00:00,929.7,1564,11.8,78,NA
2021-06-10 15:00:00,929.8,1564,12.1,77,NA
2021-06-10 16:00:00,930.5,1574,14.3,55,NA
2021-06-10 17:00:00,929.6,1569,15.9,55,NA
2021-06-10 18:00:00,928.6,1558,14.2,63,NA
2021-06-10 19:00:00,928,1553,14.8,62,NA
2021-06-10 20:00:00,927.3,1544,14,62,NA
2021-06-10 21:00:00,928.1,1551,12.8,71,NA
2021-06-10 22:00:00,928.1,1547,10.2,76,NA
2021-06-10 23:00:00,928.2,1546,8.2,80,NA
2021-06-11 00:00:00,NA,1553,7.6,82,NA
2021-06-11 01:00:00,NA,1553,8.4,76,NA
2021-06-11 02:00:00,NA,1552,6.9,85,NA
2021-06-12 00:00:00,924.5,NA,NA,NA,NA
2021-06-12 01:00:00,924.5,NA,NA,NA,NA
2021-06-12 02:00:00,923.8,NA,NA,NA,NA
2021-06-12 03:00:00,923.2,1509,7.5,84,NA
2021-06-12 06:00:00,921,1491,5.5,80,NA
2021-06-12 09:00:00,919,1471,4.9,73,NA
2021-06-12 10:00:00,918.9,1466,5.4,69,NA
2021-06-12 11:00:00,919.2,1465,5,66,NA
2021-06-12 12:00:00,919,1463,5,71,NA
2021-06-12 13:00:00,919,1466,8,69,NA
2021-06-12 14:00:00,919.4,1476,14,65,NA
2021-06-12 15:00:00,NA,1476,16.4,59,NA
2021-06-12 16:00:00,919.4,1478,17.6,54,NA
2021-06-12 17:00:00,918.1,1467,18,56,NA
2021-06-12 18:00:00,916.9,1455,18.6,55,NA
2021-06-12 19:00:00,916.6,1453,18.7,55,NA
2021-06-12 20:00:00,916.4,1449,18.2,56,NA
2021-06-12 21:00:00,916.4,1447,16,60,NA
2021-06-12 22:00:00,916.6,1446,12.2,67,NA
2021-06-12 23:00:00,916.9,1446,11,73,NA
2021-06-13 00:00:00,NA,1449,10.4,72,NA
2021-06-13 01:00:00,NA,1451,10,72,NA
2021-06-13 02:00:00,NA,1456,9.5,74,NA
2021-06-14 00:00:00,919.6,NA,NA,NA,NA
2021-06-14 01:00:00,921.2,NA,NA,NA,NA
2021-06-14 02:00:00,921.7,NA,NA,NA,NA
2021-06-14 03:00:00,923.2,1520,13.2,59,NA
2021-06-14 06:00:00,925.7,1544,10.7,67,NA
2021-06-14 09:00:00,927.2,1552,10.4,74,NA
2021-06-14 10:00:00,927.4,1549,10.4,77,NA
2021-06-14 11:00:00,928.1,1554,10.4,74,NA
2021-06-14 12:00:00,929.2,1561,9.9,77,NA
2021-06-14 13:00:00,930.4,1572,9.7,64,NA
2021-06-14 14:00:00,930.8,1578,10.5,56,NA
2021-06-14 15:00:00,930.9,1580,11.2,47,NA
2021-06-14 16:00:00,930.4,1572,10.8,48,NA
2021-06-14 17:00:00,929.7,1566,11.4,46,NA
2021-06-14 18:00:00,929.2,1561,10.6,49,NA
2021-06-14 19:00:00,929.2,1560,10.4,51,NA
2021-06-14 20:00:00,929.7,1564,9.8,53,NA
2021-06-14 21:00:00,930.6,1572,9,58,NA
2021-06-14 22:00:00,931.6,1578,8.4,61,NA
2021-06-14 23:00:00,932.4,1585,7.9,57,NA
2021-06-15 00:00:00,NA,1592,7.4,61,NA
2021-06-15 01:00:00,NA,1593,7.1,64,NA
2021-06-15 02:00:00,NA,1594,6.7,61,NA
2021-06-16 03:00:00,NA,1582,4,68,NA
2021-06-16 06:00:00,NA,1571,3.1,75,NA
2021-06-16 09:00:00,NA,1562,2,81,NA
2021-06-16 10:00:00,NA,1560,1.6,85,NA
2021-06-16 11:00:00,NA,1563,1.6,86,NA
2021-06-16 12:00:00,NA,1559,1.7,86,NA
2021-06-16 13:00:00,NA,1563,2.2,83,NA
2021-06-16 14:00:00,NA,1567,3.4,72,NA
2021-06-16 15:00:00,932.2,1570,4,70,NA
2021-06-16 16:00:00,931.7,1566,4.3,69,NA
2021-06-16 17:00:00,931.2,1561,5.2,64,NA
2021-06-16 18:00:00,930.4,1555,5.4,65,NA
2021-06-16 19:00:00,930.1,1551,5,69,NA
2021-06-16 20:00:00,930,1552,5.6,66,NA
2021-06-16 21:00:00,930.5,1553,4.8,77,NA
2021-06-16 22:00:00,930.8,1555,4.3,76,NA
2021-06-16 23:00:00,930.9,1555,3.5,80,NA
2021-06-17 00:00:00,NA,1558,3,84,NA
2021-06-17 01:00:00,NA,1561,2.6,84,NA
2021-06-17 02:00:00,NA,1564,2.2,83,NA
2021-06-18 00:00:00,928.6,NA,NA,NA,NA
2021-06-18 01:00:00,928.8,NA,NA,NA,NA
2021-06-18 02:00:00,928.9,NA,NA,NA,NA
2021-06-18 03:00:00,928.6,1534,2.1,97,NA
2021-06-18 06:00:00,927.4,1523,2,97,NA
2021-06-18 09:00:00,926,1512,2,97,NA
2021-06-18 10:00:00,926.1,1513,2,97,NA
2021-06-18 11:00:00,926.2,1515,2.1,97,NA
2021-06-18 12:00:00,926.5,1517,2.2,97,NA
2021-06-18 13:00:00,926.9,1520,2.4,97,NA
2021-06-18 14:00:00,927.2,1523,2.7,95,NA
2021-06-18 15:00:00,927,1522,2.8,93,NA
2021-06-18 16:00:00,926,1513,3.4,91,NA
2021-06-18 17:00:00,925.4,1509,3.6,94,NA
2021-06-18 18:00:00,925.4,1509,3.8,91,NA
2021-06-18 19:00:00,925.2,1507,4,91,NA
2021-06-18 20:00:00,925,1505,4,91,NA
2021-06-18 21:00:00,925.4,1509,3.8,91,NA
2021-06-18 22:00:00,NA,1515,3.6,94,NA
2021-06-18 23:00:00,926.8,1520,3.6,94,NA
2021-06-19 00:00:00,NA,1523,3.5,97,NA
2021-06-19 01:00:00,NA,1526,3.5,97,NA
2021-06-19 02:00:00,NA,1526,3.5,97,NA
2021-06-20 00:00:00,925.4,NA,NA,NA,NA
2021-06-20 01:00:00,924.9,NA,NA,NA,NA
2021-06-20 02:00:00,924.9,NA,NA,NA,NA
2021-06-20 03:00:00,925,1508,1.2,97,NA
2021-06-20 06:00:00,923.2,1493,3,93,NA
2021-06-20 09:00:00,921.4,1480,4,88,NA
2021-06-20 10:00:00,921.2,1477,4,88,NA
2021-06-20 11:00:00,921.6,1478,4.2,85,NA
2021-06-20 12:00:00,921.2,1476,4.2,83,NA
2021-06-20 13:00:00,921.3,1477,4.6,81,NA
2021-06-20 14:00:00,921.2,1475,5.4,77,NA
2021-06-20 15:00:00,921,1473,5.7,76,NA
2021-06-20 16:00:00,920.4,1467,6.3,73,NA
2021-06-20 17:00:00,919.4,1463,8.6,60,NA
2021-06-20 18:00:00,918.8,1458,8.8,61,NA
2021-06-20 19:00:00,918.9,1460,9.6,59,NA
2021-06-20 20:00:00,919.2,1462,8.2,70,NA
2021-06-20 21:00:00,919.4,1461,5.8,80,NA
2021-06-20 22:00:00,920.4,1467,3.7,88,NA
2021-06-20 23:00:00,920.9,1471,2.6,90,NA
2021-06-21 00:00:00,NA,1477,2,90,NA
2021-06-21 01:00:00,NA,1478,1.8,90,NA
2021-06-21 02:00:00,NA,1481,1.6,90,NA
2021-06-22 00:00:00,921.2,NA,NA,NA,NA
2021-06-22 01:00:00,921.7,NA,NA,NA,NA
2021-06-22 02:00:00,921.7,NA,NA,NA,NA
2021-06-22 03:00:00,921.8,1487,3.4,78,NA
2021-06-22 06:00:00,920.5,1477,2.5,76,NA
2021-06-22 09:00:00,918.4,1457,2.4,77,NA
2021-06-22 10:00:00,918.4,1452,2.2,74,NA
2021-06-22 11:00:00,918.5,1450,1.3,78,NA
2021-06-22 12:00:00,919,1453,1,82,NA
2021-06-22 13:00:00,919.3,1458,3.5,74,NA
2021-06-22 14:00:00,918.5,1456,8.4,63,NA
2021-06-22 15:00:00,NA,1458,10.5,58,NA
2021-06-22 16:00:00,NA,1452,12,56,NA
2021-06-22 17:00:00,NA,1446,11.9,56,NA
2021-06-22 18:00:00,NA,1439,12.4,57,NA
2021-06-22 19:00:00,NA,1433,13.2,56,NA
2021-06-22 20:00:00,NA,1425,12.3,61,NA
2021-06-22 21:00:00,NA,1425,11,69,NA
2021-06-22 22:00:00,NA,1420,7.6,75,NA
2021-06-22 23:00:00,NA,1419,6,79,NA
2021-06-23 00:00:00,NA,1417,5.5,81,NA
2021-06-23 01:00:00,NA,1416,5.1,79,NA
2021-06-23 02:00:00,NA,1419,4.5,81,NA
2021-06-24 00:00:00,918.6,NA,NA,NA,NA
2021-06-24 01:00:00,919.4,NA,NA,NA,NA
2021-06-24 02:00:00,919.8,NA,NA,NA,NA
2021-06-24 03:00:00,920.6,1481,7,66,NA
2021-06-24 06:00:00,919.8,1480,6.7,53,NA
2021-06-24 09:00:00,919.8,1477,6.5,53,NA
2021-06-24 10:00:00,920.5,1477,5.2,60,NA
2021-06-24 11:00:00,920.9,1477,3.4,60,NA
2021-06-24 12:00:00,921,1476,2.4,67,NA
2021-06-24 13:00:00,921.2,1482,7.4,61,NA
2021-06-24 14:00:00,921.6,1489,10.8,61,NA
2021-06-24 15:00:00,921.4,1490,11.6,60,NA
2021-06-24 16:00:00,921,1487,13.4,53,NA
2021-06-24 17:00:00,919.4,1474,14.4,49,NA
2021-06-24 18:00:00,918.2,1466,15.8,50,NA
2021-06-24 19:00:00,917.4,1458,16.1,46,NA
2021-06-24 20:00:00,917.2,1455,14.8,52,NA
2021-06-24 21:00:00,917.4,1456,13.9,57,NA
2021-06-24 22:00:00,917.7,1454,10.9,64,NA
2021-06-24 23:00:00,917.8,1450,8.4,67,NA
2021-06-25 00:00:00,NA,1446,7.8,68,NA
2021-06-25 01:00:00,NA,1454,7.3,71,NA
2021-06-25 02:00:00,NA,1453,7.5,67,NA
2021-06-26 00:00:00,918.2,NA,NA,NA,NA
2021-06-26 01:00:00,919.6,NA,NA,NA,NA
2021-06-26 02:00:00,920.4,NA,NA,NA,NA
2021-06-26 03:00:00,921.3,1497,8.4,87,NA
2021-06-26 06:00:00,923.3,1512,6.6,95,NA
2021-06-26 09:00:00,924.8,1518,4.2,97,NA
2021-06-26 10:00:00,NA,1522,3.2,97,NA
2021-06-26 11:00:00,NA,1534,3.2,94,NA
2021-06-26 12:00:00,NA,1539,3.4,94,NA
2021-06-26 13:00:00,NA,1547,3.5,92,NA
2021-06-26 14:00:00,NA,1550,3.9,88,NA
2021-06-26 15:00:00,NA,1555,5,81,NA
2021-06-26 16:00:00,NA,1556,6.8,70,NA
2021-06-26 17:00:00,NA,1550,7.2,65,NA
2021-06-26 18:00:00,NA,1544,7.4,65,NA
2021-06-26 19:00:00,NA,1541,7.2,65,NA
2021-06-26 20:00:00,NA,1539,6.8,59,NA
2021-06-26 21:00:00,NA,1543,5.7,68,NA
2021-06-26 22:00:00,NA,1545,3.2,81,NA
2021-06-26 23:00:00,NA,1545,2.3,85,NA
2021-06-27 00:00:00,NA,1550,1.3,90,NA
2021-06-27 01:00:00,NA,1553,0.8,86,NA
2021-06-27 02:00:00,NA,1556,0.5,77,NA
2021-06-28 03:00:00,NA,1587,-0.6,88,NA
2021-06-28 06:00:00,NA,1595,-1.4,88,NA
2021-06-28 09:00:00,NA,1578,-3.6,91,NA
2021-06-28 10:00:00,NA,1571,-4.2,91,NA
2021-06-28 11:00:00,NA,1573,-4.2,91,NA
2021-06-28 12:00:00,NA,1581,-4.4,93,NA
2021-06-28 13:00:00,NA,1585,-1.4,87,NA
2021-06-28 14:00:00,NA,1591,3.3,64,NA
2021-06-28 15:00:00,NA,1589,4.4,59,NA
2021-06-28 16:00:00,NA,1586,5.9,57,NA
2021-06-28 17:00:00,NA,1581,7.5,52,NA
2021-06-28 18:00:00,NA,1576,9.4,48,NA
2021-06-28 19:00:00,NA,1572,10,45,NA
2021-06-28 20:00:00,NA,1567,9.3,51,NA
2021-06-28 21:00:00,NA,1562,7.2,46,NA
2021-06-28 22:00:00,NA,1556,4.3,70,NA
2021-06-28 23:00:00,NA,1555,2,80,NA
2021-06-29 00:00:00,NA,1558,1,82,NA
2021-06-29 01:00:00,NA,1562,0,80,NA
2021-06-29 02:00:00,NA,1568,-0.5,72,NA
2021-06-30 00:00:00,926.8,NA,NA,NA,NA
2021-06-30 01:00:00,926.8,NA,NA,NA,NA
2021-06-30 02:00:00,926.1,NA,NA,NA,NA
2021-06-30 03:00:00,926.2,1524,3,69,NA
2021-06-30 06:00:00,924,1505,1.8,78,NA
2021-06-30 09:00:00,922.1,1485,0.8,79,NA
2021-06-30 10:00:00,921.3,1474,0,82,NA
2021-06-30 11:00:00,921,1470,-0.5,87,NA
2021-06-30 12:00:00,920.8,1467,-0.6,83,NA
2021-06-30 13:00:00,920.5,1466,1.8,73,NA
2021-06-30 14:00:00,920.5,1471,7.2,54,NA
2021-06-30 15:00:00,920.2,1470,8.7,49,NA
2021-06-30 16:00:00,919.6,1467,10.6,46,NA
2021-06-30 17:00:00,918.8,1459,11.4,44,NA
2021-06-30 18:00:00,918,1453,11.7,44,NA
2021-06-30 19:00:00,917.7,1451,12.1,44,NA
2021-06-30 20:00:00,918,1452,11.3,51,NA
2021-06-30 21:00:00,918.4,1453,9.8,59,NA
2021-06-30 22:00:00,918.9,1453,6.3,69,NA
2021-06-30 23:00:00,919.2,1453,4.4,73,NA
2021-07-01 00:00:00,NA,1458,3.5,74,NA
2021-07-01 01:00:00,NA,1460,3.7,71,NA
2021-07-01 02:00:00,NA,1468,3.9,71,NA
