2021-01-07 00:00:00,942.2,NA,NA,NA,NA
2021-01-07 11:00:00,943.5,1013.4,13.3,82,NA
2021-01-07 12:00:00,943.6,1013.5,18.6,67,NA
2021-01-07 13:00:00,943.6,1013.7,22.6,47,NA
2021-01-07 14:00:00,943.1,1012.2,25.8,39,NA
2021-01-07 15:00:00,942.8,1011.1,27,44,NA
2021-01-07 16:00:00,942.4,1010.4,28.3,38,NA
2021-01-07 17:00:00,940.9,1008.5,29.2,32,NA
2021-01-07 18:00:00,940.3,1007.6,30.2,27,NA
2021-01-07 19:00:00,939.8,1006.8,30.9,26,NA
2021-01-07 20:00:00,939,1005.8,30.8,25,NA
2021-01-07 21:00:00,NA,1007.2,30.8,25,NA
2021-01-07 22:00:00,938.2,1007.1,30.6,26,NA
2021-01-07 23:00:00,938.4,1007.3,29.2,32,NA
2021-01-08 00:00:00,NA,1007.9,24.9,43,NA
2021-01-09 00:00:00,941.7,NA,NA,NA,NA
2021-01-09 11:00:00,NA,1009.8,15.2,89,NA
2021-01-09 12:00:00,940.2,1010.1,18.4,79,NA
2021-01-09 13:00:00,940.4,1010.3,20.3,70,NA
2021-01-09 14:00:00,940.5,1010,22.9,67,NA
2021-01-09 15:00:00,940.2,1009,24.8,56,NA
2021-01-09 16:00:00,939.8,1008.1,26.3,59,NA
2021-01-09 17:00:00,939,1006.9,27.3,50,NA
2021-01-09 18:00:00,938.2,1005.8,28.2,47,NA
2021-01-09 19:00:00,937.3,1004.6,28.8,46,NA
2021-01-09 20:00:00,936.6,1003.7,29.5,39,NA
2021-01-09 21:00:00,935.8,1004.4,29.6,44,NA
2021-01-09 22:00:00,935.4,1004,30.2,45,NA
2021-01-09 23:00:00,935.5,1003.9,28.8,48,NA
2021-01-10 00:00:00,NA,1004.7,25.8,67,NA
2021-01-11 00:00:00,932,NA,NA,NA,NA
2021-01-11 11:00:00,935.1,1003.1,18.7,89,NA
2021-01-11 12:00:00,935.1,1003.5,19.7,84,NA
2021-01-11 13:00:00,934.7,1003.9,22.9,68,NA
2021-01-11 14:00:00,934.9,1003.3,24.6,66,NA
2021-01-11 15:00:00,935.1,1003.1,27.1,60,NA
2021-01-11 16:00:00,934.9,1002.3,29.3,53,NA
2021-01-11 17:00:00,934.8,1001.7,30.5,51,NA
2021-01-11 18:00:00,935.1,1001.7,31.3,50,NA
2021-01-11 19:00:00,935.5,1002,30.6,48,NA
2021-01-11 20:00:00,935.6,1002.2,30.8,46,NA
2021-01-11 21:00:00,935.8,1003.8,30.5,51,NA
2021-01-11 22:00:00,936,1004.1,28.5,55,NA
2021-01-11 23:00:00,937.1,1005.5,25.4,63,NA
2021-01-12 00:00:00,NA,1007.7,22.1,71,NA
2021-01-13 00:00:00,943.2,NA,NA,NA,NA
2021-01-13 11:00:00,NA,1015.6,17.6,87,NA
2021-01-13 12:00:00,946.7,1016,20.8,78,NA
2021-01-13 13:00:00,946.5,1016.3,22.9,68,NA
2021-01-13 14:00:00,946.6,1015.9,23.8,67,NA
2021-01-13 15:00:00,946.1,1015.1,25.3,57,NA
2021-01-13 16:00:00,945.6,1014.2,26.6,56,NA
2021-01-13 17:00:00,945.3,1013.6,26.9,60,NA
2021-01-13 18:00:00,944.8,1013,26.2,59,NA
2021-01-13 19:00:00,948.3,1011.8,27.3,57,NA
2021-01-13 20:00:00,943,1011,27.7,56,NA
2021-01-13 21:00:00,942.5,1011.5,27.6,54,NA
2021-01-13 22:00:00,NA,1011.3,25.7,63,NA
2021-01-13 23:00:00,942.3,1012.8,23.2,68,NA
2021-01-14 00:00:00,NA,1012.3,21.2,74,NA
2021-01-15 00:00:00,936.8,NA,NA,NA,NA
2021-01-15 11:00:00,940.2,1008.6,20.2,89,NA
2021-01-15 12:00:00,939.5,1008.9,18.1,89,NA
2021-01-15 13:00:00,937.2,1007,19.9,74,NA
2021-01-15 14:00:00,935.8,1005,22.2,73,NA
2021-01-15 15:00:00,936.6,1005.3,25.3,66,NA
2021-01-15 16:00:00,936.3,1004.2,27.5,58,NA
2021-01-15 17:00:00,934.9,1002.2,29.7,50,NA
2021-01-15 18:00:00,933.9,1000.6,31.2,51,NA
2021-01-15 19:00:00,NA,999.5,32.5,47,NA
2021-01-15 20:00:00,932.6,998.6,33.3,44,NA
2021-01-15 21:00:00,931.4,998.6,32.2,43,NA
2021-01-15 22:00:00,931.1,998.4,31.8,50,NA
2021-01-15 23:00:00,931.4,998.9,29.9,53,NA
2021-01-16 00:00:00,NA,1000.3,23.8,67,NA
2021-01-17 00:00:00,941.7,NA,NA,NA,NA
2021-01-17 11:00:00,946.2,1017,8.8,82,NA
2021-01-17 12:00:00,946.8,1017.1,13.8,78,NA
2021-01-17 13:00:00,946.8,1018.4,17,62,NA
2021-01-17 14:00:00,947,1017.8,20,51,NA
2021-01-17 15:00:00,946.5,1016.5,22.2,44,NA
2021-01-17 16:00:00,945.8,1015.2,23.8,43,NA
2021-01-17 17:00:00,NA,1013.9,24.9,43,NA
2021-01-17 18:00:00,NA,1012.6,25.8,40,NA
2021-01-17 19:00:00,NA,1011.7,26.4,35,NA
2021-01-17 20:00:00,NA,1011.2,26.8,34,NA
2021-01-17 21:00:00,NA,1012.8,26.6,34,NA
2021-01-17 22:00:00,NA,1012.6,27,38,NA
2021-01-17 23:00:00,NA,1012.7,25.6,45,NA
2021-01-18 00:00:00,NA,1012.6,23,56,NA
2021-01-19 11:00:00,NA,1015.1,12.9,91,NA
2021-01-19 12:00:00,NA,1015,20,72,NA
2021-01-19 13:00:00,NA,1016,22.6,60,NA
2021-01-19 14:00:00,NA,1015.1,25.5,47,NA
2021-01-19 15:00:00,NA,1014.1,27.2,39,NA
2021-01-19 16:00:00,NA,1013.4,27.6,40,NA
2021-01-19 17:00:00,NA,1012.6,29.3,32,NA
2021-01-19 18:00:00,NA,1011.3,29.3,33,NA
2021-01-19 19:00:00,NA,1010.6,29.8,34,NA
2021-01-19 20:00:00,NA,1009.7,30.5,34,NA
2021-01-19 21:00:00,NA,1011,31.5,31,NA
2021-01-19 22:00:00,NA,1010.6,32.7,26,NA
2021-01-19 23:00:00,NA,1011,29.6,48,NA
2021-01-20 00:00:00,NA,1011.7,21.8,74,NA
2021-01-21 11:00:00,NA,1015.4,14,82,NA
2021-01-21 12:00:00,NA,1015.8,19,72,NA
2021-01-21 13:00:00,NA,1016.7,23.2,60,NA
2021-01-21 14:00:00,NA,1015.3,26,56,NA
2021-01-21 15:00:00,NA,1014.4,28,48,NA
2021-01-21 16:00:00,NA,1013.6,29.6,42,NA
2021-01-21 17:00:00,NA,1012.3,30.8,43,NA
2021-01-21 18:00:00,NA,1011.6,32.2,41,NA
2021-01-21 19:00:00,NA,1010.7,32.6,40,NA
2021-01-21 20:00:00,NA,1009.9,33.6,37,NA
2021-01-21 21:00:00,NA,1011.4,33.3,37,NA
2021-01-21 22:00:00,NA,1011.1,31.2,50,NA
2021-01-21 23:00:00,NA,1011.7,28,58,NA
2021-01-22 00:00:00,NA,1011.5,26.8,56,NA
2021-01-23 11:00:00,NA,1011.9,17.9,83,NA
2021-01-23 12:00:00,NA,1012.2,23.4,66,NA
2021-01-23 13:00:00,NA,1012.6,27,51,NA
2021-01-23 14:00:00,NA,1011.5,28,51,NA
2021-01-23 15:00:00,NA,1010.6,30.2,46,NA
2021-01-23 16:00:00,NA,1009.1,30.8,45,NA
2021-01-23 17:00:00,NA,1008,31.8,43,NA
2021-01-23 18:00:00,NA,1006.6,32.7,42,NA
2021-01-23 19:00:00,NA,1005.4,33.4,38,NA
2021-01-23 20:00:00,NA,1004.5,32.3,45,NA
2021-01-23 21:00:00,NA,1005.7,33.5,40,NA
2021-01-23 22:00:00,NA,1005.1,32.9,41,NA
2021-01-23 23:00:00,NA,1005.4,30.4,47,NA
2021-01-24 00:00:00,NA,1005.9,26.5,59,NA
2021-01-25 11:00:00,NA,1005.1,19,87,NA
2021-01-25 12:00:00,NA,1005.3,24,76,NA
2021-01-25 13:00:00,NA,1005.6,27.4,68,NA
2021-01-25 14:00:00,NA,1004.6,27.8,68,NA
2021-01-25 15:00:00,NA,1003.7,30.4,61,NA
2021-01-25 16:00:00,NA,1002.3,32,52,NA
2021-01-25 17:00:00,NA,1000.8,33.6,44,NA
2021-01-25 18:00:00,NA,999,34.4,46,NA
2021-01-25 19:00:00,NA,998.5,33.6,48,NA
2021-01-25 20:00:00,NA,997.7,33.4,43,NA
2021-01-25 21:00:00,NA,999,34.4,47,NA
2021-01-25 22:00:00,NA,998.3,33.9,49,NA
2021-01-25 23:00:00,NA,999.3,32.4,51,NA
2021-01-26 00:00:00,NA,998.9,28.6,56,NA
2021-01-26 15:00:00,936,NA,27.6,64,NA
2021-01-26 16:00:00,935.4,NA,29.4,61,NA
2021-01-26 17:00:00,934.6,NA,30.6,57,NA
2021-01-26 18:00:00,934.2,NA,31.4,56,NA
2021-01-26 19:00:00,933.6,NA,31.6,56,NA
2021-01-26 20:00:00,933.6,NA,31.6,59,NA
2021-01-27 11:00:00,NA,1009,18.5,90,NA
2021-01-27 12:00:00,NA,1009,23,77,NA
2021-01-27 13:00:00,NA,1009.3,25.6,66,NA
2021-01-27 14:00:00,NA,1008.3,27.5,56,NA
2021-01-27 15:00:00,NA,1007,29.1,49,NA
2021-01-27 16:00:00,NA,1005.5,31,43,NA
2021-01-27 17:00:00,NA,1003.7,31.5,42,NA
2021-01-27 18:00:00,NA,1002.6,32.3,37,NA
2021-01-27 19:00:00,NA,1000.9,33,33,NA
2021-01-27 20:00:00,NA,999.8,33.6,31,NA
2021-01-27 21:00:00,NA,1000.5,33.6,29,NA
2021-01-27 22:00:00,NA,1000.3,32.9,33,NA
2021-01-27 23:00:00,NA,1000.2,30.9,36,NA
2021-01-28 00:00:00,NA,1000.6,27.6,42,NA
2021-01-29 11:00:00,NA,1003.4,17,94,NA
2021-01-29 12:00:00,NA,1004.1,18.2,92,NA
2021-01-29 13:00:00,NA,1004.8,20,89,NA
2021-01-29 14:00:00,NA,1004.1,23.2,82,NA
2021-01-29 15:00:00,NA,1003.1,25.6,75,NA
2021-01-29 16:00:00,NA,1001.9,28,67,NA
2021-01-29 17:00:00,NA,1000.9,28.6,65,NA
2021-01-29 18:00:00,NA,999.7,29.4,73,NA
2021-01-29 19:00:00,NA,998.6,30.2,62,NA
2021-01-29 20:00:00,NA,998.1,30.8,58,NA
2021-01-29 21:00:00,NA,998.6,30.6,61,NA
2021-01-29 22:00:00,NA,998.3,30.6,62,NA
2021-01-29 23:00:00,NA,998.6,29,70,NA
2021-01-30 00:00:00,NA,998.9,27,75,NA
2021-01-31 00:00:00,940.4,NA,NA,NA,NA
2021-01-31 11:00:00,941.7,1011.5,16.3,93,NA
2021-01-31 12:00:00,NA,1012.3,17,91,NA
2021-01-31 13:00:00,942.5,1013,17.1,91,NA
2021-01-31 14:00:00,942.3,1012.7,18.2,87,NA
2021-01-31 15:00:00,942.3,1012.4,18.5,84,NA
2021-01-31 16:00:00,941.9,1011.9,19.4,81,NA
2021-01-31 17:00:00,941.4,1011.2,19,83,NA
2021-01-31 18:00:00,941.2,1011.1,18.3,87,NA
2021-01-31 19:00:00,941.3,1011.3,17.3,94,NA
2021-01-31 20:00:00,941,1011.3,17,94,NA
2021-01-31 21:00:00,940.7,1011.1,17.2,93,NA
2021-01-31 22:00:00,940.6,1011,16.9,93,NA
2021-01-31 23:00:00,941.8,1012.6,15.6,95,NA
2021-02-01 00:00:00,941.8,1012.2,15.4,95,NA
2021-02-02 00:00:00,941.2,NA,NA,NA,NA
2021-02-02 11:00:00,943.6,1013.9,14.1,95,NA
2021-02-02 12:00:00,943.4,1013.8,14.7,93,NA
2021-02-02 13:00:00,944.4,1015.6,15.6,93,NA
2021-02-02 14:00:00,944.2,1015.1,15.3,93,NA
2021-02-02 15:00:00,944.7,1015.8,15.9,93,NA
2021-02-02 16:00:00,944.3,1015.2,16.9,90,NA
2021-02-02 17:00:00,943.6,1014.2,19.3,77,NA
2021-02-02 18:00:00,NA,1013.3,20.5,67,NA
2021-02-02 19:00:00,943.1,1012.7,21.8,59,NA
2021-02-02 20:00:00,942.7,1012,22.5,60,NA
2021-02-02 21:00:00,942.5,1012.6,22.7,53,NA
2021-02-02 22:00:00,943.2,1013.4,22.3,61,NA
2021-02-02 23:00:00,943.4,1013.8,21.6,66,NA
2021-02-03 00:00:00,NA,1014.5,19.4,76,NA
2021-02-04 00:00:00,946.4,NA,NA,NA,NA
2021-02-04 11:00:00,NA,1020,12.2,91,NA
2021-02-04 12:00:00,950,1020.3,16,81,NA
2021-02-04 13:00:00,950,1021.3,19.9,69,NA
2021-02-04 14:00:00,949.7,1020,23.1,59,NA
2021-02-04 15:00:00,949.1,1018.5,25,42,NA
2021-02-04 16:00:00,948.7,1017.6,26.5,35,NA
2021-02-04 17:00:00,948,1016.5,27.6,35,NA
2021-02-04 18:00:00,947.2,1015.4,28.7,33,NA
2021-02-04 19:00:00,946.6,1014.5,28.8,32,NA
2021-02-04 20:00:00,945.9,1013.7,28.8,31,NA
2021-02-04 21:00:00,945.4,1015.2,28.8,33,NA
2021-02-04 22:00:00,944.9,1014.7,26.9,38,NA
2021-02-04 23:00:00,945.4,1015.2,24.2,51,NA
2021-02-05 00:00:00,NA,1015.6,20.6,62,NA
2021-02-05 11:00:00,NA,1016.6,12,86,NA
2021-02-05 12:00:00,NA,1017.5,16.4,84,NA
2021-02-05 13:00:00,NA,1018.1,20.4,72,NA
2021-02-05 14:00:00,NA,1016.7,22,64,NA
2021-02-05 15:00:00,NA,1015.7,23.9,54,NA
2021-02-05 16:00:00,NA,1014.2,25.4,64,NA
2021-02-05 17:00:00,NA,1013.1,26.5,61,NA
2021-02-05 18:00:00,NA,1011.8,27,60,NA
2021-02-05 19:00:00,NA,1010.5,28.4,56,NA
2021-02-05 20:00:00,NA,1009,29,55,NA
2021-02-05 21:00:00,NA,1010.4,28,59,NA
2021-02-05 22:00:00,NA,1010.3,29,55,NA
2021-02-05 23:00:00,NA,1010.2,28,64,NA
2021-02-06 00:00:00,941.4,1010.7,26,70,NA
2021-02-06 11:00:00,943.9,NA,NA,NA,NA
2021-02-06 12:00:00,944.5,NA,NA,NA,NA
2021-02-06 13:00:00,944.7,NA,NA,NA,NA
2021-02-06 14:00:00,944.7,NA,NA,NA,NA
2021-02-06 15:00:00,944.2,NA,NA,NA,NA
2021-02-06 16:00:00,943.3,NA,NA,NA,NA
2021-02-06 17:00:00,942.6,NA,NA,NA,NA
2021-02-06 18:00:00,941.9,NA,NA,NA,NA
2021-02-06 19:00:00,940.8,NA,NA,NA,NA
2021-02-06 20:00:00,940.5,NA,NA,NA,NA
2021-02-06 21:00:00,940,NA,NA,NA,NA
2021-02-06 22:00:00,939.4,NA,NA,NA,NA
2021-02-06 23:00:00,939.4,NA,NA,NA,NA
2021-02-08 00:00:00,941,NA,NA,NA,NA
2021-02-08 11:00:00,NA,1013.5,18.7,90,NA
2021-02-08 12:00:00,NA,1013.5,18.2,92,NA
2021-02-08 13:00:00,NA,1014.8,18.7,93,NA
2021-02-08 14:00:00,NA,1015.5,18.8,90,NA
2021-02-08 15:00:00,NA,1015.8,18.6,93,NA
2021-02-08 16:00:00,NA,1016.2,19.1,94,NA
2021-02-08 17:00:00,NA,1016.2,18.4,93,NA
2021-02-08 18:00:00,NA,1016.8,17.7,94,NA
2021-02-08 19:00:00,NA,1017.3,17.2,94,NA
2021-02-08 20:00:00,NA,1017.6,16.6,94,NA
2021-02-08 21:00:00,NA,1017.4,16.5,94,NA
2021-02-08 22:00:00,NA,1017,16.2,95,NA
2021-02-08 23:00:00,NA,1015.9,16.3,95,NA
2021-02-09 00:00:00,NA,1016.3,15.9,95,NA
2021-02-10 11:00:00,NA,1018.3,15.6,94,NA
2021-02-10 12:00:00,NA,1018.7,16,94,NA
2021-02-10 13:00:00,NA,1019.1,18.4,88,NA
2021-02-10 14:00:00,NA,1018.5,20,81,NA
2021-02-10 15:00:00,NA,1017.6,21,81,NA
2021-02-10 16:00:00,NA,1016.8,20.8,80,NA
2021-02-10 17:00:00,NA,1016,23.4,75,NA
2021-02-10 18:00:00,NA,1014.5,24.4,72,NA
2021-02-10 19:00:00,NA,1013,24.8,69,NA
2021-02-10 20:00:00,NA,1011.8,25.6,68,NA
2021-02-10 21:00:00,NA,1012.4,26.2,67,NA
2021-02-10 22:00:00,NA,1012,25.8,65,NA
2021-02-10 23:00:00,942.8,NA,22,76,NA
2021-02-11 00:00:00,942.8,NA,20.2,81,NA
2021-02-11 11:00:00,944.1,NA,17.2,96,NA
2021-02-11 12:00:00,944.3,NA,18.9,90,NA
2021-02-11 13:00:00,944.2,NA,21.6,77,NA
2021-02-11 14:00:00,944,NA,23.1,66,NA
2021-02-11 15:00:00,943.7,NA,24.8,60,NA
2021-02-11 16:00:00,943.1,NA,25.2,60,NA
2021-02-11 17:00:00,942.4,NA,26.4,53,NA
2021-02-11 18:00:00,941.7,NA,27.1,51,NA
2021-02-11 19:00:00,940.6,NA,27.9,48,NA
2021-02-11 20:00:00,939.9,NA,28.5,44,NA
2021-02-11 21:00:00,939.3,NA,27.7,45,NA
2021-02-11 22:00:00,939,NA,28.3,45,NA
2021-02-11 23:00:00,939.5,NA,26.7,53,NA
2021-02-12 11:00:00,NA,1012.5,17.2,84,NA
2021-02-12 12:00:00,NA,1012.9,15.2,94,NA
2021-02-12 13:00:00,NA,1014.2,16.1,94,NA
2021-02-12 14:00:00,NA,1014.5,17.9,87,NA
2021-02-12 15:00:00,NA,1014,21.2,71,NA
2021-02-12 16:00:00,NA,1012.8,22.1,69,NA
2021-02-12 17:00:00,NA,1011.4,23.8,60,NA
2021-02-12 18:00:00,NA,1010,25.5,46,NA
2021-02-12 19:00:00,NA,1008.3,25.1,53,NA
2021-02-12 20:00:00,NA,1008,25.4,58,NA
2021-02-12 21:00:00,NA,1008.4,25.4,58,NA
2021-02-12 22:00:00,NA,1008.5,24,69,NA
2021-02-12 23:00:00,NA,1009.1,22.7,79,NA
2021-02-13 00:00:00,940.1,NA,19.4,87,NA
2021-02-13 11:00:00,940.9,NA,14,91,NA
2021-02-13 12:00:00,941.3,NA,18,85,NA
2021-02-13 13:00:00,941.3,NA,19.4,85,NA
2021-02-13 14:00:00,940.9,NA,21.6,77,NA
2021-02-13 15:00:00,940.7,NA,24,61,NA
2021-02-13 16:00:00,940.1,NA,25.4,60,NA
2021-02-13 17:00:00,939.8,NA,26,66,NA
2021-02-13 18:00:00,939.1,NA,26.2,66,NA
2021-02-13 19:00:00,937.8,NA,26.8,64,NA
2021-02-13 20:00:00,937.3,NA,27,63,NA
2021-02-13 21:00:00,937.1,NA,27.2,63,NA
2021-02-13 22:00:00,936.3,NA,26.4,64,NA
2021-02-13 23:00:00,937.1,NA,24.8,73,NA
2021-02-14 11:00:00,NA,1008.5,13.7,92,NA
2021-02-14 12:00:00,NA,1009.1,16.8,89,NA
2021-02-14 13:00:00,NA,1009.5,20.3,69,NA
2021-02-14 14:00:00,NA,1008.6,24.8,63,NA
2021-02-14 15:00:00,NA,1007.2,27.6,62,NA
2021-02-14 16:00:00,NA,1006.4,28.6,55,NA
2021-02-14 17:00:00,NA,1005.7,29.6,51,NA
2021-02-14 18:00:00,NA,1004.8,30.4,43,NA
2021-02-14 19:00:00,NA,1003.9,30.2,36,NA
2021-02-14 20:00:00,NA,1003.4,30.2,38,NA
2021-02-14 21:00:00,NA,1005.3,29.3,49,NA
2021-02-14 22:00:00,NA,1005.3,28.6,59,NA
2021-02-14 23:00:00,NA,1005.8,25.8,63,NA
2021-02-15 00:00:00,936.9,NA,23.3,73,NA
2021-02-15 11:00:00,944.4,NA,17,88,NA
2021-02-15 12:00:00,944.7,NA,17.9,81,NA
2021-02-15 13:00:00,944.9,NA,19.6,76,NA
2021-02-15 14:00:00,944.8,NA,19.5,77,NA
2021-02-15 15:00:00,944.7,NA,20.4,74,NA
2021-02-15 16:00:00,944.3,NA,23.2,63,NA
2021-02-15 17:00:00,944,NA,25.1,59,NA
2021-02-15 18:00:00,942.9,NA,25.8,52,NA
2021-02-15 19:00:00,941.4,NA,27.1,50,NA
2021-02-15 20:00:00,941.5,NA,25.5,52,NA
2021-02-15 21:00:00,941.6,NA,22.2,69,NA
2021-02-15 22:00:00,941.5,NA,21.5,68,NA
2021-02-15 23:00:00,941.8,NA,20.8,75,NA
2021-02-16 11:00:00,NA,1014.2,14.6,91,NA
2021-02-16 12:00:00,NA,1013.8,17.6,84,NA
2021-02-16 13:00:00,NA,1014.4,20.2,77,NA
2021-02-16 14:00:00,NA,1013.5,22.6,66,NA
2021-02-16 15:00:00,NA,1013,25,58,NA
2021-02-16 16:00:00,NA,1011.5,25.6,63,NA
2021-02-16 17:00:00,NA,1010.6,26.3,63,NA
2021-02-16 18:00:00,NA,1009.7,27.4,59,NA
2021-02-16 19:00:00,NA,1008.6,27.4,60,NA
2021-02-16 20:00:00,NA,1007.9,26.8,58,NA
2021-02-16 21:00:00,NA,1008.8,27,61,NA
2021-02-16 22:00:00,NA,1008.8,27,60,NA
2021-02-16 23:00:00,NA,1008.6,26.2,55,NA
2021-02-17 00:00:00,940.2,NA,24.8,64,NA
2021-02-17 12:00:00,942.6,NA,17.7,85,NA
2021-02-17 13:00:00,942.5,NA,22.1,74,NA
2021-02-17 16:00:00,941.3,NA,27.9,51,NA
2021-02-17 17:00:00,940.8,NA,28.2,54,NA
2021-02-17 18:00:00,940.1,NA,28.9,50,NA
2021-02-17 19:00:00,939.1,NA,30,45,NA
2021-02-17 20:00:00,938.6,NA,30.2,45,NA
2021-02-17 21:00:00,938.1,NA,30.3,44,NA
2021-02-17 22:00:00,937.7,NA,30.2,45,NA
2021-02-17 23:00:00,937.5,NA,27.2,57,NA
2021-02-18 11:00:00,NA,1010.3,16.7,85,NA
2021-02-18 12:00:00,NA,1011,20,74,NA
2021-02-18 13:00:00,NA,1011.7,23,67,NA
2021-02-18 14:00:00,NA,1010.7,24,63,NA
2021-02-18 15:00:00,NA,1009.7,26.4,59,NA
2021-02-18 16:00:00,NA,1008.2,27.9,57,NA
2021-02-18 17:00:00,NA,1006.8,29.6,51,NA
2021-02-18 18:00:00,NA,1005.4,29.8,51,NA
2021-02-18 19:00:00,NA,1004.6,30.1,51,NA
2021-02-18 20:00:00,NA,1003.8,30.3,52,NA
2021-02-18 21:00:00,NA,1004.9,30.4,50,NA
2021-02-18 22:00:00,NA,1004.3,29.8,52,NA
2021-02-18 23:00:00,NA,1003.9,28.3,61,NA
2021-02-19 00:00:00,935.9,NA,23.3,75,NA
2021-02-19 11:00:00,943,NA,15.5,94,NA
2021-02-19 12:00:00,944.2,NA,17.6,89,NA
2021-02-19 13:00:00,944.6,NA,20.6,76,NA
2021-02-19 14:00:00,944.8,NA,21,70,NA
2021-02-19 15:00:00,944.4,NA,22.5,62,NA
2021-02-19 16:00:00,943.9,NA,24,56,NA
2021-02-19 17:00:00,943.6,NA,24.9,55,NA
2021-02-19 18:00:00,943.1,NA,25.8,50,NA
2021-02-19 19:00:00,942.7,NA,25.8,50,NA
2021-02-19 20:00:00,942.5,NA,25.8,50,NA
2021-02-19 21:00:00,942.5,NA,25,53,NA
2021-02-19 22:00:00,942.5,NA,24.5,54,NA
2021-02-20 11:00:00,NA,1016.6,13.8,91,NA
2021-02-20 12:00:00,NA,1016,18.2,87,NA
2021-02-20 13:00:00,NA,1016.4,19.3,79,NA
2021-02-20 14:00:00,NA,1015.9,20.6,74,NA
2021-02-20 15:00:00,NA,1015,22.4,66,NA
2021-02-20 16:00:00,NA,1013.5,24.9,57,NA
2021-02-20 17:00:00,NA,1011.7,25.8,59,NA
2021-02-20 18:00:00,NA,1010.4,27,54,NA
2021-02-20 19:00:00,NA,1009,27.5,53,NA
2021-02-20 20:00:00,NA,1008,27.9,52,NA
2021-02-20 21:00:00,NA,1009.4,27.4,54,NA
2021-02-20 22:00:00,NA,1009,27.4,54,NA
2021-02-20 23:00:00,NA,1009.7,25.9,62,NA
2021-02-21 00:00:00,940.4,NA,21.8,71,NA
2021-02-21 12:00:00,943.6,NA,18.7,88,NA
2021-02-21 13:00:00,943.6,NA,23.1,75,NA
2021-02-21 14:00:00,943.3,NA,24.3,70,NA
2021-02-21 15:00:00,943,NA,25.9,64,NA
2021-02-21 16:00:00,942.2,NA,26.7,62,NA
2021-02-21 17:00:00,941.5,NA,27.8,59,NA
2021-02-21 23:00:00,939.2,NA,24.6,71,NA
2021-02-22 11:00:00,NA,1010.6,15.3,94,NA
2021-02-22 12:00:00,NA,1010.3,18.4,91,NA
2021-02-22 13:00:00,NA,1011.5,21.7,81,NA
2021-02-22 14:00:00,NA,1010.6,25.7,68,NA
2021-02-22 15:00:00,NA,1009.3,27.5,64,NA
2021-02-22 16:00:00,NA,1008.3,28.6,59,NA
2021-02-22 17:00:00,NA,1007.1,29.6,53,NA
2021-02-22 18:00:00,NA,1006.3,30.6,50,NA
2021-02-22 19:00:00,NA,1005.5,31.4,44,NA
2021-02-22 20:00:00,NA,1004.9,31.9,43,NA
2021-02-22 21:00:00,NA,1006.6,32.1,41,NA
2021-02-22 22:00:00,NA,1006.6,31.9,40,NA
2021-02-22 23:00:00,NA,1007.7,27.6,62,NA
2021-02-23 00:00:00,939.7,NA,24.3,72,NA
2021-02-23 11:00:00,943.4,NA,16.1,89,NA
2021-02-23 12:00:00,943.8,NA,17.3,88,NA
2021-02-23 14:00:00,943.9,NA,23.1,76,NA
2021-02-23 15:00:00,944.1,NA,24.7,61,NA
2021-02-23 16:00:00,943.7,NA,26.8,52,NA
2021-02-23 17:00:00,943.4,NA,28.2,46,NA
2021-02-23 18:00:00,943.4,NA,28.6,47,NA
2021-02-23 19:00:00,942.7,NA,29.6,46,NA
2021-02-23 20:00:00,942.4,NA,29.7,44,NA
2021-02-23 21:00:00,942.5,NA,28.8,48,NA
2021-02-23 22:00:00,942.8,NA,28.3,60,NA
2021-02-23 23:00:00,943.5,NA,24.6,72,NA
2021-02-24 11:00:00,NA,1015.9,14.2,91,NA
2021-02-24 12:00:00,NA,1016.2,16.5,92,NA
2021-02-24 13:00:00,NA,1017,19.5,90,NA
2021-02-24 14:00:00,NA,1016.2,23.8,67,NA
2021-02-24 15:00:00,NA,1015,25.6,59,NA
2021-02-24 16:00:00,NA,1013.4,26.5,62,NA
2021-02-24 17:00:00,NA,1012.4,27.9,55,NA
2021-02-24 18:00:00,NA,1011.4,28.2,54,NA
2021-02-24 19:00:00,NA,1010.3,29.1,51,NA
2021-02-24 20:00:00,NA,1009.2,29.6,50,NA
2021-02-24 21:00:00,NA,1010.7,29.7,48,NA
2021-02-24 22:00:00,NA,1010.4,29.7,47,NA
2021-02-24 23:00:00,NA,1010.9,28.6,57,NA
2021-02-25 00:00:00,941.9,NA,23.4,74,NA
2021-02-25 11:00:00,944.5,NA,16.6,93,NA
2021-02-25 12:00:00,944.7,NA,19.1,80,NA
2021-02-25 13:00:00,944.7,NA,23.4,61,NA
2021-02-25 14:00:00,944.5,NA,26.6,49,NA
2021-02-25 15:00:00,944,NA,27.6,49,NA
2021-02-25 16:00:00,942.9,NA,28.8,48,NA
2021-02-25 18:00:00,941.5,NA,30.4,47,NA
2021-02-25 19:00:00,940.5,NA,31.4,46,NA
2021-02-25 20:00:00,939.5,NA,31.3,48,NA
2021-02-25 21:00:00,939,NA,32,47,NA
2021-02-25 22:00:00,938.9,NA,30.1,50,NA
2021-02-25 23:00:00,939,NA,28.8,55,NA
2021-02-26 11:00:00,NA,1009.7,17.3,87,NA
2021-02-26 12:00:00,NA,1010.1,21.2,86,NA
2021-02-26 13:00:00,NA,1010.8,23.8,69,NA
2021-02-26 14:00:00,NA,1010.4,25.7,65,NA
2021-02-26 15:00:00,NA,1009.6,27.8,60,NA
2021-02-26 16:00:00,NA,1008.5,28.7,59,NA
2021-02-26 17:00:00,NA,1007.5,30.1,54,NA
2021-02-26 18:00:00,NA,1006.5,30.4,53,NA
2021-02-26 19:00:00,NA,1005.7,31.2,51,NA
2021-02-26 20:00:00,NA,1004.5,30.8,53,NA
2021-02-26 21:00:00,NA,1005.9,30.8,53,NA
2021-02-26 22:00:00,NA,1005.7,30.3,54,NA
2021-02-26 23:00:00,NA,1006.3,29.3,55,NA
2021-02-27 00:00:00,938.5,NA,25.8,67,NA
2021-02-27 11:00:00,943.6,NA,19.4,79,NA
2021-02-27 12:00:00,944.5,NA,20.4,87,NA
2021-02-27 13:00:00,945.1,NA,23.8,76,NA
2021-02-27 14:00:00,945.1,NA,26.6,60,NA
2021-02-27 15:00:00,945.4,NA,28.4,65,NA
2021-02-27 16:00:00,944.3,NA,27.8,65,NA
2021-02-27 17:00:00,943.1,NA,28.4,63,NA
2021-02-27 18:00:00,942.9,NA,29.6,59,NA
2021-02-27 19:00:00,942.5,NA,29.8,61,NA
2021-02-27 20:00:00,942,NA,29.7,62,NA
2021-02-27 21:00:00,941.8,NA,29.4,60,NA
2021-02-27 22:00:00,941.5,NA,28.4,64,NA
2021-02-27 23:00:00,941.5,NA,26.2,72,NA
2021-02-28 11:00:00,NA,1015.2,17,96,NA
2021-02-28 12:00:00,NA,1012.3,17.8,90,NA
2021-02-28 13:00:00,NA,1012.5,20,87,NA
2021-02-28 14:00:00,NA,1012.4,21.4,86,NA
2021-02-28 15:00:00,NA,1012.1,23,80,NA
2021-02-28 16:00:00,NA,1010.9,26,71,NA
2021-02-28 17:00:00,NA,1009.3,29.2,68,NA
2021-02-28 18:00:00,NA,1008.6,28.7,69,NA
2021-02-28 19:00:00,NA,1007.7,29.6,65,NA
2021-02-28 20:00:00,NA,1006,30.2,63,NA
2021-02-28 21:00:00,NA,1007.7,30.4,62,NA
2021-02-28 22:00:00,NA,1007.6,29.6,64,NA
2021-02-28 23:00:00,NA,1007.1,28.6,69,NA
2021-03-01 00:00:00,NA,1008.1,24.2,82,NA
2021-03-02 11:00:00,NA,1013,15.3,95,NA
2021-03-02 12:00:00,NA,1013.1,18,93,NA
2021-03-02 13:00:00,NA,1014,20.8,87,NA
2021-03-02 14:00:00,NA,1013.4,24.3,80,NA
2021-03-02 15:00:00,NA,1012.3,26.8,72,NA
2021-03-02 16:00:00,NA,1010.8,28.3,52,NA
2021-03-02 17:00:00,NA,1010.2,29.7,43,NA
2021-03-02 18:00:00,941.6,1008.9,28.4,56,NA
2021-03-02 19:00:00,941.8,1009.4,24.7,71,NA
2021-03-02 20:00:00,942.3,1010.8,21.2,82,NA
2021-03-02 21:00:00,942.3,1012.4,20.2,86,NA
2021-03-02 22:00:00,942.5,1012.8,20.7,82,NA
2021-03-02 23:00:00,942.7,1013.1,20.5,86,NA
2021-03-03 00:00:00,NA,1013.1,19.4,90,NA
2021-03-04 00:00:00,943.4,NA,NA,NA,NA
2021-03-04 11:00:00,944.6,1015,14,95,NA
2021-03-04 12:00:00,944.2,1014.1,17,92,NA
2021-03-04 13:00:00,944.3,1014.9,20.6,87,NA
2021-03-04 14:00:00,944.2,1013.9,24.6,72,NA
2021-03-04 15:00:00,944.2,1012.9,26.4,60,NA
2021-03-04 16:00:00,943.7,1011.9,28.3,52,NA
2021-03-04 17:00:00,943.2,1010.9,29.6,45,NA
2021-03-04 18:00:00,942.8,1010.2,30.7,47,NA
2021-03-04 19:00:00,942.2,1009.3,31.2,42,NA
2021-03-04 20:00:00,941.6,1008.5,30.9,42,NA
2021-03-04 21:00:00,941.5,1010.5,30.3,43,NA
2021-03-04 22:00:00,941.6,1010.7,29.3,48,NA
2021-03-04 23:00:00,941.7,1011,26.4,57,NA
2021-03-05 00:00:00,NA,1011.8,24,65,NA
2021-03-05 20:00:00,940.3,NA,NA,NA,NA
2021-03-06 00:00:00,939.9,NA,NA,NA,NA
2021-03-06 11:00:00,NA,1011.4,15.6,94,NA
2021-03-06 12:00:00,942.4,1011.7,20.6,83,NA
2021-03-06 13:00:00,942.5,1012,24.1,71,NA
2021-03-06 14:00:00,942.4,1011.1,26.3,65,NA
2021-03-06 15:00:00,942.1,1010.2,27.7,56,NA
2021-03-06 16:00:00,941.4,1009.1,29.3,52,NA
2021-03-06 17:00:00,940.7,1008,30.4,48,NA
2021-03-06 18:00:00,940.1,1007.1,30.8,44,NA
2021-03-06 19:00:00,939.5,1006.4,31.7,45,NA
2021-03-06 20:00:00,938.8,1005.4,32.4,44,NA
2021-03-06 21:00:00,938.5,1006.9,32.3,44,NA
2021-03-06 22:00:00,938.5,1006.9,31.5,48,NA
2021-03-06 23:00:00,938.9,1007.3,29.4,57,NA
2021-03-07 00:00:00,NA,1007.7,24.6,73,NA
2021-03-08 00:00:00,938.6,NA,NA,NA,NA
2021-03-08 11:00:00,NA,1013.9,19.8,79,NA
2021-03-08 12:00:00,946.3,1015.2,22.1,73,NA
2021-03-08 13:00:00,946.5,1016,25.2,60,NA
2021-03-08 14:00:00,946.8,1015.5,24.7,57,NA
2021-03-08 15:00:00,NA,1016.1,24.3,57,NA
2021-03-08 16:00:00,947.9,1016.9,20.1,87,NA
2021-03-08 17:00:00,947.4,1017.4,23.8,73,NA
2021-03-08 18:00:00,946.6,1015.7,23.9,66,NA
2021-03-08 19:00:00,946.1,1015.1,22,75,NA
2021-03-08 20:00:00,945.2,1014.6,22,74,NA
2021-03-08 21:00:00,945,1014.7,22.7,71,NA
2021-03-08 22:00:00,944.7,1014.2,23.2,69,NA
2021-03-08 23:00:00,944.7,1014.1,21.2,77,NA
2021-03-09 00:00:00,NA,1014.5,20.4,79,NA
2021-03-10 00:00:00,940.6,NA,NA,NA,NA
2021-03-10 11:00:00,940.5,1009.8,14.2,92,NA
2021-03-10 12:00:00,940.9,1009.8,19.4,82,NA
2021-03-10 13:00:00,940.8,1010.5,23.3,67,NA
2021-03-10 14:00:00,940.5,1009.2,25.4,58,NA
2021-03-10 15:00:00,939.8,1008,27.9,50,NA
2021-03-10 16:00:00,938.6,1006.1,28.8,48,NA
2021-03-10 17:00:00,937.4,1004.6,30.6,45,NA
2021-03-10 18:00:00,936.5,1003.2,31.3,41,NA
2021-03-10 19:00:00,935.6,1002.1,31.9,38,NA
2021-03-10 20:00:00,934.8,1001.1,32.2,37,NA
2021-03-10 21:00:00,934.6,1002.9,31.8,39,NA
2021-03-10 22:00:00,934.9,1003.3,30.6,44,NA
2021-03-10 23:00:00,935.2,1004.1,26.7,54,NA
2021-03-11 00:00:00,NA,1005,24.2,62,NA
2021-03-12 00:00:00,941,NA,NA,NA,NA
2021-03-12 11:00:00,NA,1015.5,17.2,95,NA
2021-03-12 12:00:00,946.5,1016.3,16.2,96,NA
2021-03-12 13:00:00,946.1,1017,16.8,92,NA
2021-03-12 14:00:00,946.2,1017,16.7,93,NA
2021-03-12 15:00:00,945.9,1016.7,19.1,88,NA
2021-03-12 16:00:00,946.4,1016.6,18.8,89,NA
2021-03-12 17:00:00,946.1,1016.4,18.9,91,NA
2021-03-12 18:00:00,945.3,1015.5,19.6,83,NA
2021-03-12 19:00:00,944.6,1014.6,21.5,70,NA
2021-03-12 20:00:00,943.7,1013.1,23,70,NA
2021-03-12 21:00:00,943.5,1013.2,24.2,63,NA
2021-03-12 22:00:00,943.3,1012.9,23.7,66,NA
2021-03-12 23:00:00,943.4,1013.3,21.4,76,NA
2021-03-13 00:00:00,NA,1013.5,17.9,84,NA
2021-03-14 11:00:00,NA,1015.6,16,96,NA
2021-03-14 12:00:00,NA,1016.2,16.4,94,NA
2021-03-14 13:00:00,NA,1017.5,17.1,91,NA
2021-03-14 14:00:00,NA,1017.3,19,85,NA
2021-03-14 15:00:00,NA,1016.6,23.4,74,NA
2021-03-14 16:00:00,NA,1014.9,25.2,68,NA
2021-03-14 17:00:00,NA,1013.9,25.9,65,NA
2021-03-14 18:00:00,NA,1013.1,26.2,65,NA
2021-03-14 19:00:00,NA,1012.3,26.4,64,NA
2021-03-14 20:00:00,NA,1011.7,26.2,65,NA
2021-03-14 21:00:00,NA,1012.6,26.6,66,NA
2021-03-14 22:00:00,NA,1012.2,25.6,64,NA
2021-03-14 23:00:00,NA,1012.6,23.6,80,NA
2021-03-15 00:00:00,NA,1012.6,21.2,84,NA
2021-03-15 12:00:00,943.6,NA,18.6,100,NA
2021-03-15 13:00:00,943.2,NA,18.5,100,NA
2021-03-15 14:00:00,943.6,NA,18.1,99,NA
2021-03-15 15:00:00,943.3,NA,19.1,96,NA
2021-03-15 16:00:00,942.2,NA,21.8,75,NA
2021-03-15 17:00:00,941.4,NA,21.9,75,NA
2021-03-15 18:00:00,940.4,NA,24.3,70,NA
2021-03-16 11:00:00,NA,1007.9,14.8,95,NA
2021-03-16 12:00:00,NA,1009.1,16,94,NA
2021-03-16 13:00:00,NA,1011.2,17.4,89,NA
2021-03-16 14:00:00,NA,1011,19.7,77,NA
2021-03-16 15:00:00,NA,1010,21.8,69,NA
2021-03-16 16:00:00,NA,1008.5,23.2,58,NA
2021-03-16 17:00:00,NA,1008.8,23.1,60,NA
2021-03-16 18:00:00,NA,1008.5,24.1,51,NA
2021-03-16 19:00:00,NA,1008,24.8,53,NA
2021-03-16 20:00:00,NA,1007.6,25.6,49,NA
2021-03-16 21:00:00,NA,1009,24.8,50,NA
2021-03-16 22:00:00,NA,1009.2,23.8,54,NA
2021-03-16 23:00:00,NA,1010.7,20.9,64,NA
2021-03-17 00:00:00,941,NA,17.5,70,NA
2021-03-17 11:00:00,945.2,NA,13.6,93,NA
2021-03-17 12:00:00,945.4,NA,15.8,83,NA
2021-03-18 11:00:00,NA,1018.7,12.6,91,NA
2021-03-18 12:00:00,NA,1019,13,93,NA
2021-03-18 13:00:00,NA,1019.3,13.8,87,NA
2021-03-18 14:00:00,NA,1019.1,14.2,89,NA
2021-03-18 15:00:00,NA,1018.4,15.1,88,NA
2021-03-18 16:00:00,NA,1017.6,16.4,82,NA
2021-03-18 17:00:00,NA,1016.4,18,77,NA
2021-03-18 18:00:00,NA,1014.4,18.4,78,NA
2021-03-18 19:00:00,NA,1013,18.9,77,NA
2021-03-18 20:00:00,NA,1012.6,19.1,75,NA
2021-03-18 21:00:00,NA,1013.3,18.9,77,NA
2021-03-18 22:00:00,NA,1013.7,18,83,NA
2021-03-18 23:00:00,NA,1013.7,17.4,84,NA
2021-03-19 00:00:00,943.7,NA,16.6,88,NA
2021-03-19 11:00:00,943,NA,14.6,93,NA
2021-03-19 12:00:00,943.2,NA,15.3,93,NA
2021-03-19 13:00:00,943.1,NA,17.1,85,NA
2021-03-19 14:00:00,943.1,NA,17.7,79,NA
2021-03-19 15:00:00,942.8,NA,17.8,73,NA
2021-03-19 16:00:00,942,NA,18.5,67,NA
2021-03-19 17:00:00,941.1,NA,18.8,67,NA
2021-03-19 18:00:00,940.3,NA,19.8,62,NA
2021-03-19 19:00:00,939.5,NA,20,64,NA
2021-03-19 20:00:00,939.2,NA,19.5,68,NA
2021-03-19 21:00:00,939.3,NA,18.8,74,NA
2021-03-19 22:00:00,939.5,NA,16.9,83,NA
2021-03-19 23:00:00,940,NA,16.8,86,NA
2021-03-20 11:00:00,NA,1014.7,15.1,97,NA
2021-03-20 12:00:00,NA,1016.2,14.4,90,NA
2021-03-20 13:00:00,NA,1018.1,13.9,86,NA
2021-03-20 14:00:00,NA,1018.5,15.9,81,NA
2021-03-20 15:00:00,NA,1017.5,17.5,72,NA
2021-03-20 16:00:00,NA,1016.1,19.2,68,NA
2021-03-20 17:00:00,NA,1015.4,21.2,58,NA
2021-03-20 18:00:00,NA,1014.6,22.8,53,NA
2021-03-20 19:00:00,NA,1014,23.3,45,NA
2021-03-20 20:00:00,NA,1014.1,23,44,NA
2021-03-20 21:00:00,NA,1015.8,22.5,49,NA
2021-03-20 22:00:00,NA,1016.3,21.1,53,NA
2021-03-20 23:00:00,NA,1016.6,18.3,62,NA
2021-03-21 00:00:00,947.3,NA,16.3,70,NA
2021-03-21 11:00:00,950.6,NA,8.1,90,NA
2021-03-21 12:00:00,951,NA,9.7,88,NA
2021-03-21 13:00:00,951.1,NA,14,78,NA
2021-03-21 14:00:00,951,NA,18.6,61,NA
2021-03-21 15:00:00,950.8,NA,21.6,37,NA
2021-03-21 16:00:00,950,NA,23.2,27,NA
2021-03-21 17:00:00,949.5,NA,24.2,27,NA
2021-03-21 18:00:00,948.3,NA,24.9,25,NA
2021-03-21 19:00:00,947.7,NA,25.4,25,NA
2021-03-21 20:00:00,947.2,NA,25.9,21,NA
2021-03-21 21:00:00,946.9,NA,25.4,25,NA
2021-03-21 22:00:00,946.9,NA,24.6,34,NA
2021-03-21 23:00:00,947.3,NA,17.2,65,NA
2021-03-22 11:00:00,NA,1019.4,13.8,88,NA
2021-03-22 12:00:00,NA,1020.2,14.7,87,NA
2021-03-22 13:00:00,NA,1021.1,16.3,77,NA
2021-03-22 14:00:00,NA,1020.9,17.8,66,NA
2021-03-22 15:00:00,NA,1020.8,18.9,65,NA
2021-03-22 16:00:00,NA,1020,20.8,57,NA
2021-03-22 17:00:00,NA,1018.6,22.3,50,NA
2021-03-22 18:00:00,NA,1017.3,23.5,43,NA
2021-03-22 19:00:00,NA,1015.7,24.6,44,NA
2021-03-22 20:00:00,NA,1015.3,25,42,NA
2021-03-22 21:00:00,NA,1016.5,25,42,NA
2021-03-22 22:00:00,NA,1016.4,24.8,46,NA
2021-03-22 23:00:00,NA,1017.1,20,57,NA
2021-03-23 00:00:00,947.3,NA,15.3,79,NA
2021-03-23 12:00:00,946.5,NA,12.9,87,NA
2021-03-23 13:00:00,946,NA,16.5,78,NA
2021-03-23 14:00:00,945.5,NA,20.5,65,NA
2021-03-23 15:00:00,944.7,NA,22.7,59,NA
2021-03-23 16:00:00,944.1,NA,24.2,55,NA
2021-03-23 17:00:00,943.4,NA,24.9,55,NA
2021-03-23 18:00:00,942.5,NA,25,54,NA
2021-03-23 19:00:00,941.6,NA,25.7,53,NA
2021-03-23 20:00:00,940.7,NA,26.2,53,NA
2021-03-23 21:00:00,940.3,NA,26,52,NA
2021-03-23 22:00:00,940.3,NA,25.1,57,NA
2021-03-23 23:00:00,940.4,NA,22.7,68,NA
2021-03-24 11:00:00,NA,1013.5,12.8,88,NA
2021-03-24 12:00:00,NA,1013.9,14.4,85,NA
2021-03-24 13:00:00,NA,1014.7,16.4,86,NA
2021-03-24 14:00:00,NA,1014.4,20.4,69,NA
2021-03-24 15:00:00,NA,1013.2,22.4,66,NA
2021-03-24 16:00:00,NA,1011.8,23.8,65,NA
2021-03-24 17:00:00,NA,1010.5,25.6,65,NA
2021-03-24 18:00:00,NA,1009.2,26.2,65,NA
2021-03-24 19:00:00,NA,1008.1,27.4,61,NA
2021-03-24 20:00:00,NA,1007,28.2,58,NA
2021-03-24 21:00:00,NA,1008.1,27.4,60,NA
2021-03-24 22:00:00,NA,1008.2,26.8,63,NA
2021-03-24 23:00:00,NA,1008.5,24,80,NA
2021-03-25 00:00:00,939.6,NA,20.6,78,NA
2021-03-25 11:00:00,941,NA,18.7,93,NA
2021-03-25 13:00:00,941.4,NA,18.5,93,NA
2021-03-25 14:00:00,940.8,NA,20.3,90,NA
2021-03-25 15:00:00,940.6,NA,22.3,82,NA
2021-03-25 18:00:00,938,NA,27.7,56,NA
2021-03-25 19:00:00,937.5,NA,27.8,53,NA
2021-03-25 20:00:00,937,NA,28,51,NA
2021-03-25 21:00:00,937.1,NA,25.7,54,NA
2021-03-25 22:00:00,937.1,NA,24.4,53,NA
2021-03-25 23:00:00,938,NA,21.9,62,NA
2021-03-26 11:00:00,NA,1013.8,14.4,90,NA
2021-03-26 12:00:00,NA,1015.2,14.6,87,NA
2021-03-26 13:00:00,NA,1017.2,14.8,85,NA
2021-03-26 14:00:00,NA,1017.7,16.1,78,NA
2021-03-26 15:00:00,NA,1017.5,17.6,72,NA
2021-03-26 16:00:00,NA,1017.1,17.2,73,NA
2021-03-26 17:00:00,NA,1017.1,17.2,72,NA
2021-03-26 18:00:00,NA,1017.1,15.9,76,NA
2021-03-26 19:00:00,NA,1017,16.9,70,NA
2021-03-26 20:00:00,NA,1016.5,18.4,64,NA
2021-03-26 21:00:00,NA,1016.8,18,63,NA
2021-03-26 22:00:00,NA,1017.8,16.6,66,NA
2021-03-26 23:00:00,NA,1018.7,14.4,76,NA
2021-03-27 00:00:00,948.6,NA,12,83,NA
2021-03-27 11:00:00,948.4,NA,4,86,NA
2021-03-27 12:00:00,948.8,NA,6,87,NA
2021-03-27 13:00:00,949.3,NA,11.6,80,NA
2021-03-27 14:00:00,949.3,NA,15.6,56,NA
2021-03-27 15:00:00,949,NA,17,56,NA
2021-03-27 16:00:00,948.8,NA,18.8,50,NA
2021-03-27 17:00:00,948.2,NA,20.2,46,NA
2021-03-27 18:00:00,947.5,NA,20.4,54,NA
2021-03-27 19:00:00,946.7,NA,20.8,53,NA
2021-03-27 20:00:00,946.1,NA,20.6,54,NA
2021-03-27 21:00:00,945.7,NA,21,49,NA
2021-03-27 22:00:00,946.1,NA,20.4,46,NA
2021-03-27 23:00:00,946.3,NA,16.4,66,NA
2021-03-28 11:00:00,NA,1020,3.4,87,NA
2021-03-28 12:00:00,NA,1020,5,85,NA
2021-03-28 13:00:00,NA,1021.1,10.6,71,NA
2021-03-28 14:00:00,NA,1019.6,15,50,NA
2021-03-28 15:00:00,NA,1018,18.4,44,NA
2021-03-28 16:00:00,NA,1016.6,20.8,40,NA
2021-03-28 17:00:00,NA,1015.4,22,42,NA
2021-03-28 18:00:00,NA,1014.3,23.4,43,NA
2021-03-28 19:00:00,NA,1013,24.6,39,NA
2021-03-28 20:00:00,NA,1012.2,24.2,37,NA
2021-03-28 21:00:00,NA,1014.5,25.2,40,NA
2021-03-28 22:00:00,NA,1014.4,24.2,36,NA
2021-03-28 23:00:00,943.6,NA,17.4,67,NA
2021-03-29 00:00:00,943.6,NA,13,69,NA
2021-03-29 11:00:00,947.4,NA,4.3,90,NA
2021-03-29 12:00:00,947.6,NA,7.7,76,NA
2021-03-29 13:00:00,948,NA,15,68,NA
2021-03-29 14:00:00,948.1,NA,17.9,55,NA
2021-03-29 15:00:00,948,NA,20.9,48,NA
2021-03-29 16:00:00,947.4,NA,23,40,NA
2021-03-29 17:00:00,946.7,NA,23.9,40,NA
2021-03-29 19:00:00,945.5,NA,25.8,32,NA
2021-03-29 21:00:00,944.8,NA,26.1,33,NA
2021-03-29 22:00:00,944.8,NA,25.4,34,NA
2021-03-29 23:00:00,944.9,NA,17.1,63,NA
2021-03-30 11:00:00,NA,1018.3,6.4,91,NA
2021-03-30 12:00:00,NA,1018.6,7.7,77,NA
2021-03-30 13:00:00,NA,1020,13.8,76,NA
2021-03-30 14:00:00,NA,1018.4,19,59,NA
2021-03-30 15:00:00,NA,1016.7,21,61,NA
2021-03-30 16:00:00,NA,1015.5,23.4,60,NA
2021-03-30 17:00:00,NA,1014.2,24.2,60,NA
2021-03-30 18:00:00,NA,1012.8,25.2,57,NA
2021-03-30 19:00:00,NA,1011.9,26.3,53,NA
2021-03-30 20:00:00,NA,1011.2,26,56,NA
2021-03-30 21:00:00,NA,1013.2,26.2,55,NA
2021-03-30 22:00:00,NA,1013.1,25,62,NA
2021-03-30 23:00:00,NA,1013.8,20,76,NA
2021-03-31 00:00:00,942.7,NA,17.6,69,NA
2021-03-31 11:00:00,944.9,NA,7.1,92,NA
2021-03-31 17:00:00,943.8,NA,24.6,46,NA
2021-03-31 18:00:00,942.9,NA,25.2,44,NA
2021-03-31 19:00:00,941.8,NA,26.2,40,NA
2021-03-31 20:00:00,941.3,NA,26.2,40,NA
2021-03-31 21:00:00,941.1,NA,25.8,40,NA
2021-03-31 22:00:00,941,NA,24.6,46,NA
2021-03-31 23:00:00,941.5,NA,19.6,66,NA
2021-04-01 11:00:00,NA,1014.6,10.1,92,NA
2021-04-01 12:00:00,NA,1015,11.1,92,NA
2021-04-01 13:00:00,NA,1016.5,15.2,84,NA
2021-04-01 14:00:00,NA,1015.5,18.7,74,NA
2021-04-01 15:00:00,NA,1014.6,21.2,61,NA
2021-04-01 16:00:00,NA,1013.6,22.2,58,NA
2021-04-01 17:00:00,NA,1012.7,22.6,58,NA
2021-04-01 18:00:00,NA,1011.8,22.4,58,NA
2021-04-01 19:00:00,NA,1011.5,22.7,58,NA
2021-04-01 20:00:00,NA,1010.8,23.6,55,NA
2021-04-01 21:00:00,NA,1012.4,23.3,57,NA
2021-04-01 22:00:00,NA,1013.1,20.1,69,NA
2021-04-01 23:00:00,NA,1013.5,18.3,76,NA
2021-04-02 00:00:00,943.4,NA,16.7,81,NA
2021-04-02 11:00:00,945.1,NA,15.4,89,NA
2021-04-02 12:00:00,945.8,NA,16.1,89,NA
2021-04-02 13:00:00,946,NA,18.8,79,NA
2021-04-02 14:00:00,945.8,NA,21.3,67,NA
2021-04-02 15:00:00,945.4,NA,22.9,59,NA
2021-04-02 16:00:00,944.7,NA,24.2,54,NA
2021-04-02 17:00:00,943.9,NA,25.3,52,NA
2021-04-02 18:00:00,942.9,NA,25.2,50,NA
2021-04-02 19:00:00,942.1,NA,26.2,47,NA
2021-04-02 20:00:00,941.9,NA,26.7,46,NA
2021-04-02 21:00:00,942,NA,26,45,NA
2021-04-02 22:00:00,942.2,NA,24.4,53,NA
2021-04-02 23:00:00,942.5,NA,20.8,67,NA
2021-04-03 11:00:00,NA,1015.5,13.6,89,NA
2021-04-03 12:00:00,NA,1015.9,14,87,NA
2021-04-03 13:00:00,NA,1017.7,16.6,78,NA
2021-04-03 14:00:00,NA,1017,19.8,68,NA
2021-04-03 15:00:00,NA,1016.2,21.8,63,NA
2021-04-03 16:00:00,NA,1015.2,23.8,59,NA
2021-04-03 17:00:00,NA,1013.8,24.7,56,NA
2021-04-03 18:00:00,NA,1012.8,24.8,62,NA
2021-04-03 19:00:00,NA,1011.9,26,60,NA
2021-04-03 20:00:00,NA,1011.2,26.6,59,NA
2021-04-03 21:00:00,NA,1012.4,26.8,59,NA
2021-04-03 22:00:00,NA,1012.4,25.9,60,NA
2021-04-03 23:00:00,943.3,NA,21.6,71,NA
2021-04-04 00:00:00,943.7,NA,18.8,79,NA
2021-04-04 11:00:00,944.3,NA,14,89,NA
2021-04-04 12:00:00,944.6,NA,14.2,90,NA
2021-04-04 13:00:00,944.8,NA,16,91,NA
2021-04-04 14:00:00,944.8,NA,19.8,73,NA
2021-04-04 15:00:00,944.1,NA,23,64,NA
2021-04-04 16:00:00,943,NA,25.6,62,NA
2021-04-04 17:00:00,941.4,NA,27.6,60,NA
2021-04-04 18:00:00,940.8,NA,26.4,65,NA
2021-04-04 19:00:00,939.9,NA,28.8,54,NA
2021-04-04 20:00:00,939.4,NA,29,55,NA
2021-04-04 21:00:00,939.1,NA,28.6,54,NA
2021-04-04 22:00:00,939.1,NA,26.8,63,NA
2021-04-04 23:00:00,939.4,NA,23,67,NA
2021-04-05 11:00:00,NA,1011.4,15.3,90,NA
2021-04-05 12:00:00,NA,1011.7,16.1,89,NA
2021-04-05 13:00:00,NA,1012.8,17.6,87,NA
2021-04-05 14:00:00,NA,1011.3,21.2,77,NA
2021-04-05 15:00:00,NA,1010.9,24.3,57,NA
2021-04-05 16:00:00,NA,1009.6,24.8,58,NA
2021-04-05 17:00:00,NA,1008.3,27,50,NA
2021-04-05 18:00:00,NA,1007,28.2,49,NA
2021-04-05 19:00:00,NA,1006.5,28.4,49,NA
2021-04-05 20:00:00,NA,1006.2,29.3,48,NA
2021-04-05 21:00:00,NA,1007.8,28.2,51,NA
2021-04-05 22:00:00,NA,1008.3,25,62,NA
2021-04-05 23:00:00,NA,1009.3,21.4,71,NA
2021-04-06 00:00:00,940.4,NA,20.4,75,NA
2021-04-06 11:00:00,943.6,NA,12.6,92,NA
2021-04-06 12:00:00,943.9,NA,15.3,86,NA
2021-04-06 13:00:00,944.3,NA,19.2,85,NA
2021-04-06 14:00:00,944,NA,24.3,56,NA
2021-04-06 15:00:00,943.4,NA,24.5,56,NA
2021-04-06 16:00:00,942.7,NA,26.2,53,NA
2021-04-06 17:00:00,941.8,NA,27.7,52,NA
2021-04-06 18:00:00,940.6,NA,28.6,51,NA
2021-04-06 19:00:00,939.8,NA,29.9,44,NA
2021-04-06 20:00:00,939.1,NA,30.3,42,NA
2021-04-06 21:00:00,939.2,NA,29.6,42,NA
2021-04-06 22:00:00,939,NA,28,51,NA
2021-04-06 23:00:00,939.7,NA,21.8,65,NA
2021-04-07 11:00:00,NA,1011.4,13.3,85,NA
2021-04-07 12:00:00,NA,1011.7,14.4,83,NA
2021-04-07 13:00:00,NA,1012.5,18.3,85,NA
2021-04-07 14:00:00,NA,1011.8,20.4,76,NA
2021-04-07 15:00:00,NA,1010.8,23.3,62,NA
2021-04-07 16:00:00,NA,1009.5,24.1,60,NA
2021-04-07 17:00:00,NA,1008.5,25.6,58,NA
2021-04-07 18:00:00,NA,1007.3,25.7,61,NA
2021-04-07 19:00:00,NA,1007.8,27.2,58,NA
2021-04-07 20:00:00,NA,1006.3,25.9,61,NA
2021-04-07 21:00:00,NA,1007.9,24.5,66,NA
2021-04-07 22:00:00,NA,1008.1,23.2,74,NA
2021-04-07 23:00:00,NA,1008.5,22,84,NA
2021-04-08 00:00:00,NA,1008.6,21.6,86,NA
2021-04-08 15:00:00,939,NA,21.6,94,NA
2021-04-08 16:00:00,938.7,NA,22,94,NA
2021-04-08 17:00:00,938.2,NA,24,86,NA
2021-04-08 18:00:00,937.6,NA,25,84,NA
2021-04-08 19:00:00,937,NA,25.5,90,NA
2021-04-08 20:00:00,936.5,NA,26,78,NA
2021-04-08 21:00:00,936.5,NA,26.8,75,NA
2021-04-08 22:00:00,936.7,NA,26,76,NA
2021-04-08 23:00:00,937.3,NA,24,88,NA
2021-04-09 11:00:00,NA,1010.7,17.8,96,NA
2021-04-09 12:00:00,NA,1011.3,18,97,NA
2021-04-09 13:00:00,NA,1012.1,19.4,92,NA
2021-04-09 14:00:00,NA,1011.4,21.6,84,NA
2021-04-09 15:00:00,NA,1010.4,22.8,78,NA
2021-04-09 16:00:00,NA,1009.8,23.7,69,NA
2021-04-09 17:00:00,NA,1009.2,22.4,75,NA
2021-04-09 18:00:00,NA,1008.8,22,77,NA
2021-04-09 19:00:00,NA,1008.4,21.1,79,NA
2021-04-09 20:00:00,NA,1008.6,21.2,77,NA
2021-04-09 21:00:00,NA,1008.5,20.4,79,NA
2021-04-09 22:00:00,NA,1008.6,20.1,80,NA
2021-04-09 23:00:00,NA,1009.1,19.3,82,NA
2021-04-10 00:00:00,NA,1010.2,18.5,88,NA
2021-04-11 11:00:00,NA,1022.6,3.3,95,NA
2021-04-11 12:00:00,NA,1023,5.6,96,NA
2021-04-11 13:00:00,NA,1025,9.3,94,NA
2021-04-11 14:00:00,NA,1024,12.7,82,NA
2021-04-11 15:00:00,NA,1023.2,15.8,65,NA
2021-04-11 16:00:00,NA,1022.1,17.6,53,NA
2021-04-11 17:00:00,NA,1020.9,19.4,50,NA
2021-04-11 18:00:00,NA,1019.4,20.4,49,NA
2021-04-11 19:00:00,NA,1018.2,21.4,39,NA
2021-04-11 20:00:00,NA,1017.5,21.9,37,NA
2021-04-11 21:00:00,NA,1019.5,21.8,38,NA
2021-04-11 22:00:00,NA,1019.5,20.6,48,NA
2021-04-11 23:00:00,NA,1020.4,13.3,72,NA
2021-04-12 00:00:00,NA,1021.4,10.5,82,NA
2021-04-13 11:00:00,NA,1022.2,4.2,93,NA
2021-04-13 12:00:00,NA,1022.6,7.8,93,NA
2021-04-13 13:00:00,950,1023.5,12.3,85,NA
2021-04-13 14:00:00,950,1022.3,16.4,69,NA
2021-04-13 15:00:00,949.7,1020.9,19.5,58,NA
2021-04-13 16:00:00,948.8,1019.1,21.1,51,NA
2021-04-13 17:00:00,947.8,1017.6,21.9,48,NA
2021-04-13 18:00:00,946.5,1016,22.9,49,NA
2021-04-13 19:00:00,945.8,1015,23.9,44,NA
2021-04-13 20:00:00,945.5,1014.5,24.1,44,NA
2021-04-13 21:00:00,945.3,1016.7,23.9,42,NA
2021-04-13 22:00:00,NA,1016.5,21.3,54,NA
2021-04-13 23:00:00,945.3,1017.6,15.7,73,NA
2021-04-14 00:00:00,NA,1017.6,12.5,83,NA
2021-04-15 00:00:00,941.4,NA,NA,NA,NA
2021-04-15 11:00:00,943.8,1015.1,9.9,88,NA
2021-04-15 12:00:00,944.2,1015.5,11.7,89,NA
2021-04-15 13:00:00,944.5,1016.5,16.1,87,NA
2021-04-15 14:00:00,944.5,1015.3,20,74,NA
2021-04-15 15:00:00,943.9,1013.7,24.2,53,NA
2021-04-15 16:00:00,943.5,1012.2,24.9,52,NA
2021-04-15 17:00:00,942.5,1011,25.8,51,NA
2021-04-15 18:00:00,941.6,1009.8,26.8,52,NA
2021-04-15 19:00:00,940.9,1008.8,27.6,49,NA
2021-04-15 20:00:00,940.5,1008.2,28.6,46,NA
2021-04-15 21:00:00,940.4,1010.1,28.9,46,NA
2021-04-15 22:00:00,940.4,1010.1,26.8,52,NA
2021-04-15 23:00:00,941.3,1012.1,20,74,NA
2021-04-16 00:00:00,NA,1012.5,19.4,76,NA
2021-04-17 00:00:00,941.8,NA,NA,NA,NA
2021-04-17 11:00:00,NA,1015.1,13.1,94,NA
2021-04-17 12:00:00,945.4,1015.8,15.3,94,NA
2021-04-17 13:00:00,945.7,1016.8,20.4,82,NA
2021-04-17 14:00:00,945.8,1015.6,22.7,74,NA
2021-04-17 15:00:00,945.4,1014.6,24.3,68,NA
2021-04-17 16:00:00,944.6,1013.4,26.2,59,NA
2021-04-17 17:00:00,943.5,1011.8,26.9,57,NA
2021-04-17 18:00:00,942.4,1010.4,27.3,56,NA
2021-04-17 19:00:00,941.8,1009.7,27.7,53,NA
2021-04-17 20:00:00,941.3,1009,28.3,46,NA
2021-04-17 21:00:00,941.1,1010.5,27.7,48,NA
2021-04-17 22:00:00,941.1,1010.6,25.6,55,NA
2021-04-17 23:00:00,941.4,1011.8,21.3,71,NA
2021-04-18 00:00:00,NA,1012.2,19.4,79,NA
2021-04-18 23:00:00,941.8,NA,NA,NA,NA
2021-04-19 00:00:00,942.1,NA,NA,NA,NA
2021-04-19 11:00:00,943.8,1014.2,12.6,92,NA
2021-04-19 12:00:00,944.1,1013.9,15,91,NA
2021-04-19 13:00:00,944.1,1015.2,17.2,90,NA
2021-04-19 14:00:00,944.1,1014.6,21.8,74,NA
2021-04-19 15:00:00,943.6,1012.9,25,60,NA
2021-04-19 16:00:00,943.1,1011.6,26.6,59,NA
2021-04-19 17:00:00,942.2,1010.3,27.8,63,NA
2021-04-19 18:00:00,941.2,1008.9,28,63,NA
2021-04-19 19:00:00,940.6,1008.2,28.6,61,NA
2021-04-19 20:00:00,940.2,1007.6,28.2,63,NA
2021-04-19 21:00:00,940,1009.4,28,63,NA
2021-04-19 22:00:00,939.8,1009.2,26.3,61,NA
2021-04-19 23:00:00,940.2,1010.6,22.6,74,NA
2021-04-20 00:00:00,NA,1011,20.8,77,NA
2021-04-21 00:00:00,936.9,NA,NA,NA,NA
2021-04-21 11:00:00,936.1,1004.5,21.9,65,NA
2021-04-21 12:00:00,937.4,1005.8,21.5,68,NA
2021-04-21 13:00:00,938.4,1007.4,23.2,63,NA
2021-04-21 14:00:00,938.8,1007.4,25.1,59,NA
2021-04-21 15:00:00,942.2,1010.6,15.7,72,NA
2021-04-21 16:00:00,943,1013.8,13.5,87,NA
2021-04-21 17:00:00,942,1013.3,13.8,86,NA
2021-04-21 18:00:00,941.7,1012.9,14.8,82,NA
2021-04-21 19:00:00,941.5,1012.4,16.8,74,NA
2021-04-21 20:00:00,941.6,1012,18.1,66,NA
2021-04-21 21:00:00,941.6,1011.2,17.8,64,NA
2021-04-21 22:00:00,941.8,1011.5,16.6,67,NA
2021-04-21 23:00:00,941.8,1011.7,14.9,73,NA
2021-04-22 00:00:00,NA,1012.1,14.1,75,NA
2021-04-22 01:00:00,NA,1012.2,13.3,78,NA
2021-04-22 02:00:00,NA,1012.5,13.1,78,NA
2021-04-23 00:00:00,940.3,NA,NA,NA,NA
2021-04-23 01:00:00,941.4,NA,NA,NA,NA
2021-04-23 11:00:00,NA,1011.1,15.1,96,NA
2021-04-23 12:00:00,NA,1011.8,15.3,94,NA
2021-04-23 13:00:00,NA,1012.3,15.5,97,NA
2021-04-23 14:00:00,NA,1012.6,16,97,NA
2021-04-23 15:00:00,NA,1012.5,16.3,97,NA
2021-04-23 17:00:00,NA,1011.6,16.9,96,NA
2021-04-23 18:00:00,NA,1011,17.9,94,NA
2021-04-23 19:00:00,NA,1010.8,19.8,87,NA
2021-04-23 20:00:00,NA,1010.6,19.7,82,NA
2021-04-23 21:00:00,NA,1011.8,17.7,92,NA
2021-04-23 22:00:00,NA,1012.7,17,93,NA
2021-04-23 23:00:00,NA,1013.5,15.6,94,NA
2021-04-24 00:00:00,NA,1014.6,15.4,94,NA
2021-04-25 11:00:00,NA,1022.4,5.6,88,NA
2021-04-25 12:00:00,NA,1023.2,6.4,88,NA
2021-04-25 13:00:00,NA,1025,10,82,NA
2021-04-25 14:00:00,NA,1024.1,14.3,71,NA
2021-04-25 15:00:00,NA,1022.6,17.4,69,NA
2021-04-25 16:00:00,NA,1021,19,66,NA
2021-04-25 17:00:00,NA,1019.4,20.8,64,NA
2021-04-25 18:00:00,NA,1017.8,21.4,68,NA
2021-04-25 19:00:00,NA,1016.9,22.2,70,NA
2021-04-25 20:00:00,NA,1016.1,22.2,64,NA
2021-04-25 21:00:00,NA,1018,22.4,62,NA
2021-04-25 22:00:00,NA,1017.7,19.6,71,NA
2021-04-25 23:00:00,NA,1020.1,14.8,75,NA
2021-04-26 00:00:00,NA,1019.9,12,82,NA
2021-04-27 11:00:00,NA,1020.4,5.3,95,NA
2021-04-27 12:00:00,NA,1020.8,7.2,83,NA
2021-04-27 13:00:00,NA,1021.7,10.5,91,NA
2021-04-27 14:00:00,NA,1020.8,15.3,70,NA
2021-04-27 15:00:00,NA,1018.8,18.9,56,NA
2021-04-27 16:00:00,NA,1017.5,21,54,NA
2021-04-27 17:00:00,NA,1015.9,22.2,49,NA
2021-04-27 18:00:00,NA,1014.8,22.8,46,NA
2021-04-27 19:00:00,NA,1014.3,23.2,43,NA
2021-04-27 20:00:00,NA,1013.8,24.1,40,NA
2021-04-27 21:00:00,NA,1015.8,21.4,52,NA
2021-04-27 22:00:00,NA,1016.3,19.6,57,NA
2021-04-27 23:00:00,NA,1017.2,14.3,71,NA
2021-04-28 00:00:00,945.6,NA,11.7,83,NA
2021-04-28 11:00:00,949.2,NA,4.2,93,NA
2021-04-28 12:00:00,949.6,NA,5.7,93,NA
2021-04-28 13:00:00,950,NA,10.2,88,NA
2021-04-28 14:00:00,950.2,NA,15.2,78,NA
2021-04-28 15:00:00,950.4,NA,19.1,59,NA
2021-04-28 16:00:00,950,NA,21.1,51,NA
2021-04-28 17:00:00,949.4,NA,22.3,47,NA
2021-04-28 18:00:00,948.7,NA,23.4,45,NA
2021-04-28 19:00:00,948.2,NA,24.3,43,NA
2021-04-28 20:00:00,948.1,NA,23.9,42,NA
2021-04-28 21:00:00,947.9,NA,23.3,45,NA
2021-04-28 22:00:00,947.9,NA,20.6,55,NA
2021-04-28 23:00:00,948.1,NA,15.9,68,NA
2021-04-29 03:00:00,NA,1021.9,8.2,89,NA
2021-04-29 04:00:00,NA,1021.4,7.3,90,NA
2021-04-29 11:00:00,NA,1022.7,3.6,92,NA
2021-04-29 12:00:00,NA,1024.1,4.8,93,NA
2021-04-29 13:00:00,NA,1022.7,9.4,91,NA
2021-04-29 14:00:00,NA,1022.2,15.4,75,NA
2021-04-29 15:00:00,NA,1021.9,19.4,63,NA
2021-04-29 16:00:00,NA,1020.6,21.7,53,NA
2021-04-29 17:00:00,NA,1018.1,23.2,45,NA
2021-04-29 18:00:00,NA,1016.6,23.9,43,NA
2021-04-29 19:00:00,NA,1015.9,24.7,40,NA
2021-04-29 20:00:00,NA,1015.1,24.8,38,NA
2021-04-29 21:00:00,NA,1017.3,23.8,41,NA
2021-04-29 22:00:00,NA,1017.3,21,49,NA
2021-04-29 23:00:00,NA,1018.3,14.2,70,NA
2021-04-30 00:00:00,946.3,NA,11.7,80,NA
2021-04-30 01:00:00,946.7,NA,10.8,80,NA
2021-04-30 02:00:00,947,NA,8.4,83,NA
2021-04-30 11:00:00,945.9,NA,1.7,86,NA
2021-04-30 12:00:00,946.3,NA,4.1,81,NA
2021-04-30 13:00:00,946.4,NA,8.9,84,NA
2021-04-30 14:00:00,946.1,NA,15.4,67,NA
2021-04-30 15:00:00,945.5,NA,18.7,100,NA
2021-04-30 16:00:00,944.5,NA,21.2,48,NA
2021-04-30 17:00:00,943.2,NA,22.5,38,NA
2021-04-30 18:00:00,941.9,NA,23.4,38,NA
2021-04-30 19:00:00,941.3,NA,23.8,38,NA
2021-04-30 20:00:00,940.8,NA,24.1,39,NA
2021-04-30 21:00:00,940.3,NA,22.7,40,NA
2021-04-30 23:00:00,940.8,NA,16.2,68,NA
2021-05-01 11:00:00,NA,1015.5,3.2,86,NA
2021-05-01 12:00:00,NA,1015.8,4.8,84,NA
2021-05-01 13:00:00,NA,1017.6,9.8,77,NA
2021-05-01 14:00:00,NA,1015.8,15,67,NA
2021-05-01 15:00:00,NA,1013.9,20,59,NA
2021-05-01 16:00:00,NA,1011.9,21.4,54,NA
2021-05-01 17:00:00,NA,1010.3,22.2,56,NA
2021-05-01 18:00:00,NA,1008.5,24.6,56,NA
2021-05-01 19:00:00,NA,1007.3,24,63,NA
2021-05-01 20:00:00,NA,1007.1,24.8,60,NA
2021-05-01 21:00:00,NA,1009.6,23.8,59,NA
2021-05-01 22:00:00,NA,1010.3,22.4,58,NA
2021-05-01 23:00:00,NA,1011.4,15.6,77,NA
2021-05-02 00:00:00,940.3,NA,14.2,76,NA
2021-05-02 11:00:00,941.3,NA,8.8,86,NA
2021-05-02 12:00:00,941.6,NA,10,84,NA
2021-05-02 13:00:00,941.6,NA,12.4,79,NA
2021-05-02 14:00:00,941.6,NA,16.8,68,NA
2021-05-02 15:00:00,941.1,NA,21.6,64,NA
2021-05-02 16:00:00,940.5,NA,25,62,NA
2021-05-02 17:00:00,939.5,NA,26.1,63,NA
2021-05-02 18:00:00,938.4,NA,26.7,61,NA
2021-05-02 19:00:00,937.8,NA,26.6,61,NA
2021-05-02 20:00:00,937.6,NA,26.8,62,NA
2021-05-02 21:00:00,937.4,NA,26,62,NA
2021-05-02 22:00:00,937.6,NA,22.6,69,NA
2021-05-02 23:00:00,938,NA,17.6,78,NA
2021-05-03 11:00:00,NA,1008.7,12.9,90,NA
2021-05-03 12:00:00,NA,1009.4,13.3,92,NA
2021-05-03 13:00:00,NA,1010.5,15.9,84,NA
2021-05-03 14:00:00,NA,1009.9,18.8,75,NA
2021-05-03 15:00:00,NA,1008.6,21.1,69,NA
2021-05-03 16:00:00,NA,1007.3,23.3,63,NA
2021-05-03 17:00:00,NA,1005.7,24.7,59,NA
2021-05-03 18:00:00,NA,1004.8,25.3,56,NA
2021-05-03 19:00:00,NA,1004.7,23.8,60,NA
2021-05-03 20:00:00,NA,1005.6,22.3,62,NA
2021-05-03 21:00:00,NA,1007.7,20.4,64,NA
2021-05-03 22:00:00,NA,1009.2,17.9,65,NA
2021-05-03 23:00:00,NA,1010.3,16.6,64,NA
2021-05-04 00:00:00,941.7,NA,15.8,65,NA
2021-05-04 12:00:00,950,NA,9.1,59,NA
2021-05-04 13:00:00,951.6,NA,10.3,55,NA
2021-05-04 14:00:00,952.5,NA,12,47,NA
2021-05-04 15:00:00,953.1,NA,12.4,45,NA
2021-05-04 16:00:00,953.1,NA,10.8,66,NA
2021-05-04 17:00:00,952.5,NA,11,66,NA
2021-05-04 18:00:00,952.7,NA,10.9,71,NA
2021-05-04 19:00:00,953.7,NA,9.3,82,NA
2021-05-04 20:00:00,954.9,NA,9,83,NA
2021-05-04 21:00:00,954.2,NA,8.4,87,NA
2021-05-04 22:00:00,954.7,NA,8.2,92,NA
2021-05-04 23:00:00,955.3,NA,7.4,86,NA
2021-05-05 11:00:00,NA,1028.4,3.2,96,NA
2021-05-05 12:00:00,NA,1028.7,3.8,97,NA
2021-05-05 13:00:00,NA,1029.9,6.8,90,NA
2021-05-05 14:00:00,NA,1029.5,8,85,NA
2021-05-05 15:00:00,NA,1028.7,8.5,85,NA
2021-05-05 16:00:00,NA,1028.2,9.9,81,NA
2021-05-05 17:00:00,NA,1027.3,10.5,78,NA
2021-05-05 18:00:00,NA,1026.3,11.8,70,NA
2021-05-05 19:00:00,NA,1026,11.2,79,NA
2021-05-05 20:00:00,NA,1026.2,10.5,82,NA
2021-05-05 21:00:00,NA,1027.3,9.8,86,NA
2021-05-05 23:00:00,NA,1028.4,7,92,NA
2021-05-06 00:00:00,954.8,NA,5.3,93,NA
2021-05-06 11:00:00,955.5,NA,7.1,97,NA
2021-05-06 12:00:00,955.4,NA,6.9,97,NA
2021-05-06 13:00:00,955.3,NA,7.3,95,NA
2021-05-06 14:00:00,955.3,NA,8.2,95,NA
2021-05-06 15:00:00,955.2,NA,10.3,91,NA
2021-05-06 16:00:00,953.7,NA,14.9,75,NA
2021-05-06 17:00:00,952.8,NA,17.2,67,NA
2021-05-06 18:00:00,952.3,NA,18.3,52,NA
2021-05-06 19:00:00,951.8,NA,18.3,52,NA
2021-05-06 20:00:00,951.3,NA,18.1,58,NA
2021-05-06 21:00:00,950.6,NA,16.8,63,NA
2021-05-06 22:00:00,950.4,NA,14.3,76,NA
2021-05-06 23:00:00,950.4,NA,10.3,74,NA
2021-05-07 11:00:00,NA,1023.1,2.7,96,NA
2021-05-07 12:00:00,NA,1024.2,3.2,93,NA
2021-05-07 13:00:00,NA,1025.6,6.3,92,NA
2021-05-07 14:00:00,NA,1024.9,8.6,84,NA
2021-05-07 15:00:00,NA,1023.8,13.8,65,NA
2021-05-07 16:00:00,NA,1022,14.9,66,NA
2021-05-07 17:00:00,NA,1020.8,16,66,NA
2021-05-07 18:00:00,NA,1019.8,16.6,59,NA
2021-05-07 19:00:00,NA,1018.7,17.1,58,NA
2021-05-07 20:00:00,NA,1018.1,17.5,58,NA
2021-05-07 21:00:00,NA,1019.6,17.7,57,NA
2021-05-07 22:00:00,NA,1019.4,14.9,68,NA
2021-05-07 23:00:00,NA,1021.1,10.4,75,NA
2021-05-08 00:00:00,948.4,NA,7.9,84,NA
2021-05-08 11:00:00,948.6,NA,-0.4,89,NA
2021-05-08 12:00:00,949.3,NA,0.8,92,NA
2021-05-08 13:00:00,949.5,NA,5.8,87,NA
2021-05-08 14:00:00,949.8,NA,11.6,62,NA
2021-05-08 15:00:00,949.3,NA,14.4,54,NA
2021-05-08 16:00:00,948.3,NA,16.4,51,NA
2021-05-08 17:00:00,947.6,NA,17.5,49,NA
2021-05-08 18:00:00,946.3,NA,18.6,47,NA
2021-05-08 19:00:00,945.4,NA,19.4,45,NA
2021-05-08 20:00:00,945.1,NA,19.6,44,NA
2021-05-08 21:00:00,944.9,NA,20.1,44,NA
2021-05-08 22:00:00,945.3,NA,17.1,52,NA
2021-05-08 23:00:00,946.2,NA,11,71,NA
2021-05-09 11:00:00,NA,1021.5,8,87,NA
2021-05-09 12:00:00,NA,1021.9,8.8,86,NA
2021-05-09 13:00:00,NA,1022.7,9.6,87,NA
2021-05-09 14:00:00,NA,1023,10.7,84,NA
2021-05-09 15:00:00,NA,1022.7,11.5,82,NA
2021-05-09 16:00:00,NA,1022,13,76,NA
2021-05-09 17:00:00,NA,1020.9,14.4,70,NA
2021-05-09 18:00:00,NA,1019.5,16.1,56,NA
2021-05-09 19:00:00,NA,1018.6,17.9,52,NA
2021-05-09 20:00:00,NA,1017.9,18.6,49,NA
2021-05-09 21:00:00,NA,1019.6,17.9,52,NA
2021-05-09 22:00:00,NA,1020.4,16.2,61,NA
2021-05-09 23:00:00,NA,1021.5,15.2,65,NA
2021-05-10 00:00:00,949.6,NA,13.1,73,NA
2021-05-10 11:00:00,951.6,NA,5.4,90,NA
2021-05-10 12:00:00,952.2,NA,5.8,88,NA
2021-05-10 13:00:00,952.5,NA,7.8,86,NA
2021-05-10 14:00:00,952.7,NA,14.6,58,NA
2021-05-10 15:00:00,952.5,NA,17.8,57,NA
2021-05-10 16:00:00,951.9,NA,18.8,56,NA
2021-05-10 17:00:00,951,NA,19.8,55,NA
2021-05-10 18:00:00,950.3,NA,19.4,57,NA
2021-05-10 19:00:00,949.4,NA,19.6,58,NA
2021-05-10 20:00:00,949.2,NA,18.8,58,NA
2021-05-10 21:00:00,949.6,NA,17.2,62,NA
2021-05-10 22:00:00,950.3,NA,15.2,63,NA
2021-05-10 23:00:00,951,NA,13.2,67,NA
2021-05-11 11:00:00,NA,1025.9,6.8,80,NA
2021-05-11 12:00:00,NA,1025.5,7.2,80,NA
2021-05-11 13:00:00,NA,1026.8,8.2,76,NA
2021-05-11 14:00:00,NA,1026.5,10.6,60,NA
2021-05-11 15:00:00,NA,1026,13.4,68,NA
2021-05-11 16:00:00,NA,1024.8,15.4,65,NA
2021-05-11 17:00:00,NA,1023.3,16.8,65,NA
2021-05-11 18:00:00,NA,1021.6,18,65,NA
2021-05-11 19:00:00,NA,1020.7,18.2,65,NA
2021-05-11 20:00:00,NA,1020,18.2,63,NA
2021-05-11 21:00:00,NA,1021.4,17,67,NA
2021-05-11 22:00:00,NA,1021.6,14.2,55,NA
2021-05-11 23:00:00,NA,1022.6,10.8,83,NA
2021-05-12 00:00:00,949.9,NA,9,86,NA
2021-05-12 11:00:00,950.1,NA,0,95,NA
2021-05-12 12:00:00,950.1,NA,0.8,87,NA
2021-05-12 13:00:00,950.3,NA,4.4,83,NA
2021-05-12 14:00:00,950.7,NA,10.7,72,NA
2021-05-12 15:00:00,950.6,NA,14.7,56,NA
2021-05-12 16:00:00,949.7,NA,16.9,46,NA
2021-05-12 17:00:00,948.3,NA,19.2,44,NA
2021-05-12 18:00:00,947.4,NA,20.2,43,NA
2021-05-12 19:00:00,946.2,NA,20.8,37,NA
2021-05-12 20:00:00,945.9,NA,20.9,36,NA
2021-05-12 21:00:00,945.4,NA,20.1,33,NA
2021-05-12 23:00:00,945.8,NA,11.2,60,NA
2021-05-13 11:00:00,NA,1021.4,0.4,91,NA
2021-05-13 12:00:00,NA,1021.6,1.3,91,NA
2021-05-13 13:00:00,NA,1023.7,5.1,88,NA
2021-05-13 14:00:00,NA,1022.7,11.1,72,NA
2021-05-13 15:00:00,NA,1020.3,15.3,60,NA
2021-05-13 16:00:00,NA,1018.1,19.1,49,NA
2021-05-13 17:00:00,NA,1016.4,21.1,42,NA
2021-05-13 18:00:00,NA,1015.3,22,36,NA
2021-05-13 19:00:00,NA,1015,21.8,37,NA
2021-05-13 20:00:00,NA,1014.9,21.7,37,NA
2021-05-13 21:00:00,NA,1017.6,20.4,41,NA
2021-05-13 22:00:00,NA,1018,17.6,47,NA
2021-05-13 23:00:00,NA,1019.8,10.6,67,NA
2021-05-14 00:00:00,946.9,NA,8.4,75,NA
2021-05-14 11:00:00,947.9,NA,-0.9,89,NA
2021-05-14 12:00:00,948.4,NA,0.1,91,NA
2021-05-14 13:00:00,948.6,NA,4.7,85,NA
2021-05-14 14:00:00,948.7,NA,11.3,67,NA
2021-05-14 15:00:00,948.2,NA,15.5,49,NA
2021-05-14 16:00:00,947,NA,17.9,45,NA
2021-05-14 17:00:00,945.5,NA,19.4,46,NA
2021-05-14 18:00:00,944.6,NA,20.6,43,NA
2021-05-14 19:00:00,943.6,NA,21.3,43,NA
2021-05-14 20:00:00,943.3,NA,21.6,42,NA
2021-05-14 21:00:00,943.3,NA,20.8,45,NA
2021-05-14 22:00:00,943.7,NA,18.1,50,NA
2021-05-14 23:00:00,944.3,NA,10.9,72,NA
2021-05-15 11:00:00,NA,1021.6,1.6,89,NA
2021-05-15 12:00:00,NA,1021.1,2.2,89,NA
2021-05-15 13:00:00,NA,1022.2,6.2,85,NA
2021-05-15 14:00:00,NA,1021.3,9.6,85,NA
2021-05-15 15:00:00,NA,1020.4,15,69,NA
2021-05-15 16:00:00,NA,1018.5,18,65,NA
2021-05-15 17:00:00,NA,1016.8,19.2,65,NA
2021-05-15 18:00:00,NA,1015.3,21,61,NA
2021-05-15 19:00:00,NA,1014.1,21.2,60,NA
2021-05-15 20:00:00,NA,1013.8,21.4,60,NA
2021-05-15 21:00:00,NA,1016.3,19.2,62,NA
2021-05-15 22:00:00,NA,1017.2,15.8,72,NA
2021-05-15 23:00:00,NA,1018.2,11.4,79,NA
2021-05-16 00:00:00,945.7,NA,10.6,72,NA
2021-05-16 11:00:00,947.6,NA,4.2,86,NA
2021-05-16 12:00:00,948.7,NA,4.8,87,NA
2021-05-16 13:00:00,948.7,NA,8.2,83,NA
2021-05-16 14:00:00,949.4,NA,10.8,83,NA
2021-05-16 15:00:00,949.4,NA,14.4,70,NA
2021-05-16 16:00:00,949.1,NA,18.2,64,NA
2021-05-16 17:00:00,947.9,NA,20.8,62,NA
2021-05-16 18:00:00,947.6,NA,21.2,58,NA
2021-05-16 19:00:00,946.9,NA,21.4,63,NA
2021-05-16 20:00:00,946.9,NA,22.2,63,NA
2021-05-16 21:00:00,947.3,NA,20,65,NA
2021-05-16 22:00:00,947.3,NA,15,75,NA
2021-05-16 23:00:00,947.6,NA,11.6,83,NA
2021-05-17 11:00:00,NA,1023.2,3.3,89,NA
2021-05-17 12:00:00,NA,1023.5,4.8,88,NA
2021-05-17 13:00:00,NA,1024.5,9.3,83,NA
2021-05-17 14:00:00,NA,1023.3,13.2,79,NA
2021-05-17 15:00:00,NA,1022,17.9,68,NA
2021-05-17 16:00:00,NA,1020,21.2,55,NA
2021-05-17 17:00:00,NA,1017.9,22.9,47,NA
2021-05-17 18:00:00,NA,1016.7,23.1,46,NA
2021-05-17 19:00:00,NA,1015.6,23.6,45,NA
2021-05-17 20:00:00,NA,1015.4,23.1,46,NA
2021-05-17 21:00:00,NA,1017.8,22.1,48,NA
2021-05-17 22:00:00,NA,1017.9,17.9,68,NA
2021-05-17 23:00:00,NA,1020.4,13.2,79,NA
2021-05-18 00:00:00,946.6,NA,11.4,84,NA
2021-05-18 11:00:00,945,NA,9.9,92,NA
2021-05-18 12:00:00,945.1,NA,10.7,80,NA
2021-05-18 13:00:00,945.4,NA,13.9,87,NA
2021-05-18 14:00:00,945.2,NA,18.4,70,NA
2021-05-18 15:00:00,944.6,NA,21.8,57,NA
2021-05-18 16:00:00,943.4,NA,22.4,56,NA
2021-05-18 17:00:00,942.3,NA,23.2,56,NA
2021-05-18 18:00:00,941.1,NA,23.7,55,NA
2021-05-18 19:00:00,940.2,NA,23,56,NA
2021-05-18 20:00:00,940,NA,21.9,62,NA
2021-05-18 21:00:00,940.1,NA,20,73,NA
2021-05-18 23:00:00,940,NA,15.4,75,NA
2021-05-19 11:00:00,NA,1009.9,14.4,86,NA
2021-05-19 12:00:00,NA,1010.3,14.6,88,NA
2021-05-19 13:00:00,NA,1011,17.1,75,NA
2021-05-19 14:00:00,NA,1010.2,18.5,69,NA
2021-05-19 15:00:00,NA,1009.6,20.4,66,NA
2021-05-19 16:00:00,NA,1008.2,21.9,63,NA
2021-05-19 17:00:00,NA,1006.8,22.3,61,NA
2021-05-19 18:00:00,NA,1006,23.4,60,NA
2021-05-19 19:00:00,NA,1005.5,23.3,60,NA
2021-05-19 20:00:00,NA,1005.4,22.7,62,NA
2021-05-19 21:00:00,NA,1006.3,21.7,66,NA
2021-05-19 22:00:00,NA,1006.4,18.7,75,NA
2021-05-19 23:00:00,NA,1007.7,16.9,78,NA
2021-05-20 00:00:00,938,NA,15.4,86,NA
2021-05-20 11:00:00,938,NA,12.9,91,NA
2021-05-20 12:00:00,938.5,NA,12.5,93,NA
2021-05-20 13:00:00,938.2,NA,15.1,87,NA
2021-05-20 14:00:00,938.1,NA,16.4,83,NA
2021-05-20 16:00:00,936.8,NA,22,68,NA
2021-05-20 17:00:00,936,NA,22.1,68,NA
2021-05-20 18:00:00,935.7,NA,21.9,69,NA
2021-05-20 19:00:00,935.5,NA,21.8,70,NA
2021-05-20 20:00:00,935.7,NA,20.9,73,NA
2021-05-20 21:00:00,935.9,NA,19.9,75,NA
2021-05-20 22:00:00,936.1,NA,18.1,80,NA
2021-05-20 23:00:00,937.5,NA,17.1,79,NA
2021-05-21 11:00:00,NA,1011,10.8,91,NA
2021-05-21 12:00:00,NA,1011.9,10.5,90,NA
2021-05-21 13:00:00,NA,1013.8,9.7,90,NA
2021-05-21 14:00:00,NA,1014.5,9.4,90,NA
2021-05-21 15:00:00,NA,1014.8,10.3,85,NA
2021-05-21 16:00:00,NA,1014.9,10.6,81,NA
2021-05-21 17:00:00,NA,1014.7,11.1,79,NA
2021-05-21 18:00:00,NA,1014,11.7,75,NA
2021-05-21 19:00:00,NA,1014.1,11.9,77,NA
2021-05-21 20:00:00,NA,1014.7,11.8,79,NA
2021-05-21 21:00:00,NA,1015.5,11.2,80,NA
2021-05-21 22:00:00,NA,1015.8,10.4,81,NA
2021-05-21 23:00:00,NA,1016.2,9.9,85,NA
2021-05-22 00:00:00,945.3,NA,8.9,86,NA
2021-05-22 12:00:00,946.4,NA,0.2,95,NA
2021-05-22 13:00:00,947.3,NA,5.7,87,NA
2021-05-22 14:00:00,947.7,NA,10.2,60,NA
2021-05-22 15:00:00,947.4,NA,11.7,55,NA
2021-05-22 16:00:00,946.6,NA,13.3,44,NA
2021-05-22 17:00:00,945.8,NA,14.3,39,NA
2021-05-22 18:00:00,945,NA,14.7,37,NA
2021-05-22 19:00:00,944.8,NA,14.7,37,NA
2021-05-22 20:00:00,944.8,NA,14.3,39,NA
2021-05-22 21:00:00,945.1,NA,13.1,43,NA
2021-05-22 22:00:00,945.6,NA,11,52,NA
2021-05-22 23:00:00,946.4,NA,8.3,60,NA
2021-05-23 11:00:00,NA,1025.6,-3.7,92,NA
2021-05-23 12:00:00,NA,1026,-1,95,NA
2021-05-23 13:00:00,NA,1027.9,1.1,92,NA
2021-05-23 14:00:00,NA,NA,6.6,84,NA
2021-05-23 15:00:00,NA,1025.4,12.1,54,NA
2021-05-23 16:00:00,NA,1022.8,13.3,46,NA
2021-05-23 17:00:00,NA,1021.4,15.1,42,NA
2021-05-23 18:00:00,NA,1019.9,15.6,37,NA
2021-05-23 19:00:00,NA,1019.1,16.5,37,NA
2021-05-23 20:00:00,NA,1018.7,16.6,38,NA
2021-05-23 21:00:00,NA,1021.2,15,43,NA
2021-05-23 22:00:00,NA,1021.4,9.4,53,NA
2021-05-23 23:00:00,NA,1024,4.4,93,NA
2021-05-24 00:00:00,NA,1022.4,5.1,83,NA
2021-05-25 11:00:00,NA,1020.6,1.2,81,NA
2021-05-25 12:00:00,NA,1020.7,1.4,81,NA
2021-05-25 13:00:00,NA,1022.5,6,73,NA
2021-05-25 14:00:00,NA,1021.6,11,65,NA
2021-05-25 15:00:00,NA,1020.2,16,57,NA
2021-05-25 16:00:00,NA,1018.5,19.4,58,NA
2021-05-25 17:00:00,NA,1016.5,21.8,53,NA
2021-05-25 18:00:00,NA,1015,23,48,NA
2021-05-25 19:00:00,NA,1014.5,23.3,46,NA
2021-05-25 20:00:00,NA,1014.1,22.2,54,NA
2021-05-25 21:00:00,NA,1017,20.9,56,NA
2021-05-25 22:00:00,NA,1017.5,15,65,NA
2021-05-25 23:00:00,NA,1020.9,11.8,67,NA
2021-05-26 00:00:00,NA,1021,10.2,73,NA
2021-05-27 11:00:00,NA,1015.6,0.4,94,NA
2021-05-27 12:00:00,NA,1015.8,0.4,94,NA
2021-05-27 13:00:00,NA,1017.5,4.7,85,NA
2021-05-27 14:00:00,NA,1015.6,10.1,85,NA
2021-05-27 15:00:00,NA,1012.6,16.7,55,NA
2021-05-27 16:00:00,NA,1009.5,20.1,48,NA
2021-05-27 17:00:00,937.4,1006.7,21.8,44,NA
2021-05-27 18:00:00,936.1,1004.9,22.4,43,NA
2021-05-27 19:00:00,935.1,1003.7,22.4,43,NA
2021-05-27 20:00:00,934.2,1002.7,22.5,44,NA
2021-05-27 21:00:00,934.4,1005.7,19.9,50,NA
2021-05-27 22:00:00,934.1,1005.7,16.3,58,NA
2021-05-27 23:00:00,934.2,1006.3,13.1,78,NA
2021-05-28 00:00:00,NA,1007.3,10.3,74,NA
2021-05-29 00:00:00,935.7,NA,NA,NA,NA
2021-05-29 11:00:00,945.1,1017,7.4,75,NA
2021-05-29 12:00:00,946.5,1018.3,9.4,61,NA
2021-05-29 13:00:00,947.5,1020.3,10.3,58,NA
2021-05-29 14:00:00,948.5,1021.2,12.6,51,NA
2021-05-29 15:00:00,948.5,1020.6,14.4,43,NA
2021-05-29 16:00:00,948.1,1019.7,15.2,41,NA
2021-05-29 17:00:00,947.2,1018.5,15.2,46,NA
2021-05-29 18:00:00,946.6,1017.8,15.9,45,NA
2021-05-29 19:00:00,945.9,1016.9,17.2,42,NA
2021-05-29 20:00:00,945.7,1016.3,17.1,42,NA
2021-05-29 21:00:00,945.5,1017.4,18.6,39,NA
2021-05-29 22:00:00,945.8,1017.5,12.3,56,NA
2021-05-29 23:00:00,NA,1020.6,8.6,70,NA
2021-05-30 00:00:00,NA,1019.8,7.3,78,NA
2021-05-31 00:00:00,947.1,NA,NA,NA,NA
2021-05-31 11:00:00,948.3,1022.8,-1,91,NA
2021-05-31 12:00:00,949,1023.5,-0.8,91,NA
2021-05-31 13:00:00,949,1024.8,4,83,NA
2021-05-31 14:00:00,NA,1023.8,8.8,71,NA
2021-05-31 15:00:00,948.8,1021.9,12.6,64,NA
2021-05-31 16:00:00,947.2,1019.2,16.6,59,NA
2021-05-31 17:00:00,946.4,1017.3,18.2,60,NA
2021-05-31 18:00:00,945,1015.3,19.7,53,NA
2021-05-31 19:00:00,944,1013.9,20.4,53,NA
2021-05-31 20:00:00,943.6,1013.3,20.6,58,NA
2021-05-31 21:00:00,942.7,1015.1,19.5,56,NA
2021-05-31 22:00:00,942.9,1015.4,15.6,68,NA
2021-05-31 23:00:00,942.7,1016.2,11.4,75,NA
2021-06-01 00:00:00,NA,1016.7,8.2,71,NA
2021-06-02 00:00:00,938.6,NA,NA,NA,NA
2021-06-02 11:00:00,944.8,1017.1,5.9,85,NA
2021-06-02 12:00:00,945.5,1017.9,5.4,87,NA
2021-06-02 13:00:00,946.3,1020.1,7.7,84,NA
2021-06-02 14:00:00,946.7,1019.9,13.3,68,NA
2021-06-02 15:00:00,946.5,1018.2,18.4,53,NA
2021-06-02 16:00:00,945.9,1016.3,21.2,45,NA
2021-06-02 17:00:00,945,1014.6,22.6,38,NA
2021-06-02 18:00:00,943.8,1013,23.7,36,NA
2021-06-02 19:00:00,943.7,1012.6,23.7,36,NA
2021-06-02 20:00:00,943.7,1012.6,23,37,NA
2021-06-02 21:00:00,943.5,1014.7,21.4,40,NA
2021-06-02 22:00:00,943.8,1015.2,16.4,53,NA
2021-06-02 23:00:00,943.8,1016.2,13.2,63,NA
2021-06-03 00:00:00,NA,1016.7,12.2,67,NA
2021-06-04 00:00:00,939.4,NA,NA,NA,NA
2021-06-04 11:00:00,937.9,1009.8,7.1,85,NA
2021-06-04 12:00:00,937.9,1009.8,6.8,88,NA
2021-06-04 13:00:00,938.2,1011,9.7,90,NA
2021-06-04 14:00:00,938.4,1010.4,14.1,86,NA
2021-06-04 15:00:00,938.3,1009.2,17.8,70,NA
2021-06-04 16:00:00,937.2,1007.1,20.7,59,NA
2021-06-04 17:00:00,936.1,1005.1,21.9,58,NA
2021-06-04 18:00:00,935.1,1003.8,22.9,57,NA
2021-06-04 19:00:00,935,1003.4,24,58,NA
2021-06-04 20:00:00,935.1,1003.3,23.1,59,NA
2021-06-04 21:00:00,935.2,1005.6,21.5,68,NA
2021-06-04 22:00:00,936,1006.7,18.1,70,NA
2021-06-04 23:00:00,937.2,1008.5,16.6,74,NA
2021-06-05 00:00:00,NA,1009.3,15.9,74,NA
2021-06-06 00:00:00,946.7,NA,NA,NA,NA
2021-06-06 11:00:00,946.1,1018.4,6.4,85,NA
2021-06-06 12:00:00,946.9,1019.8,6.2,85,NA
2021-06-06 13:00:00,946.9,1020.6,9.2,84,NA
2021-06-06 14:00:00,946.9,1019.7,13,67,NA
2021-06-06 15:00:00,946.9,1018.7,14,64,NA
2021-06-06 16:00:00,946.1,1017.6,15.2,63,NA
2021-06-06 17:00:00,944.9,1016,16.2,63,NA
2021-06-06 18:00:00,943.9,1014.7,17,67,NA
2021-06-06 19:00:00,943.2,1013.7,17.5,67,NA
2021-06-06 20:00:00,943,1013.4,17.2,66,NA
2021-06-06 21:00:00,943,1014.8,16.7,64,NA
2021-06-06 22:00:00,943.2,1015.1,12.8,73,NA
2021-06-06 23:00:00,943.5,1016.4,9.2,84,NA
2021-06-07 00:00:00,NA,1016.8,7.4,83,NA
2021-06-08 00:00:00,947.1,NA,NA,NA,NA
2021-06-08 11:00:00,NA,1021.6,2.7,90,NA
2021-06-08 12:00:00,NA,1020.6,1.6,91,NA
2021-06-08 13:00:00,NA,1021.8,4.4,88,NA
2021-06-08 14:00:00,NA,1020.9,9.3,80,NA
2021-06-08 15:00:00,NA,1019.2,13.7,68,NA
2021-06-08 16:00:00,NA,1017.1,15.5,64,NA
2021-06-08 17:00:00,NA,1014.8,17.1,59,NA
2021-06-08 18:00:00,NA,1013.4,17.8,59,NA
2021-06-08 19:00:00,NA,1012.6,18.4,55,NA
2021-06-08 20:00:00,NA,1012,18.6,53,NA
2021-06-08 21:00:00,NA,1014,17.8,57,NA
2021-06-08 22:00:00,NA,1014.2,12.2,68,NA
2021-06-08 23:00:00,NA,1015.8,8.6,80,NA
2021-06-09 00:00:00,NA,1016.6,7.3,85,NA
2021-06-10 00:00:00,943.5,NA,NA,NA,NA
2021-06-10 11:00:00,948.4,1021.8,3.8,92,NA
2021-06-10 12:00:00,949.6,1023,5.6,91,NA
2021-06-10 13:00:00,950.4,1024.5,6.9,87,NA
2021-06-10 14:00:00,950.6,1024.4,10.7,89,NA
2021-06-10 15:00:00,950.4,1023.1,17.4,69,NA
2021-06-10 16:00:00,950.8,1021.8,19.6,52,NA
2021-06-10 17:00:00,950.2,1020.6,20.4,45,NA
2021-06-10 18:00:00,949.9,1020.1,20.4,45,NA
2021-06-10 19:00:00,950.3,1020.5,19.6,52,NA
2021-06-10 20:00:00,950.5,1020.9,18.8,56,NA
2021-06-10 21:00:00,NA,1023.4,17.5,63,NA
2021-06-10 22:00:00,950.9,1023.6,16.6,59,NA
2021-06-10 23:00:00,951.2,1024.6,10.7,77,NA
2021-06-11 00:00:00,NA,1025.4,7.4,80,NA
2021-06-12 00:00:00,949.4,NA,NA,NA,NA
2021-06-12 11:00:00,NA,1019.5,-0.1,94,NA
2021-06-12 12:00:00,945.7,1020.8,0.4,94,NA
2021-06-12 13:00:00,946,1021.2,3.9,93,NA
2021-06-12 14:00:00,945.9,1020.1,9.5,87,NA
2021-06-12 15:00:00,NA,1018.2,14.2,75,NA
2021-06-12 16:00:00,944.7,1016,17.6,62,NA
2021-06-12 17:00:00,943.5,1013.9,19.6,56,NA
2021-06-12 18:00:00,942.5,1012.3,20.7,51,NA
2021-06-12 19:00:00,941.6,1011.1,21.7,48,NA
2021-06-12 20:00:00,941.1,1010.3,22.6,47,NA
2021-06-12 21:00:00,941.1,1012.9,22.9,45,NA
2021-06-12 22:00:00,941.5,1013.3,14.4,66,NA
2021-06-12 23:00:00,941.7,1015.1,11,76,NA
2021-06-13 00:00:00,NA,1015.4,8.9,83,NA
2021-06-14 00:00:00,942.2,NA,NA,NA,NA
2021-06-14 11:00:00,NA,1021,10,81,NA
2021-06-14 12:00:00,949.2,1022,9.3,77,NA
2021-06-14 13:00:00,949.9,1022.9,10.4,66,NA
2021-06-14 14:00:00,950.8,1023.6,11.1,62,NA
2021-06-14 15:00:00,951.3,1024,12.7,57,NA
2021-06-14 16:00:00,951.1,1023.3,13.1,54,NA
2021-06-14 17:00:00,950.7,1022.8,14.4,49,NA
2021-06-14 18:00:00,950.2,1021.9,13.2,50,NA
2021-06-14 19:00:00,950.1,1022.1,12.9,49,NA
2021-06-14 20:00:00,950.6,1022.7,12.4,50,NA
2021-06-14 21:00:00,951.5,1024.2,11.3,55,NA
2021-06-14 22:00:00,951.7,1024.5,10.3,57,NA
2021-06-14 23:00:00,952.1,1025,9.7,58,NA
2021-06-15 00:00:00,NA,1025.6,9.4,58,NA
2021-06-16 11:00:00,NA,1030.2,1.9,97,NA
2021-06-16 12:00:00,NA,1030.4,2.1,94,NA
2021-06-16 13:00:00,NA,1032.1,2.8,89,NA
2021-06-16 14:00:00,NA,1032.1,3.7,85,NA
2021-06-16 15:00:00,956.6,1031.7,3.9,90,NA
2021-06-16 16:00:00,956.2,1031.2,4,96,NA
2021-06-16 17:00:00,955.6,1030.6,4.5,90,NA
2021-06-16 18:00:00,955.1,1029.9,4.4,93,NA
2021-06-16 19:00:00,955,1029.8,4.3,95,NA
2021-06-16 20:00:00,955,1029.8,4,96,NA
2021-06-16 21:00:00,955.3,1030.5,4,96,NA
2021-06-16 22:00:00,955.1,1030.3,3.8,95,NA
2021-06-16 23:00:00,NA,1030.3,3.5,91,NA
2021-06-17 00:00:00,NA,1030.6,3.2,91,NA
2021-06-18 00:00:00,953.4,NA,NA,NA,NA
2021-06-18 11:00:00,952.5,1026.4,4.2,96,NA
2021-06-18 12:00:00,952.7,1026.7,4.2,96,NA
2021-06-18 13:00:00,952.8,1027.5,4.5,96,NA
2021-06-18 14:00:00,953.3,1027.9,4.7,95,NA
2021-06-18 15:00:00,953,1027.6,4.9,95,NA
2021-06-18 16:00:00,952.4,1026.9,4.9,95,NA
2021-06-18 17:00:00,951.6,1026,5.2,93,NA
2021-06-18 18:00:00,951.2,1025.5,5.4,92,NA
2021-06-18 19:00:00,950.7,1024.9,6.1,90,NA
2021-06-18 20:00:00,950.7,1024.7,6.1,89,NA
2021-06-18 21:00:00,951,1025.3,5.9,89,NA
2021-06-18 22:00:00,951.3,1025.6,5.4,92,NA
2021-06-18 23:00:00,952.1,1026,5.2,93,NA
2021-06-19 00:00:00,NA,1026.7,5.1,94,NA
2021-06-20 00:00:00,951,NA,NA,NA,NA
2021-06-20 11:00:00,947.7,1023.4,-4,75,NA
2021-06-20 12:00:00,947.7,1023.4,-4.2,74,NA
2021-06-20 13:00:00,947.7,1024.4,-1.5,85,NA
2021-06-20 14:00:00,948.2,1024.2,3,53,NA
2021-06-20 15:00:00,947.7,1022.3,7.8,65,NA
2021-06-20 16:00:00,946.6,1019.8,9.4,63,NA
2021-06-20 17:00:00,945.5,1018.2,10.6,57,NA
2021-06-20 18:00:00,944.9,1017.2,10.9,57,NA
2021-06-20 19:00:00,944.3,1016.5,11,59,NA
2021-06-20 20:00:00,943.7,1015.8,11.7,60,NA
2021-06-20 21:00:00,944.3,1018.4,11.2,62,NA
2021-06-20 22:00:00,944.5,1018.7,9.2,62,NA
2021-06-20 23:00:00,945.3,1019.8,4.8,76,NA
2021-06-21 00:00:00,NA,1021.4,2,48,NA
2021-06-21 23:00:00,946,NA,NA,NA,NA
2021-06-22 00:00:00,946.3,NA,NA,NA,NA
2021-06-22 11:00:00,NA,1020.6,-3.1,92,NA
2021-06-22 12:00:00,946.4,1020.5,-2.9,93,NA
2021-06-22 13:00:00,946.1,1022.3,-0.2,94,NA
2021-06-22 14:00:00,945.9,1021.3,5.2,91,NA
2021-06-22 15:00:00,NA,1019.2,10.9,72,NA
2021-06-22 16:00:00,NA,1016.4,13.9,62,NA
2021-06-22 17:00:00,NA,1014,15.2,58,NA
2021-06-22 18:00:00,NA,1012.9,15.8,56,NA
2021-06-22 19:00:00,NA,1011.4,16.1,57,NA
2021-06-22 20:00:00,NA,1010.8,16.2,55,NA
2021-06-22 21:00:00,NA,1012.7,15.1,60,NA
2021-06-22 22:00:00,NA,1012.6,11.6,71,NA
2021-06-22 23:00:00,NA,1014.2,8.1,79,NA
2021-06-23 00:00:00,NA,1014.5,6.9,87,NA
2021-06-24 00:00:00,940.3,NA,NA,NA,NA
2021-06-24 12:00:00,944.9,1018.3,2,93,NA
2021-06-24 13:00:00,945.5,1020.2,5.2,84,NA
2021-06-24 14:00:00,945.9,1019.8,9.1,84,NA
2021-06-24 15:00:00,945.1,1017.8,13.9,76,NA
2021-06-24 16:00:00,944.8,1016.2,15.1,59,NA
2021-06-24 17:00:00,943.7,1014.7,16.8,49,NA
2021-06-24 18:00:00,943.1,1013.7,17.7,44,NA
2021-06-24 19:00:00,942.3,1012.6,18.2,41,NA
2021-06-24 20:00:00,941.5,1011.6,18.4,40,NA
2021-06-24 21:00:00,941.5,1011.5,17.1,46,NA
2021-06-24 22:00:00,941.7,1014,11.9,54,NA
2021-06-24 23:00:00,942.3,1016.3,6.5,74,NA
2021-06-25 00:00:00,NA,1016.6,5.7,81,NA
2021-06-26 00:00:00,939.6,NA,NA,NA,NA
2021-06-26 11:00:00,NA,1020.8,4.9,91,NA
2021-06-26 12:00:00,NA,1021.6,4.7,92,NA
2021-06-26 13:00:00,NA,1022.7,4.9,91,NA
2021-06-26 14:00:00,NA,1023.7,5.2,90,NA
2021-06-26 15:00:00,NA,1023.6,6.8,81,NA
2021-06-26 16:00:00,NA,1023.5,7.6,71,NA
2021-06-26 17:00:00,NA,1022.9,9.9,54,NA
2021-06-26 18:00:00,NA,1022.1,9.9,44,NA
2021-06-26 19:00:00,NA,1022.4,9.8,41,NA
2021-06-26 20:00:00,NA,1023.1,8.8,41,NA
2021-06-26 21:00:00,NA,1024.6,8.2,44,NA
2021-06-26 22:00:00,NA,1025.4,5.8,52,NA
2021-06-26 23:00:00,NA,1026.8,2.4,61,NA
2021-06-27 00:00:00,NA,1027.1,0.6,69,NA
2021-06-28 11:00:00,NA,1037.7,-7.1,90,NA
2021-06-28 12:00:00,NA,1037,-7.4,83,NA
2021-06-28 13:00:00,NA,1038.7,-4.7,76,NA
2021-06-28 14:00:00,NA,1038,0.6,79,NA
2021-06-28 15:00:00,NA,1036.1,5.1,64,NA
2021-06-28 16:00:00,NA,1034,6.9,46,NA
2021-06-28 17:00:00,NA,1032.5,8.6,39,NA
2021-06-28 18:00:00,NA,1031.1,9.2,40,NA
2021-06-28 19:00:00,NA,1030.5,9.9,36,NA
2021-06-28 20:00:00,NA,1029,10.7,35,NA
2021-06-28 21:00:00,NA,1030.7,10.5,36,NA
2021-06-28 22:00:00,NA,1032.5,5.1,44,NA
2021-06-28 23:00:00,NA,1033.8,-0.6,54,NA
2021-06-29 00:00:00,NA,1034,-2.3,73,NA
2021-06-30 00:00:00,953.1,NA,NA,NA,NA
2021-06-30 11:00:00,949.7,1025.9,-7.6,83,NA
2021-06-30 12:00:00,949.4,1025.6,-7,84,NA
2021-06-30 13:00:00,949.1,1026.8,-4.8,87,NA
2021-06-30 14:00:00,949.1,1026.1,0.2,64,NA
2021-06-30 15:00:00,948.6,1024.1,7.6,44,NA
2021-06-30 16:00:00,947.7,1021,11.3,32,NA
2021-06-30 17:00:00,945.9,1018.1,13,33,NA
2021-06-30 18:00:00,944.5,1016.1,14.8,26,NA
2021-06-30 19:00:00,944,1015.1,14.6,28,NA
2021-06-30 20:00:00,943.8,1015,15,34,NA
2021-06-30 21:00:00,943.5,1017.6,13,31,NA
2021-06-30 22:00:00,943.8,1018.2,6.4,50,NA
2021-06-30 23:00:00,944.5,1020.2,2.8,57,NA
2021-07-01 00:00:00,NA,1020.4,1.6,54,NA
