2021-01-07 00:00:00,963.9,NA,NA,NA,NA
2021-01-07 09:00:00,962.5,1010.6,15,84,NA
2021-01-07 10:00:00,962.8,1010.9,15.6,75,NA
2021-01-07 11:00:00,963.8,1011.8,18,62,NA
2021-01-07 12:00:00,963.4,1011.4,21.4,55,NA
2021-01-07 13:00:00,963.4,1011,27,42,NA
2021-01-07 14:00:00,963.2,1009.9,29,32,NA
2021-01-07 15:00:00,963,1009.3,29.8,29,NA
2021-01-07 16:00:00,962.4,1008.6,30,27,NA
2021-01-07 17:00:00,961.6,1007.7,31,25,NA
2021-01-07 18:00:00,961.4,1007.3,32.2,24,NA
2021-01-07 19:00:00,960.6,1007.7,32.2,22,NA
2021-01-07 20:00:00,960.2,1007.3,32.5,22,NA
2021-01-07 21:00:00,959.6,1006.9,32.5,23,NA
2021-01-07 22:00:00,959.6,1006.9,32.2,25,NA
2021-01-07 23:00:00,959.9,1007.2,29.8,31,NA
2021-01-08 00:00:00,NA,1007.8,27.2,41,NA
2021-01-09 00:00:00,963.1,NA,NA,NA,NA
2021-01-09 09:00:00,961.8,1009.9,15.6,89,NA
2021-01-09 10:00:00,962.5,1010.7,15.2,91,NA
2021-01-09 11:00:00,963.3,1011.9,17.4,83,NA
2021-01-09 12:00:00,963.7,1012.1,19.4,70,NA
2021-01-09 13:00:00,963.4,1011.3,21.2,58,NA
2021-01-09 14:00:00,963,1010.6,22.7,49,NA
2021-01-09 15:00:00,962.5,1009.8,23.3,49,NA
2021-01-09 16:00:00,962.1,1009.3,24.5,48,NA
2021-01-09 17:00:00,961.6,1008.6,24.9,52,NA
2021-01-09 18:00:00,960.4,1007.3,26.1,51,NA
2021-01-09 19:00:00,959.8,1007.3,26.5,51,NA
2021-01-09 20:00:00,959.2,1006.6,27.2,50,NA
2021-01-09 21:00:00,958.5,1006.1,27.4,50,NA
2021-01-09 22:00:00,958.2,1006,26.5,52,NA
2021-01-09 23:00:00,958.6,1006.3,25.2,59,NA
2021-01-10 00:00:00,NA,1006.5,22.8,70,NA
2021-01-11 00:00:00,953.4,NA,NA,NA,NA
2021-01-11 09:00:00,958.1,1005.3,17.4,87,NA
2021-01-11 10:00:00,957.8,1005.2,16.4,99,NA
2021-01-11 11:00:00,961.8,1009.6,16.6,93,NA
2021-01-11 12:00:00,959.7,1007.6,15.6,99,NA
2021-01-11 13:00:00,960,1008.4,16.4,98,NA
2021-01-11 14:00:00,960.1,1008.4,17.8,84,NA
2021-01-11 15:00:00,961,1009.1,17.8,88,NA
2021-01-11 16:00:00,960.8,1008.9,20.4,73,NA
2021-01-11 17:00:00,960,1007.6,21.6,68,NA
2021-01-11 18:00:00,960.8,1008.2,24.1,60,NA
2021-01-11 19:00:00,961,1008.6,23.4,61,NA
2021-01-11 20:00:00,961.7,1009.4,23.3,65,NA
2021-01-11 21:00:00,962.1,1010.1,23.8,59,NA
2021-01-11 22:00:00,962.7,1011,21.6,74,NA
2021-01-11 23:00:00,NA,1012.1,21.9,72,NA
2021-01-12 00:00:00,NA,1013.2,20.6,68,NA
2021-01-13 00:00:00,966.2,NA,NA,NA,NA
2021-01-13 09:00:00,968.2,1016.4,17.6,88,NA
2021-01-13 10:00:00,968.6,1016.9,17.8,88,NA
2021-01-13 11:00:00,969,1017.4,19.2,82,NA
2021-01-13 12:00:00,969,1017.4,21.4,70,NA
2021-01-13 13:00:00,969.2,1017.1,22.6,66,NA
2021-01-13 14:00:00,968.9,1016.6,24,63,NA
2021-01-13 15:00:00,968.8,1016.2,25.6,55,NA
2021-01-13 16:00:00,968.6,1015.7,25.8,56,NA
2021-01-13 17:00:00,968.2,1015.3,26.6,49,NA
2021-01-13 18:00:00,967.6,1014.5,27,51,NA
2021-01-13 19:00:00,967,1014.6,27.4,50,NA
2021-01-13 20:00:00,965.9,1013.4,27.7,43,NA
2021-01-13 21:00:00,965.6,1013.4,28,42,NA
2021-01-13 22:00:00,965.3,1013.1,27.8,43,NA
2021-01-13 23:00:00,965.8,1013.6,26.2,49,NA
2021-01-14 00:00:00,NA,1014.2,24.2,63,NA
2021-01-15 00:00:00,959.7,NA,NA,NA,NA
2021-01-15 09:00:00,961.4,1009,17.9,95,NA
2021-01-15 10:00:00,960.8,1008.4,17.3,97,NA
2021-01-15 11:00:00,960.2,1007.8,18,93,NA
2021-01-15 12:00:00,960.2,1007.9,18.4,97,NA
2021-01-15 13:00:00,959.4,1007.3,19.6,90,NA
2021-01-15 14:00:00,958.6,1006.2,20.6,85,NA
2021-01-15 15:00:00,959.6,1007.1,21,83,NA
2021-01-15 16:00:00,959.3,1006.7,22.6,77,NA
2021-01-15 17:00:00,958.9,1006.1,24,76,NA
2021-01-15 18:00:00,958.2,1005.1,24.6,64,NA
2021-01-15 19:00:00,957.5,1004.8,25,63,NA
2021-01-15 20:00:00,956.4,1003.6,25.6,61,NA
2021-01-15 21:00:00,955.5,1002.9,26,60,NA
2021-01-15 22:00:00,955.4,1002.9,25.6,62,NA
2021-01-15 23:00:00,NA,1003.5,23.6,73,NA
2021-01-16 00:00:00,NA,1004,21.6,82,NA
2021-01-17 00:00:00,963.3,NA,NA,NA,NA
2021-01-17 09:00:00,965.7,1014.4,12,87,NA
2021-01-17 10:00:00,966.6,1015.4,13.4,83,NA
2021-01-17 11:00:00,966.5,1015,16,79,NA
2021-01-17 12:00:00,967,1015.6,18.2,63,NA
2021-01-17 13:00:00,967.2,1015.5,21,57,NA
2021-01-17 14:00:00,967.3,1015.1,23.6,52,NA
2021-01-17 15:00:00,967,1014.4,24.2,46,NA
2021-01-17 16:00:00,966.6,1013.9,25,40,NA
2021-01-17 17:00:00,NA,1012.9,26,34,NA
2021-01-17 18:00:00,NA,1012.5,26.6,30,NA
2021-01-17 19:00:00,NA,1013,26.8,28,NA
2021-01-17 20:00:00,NA,1012.5,26.4,27,NA
2021-01-17 21:00:00,NA,1012.2,25.6,28,NA
2021-01-17 22:00:00,NA,1011.8,25,30,NA
2021-01-17 23:00:00,NA,1012.9,23.6,37,NA
2021-01-18 00:00:00,NA,1013.3,21,43,NA
2021-01-19 09:00:00,NA,1013.1,16.6,64,NA
2021-01-19 10:00:00,NA,1013.8,15.8,67,NA
2021-01-19 11:00:00,NA,1014.5,18.9,53,NA
2021-01-19 12:00:00,NA,1014.9,21.5,50,NA
2021-01-19 13:00:00,NA,1014.7,24.4,45,NA
2021-01-19 14:00:00,NA,1014.4,25.4,41,NA
2021-01-19 15:00:00,NA,1014.3,27.5,40,NA
2021-01-19 16:00:00,NA,1013.5,28.6,37,NA
2021-01-19 17:00:00,NA,1013.1,28.8,36,NA
2021-01-19 18:00:00,NA,1012.6,29.2,34,NA
2021-01-19 19:00:00,NA,1013,29.4,30,NA
2021-01-19 20:00:00,NA,1012.7,28.6,31,NA
2021-01-19 21:00:00,NA,1012.8,28.6,32,NA
2021-01-19 22:00:00,NA,1012.8,27.4,34,NA
2021-01-19 23:00:00,NA,1013.1,25.8,41,NA
2021-01-20 00:00:00,NA,1013.6,22.2,59,NA
2021-01-21 09:00:00,NA,1014.2,19.2,62,NA
2021-01-21 10:00:00,NA,1014.6,20,58,NA
2021-01-21 11:00:00,NA,1015.4,21.4,54,NA
2021-01-21 12:00:00,NA,1015.4,24,48,NA
2021-01-21 13:00:00,NA,1015.2,25.4,46,NA
2021-01-21 14:00:00,NA,1015,27.6,35,NA
2021-01-21 15:00:00,NA,1014.6,29,39,NA
2021-01-21 16:00:00,NA,1014.1,29.6,39,NA
2021-01-21 17:00:00,NA,1013.8,30.2,33,NA
2021-01-21 18:00:00,NA,1013.5,30.6,33,NA
2021-01-21 19:00:00,NA,1014,30.9,33,NA
2021-01-21 20:00:00,NA,1013.7,30.8,34,NA
2021-01-21 21:00:00,NA,1013.8,30,35,NA
2021-01-21 22:00:00,NA,1013.7,29.4,37,NA
2021-01-21 23:00:00,NA,1013.9,27.7,44,NA
2021-01-22 00:00:00,NA,1014.4,24.6,56,NA
2021-01-23 09:00:00,NA,1011.6,21.8,87,NA
2021-01-23 10:00:00,NA,1011.8,22.3,85,NA
2021-01-23 11:00:00,NA,1011.8,24.2,77,NA
2021-01-23 12:00:00,NA,1011.9,25.8,68,NA
2021-01-23 13:00:00,NA,1011.6,28.2,60,NA
2021-01-23 14:00:00,NA,1011.1,28.8,59,NA
2021-01-23 15:00:00,NA,1010.6,29.3,57,NA
2021-01-23 16:00:00,NA,1010.1,31.2,49,NA
2021-01-23 17:00:00,NA,1009.2,31.7,47,NA
2021-01-23 18:00:00,NA,1008.9,31.9,48,NA
2021-01-23 19:00:00,NA,1008.5,31.5,48,NA
2021-01-23 20:00:00,NA,1007.9,31,49,NA
2021-01-23 21:00:00,NA,1007.5,31.3,49,NA
2021-01-23 22:00:00,NA,1007.4,30.8,49,NA
2021-01-23 23:00:00,NA,1007.9,29.2,51,NA
2021-01-24 00:00:00,NA,1008.4,27.4,57,NA
2021-01-25 09:00:00,NA,1003.9,21.7,80,NA
2021-01-25 10:00:00,NA,1004.2,22,79,NA
2021-01-25 11:00:00,NA,1004.4,23.5,76,NA
2021-01-25 12:00:00,NA,1004.7,24.8,72,NA
2021-01-25 13:00:00,NA,1004.4,26.6,67,NA
2021-01-25 14:00:00,NA,1003.8,27.6,63,NA
2021-01-25 15:00:00,NA,1003,29.2,57,NA
2021-01-25 16:00:00,NA,1002.2,31.8,43,NA
2021-01-25 17:00:00,NA,1000.9,34,38,NA
2021-01-25 18:00:00,NA,1000.6,25.5,74,NA
2021-01-25 19:00:00,NA,1001.7,24.8,77,NA
2021-01-25 20:00:00,NA,1001.9,22.6,74,NA
2021-01-25 21:00:00,NA,1001.4,23.4,78,NA
2021-01-25 22:00:00,NA,1000.8,26.6,64,NA
2021-01-25 23:00:00,NA,1001.4,25.2,76,NA
2021-01-26 00:00:00,NA,1002,24.2,77,NA
2021-01-26 15:00:00,958.4,NA,27.4,62,NA
2021-01-26 16:00:00,957.7,NA,27.6,59,NA
2021-01-26 17:00:00,957,NA,28,54,NA
2021-01-26 18:00:00,956.5,NA,29,53,NA
2021-01-26 19:00:00,956.2,NA,29.4,53,NA
2021-01-26 20:00:00,956,NA,30.2,49,NA
2021-01-27 09:00:00,NA,1007.4,19.4,82,NA
2021-01-27 10:00:00,NA,1007.9,20.1,79,NA
2021-01-27 11:00:00,NA,1008.5,22.4,71,NA
2021-01-27 12:00:00,NA,1008.4,25,63,NA
2021-01-27 13:00:00,NA,1008.1,26.8,59,NA
2021-01-27 14:00:00,NA,1007.6,28.4,58,NA
2021-01-27 15:00:00,NA,1006.6,29.1,56,NA
2021-01-27 16:00:00,NA,1005.6,30,51,NA
2021-01-27 17:00:00,NA,1004.6,30.4,51,NA
2021-01-27 18:00:00,NA,1003.3,31.6,45,NA
2021-01-27 19:00:00,NA,1003.7,30.8,42,NA
2021-01-27 20:00:00,NA,1002.7,27.8,51,NA
2021-01-27 21:00:00,NA,1002.4,30.1,39,NA
2021-01-27 22:00:00,NA,1002.2,29.4,39,NA
2021-01-27 23:00:00,NA,1002,27.6,53,NA
2021-01-28 00:00:00,NA,1002.2,26,60,NA
2021-01-29 09:00:00,NA,1005.2,15,94,NA
2021-01-29 10:00:00,NA,1005.3,15.2,94,NA
2021-01-29 11:00:00,NA,1005.4,17,89,NA
2021-01-29 12:00:00,NA,1005.5,17.6,88,NA
2021-01-29 13:00:00,NA,1005.9,21,82,NA
2021-01-29 14:00:00,NA,1005,24,69,NA
2021-01-29 15:00:00,NA,1004,25.6,61,NA
2021-01-29 16:00:00,NA,1003.5,25.8,57,NA
2021-01-29 17:00:00,NA,1003.3,26,56,NA
2021-01-29 18:00:00,NA,1002.6,26.4,53,NA
2021-01-29 19:00:00,NA,1002.9,25,56,NA
2021-01-29 20:00:00,NA,1002.6,25,65,NA
2021-01-29 21:00:00,NA,1002.4,24.5,68,NA
2021-01-29 22:00:00,NA,1002.2,23.8,73,NA
2021-01-29 23:00:00,NA,1002.9,22.2,79,NA
2021-01-30 00:00:00,NA,1003.5,20.6,81,NA
2021-01-31 00:00:00,965.2,NA,NA,NA,NA
2021-01-31 09:00:00,967,1016.2,14.2,88,NA
2021-01-31 10:00:00,966.6,1015.9,14.7,89,NA
2021-01-31 11:00:00,966.8,1016,13.8,94,NA
2021-01-31 12:00:00,966.5,1015.8,13.2,99,NA
2021-01-31 13:00:00,967.9,1017.1,13.5,97,NA
2021-01-31 14:00:00,966.4,1015.5,13.3,99,NA
2021-01-31 15:00:00,967.3,1016.5,13,100,NA
2021-01-31 16:00:00,966.5,1015.7,13.8,93,NA
2021-01-31 17:00:00,966.3,1015.3,13.9,93,NA
2021-01-31 18:00:00,966.6,1015.6,13.7,97,NA
2021-01-31 19:00:00,964.6,1013.5,14.2,88,NA
2021-01-31 20:00:00,965,1013.9,15,84,NA
2021-01-31 21:00:00,965,1014.3,14.7,86,NA
2021-01-31 22:00:00,NA,1015.3,14.1,89,NA
2021-01-31 23:00:00,965.4,1014.7,14,98,NA
2021-02-01 00:00:00,964.6,1014,13.4,97,NA
2021-02-02 00:00:00,965.3,NA,NA,NA,NA
2021-02-02 09:00:00,965.8,1014.7,15,96,NA
2021-02-02 10:00:00,966.1,1014.9,15.2,98,NA
2021-02-02 11:00:00,966.4,1015.3,15.6,98,NA
2021-02-02 12:00:00,967.4,1016.4,15.4,97,NA
2021-02-02 13:00:00,967.4,1016.2,15.1,99,NA
2021-02-02 14:00:00,967.9,1016.8,16.4,93,NA
2021-02-02 15:00:00,967.7,1016.4,16.7,93,NA
2021-02-02 16:00:00,967.6,1016.2,17.4,93,NA
2021-02-02 17:00:00,NA,1015.8,16.8,95,NA
2021-02-02 18:00:00,967,1015.4,18.6,82,NA
2021-02-02 19:00:00,966.8,1015.3,19.4,76,NA
2021-02-02 20:00:00,966.1,1014.5,20.6,66,NA
2021-02-02 21:00:00,966.2,1014.8,20.7,65,NA
2021-02-02 22:00:00,966.2,1014.8,21.6,58,NA
2021-02-02 23:00:00,967,1015.7,19.8,73,NA
2021-02-03 00:00:00,NA,1016.4,18,89,NA
2021-02-04 00:00:00,968,NA,NA,NA,NA
2021-02-04 09:00:00,969.4,1018.3,12,94,NA
2021-02-04 10:00:00,970.2,1019.4,12.4,91,NA
2021-02-04 11:00:00,970.9,1020.3,15,89,NA
2021-02-04 12:00:00,971.4,1020.3,18,71,NA
2021-02-04 13:00:00,971.7,1021.2,21,68,NA
2021-02-04 14:00:00,971.8,1021,24,58,NA
2021-02-04 15:00:00,971.4,1018.9,25.2,53,NA
2021-02-04 16:00:00,971.3,1018.6,25.8,48,NA
2021-02-04 17:00:00,970.9,1018.1,26,43,NA
2021-02-04 18:00:00,970.1,1019,26.4,39,NA
2021-02-04 19:00:00,NA,1018.2,26.6,36,NA
2021-02-04 20:00:00,969.4,1017.7,26.6,36,NA
2021-02-04 21:00:00,969.3,1017.9,26.4,35,NA
2021-02-04 22:00:00,968.9,1017.5,25,46,NA
2021-02-04 23:00:00,969.3,1018,22.2,62,NA
2021-02-05 00:00:00,NA,1018.1,21.4,64,NA
2021-02-05 09:00:00,NA,1015.1,16.2,89,NA
2021-02-05 10:00:00,NA,1015.5,16.8,86,NA
2021-02-05 11:00:00,NA,1016,17.8,82,NA
2021-02-05 12:00:00,NA,1016.3,19.8,73,NA
2021-02-05 13:00:00,NA,1016,20.5,73,NA
2021-02-05 14:00:00,NA,1015.8,24.4,51,NA
2021-02-05 15:00:00,NA,1014.7,25.8,49,NA
2021-02-05 16:00:00,NA,1014,26,49,NA
2021-02-05 17:00:00,NA,1013.2,26.5,48,NA
2021-02-05 18:00:00,NA,1012.7,25.8,56,NA
2021-02-05 19:00:00,NA,1012.4,26.1,55,NA
2021-02-05 20:00:00,NA,1011.8,27.4,46,NA
2021-02-05 21:00:00,NA,1011.7,26.8,49,NA
2021-02-05 22:00:00,NA,1011.9,25.6,55,NA
2021-02-05 23:00:00,NA,1012.2,23.3,65,NA
2021-02-06 00:00:00,964.5,1012.5,22.2,65,NA
2021-02-06 09:00:00,963.7,NA,NA,NA,NA
2021-02-06 10:00:00,964.1,NA,NA,NA,NA
2021-02-06 12:00:00,965.2,NA,NA,NA,NA
2021-02-06 14:00:00,965.4,NA,NA,NA,NA
2021-02-06 15:00:00,965.2,NA,NA,NA,NA
2021-02-06 16:00:00,964.6,NA,NA,NA,NA
2021-02-06 17:00:00,964.2,NA,NA,NA,NA
2021-02-06 18:00:00,963.8,NA,NA,NA,NA
2021-02-06 19:00:00,963,NA,NA,NA,NA
2021-02-06 20:00:00,962.8,NA,NA,NA,NA
2021-02-06 21:00:00,962.6,NA,NA,NA,NA
2021-02-06 22:00:00,962.2,NA,NA,NA,NA
2021-02-06 23:00:00,962.5,NA,NA,NA,NA
2021-02-08 00:00:00,963.7,NA,NA,NA,NA
2021-02-08 09:00:00,NA,1014.4,16.8,99,NA
2021-02-08 10:00:00,NA,1015,16.4,99,NA
2021-02-08 11:00:00,NA,1016,16.4,99,NA
2021-02-08 12:00:00,NA,1017,16.8,99,NA
2021-02-08 13:00:00,NA,1017.5,16.3,98,NA
2021-02-08 14:00:00,NA,1018.3,15.6,99,NA
2021-02-08 15:00:00,NA,1018.6,15.8,97,NA
2021-02-08 16:00:00,NA,1018.2,16,97,NA
2021-02-08 17:00:00,NA,1018.3,16.4,98,NA
2021-02-08 18:00:00,NA,1018.4,16.1,98,NA
2021-02-08 19:00:00,NA,1018.2,16.2,95,NA
2021-02-08 20:00:00,NA,1018.3,15.8,96,NA
2021-02-08 21:00:00,NA,1019,15.8,96,NA
2021-02-08 22:00:00,NA,1019.3,15.6,98,NA
2021-02-08 23:00:00,NA,1019.3,15.6,98,NA
2021-02-09 00:00:00,NA,1019.6,15.4,98,NA
2021-02-10 09:00:00,NA,1018.2,16.4,89,NA
2021-02-10 10:00:00,NA,1018.7,16,93,NA
2021-02-10 11:00:00,NA,1019.1,16.2,89,NA
2021-02-10 12:00:00,NA,1019.4,16.6,83,NA
2021-02-10 13:00:00,NA,1019.2,18,82,NA
2021-02-10 14:00:00,NA,1019,19.6,79,NA
2021-02-10 15:00:00,NA,1018.4,20.2,78,NA
2021-02-10 16:00:00,NA,1017.9,21.4,72,NA
2021-02-10 17:00:00,NA,1017.3,22,66,NA
2021-02-10 18:00:00,NA,1016.3,22.4,63,NA
2021-02-10 19:00:00,NA,1016.3,22.6,61,NA
2021-02-10 20:00:00,NA,1015.3,22.2,63,NA
2021-02-10 21:00:00,NA,1015.2,22.8,62,NA
2021-02-10 22:00:00,NA,1014.9,22.3,63,NA
2021-02-10 23:00:00,NA,1015,21.6,70,NA
2021-02-11 00:00:00,966.4,NA,19.8,80,NA
2021-02-11 09:00:00,965.4,NA,15.9,95,NA
2021-02-11 10:00:00,965.4,NA,16.8,85,NA
2021-02-11 11:00:00,965.7,NA,17.4,82,NA
2021-02-11 12:00:00,965.8,NA,19,86,NA
2021-02-11 13:00:00,965.7,NA,19.9,81,NA
2021-02-11 14:00:00,965.6,NA,22.9,72,NA
2021-02-11 15:00:00,965.5,NA,24,61,NA
2021-02-11 16:00:00,965,NA,24.7,59,NA
2021-02-11 17:00:00,964.4,NA,25.2,60,NA
2021-02-11 18:00:00,964.2,NA,25.9,58,NA
2021-02-11 19:00:00,963.2,NA,26.2,58,NA
2021-02-11 20:00:00,963,NA,25.6,57,NA
2021-02-11 21:00:00,962.5,NA,25.2,57,NA
2021-02-11 22:00:00,962.2,NA,25.1,56,NA
2021-02-11 23:00:00,962.4,NA,23.3,68,NA
2021-02-12 09:00:00,NA,1011.2,14.4,99,NA
2021-02-12 10:00:00,NA,1011.3,15,99,NA
2021-02-12 11:00:00,NA,1011.7,17.1,93,NA
2021-02-12 12:00:00,NA,1012.1,19,97,NA
2021-02-12 13:00:00,NA,1012.1,21.6,77,NA
2021-02-12 14:00:00,NA,1011.8,24.4,68,NA
2021-02-12 15:00:00,NA,1011.3,25.6,61,NA
2021-02-12 16:00:00,NA,1010.7,25.6,54,NA
2021-02-12 17:00:00,NA,1009.9,26,56,NA
2021-02-12 18:00:00,NA,1009.2,26.4,59,NA
2021-02-12 19:00:00,NA,1009.7,25.2,60,NA
2021-02-12 20:00:00,NA,1009.4,26.2,55,NA
2021-02-12 21:00:00,NA,1009.4,22.6,66,NA
2021-02-12 22:00:00,NA,1009.4,21.4,77,NA
2021-02-12 23:00:00,NA,1010.2,21.8,80,NA
2021-02-13 00:00:00,962.4,NA,20.6,86,NA
2021-02-13 09:00:00,961.2,NA,18,93,NA
2021-02-13 10:00:00,961.4,NA,17,90,NA
2021-02-13 11:00:00,961.4,NA,18,87,NA
2021-02-13 12:00:00,961.4,NA,20,82,NA
2021-02-13 13:00:00,961.6,NA,22,70,NA
2021-02-13 14:00:00,961.4,NA,24.6,63,NA
2021-02-13 15:00:00,961,NA,25,60,NA
2021-02-13 16:00:00,960.6,NA,26.2,55,NA
2021-02-13 17:00:00,959.8,NA,27,54,NA
2021-02-13 18:00:00,958.4,NA,27.4,50,NA
2021-02-13 19:00:00,957.8,NA,27.8,46,NA
2021-02-13 20:00:00,957.2,NA,28,44,NA
2021-02-13 21:00:00,958,NA,20.8,66,NA
2021-02-13 22:00:00,959.3,NA,19,78,NA
2021-02-13 23:00:00,959.2,NA,18,85,NA
2021-02-14 09:00:00,NA,1006,15.5,96,NA
2021-02-14 10:00:00,NA,1006.4,15.8,86,NA
2021-02-14 11:00:00,NA,1007.1,16.3,86,NA
2021-02-14 12:00:00,NA,1007.4,21.2,67,NA
2021-02-14 13:00:00,NA,1006.7,22,66,NA
2021-02-14 14:00:00,NA,1007,23.2,61,NA
2021-02-14 15:00:00,NA,1006.7,27.6,51,NA
2021-02-14 16:00:00,NA,1005.9,28,52,NA
2021-02-14 17:00:00,NA,1005.6,29.2,48,NA
2021-02-14 18:00:00,NA,1005,29.5,47,NA
2021-02-14 19:00:00,NA,1005.3,29.8,47,NA
2021-02-14 20:00:00,NA,1005.3,30.2,45,NA
2021-02-14 21:00:00,NA,1005.3,29.4,46,NA
2021-02-14 22:00:00,NA,1005.3,29.8,43,NA
2021-02-14 23:00:00,NA,1005.8,28,49,NA
2021-02-15 00:00:00,958.5,NA,24.6,75,NA
2021-02-15 09:00:00,961.8,NA,18.8,75,NA
2021-02-15 10:00:00,962.9,NA,19,76,NA
2021-02-15 11:00:00,963.7,NA,19.4,80,NA
2021-02-15 12:00:00,964.1,NA,19.8,68,NA
2021-02-15 13:00:00,964.8,NA,20,75,NA
2021-02-15 14:00:00,965.6,NA,19.6,79,NA
2021-02-15 15:00:00,966.2,NA,19.6,79,NA
2021-02-15 16:00:00,966.2,NA,19.6,80,NA
2021-02-15 17:00:00,966,NA,19.8,82,NA
2021-02-15 18:00:00,966,NA,19,91,NA
2021-02-15 19:00:00,965.4,NA,19.4,87,NA
2021-02-15 20:00:00,964.2,NA,19.5,89,NA
2021-02-15 21:00:00,964.6,NA,19.9,87,NA
2021-02-15 22:00:00,965,NA,20.4,86,NA
2021-02-15 23:00:00,965,NA,19.6,86,NA
2021-02-16 09:00:00,NA,1013.7,16,89,NA
2021-02-16 10:00:00,NA,1013.8,15.4,89,NA
2021-02-16 11:00:00,NA,1014.6,16,85,NA
2021-02-16 12:00:00,NA,1014.6,18,80,NA
2021-02-16 13:00:00,NA,1015.2,19.4,72,NA
2021-02-16 14:00:00,NA,1015.5,21,67,NA
2021-02-16 15:00:00,NA,1015,22.4,65,NA
2021-02-16 16:00:00,NA,1014.4,23.2,61,NA
2021-02-16 17:00:00,NA,1013.5,24.2,57,NA
2021-02-16 18:00:00,NA,1013.1,24.4,52,NA
2021-02-16 19:00:00,NA,1012.1,25,51,NA
2021-02-16 20:00:00,NA,1010.7,25.4,48,NA
2021-02-16 21:00:00,NA,1010.8,24.6,49,NA
2021-02-16 22:00:00,NA,1010.7,24.5,48,NA
2021-02-16 23:00:00,NA,1011.1,22.6,58,NA
2021-02-17 00:00:00,963.4,NA,20.4,72,NA
2021-02-17 09:00:00,962.9,NA,16.6,82,NA
2021-02-17 10:00:00,963,NA,16,85,NA
2021-02-17 11:00:00,963.4,NA,18,82,NA
2021-02-17 12:00:00,963.6,NA,20.2,79,NA
2021-02-17 13:00:00,963.4,NA,24.6,61,NA
2021-02-17 14:00:00,963.7,NA,26.6,45,NA
2021-02-17 15:00:00,963.6,NA,27.7,36,NA
2021-02-17 16:00:00,963.2,NA,28.4,33,NA
2021-02-17 17:00:00,962.6,NA,28.8,34,NA
2021-02-17 18:00:00,962.2,NA,28.7,36,NA
2021-02-17 19:00:00,961.7,NA,29,35,NA
2021-02-17 20:00:00,961,NA,29,37,NA
2021-02-17 21:00:00,960.6,NA,28.2,40,NA
2021-02-17 22:00:00,960.6,NA,27.2,45,NA
2021-02-17 23:00:00,960.9,NA,24.2,61,NA
2021-02-18 09:00:00,NA,1008.8,18.6,70,NA
2021-02-18 10:00:00,NA,1009.1,19.2,68,NA
2021-02-18 11:00:00,NA,1010.4,19,75,NA
2021-02-18 12:00:00,NA,1011.4,19.8,69,NA
2021-02-18 13:00:00,NA,1010.8,25,46,NA
2021-02-18 14:00:00,NA,1009.1,27.3,38,NA
2021-02-18 15:00:00,NA,1008.3,29,35,NA
2021-02-18 16:00:00,NA,1007.6,28.6,40,NA
2021-02-18 17:00:00,NA,1006.9,28.9,41,NA
2021-02-18 18:00:00,NA,1006.4,29.6,46,NA
2021-02-18 19:00:00,NA,1006.3,29.9,46,NA
2021-02-18 20:00:00,NA,1006,28.9,51,NA
2021-02-18 21:00:00,NA,1006,28.6,52,NA
2021-02-18 22:00:00,NA,1005.7,27.3,57,NA
2021-02-18 23:00:00,NA,1005.7,26.2,58,NA
2021-02-19 00:00:00,959,NA,23.9,66,NA
2021-02-19 09:00:00,966.2,NA,16.4,98,NA
2021-02-19 10:00:00,963.2,NA,17,90,NA
2021-02-19 11:00:00,964.6,NA,16.6,92,NA
2021-02-19 12:00:00,967.4,NA,18.2,86,NA
2021-02-19 13:00:00,968.4,NA,19,82,NA
2021-02-19 15:00:00,969.4,NA,19.1,64,NA
2021-02-19 16:00:00,969.2,NA,19.6,55,NA
2021-02-19 17:00:00,968.6,NA,20,51,NA
2021-02-19 18:00:00,968.1,NA,20.5,45,NA
2021-02-19 19:00:00,967.4,NA,21.8,45,NA
2021-02-19 20:00:00,967,NA,22.2,45,NA
2021-02-19 21:00:00,967,NA,21.9,48,NA
2021-02-19 22:00:00,967,NA,20.7,51,NA
2021-02-19 23:00:00,967.1,NA,18.4,66,NA
2021-02-20 09:00:00,NA,1016.1,13.4,90,NA
2021-02-20 10:00:00,NA,1016.7,13,88,NA
2021-02-20 11:00:00,NA,1017.2,14.2,80,NA
2021-02-20 12:00:00,NA,1017.2,16,77,NA
2021-02-20 13:00:00,NA,1016.8,19,67,NA
2021-02-20 14:00:00,NA,1016,21.4,61,NA
2021-02-20 15:00:00,NA,1014.8,22,60,NA
2021-02-20 16:00:00,NA,1013.8,24,53,NA
2021-02-20 17:00:00,NA,1012.7,24.4,47,NA
2021-02-20 18:00:00,NA,1011.7,25,42,NA
2021-02-20 19:00:00,NA,1011.7,25.6,40,NA
2021-02-20 20:00:00,NA,1010.9,25.2,41,NA
2021-02-20 21:00:00,NA,1011.3,24.8,44,NA
2021-02-20 22:00:00,NA,1011.2,24,47,NA
2021-02-20 23:00:00,NA,1011.3,22,56,NA
2021-02-21 00:00:00,963.2,NA,20.6,68,NA
2021-02-21 09:00:00,963.8,NA,17.8,91,NA
2021-02-21 10:00:00,964,NA,17.6,92,NA
2021-02-21 11:00:00,964.2,NA,18.9,86,NA
2021-02-21 12:00:00,964.6,NA,20.8,83,NA
2021-02-21 13:00:00,964.5,NA,23.4,74,NA
2021-02-21 14:00:00,964.2,NA,27.4,51,NA
2021-02-21 15:00:00,964.2,NA,27.6,56,NA
2021-02-21 16:00:00,963.6,NA,27,60,NA
2021-02-21 17:00:00,962.9,NA,27,61,NA
2021-02-21 18:00:00,962.1,NA,28.2,53,NA
2021-02-21 19:00:00,961.2,NA,28,58,NA
2021-02-21 20:00:00,960.4,NA,27.4,62,NA
2021-02-21 21:00:00,960.1,NA,27.6,61,NA
2021-02-21 22:00:00,959.8,NA,26.4,65,NA
2021-02-21 23:00:00,960.2,NA,25,72,NA
2021-02-22 09:00:00,NA,1009.2,19,92,NA
2021-02-22 10:00:00,NA,1010,18.5,94,NA
2021-02-22 11:00:00,NA,1010.7,17.8,91,NA
2021-02-22 12:00:00,NA,1011,19.5,81,NA
2021-02-22 13:00:00,NA,1011.1,21.9,72,NA
2021-02-22 14:00:00,NA,1010.5,24.3,66,NA
2021-02-22 15:00:00,NA,1010.1,25,64,NA
2021-02-22 16:00:00,NA,1009.8,26,58,NA
2021-02-22 17:00:00,NA,1009.2,27,56,NA
2021-02-22 18:00:00,NA,1008.8,27.5,56,NA
2021-02-22 19:00:00,NA,1009,28,55,NA
2021-02-22 20:00:00,NA,1008.6,27.8,54,NA
2021-02-22 21:00:00,NA,1009.3,27.6,52,NA
2021-02-22 22:00:00,NA,1009.6,26.7,56,NA
2021-02-22 23:00:00,NA,1011,24,70,NA
2021-02-23 00:00:00,963.6,NA,22.8,71,NA
2021-02-23 10:00:00,966.2,NA,18,75,NA
2021-02-23 11:00:00,967.7,NA,18.5,74,NA
2021-02-23 12:00:00,967.4,NA,19.1,75,NA
2021-02-23 14:00:00,967.6,NA,23.4,52,NA
2021-02-23 15:00:00,967.8,NA,24.4,46,NA
2021-02-23 16:00:00,967.8,NA,25,43,NA
2021-02-23 17:00:00,967.4,NA,26.1,36,NA
2021-02-23 18:00:00,966.9,NA,26.5,36,NA
2021-02-23 19:00:00,966.4,NA,26.9,30,NA
2021-02-23 20:00:00,966,NA,27,32,NA
2021-02-23 21:00:00,966.1,NA,26.8,33,NA
2021-02-23 22:00:00,966.5,NA,25.6,42,NA
2021-02-24 09:00:00,NA,1014.5,15.4,75,NA
2021-02-24 10:00:00,NA,1015.1,14.8,78,NA
2021-02-24 11:00:00,NA,1015.6,16.4,72,NA
2021-02-24 12:00:00,NA,1015.6,20.2,60,NA
2021-02-24 13:00:00,NA,1015.4,22.4,59,NA
2021-02-24 14:00:00,NA,1015,25,54,NA
2021-02-24 15:00:00,NA,1014.4,26.1,45,NA
2021-02-24 16:00:00,NA,1013.5,27.4,39,NA
2021-02-24 17:00:00,NA,1012.5,28.1,39,NA
2021-02-24 18:00:00,NA,1011.9,28.4,40,NA
2021-02-24 19:00:00,NA,1012.5,28,46,NA
2021-02-24 20:00:00,NA,1011.7,28,44,NA
2021-02-24 21:00:00,NA,1011.7,27.2,47,NA
2021-02-24 22:00:00,NA,1011.9,26,53,NA
2021-02-24 23:00:00,NA,1011.8,24.2,63,NA
2021-02-25 00:00:00,964.2,NA,21.6,73,NA
2021-02-25 09:00:00,964.6,NA,16.6,88,NA
2021-02-25 10:00:00,964.6,NA,17.3,84,NA
2021-02-25 11:00:00,965.4,NA,19.4,75,NA
2021-02-25 12:00:00,965.7,NA,20.8,75,NA
2021-02-25 13:00:00,965.7,NA,24.1,59,NA
2021-02-25 14:00:00,965.6,NA,25,54,NA
2021-02-25 15:00:00,965.2,NA,27.4,54,NA
2021-02-25 16:00:00,964.6,NA,29,53,NA
2021-02-25 17:00:00,964,NA,29.8,52,NA
2021-02-25 18:00:00,963.4,NA,29.7,53,NA
2021-02-25 19:00:00,962.6,NA,29.7,54,NA
2021-02-25 20:00:00,961.9,NA,29.3,54,NA
2021-02-25 21:00:00,961.8,NA,28.6,58,NA
2021-02-25 22:00:00,961.8,NA,27.3,64,NA
2021-02-25 23:00:00,961.8,NA,25.6,68,NA
2021-02-26 09:00:00,NA,1009.5,20,75,NA
2021-02-26 10:00:00,NA,1009.7,20,74,NA
2021-02-26 11:00:00,NA,1010.2,20.3,76,NA
2021-02-26 12:00:00,NA,1010.4,22.4,72,NA
2021-02-26 13:00:00,NA,1010.7,24.6,61,NA
2021-02-26 14:00:00,NA,1010.2,26.1,54,NA
2021-02-26 15:00:00,NA,1010,27.5,48,NA
2021-02-26 16:00:00,NA,1009.4,28,53,NA
2021-02-26 17:00:00,NA,1008.9,29.2,49,NA
2021-02-26 18:00:00,NA,1008.5,28.4,50,NA
2021-02-26 19:00:00,NA,1008.4,28.6,52,NA
2021-02-26 20:00:00,NA,1007.2,28.6,53,NA
2021-02-26 21:00:00,NA,1007.6,28,54,NA
2021-02-26 22:00:00,NA,1008,27,58,NA
2021-02-26 23:00:00,NA,1009.3,25.4,64,NA
2021-02-27 00:00:00,962.8,NA,24.2,70,NA
2021-02-27 09:00:00,964.6,NA,19.9,78,NA
2021-02-27 10:00:00,965.3,NA,20.9,70,NA
2021-02-27 11:00:00,965.6,NA,19.6,82,NA
2021-02-27 12:00:00,966.2,NA,22.4,68,NA
2021-02-27 13:00:00,966.6,NA,23,69,NA
2021-02-27 14:00:00,966.6,NA,24,67,NA
2021-02-27 15:00:00,966.8,NA,28,48,NA
2021-02-27 16:00:00,966.2,NA,28.4,44,NA
2021-02-27 17:00:00,965.7,NA,29,44,NA
2021-02-27 18:00:00,965.2,NA,29.6,42,NA
2021-02-27 19:00:00,965,NA,29,47,NA
2021-02-27 20:00:00,964.4,NA,28.8,46,NA
2021-02-27 21:00:00,964.4,NA,26.9,53,NA
2021-02-27 22:00:00,964.2,NA,25.6,59,NA
2021-02-27 23:00:00,964.2,NA,24.2,65,NA
2021-02-28 09:00:00,NA,1012.8,20.4,99,NA
2021-02-28 10:00:00,NA,1013.2,20,95,NA
2021-02-28 11:00:00,NA,1013.5,19,99,NA
2021-02-28 12:00:00,NA,1013.8,18.4,99,NA
2021-02-28 13:00:00,NA,1012.8,19.3,89,NA
2021-02-28 14:00:00,NA,1013,21.3,76,NA
2021-02-28 15:00:00,NA,1011.6,23,67,NA
2021-02-28 16:00:00,NA,1011,23.8,74,NA
2021-02-28 17:00:00,NA,1011.7,25.4,73,NA
2021-02-28 18:00:00,NA,1010.3,25.4,74,NA
2021-02-28 19:00:00,NA,1009.8,25.3,NA,NA
2021-02-28 20:00:00,NA,1009.3,23.2,89,NA
2021-02-28 21:00:00,NA,1010.1,23.2,84,NA
2021-02-28 22:00:00,NA,1009.2,23.8,83,NA
2021-02-28 23:00:00,NA,1009.5,22.8,89,NA
2021-03-01 00:00:00,NA,1010.6,21.2,93,NA
2021-03-02 09:00:00,NA,1011.2,19.8,97,NA
2021-03-02 10:00:00,NA,1011.4,19.6,97,NA
2021-03-02 11:00:00,NA,1011.8,20.4,95,NA
2021-03-02 12:00:00,NA,1012.2,22,92,NA
2021-03-02 13:00:00,NA,1012.1,22.8,90,NA
2021-03-02 14:00:00,NA,1012.4,25.6,77,NA
2021-03-02 15:00:00,NA,1012.1,27.4,64,NA
2021-03-02 16:00:00,NA,1011.2,28.1,63,NA
2021-03-02 17:00:00,NA,1010.6,28,61,NA
2021-03-02 18:00:00,963.6,1010.1,28.2,55,NA
2021-03-02 19:00:00,963.4,1010.6,28,57,NA
2021-03-02 20:00:00,963.4,1010.6,27,62,NA
2021-03-02 21:00:00,963.3,1011,26,65,NA
2021-03-02 22:00:00,963.8,1011.7,25,69,NA
2021-03-02 23:00:00,963.8,1011.6,24,72,NA
2021-03-03 00:00:00,NA,1012.3,22.6,82,NA
2021-03-04 00:00:00,964.9,NA,NA,NA,NA
2021-03-04 09:00:00,964.4,1012.4,18.5,94,NA
2021-03-04 10:00:00,964.4,1012.5,18.3,96,NA
2021-03-04 11:00:00,965,1013.2,19,86,NA
2021-03-04 12:00:00,NA,1012.8,22,77,NA
2021-03-04 13:00:00,965.2,1012.8,24.2,72,NA
2021-03-04 14:00:00,965.4,1013.6,25.6,68,NA
2021-03-04 15:00:00,965.8,1012.8,27.6,61,NA
2021-03-04 16:00:00,965.7,1012.4,27.8,58,NA
2021-03-04 17:00:00,965.4,1012,28.4,56,NA
2021-03-04 18:00:00,964.8,1011.3,28.6,55,NA
2021-03-04 19:00:00,964,1011.2,28.6,54,NA
2021-03-04 20:00:00,963.7,1010.9,28.4,55,NA
2021-03-04 21:00:00,963.7,1011.3,28.4,53,NA
2021-03-04 22:00:00,963.7,1011.4,27.6,62,NA
2021-03-04 23:00:00,963.8,1011.8,24.4,78,NA
2021-03-05 00:00:00,NA,1012.1,23.6,83,NA
2021-03-05 01:00:00,NA,1013.3,22,87,NA
2021-03-05 20:00:00,963.6,NA,NA,NA,NA
2021-03-06 00:00:00,963.4,NA,NA,NA,NA
2021-03-06 09:00:00,962.2,1010.1,16.7,92,NA
2021-03-06 10:00:00,962.5,1010.3,17.5,91,NA
2021-03-06 11:00:00,962.8,1010.7,18.6,89,NA
2021-03-06 12:00:00,963,1010.9,20,86,NA
2021-03-06 13:00:00,963.1,1010.9,21.7,79,NA
2021-03-06 14:00:00,963.8,1011.4,24,74,NA
2021-03-06 15:00:00,963,1010.1,25.1,70,NA
2021-03-06 16:00:00,962.7,1009.6,27.6,66,NA
2021-03-06 17:00:00,962.3,1008.8,28.4,63,NA
2021-03-06 18:00:00,962.1,1008.5,28.6,63,NA
2021-03-06 19:00:00,961.7,1009,28.8,62,NA
2021-03-06 20:00:00,961.4,1008.7,29,61,NA
2021-03-06 21:00:00,961.3,1009,27.9,64,NA
2021-03-06 22:00:00,961.4,1009.2,26.6,71,NA
2021-03-06 23:00:00,961.7,1009.4,25.2,78,NA
2021-03-07 00:00:00,NA,1010.2,23.7,84,NA
2021-03-08 00:00:00,960.2,NA,NA,NA,NA
2021-03-08 09:00:00,966.4,1014,20.4,81,NA
2021-03-08 10:00:00,967.6,1015.3,20.4,79,NA
2021-03-08 11:00:00,968.8,1016.9,18.6,89,NA
2021-03-08 12:00:00,969.3,1017.4,19.4,83,NA
2021-03-08 13:00:00,969.6,1017.8,20.8,75,NA
2021-03-08 14:00:00,970,1018,21.4,75,NA
2021-03-08 15:00:00,970.2,1018.1,22,72,NA
2021-03-08 16:00:00,970.1,1017.9,23.6,72,NA
2021-03-08 17:00:00,969.8,1017.3,24.2,65,NA
2021-03-08 18:00:00,969.2,1016.6,25.4,52,NA
2021-03-08 19:00:00,968.4,1016,26,52,NA
2021-03-08 20:00:00,967.8,1015.3,24.8,57,NA
2021-03-08 21:00:00,967.4,1015.3,25.4,52,NA
2021-03-08 22:00:00,967.4,1015.3,24.4,55,NA
2021-03-08 23:00:00,967.3,1015.6,22,69,NA
2021-03-09 00:00:00,NA,1015.8,21,71,NA
2021-03-10 00:00:00,963.2,NA,NA,NA,NA
2021-03-10 09:00:00,961.6,1009.2,18,82,NA
2021-03-10 10:00:00,961.7,1009.3,18.4,82,NA
2021-03-10 11:00:00,962,1009.8,18.8,80,NA
2021-03-10 12:00:00,961.8,1009.7,20,74,NA
2021-03-10 13:00:00,961.4,1009.1,21.4,67,NA
2021-03-10 14:00:00,961.2,1008.7,25,60,NA
2021-03-10 15:00:00,960.6,1007.4,27.6,53,NA
2021-03-10 16:00:00,959.8,1006.2,28.4,50,NA
2021-03-10 17:00:00,959,1005.2,29,47,NA
2021-03-10 18:00:00,958,1004.1,29.3,46,NA
2021-03-10 19:00:00,957.5,1004.4,30.4,55,NA
2021-03-10 20:00:00,956.8,1003.6,29.7,57,NA
2021-03-10 21:00:00,956.8,1004,29.4,53,NA
2021-03-10 22:00:00,957.3,1004.6,27.8,61,NA
2021-03-10 23:00:00,957.6,1005.1,25.4,55,NA
2021-03-11 00:00:00,NA,1005.7,24.5,57,NA
2021-03-12 00:00:00,965.6,NA,NA,NA,NA
2021-03-12 01:00:00,966.1,NA,NA,NA,NA
2021-03-12 09:00:00,965,1013.4,17.7,98,NA
2021-03-12 10:00:00,966.4,1014.8,17.8,97,NA
2021-03-12 11:00:00,965.8,1014.4,17.5,96,NA
2021-03-12 12:00:00,967.7,1016.2,17.9,94,NA
2021-03-12 13:00:00,967.2,1015.7,18.6,93,NA
2021-03-12 14:00:00,968,1016.3,19.6,90,NA
2021-03-12 15:00:00,967.8,1015.9,21.2,80,NA
2021-03-12 16:00:00,967.3,1015.1,21.8,72,NA
2021-03-12 17:00:00,966.8,1014.5,23.2,70,NA
2021-03-12 18:00:00,964.4,1013.8,23.6,67,NA
2021-03-12 19:00:00,965.7,1013.5,23.8,65,NA
2021-03-12 20:00:00,965.3,1013.1,23,65,NA
2021-03-12 21:00:00,965,1013.3,23,75,NA
2021-03-12 22:00:00,965.2,1013.4,22.4,80,NA
2021-03-12 23:00:00,965,1013.5,20.1,91,NA
2021-03-13 00:00:00,NA,1014,19.5,92,NA
2021-03-14 09:00:00,NA,1015.2,15.3,99,NA
2021-03-14 10:00:00,NA,1016.1,15.5,99,NA
2021-03-14 11:00:00,NA,1016.1,15.7,99,NA
2021-03-14 12:00:00,NA,1016.3,16.2,99,NA
2021-03-14 13:00:00,NA,1016.1,18.4,95,NA
2021-03-14 14:00:00,NA,1016.3,18.9,97,NA
2021-03-14 15:00:00,NA,1016.2,21,85,NA
2021-03-14 16:00:00,NA,1015.6,20.7,89,NA
2021-03-14 17:00:00,NA,1015.5,21.4,80,NA
2021-03-14 18:00:00,NA,1014.8,22.4,91,NA
2021-03-14 19:00:00,NA,1014.8,22.7,89,NA
2021-03-14 20:00:00,NA,1014.1,22.5,89,NA
2021-03-14 21:00:00,NA,1014.4,22.3,90,NA
2021-03-14 22:00:00,NA,1014.4,21.5,93,NA
2021-03-14 23:00:00,NA,1014.6,20.6,97,NA
2021-03-15 00:00:00,NA,1015,19.7,95,NA
2021-03-15 12:00:00,965.3,NA,18.2,98,NA
2021-03-15 15:00:00,965.4,NA,17.4,96,NA
2021-03-15 16:00:00,964.8,NA,18,95,NA
2021-03-15 17:00:00,963.8,NA,18.9,89,NA
2021-03-15 18:00:00,962.9,NA,21.2,71,NA
2021-03-16 09:00:00,NA,1008,15.6,97,NA
2021-03-16 10:00:00,NA,1007.9,15.4,97,NA
2021-03-16 11:00:00,NA,1006.5,15.9,96,NA
2021-03-16 12:00:00,NA,1007.1,16.2,97,NA
2021-03-16 13:00:00,NA,1007.9,18.8,78,NA
2021-03-16 14:00:00,NA,1007.2,20,75,NA
2021-03-16 15:00:00,NA,1007.3,20,73,NA
2021-03-16 16:00:00,NA,1007.4,19.5,78,NA
2021-03-16 17:00:00,NA,1007.4,21.6,64,NA
2021-03-16 18:00:00,NA,1007.6,22,64,NA
2021-03-16 19:00:00,NA,1008.1,22.4,60,NA
2021-03-16 20:00:00,NA,1007.9,23.9,59,NA
2021-03-16 21:00:00,NA,1008.9,22.6,71,NA
2021-03-16 22:00:00,NA,1009.3,22,74,NA
2021-03-16 23:00:00,NA,1010.1,19.8,87,NA
2021-03-17 00:00:00,962.3,NA,18.8,89,NA
2021-03-17 09:00:00,967.8,NA,15.9,95,NA
2021-03-17 10:00:00,968.5,NA,15.7,93,NA
2021-03-17 11:00:00,969.4,NA,15.2,93,NA
2021-03-17 12:00:00,970.6,NA,14.2,93,NA
2021-03-18 09:00:00,NA,1020.8,10.8,96,NA
2021-03-18 10:00:00,NA,1021.1,10.6,97,NA
2021-03-18 11:00:00,NA,1021.5,10.4,96,NA
2021-03-18 12:00:00,NA,1021.3,11,92,NA
2021-03-18 13:00:00,NA,1021.2,11.4,92,NA
2021-03-18 14:00:00,NA,1021,12,86,NA
2021-03-18 15:00:00,NA,1020.3,13,83,NA
2021-03-18 16:00:00,NA,1019.2,13.5,81,NA
2021-03-18 17:00:00,NA,1018.4,15.4,69,NA
2021-03-18 18:00:00,NA,1017.4,15.9,66,NA
2021-03-18 19:00:00,NA,1016.6,16.2,67,NA
2021-03-18 20:00:00,NA,1016.4,16.2,69,NA
2021-03-18 21:00:00,NA,1016.7,15.6,76,NA
2021-03-18 22:00:00,NA,1016.8,15.7,77,NA
2021-03-18 23:00:00,NA,1017,15.1,82,NA
2021-03-19 00:00:00,968,NA,14.8,84,NA
2021-03-19 09:00:00,964.9,NA,13.4,74,NA
2021-03-19 10:00:00,964.8,NA,13.2,77,NA
2021-03-19 11:00:00,964.9,NA,13.2,80,NA
2021-03-19 12:00:00,965.2,NA,14.2,75,NA
2021-03-19 13:00:00,965,NA,15.7,71,NA
2021-03-19 14:00:00,965,NA,16.4,69,NA
2021-03-19 15:00:00,964.9,NA,19,60,NA
2021-03-19 16:00:00,964.2,NA,20.4,52,NA
2021-03-19 17:00:00,963.3,NA,20.8,57,NA
2021-03-19 18:00:00,962.2,NA,20.7,60,NA
2021-03-19 19:00:00,961.7,NA,21.2,57,NA
2021-03-19 20:00:00,961.6,NA,21.2,57,NA
2021-03-19 21:00:00,961.6,NA,19.1,67,NA
2021-03-19 22:00:00,961.6,NA,18.3,72,NA
2021-03-19 23:00:00,961.8,NA,17.4,77,NA
2021-03-20 09:00:00,NA,1011.8,15,99,NA
2021-03-20 10:00:00,NA,1012.7,15,97,NA
2021-03-20 11:00:00,NA,1013.6,15.4,95,NA
2021-03-20 12:00:00,NA,1014.7,15.6,93,NA
2021-03-20 13:00:00,NA,1016.3,16,91,NA
2021-03-20 14:00:00,NA,1016.4,16.6,89,NA
2021-03-20 15:00:00,NA,1016.3,18,80,NA
2021-03-20 16:00:00,NA,1015.3,19.6,76,NA
2021-03-20 17:00:00,NA,1014.6,21,62,NA
2021-03-20 18:00:00,NA,1014.7,22.6,58,NA
2021-03-20 19:00:00,NA,1015.1,23,58,NA
2021-03-20 20:00:00,NA,1015.7,22.1,62,NA
2021-03-20 21:00:00,NA,1017,21.5,51,NA
2021-03-20 22:00:00,NA,1017.6,20.7,53,NA
2021-03-20 23:00:00,NA,1018.3,17.8,72,NA
2021-03-21 00:00:00,970.1,NA,17.5,68,NA
2021-03-21 09:00:00,972.1,NA,11.4,79,NA
2021-03-21 10:00:00,972.4,NA,11.1,81,NA
2021-03-21 11:00:00,972.9,NA,11.8,76,NA
2021-03-21 12:00:00,973.4,NA,15.6,66,NA
2021-03-21 13:00:00,973.8,NA,16,69,NA
2021-03-21 14:00:00,973.9,NA,16.7,67,NA
2021-03-21 15:00:00,973.8,NA,19.9,54,NA
2021-03-21 16:00:00,973,NA,21,52,NA
2021-03-21 17:00:00,972.5,NA,22.6,34,NA
2021-03-21 18:00:00,971.9,NA,22.8,34,NA
2021-03-21 19:00:00,971.3,NA,23.3,34,NA
2021-03-21 20:00:00,971,NA,22.6,34,NA
2021-03-21 21:00:00,970.9,NA,22.1,40,NA
2021-03-21 22:00:00,971,NA,19.6,55,NA
2021-03-21 23:00:00,971.2,NA,17.4,67,NA
2021-03-22 09:00:00,NA,1018.6,14.6,68,NA
2021-03-22 10:00:00,NA,1018.7,15,69,NA
2021-03-22 11:00:00,NA,1019.2,14.4,70,NA
2021-03-22 12:00:00,NA,1020.1,15.2,72,NA
2021-03-22 13:00:00,NA,1020.3,18.4,55,NA
2021-03-22 14:00:00,NA,1019.9,20.1,52,NA
2021-03-22 15:00:00,NA,1019.4,22.2,49,NA
2021-03-22 16:00:00,NA,1018.6,22.8,47,NA
2021-03-22 17:00:00,NA,1017.9,23.2,46,NA
2021-03-22 18:00:00,NA,1017,23.8,46,NA
2021-03-22 19:00:00,NA,1016.9,25,40,NA
2021-03-22 20:00:00,NA,1016.5,25,39,NA
2021-03-22 21:00:00,NA,1017,24.5,42,NA
2021-03-22 22:00:00,NA,1017.3,20.6,61,NA
2021-03-22 23:00:00,NA,1017.8,19.6,61,NA
2021-03-23 00:00:00,969.4,NA,18.5,68,NA
2021-03-23 09:00:00,967.2,NA,15,82,NA
2021-03-23 10:00:00,967.3,NA,14.7,81,NA
2021-03-23 11:00:00,967.2,NA,15.6,78,NA
2021-03-23 12:00:00,967.4,NA,18.4,67,NA
2021-03-23 13:00:00,967.2,NA,21.4,60,NA
2021-03-23 14:00:00,967,NA,22.6,57,NA
2021-03-23 15:00:00,966.6,NA,24.2,52,NA
2021-03-23 16:00:00,965.8,NA,25.1,49,NA
2021-03-23 17:00:00,965.3,NA,25.8,46,NA
2021-03-23 18:00:00,964.2,NA,26.1,45,NA
2021-03-23 19:00:00,963.6,NA,26,44,NA
2021-03-23 20:00:00,963.3,NA,25.8,44,NA
2021-03-23 21:00:00,963,NA,24.2,53,NA
2021-03-23 22:00:00,963.3,NA,22.5,59,NA
2021-03-23 23:00:00,963.4,NA,20.4,67,NA
2021-03-24 09:00:00,NA,1011.9,15.6,82,NA
2021-03-24 10:00:00,NA,1012.7,15.3,85,NA
2021-03-24 11:00:00,NA,1013.3,16,85,NA
2021-03-24 12:00:00,NA,1013.6,18.6,77,NA
2021-03-24 13:00:00,NA,1013.5,19.5,73,NA
2021-03-24 14:00:00,NA,1013.2,23.4,61,NA
2021-03-24 15:00:00,NA,1012,23.9,60,NA
2021-03-24 16:00:00,NA,1011.3,26.6,46,NA
2021-03-24 17:00:00,NA,1010.1,27.4,46,NA
2021-03-24 18:00:00,NA,1009.4,27,52,NA
2021-03-24 19:00:00,NA,1009.7,27.4,54,NA
2021-03-24 20:00:00,NA,1009,26,61,NA
2021-03-24 21:00:00,NA,1009.4,25.2,64,NA
2021-03-24 22:00:00,NA,1009.8,24.4,69,NA
2021-03-24 23:00:00,NA,1010.2,22,84,NA
2021-03-25 00:00:00,962.7,NA,21.7,82,NA
2021-03-25 09:00:00,961.4,NA,20,98,NA
2021-03-25 10:00:00,961.4,NA,19.8,98,NA
2021-03-25 11:00:00,962.2,NA,20,98,NA
2021-03-25 12:00:00,962.8,NA,19.8,98,NA
2021-03-25 13:00:00,962.9,NA,20.1,98,NA
2021-03-25 14:00:00,962.9,NA,20.6,96,NA
2021-03-25 15:00:00,962.6,NA,20.6,95,NA
2021-03-25 16:00:00,963.6,NA,21,88,NA
2021-03-25 17:00:00,963.4,NA,21,85,NA
2021-03-25 18:00:00,962.8,NA,20.4,91,NA
2021-03-25 19:00:00,962.4,NA,21.3,87,NA
2021-03-25 20:00:00,962.3,NA,21.5,81,NA
2021-03-25 21:00:00,962.2,NA,20.9,87,NA
2021-03-25 22:00:00,962,NA,19.9,93,NA
2021-03-25 23:00:00,962.2,NA,19.2,95,NA
2021-03-26 09:00:00,NA,1013.9,14.4,98,NA
2021-03-26 10:00:00,NA,1013.9,14.3,98,NA
2021-03-26 11:00:00,NA,1015.1,14.1,96,NA
2021-03-26 12:00:00,NA,1016.3,14,96,NA
2021-03-26 13:00:00,NA,1016.9,14.2,93,NA
2021-03-26 14:00:00,NA,1017.6,14,94,NA
2021-03-26 15:00:00,NA,1017.6,14.4,91,NA
2021-03-26 16:00:00,NA,1017.7,15,85,NA
2021-03-26 17:00:00,NA,1017.1,15.3,82,NA
2021-03-26 18:00:00,NA,1016.2,16.6,73,NA
2021-03-26 19:00:00,NA,1016.2,17,70,NA
2021-03-26 20:00:00,NA,1016.3,17.5,66,NA
2021-03-26 21:00:00,NA,1016.8,16.6,75,NA
2021-03-26 22:00:00,NA,1017.4,16.5,73,NA
2021-03-26 23:00:00,NA,1017.9,15.4,70,NA
2021-03-27 00:00:00,968.9,NA,14,75,NA
2021-03-27 09:00:00,967.8,NA,10.4,91,NA
2021-03-27 10:00:00,967.7,NA,10.2,92,NA
2021-03-27 11:00:00,967.8,NA,12,76,NA
2021-03-27 12:00:00,968.2,NA,12.8,74,NA
2021-03-27 13:00:00,969.1,NA,13.3,73,NA
2021-03-27 14:00:00,969.7,NA,16.8,53,NA
2021-03-27 15:00:00,969.4,NA,17.3,52,NA
2021-03-27 16:00:00,969.3,NA,18.8,50,NA
2021-03-27 17:00:00,969.1,NA,18.9,47,NA
2021-03-27 18:00:00,968.3,NA,19.3,48,NA
2021-03-27 19:00:00,968.3,NA,20,38,NA
2021-03-27 20:00:00,967.7,NA,20.2,38,NA
2021-03-27 22:00:00,967.8,NA,17.4,45,NA
2021-03-27 23:00:00,968.2,NA,15,60,NA
2021-03-28 09:00:00,NA,1017.4,9.9,90,NA
2021-03-28 10:00:00,NA,1017.9,9.7,89,NA
2021-03-28 11:00:00,NA,1018.2,9.8,83,NA
2021-03-28 12:00:00,NA,1018,13.6,67,NA
2021-03-28 13:00:00,NA,1017.8,16.6,61,NA
2021-03-28 14:00:00,NA,1017.7,18,55,NA
2021-03-28 15:00:00,NA,1017.2,19,49,NA
2021-03-28 16:00:00,NA,1016.6,20.4,49,NA
2021-03-28 17:00:00,NA,1015.8,20.5,51,NA
2021-03-28 18:00:00,NA,1015.3,21.6,51,NA
2021-03-28 19:00:00,NA,1015.5,21.4,50,NA
2021-03-28 20:00:00,NA,1015,21.6,50,NA
2021-03-28 21:00:00,NA,1015.1,21.3,51,NA
2021-03-28 22:00:00,NA,1015.7,19.7,60,NA
2021-03-28 23:00:00,NA,1016.4,17.4,70,NA
2021-03-29 00:00:00,967.4,NA,15.3,80,NA
2021-03-29 09:00:00,968.6,NA,8.4,98,NA
2021-03-29 10:00:00,968.9,NA,8.2,98,NA
2021-03-29 11:00:00,969.3,NA,9,93,NA
2021-03-29 12:00:00,969.7,NA,13.4,79,NA
2021-03-29 13:00:00,970.1,NA,14.4,75,NA
2021-03-29 14:00:00,970.2,NA,18.8,70,NA
2021-03-29 15:00:00,970,NA,19.2,66,NA
2021-03-29 16:00:00,969.2,NA,21.6,59,NA
2021-03-29 17:00:00,968.8,NA,22.6,51,NA
2021-03-29 18:00:00,968.2,NA,23.6,47,NA
2021-03-29 19:00:00,967.8,NA,24.1,42,NA
2021-03-29 20:00:00,967.7,NA,23.9,44,NA
2021-03-29 21:00:00,967.7,NA,23.6,42,NA
2021-03-29 22:00:00,967.7,NA,19.6,62,NA
2021-03-29 23:00:00,968,NA,17.8,66,NA
2021-03-30 09:00:00,NA,1016.4,15.3,75,NA
2021-03-30 10:00:00,NA,1016.9,14.6,77,NA
2021-03-30 11:00:00,NA,1017.1,14.7,73,NA
2021-03-30 12:00:00,NA,1017.5,16.6,67,NA
2021-03-30 13:00:00,NA,1017.3,19.8,64,NA
2021-03-30 14:00:00,NA,1016.7,21.8,50,NA
2021-03-30 15:00:00,NA,1016.2,23.3,40,NA
2021-03-30 16:00:00,NA,1015.5,24.7,38,NA
2021-03-30 17:00:00,NA,1014.6,25,39,NA
2021-03-30 18:00:00,NA,1013.5,25.6,35,NA
2021-03-30 19:00:00,NA,1013.9,25.9,36,NA
2021-03-30 20:00:00,NA,1013.7,25.6,39,NA
2021-03-30 21:00:00,NA,1014,24.9,41,NA
2021-03-30 22:00:00,NA,1014.5,21.8,49,NA
2021-03-30 23:00:00,NA,1015,18,71,NA
2021-03-31 00:00:00,966.4,NA,17.3,73,NA
2021-03-31 09:00:00,966.1,NA,13.6,91,NA
2021-03-31 10:00:00,966.5,NA,13.7,88,NA
2021-03-31 11:00:00,966.6,NA,14,87,NA
2021-03-31 17:00:00,966.5,NA,24,46,NA
2021-03-31 18:00:00,965.8,NA,24.4,40,NA
2021-03-31 19:00:00,965.3,NA,24.5,42,NA
2021-03-31 20:00:00,964.8,NA,24,46,NA
2021-03-31 21:00:00,964.5,NA,23.4,47,NA
2021-03-31 22:00:00,964.9,NA,20.6,58,NA
2021-03-31 23:00:00,965.4,NA,17.5,73,NA
2021-04-01 09:00:00,NA,1014.3,12.7,85,NA
2021-04-01 10:00:00,NA,1014.8,13,81,NA
2021-04-01 11:00:00,NA,1015.6,13,83,NA
2021-04-01 12:00:00,NA,1016,14,80,NA
2021-04-01 13:00:00,NA,1016.4,18,71,NA
2021-04-01 14:00:00,NA,1015.8,19.4,65,NA
2021-04-01 15:00:00,NA,1015.1,22.2,54,NA
2021-04-01 16:00:00,NA,1014.2,23,50,NA
2021-04-01 17:00:00,NA,1013.7,23.1,52,NA
2021-04-01 18:00:00,NA,1012.8,24.2,48,NA
2021-04-01 19:00:00,NA,1013.2,22.6,53,NA
2021-04-01 20:00:00,NA,1013.5,22.9,52,NA
2021-04-01 21:00:00,NA,1014.1,21.8,57,NA
2021-04-01 22:00:00,NA,1014.8,20.2,64,NA
2021-04-01 23:00:00,NA,1015.3,17.7,74,NA
2021-04-02 00:00:00,966.5,NA,16.4,78,NA
2021-04-02 01:00:00,966.7,NA,16.3,82,NA
2021-04-02 09:00:00,966.9,NA,13.8,90,NA
2021-04-02 10:00:00,967,NA,13.5,91,NA
2021-04-02 11:00:00,967.7,NA,14.2,86,NA
2021-04-02 12:00:00,968.1,NA,16,80,NA
2021-04-02 13:00:00,968.5,NA,17.1,78,NA
2021-04-02 14:00:00,968.4,NA,20.8,61,NA
2021-04-02 15:00:00,967.9,NA,23,58,NA
2021-04-02 16:00:00,967.3,NA,23.7,55,NA
2021-04-02 17:00:00,966.7,NA,24.4,49,NA
2021-04-02 18:00:00,966,NA,24.9,45,NA
2021-04-02 19:00:00,965.3,NA,24,49,NA
2021-04-02 20:00:00,965.2,NA,23.7,52,NA
2021-04-02 21:00:00,965.4,NA,23,55,NA
2021-04-02 22:00:00,965.8,NA,21.9,58,NA
2021-04-03 09:00:00,NA,1014.6,14.4,87,NA
2021-04-03 10:00:00,NA,1015.1,15.6,82,NA
2021-04-03 11:00:00,NA,1015.9,16,83,NA
2021-04-03 12:00:00,NA,1016.5,17.7,74,NA
2021-04-03 13:00:00,NA,1016.2,20,63,NA
2021-04-03 14:00:00,NA,1016.1,22.4,53,NA
2021-04-03 15:00:00,NA,1015.6,24,48,NA
2021-04-03 16:00:00,NA,1015,24.6,45,NA
2021-04-03 17:00:00,NA,1014,25.4,47,NA
2021-04-03 18:00:00,NA,1013.1,26.4,44,NA
2021-04-03 19:00:00,NA,1013.1,26.7,45,NA
2021-04-03 20:00:00,NA,1013.2,26,46,NA
2021-04-03 21:00:00,NA,1013.7,25.2,47,NA
2021-04-03 22:00:00,NA,1014,22.6,59,NA
2021-04-03 23:00:00,NA,1014.9,19.6,72,NA
2021-04-04 00:00:00,966.9,NA,18.3,78,NA
2021-04-04 09:00:00,965.7,NA,17,81,NA
2021-04-04 10:00:00,966,NA,16.3,83,NA
2021-04-04 11:00:00,966.5,NA,16,85,NA
2021-04-04 12:00:00,966.6,NA,18.6,74,NA
2021-04-04 13:00:00,966.5,NA,21.8,58,NA
2021-04-04 14:00:00,966.4,NA,24.4,50,NA
2021-04-04 15:00:00,965.8,NA,24.9,48,NA
2021-04-04 16:00:00,965,NA,25.6,48,NA
2021-04-04 18:00:00,963,NA,27,47,NA
2021-04-04 19:00:00,962.4,NA,27.1,46,NA
2021-04-04 20:00:00,962.3,NA,26.5,46,NA
2021-04-04 21:00:00,962.2,NA,26.2,46,NA
2021-04-04 22:00:00,962.2,NA,23.8,58,NA
2021-04-04 23:00:00,962.7,NA,22,64,NA
2021-04-05 09:00:00,NA,1010.7,17.8,84,NA
2021-04-05 10:00:00,NA,1011.4,17.5,85,NA
2021-04-05 11:00:00,NA,1011.8,17.2,89,NA
2021-04-05 12:00:00,NA,1009.5,17.8,85,NA
2021-04-05 13:00:00,NA,1012.4,18.6,84,NA
2021-04-05 14:00:00,NA,1012.4,23.4,64,NA
2021-04-05 15:00:00,NA,1011.6,23.7,63,NA
2021-04-05 16:00:00,NA,1010.9,24.6,61,NA
2021-04-05 17:00:00,NA,1010,24.4,62,NA
2021-04-05 18:00:00,NA,1009.5,26,62,NA
2021-04-05 19:00:00,NA,1009.5,27.8,55,NA
2021-04-05 20:00:00,NA,1009.5,27.6,47,NA
2021-04-05 21:00:00,NA,1010.2,26.4,53,NA
2021-04-05 22:00:00,NA,1010.8,23.9,65,NA
2021-04-05 23:00:00,NA,1012,22,75,NA
2021-04-06 00:00:00,964.2,NA,21.4,80,NA
2021-04-06 09:00:00,964.6,NA,16.5,88,NA
2021-04-06 10:00:00,965,NA,17,83,NA
2021-04-06 11:00:00,965.4,NA,15.4,89,NA
2021-04-06 12:00:00,965.8,NA,17.4,89,NA
2021-04-06 13:00:00,966.5,NA,18.8,82,NA
2021-04-06 14:00:00,966.2,NA,21.4,68,NA
2021-04-06 15:00:00,965.8,NA,23.4,61,NA
2021-04-06 16:00:00,965.2,NA,24.4,58,NA
2021-04-06 17:00:00,964.1,NA,26.4,49,NA
2021-04-06 18:00:00,963,NA,27,49,NA
2021-04-06 19:00:00,962.6,NA,27.4,50,NA
2021-04-06 20:00:00,962.6,NA,26.8,50,NA
2021-04-06 21:00:00,962.6,NA,25.8,53,NA
2021-04-06 22:00:00,962.7,NA,23.7,62,NA
2021-04-06 23:00:00,963.1,NA,21.9,70,NA
2021-04-07 09:00:00,NA,1011.1,17,89,NA
2021-04-07 10:00:00,NA,1011.3,18,93,NA
2021-04-07 11:00:00,NA,1011.8,17.7,94,NA
2021-04-07 12:00:00,NA,1011.9,18.3,98,NA
2021-04-07 13:00:00,NA,1011.9,20.8,82,NA
2021-04-07 14:00:00,NA,1011.9,20.8,82,NA
2021-04-07 15:00:00,NA,1011.5,22.9,70,NA
2021-04-07 16:00:00,NA,1011,23.6,69,NA
2021-04-07 17:00:00,NA,1010,23.5,70,NA
2021-04-07 18:00:00,NA,1009.3,23.7,71,NA
2021-04-07 19:00:00,NA,1009.4,24.2,68,NA
2021-04-07 20:00:00,NA,1008.9,24.7,63,NA
2021-04-07 21:00:00,NA,1009.1,24.2,66,NA
2021-04-07 22:00:00,NA,1009.3,23.8,69,NA
2021-04-07 23:00:00,NA,1009.7,22.9,75,NA
2021-04-08 00:00:00,NA,1009.8,22.2,77,NA
2021-04-08 15:00:00,959.8,NA,25.2,75,NA
2021-04-08 16:00:00,959.6,NA,26,73,NA
2021-04-08 17:00:00,959.3,NA,26.4,72,NA
2021-04-08 18:00:00,958,NA,27.6,63,NA
2021-04-08 19:00:00,957.6,NA,27.4,60,NA
2021-04-08 20:00:00,958.4,NA,23,80,NA
2021-04-08 21:00:00,958.8,NA,22.5,80,NA
2021-04-08 22:00:00,959,NA,22,86,NA
2021-04-08 23:00:00,960.6,NA,21,90,NA
2021-04-09 09:00:00,NA,1011.4,18.4,99,NA
2021-04-09 10:00:00,NA,1011.9,18.4,98,NA
2021-04-09 11:00:00,NA,1011.7,18,99,NA
2021-04-09 12:00:00,NA,1013.1,18,99,NA
2021-04-09 13:00:00,NA,1013.7,17.6,99,NA
2021-04-09 14:00:00,NA,1013.9,17.6,99,NA
2021-04-09 15:00:00,NA,1014,17.6,99,NA
2021-04-09 16:00:00,NA,1014.3,17.6,99,NA
2021-04-09 17:00:00,NA,1013.3,17.6,99,NA
2021-04-09 18:00:00,NA,1012.9,17.7,98,NA
2021-04-09 19:00:00,NA,1013,17.6,99,NA
2021-04-09 20:00:00,NA,1012.5,17.4,99,NA
2021-04-09 21:00:00,NA,1012.9,17,97,NA
2021-04-09 22:00:00,NA,1012.9,16.8,99,NA
2021-04-09 23:00:00,NA,1013.1,16.8,99,NA
2021-04-10 00:00:00,NA,1013.4,16.6,99,NA
2021-04-11 09:00:00,NA,1018.8,8.6,95,NA
2021-04-11 10:00:00,NA,1019.4,8.6,94,NA
2021-04-11 11:00:00,NA,1019.5,10,81,NA
2021-04-11 12:00:00,NA,1020,12.6,67,NA
2021-04-11 13:00:00,NA,1020.8,15,60,NA
2021-04-11 14:00:00,NA,1020.8,17.4,48,NA
2021-04-11 15:00:00,NA,1020.5,19.2,41,NA
2021-04-11 16:00:00,NA,1019.8,19.8,38,NA
2021-04-11 17:00:00,NA,1019,21,32,NA
2021-04-11 18:00:00,NA,1017.8,21.6,33,NA
2021-04-11 19:00:00,NA,1018.4,21.7,37,NA
2021-04-11 20:00:00,NA,1018.1,22,34,NA
2021-04-11 21:00:00,NA,1018.6,21.6,37,NA
2021-04-11 22:00:00,NA,1018.9,18.6,56,NA
2021-04-11 23:00:00,NA,1019.4,15.8,69,NA
2021-04-12 00:00:00,NA,1019.7,15.2,67,NA
2021-04-13 09:00:00,NA,1018.6,8.2,96,NA
2021-04-13 10:00:00,NA,1019.3,7.8,96,NA
2021-04-13 11:00:00,NA,1019.8,8.7,90,NA
2021-04-13 12:00:00,NA,1020.3,11.8,73,NA
2021-04-13 13:00:00,971,1020.6,16.5,61,NA
2021-04-13 14:00:00,971.2,1020,19.6,56,NA
2021-04-13 15:00:00,971,1019.3,22.1,49,NA
2021-04-13 16:00:00,970.4,1018.2,22.9,47,NA
2021-04-13 17:00:00,969.5,1017.1,23.8,39,NA
2021-04-13 18:00:00,968.6,1016,25,34,NA
2021-04-13 19:00:00,968.1,1016.7,25.6,33,NA
2021-04-13 20:00:00,967.8,1016.4,24.2,36,NA
2021-04-13 21:00:00,967.8,1016.9,22.8,40,NA
2021-04-13 22:00:00,967.8,1017.2,19.8,53,NA
2021-04-13 23:00:00,968,1017.6,17,65,NA
2021-04-14 00:00:00,NA,1017.8,16.6,66,NA
2021-04-14 01:00:00,NA,1017.7,15,76,NA
2021-04-15 00:00:00,963.3,NA,NA,NA,NA
2021-04-15 09:00:00,963.4,1011.7,14.5,93,NA
2021-04-15 10:00:00,963.6,1012.1,13.8,94,NA
2021-04-15 11:00:00,964,1012.8,13.8,93,NA
2021-04-15 12:00:00,964.6,1013.2,17.8,78,NA
2021-04-15 13:00:00,965.3,1013.6,21,70,NA
2021-04-15 14:00:00,965.4,1013.2,25.5,54,NA
2021-04-15 15:00:00,965.3,1012.3,26,48,NA
2021-04-15 16:00:00,964.6,1011.5,26.6,44,NA
2021-04-15 17:00:00,964.2,1011,26.8,45,NA
2021-04-15 18:00:00,963.3,1010,27.4,44,NA
2021-04-15 19:00:00,962.8,1010.4,27.7,42,NA
2021-04-15 20:00:00,962.5,1010.1,27.3,44,NA
2021-04-15 21:00:00,962.4,1010.4,26.7,45,NA
2021-04-15 22:00:00,962.9,1011.2,23.5,61,NA
2021-04-15 23:00:00,963.6,1012.1,21.8,66,NA
2021-04-16 00:00:00,NA,1012.4,20.8,67,NA
2021-04-16 01:00:00,NA,1012.5,20.4,66,NA
2021-04-17 00:00:00,964.2,NA,NA,NA,NA
2021-04-17 09:00:00,965.4,1013.3,18,88,NA
2021-04-17 10:00:00,966.1,1014.3,17.4,89,NA
2021-04-17 11:00:00,966.2,1014.5,17.6,85,NA
2021-04-17 12:00:00,966.8,1015.1,19,88,NA
2021-04-17 13:00:00,967.2,1016,19.8,83,NA
2021-04-17 14:00:00,966.9,1015.4,23,74,NA
2021-04-17 15:00:00,966.6,1015,24.6,71,NA
2021-04-17 16:00:00,966.1,1014.3,27,61,NA
2021-04-17 17:00:00,964.8,1011.5,27.4,57,NA
2021-04-17 18:00:00,964.1,1010.7,27.8,52,NA
2021-04-17 19:00:00,963.8,1011.2,28,48,NA
2021-04-17 20:00:00,963.2,1010.5,27.5,47,NA
2021-04-17 21:00:00,963.5,1011.2,27.1,48,NA
2021-04-17 22:00:00,963.9,1011.9,25,57,NA
2021-04-17 23:00:00,964.1,1012.2,23.4,63,NA
2021-04-18 00:00:00,NA,1012.9,22.5,66,NA
2021-04-19 00:00:00,964.6,NA,NA,NA,NA
2021-04-19 09:00:00,965.6,1013.5,17.8,88,NA
2021-04-19 10:00:00,965.7,1013.8,17.3,91,NA
2021-04-19 11:00:00,966.2,1014.5,17.7,89,NA
2021-04-19 12:00:00,966.2,1014.6,19.1,85,NA
2021-04-19 13:00:00,966.5,1014.6,21.6,74,NA
2021-04-19 14:00:00,966.2,1013.9,23.9,63,NA
2021-04-19 15:00:00,966,1013.3,24.8,59,NA
2021-04-19 16:00:00,965.6,1012.7,25.4,56,NA
2021-04-19 17:00:00,964.8,1011.8,26.2,53,NA
2021-04-19 18:00:00,964,1010.8,26.3,53,NA
2021-04-19 19:00:00,963.4,1010.9,27,51,NA
2021-04-19 20:00:00,963.1,1010.5,26.4,52,NA
2021-04-19 21:00:00,963.1,1010.9,25.7,53,NA
2021-04-19 22:00:00,963.2,1011.2,24.4,55,NA
2021-04-19 23:00:00,963.7,1011.8,22.7,65,NA
2021-04-20 00:00:00,NA,1012.2,22.4,66,NA
2021-04-21 00:00:00,961.6,NA,NA,NA,NA
2021-04-21 01:00:00,961.8,NA,NA,NA,NA
2021-04-21 09:00:00,959.2,1007,17,95,NA
2021-04-21 10:00:00,959.8,1007.7,16.5,97,NA
2021-04-21 11:00:00,959.8,1007.7,17.2,89,NA
2021-04-21 12:00:00,960.6,1008.7,17.6,92,NA
2021-04-21 13:00:00,961,1009.1,18.4,89,NA
2021-04-21 14:00:00,961.7,1009.7,18.9,89,NA
2021-04-21 15:00:00,963.4,1011.4,17,87,NA
2021-04-21 16:00:00,964.4,1012.8,13.8,90,NA
2021-04-21 17:00:00,963.7,1012.6,14.3,89,NA
2021-04-21 18:00:00,964.2,1013,16,73,NA
2021-04-21 19:00:00,963.7,1012.1,17.8,66,NA
2021-04-21 20:00:00,964.7,1013,17.6,64,NA
2021-04-21 21:00:00,965.1,1013.8,17.5,62,NA
2021-04-21 22:00:00,965.4,1014.2,16.4,70,NA
2021-04-21 23:00:00,965.3,1014.3,14.3,79,NA
2021-04-22 00:00:00,NA,1014,14.1,80,NA
2021-04-23 00:00:00,963.7,NA,NA,NA,NA
2021-04-23 01:00:00,964.1,NA,NA,NA,NA
2021-04-23 09:00:00,NA,1010.3,15.8,95,NA
2021-04-23 10:00:00,NA,1010.7,15.8,95,NA
2021-04-23 11:00:00,NA,1011.4,15.7,96,NA
2021-04-23 12:00:00,NA,1011.4,15.8,96,NA
2021-04-23 13:00:00,NA,1012.4,15.7,96,NA
2021-04-23 14:00:00,NA,1012,16.2,98,NA
2021-04-23 15:00:00,NA,1011.5,17.3,96,NA
2021-04-23 16:00:00,NA,1011.1,17.2,95,NA
2021-04-23 17:00:00,NA,1010.9,17.6,93,NA
2021-04-23 18:00:00,NA,1010.4,18,91,NA
2021-04-23 19:00:00,NA,1011.3,17.1,94,NA
2021-04-23 20:00:00,NA,1011.5,17.1,93,NA
2021-04-23 21:00:00,NA,1012.3,17,91,NA
2021-04-23 22:00:00,NA,1012.7,16,94,NA
2021-04-23 23:00:00,NA,1014,15.5,93,NA
2021-04-24 00:00:00,NA,1014.8,15.2,94,NA
2021-04-25 09:00:00,NA,1022.4,7.6,92,NA
2021-04-25 10:00:00,NA,1022.8,7,93,NA
2021-04-25 11:00:00,NA,1023.2,7.1,90,NA
2021-04-25 12:00:00,NA,1023.7,9.2,81,NA
2021-04-25 13:00:00,NA,1024.1,13.7,66,NA
2021-04-25 14:00:00,NA,1023.2,14.6,64,NA
2021-04-25 15:00:00,NA,1022.7,17,51,NA
2021-04-25 16:00:00,NA,1021.3,18.4,45,NA
2021-04-25 17:00:00,NA,1020.3,19,44,NA
2021-04-25 18:00:00,NA,1019,19.4,43,NA
2021-04-25 19:00:00,NA,1019.5,20.3,41,NA
2021-04-25 20:00:00,NA,1019,20.2,41,NA
2021-04-25 21:00:00,NA,1019.2,19.3,43,NA
2021-04-25 22:00:00,NA,1020.2,14,57,NA
2021-04-25 23:00:00,NA,1020.8,12.5,71,NA
2021-04-26 00:00:00,NA,1021,12,70,NA
2021-04-27 09:00:00,NA,1017,10.7,86,NA
2021-04-27 10:00:00,NA,1017.5,10.6,90,NA
2021-04-27 11:00:00,NA,1017.9,10.9,85,NA
2021-04-27 12:00:00,NA,1018.2,13.4,75,NA
2021-04-27 13:00:00,NA,1018.3,18.2,61,NA
2021-04-27 14:00:00,NA,1017.4,20.8,51,NA
2021-04-27 15:00:00,NA,1016.8,22.8,44,NA
2021-04-27 16:00:00,NA,1015.8,23.9,37,NA
2021-04-27 17:00:00,NA,1014.8,24.6,34,NA
2021-04-27 18:00:00,NA,1015.5,25,30,NA
2021-04-27 19:00:00,NA,1014.5,25.2,28,NA
2021-04-27 20:00:00,NA,1014.5,24.8,27,NA
2021-04-27 21:00:00,NA,1015.1,23.4,34,NA
2021-04-27 22:00:00,NA,1015.5,19.6,48,NA
2021-04-27 23:00:00,NA,1016,18,54,NA
2021-04-28 00:00:00,967.4,NA,16,60,NA
2021-04-28 01:00:00,968,NA,14.6,67,NA
2021-04-28 09:00:00,968.6,NA,9.6,91,NA
2021-04-28 10:00:00,969.4,NA,9.3,93,NA
2021-04-28 11:00:00,970,NA,9.2,85,NA
2021-04-28 12:00:00,970.6,NA,13.6,74,NA
2021-04-28 13:00:00,971.3,NA,16.8,63,NA
2021-04-28 14:00:00,971.7,NA,20.8,57,NA
2021-04-28 15:00:00,971.7,NA,21.9,55,NA
2021-04-28 16:00:00,971.6,NA,24,40,NA
2021-04-28 17:00:00,970.8,NA,24.8,37,NA
2021-04-28 18:00:00,970.1,NA,25.1,38,NA
2021-04-28 19:00:00,969.8,NA,25.3,34,NA
2021-04-28 20:00:00,969.6,NA,24.5,37,NA
2021-04-28 21:00:00,969.5,NA,23.2,41,NA
2021-04-28 22:00:00,969.4,NA,20.6,51,NA
2021-04-28 23:00:00,969.7,NA,17.6,61,NA
2021-04-29 09:00:00,NA,1019.2,12,91,NA
2021-04-29 10:00:00,NA,1019.5,10.7,95,NA
2021-04-29 11:00:00,NA,1019.8,11.2,92,NA
2021-04-29 12:00:00,NA,1019.8,13.6,76,NA
2021-04-29 13:00:00,NA,1020.1,16.8,68,NA
2021-04-29 14:00:00,NA,1019.5,19.1,62,NA
2021-04-29 15:00:00,NA,1018.8,22.8,44,NA
2021-04-29 16:00:00,NA,1017.7,23.8,39,NA
2021-04-29 17:00:00,NA,1016.8,25.2,34,NA
2021-04-29 18:00:00,NA,1015.7,25.6,27,NA
2021-04-29 19:00:00,NA,1016.7,25.8,26,NA
2021-04-29 20:00:00,NA,1015.9,24.4,30,NA
2021-04-29 21:00:00,NA,1016.5,22.6,34,NA
2021-04-29 22:00:00,NA,1016.9,20.4,43,NA
2021-04-29 23:00:00,NA,1017.1,18.6,50,NA
2021-04-30 00:00:00,968.1,NA,16.4,57,NA
2021-04-30 09:00:00,966.2,NA,11.6,82,NA
2021-04-30 10:00:00,966.2,NA,11.5,78,NA
2021-04-30 11:00:00,966.2,NA,11.3,78,NA
2021-04-30 12:00:00,966.4,NA,12.8,72,NA
2021-04-30 13:00:00,966.4,NA,15.6,63,NA
2021-04-30 14:00:00,966.2,NA,19.6,51,NA
2021-04-30 15:00:00,965.8,NA,20.4,49,NA
2021-04-30 16:00:00,965.3,NA,22,46,NA
2021-04-30 17:00:00,963.8,NA,23.9,38,NA
2021-04-30 18:00:00,962.9,NA,24.2,36,NA
2021-04-30 19:00:00,962.4,NA,24.5,37,NA
2021-04-30 20:00:00,962,NA,23.8,41,NA
2021-04-30 21:00:00,962.1,NA,22.3,44,NA
2021-04-30 22:00:00,962.4,NA,19.6,53,NA
2021-04-30 23:00:00,962.6,NA,17.6,56,NA
2021-05-01 09:00:00,NA,1011.9,11.8,81,NA
2021-05-01 10:00:00,NA,1012.6,10.2,88,NA
2021-05-01 11:00:00,NA,1013.2,10,88,NA
2021-05-01 12:00:00,NA,1013.3,12.2,85,NA
2021-05-01 13:00:00,NA,1013.6,13.9,75,NA
2021-05-01 14:00:00,NA,1013.5,19,47,NA
2021-05-01 15:00:00,NA,1011.7,21.9,39,NA
2021-05-01 16:00:00,NA,1010.2,22.7,40,NA
2021-05-01 17:00:00,NA,1009.6,24,37,NA
2021-05-01 18:00:00,NA,1008.1,24.6,33,NA
2021-05-01 19:00:00,NA,1009,23.8,34,NA
2021-05-01 20:00:00,NA,1009.1,24.1,33,NA
2021-05-01 21:00:00,NA,1009.5,22,48,NA
2021-05-01 22:00:00,NA,1010.3,19.6,57,NA
2021-05-01 23:00:00,NA,1011,17.6,62,NA
2021-05-02 00:00:00,962.4,NA,16.6,64,NA
2021-05-02 01:00:00,963,NA,16.5,62,NA
2021-05-02 09:00:00,962.2,NA,12.6,95,NA
2021-05-02 10:00:00,962.9,NA,11.6,85,NA
2021-05-02 11:00:00,962.8,NA,10.8,89,NA
2021-05-02 12:00:00,962.9,NA,12.5,77,NA
2021-05-02 13:00:00,962.8,NA,18.2,66,NA
2021-05-02 14:00:00,962.6,NA,22.4,50,NA
2021-05-02 15:00:00,962.4,NA,23.8,48,NA
2021-05-02 16:00:00,961.4,NA,25.8,42,NA
2021-05-02 17:00:00,960.2,NA,27,38,NA
2021-05-02 18:00:00,959.4,NA,28.4,39,NA
2021-05-02 19:00:00,959,NA,28,37,NA
2021-05-02 20:00:00,959,NA,28.2,33,NA
2021-05-02 21:00:00,958.9,NA,26,40,NA
2021-05-02 22:00:00,959.2,NA,23,48,NA
2021-05-02 23:00:00,959.6,NA,20,53,NA
2021-05-03 09:00:00,NA,1007.7,15,89,NA
2021-05-03 10:00:00,NA,1008.2,14.2,90,NA
2021-05-03 11:00:00,NA,1009,14,93,NA
2021-05-03 12:00:00,NA,1009.6,14.2,93,NA
2021-05-03 13:00:00,NA,1010.1,15,90,NA
2021-05-03 14:00:00,NA,1010.7,16,81,NA
2021-05-03 15:00:00,NA,1009.8,17,70,NA
2021-05-03 16:00:00,NA,1009.8,18.4,63,NA
2021-05-03 17:00:00,NA,1008.6,20,59,NA
2021-05-03 18:00:00,NA,1007.8,20.9,58,NA
2021-05-03 19:00:00,NA,1008.5,20.2,53,NA
2021-05-03 20:00:00,NA,1009.8,18.8,52,NA
2021-05-03 21:00:00,NA,1012.1,16.8,56,NA
2021-05-03 22:00:00,NA,1014.2,15.8,60,NA
2021-05-03 23:00:00,NA,1015.5,15.4,68,NA
2021-05-04 00:00:00,968,NA,14.8,73,NA
2021-05-04 01:00:00,969.3,NA,14.3,70,NA
2021-05-04 09:00:00,974,NA,9.9,61,NA
2021-05-04 10:00:00,974.6,NA,9.6,59,NA
2021-05-04 11:00:00,976.2,NA,9,61,NA
2021-05-04 12:00:00,977.7,NA,8.6,62,NA
2021-05-04 13:00:00,978.5,NA,8.8,58,NA
2021-05-04 14:00:00,979.4,NA,9.6,50,NA
2021-05-04 15:00:00,979.2,NA,10.2,48,NA
2021-05-04 16:00:00,979.4,NA,11,47,NA
2021-05-04 17:00:00,978,NA,11.7,38,NA
2021-05-04 19:00:00,977,NA,12.2,40,NA
2021-05-04 20:00:00,977.7,NA,12,38,NA
2021-05-04 21:00:00,978.5,NA,11.6,41,NA
2021-05-04 22:00:00,978.2,NA,10,46,NA
2021-05-04 23:00:00,979,NA,9.8,62,NA
2021-05-05 09:00:00,NA,1027.8,4.8,90,NA
2021-05-05 10:00:00,NA,1028.1,4.2,91,NA
2021-05-05 11:00:00,NA,1028.5,5,83,NA
2021-05-05 12:00:00,NA,1028.9,5.6,80,NA
2021-05-05 13:00:00,NA,1028.7,10,54,NA
2021-05-05 14:00:00,NA,1028.1,12,46,NA
2021-05-05 15:00:00,NA,1027.7,12,46,NA
2021-05-05 16:00:00,NA,1026.8,12.4,46,NA
2021-05-05 17:00:00,NA,1025.9,14,42,NA
2021-05-05 18:00:00,NA,1025.2,14.4,43,NA
2021-05-05 19:00:00,NA,1025.8,14.8,42,NA
2021-05-05 20:00:00,NA,1025.5,14.6,43,NA
2021-05-05 21:00:00,NA,1026.1,14.6,45,NA
2021-05-05 22:00:00,NA,1026.5,12,69,NA
2021-05-05 23:00:00,NA,1027.1,10.8,74,NA
2021-05-06 00:00:00,976.6,NA,9.6,71,NA
2021-05-06 01:00:00,977,NA,9.1,73,NA
2021-05-06 09:00:00,977,NA,5.2,83,NA
2021-05-06 10:00:00,977.2,NA,4.8,86,NA
2021-05-06 11:00:00,977.4,NA,5,86,NA
2021-05-06 12:00:00,977.6,NA,6.6,75,NA
2021-05-06 13:00:00,977.8,NA,7.9,69,NA
2021-05-06 14:00:00,977.9,NA,15,49,NA
2021-05-06 15:00:00,977,NA,16.4,43,NA
2021-05-06 16:00:00,976.1,NA,17,45,NA
2021-05-06 17:00:00,975.4,NA,17.6,46,NA
2021-05-06 18:00:00,974.5,NA,18.6,38,NA
2021-05-06 19:00:00,973.8,NA,19,34,NA
2021-05-06 20:00:00,973.4,NA,18,40,NA
2021-05-06 21:00:00,973,NA,17,44,NA
2021-05-06 22:00:00,973,NA,15.4,46,NA
2021-05-06 23:00:00,973.2,NA,15,52,NA
2021-05-07 03:00:00,NA,1024.2,9,73,NA
2021-05-07 09:00:00,NA,1022.2,4,86,NA
2021-05-07 10:00:00,NA,1022.3,4.8,86,NA
2021-05-07 11:00:00,NA,1022.4,4.4,88,NA
2021-05-07 12:00:00,NA,1022.4,9.6,58,NA
2021-05-07 13:00:00,NA,1022.9,10.4,70,NA
2021-05-07 14:00:00,NA,1023.4,14,55,NA
2021-05-07 15:00:00,NA,1023.3,14,57,NA
2021-05-07 16:00:00,NA,1022.2,16.3,54,NA
2021-05-07 17:00:00,NA,1021.3,16.4,48,NA
2021-05-07 18:00:00,NA,1020.7,16.8,45,NA
2021-05-07 19:00:00,NA,1021.6,16.4,43,NA
2021-05-07 20:00:00,NA,1021.4,15.4,47,NA
2021-05-07 21:00:00,NA,1021.4,14.4,52,NA
2021-05-07 22:00:00,NA,1021.9,13.1,55,NA
2021-05-07 23:00:00,NA,1022.4,12.2,59,NA
2021-05-08 00:00:00,972.9,NA,9.7,70,NA
2021-05-08 01:00:00,972.5,NA,9.2,69,NA
2021-05-08 09:00:00,971.2,NA,6.6,84,NA
2021-05-08 10:00:00,971.6,NA,6.3,87,NA
2021-05-08 11:00:00,971.8,NA,6.9,81,NA
2021-05-08 12:00:00,972.4,NA,8,82,NA
2021-05-08 13:00:00,972.6,NA,9.7,69,NA
2021-05-08 14:00:00,972.7,NA,12.4,65,NA
2021-05-08 15:00:00,972.5,NA,12.7,65,NA
2021-05-08 16:00:00,971.7,NA,15.8,51,NA
2021-05-08 17:00:00,970.9,NA,16.2,52,NA
2021-05-08 18:00:00,969.8,NA,17,50,NA
2021-05-08 19:00:00,968.8,NA,18,45,NA
2021-05-08 20:00:00,968.8,NA,17.4,46,NA
2021-05-08 21:00:00,969,NA,17,45,NA
2021-05-08 22:00:00,969.6,NA,15,52,NA
2021-05-08 23:00:00,970.2,NA,13.4,62,NA
2021-05-09 09:00:00,NA,1019,9.8,79,NA
2021-05-09 10:00:00,NA,1019.3,9.4,81,NA
2021-05-09 11:00:00,NA,1019.8,9.3,86,NA
2021-05-09 12:00:00,NA,1020.2,9.6,81,NA
2021-05-09 13:00:00,NA,1020.5,12.2,79,NA
2021-05-09 14:00:00,NA,1020.5,16.4,61,NA
2021-05-09 15:00:00,NA,1019.6,19,62,NA
2021-05-09 16:00:00,NA,1018.5,19,54,NA
2021-05-09 17:00:00,NA,1018,20.2,NA,NA
2021-05-09 18:00:00,NA,1017.3,20,41,NA
2021-05-09 19:00:00,NA,1018,19.8,43,NA
2021-05-09 20:00:00,NA,1018.2,18.8,51,NA
2021-05-09 21:00:00,NA,1019.1,18,52,NA
2021-05-09 22:00:00,NA,1020,17,60,NA
2021-05-09 23:00:00,NA,1021.1,16.6,61,NA
2021-05-10 00:00:00,971.8,NA,15,66,NA
2021-05-10 01:00:00,972.2,NA,14.2,67,NA
2021-05-10 09:00:00,973.7,NA,10,91,NA
2021-05-10 10:00:00,974.2,NA,9.6,88,NA
2021-05-10 11:00:00,975.3,NA,8,90,NA
2021-05-10 12:00:00,976.1,NA,8.8,88,NA
2021-05-10 13:00:00,977,NA,10.2,84,NA
2021-05-10 14:00:00,977.4,NA,12,76,NA
2021-05-10 15:00:00,977.3,NA,14.6,63,NA
2021-05-10 16:00:00,977,NA,15,58,NA
2021-05-10 18:00:00,975.1,NA,16.4,47,NA
2021-05-10 19:00:00,974.4,NA,16.9,44,NA
2021-05-10 20:00:00,974.4,NA,16.2,37,NA
2021-05-10 21:00:00,974.6,NA,15.5,39,NA
2021-05-10 23:00:00,975.8,NA,10.4,61,NA
2021-05-11 09:00:00,NA,1025.5,3.4,82,NA
2021-05-11 10:00:00,NA,1025.8,3,82,NA
2021-05-11 11:00:00,NA,1026.2,5.4,66,NA
2021-05-11 12:00:00,NA,1026.7,5.8,64,NA
2021-05-11 13:00:00,NA,1026.4,9.2,56,NA
2021-05-11 14:00:00,NA,1025.7,12.2,40,NA
2021-05-11 15:00:00,NA,1025.1,14,36,NA
2021-05-11 16:00:00,NA,1023.8,15.8,35,NA
2021-05-11 17:00:00,NA,1022.5,17,32,NA
2021-05-11 18:00:00,NA,1021,17.7,32,NA
2021-05-11 19:00:00,NA,1021.7,18,31,NA
2021-05-11 20:00:00,NA,1021.6,17.2,34,NA
2021-05-11 21:00:00,NA,1022,15.6,39,NA
2021-05-11 22:00:00,NA,1022.2,13.4,43,NA
2021-05-11 23:00:00,NA,1022.6,11.4,47,NA
2021-05-12 00:00:00,972.2,NA,10.8,50,NA
2021-05-12 01:00:00,972.6,NA,10,52,NA
2021-05-12 09:00:00,970.1,NA,6.4,78,NA
2021-05-12 10:00:00,970.1,NA,6,81,NA
2021-05-12 11:00:00,970.5,NA,5.2,89,NA
2021-05-12 12:00:00,970.5,NA,6,87,NA
2021-05-12 13:00:00,970.6,NA,11.8,64,NA
2021-05-12 14:00:00,970.6,NA,13,55,NA
2021-05-12 15:00:00,970.3,NA,18.5,42,NA
2021-05-12 16:00:00,969.6,NA,20.4,40,NA
2021-05-12 17:00:00,968.8,NA,22.4,31,NA
2021-05-12 18:00:00,967.7,NA,22.9,30,NA
2021-05-12 19:00:00,967.3,NA,23,32,NA
2021-05-12 20:00:00,966.5,NA,22,31,NA
2021-05-12 21:00:00,966.6,NA,20.3,37,NA
2021-05-12 23:00:00,966.8,NA,14.4,58,NA
2021-05-13 09:00:00,NA,1017,5.4,84,NA
2021-05-13 10:00:00,NA,1017.6,4,92,NA
2021-05-13 11:00:00,NA,1018.2,4.6,83,NA
2021-05-13 12:00:00,NA,1018.8,6.4,77,NA
2021-05-13 13:00:00,NA,1019.4,8.8,71,NA
2021-05-13 14:00:00,NA,1019.9,11.8,70,NA
2021-05-13 15:00:00,NA,1018.9,16.2,46,NA
2021-05-13 16:00:00,NA,1017.4,18.6,43,NA
2021-05-13 17:00:00,NA,1016.7,21.4,36,NA
2021-05-13 18:00:00,NA,1015.2,21.3,37,NA
2021-05-13 19:00:00,NA,1016.5,21.3,35,NA
2021-05-13 20:00:00,NA,1016.4,21.2,36,NA
2021-05-13 21:00:00,NA,1016.6,19.9,39,NA
2021-05-13 22:00:00,NA,1017.9,17.2,43,NA
2021-05-14 00:00:00,NA,1019.3,11.5,65,NA
2021-05-13 23:00:00,968.4,NA,14,54,NA
2021-05-14 01:00:00,969.3,NA,9.7,75,NA
2021-05-14 09:00:00,968.1,NA,7,84,NA
2021-05-14 10:00:00,968.1,NA,6.6,86,NA
2021-05-14 11:00:00,968.5,NA,3.6,93,NA
2021-05-14 12:00:00,968.6,NA,4.6,85,NA
2021-05-14 13:00:00,969,NA,11.4,59,NA
2021-05-14 14:00:00,969.4,NA,15,58,NA
2021-05-14 15:00:00,969,NA,18,42,NA
2021-05-14 16:00:00,968.2,NA,20.2,34,NA
2021-05-14 17:00:00,967.2,NA,21.2,31,NA
2021-05-14 18:00:00,966.3,NA,21.8,31,NA
2021-05-14 19:00:00,965.7,NA,22.1,30,NA
2021-05-14 20:00:00,965.6,NA,21.9,30,NA
2021-05-14 21:00:00,965.4,NA,19.2,36,NA
2021-05-14 22:00:00,965.8,NA,17.5,39,NA
2021-05-14 23:00:00,966.8,NA,14.4,44,NA
2021-05-15 09:00:00,NA,1017,7.6,82,NA
2021-05-15 10:00:00,NA,1017.5,7.9,79,NA
2021-05-15 11:00:00,NA,1018.2,6.2,88,NA
2021-05-15 12:00:00,NA,1018.5,7.7,81,NA
2021-05-15 13:00:00,NA,1018.6,10.4,77,NA
2021-05-15 14:00:00,NA,1018.7,16,62,NA
2021-05-15 15:00:00,NA,1017.4,19.2,49,NA
2021-05-15 16:00:00,NA,1016.6,19.8,47,NA
2021-05-15 17:00:00,NA,1015.7,20.6,41,NA
2021-05-15 18:00:00,NA,1014.5,21.4,40,NA
2021-05-15 19:00:00,NA,1015.4,21.8,41,NA
2021-05-15 20:00:00,NA,1015.5,20.4,40,NA
2021-05-15 21:00:00,NA,1016.3,17.8,52,NA
2021-05-15 22:00:00,NA,1016.9,15.8,60,NA
2021-05-15 23:00:00,NA,1018,14.6,66,NA
2021-05-16 00:00:00,968.5,NA,14.4,67,NA
2021-05-16 01:00:00,968.9,NA,14.2,67,NA
2021-05-16 09:00:00,968.2,NA,8.2,90,NA
2021-05-16 10:00:00,968.2,NA,7.3,91,NA
2021-05-16 11:00:00,969,NA,7,96,NA
2021-05-16 12:00:00,969.4,NA,9,80,NA
2021-05-16 13:00:00,970.4,NA,14.6,66,NA
2021-05-16 14:00:00,970.6,NA,16.2,63,NA
2021-05-16 15:00:00,970.6,NA,18,52,NA
2021-05-16 16:00:00,970.5,NA,20.2,47,NA
2021-05-16 17:00:00,969.7,NA,20.6,45,NA
2021-05-16 18:00:00,968.8,NA,21,43,NA
2021-05-16 19:00:00,968.5,NA,21.6,39,NA
2021-05-16 20:00:00,969,NA,21.3,40,NA
2021-05-16 21:00:00,969.4,NA,18.6,53,NA
2021-05-16 22:00:00,969.8,NA,16.9,60,NA
2021-05-16 23:00:00,970.2,NA,15,67,NA
2021-05-17 09:00:00,NA,1021.9,7,94,NA
2021-05-17 10:00:00,NA,1021.9,6.7,93,NA
2021-05-17 11:00:00,NA,1022.5,6.4,96,NA
2021-05-17 12:00:00,NA,1022.8,8.6,83,NA
2021-05-17 13:00:00,NA,1022.6,12.2,73,NA
2021-05-17 14:00:00,NA,1022.7,13.9,61,NA
2021-05-17 15:00:00,NA,1021.9,17.8,55,NA
2021-05-17 16:00:00,NA,1020,19.6,48,NA
2021-05-17 17:00:00,NA,1019,20.1,47,NA
2021-05-17 18:00:00,NA,1017.9,21,44,NA
2021-05-17 19:00:00,NA,1018.5,21,44,NA
2021-05-17 20:00:00,NA,1018.1,20.2,47,NA
2021-05-17 21:00:00,NA,1018.9,18.7,52,NA
2021-05-17 22:00:00,NA,1019,16.6,60,NA
2021-05-17 23:00:00,NA,1019.7,14.3,67,NA
2021-05-18 00:00:00,969.8,NA,14.2,68,NA
2021-05-18 01:00:00,970,NA,13.4,69,NA
2021-05-18 09:00:00,967.6,NA,13,85,NA
2021-05-18 10:00:00,967.3,NA,13.2,84,NA
2021-05-18 11:00:00,967.6,NA,13.2,85,NA
2021-05-18 12:00:00,967.4,NA,13.9,85,NA
2021-05-18 13:00:00,967.7,NA,15.2,80,NA
2021-05-18 14:00:00,967.4,NA,17,73,NA
2021-05-18 16:00:00,965.8,NA,21.2,52,NA
2021-05-18 17:00:00,965,NA,22,49,NA
2021-05-18 18:00:00,964.2,NA,22.6,48,NA
2021-05-18 19:00:00,963.8,NA,21.6,53,NA
2021-05-18 20:00:00,963.4,NA,20.4,53,NA
2021-05-18 21:00:00,963.7,NA,19,56,NA
2021-05-18 22:00:00,963.7,NA,16,60,NA
2021-05-18 23:00:00,964.2,NA,16.2,65,NA
2021-05-19 09:00:00,NA,1010.9,13.2,77,NA
2021-05-19 10:00:00,NA,1012,12.2,78,NA
2021-05-19 11:00:00,NA,1011.7,11.9,77,NA
2021-05-19 12:00:00,NA,1011.9,12,83,NA
2021-05-19 13:00:00,NA,1011.6,14,74,NA
2021-05-19 14:00:00,NA,1011.2,15.8,66,NA
2021-05-19 15:00:00,NA,1010.9,16.6,61,NA
2021-05-19 16:00:00,NA,1009.7,17.6,60,NA
2021-05-19 17:00:00,NA,1008.9,20,52,NA
2021-05-19 18:00:00,NA,1007.6,20.4,54,NA
2021-05-19 19:00:00,NA,1008.1,21,50,NA
2021-05-19 20:00:00,NA,1008.4,20.8,49,NA
2021-05-19 21:00:00,NA,1009.1,18.6,59,NA
2021-05-19 22:00:00,NA,1010,17.3,66,NA
2021-05-19 23:00:00,NA,1010.6,15.2,76,NA
2021-05-20 00:00:00,962.2,NA,13.3,85,NA
2021-05-20 01:00:00,962.4,NA,13,83,NA
2021-05-20 09:00:00,960.6,NA,12.8,91,NA
2021-05-20 10:00:00,961,NA,12.5,93,NA
2021-05-20 11:00:00,961.2,NA,12.4,96,NA
2021-05-20 12:00:00,961.8,NA,12.6,96,NA
2021-05-20 13:00:00,961.8,NA,13,95,NA
2021-05-20 14:00:00,961.5,NA,12.7,95,NA
2021-05-20 16:00:00,960.7,NA,13,94,NA
2021-05-20 17:00:00,960.2,NA,14.4,88,NA
2021-05-20 18:00:00,959.3,NA,15.2,84,NA
2021-05-20 19:00:00,958.9,NA,15,86,NA
2021-05-20 20:00:00,959.3,NA,15.3,85,NA
2021-05-20 21:00:00,959.7,NA,15,87,NA
2021-05-20 22:00:00,960.6,NA,14.7,89,NA
2021-05-20 23:00:00,960.9,NA,14.1,95,NA
2021-05-21 09:00:00,NA,1009.3,10.9,100,NA
2021-05-21 10:00:00,NA,1008.6,10.2,96,NA
2021-05-21 11:00:00,NA,1010.9,10.5,99,NA
2021-05-21 12:00:00,NA,1011.1,10.4,100,NA
2021-05-21 13:00:00,NA,1011.3,10.6,99,NA
2021-05-21 14:00:00,NA,1012.8,10.4,100,NA
2021-05-21 15:00:00,NA,1013.7,10.3,99,NA
2021-05-21 16:00:00,NA,1010.8,10.3,97,NA
2021-05-21 17:00:00,NA,1012.1,10.6,91,NA
2021-05-21 18:00:00,NA,1011.6,10.2,96,NA
2021-05-21 19:00:00,NA,1011.5,10.4,94,NA
2021-05-21 20:00:00,NA,1012.3,10.6,99,NA
2021-05-21 21:00:00,NA,1013.4,10.6,86,NA
2021-05-21 22:00:00,NA,1013.7,10.4,89,NA
2021-05-21 23:00:00,NA,1013.8,10,89,NA
2021-05-22 00:00:00,964.4,NA,10,88,NA
2021-05-22 01:00:00,964.8,NA,9.4,81,NA
2021-05-22 09:00:00,964.1,NA,7.2,68,NA
2021-05-22 10:00:00,964.1,NA,7.4,61,NA
2021-05-22 11:00:00,964.2,NA,7.6,56,NA
2021-05-22 12:00:00,964.2,NA,8.6,53,NA
2021-05-22 13:00:00,964.9,NA,8.6,60,NA
2021-05-22 14:00:00,964.9,NA,9,57,NA
2021-05-22 15:00:00,964.8,NA,10,53,NA
2021-05-22 16:00:00,964.1,NA,12.2,42,NA
2021-05-22 17:00:00,963.6,NA,12.9,42,NA
2021-05-22 18:00:00,963.4,NA,13.2,48,NA
2021-05-22 19:00:00,964.1,NA,13.1,51,NA
2021-05-22 20:00:00,965,NA,11.9,68,NA
2021-05-22 21:00:00,965.4,NA,11.2,72,NA
2021-05-22 22:00:00,966.2,NA,10.8,63,NA
2021-05-22 23:00:00,966.6,NA,10.3,66,NA
2021-05-23 09:00:00,NA,1019.9,7.8,77,NA
2021-05-23 10:00:00,NA,1020.6,7.5,80,NA
2021-05-23 11:00:00,NA,1021.5,7.1,86,NA
2021-05-23 12:00:00,NA,1021.7,7.8,68,NA
2021-05-23 13:00:00,NA,1021.8,8.6,64,NA
2021-05-23 14:00:00,NA,1021.8,12.4,43,NA
2021-05-23 15:00:00,NA,1020.6,13,43,NA
2021-05-23 16:00:00,NA,1019.8,15.2,39,NA
2021-05-23 17:00:00,NA,1018.8,15.6,36,NA
2021-05-23 18:00:00,NA,1018.9,16.1,34,NA
2021-05-23 19:00:00,NA,1018.3,16.3,32,NA
2021-05-23 20:00:00,NA,1018.1,16.1,33,NA
2021-05-23 21:00:00,NA,1018.5,14.9,37,NA
2021-05-23 22:00:00,NA,1018.6,14,42,NA
2021-05-23 23:00:00,NA,1019.1,10.2,60,NA
2021-05-24 00:00:00,NA,1019.3,9.8,57,NA
2021-05-24 01:00:00,NA,1019.6,7.8,64,NA
2021-05-25 09:00:00,NA,1015.8,6.8,63,NA
2021-05-25 10:00:00,NA,1017.2,6,69,NA
2021-05-25 11:00:00,NA,1018.5,5.9,64,NA
2021-05-25 12:00:00,NA,1019.7,6.8,65,NA
2021-05-25 13:00:00,NA,1020.9,9.4,59,NA
2021-05-25 14:00:00,NA,1021.4,13,48,NA
2021-05-25 15:00:00,NA,1020.8,17.8,34,NA
2021-05-25 16:00:00,NA,1019.8,19.1,31,NA
2021-05-25 17:00:00,NA,1018.9,19.2,31,NA
2021-05-25 18:00:00,NA,1017.7,19.6,29,NA
2021-05-25 19:00:00,NA,1017.9,20,30,NA
2021-05-25 20:00:00,NA,1017.7,19.2,29,NA
2021-05-25 21:00:00,NA,1018.3,17,36,NA
2021-05-25 22:00:00,NA,1019.3,14,42,NA
2021-05-25 23:00:00,NA,1019.6,11.2,55,NA
2021-05-26 00:00:00,NA,1020,10.6,59,NA
2021-05-26 01:00:00,NA,1020.2,9,64,NA
2021-05-27 09:00:00,NA,1012.1,7.2,81,NA
2021-05-27 10:00:00,NA,1012,7.4,81,NA
2021-05-27 11:00:00,NA,1012.5,6.6,79,NA
2021-05-27 12:00:00,NA,1012.5,7.5,72,NA
2021-05-27 13:00:00,NA,1012,12,64,NA
2021-05-27 14:00:00,NA,1010.5,18.4,40,NA
2021-05-27 15:00:00,NA,1008.8,20.2,38,NA
2021-05-27 16:00:00,NA,1006.6,23.4,34,NA
2021-05-27 17:00:00,957.6,1004.6,24.4,29,NA
2021-05-27 18:00:00,955.6,1002.3,25.1,29,NA
2021-05-27 19:00:00,954.1,1002.1,24.1,37,NA
2021-05-27 20:00:00,953.6,1001.7,23.6,33,NA
2021-05-27 21:00:00,953.3,1001.9,21.6,41,NA
2021-05-27 23:00:00,954.5,1003.8,14.6,67,NA
2021-05-28 00:00:00,NA,1003.2,14.2,67,NA
2021-05-28 01:00:00,NA,1002.7,13,75,NA
2021-05-29 00:00:00,961.8,NA,NA,NA,NA
2021-05-29 01:00:00,962.9,NA,NA,NA,NA
2021-05-29 09:00:00,968,1017.4,11.3,48,NA
2021-05-29 10:00:00,968.6,1018.4,10.6,48,NA
2021-05-29 11:00:00,NA,1019.3,10.3,49,NA
2021-05-29 12:00:00,969.7,1019.8,10.2,49,NA
2021-05-29 13:00:00,970.5,1020.7,10.2,50,NA
2021-05-29 14:00:00,971.3,1021.2,12.6,32,NA
2021-05-29 15:00:00,971.4,1020.9,13.3,28,NA
2021-05-29 16:00:00,970.9,1020.3,14.4,27,NA
2021-05-29 17:00:00,970.2,1019.3,14.6,25,NA
2021-05-29 18:00:00,969.3,1018.4,15.3,26,NA
2021-05-29 19:00:00,968.9,1018.2,15,28,NA
2021-05-29 20:00:00,968.6,1017.9,14.9,30,NA
2021-05-29 21:00:00,969,1018.9,13.3,36,NA
2021-05-29 22:00:00,969.6,1019.1,10.4,43,NA
2021-05-29 23:00:00,970,1020.2,9.8,55,NA
2021-05-30 00:00:00,NA,1020.7,9.5,52,NA
2021-05-30 01:00:00,NA,1020.9,8.4,55,NA
2021-05-31 00:00:00,967.8,NA,NA,NA,NA
2021-05-31 01:00:00,968.2,NA,NA,NA,NA
2021-05-31 09:00:00,966.5,1016,8.4,68,NA
2021-05-31 10:00:00,966.6,1016.5,7.3,75,NA
2021-05-31 11:00:00,967.2,1017.3,7.6,69,NA
2021-05-31 12:00:00,967.6,1017.6,9.7,64,NA
2021-05-31 13:00:00,968.4,1018.5,12.3,58,NA
2021-05-31 14:00:00,NA,1017.8,19,47,NA
2021-05-31 15:00:00,968,1016.2,21.7,31,NA
2021-05-31 16:00:00,967.4,1015.1,22.9,27,NA
2021-05-31 17:00:00,966.2,1013.7,23.6,24,NA
2021-05-31 18:00:00,964.6,1011.9,24.4,22,NA
2021-05-31 19:00:00,964.2,1012.7,25,22,NA
2021-05-31 20:00:00,963.7,1012.1,24,23,NA
2021-05-31 21:00:00,963.3,1012.3,21,30,NA
2021-05-31 22:00:00,963,1012.5,18.4,40,NA
2021-05-31 23:00:00,963.2,1012.8,15.4,43,NA
2021-06-01 00:00:00,NA,1012.4,14.4,45,NA
2021-06-01 01:00:00,NA,1011.2,14,44,NA
2021-06-02 00:00:00,962.8,NA,NA,NA,NA
2021-06-02 01:00:00,963,NA,NA,NA,NA
2021-06-02 09:00:00,965,1014.7,9,91,NA
2021-06-02 10:00:00,965.8,1015.9,8.6,91,NA
2021-06-02 11:00:00,966.6,1016.8,8.2,88,NA
2021-06-02 12:00:00,968.1,1018.1,11,71,NA
2021-06-02 13:00:00,969,1019,13,66,NA
2021-06-02 14:00:00,969.3,1018.6,15,51,NA
2021-06-02 15:00:00,969.4,1019.9,16.6,47,NA
2021-06-02 16:00:00,968.6,1018.5,16.8,44,NA
2021-06-02 17:00:00,NA,1017.7,17,41,NA
2021-06-02 18:00:00,967,1015.5,20,34,NA
2021-06-02 19:00:00,966.5,1015.4,20.3,32,NA
2021-06-02 20:00:00,966.2,1015.1,19.8,34,NA
2021-06-02 21:00:00,966.1,1015.6,17.2,44,NA
2021-06-02 22:00:00,965.8,1015.6,13.8,53,NA
2021-06-02 23:00:00,966.2,1016.2,11.9,65,NA
2021-06-03 00:00:00,NA,1016,12.3,58,NA
2021-06-03 01:00:00,NA,1016.5,11.4,62,NA
2021-06-04 00:00:00,959.4,NA,NA,NA,NA
2021-06-04 01:00:00,959.4,NA,NA,NA,NA
2021-06-04 09:00:00,958.4,1007,10.4,86,NA
2021-06-04 10:00:00,958.6,1007.5,10.2,88,NA
2021-06-04 11:00:00,959,1008,10.9,83,NA
2021-06-04 12:00:00,959.2,1008.3,12,83,NA
2021-06-04 13:00:00,959.2,1008.3,14.6,68,NA
2021-06-04 14:00:00,959.3,1007.8,15.3,67,NA
2021-06-04 15:00:00,959.2,1007.6,18.6,58,NA
2021-06-04 16:00:00,958.6,1006.4,19,60,NA
2021-06-04 17:00:00,958.1,1005.8,19.9,52,NA
2021-06-04 18:00:00,957.2,1004.7,20.8,51,NA
2021-06-04 19:00:00,957,1005.2,21.3,49,NA
2021-06-04 20:00:00,957.5,1005.7,20.4,53,NA
2021-06-04 21:00:00,958.3,1007.1,18.4,60,NA
2021-06-04 22:00:00,959.3,1008.4,16,71,NA
2021-06-04 23:00:00,959.8,1009,15.5,73,NA
2021-06-06 00:00:00,971.4,NA,NA,NA,NA
2021-06-06 12:00:00,969.9,1020.2,9.3,60,NA
2021-06-06 18:00:00,967.1,NA,14.6,80,NA
2021-06-07 00:00:00,NA,1019.1,6.8,83,NA
2021-06-08 00:00:00,969.8,NA,NA,NA,NA
2021-06-08 12:00:00,NA,1018.6,5.2,82,NA
2021-06-08 13:00:00,NA,1018.8,8.4,73,NA
2021-06-08 14:00:00,NA,1018.1,13.6,63,NA
2021-06-08 15:00:00,NA,1016.4,15.2,59,NA
2021-06-08 16:00:00,NA,1015.6,17.1,51,NA
2021-06-08 17:00:00,NA,1013.7,18.2,48,NA
2021-06-08 18:00:00,NA,1012.9,18.7,49,NA
2021-06-08 19:00:00,NA,NA,19.3,50,NA
2021-06-08 20:00:00,NA,1012.2,18.6,53,NA
2021-06-08 21:00:00,NA,1012.4,17.2,58,NA
2021-06-08 22:00:00,NA,1014,14.4,72,NA
2021-06-08 23:00:00,NA,1014.4,13.2,75,NA
2021-06-09 00:00:00,NA,1015.1,11.6,83,NA
2021-06-10 00:00:00,965.3,NA,NA,NA,NA
2021-06-10 01:00:00,965.7,NA,NA,NA,NA
2021-06-10 02:00:00,966.4,NA,NA,NA,NA
2021-06-10 03:00:00,966.9,1016.4,10.6,96,NA
2021-06-10 04:00:00,967.2,1016.6,9.9,97,NA
2021-06-10 05:00:00,967.6,1017.1,8.8,94,NA
2021-06-10 06:00:00,967.8,1017.4,8.2,93,NA
2021-06-10 07:00:00,968,1017.5,8.3,95,NA
2021-06-10 08:00:00,968.2,1017.7,9.2,91,NA
2021-06-10 12:00:00,972.2,1022.2,10,90,NA
2021-06-10 18:00:00,974.6,1024.8,16,43,NA
2021-06-11 00:00:00,NA,1025.7,9.5,50,NA
2021-06-11 22:00:00,969.4,NA,NA,NA,NA
2021-06-12 00:00:00,969.7,NA,NA,NA,NA
2021-06-12 12:00:00,964.6,1014.5,6.5,73,NA
2021-06-12 18:00:00,962.4,NA,23.6,33,NA
2021-06-13 00:00:00,NA,1012.6,15.6,79,NA
2021-06-14 00:00:00,964.2,NA,NA,NA,NA
2021-06-14 12:00:00,973.4,1023.5,9.5,76,NA
2021-06-14 18:00:00,974.4,NA,11.9,54,NA
2021-06-15 00:00:00,NA,1029.8,8.8,65,NA
2021-06-16 09:00:00,NA,NA,1,100,NA
2021-06-16 10:00:00,NA,1031.4,0.4,98,NA
2021-06-16 11:00:00,NA,1032,0.1,100,NA
2021-06-16 12:00:00,NA,1032.9,0.2,98,NA
2021-06-16 13:00:00,NA,1033.4,0.1,100,NA
2021-06-16 14:00:00,NA,1033.7,0.3,100,NA
2021-06-16 15:00:00,981.2,1033.6,0.3,98,NA
2021-06-16 16:00:00,980.9,1033.2,0.5,100,NA
2021-06-16 17:00:00,980.1,1032.4,1.1,98,NA
2021-06-16 18:00:00,979.5,1031.6,1.7,95,NA
2021-06-16 19:00:00,979.3,1031.3,2,95,NA
2021-06-16 20:00:00,979.2,1031.2,2.5,93,NA
2021-06-16 21:00:00,979.4,1031.8,2.6,95,NA
2021-06-16 22:00:00,979.4,1031.8,2.6,95,NA
2021-06-16 23:00:00,979.6,1032,2.4,97,NA
2021-06-17 00:00:00,NA,1032.3,2.4,97,NA
2021-06-18 00:00:00,977.8,NA,NA,NA,NA
2021-06-18 09:00:00,976,1027.6,3.6,93,NA
2021-06-18 10:00:00,976.1,1027.8,3.3,97,NA
2021-06-18 11:00:00,NA,1028.1,3.2,99,NA
2021-06-18 12:00:00,976.6,1028.3,3.8,92,NA
2021-06-18 13:00:00,976.7,1028.1,4.4,89,NA
2021-06-18 14:00:00,976.9,1028.2,5.1,86,NA
2021-06-18 15:00:00,976.7,1027.9,6,79,NA
2021-06-18 16:00:00,975.9,1026.9,6.9,72,NA
2021-06-18 17:00:00,975,1025.8,7.5,69,NA
2021-06-18 18:00:00,974.4,1025,8,66,NA
2021-06-18 19:00:00,974,1024.9,8,67,NA
2021-06-18 20:00:00,974.1,1025,7.9,66,NA
2021-06-18 21:00:00,974.2,1025.5,7.8,67,NA
2021-06-18 22:00:00,NA,1026,7.2,70,NA
2021-06-18 23:00:00,975.4,1026.8,6.9,72,NA
2021-06-19 00:00:00,NA,1027.2,6.7,73,NA
2021-06-20 00:00:00,973.6,NA,NA,NA,NA
2021-06-20 09:00:00,970.2,1021.2,1.2,89,NA
2021-06-20 10:00:00,970.2,1021.4,1.6,86,NA
2021-06-20 11:00:00,970.4,1021.7,1.8,89,NA
2021-06-20 12:00:00,970.8,1022.1,2.6,85,NA
2021-06-20 13:00:00,970.6,1021.9,4.9,77,NA
2021-06-20 14:00:00,970.4,1021.3,6.7,74,NA
2021-06-20 15:00:00,970.1,1020.6,10.5,63,NA
2021-06-20 16:00:00,969.4,1019.2,10.9,60,NA
2021-06-20 17:00:00,968.5,1018.2,11,61,NA
2021-06-20 18:00:00,967.7,1017.3,12,58,NA
2021-06-20 19:00:00,967,1017.4,12.6,54,NA
2021-06-20 20:00:00,966.9,1017.2,12.2,56,NA
2021-06-20 21:00:00,967.4,1018.3,11.4,60,NA
2021-06-20 22:00:00,967.8,1018.9,9.2,72,NA
2021-06-20 23:00:00,968.6,1019.6,8.8,74,NA
2021-06-21 00:00:00,NA,1019.8,8.3,76,NA
2021-06-21 23:00:00,968.6,NA,NA,NA,NA
2021-06-22 09:00:00,967.8,1017.7,9.2,91,NA
2021-06-22 10:00:00,967.8,1018,9,91,NA
2021-06-22 11:00:00,NA,1018.5,9.3,89,NA
2021-06-22 12:00:00,968.4,1018.8,9.4,89,NA
2021-06-22 13:00:00,968.3,1018.2,10,85,NA
2021-06-22 14:00:00,968.3,1018.1,11.2,79,NA
2021-06-22 15:00:00,NA,1017.6,13,70,NA
2021-06-22 16:00:00,NA,1016.3,14,63,NA
2021-06-22 17:00:00,NA,1014.6,15.4,56,NA
2021-06-22 18:00:00,NA,1013.5,14.5,60,NA
2021-06-22 19:00:00,NA,1013.7,14.9,57,NA
2021-06-22 20:00:00,NA,1012.9,13.9,63,NA
2021-06-22 21:00:00,NA,1013.5,12.3,68,NA
2021-06-22 22:00:00,NA,1013.3,10.6,85,NA
2021-06-22 23:00:00,NA,1013.8,10,90,NA
2021-06-23 00:00:00,NA,1013.7,9.9,92,NA
2021-06-24 00:00:00,963.1,NA,NA,NA,NA
2021-06-24 09:00:00,964.9,1014.5,10,86,NA
2021-06-24 10:00:00,965.8,1015.9,9.6,91,NA
2021-06-24 11:00:00,967,1017.3,7.4,93,NA
2021-06-24 12:00:00,967.4,1017.6,7.6,88,NA
2021-06-24 13:00:00,967.6,1017.8,9,86,NA
2021-06-24 14:00:00,968.1,1018.1,11,84,NA
2021-06-24 15:00:00,967.3,1016.9,15,70,NA
2021-06-24 16:00:00,966.9,1015.8,16.4,62,NA
2021-06-24 17:00:00,965.4,1013.9,16.6,56,NA
2021-06-24 18:00:00,964.9,1013.4,18.2,41,NA
2021-06-24 19:00:00,964.2,1013.1,18.4,41,NA
2021-06-24 20:00:00,963.8,1012.6,18.2,39,NA
2021-06-24 21:00:00,963.2,1012.4,17.4,41,NA
2021-06-24 22:00:00,963.7,1013.3,13.3,53,NA
2021-06-24 23:00:00,964.2,1014.3,11.9,58,NA
2021-06-25 00:00:00,NA,1014.5,10.5,61,NA
2021-06-26 00:00:00,962.1,NA,NA,NA,NA
2021-06-26 09:00:00,968,1018,6,95,NA
2021-06-26 10:00:00,NA,1018.7,5.8,99,NA
2021-06-26 11:00:00,NA,1020.1,5.6,99,NA
2021-06-26 12:00:00,NA,1021.3,6.4,93,NA
2021-06-26 13:00:00,NA,1021.6,6.7,90,NA
2021-06-26 14:00:00,NA,1022.7,6.6,80,NA
2021-06-26 15:00:00,NA,1022.8,7,80,NA
2021-06-26 16:00:00,NA,1022.5,8.6,75,NA
2021-06-26 17:00:00,NA,1021.9,9,77,NA
2021-06-26 18:00:00,NA,1021.8,10.2,54,NA
2021-06-26 19:00:00,NA,1022.1,10.1,39,NA
2021-06-26 20:00:00,NA,1022.6,9.6,38,NA
2021-06-26 21:00:00,NA,1023.8,8.2,48,NA
2021-06-26 22:00:00,NA,1025,5.7,60,NA
2021-06-26 23:00:00,NA,1025.6,5.6,59,NA
2021-06-27 00:00:00,NA,1025.8,5.7,58,NA
2021-06-28 09:00:00,NA,1031.1,2,72,NA
2021-06-28 10:00:00,NA,1031.5,1.8,64,NA
2021-06-28 11:00:00,NA,1031.9,1.1,68,NA
2021-06-28 12:00:00,NA,1032.5,1.6,65,NA
2021-06-28 13:00:00,NA,1033.1,3.6,58,NA
2021-06-28 14:00:00,NA,1032.9,5.5,55,NA
2021-06-28 15:00:00,NA,1032.5,6.4,50,NA
2021-06-28 16:00:00,NA,1031.6,7,45,NA
2021-06-28 17:00:00,NA,1030.7,7.4,41,NA
2021-06-28 18:00:00,NA,1029.7,8.8,39,NA
2021-06-28 19:00:00,NA,1029.6,9,40,NA
2021-06-28 20:00:00,NA,1029.3,8.6,41,NA
2021-06-28 21:00:00,NA,1029.3,8.2,43,NA
2021-06-28 22:00:00,NA,1029.4,7.8,47,NA
2021-06-28 23:00:00,NA,1029.9,5.4,63,NA
2021-06-29 00:00:00,NA,1030.1,4,67,NA
2021-06-30 00:00:00,975.8,NA,NA,NA,NA
2021-06-30 09:00:00,970.4,1021.3,1.3,61,NA
2021-06-30 10:00:00,970.1,1021.1,2.4,50,NA
2021-06-30 11:00:00,970.2,1021.6,1.3,58,NA
2021-06-30 12:00:00,969.8,1021.2,2,51,NA
2021-06-30 13:00:00,969.4,1020.8,6.1,39,NA
2021-06-30 14:00:00,969.4,1020,9.9,29,NA
2021-06-30 15:00:00,969.2,1019.1,11.4,28,NA
2021-06-30 16:00:00,968.2,1017.8,11.8,27,NA
2021-06-30 17:00:00,966.9,1016.3,14.4,23,NA
2021-06-30 18:00:00,965.7,1014.6,15,23,NA
2021-06-30 19:00:00,965.8,1015.8,15.4,22,NA
2021-06-30 20:00:00,966,1016,14.6,25,NA
2021-06-30 21:00:00,966.4,1017,12,30,NA
2021-06-30 22:00:00,966.8,1017.6,9.4,41,NA
2021-06-30 23:00:00,967,1018.1,8.2,48,NA
2021-07-01 00:00:00,NA,1018.3,7,55,NA
