2021-01-07 00:00:00,995.8,NA,NA,NA,NA
2021-01-07 09:00:00,NA,1008.8,11,97,NA
2021-01-07 10:00:00,995.7,1008.7,12.7,88,NA
2021-01-07 11:00:00,996.2,1009.2,17.4,78,NA
2021-01-07 12:00:00,996.6,1009.6,20.4,62,NA
2021-01-07 13:00:00,996.1,1008.9,26,43,NA
2021-01-07 14:00:00,996,1008.9,28.6,36,NA
2021-01-07 15:00:00,NA,1008.6,30.8,31,NA
2021-01-07 16:00:00,995.4,1008.3,31.4,26,NA
2021-01-07 17:00:00,994.8,1007.6,32.2,25,NA
2021-01-07 18:00:00,NA,1007.2,32.9,25,NA
2021-01-07 19:00:00,NA,1006.2,33.5,26,NA
2021-01-07 20:00:00,NA,1005.8,33,27,NA
2021-01-07 21:00:00,NA,1005.5,32.7,29,NA
2021-01-07 22:00:00,NA,1005.7,30.8,38,NA
2021-01-07 23:00:00,NA,1005.9,28.5,52,NA
2021-01-08 00:00:00,NA,1006.2,24.7,60,NA
2021-01-09 00:00:00,995.8,NA,NA,NA,NA
2021-01-09 09:00:00,NA,1009.5,15.4,98,NA
2021-01-09 10:00:00,996.8,1009.7,16.5,97,NA
2021-01-09 11:00:00,998.4,1011.3,18.6,89,NA
2021-01-09 12:00:00,998,1010.9,21.2,77,NA
2021-01-09 13:00:00,NA,1010.9,23,65,NA
2021-01-09 14:00:00,998.1,1011,24.7,63,NA
2021-01-09 15:00:00,998,1010.9,26.1,50,NA
2021-01-09 16:00:00,996.9,1009.8,26.6,45,NA
2021-01-09 17:00:00,996,1008.8,28,43,NA
2021-01-09 18:00:00,994.9,1007.8,28.3,44,NA
2021-01-09 19:00:00,994.1,1006.9,28.8,43,NA
2021-01-09 20:00:00,993.3,1006.1,28.9,44,NA
2021-01-09 21:00:00,NA,1005.9,28.3,46,NA
2021-01-09 22:00:00,992.5,1005.4,28.3,46,NA
2021-01-09 23:00:00,992.5,1005.4,25.9,62,NA
2021-01-10 00:00:00,NA,1005.9,22.8,79,NA
2021-01-11 00:00:00,986.8,NA,NA,NA,NA
2021-01-11 09:00:00,993.8,1006.5,17.3,99,NA
2021-01-11 10:00:00,994.6,1007.3,17.5,100,NA
2021-01-11 11:00:00,994.1,1006.8,17.3,99,NA
2021-01-11 12:00:00,992.8,1005.6,17.3,100,NA
2021-01-11 13:00:00,NA,1006.1,18,100,NA
2021-01-11 14:00:00,994.4,1007.3,18.1,100,NA
2021-01-11 15:00:00,991.3,1004.2,19.3,89,NA
2021-01-11 16:00:00,992.2,1005.1,22.2,81,NA
2021-01-11 17:00:00,NA,1006.5,22.9,76,NA
2021-01-11 18:00:00,994.4,1007.2,23.4,73,NA
2021-01-11 19:00:00,994.2,1007.2,22.8,73,NA
2021-01-11 20:00:00,NA,1007.3,23.4,76,NA
2021-01-11 21:00:00,994.6,1007.6,23.7,76,NA
2021-01-11 22:00:00,NA,1008.5,23.5,77,NA
2021-01-11 23:00:00,996.6,1009.7,23.3,80,NA
2021-01-12 00:00:00,NA,1011,22.6,68,NA
2021-01-12 23:00:00,1001.2,NA,NA,NA,NA
2021-01-13 09:00:00,1005.3,1018.4,13.9,82,NA
2021-01-13 10:00:00,1005.4,1018.6,14,80,NA
2021-01-13 11:00:00,1006.2,1019.4,16.1,72,NA
2021-01-13 12:00:00,1006.8,1019.9,19.9,65,NA
2021-01-13 13:00:00,NA,1020.2,21.1,62,NA
2021-01-13 14:00:00,1007.3,1020.4,24.4,60,NA
2021-01-13 15:00:00,1007,1020.1,25.8,56,NA
2021-01-13 16:00:00,1007.3,1020.3,26.3,56,NA
2021-01-13 18:00:00,1003.6,1016.6,28,48,NA
2021-01-13 19:00:00,1003.2,1016.2,28.4,44,NA
2021-01-13 20:00:00,1002.1,1015,28.2,49,NA
2021-01-13 21:00:00,1001.6,1014.6,27.8,53,NA
2021-01-13 22:00:00,1001.4,1014.4,27.2,53,NA
2021-01-13 23:00:00,1001.7,1014.7,24.6,68,NA
2021-01-14 00:00:00,NA,1015.1,21.4,83,NA
2021-01-15 00:00:00,995.3,NA,NA,NA,NA
2021-01-15 09:00:00,995.2,1007.9,18.5,100,NA
2021-01-15 10:00:00,996.5,1009.4,18.6,100,NA
2021-01-15 11:00:00,997,1010,18.5,100,NA
2021-01-15 12:00:00,995.7,1008.6,18.6,100,NA
2021-01-15 13:00:00,992,1004.9,20.2,92,NA
2021-01-15 14:00:00,993.2,1006.1,22.8,79,NA
2021-01-15 15:00:00,992.8,1005.6,24.6,68,NA
2021-01-15 16:00:00,992.9,1005.7,24.4,69,NA
2021-01-15 17:00:00,992.6,1005.4,24.6,69,NA
2021-01-15 18:00:00,NA,1004.9,24.1,73,NA
2021-01-15 19:00:00,991.3,1004.1,23.6,78,NA
2021-01-15 20:00:00,990.4,1003.2,24.2,77,NA
2021-01-15 21:00:00,989.7,1002.6,24.6,76,NA
2021-01-15 22:00:00,NA,1002.7,23.6,80,NA
2021-01-15 23:00:00,990.1,1003,22.5,84,NA
2021-01-16 00:00:00,NA,1003.2,20.1,95,NA
2021-01-17 00:00:00,995.6,NA,NA,NA,NA
2021-01-17 09:00:00,NA,1010.2,11,95,NA
2021-01-17 10:00:00,998.1,1011.3,11.7,93,NA
2021-01-17 11:00:00,999.4,1012.5,15,83,NA
2021-01-17 12:00:00,999.8,1012.9,17.6,71,NA
2021-01-17 13:00:00,NA,1012.8,20.5,57,NA
2021-01-17 14:00:00,999.6,1012.5,22.2,54,NA
2021-01-17 15:00:00,999.2,1012.1,24,47,NA
2021-01-17 16:00:00,998.6,1011.6,24.8,40,NA
2021-01-17 17:00:00,NA,1010.9,25.5,38,NA
2021-01-17 18:00:00,NA,1010.6,26.2,34,NA
2021-01-17 19:00:00,NA,1010.5,26.3,33,NA
2021-01-17 20:00:00,NA,1010.7,26.4,34,NA
2021-01-17 21:00:00,NA,1010.8,26.5,35,NA
2021-01-17 22:00:00,NA,1011.2,24.9,40,NA
2021-01-17 23:00:00,NA,1011.7,23,47,NA
2021-01-18 00:00:00,NA,1010.6,21.7,52,NA
2021-01-19 09:00:00,NA,1015.4,13.6,80,NA
2021-01-19 10:00:00,NA,1015.4,14.5,76,NA
2021-01-19 11:00:00,NA,1015,17.5,79,NA
2021-01-19 12:00:00,NA,1016.3,20.5,65,NA
2021-01-19 13:00:00,NA,1015.9,23.8,57,NA
2021-01-19 14:00:00,NA,1015.8,26.6,48,NA
2021-01-19 15:00:00,NA,1015.7,28.2,44,NA
2021-01-19 16:00:00,NA,1015.2,28.4,43,NA
2021-01-19 17:00:00,NA,1014.6,29,43,NA
2021-01-19 18:00:00,NA,1014.3,29.9,41,NA
2021-01-19 19:00:00,NA,1013.7,29.9,41,NA
2021-01-19 20:00:00,NA,1013.1,29.7,44,NA
2021-01-19 21:00:00,NA,1012.8,29.1,46,NA
2021-01-19 22:00:00,NA,1012.7,27.8,54,NA
2021-01-19 23:00:00,NA,1013.1,23.5,77,NA
2021-01-20 00:00:00,NA,1013.1,21.7,86,NA
2021-01-21 09:00:00,NA,1015,15.8,96,NA
2021-01-21 10:00:00,NA,1014.7,16,94,NA
2021-01-21 11:00:00,NA,1016.3,20.2,84,NA
2021-01-21 12:00:00,NA,1017,23.6,69,NA
2021-01-21 13:00:00,NA,1016.9,25.2,83,NA
2021-01-21 14:00:00,NA,1016.2,26.8,65,NA
2021-01-21 15:00:00,NA,1015.8,28,58,NA
2021-01-21 16:00:00,NA,1015.4,29.2,55,NA
2021-01-21 17:00:00,NA,1015,29.8,53,NA
2021-01-21 18:00:00,NA,1014.5,30,48,NA
2021-01-21 19:00:00,NA,1014.4,29.7,48,NA
2021-01-21 20:00:00,NA,1014.2,30,48,NA
2021-01-21 21:00:00,NA,1013.9,29.5,50,NA
2021-01-21 22:00:00,NA,1013.9,29,54,NA
2021-01-21 23:00:00,NA,1014.5,26,67,NA
2021-01-22 00:00:00,NA,1014.4,24,72,NA
2021-01-23 09:00:00,NA,1012.1,19,91,NA
2021-01-23 10:00:00,NA,1012.3,18.5,94,NA
2021-01-23 11:00:00,NA,1012.6,22.4,87,NA
2021-01-23 12:00:00,NA,1012.9,26.2,73,NA
2021-01-23 13:00:00,NA,1013,28,71,NA
2021-01-23 14:00:00,NA,1012.6,29.8,63,NA
2021-01-23 15:00:00,NA,1012.3,31,61,NA
2021-01-23 16:00:00,NA,1011.6,31.6,55,NA
2021-01-23 17:00:00,NA,1011.3,32.2,57,NA
2021-01-23 18:00:00,NA,1010,32.8,53,NA
2021-01-23 19:00:00,NA,1009,33,53,NA
2021-01-23 20:00:00,NA,1008.1,32.3,54,NA
2021-01-23 21:00:00,NA,1008,32.1,54,NA
2021-01-23 22:00:00,NA,1008,31.1,58,NA
2021-01-23 23:00:00,NA,1008.3,28.4,70,NA
2021-01-24 00:00:00,NA,1008.9,25.7,86,NA
2021-01-25 09:00:00,NA,1004,21,96,NA
2021-01-25 10:00:00,NA,1004,21.8,95,NA
2021-01-25 11:00:00,NA,1004.3,24,88,NA
2021-01-25 12:00:00,NA,1004.5,26.2,80,NA
2021-01-25 13:00:00,NA,1004,29,70,NA
2021-01-25 14:00:00,NA,1003.6,30.1,65,NA
2021-01-25 15:00:00,NA,1003.8,31.2,60,NA
2021-01-25 16:00:00,NA,1003.3,32.5,55,NA
2021-01-25 17:00:00,NA,1002.7,33.2,51,NA
2021-01-25 18:00:00,NA,1002.1,32.5,56,NA
2021-01-25 19:00:00,NA,1000.8,32.7,54,NA
2021-01-25 20:00:00,NA,1000.3,33.4,52,NA
2021-01-25 21:00:00,NA,1000.1,32.8,54,NA
2021-01-25 22:00:00,NA,1000.8,26.1,71,NA
2021-01-25 23:00:00,NA,1000.8,24.6,75,NA
2021-01-26 00:00:00,NA,1001,23.1,80,NA
2021-01-26 15:00:00,990,NA,29,65,NA
2021-01-26 16:00:00,989.4,NA,29.7,65,NA
2021-01-26 17:00:00,989,NA,30.5,66,NA
2021-01-26 18:00:00,987.8,NA,32.1,57,NA
2021-01-26 19:00:00,987.6,NA,32.4,52,NA
2021-01-26 20:00:00,987.4,NA,32.7,51,NA
2021-01-27 09:00:00,NA,1004.5,20.5,96,NA
2021-01-27 10:00:00,NA,1004.7,21,93,NA
2021-01-27 11:00:00,NA,1005,22.4,74,NA
2021-01-27 12:00:00,NA,1006.3,23.4,75,NA
2021-01-27 13:00:00,NA,1006.8,27,58,NA
2021-01-27 14:00:00,NA,1005.8,28.2,55,NA
2021-01-27 15:00:00,NA,1005.4,30.5,49,NA
2021-01-27 16:00:00,NA,1005,31,47,NA
2021-01-27 17:00:00,NA,1004.7,31.5,40,NA
2021-01-27 18:00:00,NA,1003.5,32.5,34,NA
2021-01-27 19:00:00,NA,1002.2,32.8,38,NA
2021-01-27 20:00:00,NA,1002.1,31.9,43,NA
2021-01-27 21:00:00,NA,1001.7,31.1,49,NA
2021-01-27 22:00:00,NA,1001.7,28.6,60,NA
2021-01-27 23:00:00,NA,1001.6,26.1,73,NA
2021-01-28 00:00:00,NA,1002,25.7,76,NA
2021-01-29 09:00:00,NA,1000.6,18.6,83,NA
2021-01-29 10:00:00,NA,1001,18.8,82,NA
2021-01-29 11:00:00,NA,1001.7,19,93,NA
2021-01-29 12:00:00,NA,1002,19.4,97,NA
2021-01-29 13:00:00,NA,1003.8,20.2,86,NA
2021-01-29 14:00:00,NA,1004.4,21.8,81,NA
2021-01-29 15:00:00,NA,1005.1,21.8,81,NA
2021-01-29 16:00:00,NA,1005.4,21.8,83,NA
2021-01-29 17:00:00,NA,1005.8,22.4,80,NA
2021-01-29 18:00:00,NA,1003.5,25,67,NA
2021-01-29 19:00:00,NA,1002.8,26,64,NA
2021-01-29 20:00:00,NA,1001.7,25.6,65,NA
2021-01-29 21:00:00,NA,1001.3,26,66,NA
2021-01-29 22:00:00,NA,1001.5,26,64,NA
2021-01-29 23:00:00,NA,1001.8,24.6,73,NA
2021-01-30 00:00:00,NA,1002.4,22.6,84,NA
2021-01-31 00:00:00,999.4,NA,NA,NA,NA
2021-01-31 09:00:00,NA,1014.1,12,95,NA
2021-01-31 10:00:00,1002,1015.2,13,90,NA
2021-01-31 11:00:00,1002.1,1015.3,13.8,88,NA
2021-01-31 12:00:00,1002.1,1015.3,14.6,86,NA
2021-01-31 13:00:00,1002.1,1015.3,15.8,83,NA
2021-01-31 14:00:00,NA,1015.2,16.2,85,NA
2021-01-31 15:00:00,1002,1015.1,17.6,81,NA
2021-01-31 16:00:00,1001.7,1014.9,18.4,82,NA
2021-01-31 17:00:00,1001.3,1014.4,18.5,81,NA
2021-01-31 18:00:00,999.8,1013,18.6,79,NA
2021-01-31 19:00:00,999.4,1012.6,19,76,NA
2021-01-31 20:00:00,999.6,1012.8,18.6,84,NA
2021-01-31 21:00:00,999.8,1013.1,17.7,93,NA
2021-01-31 22:00:00,1000.2,1013.5,17.2,98,NA
2021-01-31 23:00:00,1000.4,1013.6,16.8,100,NA
2021-02-01 00:00:00,998.2,1011.4,16.6,97,NA
2021-02-02 00:00:00,998.1,NA,NA,NA,NA
2021-02-02 09:00:00,NA,1011.7,17.9,98,NA
2021-02-02 10:00:00,999,1012,17.7,96,NA
2021-02-02 11:00:00,999.8,1012.9,17.7,98,NA
2021-02-02 12:00:00,1000.8,1013.9,17.8,98,NA
2021-02-02 13:00:00,1000.6,1013.7,17.9,96,NA
2021-02-02 14:00:00,1000.8,1013.8,17.8,96,NA
2021-02-02 15:00:00,1001.2,1014.2,17.8,93,NA
2021-02-02 16:00:00,1001.2,1014.3,18.7,92,NA
2021-02-02 17:00:00,1000.9,1014,20,85,NA
2021-02-02 18:00:00,NA,1012.8,21.3,78,NA
2021-02-02 19:00:00,1000,1012.9,21.3,78,NA
2021-02-02 20:00:00,999.7,1012.7,22,70,NA
2021-02-02 21:00:00,999.6,1012.5,21.3,76,NA
2021-02-02 22:00:00,999.8,1012.9,20.1,85,NA
2021-02-02 23:00:00,NA,1013.3,19.4,87,NA
2021-02-03 00:00:00,NA,1013.5,18.7,90,NA
2021-02-04 00:00:00,1001.4,NA,NA,NA,NA
2021-02-04 09:00:00,1003.7,1016.9,14.7,93,NA
2021-02-04 10:00:00,1003.2,1016.4,14.8,94,NA
2021-02-04 11:00:00,NA,1015.6,17,89,NA
2021-02-04 12:00:00,1003.4,1016.6,19.5,67,NA
2021-02-04 13:00:00,1005.3,1018.5,21.8,63,NA
2021-02-04 14:00:00,1006,1019.1,23.7,59,NA
2021-02-04 15:00:00,1006,1019,25,51,NA
2021-02-04 16:00:00,1006.2,1019.3,26.5,42,NA
2021-02-04 18:00:00,1005.4,1018.5,28.2,50,NA
2021-02-04 19:00:00,NA,1017.4,27.6,54,NA
2021-02-04 20:00:00,NA,1017.1,26.8,59,NA
2021-02-04 21:00:00,1003.3,1016.4,26,63,NA
2021-02-04 22:00:00,NA,1015.7,24.9,69,NA
2021-02-04 23:00:00,1002.2,1015.2,23.7,76,NA
2021-02-05 00:00:00,NA,1016.1,21.1,82,NA
2021-02-05 09:00:00,NA,1016.1,14.8,90,NA
2021-02-05 10:00:00,NA,1016.8,14.7,90,NA
2021-02-05 11:00:00,NA,1016.2,16.7,86,NA
2021-02-05 12:00:00,NA,1015.8,20,77,NA
2021-02-05 13:00:00,NA,1014.9,23.5,61,NA
2021-02-05 14:00:00,NA,1014.7,25.4,53,NA
2021-02-05 15:00:00,NA,1015.7,26.3,51,NA
2021-02-05 16:00:00,NA,1015.8,27.2,50,NA
2021-02-05 18:00:00,NA,1013.1,28.5,46,NA
2021-02-05 19:00:00,NA,1012.2,28.4,46,NA
2021-02-05 20:00:00,NA,1011.7,28.4,47,NA
2021-02-05 21:00:00,NA,1011,28.1,53,NA
2021-02-05 22:00:00,NA,1011.1,27.4,58,NA
2021-02-05 23:00:00,NA,1011.3,25.5,66,NA
2021-02-06 00:00:00,998.6,1011.5,23.4,73,NA
2021-02-06 10:00:00,999,NA,NA,NA,NA
2021-02-06 11:00:00,1000,NA,NA,NA,NA
2021-02-06 12:00:00,1000.1,NA,NA,NA,NA
2021-02-06 13:00:00,1000.8,NA,NA,NA,NA
2021-02-06 14:00:00,1000.8,NA,NA,NA,NA
2021-02-06 15:00:00,1000,NA,NA,NA,NA
2021-02-06 16:00:00,999.8,NA,NA,NA,NA
2021-02-06 17:00:00,999.3,NA,NA,NA,NA
2021-02-06 19:00:00,998.6,NA,NA,NA,NA
2021-02-06 20:00:00,998.4,NA,NA,NA,NA
2021-02-06 23:00:00,997.4,NA,NA,NA,NA
2021-02-08 00:00:00,998.2,NA,NA,NA,NA
2021-02-08 09:00:00,NA,1013.4,17.5,100,NA
2021-02-08 10:00:00,NA,1014.1,17,100,NA
2021-02-08 11:00:00,NA,1014.6,16.5,100,NA
2021-02-08 12:00:00,NA,1015.6,16.5,100,NA
2021-02-08 13:00:00,NA,1015.9,17,97,NA
2021-02-08 14:00:00,NA,1016,17.4,97,NA
2021-02-08 15:00:00,NA,1016,19,89,NA
2021-02-08 16:00:00,NA,1015.7,20,87,NA
2021-02-08 17:00:00,NA,1015.7,20.4,85,NA
2021-02-08 18:00:00,NA,1015.4,20.5,85,NA
2021-02-08 19:00:00,NA,1015.3,20.5,85,NA
2021-02-08 20:00:00,NA,1015.1,20.4,82,NA
2021-02-08 21:00:00,NA,1015.4,20.5,85,NA
2021-02-08 22:00:00,NA,1015.4,20.2,87,NA
2021-02-08 23:00:00,NA,1015.9,19.8,88,NA
2021-02-09 00:00:00,NA,1016.6,19.4,88,NA
2021-02-10 09:00:00,NA,1016.7,14,99,NA
2021-02-10 10:00:00,NA,1017.2,14.7,98,NA
2021-02-10 11:00:00,NA,1017.8,16.5,96,NA
2021-02-10 12:00:00,NA,1018.1,17.5,96,NA
2021-02-10 13:00:00,NA,1018.3,18.8,93,NA
2021-02-10 14:00:00,NA,1018.2,20,90,NA
2021-02-10 15:00:00,NA,1017.2,22,79,NA
2021-02-10 16:00:00,NA,1016.9,22.6,76,NA
2021-02-10 17:00:00,NA,1016.5,24.2,70,NA
2021-02-10 18:00:00,NA,1015.6,25.4,63,NA
2021-02-10 19:00:00,NA,1014.6,24.3,69,NA
2021-02-10 20:00:00,NA,1013.9,24.4,68,NA
2021-02-10 22:00:00,NA,1013.4,23.2,76,NA
2021-02-10 23:00:00,NA,1013.3,21.8,86,NA
2021-02-10 21:00:00,1000.2,NA,24.5,67,NA
2021-02-11 00:00:00,1000.9,NA,20.1,90,NA
2021-02-11 09:00:00,999.7,NA,15.4,98,NA
2021-02-11 10:00:00,999.3,NA,15.8,98,NA
2021-02-11 11:00:00,999.8,NA,16.6,98,NA
2021-02-11 12:00:00,999.3,NA,18,95,NA
2021-02-11 14:00:00,1000.4,NA,20.2,93,NA
2021-02-11 15:00:00,1001.3,NA,22,86,NA
2021-02-11 16:00:00,1001,NA,22.6,80,NA
2021-02-11 17:00:00,1001.2,NA,23.4,79,NA
2021-02-11 18:00:00,1000,NA,24.9,70,NA
2021-02-11 20:00:00,997.6,NA,26.5,63,NA
2021-02-11 21:00:00,996.8,NA,26.4,61,NA
2021-02-11 23:00:00,996.1,NA,23.3,84,NA
2021-02-12 09:00:00,NA,1009.1,15,100,NA
2021-02-12 10:00:00,NA,1009,15,99,NA
2021-02-12 11:00:00,NA,1009.7,16.6,100,NA
2021-02-12 12:00:00,NA,1010.2,18.7,100,NA
2021-02-12 13:00:00,NA,1009.1,21.3,87,NA
2021-02-12 14:00:00,NA,1011.9,24,75,NA
2021-02-12 15:00:00,NA,1012.5,24.2,70,NA
2021-02-12 16:00:00,NA,1012,25.8,64,NA
2021-02-12 17:00:00,NA,1012.3,26.2,65,NA
2021-02-12 18:00:00,NA,1011.5,26.2,70,NA
2021-02-12 19:00:00,NA,1010.4,23.9,68,NA
2021-02-12 20:00:00,NA,1009.5,23.7,70,NA
2021-02-12 21:00:00,NA,1008.8,23.7,71,NA
2021-02-12 22:00:00,NA,1008.4,23.3,76,NA
2021-02-12 23:00:00,NA,1008.4,22.9,82,NA
2021-02-13 00:00:00,995.8,NA,20.8,88,NA
2021-02-13 09:00:00,995.2,NA,17.2,98,NA
2021-02-13 10:00:00,995.4,NA,17.6,98,NA
2021-02-13 11:00:00,996,NA,18.4,98,NA
2021-02-13 13:00:00,996,NA,23,83,NA
2021-02-13 14:00:00,995.8,NA,24.4,68,NA
2021-02-13 15:00:00,995.3,NA,25.5,73,NA
2021-02-13 16:00:00,994.5,NA,25.4,73,NA
2021-02-13 17:00:00,993,NA,26,67,NA
2021-02-13 19:00:00,991.6,NA,24.1,68,NA
2021-02-13 21:00:00,992.6,NA,23.2,90,NA
2021-02-13 22:00:00,991.8,NA,19.2,95,NA
2021-02-13 23:00:00,991.2,NA,19.4,96,NA
2021-02-14 09:00:00,NA,1005,14.3,100,NA
2021-02-14 10:00:00,NA,1005.2,14.6,100,NA
2021-02-14 11:00:00,NA,1005.4,16,100,NA
2021-02-14 12:00:00,NA,1005.8,19.4,95,NA
2021-02-14 13:00:00,NA,1005.8,22,82,NA
2021-02-14 14:00:00,NA,1005.9,23.6,73,NA
2021-02-14 15:00:00,NA,1005.7,25.5,66,NA
2021-02-14 16:00:00,NA,1005.3,27,60,NA
2021-02-14 17:00:00,NA,1004.9,28,56,NA
2021-02-14 18:00:00,NA,1004.7,28.6,56,NA
2021-02-14 19:00:00,NA,1004.8,29,55,NA
2021-02-14 20:00:00,NA,1004.3,29.3,58,NA
2021-02-14 21:00:00,NA,1004,29.2,57,NA
2021-02-14 22:00:00,NA,1003.7,29,62,NA
2021-02-14 23:00:00,NA,1003.8,27.6,67,NA
2021-02-15 00:00:00,990.9,NA,25.2,69,NA
2021-02-15 09:00:00,995,NA,17,92,NA
2021-02-15 10:00:00,995.8,NA,17.4,93,NA
2021-02-15 11:00:00,996.4,NA,18.9,92,NA
2021-02-15 12:00:00,997,NA,20,91,NA
2021-02-15 13:00:00,998.1,NA,21.4,86,NA
2021-02-15 15:00:00,998.1,NA,23.8,74,NA
2021-02-15 16:00:00,998.5,NA,24.4,73,NA
2021-02-15 17:00:00,998.4,NA,24.2,71,NA
2021-02-15 18:00:00,997.7,NA,24.9,66,NA
2021-02-15 20:00:00,996.9,NA,23.2,81,NA
2021-02-15 21:00:00,996.5,NA,23.9,76,NA
2021-02-15 22:00:00,996.5,NA,23.1,82,NA
2021-02-16 09:00:00,NA,1011.7,13.8,100,NA
2021-02-16 10:00:00,NA,1011.7,13,100,NA
2021-02-16 11:00:00,NA,1011.5,15.4,90,NA
2021-02-16 12:00:00,NA,1012.3,18,76,NA
2021-02-16 13:00:00,NA,1012.3,19.8,67,NA
2021-02-16 14:00:00,NA,1012.7,21.7,61,NA
2021-02-16 15:00:00,NA,1011.9,22.7,59,NA
2021-02-16 16:00:00,NA,1011.3,24,51,NA
2021-02-16 17:00:00,NA,1011.1,24,45,NA
2021-02-16 18:00:00,NA,1009.9,24.5,43,NA
2021-02-16 19:00:00,NA,1009.3,25.5,42,NA
2021-02-16 20:00:00,NA,1008.8,26.3,42,NA
2021-02-16 21:00:00,NA,1008.7,25.4,47,NA
2021-02-16 22:00:00,NA,1008.9,23.6,56,NA
2021-02-16 23:00:00,995.7,NA,22.6,60,NA
2021-02-17 00:00:00,996.8,NA,18.7,76,NA
2021-02-17 09:00:00,996.4,NA,12.3,95,NA
2021-02-17 10:00:00,996.5,NA,13,91,NA
2021-02-17 11:00:00,996.5,NA,15.4,86,NA
2021-02-17 12:00:00,997,NA,20.2,74,NA
2021-02-17 13:00:00,997,NA,22.8,65,NA
2021-02-17 14:00:00,997.2,NA,25.5,55,NA
2021-02-17 15:00:00,997.3,NA,27,48,NA
2021-02-17 16:00:00,996.9,NA,28,44,NA
2021-02-17 17:00:00,996.4,NA,29,40,NA
2021-02-17 18:00:00,995.3,NA,29.4,37,NA
2021-02-17 20:00:00,994.2,NA,29.7,38,NA
2021-02-17 21:00:00,994,NA,29.3,43,NA
2021-02-17 23:00:00,994,NA,26.2,55,NA
2021-02-18 09:00:00,NA,1007.3,14.6,91,NA
2021-02-18 10:00:00,NA,1007.9,13.7,93,NA
2021-02-18 11:00:00,NA,1008.6,16,90,NA
2021-02-18 12:00:00,NA,1009.3,21,79,NA
2021-02-18 13:00:00,NA,1009.2,24,68,NA
2021-02-18 14:00:00,NA,1008.7,27.3,55,NA
2021-02-18 15:00:00,NA,1008.2,29,53,NA
2021-02-18 16:00:00,NA,1007.6,30,50,NA
2021-02-18 17:00:00,NA,1007.6,30.2,49,NA
2021-02-18 18:00:00,NA,1006.7,31.3,50,NA
2021-02-18 19:00:00,NA,1005.8,31.5,48,NA
2021-02-18 20:00:00,NA,1005.4,31.1,46,NA
2021-02-18 21:00:00,NA,1005.4,30.5,48,NA
2021-02-18 22:00:00,NA,1005.5,29.3,54,NA
2021-02-18 23:00:00,NA,1005.6,26,70,NA
2021-02-19 00:00:00,992.8,NA,23.9,73,NA
2021-02-19 09:00:00,992.2,NA,19.2,86,NA
2021-02-19 10:00:00,992.8,NA,19,89,NA
2021-02-19 11:00:00,995.2,NA,18.5,93,NA
2021-02-19 12:00:00,1001.2,NA,18.6,98,NA
2021-02-19 13:00:00,1000.8,NA,19.3,86,NA
2021-02-19 14:00:00,1001.2,NA,20.6,88,NA
2021-02-19 15:00:00,1002,NA,22.7,96,NA
2021-02-19 17:00:00,1002.1,NA,24.1,50,NA
2021-02-19 19:00:00,1000.4,NA,25,41,NA
2021-02-19 21:00:00,1000.1,NA,24.3,35,NA
2021-02-19 23:00:00,1000.6,NA,20.2,45,NA
2021-02-20 09:00:00,NA,1015.2,10.8,89,NA
2021-02-20 10:00:00,NA,1015.5,11.2,86,NA
2021-02-20 11:00:00,NA,1016,12.8,75,NA
2021-02-20 12:00:00,NA,1015.4,15.5,75,NA
2021-02-20 13:00:00,NA,1014.9,20,49,NA
2021-02-20 14:00:00,NA,1016.1,22.5,43,NA
2021-02-20 15:00:00,NA,1016.7,23,56,NA
2021-02-20 16:00:00,NA,1016.4,24.4,53,NA
2021-02-20 17:00:00,NA,1015.7,25,52,NA
2021-02-20 18:00:00,NA,1014.6,25.7,48,NA
2021-02-20 19:00:00,NA,1014.1,25.5,52,NA
2021-02-20 20:00:00,NA,1013.3,25.7,53,NA
2021-02-20 21:00:00,NA,1012.4,25.5,54,NA
2021-02-20 22:00:00,NA,1011.9,23.7,67,NA
2021-02-20 23:00:00,NA,1011.5,20.3,84,NA
2021-02-21 00:00:00,998.1,NA,18.7,89,NA
2021-02-21 09:00:00,998.5,NA,15.2,79,NA
2021-02-21 12:00:00,997.7,NA,20,68,NA
2021-02-21 13:00:00,998.5,NA,22,59,NA
2021-02-21 14:00:00,1000.8,NA,26.4,57,NA
2021-02-21 15:00:00,1000.1,NA,28.2,58,NA
2021-02-21 16:00:00,999.7,NA,29.6,53,NA
2021-02-21 17:00:00,999.3,NA,30.5,54,NA
2021-02-21 19:00:00,997.2,NA,30.9,55,NA
2021-02-21 21:00:00,995.2,NA,29.7,59,NA
2021-02-21 23:00:00,994.4,NA,25.5,80,NA
2021-02-22 09:00:00,NA,1008.1,22.1,90,NA
2021-02-22 10:00:00,NA,1008.3,21.6,91,NA
2021-02-22 11:00:00,NA,1009.6,22.8,90,NA
2021-02-22 12:00:00,NA,1009.8,23.6,85,NA
2021-02-22 13:00:00,NA,1009.8,26.1,77,NA
2021-02-22 14:00:00,NA,1009.2,28.1,63,NA
2021-02-22 15:00:00,NA,1008.9,29.1,59,NA
2021-02-22 16:00:00,NA,1008.5,30.1,56,NA
2021-02-22 17:00:00,NA,1008.2,30.6,55,NA
2021-02-22 18:00:00,NA,1007.2,31.5,56,NA
2021-02-22 19:00:00,NA,1006,31.5,56,NA
2021-02-22 20:00:00,NA,1005.9,30.4,58,NA
2021-02-22 21:00:00,NA,1006.1,30.2,58,NA
2021-02-22 22:00:00,NA,1006.6,28.4,59,NA
2021-02-23 00:00:00,NA,1008.2,25.2,60,NA
2021-02-22 23:00:00,994.4,NA,26.7,59,NA
2021-02-23 09:00:00,998,NA,16.5,95,NA
2021-02-23 10:00:00,998.2,NA,16.3,95,NA
2021-02-23 12:00:00,1000.9,NA,19.6,86,NA
2021-02-23 13:00:00,1001,NA,22.7,76,NA
2021-02-23 15:00:00,1000.5,NA,27,47,NA
2021-02-23 16:00:00,1000.4,NA,27.7,39,NA
2021-02-23 17:00:00,999.8,NA,29,42,NA
2021-02-23 18:00:00,999.3,NA,29,35,NA
2021-02-23 19:00:00,998.8,NA,29.4,35,NA
2021-02-23 20:00:00,998,NA,29,37,NA
2021-02-23 21:00:00,997.8,NA,28.6,30,NA
2021-02-23 22:00:00,999,NA,28,34,NA
2021-02-23 23:00:00,999.7,NA,25,51,NA
2021-02-24 09:00:00,NA,1014.9,12.8,90,NA
2021-02-24 10:00:00,NA,1015.3,13.4,92,NA
2021-02-24 11:00:00,NA,1015.6,15,87,NA
2021-02-24 12:00:00,NA,1015.7,22.8,67,NA
2021-02-24 13:00:00,NA,1015.2,25,55,NA
2021-02-24 14:00:00,NA,1014.6,26.6,50,NA
2021-02-24 15:00:00,NA,1014.3,28,45,NA
2021-02-24 16:00:00,NA,1013.9,28.7,41,NA
2021-02-24 17:00:00,NA,1013.6,29.2,40,NA
2021-02-24 18:00:00,NA,1012.7,29.5,39,NA
2021-02-24 19:00:00,NA,1011.8,29.5,39,NA
2021-02-24 20:00:00,NA,1011.1,29.6,44,NA
2021-02-24 21:00:00,NA,1011,28.8,46,NA
2021-02-24 22:00:00,NA,1010.9,28.1,49,NA
2021-02-24 23:00:00,NA,1011.1,24.9,66,NA
2021-02-25 00:00:00,998.6,NA,22.3,72,NA
2021-02-25 09:00:00,998.4,NA,15.4,84,NA
2021-02-25 10:00:00,998.8,NA,14.5,86,NA
2021-02-25 11:00:00,998.1,NA,16,85,NA
2021-02-25 12:00:00,997.8,NA,20.4,70,NA
2021-02-25 14:00:00,997.3,NA,28,48,NA
2021-02-25 15:00:00,1000.5,NA,29.5,40,NA
2021-02-25 16:00:00,1000,NA,29.5,41,NA
2021-02-25 17:00:00,999.7,NA,28.9,43,NA
2021-02-25 18:00:00,998.4,NA,30.2,45,NA
2021-02-25 20:00:00,996.5,NA,30.6,42,NA
2021-02-25 21:00:00,996.4,NA,29.7,47,NA
2021-02-25 22:00:00,996.1,NA,29,49,NA
2021-02-25 23:00:00,995.8,NA,24.7,68,NA
2021-02-26 09:00:00,NA,1011.1,13.2,97,NA
2021-02-26 10:00:00,NA,1011.5,13.8,97,NA
2021-02-26 11:00:00,NA,1010.8,18,91,NA
2021-02-26 12:00:00,NA,1010.5,20,88,NA
2021-02-26 13:00:00,NA,1011.9,25,64,NA
2021-02-26 14:00:00,NA,1011.6,27.2,51,NA
2021-02-26 15:00:00,NA,1012,28.8,49,NA
2021-02-26 16:00:00,NA,1012.1,29.7,44,NA
2021-02-26 17:00:00,NA,1011.8,30,46,NA
2021-02-26 18:00:00,NA,1010.2,30.7,46,NA
2021-02-26 19:00:00,NA,1009.1,30.9,45,NA
2021-02-26 20:00:00,NA,1008.6,30.1,47,NA
2021-02-26 21:00:00,NA,1008.5,28.3,56,NA
2021-02-26 22:00:00,NA,1009.1,26.6,66,NA
2021-02-26 23:00:00,NA,1009.7,23,79,NA
2021-02-27 00:00:00,997.7,NA,22,83,NA
2021-02-27 09:00:00,1000.2,NA,17.4,88,NA
2021-02-27 10:00:00,1000.2,NA,17.8,84,NA
2021-02-27 11:00:00,1001.8,NA,18.5,83,NA
2021-02-27 12:00:00,1003.4,NA,21.1,75,NA
2021-02-27 13:00:00,1003,NA,23.2,72,NA
2021-02-27 14:00:00,1003.2,NA,25.1,70,NA
2021-02-27 15:00:00,1002.9,NA,28.1,64,NA
2021-02-27 16:00:00,1002.6,NA,29.1,64,NA
2021-02-27 17:00:00,1002.4,NA,29.6,62,NA
2021-02-27 18:00:00,1001,NA,31,52,NA
2021-02-27 19:00:00,999.8,NA,31.3,53,NA
2021-02-27 20:00:00,998,NA,30.7,52,NA
2021-02-27 21:00:00,997.4,NA,29.9,57,NA
2021-02-27 23:00:00,999.2,NA,23.5,84,NA
2021-02-28 09:00:00,NA,1013.1,20.3,95,NA
2021-02-28 10:00:00,NA,1013.3,20.6,93,NA
2021-02-28 11:00:00,NA,1013.4,21.1,92,NA
2021-02-28 12:00:00,NA,1014.4,23.6,84,NA
2021-02-28 13:00:00,NA,1014.2,25.9,73,NA
2021-02-28 14:00:00,NA,1013.5,25.9,72,NA
2021-02-28 15:00:00,NA,1014,26.8,73,NA
2021-02-28 16:00:00,NA,1014.2,25.5,82,NA
2021-02-28 17:00:00,NA,1013.9,25.4,83,NA
2021-02-28 18:00:00,NA,1012.4,22.9,95,NA
2021-02-28 19:00:00,NA,1011.2,27,77,NA
2021-02-28 20:00:00,NA,1010.1,26.3,79,NA
2021-02-28 21:00:00,NA,1009.3,24.3,84,NA
2021-02-28 22:00:00,NA,1008.6,22.5,88,NA
2021-02-28 23:00:00,NA,1008.2,22,94,NA
2021-03-01 00:00:00,NA,1010.3,21.3,98,NA
2021-03-02 09:00:00,NA,1011,19.5,98,NA
2021-03-02 10:00:00,NA,1011.2,19.6,97,NA
2021-03-02 11:00:00,NA,1011.4,20.9,97,NA
2021-03-02 12:00:00,NA,1011.7,23.6,85,NA
2021-03-02 13:00:00,NA,1012,25.1,85,NA
2021-03-02 14:00:00,NA,1013.2,26.5,81,NA
2021-03-02 15:00:00,NA,1013.2,27.2,78,NA
2021-03-02 16:00:00,NA,1013.1,28.3,71,NA
2021-03-02 18:00:00,997.7,1010.5,30,64,NA
2021-03-02 19:00:00,997.3,1010.1,27.8,71,NA
2021-03-02 20:00:00,996.6,1009.4,29,62,NA
2021-03-02 21:00:00,996.8,1009.6,28.5,63,NA
2021-03-02 22:00:00,997,1009.8,28,73,NA
2021-03-02 23:00:00,997.2,1010,25.8,93,NA
2021-03-03 00:00:00,NA,1010.8,24.6,84,NA
2021-03-04 00:00:00,998.1,NA,NA,NA,NA
2021-03-04 09:00:00,997.6,1010.3,19.6,99,NA
2021-03-04 10:00:00,997.7,1010.5,19.4,99,NA
2021-03-04 11:00:00,998.2,1011.2,20.6,99,NA
2021-03-04 12:00:00,998.4,1011.2,21.4,100,NA
2021-03-04 13:00:00,998.5,1011.4,22,100,NA
2021-03-04 14:00:00,998.6,1011.5,23.5,100,NA
2021-03-04 15:00:00,999.3,1012.2,26,83,NA
2021-03-04 16:00:00,999.2,1012,27.4,77,NA
2021-03-04 17:00:00,998.6,1011.4,28,70,NA
2021-03-04 18:00:00,996.9,1009.7,28,70,NA
2021-03-04 19:00:00,996.2,1009,29.5,63,NA
2021-03-04 20:00:00,996,1008.7,29.9,57,NA
2021-03-04 21:00:00,996,1008.8,28.1,74,NA
2021-03-04 22:00:00,996.1,1009,26.6,80,NA
2021-03-04 23:00:00,NA,1009.4,24.9,83,NA
2021-03-05 00:00:00,NA,1010.3,23.3,86,NA
2021-03-06 00:00:00,997.7,NA,NA,NA,NA
2021-03-06 09:00:00,NA,1011,12,99,NA
2021-03-06 10:00:00,998,1011.1,11,99,NA
2021-03-06 11:00:00,998.6,1011.7,13.8,97,NA
2021-03-06 12:00:00,999.2,1012.2,17.8,85,NA
2021-03-06 13:00:00,NA,1012.3,20.7,77,NA
2021-03-06 14:00:00,999.4,1012.4,22.8,65,NA
2021-03-06 15:00:00,999,1012.1,24,68,NA
2021-03-06 16:00:00,998.4,1011.4,25.2,59,NA
2021-03-06 17:00:00,998,1010.9,26.2,58,NA
2021-03-06 18:00:00,996.9,1009.9,27,57,NA
2021-03-06 19:00:00,996.5,1009.5,27,57,NA
2021-03-06 20:00:00,996.4,1009.3,27.7,58,NA
2021-03-06 21:00:00,996,1009,27.1,61,NA
2021-03-06 22:00:00,995.8,1009,23.9,75,NA
2021-03-06 23:00:00,996.1,1009.2,20.3,81,NA
2021-03-07 00:00:00,NA,1010.1,17.6,87,NA
2021-03-08 00:00:00,994.6,NA,NA,NA,NA
2021-03-08 09:00:00,1000.1,1013,18.8,85,NA
2021-03-08 10:00:00,1000.2,1013.1,18.9,83,NA
2021-03-08 11:00:00,1000.5,1013.4,21,75,NA
2021-03-08 12:00:00,1002,1015,21.1,81,NA
2021-03-08 13:00:00,1002.8,1015.8,21.2,85,NA
2021-03-08 14:00:00,1003.2,1016.2,21.2,86,NA
2021-03-08 15:00:00,1003.4,1016.4,24,71,NA
2021-03-08 16:00:00,1003.6,1016.4,26.2,62,NA
2021-03-08 17:00:00,1003.6,1016.4,27,58,NA
2021-03-08 18:00:00,1002,1014.9,29.5,45,NA
2021-03-08 19:00:00,NA,1014.2,30.5,43,NA
2021-03-08 20:00:00,NA,1013.1,30.3,44,NA
2021-03-08 21:00:00,999.4,1012.2,30.3,44,NA
2021-03-08 22:00:00,NA,1012.3,27.6,52,NA
2021-03-08 23:00:00,999.4,1012.3,25,61,NA
2021-03-09 00:00:00,NA,1013.2,22.4,65,NA
2021-03-10 00:00:00,998,NA,NA,NA,NA
2021-03-10 09:00:00,997.2,1010.1,15.1,98,NA
2021-03-10 10:00:00,997.3,1010.3,15.2,98,NA
2021-03-10 11:00:00,997.4,1010.5,16.5,95,NA
2021-03-10 12:00:00,997.7,1010.7,20.8,81,NA
2021-03-10 13:00:00,998.5,1011.5,23.3,70,NA
2021-03-10 14:00:00,998.6,1011.6,26.6,59,NA
2021-03-10 15:00:00,998.1,1011,28.5,52,NA
2021-03-10 16:00:00,998,1010.8,29.5,44,NA
2021-03-10 18:00:00,NA,1006,30.4,43,NA
2021-03-10 19:00:00,993,1005.8,30.5,45,NA
2021-03-10 20:00:00,992.5,1005.3,30.5,43,NA
2021-03-10 21:00:00,992.1,1004.9,30,47,NA
2021-03-10 22:00:00,992.1,1005,27.6,56,NA
2021-03-10 23:00:00,992,1004.8,25,66,NA
2021-03-11 00:00:00,NA,1005.7,22.6,74,NA
2021-03-12 00:00:00,999.7,NA,NA,NA,NA
2021-03-12 09:00:00,999.3,1012.4,16,100,NA
2021-03-12 10:00:00,999.3,1012.4,16.4,100,NA
2021-03-12 11:00:00,1000.5,1013.7,16.8,99,NA
2021-03-12 12:00:00,1001,1014.1,19.4,89,NA
2021-03-12 13:00:00,1000.5,1013.5,20.8,83,NA
2021-03-12 14:00:00,1001.7,1014.8,23,76,NA
2021-03-12 15:00:00,1001.7,1014.6,24.6,73,NA
2021-03-12 16:00:00,1001,1014,27.2,57,NA
2021-03-12 17:00:00,1000.6,1013.5,28.4,52,NA
2021-03-12 18:00:00,999.8,1012.7,29,50,NA
2021-03-12 19:00:00,999.4,1012.3,29.2,48,NA
2021-03-12 20:00:00,999.2,1012,28.8,55,NA
2021-03-12 21:00:00,999.2,1012.1,28.2,57,NA
2021-03-12 22:00:00,999,1012,25,75,NA
2021-03-12 23:00:00,999.6,1012.6,23.6,79,NA
2021-03-13 00:00:00,NA,1012.3,22,83,NA
2021-03-14 09:00:00,NA,1014.5,16.5,84,NA
2021-03-14 10:00:00,NA,1014.8,17.1,80,NA
2021-03-14 11:00:00,NA,1015,17.2,78,NA
2021-03-14 12:00:00,NA,1015.3,18.4,74,NA
2021-03-14 13:00:00,NA,1017.1,19,73,NA
2021-03-14 14:00:00,NA,1017.6,17.4,95,NA
2021-03-14 15:00:00,NA,1017,17,99,NA
2021-03-14 16:00:00,NA,1017,17.7,96,NA
2021-03-14 17:00:00,NA,1015.8,20.2,86,NA
2021-03-14 18:00:00,NA,1014.7,22.5,74,NA
2021-03-14 19:00:00,NA,1013.7,24.6,64,NA
2021-03-14 20:00:00,NA,1013.6,24,71,NA
2021-03-14 21:00:00,NA,1013.1,22.7,83,NA
2021-03-14 22:00:00,NA,1013.2,22,86,NA
2021-03-14 23:00:00,NA,1013.2,21.3,88,NA
2021-03-15 00:00:00,NA,1013.8,21,90,NA
2021-03-15 12:00:00,999.2,NA,18.8,85,NA
2021-03-15 13:00:00,1001,NA,19.5,83,NA
2021-03-15 14:00:00,1001.3,NA,18.2,98,NA
2021-03-15 15:00:00,1001.6,NA,18.1,96,NA
2021-03-15 16:00:00,1001.7,NA,18.9,88,NA
2021-03-15 17:00:00,1001.8,NA,19.1,90,NA
2021-03-16 09:00:00,NA,1007.6,16.2,100,NA
2021-03-16 10:00:00,NA,1007.9,16.1,100,NA
2021-03-16 11:00:00,NA,1006.7,16.5,99,NA
2021-03-16 12:00:00,NA,1006.6,17.2,99,NA
2021-03-16 13:00:00,NA,1005.9,17.3,99,NA
2021-03-16 14:00:00,NA,1006.3,18,96,NA
2021-03-16 15:00:00,NA,1006.5,19,92,NA
2021-03-16 16:00:00,NA,1006.2,19.9,89,NA
2021-03-16 17:00:00,NA,1005.9,20.4,84,NA
2021-03-16 18:00:00,NA,1004.3,22.7,75,NA
2021-03-16 19:00:00,NA,1004.4,20.3,93,NA
2021-03-16 20:00:00,NA,1005.1,19.8,95,NA
2021-03-16 21:00:00,NA,1005.8,19.3,95,NA
2021-03-16 22:00:00,NA,1005.8,19,97,NA
2021-03-16 23:00:00,NA,1006.6,18.4,96,NA
2021-03-17 00:00:00,994.8,NA,18.6,96,NA
2021-03-17 10:00:00,1000.1,NA,16.8,84,NA
2021-03-17 11:00:00,1002.2,NA,16.4,89,NA
2021-03-17 12:00:00,1002.4,NA,16.3,88,NA
2021-03-18 09:00:00,NA,1020.2,9.3,95,NA
2021-03-18 10:00:00,NA,1020.5,9.2,96,NA
2021-03-18 11:00:00,NA,1020.9,9.9,77,NA
2021-03-18 12:00:00,NA,1021.2,11.1,86,NA
2021-03-18 13:00:00,NA,1021.4,11.9,87,NA
2021-03-18 14:00:00,NA,1021.5,15.1,71,NA
2021-03-18 15:00:00,NA,1020,16.1,59,NA
2021-03-18 16:00:00,NA,1019.7,16.7,56,NA
2021-03-18 18:00:00,NA,1016.9,18.4,50,NA
2021-03-18 19:00:00,NA,1016.2,19.2,51,NA
2021-03-18 20:00:00,NA,1015.8,18.8,51,NA
2021-03-18 21:00:00,NA,1016,18,54,NA
2021-03-18 22:00:00,NA,1015.7,16,71,NA
2021-03-18 23:00:00,NA,1015.7,15.3,75,NA
2021-03-19 00:00:00,1003.2,NA,14.8,77,NA
2021-03-19 09:00:00,1001,NA,9.3,97,NA
2021-03-19 10:00:00,1001.4,NA,8.5,97,NA
2021-03-19 11:00:00,1002,NA,10,96,NA
2021-03-19 12:00:00,1002.1,NA,13,87,NA
2021-03-19 13:00:00,1001.4,NA,16.2,76,NA
2021-03-19 14:00:00,1001.7,NA,19.5,60,NA
2021-03-19 15:00:00,1001.3,NA,21,54,NA
2021-03-19 16:00:00,999.7,NA,22,48,NA
2021-03-19 17:00:00,999.2,NA,21.8,52,NA
2021-03-19 18:00:00,998.4,NA,22.4,53,NA
2021-03-19 19:00:00,997.8,NA,22.5,52,NA
2021-03-19 20:00:00,996.8,NA,21.3,64,NA
2021-03-19 21:00:00,996.6,NA,20.5,73,NA
2021-03-19 22:00:00,996.5,NA,19.2,79,NA
2021-03-19 23:00:00,996.8,NA,18.5,77,NA
2021-03-20 09:00:00,NA,1010.3,16.7,96,NA
2021-03-20 10:00:00,NA,1010.4,16.8,95,NA
2021-03-20 11:00:00,NA,1011.9,16.6,97,NA
2021-03-20 12:00:00,NA,1011.8,17,96,NA
2021-03-20 13:00:00,NA,1012,18.8,90,NA
2021-03-20 14:00:00,NA,1012.4,19.9,85,NA
2021-03-20 15:00:00,NA,1013.2,21,76,NA
2021-03-20 16:00:00,NA,1012.9,21.5,72,NA
2021-03-20 17:00:00,NA,1012.7,22,70,NA
2021-03-20 18:00:00,NA,1012.7,21.6,71,NA
2021-03-20 19:00:00,NA,1013,21.2,72,NA
2021-03-20 20:00:00,NA,1013.2,21.4,71,NA
2021-03-20 21:00:00,NA,1013.5,21.7,70,NA
2021-03-20 22:00:00,NA,1013.9,19.9,79,NA
2021-03-20 23:00:00,NA,1014.5,18.2,88,NA
2021-03-21 00:00:00,1002.2,NA,16.9,92,NA
2021-03-21 09:00:00,1005.3,NA,10.8,93,NA
2021-03-21 10:00:00,1005.3,NA,11,88,NA
2021-03-21 12:00:00,1006.6,NA,14.8,86,NA
2021-03-21 13:00:00,1007.4,NA,17.5,78,NA
2021-03-21 14:00:00,1007.6,NA,19.5,77,NA
2021-03-21 15:00:00,1007.4,NA,21.1,70,NA
2021-03-21 16:00:00,1007,NA,23.6,49,NA
2021-03-21 17:00:00,1006.2,NA,24.5,41,NA
2021-03-21 18:00:00,1005,NA,24.3,41,NA
2021-03-21 19:00:00,1004.9,NA,24.1,40,NA
2021-03-21 20:00:00,1004.8,NA,24.2,40,NA
2021-03-21 21:00:00,1004.9,NA,23.5,46,NA
2021-03-21 22:00:00,1005,NA,20.9,59,NA
2021-03-22 09:00:00,NA,1018.3,12.3,99,NA
2021-03-22 10:00:00,NA,1018.4,13.2,100,NA
2021-03-22 11:00:00,NA,1019.1,14.5,97,NA
2021-03-22 12:00:00,NA,1019.5,16.3,95,NA
2021-03-22 13:00:00,NA,1019.8,17.9,87,NA
2021-03-22 14:00:00,NA,1019.5,19.2,83,NA
2021-03-22 15:00:00,NA,1019.3,20.5,79,NA
2021-03-22 16:00:00,NA,1019,21.7,72,NA
2021-03-22 17:00:00,NA,1018.6,22.9,66,NA
2021-03-22 18:00:00,NA,1017.6,23,65,NA
2021-03-22 19:00:00,NA,1017.3,22.8,63,NA
2021-03-22 20:00:00,NA,1017,23,64,NA
2021-03-22 21:00:00,NA,1016.7,22.6,67,NA
2021-03-22 22:00:00,NA,1017.1,21,75,NA
2021-03-22 23:00:00,NA,1017.4,17.4,83,NA
2021-03-23 00:00:00,1004.5,NA,16.5,85,NA
2021-03-23 09:00:00,1003.2,NA,12.2,100,NA
2021-03-23 10:00:00,1003.3,NA,12.1,100,NA
2021-03-23 11:00:00,1003.4,NA,12.1,98,NA
2021-03-23 12:00:00,1004.2,NA,15.8,96,NA
2021-03-23 13:00:00,1004.5,NA,19,87,NA
2021-03-23 14:00:00,1004.9,NA,21.5,74,NA
2021-03-23 15:00:00,1004.2,NA,23.7,67,NA
2021-03-23 16:00:00,1003.7,NA,24.6,58,NA
2021-03-23 18:00:00,1001.6,NA,26.1,47,NA
2021-03-23 20:00:00,1000.1,NA,25.7,50,NA
2021-03-23 22:00:00,998.2,NA,21.7,73,NA
2021-03-23 23:00:00,998.5,NA,17.8,85,NA
2021-03-24 09:00:00,NA,1013.2,12.9,97,NA
2021-03-24 10:00:00,NA,1013.6,12.8,99,NA
2021-03-24 11:00:00,NA,1014.1,15,89,NA
2021-03-24 12:00:00,NA,1015,17.5,91,NA
2021-03-24 13:00:00,NA,1015.1,21.5,81,NA
2021-03-24 14:00:00,NA,1015.3,21.8,83,NA
2021-03-24 15:00:00,NA,1014.3,24.1,76,NA
2021-03-24 16:00:00,NA,1014,25.2,73,NA
2021-03-24 17:00:00,NA,1013.7,25.9,70,NA
2021-03-24 18:00:00,NA,1012.9,25.8,70,NA
2021-03-24 19:00:00,NA,1012,25.4,74,NA
2021-03-24 20:00:00,NA,1010.9,24.3,80,NA
2021-03-24 21:00:00,NA,1009.8,23.3,87,NA
2021-03-24 22:00:00,NA,1010.2,22.3,90,NA
2021-03-24 23:00:00,NA,1010.6,21.3,93,NA
2021-03-25 00:00:00,998,NA,21.1,96,NA
2021-03-25 10:00:00,996.5,NA,19.7,98,NA
2021-03-25 11:00:00,996.8,NA,19.8,98,NA
2021-03-25 12:00:00,997.8,NA,19.7,98,NA
2021-03-25 13:00:00,998.4,NA,19.8,98,NA
2021-03-25 14:00:00,996.6,NA,19.9,98,NA
2021-03-25 15:00:00,997.2,NA,21.1,91,NA
2021-03-25 16:00:00,997.2,NA,21.3,91,NA
2021-03-25 18:00:00,996.1,NA,23.3,81,NA
2021-03-25 21:00:00,994.6,NA,23.5,75,NA
2021-03-25 23:00:00,995,NA,20.5,91,NA
2021-03-26 09:00:00,NA,1009.6,17.9,95,NA
2021-03-26 10:00:00,NA,1009.9,18,95,NA
2021-03-26 11:00:00,NA,1011.4,17.6,99,NA
2021-03-26 12:00:00,NA,1012,17.2,99,NA
2021-03-26 13:00:00,NA,1012.5,17.8,94,NA
2021-03-26 14:00:00,NA,1012.8,18.2,93,NA
2021-03-26 15:00:00,NA,1013.6,18.8,90,NA
2021-03-26 16:00:00,NA,1013.2,18.3,96,NA
2021-03-26 18:00:00,NA,1011.5,19.8,77,NA
2021-03-26 19:00:00,NA,1011.8,19.2,85,NA
2021-03-26 20:00:00,NA,1011.8,18.4,87,NA
2021-03-26 21:00:00,NA,1012.1,17.5,90,NA
2021-03-26 22:00:00,NA,1012.5,16.5,92,NA
2021-03-26 23:00:00,NA,1013,16.4,91,NA
2021-03-27 00:00:00,1000.6,NA,16,90,NA
2021-03-27 09:00:00,999.7,NA,14.4,96,NA
2021-03-27 10:00:00,999.7,NA,14.2,94,NA
2021-03-27 11:00:00,999.6,NA,13.8,91,NA
2021-03-27 12:00:00,1000.1,NA,14.4,85,NA
2021-03-27 13:00:00,1000.2,NA,14.2,85,NA
2021-03-27 15:00:00,1000.9,NA,15.6,88,NA
2021-03-27 16:00:00,1000.1,NA,17,93,NA
2021-03-27 17:00:00,1000.1,NA,17.8,91,NA
2021-03-27 18:00:00,999,NA,16.8,95,NA
2021-03-27 20:00:00,999.3,NA,17.6,88,NA
2021-03-27 22:00:00,999.8,NA,16.2,91,NA
2021-03-27 23:00:00,1000,NA,14.9,84,NA
2021-03-28 09:00:00,NA,1013.4,14.5,97,NA
2021-03-28 10:00:00,NA,1013.5,13.2,99,NA
2021-03-28 11:00:00,NA,1014.5,12.6,96,NA
2021-03-28 12:00:00,NA,1015.4,13.6,97,NA
2021-03-28 13:00:00,NA,1015,15.4,90,NA
2021-03-28 14:00:00,NA,1014.8,17.4,79,NA
2021-03-28 15:00:00,NA,1014.9,18,78,NA
2021-03-28 16:00:00,NA,1014.8,17.8,80,NA
2021-03-28 17:00:00,NA,1014.3,17.9,81,NA
2021-03-28 18:00:00,NA,1013.8,18.7,78,NA
2021-03-28 19:00:00,NA,1013.4,19.5,77,NA
2021-03-28 20:00:00,NA,1013.2,19.5,76,NA
2021-03-28 21:00:00,NA,1013.3,19.5,77,NA
2021-03-28 22:00:00,NA,1013.2,19,79,NA
2021-03-28 23:00:00,NA,1013.6,18.8,80,NA
2021-03-29 00:00:00,1000.8,NA,18.6,81,NA
2021-03-29 09:00:00,1002.5,NA,13.5,100,NA
2021-03-29 10:00:00,1003,NA,13,100,NA
2021-03-29 11:00:00,1003.2,NA,13.5,97,NA
2021-03-29 12:00:00,1003.7,NA,16.4,92,NA
2021-03-29 13:00:00,1003.8,NA,18,89,NA
2021-03-29 14:00:00,1004,NA,20.2,83,NA
2021-03-29 15:00:00,1003.8,NA,21.7,77,NA
2021-03-29 17:00:00,1002.5,NA,24,62,NA
2021-03-29 18:00:00,1002,NA,25.1,57,NA
2021-03-29 20:00:00,1001,NA,25.9,50,NA
2021-03-29 21:00:00,1001.3,NA,25.1,55,NA
2021-03-29 22:00:00,1001.7,NA,21.1,70,NA
2021-03-29 23:00:00,1002.1,NA,19.1,78,NA
2021-03-30 09:00:00,NA,1016.5,11,89,NA
2021-03-30 10:00:00,NA,1016.6,10.3,92,NA
2021-03-30 11:00:00,NA,1017.2,11.5,89,NA
2021-03-30 12:00:00,NA,1017.4,14.8,82,NA
2021-03-30 13:00:00,NA,1017.3,18.4,71,NA
2021-03-30 14:00:00,NA,1017.2,22.2,54,NA
2021-03-30 15:00:00,NA,1016.8,23.8,45,NA
2021-03-30 16:00:00,NA,1016.2,24.8,45,NA
2021-03-30 17:00:00,NA,1016.2,25,43,NA
2021-03-30 18:00:00,NA,1014.5,25.9,37,NA
2021-03-30 19:00:00,NA,1014.2,25.9,37,NA
2021-03-30 20:00:00,NA,1014.2,25.7,38,NA
2021-03-30 21:00:00,NA,1014.1,24.1,48,NA
2021-03-30 22:00:00,NA,1014.5,20.7,68,NA
2021-03-30 23:00:00,NA,1014.7,17.9,80,NA
2021-03-31 00:00:00,1001.4,NA,16.3,82,NA
2021-03-31 10:00:00,1002.9,NA,10.8,98,NA
2021-03-31 11:00:00,1003.7,NA,12.6,100,NA
2021-03-31 17:00:00,1005.2,NA,24.8,49,NA
2021-03-31 19:00:00,1003,NA,25.3,47,NA
2021-03-31 21:00:00,1001,NA,23.4,57,NA
2021-03-31 22:00:00,999.8,NA,19.6,70,NA
2021-04-01 09:00:00,NA,1015.7,11.8,97,NA
2021-04-01 10:00:00,NA,1016.1,11.6,97,NA
2021-04-01 11:00:00,NA,1016.3,12.9,97,NA
2021-04-01 12:00:00,NA,1016.6,14.9,93,NA
2021-04-01 13:00:00,NA,1016.7,17.4,84,NA
2021-04-01 14:00:00,NA,1017.6,20.8,64,NA
2021-04-01 15:00:00,NA,1018,22.7,62,NA
2021-04-01 16:00:00,NA,1018.2,23,53,NA
2021-04-01 17:00:00,NA,1018.3,23.5,52,NA
2021-04-01 18:00:00,NA,1017.3,24.6,46,NA
2021-04-01 19:00:00,NA,1016.1,24.6,46,NA
2021-04-01 20:00:00,NA,1014.6,22.5,55,NA
2021-04-01 21:00:00,NA,1013.9,22.1,59,NA
2021-04-01 22:00:00,NA,1014.3,19.7,69,NA
2021-04-01 23:00:00,NA,1014.5,17.2,81,NA
2021-04-02 00:00:00,1001.8,NA,14.7,86,NA
2021-04-02 10:00:00,1004,NA,11.4,98,NA
2021-04-02 12:00:00,1005.2,NA,15.9,92,NA
2021-04-02 13:00:00,1005.4,NA,19.5,75,NA
2021-04-02 14:00:00,1005.7,NA,22.6,59,NA
2021-04-02 15:00:00,1006.1,NA,24.5,45,NA
2021-04-02 16:00:00,1005,NA,24.9,43,NA
2021-04-02 17:00:00,1004.5,NA,25.4,42,NA
2021-04-02 18:00:00,1001.6,NA,25.6,45,NA
2021-04-02 19:00:00,1001,NA,26,43,NA
2021-04-02 20:00:00,1000.8,NA,26.8,43,NA
2021-04-02 21:00:00,1001,NA,23.2,57,NA
2021-04-02 22:00:00,1001.4,NA,21,66,NA
2021-04-02 23:00:00,1001.7,NA,17.4,79,NA
2021-04-03 09:00:00,NA,1015.7,11.5,97,NA
2021-04-03 10:00:00,NA,1016,11.6,97,NA
2021-04-03 11:00:00,NA,1016.4,12,99,NA
2021-04-03 12:00:00,NA,1016.7,16.1,99,NA
2021-04-03 13:00:00,NA,1017,19.1,87,NA
2021-04-03 14:00:00,NA,1017.2,22.5,72,NA
2021-04-03 15:00:00,NA,1017.4,24.3,63,NA
2021-04-03 16:00:00,NA,1017.6,25.1,57,NA
2021-04-03 17:00:00,NA,1017.4,26,53,NA
2021-04-03 18:00:00,NA,1015.4,26.4,53,NA
2021-04-03 19:00:00,NA,1013.7,25.6,54,NA
2021-04-03 20:00:00,NA,1013.7,25.4,57,NA
2021-04-03 21:00:00,NA,1013.8,24.2,63,NA
2021-04-03 22:00:00,NA,1013.8,21.5,72,NA
2021-04-03 23:00:00,1001.3,NA,19.3,79,NA
2021-04-04 00:00:00,1001.7,NA,17.5,85,NA
2021-04-04 09:00:00,1001.4,NA,13,98,NA
2021-04-04 10:00:00,1001.6,NA,12.7,98,NA
2021-04-04 12:00:00,1002.4,NA,17.5,85,NA
2021-04-04 13:00:00,1002.4,NA,21,74,NA
2021-04-04 14:00:00,1003.8,NA,24.5,58,NA
2021-04-04 16:00:00,1001,NA,26.6,45,NA
2021-04-04 17:00:00,999.7,NA,27.2,44,NA
2021-04-04 18:00:00,998.4,NA,27.7,45,NA
2021-04-04 20:00:00,997.7,NA,27.2,50,NA
2021-04-04 21:00:00,997.8,NA,24.1,64,NA
2021-04-04 22:00:00,998,NA,21.9,74,NA
2021-04-05 09:00:00,NA,1011.1,14.2,100,NA
2021-04-05 10:00:00,NA,1011.4,15,100,NA
2021-04-05 11:00:00,NA,1011.5,16,99,NA
2021-04-05 12:00:00,NA,1012.3,18.5,91,NA
2021-04-05 13:00:00,NA,1012.3,23,73,NA
2021-04-05 14:00:00,NA,1012.2,25.6,64,NA
2021-04-05 15:00:00,NA,1012.5,27,60,NA
2021-04-05 16:00:00,NA,1011.4,28.6,55,NA
2021-04-05 17:00:00,NA,1010.6,29.4,52,NA
2021-04-05 18:00:00,NA,1010.4,29.7,50,NA
2021-04-05 19:00:00,NA,1010,28.1,56,NA
2021-04-05 20:00:00,NA,1010.2,27,61,NA
2021-04-05 21:00:00,NA,1010.4,26.1,66,NA
2021-04-05 22:00:00,NA,1011.1,23.8,73,NA
2021-04-05 23:00:00,NA,1011.4,21.6,81,NA
2021-04-06 00:00:00,999,NA,20.1,87,NA
2021-04-06 09:00:00,1001.2,NA,14.2,100,NA
2021-04-06 10:00:00,1001.2,NA,14,99,NA
2021-04-06 11:00:00,1001.3,NA,14.2,100,NA
2021-04-06 12:00:00,1002,NA,17.8,100,NA
2021-04-06 13:00:00,1002.1,NA,22.3,82,NA
2021-04-06 14:00:00,1002.1,NA,24.4,77,NA
2021-04-06 15:00:00,1001.8,NA,26.3,63,NA
2021-04-06 16:00:00,1000.8,NA,27.7,61,NA
2021-04-06 17:00:00,999.8,NA,28.1,57,NA
2021-04-06 18:00:00,999,NA,28.9,55,NA
2021-04-06 19:00:00,998.5,NA,29.1,55,NA
2021-04-06 21:00:00,998.2,NA,27.1,60,NA
2021-04-06 22:00:00,998.2,NA,23.4,74,NA
2021-04-06 23:00:00,998.9,NA,21.4,82,NA
2021-04-07 09:00:00,NA,1012.5,16.2,99,NA
2021-04-07 10:00:00,NA,1012.7,16.3,99,NA
2021-04-07 11:00:00,NA,1012.8,17,99,NA
2021-04-07 12:00:00,NA,1012.8,20.6,95,NA
2021-04-07 13:00:00,NA,1012.7,23.5,84,NA
2021-04-07 14:00:00,NA,1012.3,26.2,69,NA
2021-04-07 15:00:00,NA,1011.8,27.2,61,NA
2021-04-07 16:00:00,NA,1010.3,28,58,NA
2021-04-07 17:00:00,NA,1010.4,29.2,52,NA
2021-04-07 18:00:00,NA,1009.5,29.7,49,NA
2021-04-07 19:00:00,NA,1008.4,29.7,49,NA
2021-04-07 20:00:00,NA,1008.4,28.9,54,NA
2021-04-07 21:00:00,NA,1008.7,27.3,61,NA
2021-04-07 22:00:00,NA,1009,25.7,70,NA
2021-04-07 23:00:00,NA,1009.2,23.7,77,NA
2021-04-08 00:00:00,NA,1009.4,21.7,85,NA
2021-04-08 15:00:00,996.4,NA,20.3,98,NA
2021-04-08 16:00:00,996,NA,20.8,98,NA
2021-04-08 17:00:00,995.8,NA,20.9,96,NA
2021-04-08 18:00:00,994,NA,20.3,100,NA
2021-04-08 20:00:00,993,NA,20.6,99,NA
2021-04-08 21:00:00,993.2,NA,20.4,99,NA
2021-04-08 22:00:00,993.7,NA,20.1,99,NA
2021-04-09 09:00:00,NA,1010.4,19,100,NA
2021-04-09 10:00:00,NA,1010.5,19.2,100,NA
2021-04-09 11:00:00,NA,1010.8,19.3,100,NA
2021-04-09 12:00:00,NA,1011.7,18.9,100,NA
2021-04-09 13:00:00,NA,1011.8,19,98,NA
2021-04-09 14:00:00,NA,1011.4,20.2,89,NA
2021-04-09 15:00:00,NA,1011.3,21.4,88,NA
2021-04-09 16:00:00,NA,1011.3,21.2,92,NA
2021-04-09 17:00:00,NA,1011.1,20.5,93,NA
2021-04-09 18:00:00,NA,1011.6,19.9,99,NA
2021-04-09 19:00:00,NA,1011,19.9,99,NA
2021-04-09 20:00:00,NA,1010.9,19.9,100,NA
2021-04-09 21:00:00,NA,1011.3,19.7,100,NA
2021-04-09 22:00:00,NA,1011.4,19.3,100,NA
2021-04-09 23:00:00,NA,1011.9,19.3,100,NA
2021-04-10 00:00:00,NA,1012.3,19.4,100,NA
2021-04-11 09:00:00,NA,1013.6,13.6,89,NA
2021-04-11 10:00:00,NA,1013.6,13.6,89,NA
2021-04-11 11:00:00,NA,1014.6,13.7,89,NA
2021-04-11 12:00:00,NA,1015.7,13.9,88,NA
2021-04-11 13:00:00,NA,1016.2,15.4,80,NA
2021-04-11 14:00:00,NA,1017.1,16.9,74,NA
2021-04-11 15:00:00,NA,1017.2,18.3,67,NA
2021-04-11 16:00:00,NA,1017.5,19.7,62,NA
2021-04-11 17:00:00,NA,1017,20.1,58,NA
2021-04-11 18:00:00,NA,1016.1,21.2,52,NA
2021-04-11 19:00:00,NA,1016.1,21.6,48,NA
2021-04-11 20:00:00,NA,1015.9,21.7,48,NA
2021-04-11 21:00:00,NA,1015.8,21.5,49,NA
2021-04-11 22:00:00,NA,1016.7,18.5,68,NA
2021-04-11 23:00:00,NA,1017.5,16,75,NA
2021-04-12 00:00:00,NA,1018,15,82,NA
2021-04-13 09:00:00,NA,1018.8,9.5,100,NA
2021-04-13 10:00:00,NA,1019.1,8.8,100,NA
2021-04-13 11:00:00,NA,1019.6,9.7,96,NA
2021-04-13 12:00:00,NA,1019.8,14,90,NA
2021-04-13 13:00:00,1007.3,1020.5,18.2,78,NA
2021-04-13 14:00:00,1007.4,1020.6,20.8,64,NA
2021-04-13 15:00:00,NA,1019.9,23,49,NA
2021-04-13 16:00:00,1006.2,1019.4,23.7,46,NA
2021-04-13 17:00:00,1005.4,1018.6,24.6,46,NA
2021-04-13 18:00:00,1005.2,1018.3,25.1,45,NA
2021-04-13 19:00:00,NA,1018.3,25.2,43,NA
2021-04-13 20:00:00,1005,1018.2,25.1,42,NA
2021-04-13 21:00:00,1004.5,1017.7,23.5,45,NA
2021-04-13 22:00:00,1004.4,1017.7,20.1,63,NA
2021-04-13 23:00:00,1004.5,1017.9,16.7,74,NA
2021-04-14 00:00:00,NA,1018.1,14.9,84,NA
2021-04-15 00:00:00,998.4,NA,NA,NA,NA
2021-04-15 09:00:00,997.8,1011,12.4,99,NA
2021-04-15 10:00:00,997.8,1011.1,12.5,99,NA
2021-04-15 11:00:00,998.8,1012,12.2,100,NA
2021-04-15 12:00:00,999.2,1012.4,15.3,98,NA
2021-04-15 13:00:00,1000,1013.1,19.5,82,NA
2021-04-15 14:00:00,1000.1,1013.1,23,72,NA
2021-04-15 15:00:00,999.8,1012.8,25,59,NA
2021-04-15 16:00:00,NA,1012.5,26,55,NA
2021-04-15 17:00:00,998.2,1011.2,26.8,60,NA
2021-04-15 18:00:00,996.9,1009.9,27.2,57,NA
2021-04-15 19:00:00,996.6,1009.6,27.9,49,NA
2021-04-15 20:00:00,996.5,1009.5,27.5,52,NA
2021-04-15 21:00:00,NA,1009.9,24.4,64,NA
2021-04-15 22:00:00,997.2,1010.3,21.4,78,NA
2021-04-15 23:00:00,NA,1011,19.9,81,NA
2021-04-16 00:00:00,NA,1011.6,18.3,85,NA
2021-04-17 00:00:00,999,NA,NA,NA,NA
2021-04-17 09:00:00,1002,1015,14.4,97,NA
2021-04-17 10:00:00,1002.1,1015.2,14.3,97,NA
2021-04-17 11:00:00,NA,1015.4,15.9,97,NA
2021-04-17 12:00:00,1002.5,1015.6,17.2,97,NA
2021-04-17 13:00:00,1003.6,1016.7,20.8,86,NA
2021-04-17 14:00:00,1004,1017,23.8,75,NA
2021-04-17 15:00:00,1004.6,1017.7,25.6,67,NA
2021-04-17 16:00:00,1004.6,1017.6,27.7,54,NA
2021-04-17 17:00:00,1002,1014.9,28.2,52,NA
2021-04-17 18:00:00,1000.5,1013.5,28.7,51,NA
2021-04-17 19:00:00,999.8,1012.8,29,47,NA
2021-04-17 20:00:00,999.3,1012.3,28.3,49,NA
2021-04-17 21:00:00,999.3,1012.3,25.7,59,NA
2021-04-17 22:00:00,999.6,1012.6,21.1,81,NA
2021-04-17 23:00:00,999.8,1012.9,20,83,NA
2021-04-18 00:00:00,NA,1013.4,19,88,NA
2021-04-19 00:00:00,1000.1,NA,NA,NA,NA
2021-04-19 09:00:00,1002.8,1015.7,17.5,94,NA
2021-04-19 10:00:00,1002.9,1015.9,17.5,94,NA
2021-04-19 11:00:00,1003,1016.1,17.1,96,NA
2021-04-19 12:00:00,1003.6,1016.6,18.6,87,NA
2021-04-19 13:00:00,1004,1017,21.1,77,NA
2021-04-19 14:00:00,1004.1,1017.1,23.6,65,NA
2021-04-19 15:00:00,1003.3,1016.2,25.5,58,NA
2021-04-19 17:00:00,1002.6,1015.5,26.7,53,NA
2021-04-19 18:00:00,1000.1,1013,28,45,NA
2021-04-19 19:00:00,999.6,1012.5,27.8,45,NA
2021-04-19 20:00:00,1000.1,1013,27,48,NA
2021-04-19 21:00:00,999.8,1012.8,25.7,53,NA
2021-04-19 22:00:00,999.8,1012.9,22.4,67,NA
2021-04-19 23:00:00,1000.5,1013.6,19.4,82,NA
2021-04-20 00:00:00,NA,1013.7,18.8,86,NA
2021-04-21 00:00:00,998.5,NA,NA,NA,NA
2021-04-21 09:00:00,998,1010.9,16.4,91,NA
2021-04-21 10:00:00,998.4,1011.4,16.2,93,NA
2021-04-21 11:00:00,998.6,1011.7,16.5,90,NA
2021-04-21 12:00:00,998.2,1011.2,18,82,NA
2021-04-21 13:00:00,998.4,1011.4,19.8,75,NA
2021-04-21 14:00:00,999,1012,20.4,74,NA
2021-04-21 15:00:00,NA,1011.7,20.7,75,NA
2021-04-21 16:00:00,997.8,1010.8,20,82,NA
2021-04-21 17:00:00,996.4,1009.4,19.4,89,NA
2021-04-21 18:00:00,994.6,1007.7,19.9,89,NA
2021-04-21 19:00:00,998.4,1011.4,19.4,93,NA
2021-04-21 20:00:00,996.9,1009.9,18.5,99,NA
2021-04-21 21:00:00,997.7,1010.8,19.1,93,NA
2021-04-21 22:00:00,998.4,1011.4,18.6,97,NA
2021-04-21 23:00:00,998.6,1011.7,17.6,100,NA
2021-04-22 00:00:00,NA,1012.1,17,100,NA
2021-04-23 00:00:00,997.7,NA,NA,NA,NA
2021-04-23 09:00:00,NA,1010.4,14,100,NA
2021-04-23 10:00:00,NA,1010.3,13.8,100,NA
2021-04-23 11:00:00,NA,1010.3,14.2,100,NA
2021-04-23 12:00:00,NA,1011.3,16.8,98,NA
2021-04-23 13:00:00,NA,1010.8,19.4,92,NA
2021-04-23 14:00:00,NA,1011,19.6,89,NA
2021-04-23 15:00:00,NA,1010.5,19.4,92,NA
2021-04-23 16:00:00,NA,1010.2,18.7,97,NA
2021-04-23 17:00:00,NA,1009.8,18.4,99,NA
2021-04-23 18:00:00,NA,1009.6,18.4,100,NA
2021-04-23 19:00:00,NA,1009.8,18.5,99,NA
2021-04-23 20:00:00,NA,1009.8,18.5,99,NA
2021-04-23 21:00:00,NA,1009.9,17.9,97,NA
2021-04-23 22:00:00,NA,1010.5,16.7,97,NA
2021-04-23 23:00:00,NA,1011.8,15.7,99,NA
2021-04-24 00:00:00,NA,1012,16.2,99,NA
2021-04-25 09:00:00,NA,1020.2,7.8,89,NA
2021-04-25 10:00:00,NA,1020.5,7.7,90,NA
2021-04-25 11:00:00,NA,1021.2,8.9,88,NA
2021-04-25 12:00:00,NA,1022.3,10.3,86,NA
2021-04-25 13:00:00,NA,1022.7,13.9,66,NA
2021-04-25 14:00:00,NA,1022.9,15.7,65,NA
2021-04-25 15:00:00,NA,1023.2,17.3,58,NA
2021-04-25 16:00:00,NA,1022.9,17.8,54,NA
2021-04-25 17:00:00,NA,1022.5,18.3,52,NA
2021-04-25 18:00:00,NA,1021.4,19.1,51,NA
2021-04-25 19:00:00,NA,1020.6,19.4,51,NA
2021-04-25 20:00:00,NA,1019.5,19.3,50,NA
2021-04-25 21:00:00,NA,1018.9,18.6,51,NA
2021-04-25 22:00:00,NA,1018.5,16.2,67,NA
2021-04-25 23:00:00,NA,1018.8,14.4,72,NA
2021-04-26 00:00:00,NA,1019.1,13.1,81,NA
2021-04-27 09:00:00,NA,1017.9,7.7,94,NA
2021-04-27 10:00:00,NA,1018.4,7.8,93,NA
2021-04-27 11:00:00,NA,1018.6,8.4,92,NA
2021-04-27 12:00:00,NA,1018.9,9.3,91,NA
2021-04-27 13:00:00,NA,1018.8,14.9,77,NA
2021-04-27 14:00:00,NA,1019,18.8,62,NA
2021-04-27 15:00:00,NA,1018.9,20.9,53,NA
2021-04-27 16:00:00,NA,1018.8,21.3,50,NA
2021-04-27 18:00:00,NA,1015.6,23.6,44,NA
2021-04-27 19:00:00,NA,1015.4,23.5,45,NA
2021-04-27 20:00:00,NA,1015.1,23.4,46,NA
2021-04-27 21:00:00,NA,1015.2,22.5,52,NA
2021-04-27 22:00:00,NA,1015.9,18.7,65,NA
2021-04-27 23:00:00,NA,1016.5,16.4,74,NA
2021-04-28 00:00:00,1002.9,NA,15,77,NA
2021-04-28 09:00:00,1004.9,NA,9.8,98,NA
2021-04-28 10:00:00,1005.2,NA,9.4,97,NA
2021-04-28 11:00:00,1006.1,NA,9.6,97,NA
2021-04-28 12:00:00,1006.5,NA,12.2,90,NA
2021-04-28 13:00:00,1007,NA,16.2,80,NA
2021-04-28 14:00:00,1007.4,NA,19.6,69,NA
2021-04-28 15:00:00,1007.2,NA,22.3,57,NA
2021-04-28 16:00:00,1006.8,NA,23.3,53,NA
2021-04-28 17:00:00,1006.1,NA,24.2,51,NA
2021-04-28 19:00:00,1004.6,NA,25.1,44,NA
2021-04-28 20:00:00,1005.2,NA,24.9,44,NA
2021-04-28 21:00:00,1005,NA,22.6,56,NA
2021-04-28 22:00:00,1005.2,NA,19.1,66,NA
2021-04-28 23:00:00,1005.6,NA,16.1,78,NA
2021-04-29 09:00:00,NA,1019.5,10,96,NA
2021-04-29 10:00:00,NA,1020,9.7,95,NA
2021-04-29 11:00:00,NA,1020.2,10,94,NA
2021-04-29 12:00:00,NA,1020.7,13,84,NA
2021-04-29 13:00:00,NA,1021,15.7,76,NA
2021-04-29 14:00:00,NA,1021,19.6,60,NA
2021-04-29 15:00:00,NA,1020.9,21,58,NA
2021-04-29 16:00:00,NA,1020,22.5,49,NA
2021-04-29 17:00:00,NA,1019.4,24,44,NA
2021-04-29 18:00:00,NA,1018.3,24.8,40,NA
2021-04-29 19:00:00,NA,1017.6,24.5,38,NA
2021-04-29 20:00:00,NA,1017.5,24.1,39,NA
2021-04-29 21:00:00,NA,1017.5,22.1,48,NA
2021-04-29 22:00:00,NA,1017.7,16.9,66,NA
2021-04-29 23:00:00,NA,1018,15.8,70,NA
2021-04-30 00:00:00,1004.8,NA,14.7,73,NA
2021-04-30 09:00:00,1003.6,NA,8.5,97,NA
2021-04-30 10:00:00,1003.8,NA,7,100,NA
2021-04-30 11:00:00,1003.8,NA,7.9,97,NA
2021-04-30 12:00:00,1004.4,NA,11.5,88,NA
2021-04-30 13:00:00,1004.2,NA,15.4,75,NA
2021-04-30 14:00:00,1004,NA,18.2,65,NA
2021-04-30 15:00:00,1003.2,NA,20.2,59,NA
2021-04-30 16:00:00,1002.4,NA,21.7,49,NA
2021-04-30 17:00:00,1001.3,NA,22.6,45,NA
2021-04-30 19:00:00,999.6,NA,24,40,NA
2021-04-30 21:00:00,998.9,NA,22.1,47,NA
2021-04-30 22:00:00,999.3,NA,17.3,61,NA
2021-04-30 23:00:00,999.4,NA,13.4,75,NA
2021-05-01 09:00:00,NA,1013.2,9,94,NA
2021-05-01 10:00:00,NA,1012.9,8.4,99,NA
2021-05-01 11:00:00,NA,1013.6,9,96,NA
2021-05-01 12:00:00,NA,1013.9,11.3,94,NA
2021-05-01 13:00:00,NA,1013.8,16.2,80,NA
2021-05-01 14:00:00,NA,1013.9,21,66,NA
2021-05-01 15:00:00,NA,1013.3,23.2,59,NA
2021-05-01 16:00:00,NA,1011.9,25,55,NA
2021-05-01 17:00:00,NA,1010.8,26.2,47,NA
2021-05-01 18:00:00,NA,1009.5,26.7,45,NA
2021-05-01 20:00:00,NA,1009.6,26.1,50,NA
2021-05-01 21:00:00,NA,1009.8,24.3,57,NA
2021-05-01 22:00:00,NA,1010.1,21.4,69,NA
2021-05-01 23:00:00,NA,1010.1,18.5,82,NA
2021-05-02 00:00:00,997.7,NA,17.2,85,NA
2021-05-02 09:00:00,997.8,NA,13.9,94,NA
2021-05-02 11:00:00,998.8,NA,13.5,95,NA
2021-05-02 12:00:00,999.2,NA,15.1,91,NA
2021-05-02 14:00:00,999.3,NA,21.8,74,NA
2021-05-02 15:00:00,998.8,NA,24.3,65,NA
2021-05-02 16:00:00,997.7,NA,27.5,53,NA
2021-05-02 17:00:00,997.3,NA,28.2,50,NA
2021-05-02 18:00:00,995.7,NA,29.1,50,NA
2021-05-02 19:00:00,994.5,NA,29.1,50,NA
2021-05-02 21:00:00,993.8,NA,26.6,59,NA
2021-05-02 23:00:00,994.6,NA,20.8,82,NA
2021-05-03 09:00:00,NA,1006.5,17.3,96,NA
2021-05-03 10:00:00,NA,1006.4,17.2,98,NA
2021-05-03 11:00:00,NA,1007,17.4,95,NA
2021-05-03 12:00:00,NA,1007.4,17.8,95,NA
2021-05-03 13:00:00,NA,1008,20,90,NA
2021-05-03 14:00:00,NA,1008.5,21.6,85,NA
2021-05-03 16:00:00,NA,1007.1,25.1,70,NA
2021-05-03 17:00:00,NA,1006.8,25,69,NA
2021-05-03 18:00:00,NA,1005.2,23.3,79,NA
2021-05-03 19:00:00,NA,1005.7,20.7,83,NA
2021-05-03 20:00:00,NA,1007.3,19.9,81,NA
2021-05-03 21:00:00,NA,1008.8,17.9,74,NA
2021-05-03 22:00:00,NA,1009.8,17,76,NA
2021-05-03 23:00:00,NA,1010.3,16.2,80,NA
2021-05-04 00:00:00,999.4,NA,16,82,NA
2021-05-04 09:00:00,1006.9,NA,10.1,69,NA
2021-05-04 10:00:00,1007.2,NA,10,72,NA
2021-05-04 11:00:00,1010.5,NA,8.9,75,NA
2021-05-04 12:00:00,1011.8,NA,9,72,NA
2021-05-04 13:00:00,1012.4,NA,9.9,64,NA
2021-05-04 14:00:00,1012.8,NA,13.2,43,NA
2021-05-04 15:00:00,1012.5,NA,13,44,NA
2021-05-04 16:00:00,1012.8,NA,12.9,44,NA
2021-05-04 18:00:00,1010.2,NA,13.8,50,NA
2021-05-04 19:00:00,1010.9,NA,13.8,50,NA
2021-05-04 20:00:00,1011.3,NA,13,61,NA
2021-05-04 21:00:00,1011.6,NA,12.5,65,NA
2021-05-04 22:00:00,1012.5,NA,11.7,71,NA
2021-05-04 23:00:00,1012.9,NA,10.8,79,NA
2021-05-05 09:00:00,NA,1026.7,5.1,95,NA
2021-05-05 10:00:00,NA,1026.8,5,97,NA
2021-05-05 11:00:00,NA,1027.2,4.9,95,NA
2021-05-05 12:00:00,NA,1027.3,5.8,91,NA
2021-05-05 13:00:00,NA,1027.9,9.4,82,NA
2021-05-05 14:00:00,NA,1027.6,11.8,72,NA
2021-05-05 15:00:00,NA,1027.5,13.6,61,NA
2021-05-05 16:00:00,NA,1027.2,14.2,56,NA
2021-05-05 18:00:00,NA,1023.9,16.2,43,NA
2021-05-05 19:00:00,NA,1023.8,16,47,NA
2021-05-05 20:00:00,NA,1024.2,15.8,49,NA
2021-05-05 21:00:00,NA,1024.2,15,50,NA
2021-05-05 22:00:00,NA,1024.7,12.2,64,NA
2021-05-05 23:00:00,NA,1024.9,10,70,NA
2021-05-06 00:00:00,1011.7,NA,9.6,70,NA
2021-05-06 09:00:00,1012.4,NA,3.6,99,NA
2021-05-06 10:00:00,1012.6,NA,3.2,99,NA
2021-05-06 11:00:00,1012.6,NA,3.2,99,NA
2021-05-06 12:00:00,1013.2,NA,4.5,96,NA
2021-05-06 13:00:00,1013.8,NA,9.6,76,NA
2021-05-06 14:00:00,1013.6,NA,13.8,57,NA
2021-05-06 15:00:00,1013,NA,14.6,49,NA
2021-05-06 16:00:00,1012.5,NA,16.7,42,NA
2021-05-06 17:00:00,1011.2,NA,17,40,NA
2021-05-06 18:00:00,1010.2,NA,18.9,41,NA
2021-05-06 19:00:00,1010,NA,17.9,42,NA
2021-05-06 20:00:00,1009.7,NA,17.9,44,NA
2021-05-06 21:00:00,1009.2,NA,16.7,49,NA
2021-05-06 22:00:00,1009.6,NA,13.2,58,NA
2021-05-07 09:00:00,NA,1023,2.8,88,NA
2021-05-07 10:00:00,NA,1023.2,4,89,NA
2021-05-07 11:00:00,NA,1023.9,3,91,NA
2021-05-07 12:00:00,NA,1024.6,5.7,85,NA
2021-05-07 13:00:00,NA,1024.7,12.2,62,NA
2021-05-07 14:00:00,NA,1024.8,14.7,52,NA
2021-05-07 15:00:00,NA,1024.4,16.6,41,NA
2021-05-07 16:00:00,NA,1024,17.6,37,NA
2021-05-07 17:00:00,NA,1023.2,18.1,36,NA
2021-05-07 18:00:00,NA,1022.2,18.5,36,NA
2021-05-07 19:00:00,NA,1022.2,18.1,37,NA
2021-05-07 20:00:00,NA,1022.2,17.5,40,NA
2021-05-07 21:00:00,NA,1022.2,15.2,50,NA
2021-05-07 22:00:00,NA,1022.6,11.6,66,NA
2021-05-07 23:00:00,NA,1022.7,9.9,73,NA
2021-05-08 00:00:00,1009,NA,8.2,82,NA
2021-05-08 09:00:00,1009,NA,4.2,95,NA
2021-05-08 10:00:00,1008.8,NA,3.5,96,NA
2021-05-08 11:00:00,1009.2,NA,3.2,98,NA
2021-05-08 12:00:00,1010.5,NA,6.8,87,NA
2021-05-08 13:00:00,1010.4,NA,11,79,NA
2021-05-08 14:00:00,1010.6,NA,14.2,66,NA
2021-05-08 15:00:00,1010.1,NA,17.2,48,NA
2021-05-08 16:00:00,1009.3,NA,18,46,NA
2021-05-08 17:00:00,1008.2,NA,18.3,44,NA
2021-05-08 18:00:00,1007.2,NA,19.4,39,NA
2021-05-08 19:00:00,1006.6,NA,19.6,41,NA
2021-05-08 20:00:00,1006.2,NA,18.9,42,NA
2021-05-08 21:00:00,1006.2,NA,14.2,62,NA
2021-05-08 22:00:00,1006.4,NA,10.6,77,NA
2021-05-08 23:00:00,1006.4,NA,8.7,83,NA
2021-05-09 09:00:00,NA,1019.8,5,100,NA
2021-05-09 10:00:00,NA,1019.4,4.9,100,NA
2021-05-09 11:00:00,NA,1019.8,7.5,100,NA
2021-05-09 12:00:00,NA,1020.2,8.6,99,NA
2021-05-09 13:00:00,NA,1020.6,10.8,94,NA
2021-05-09 14:00:00,NA,1020.8,12.2,89,NA
2021-05-09 15:00:00,NA,1020,14.6,78,NA
2021-05-09 16:00:00,NA,1019.6,16.8,67,NA
2021-05-09 17:00:00,NA,1018.4,19,58,NA
2021-05-09 18:00:00,NA,1017.8,21,47,NA
2021-05-09 19:00:00,NA,1017.3,20.8,48,NA
2021-05-09 20:00:00,NA,1017.3,19.8,52,NA
2021-05-09 21:00:00,NA,1017.2,18.9,56,NA
2021-05-09 22:00:00,NA,1017.7,16.8,65,NA
2021-05-09 23:00:00,NA,1018.2,14.7,76,NA
2021-05-10 00:00:00,1005.4,NA,12.6,82,NA
2021-05-10 09:00:00,1008.6,NA,10.2,96,NA
2021-05-10 10:00:00,1008.8,NA,10.1,97,NA
2021-05-10 12:00:00,1010,NA,10.2,94,NA
2021-05-10 13:00:00,1010.1,NA,12.5,82,NA
2021-05-10 14:00:00,1011,NA,12.8,78,NA
2021-05-10 15:00:00,1011.3,NA,13.1,78,NA
2021-05-10 16:00:00,1011.4,NA,14,72,NA
2021-05-10 18:00:00,1010.4,NA,15.5,56,NA
2021-05-10 19:00:00,1009.6,NA,17,43,NA
2021-05-10 20:00:00,1008.6,NA,16.9,39,NA
2021-05-10 21:00:00,1008.9,NA,14.6,44,NA
2021-05-10 22:00:00,1009.6,NA,12.2,55,NA
2021-05-11 09:00:00,NA,1025.3,1.3,97,NA
2021-05-11 10:00:00,NA,1025.6,1.2,98,NA
2021-05-11 11:00:00,NA,1025.9,0.4,90,NA
2021-05-11 12:00:00,NA,1026.3,1.9,89,NA
2021-05-11 13:00:00,NA,1026.4,8.3,80,NA
2021-05-11 14:00:00,NA,1026.1,13,63,NA
2021-05-11 15:00:00,NA,1026.1,14.3,40,NA
2021-05-11 16:00:00,NA,1025.9,15.6,38,NA
2021-05-11 17:00:00,NA,1025.8,16.1,37,NA
2021-05-11 18:00:00,NA,1024.9,18,32,NA
2021-05-11 19:00:00,NA,1024,17.6,28,NA
2021-05-11 20:00:00,NA,1023.2,16.8,32,NA
2021-05-11 21:00:00,NA,1022.5,15.9,37,NA
2021-05-11 22:00:00,NA,1022.1,12.5,48,NA
2021-05-11 23:00:00,NA,1021.8,9.2,63,NA
2021-05-12 00:00:00,1007.8,NA,5.8,68,NA
2021-05-12 10:00:00,1008.1,NA,1,90,NA
2021-05-12 12:00:00,1008.9,NA,3.6,73,NA
2021-05-12 13:00:00,1009.2,NA,8.5,61,NA
2021-05-12 14:00:00,1009.4,NA,13.8,48,NA
2021-05-12 15:00:00,1007.7,NA,16.5,38,NA
2021-05-12 16:00:00,1006.8,NA,17.8,35,NA
2021-05-12 18:00:00,1004.9,NA,20.5,27,NA
2021-05-12 19:00:00,1004.1,NA,21.1,29,NA
2021-05-12 20:00:00,1003,NA,20,35,NA
2021-05-12 21:00:00,1003.3,NA,16.8,44,NA
2021-05-12 23:00:00,1003.2,NA,10.6,60,NA
2021-05-13 09:00:00,NA,1018.6,4.3,89,NA
2021-05-13 10:00:00,NA,1019.3,4,92,NA
2021-05-13 11:00:00,NA,1019.3,3.8,87,NA
2021-05-13 12:00:00,NA,1020.7,5.8,82,NA
2021-05-13 13:00:00,NA,1020.5,10.5,73,NA
2021-05-13 14:00:00,NA,1021.4,12.9,68,NA
2021-05-13 15:00:00,NA,1020.9,17.5,49,NA
2021-05-13 16:00:00,NA,1020.7,18.6,47,NA
2021-05-13 17:00:00,NA,1020.5,19.4,44,NA
2021-05-13 18:00:00,NA,1018.3,20,35,NA
2021-05-13 19:00:00,NA,1017.4,20.3,34,NA
2021-05-13 20:00:00,NA,1017.5,19.4,37,NA
2021-05-13 21:00:00,NA,1017.7,18.6,39,NA
2021-05-13 22:00:00,NA,1018.2,14,58,NA
2021-05-13 23:00:00,1004.9,NA,10,69,NA
2021-05-14 00:00:00,1005.8,NA,8,74,NA
2021-05-14 09:00:00,1005.7,NA,1,100,NA
2021-05-14 10:00:00,1005.6,NA,2.2,97,NA
2021-05-14 11:00:00,1005.6,NA,3,100,NA
2021-05-14 12:00:00,1006.1,NA,5,95,NA
2021-05-14 13:00:00,1006.5,NA,10.5,88,NA
2021-05-14 14:00:00,1006.5,NA,13,80,NA
2021-05-14 15:00:00,1006.4,NA,16.5,61,NA
2021-05-14 17:00:00,1004,NA,19.6,43,NA
2021-05-14 20:00:00,1003.8,NA,20.7,37,NA
2021-05-14 21:00:00,1004.2,NA,18.2,44,NA
2021-05-14 22:00:00,1004.9,NA,12.5,59,NA
2021-05-14 23:00:00,1004.2,NA,9.9,57,NA
2021-05-15 09:00:00,NA,1017.1,4,99,NA
2021-05-15 10:00:00,NA,1018.5,4.6,100,NA
2021-05-15 11:00:00,NA,1019.1,3.8,99,NA
2021-05-15 12:00:00,NA,1019.4,6.5,94,NA
2021-05-15 13:00:00,NA,1018.7,10,91,NA
2021-05-15 14:00:00,NA,1018.4,13.2,73,NA
2021-05-15 16:00:00,NA,1017,19,43,NA
2021-05-15 17:00:00,NA,1016.4,20.5,42,NA
2021-05-15 18:00:00,NA,1016.1,21,45,NA
2021-05-15 19:00:00,NA,1015.5,21.6,41,NA
2021-05-15 20:00:00,NA,1015.4,20,49,NA
2021-05-15 21:00:00,NA,1015.8,17,54,NA
2021-05-15 22:00:00,NA,1016.1,14.3,62,NA
2021-05-15 23:00:00,NA,1016.8,11.1,70,NA
2021-05-16 00:00:00,1003.6,NA,10.8,79,NA
2021-05-16 09:00:00,1003.6,NA,7,91,NA
2021-05-16 10:00:00,1004,NA,7.1,92,NA
2021-05-16 11:00:00,1004.2,NA,6.5,94,NA
2021-05-16 12:00:00,1004.4,NA,8.3,91,NA
2021-05-16 13:00:00,1004.8,NA,14.2,73,NA
2021-05-16 16:00:00,1004.4,NA,21.4,51,NA
2021-05-16 19:00:00,1003.6,NA,23.2,48,NA
2021-05-16 20:00:00,1004.5,NA,22,55,NA
2021-05-16 22:00:00,1004.9,NA,16.3,73,NA
2021-05-16 23:00:00,1006,NA,14.5,81,NA
2021-05-17 09:00:00,NA,1019.6,6,95,NA
2021-05-17 10:00:00,NA,1020.1,6,93,NA
2021-05-17 11:00:00,NA,1020.6,5.6,92,NA
2021-05-17 12:00:00,NA,1021,9.4,87,NA
2021-05-17 13:00:00,NA,1020.9,12.6,77,NA
2021-05-17 14:00:00,NA,1021.3,16,61,NA
2021-05-17 15:00:00,NA,1021,18,50,NA
2021-05-17 16:00:00,NA,1020.3,19.5,44,NA
2021-05-17 17:00:00,NA,1019.4,20.5,46,NA
2021-05-17 18:00:00,NA,1018.9,20.9,44,NA
2021-05-17 19:00:00,NA,1018.6,20.8,44,NA
2021-05-17 20:00:00,NA,1018.8,20.5,48,NA
2021-05-17 21:00:00,NA,1019.7,15.7,66,NA
2021-05-17 22:00:00,NA,1020,12.7,78,NA
2021-05-18 00:00:00,1007.2,NA,11.2,84,NA
2021-05-18 09:00:00,1005,NA,5.9,98,NA
2021-05-18 10:00:00,1005.2,NA,5.7,98,NA
2021-05-18 12:00:00,1005.6,NA,9.4,94,NA
2021-05-18 14:00:00,1006,NA,14.5,72,NA
2021-05-18 15:00:00,1006.1,NA,17.1,59,NA
2021-05-18 16:00:00,1006.2,NA,19.8,48,NA
2021-05-18 18:00:00,1005.2,NA,21,48,NA
2021-05-18 19:00:00,1005.4,NA,20.7,49,NA
2021-05-18 21:00:00,1006.2,NA,18,60,NA
2021-05-18 22:00:00,1005.8,NA,15.1,73,NA
2021-05-19 09:00:00,NA,1013.9,9.6,91,NA
2021-05-19 10:00:00,NA,1014.1,9.7,91,NA
2021-05-19 11:00:00,NA,1014.2,9.8,87,NA
2021-05-19 12:00:00,NA,1014.8,10.6,84,NA
2021-05-19 13:00:00,NA,1014.9,11.6,75,NA
2021-05-19 14:00:00,NA,1014.7,13.9,70,NA
2021-05-19 15:00:00,NA,1014.3,16.3,59,NA
2021-05-19 16:00:00,NA,1013.8,17.7,55,NA
2021-05-19 18:00:00,NA,1012.9,19.2,46,NA
2021-05-19 19:00:00,NA,1013.9,19,54,NA
2021-05-19 20:00:00,NA,1014.2,18.8,55,NA
2021-05-19 21:00:00,NA,1014.5,16.8,58,NA
2021-05-19 22:00:00,NA,1015.3,15.6,68,NA
2021-05-19 23:00:00,NA,1015,15.8,68,NA
2021-05-20 00:00:00,1002,NA,15,74,NA
2021-05-20 09:00:00,998.9,NA,12.8,94,NA
2021-05-20 10:00:00,999,NA,12.7,95,NA
2021-05-20 11:00:00,999.2,NA,13.1,78,NA
2021-05-20 12:00:00,999.6,NA,12.8,87,NA
2021-05-20 13:00:00,999.7,NA,13.3,84,NA
2021-05-20 16:00:00,998.6,NA,13.5,87,NA
2021-05-20 18:00:00,995.6,NA,13.6,94,NA
2021-05-20 19:00:00,995,NA,13,96,NA
2021-05-20 20:00:00,994.9,NA,13,100,NA
2021-05-20 21:00:00,995.2,NA,12.8,98,NA
2021-05-20 22:00:00,996.8,NA,11.8,100,NA
2021-05-20 23:00:00,997.6,NA,11.8,100,NA
2021-05-21 09:00:00,NA,1009.3,11.1,99,NA
2021-05-21 10:00:00,NA,1009.4,11,99,NA
2021-05-21 11:00:00,NA,1009.3,11,99,NA
2021-05-21 12:00:00,NA,1009.2,10.8,99,NA
2021-05-21 13:00:00,NA,1008.3,11,100,NA
2021-05-21 14:00:00,NA,1009,11.2,99,NA
2021-05-21 15:00:00,NA,1009.4,11.5,97,NA
2021-05-21 16:00:00,NA,1009.4,11.7,97,NA
2021-05-21 17:00:00,NA,1009.5,11.7,97,NA
2021-05-21 18:00:00,NA,1008,11.4,96,NA
2021-05-21 20:00:00,NA,1008.5,10.8,92,NA
2021-05-21 21:00:00,NA,1007.6,10.5,95,NA
2021-05-21 22:00:00,NA,1008,10.3,97,NA
2021-05-21 23:00:00,NA,1008.5,10.4,99,NA
2021-05-22 00:00:00,995.3,NA,10.4,98,NA
2021-05-22 09:00:00,993,NA,10.2,96,NA
2021-05-22 10:00:00,993,NA,9.8,93,NA
2021-05-22 11:00:00,993,NA,10,91,NA
2021-05-22 12:00:00,992.9,NA,10,88,NA
2021-05-22 13:00:00,992.9,NA,9.6,96,NA
2021-05-22 14:00:00,992.6,NA,9.8,96,NA
2021-05-22 15:00:00,992.4,NA,10,98,NA
2021-05-22 16:00:00,992,NA,10.4,98,NA
2021-05-22 17:00:00,992,NA,10.8,93,NA
2021-05-22 18:00:00,991.8,NA,10.8,98,NA
2021-05-22 20:00:00,992.8,NA,11.5,94,NA
2021-05-22 21:00:00,993.6,NA,11,96,NA
2021-05-22 23:00:00,992.1,NA,10.8,96,NA
2021-05-23 09:00:00,NA,1007.3,9.4,94,NA
2021-05-23 10:00:00,NA,1008.2,9.5,95,NA
2021-05-23 11:00:00,NA,1010,9.6,95,NA
2021-05-23 12:00:00,NA,1011.9,10,94,NA
2021-05-23 13:00:00,NA,1014.1,10.2,89,NA
2021-05-23 14:00:00,NA,1014.7,10.2,86,NA
2021-05-23 15:00:00,NA,1015.3,12,78,NA
2021-05-23 16:00:00,NA,1016.1,13.3,73,NA
2021-05-23 17:00:00,NA,1015.6,14.4,65,NA
2021-05-23 18:00:00,NA,1015.7,15.2,54,NA
2021-05-23 19:00:00,NA,1015.9,15.3,53,NA
2021-05-23 20:00:00,NA,1016.4,15,55,NA
2021-05-23 21:00:00,NA,1016.9,13.7,61,NA
2021-05-23 22:00:00,NA,1017.3,10,91,NA
2021-05-23 23:00:00,NA,1017.4,9.2,86,NA
2021-05-24 00:00:00,NA,1017.9,8.5,88,NA
2021-05-25 09:00:00,NA,1014,5.6,87,NA
2021-05-25 10:00:00,NA,1014.5,5.4,88,NA
2021-05-25 11:00:00,NA,1015.3,5,86,NA
2021-05-25 12:00:00,NA,1016.9,6.4,81,NA
2021-05-25 13:00:00,NA,1018,11.5,69,NA
2021-05-25 14:00:00,NA,1018.1,15.2,53,NA
2021-05-25 15:00:00,NA,1018.4,18,44,NA
2021-05-25 16:00:00,NA,1018,19.1,39,NA
2021-05-25 17:00:00,NA,1017.7,19.8,38,NA
2021-05-25 18:00:00,NA,1017.2,19.6,38,NA
2021-05-25 19:00:00,NA,1017,19.2,40,NA
2021-05-25 20:00:00,NA,1017.1,18.8,42,NA
2021-05-25 21:00:00,NA,1018,17,55,NA
2021-05-25 22:00:00,NA,1018.4,14.8,59,NA
2021-05-25 23:00:00,NA,1018.6,10.5,78,NA
2021-05-26 00:00:00,NA,1019.2,9.2,86,NA
2021-05-27 09:00:00,NA,1012.4,6.9,95,NA
2021-05-27 10:00:00,NA,1012.6,6.8,95,NA
2021-05-27 11:00:00,NA,1012.8,6.8,93,NA
2021-05-27 12:00:00,NA,1011.8,8.8,89,NA
2021-05-27 13:00:00,NA,1012.6,12.8,84,NA
2021-05-27 14:00:00,NA,1012,15.5,69,NA
2021-05-27 15:00:00,NA,1011.4,19.3,57,NA
2021-05-27 16:00:00,NA,1010.5,21.2,51,NA
2021-05-27 17:00:00,996.9,1010.1,21.9,48,NA
2021-05-27 18:00:00,NA,1010.4,23.2,43,NA
2021-05-27 19:00:00,996.2,1009.4,23.2,42,NA
2021-05-27 20:00:00,996.4,1009.5,22,46,NA
2021-05-27 21:00:00,996.5,1009.8,20,59,NA
2021-05-27 22:00:00,997,1010.4,16.5,66,NA
2021-05-27 23:00:00,997.3,1010.7,15.1,74,NA
2021-05-28 00:00:00,NA,1011,13,78,NA
2021-05-29 00:00:00,994.8,NA,NA,NA,NA
2021-05-29 09:00:00,NA,1015.7,9.7,92,NA
2021-05-29 10:00:00,NA,1015.9,9.1,94,NA
2021-05-29 11:00:00,1002.8,1016.2,8.8,81,NA
2021-05-29 12:00:00,1004.2,1017.6,9.9,75,NA
2021-05-29 13:00:00,1005.3,1018.8,9.9,79,NA
2021-05-29 14:00:00,1006.1,1019.6,11.2,70,NA
2021-05-29 15:00:00,1006.6,1020.1,13,58,NA
2021-05-29 16:00:00,1006.6,1020.1,13.6,56,NA
2021-05-29 17:00:00,1006.5,1019.9,14.1,53,NA
2021-05-29 18:00:00,1002.8,1016.2,14.5,49,NA
2021-05-29 19:00:00,1003.4,1016.8,13.8,46,NA
2021-05-29 20:00:00,1003.2,1016.6,14.4,49,NA
2021-05-29 21:00:00,1003.3,1016.9,11.6,64,NA
2021-05-29 22:00:00,1003.8,1017.4,9.3,72,NA
2021-05-29 23:00:00,1004.1,1017.7,8.6,74,NA
2021-05-30 00:00:00,NA,1018.2,7,80,NA
2021-05-31 00:00:00,1006.2,NA,NA,NA,NA
2021-05-31 09:00:00,1001.6,1015,7,80,NA
2021-05-31 10:00:00,1001.2,1014.8,6.5,80,NA
2021-05-31 11:00:00,1002,1015.5,6.4,81,NA
2021-05-31 12:00:00,NA,1016.2,7.2,78,NA
2021-05-31 13:00:00,1003,1016.5,10.2,64,NA
2021-05-31 14:00:00,1003.7,1017.2,12.4,61,NA
2021-05-31 15:00:00,NA,1016.6,15.8,51,NA
2021-05-31 16:00:00,1001.4,1014.9,18,51,NA
2021-05-31 17:00:00,1001,1014.3,21.1,41,NA
2021-05-31 18:00:00,1000.1,1013.4,22.2,35,NA
2021-05-31 20:00:00,1000.4,1013.7,21.6,37,NA
2021-05-31 21:00:00,1000.9,1014.2,19.6,53,NA
2021-05-31 22:00:00,1001.3,1014.8,14.8,61,NA
2021-05-31 23:00:00,1001.7,1015.2,12.7,73,NA
2021-06-01 00:00:00,NA,1016,10.8,89,NA
2021-06-02 00:00:00,995.3,NA,NA,NA,NA
2021-06-02 09:00:00,998.8,1012.2,8.4,96,NA
2021-06-02 10:00:00,999.2,1012.6,7.6,97,NA
2021-06-02 11:00:00,1000.2,1013.6,8.3,97,NA
2021-06-02 12:00:00,1001.3,1014.7,11,89,NA
2021-06-02 13:00:00,1002,1015.4,13.2,85,NA
2021-06-02 14:00:00,1002.8,1016.1,15.2,72,NA
2021-06-02 15:00:00,1002.9,1016.2,16.1,68,NA
2021-06-02 16:00:00,1002.5,1015.8,17.3,61,NA
2021-06-02 17:00:00,1002,1015.2,17.8,56,NA
2021-06-02 18:00:00,1002.1,1015.4,18.8,46,NA
2021-06-02 19:00:00,1001.6,1014.9,19.2,44,NA
2021-06-02 20:00:00,1001.3,1014.7,18,48,NA
2021-06-02 21:00:00,1002.4,1015.8,15.2,52,NA
2021-06-02 22:00:00,1002.6,1016.3,11.6,71,NA
2021-06-02 23:00:00,1002.9,1016.4,10.5,80,NA
2021-06-04 00:00:00,999.8,NA,NA,NA,NA
2021-06-04 09:00:00,994.2,1007.4,10,94,NA
2021-06-04 10:00:00,994.2,1007.5,9.9,95,NA
2021-06-04 11:00:00,994.4,1007.7,10.1,95,NA
2021-06-04 12:00:00,995.7,1009,11.1,90,NA
2021-06-04 13:00:00,995.8,1009.1,13.8,78,NA
2021-06-04 14:00:00,996,1009.2,17.1,80,NA
2021-06-04 15:00:00,995.4,1008.6,19.1,78,NA
2021-06-04 16:00:00,994.8,1007.9,20.1,75,NA
2021-06-04 17:00:00,994.4,1007.5,20.8,75,NA
2021-06-04 18:00:00,NA,1007,22,70,NA
2021-06-04 19:00:00,NA,1007.4,22.6,71,NA
2021-06-04 20:00:00,992.6,1005.7,23,73,NA
2021-06-04 21:00:00,992.6,1005.8,20.2,75,NA
2021-06-04 22:00:00,992,1005.2,17.6,80,NA
2021-06-04 23:00:00,991.7,1005,15.2,94,NA
2021-06-06 00:00:00,1006.5,NA,NA,NA,NA
2021-06-06 09:00:00,NA,1019.4,2.4,91,NA
2021-06-06 10:00:00,1006.2,1019.9,2.2,93,NA
2021-06-06 11:00:00,1006.5,1020.2,3.4,90,NA
2021-06-06 12:00:00,1006.8,1020.4,4.8,75,NA
2021-06-06 13:00:00,1006.6,1020.3,9.2,64,NA
2021-06-06 14:00:00,1006.4,1019.9,12.6,46,NA
2021-06-06 15:00:00,1008.4,1022,12.5,50,NA
2021-06-06 16:00:00,1008,1021.6,12.3,52,NA
2021-06-06 17:00:00,1007.8,1021.4,12.4,52,NA
2021-06-06 18:00:00,1005,1018.7,13,52,NA
2021-06-06 19:00:00,1004.4,1018.1,13.6,52,NA
2021-06-06 20:00:00,1004.4,1018.1,13.8,52,NA
2021-06-06 21:00:00,1004.2,1018,11.8,64,NA
2021-06-06 22:00:00,1004.2,1018,9.9,77,NA
2021-06-06 23:00:00,1004.6,1018.4,9.4,79,NA
2021-06-07 00:00:00,NA,1018.4,9,82,NA
2021-06-08 00:00:00,1004.9,NA,NA,NA,NA
2021-06-08 09:00:00,1003.8,1017.3,6.8,100,NA
2021-06-08 10:00:00,1003.8,1017.4,8,100,NA
2021-06-08 11:00:00,NA,1017.5,8.2,100,NA
2021-06-08 12:00:00,NA,1017.5,8.8,100,NA
2021-06-08 13:00:00,NA,1018,10,100,NA
2021-06-08 14:00:00,NA,1018,12,99,NA
2021-06-08 15:00:00,NA,1017.6,14.8,88,NA
2021-06-08 16:00:00,NA,1016.4,16.3,82,NA
2021-06-08 17:00:00,NA,1015.3,17,74,NA
2021-06-08 18:00:00,NA,1014.6,17.7,69,NA
2021-06-08 19:00:00,NA,1014.9,18.2,70,NA
2021-06-08 20:00:00,NA,1014.7,19,66,NA
2021-06-08 22:00:00,NA,1016.1,12.2,96,NA
2021-06-08 23:00:00,NA,1016.5,11.9,93,NA
2021-06-09 00:00:00,NA,1016.8,11,95,NA
2021-06-10 00:00:00,1001.4,NA,NA,NA,NA
2021-06-10 09:00:00,1002.4,1015.7,10.4,100,NA
2021-06-10 10:00:00,1003,1016.4,10.4,100,NA
2021-06-10 11:00:00,1004,1017.4,9.2,100,NA
2021-06-10 12:00:00,1005,1018.4,12,95,NA
2021-06-10 13:00:00,1006.5,1019.9,12.4,100,NA
2021-06-10 14:00:00,1007.6,1020.9,15,90,NA
2021-06-10 15:00:00,1008.4,1021.8,16.2,69,NA
2021-06-10 16:00:00,1008.4,1021.8,16.6,56,NA
2021-06-10 17:00:00,1007.6,1020.9,18.2,38,NA
2021-06-10 18:00:00,1008.5,1021.9,18.8,32,NA
2021-06-10 19:00:00,1008.9,1022.3,18.6,28,NA
2021-06-10 20:00:00,1009,1022.5,17.3,32,NA
2021-06-10 21:00:00,1009.2,1022.7,15.1,40,NA
2021-06-10 22:00:00,1009.7,1023.3,13.1,47,NA
2021-06-10 23:00:00,1009.8,1023.4,10.5,64,NA
2021-06-11 00:00:00,NA,1023.5,9.1,78,NA
2021-06-12 00:00:00,1006.8,NA,NA,NA,NA
2021-06-12 09:00:00,1001.4,1014.9,4.9,99,NA
2021-06-12 10:00:00,1001.6,1015.1,4.6,99,NA
2021-06-12 11:00:00,1001.8,1015.4,3.3,97,NA
2021-06-12 12:00:00,1002.1,1015.7,4.1,99,NA
2021-06-12 13:00:00,1002.4,1016,10,92,NA
2021-06-12 14:00:00,1002.6,1016.1,14.2,79,NA
2021-06-12 15:00:00,1002.5,1015.8,18.9,66,NA
2021-06-12 16:00:00,1001.7,1015,20.3,63,NA
2021-06-12 18:00:00,NA,1014.3,21,64,NA
2021-06-12 19:00:00,1000.6,1013.9,20.8,64,NA
2021-06-12 21:00:00,1000,1013.3,19.2,78,NA
2021-06-12 22:00:00,1000.8,1014.2,16.8,77,NA
2021-06-12 23:00:00,1001.3,1014.8,14.2,86,NA
2021-06-13 00:00:00,NA,1014.1,13,90,NA
2021-06-14 00:00:00,998.2,NA,NA,NA,NA
2021-06-14 09:00:00,1001.8,1015.2,7.6,100,NA
2021-06-14 10:00:00,1002.6,1016.2,6.3,100,NA
2021-06-14 11:00:00,1003.6,1017.1,9,100,NA
2021-06-14 12:00:00,1004.6,1018.2,9.7,97,NA
2021-06-14 13:00:00,1006,1019.5,10.8,89,NA
2021-06-14 14:00:00,1007.2,1020.7,12,80,NA
2021-06-14 15:00:00,1006.8,1020.2,13.8,68,NA
2021-06-14 16:00:00,1006.6,1020.1,15.2,60,NA
2021-06-14 17:00:00,1006.9,1020.3,16,59,NA
2021-06-14 18:00:00,1007.4,1020.8,15.8,57,NA
2021-06-14 19:00:00,1008.5,1021.9,14.9,62,NA
2021-06-14 20:00:00,1009.2,1022.6,14,59,NA
2021-06-14 21:00:00,1009.4,1023,13,58,NA
2021-06-14 22:00:00,1011.2,1024.8,11.1,66,NA
2021-06-14 23:00:00,1011.4,1025,10.1,72,NA
2021-06-15 00:00:00,NA,1026.2,9.8,72,NA
2021-06-16 09:00:00,NA,1029.3,4,75,NA
2021-06-16 10:00:00,NA,1029.4,3.8,79,NA
2021-06-16 11:00:00,NA,1030.2,3.2,88,NA
2021-06-16 12:00:00,NA,1030.4,3.5,85,NA
2021-06-16 13:00:00,NA,1030.7,4.4,86,NA
2021-06-16 14:00:00,NA,1031.1,6.8,77,NA
2021-06-16 15:00:00,1016.8,1030.6,8,68,NA
2021-06-16 16:00:00,1016.6,1030.5,8.4,64,NA
2021-06-16 17:00:00,1016.2,1030.1,8.5,63,NA
2021-06-16 18:00:00,1015.3,1029.1,8.5,68,NA
2021-06-16 19:00:00,NA,1029,8.2,72,NA
2021-06-16 20:00:00,NA,1029.4,8,77,NA
2021-06-16 21:00:00,1015.6,1029.5,7.5,78,NA
2021-06-16 22:00:00,1016,1030,7,87,NA
2021-06-16 23:00:00,1016.2,1030.2,6.5,88,NA
2021-06-17 00:00:00,NA,1029.7,6.3,85,NA
2021-06-18 00:00:00,1015.2,NA,NA,NA,NA
2021-06-18 09:00:00,1013.3,1027.2,4.2,82,NA
2021-06-18 10:00:00,1013.3,1027.2,3.5,93,NA
2021-06-18 11:00:00,1013.7,1027.6,4,93,NA
2021-06-18 12:00:00,1013.8,1027.7,4.3,86,NA
2021-06-18 13:00:00,1014.2,1028.2,5.5,76,NA
2021-06-18 14:00:00,1014.5,1028.4,7,73,NA
2021-06-18 15:00:00,1014.5,1028.3,7.8,67,NA
2021-06-18 16:00:00,1013.3,1027.1,8.5,63,NA
2021-06-18 17:00:00,1012.4,1026.2,9,62,NA
2021-06-18 18:00:00,1012.4,1026.1,9.4,62,NA
2021-06-18 19:00:00,1012.9,1026.7,9.9,64,NA
2021-06-18 20:00:00,1013,1026.9,9.9,63,NA
2021-06-18 21:00:00,1012.6,1026.6,7.8,77,NA
2021-06-18 22:00:00,1013,1027,7.2,74,NA
2021-06-18 23:00:00,NA,1027.5,6.8,81,NA
2021-06-19 00:00:00,NA,1027.7,6.5,87,NA
2021-06-20 00:00:00,1016,NA,NA,NA,NA
2021-06-20 09:00:00,NA,1022.1,0.9,97,NA
2021-06-20 10:00:00,NA,1022.4,0.5,96,NA
2021-06-20 11:00:00,1008.8,1022.6,0.3,96,NA
2021-06-20 12:00:00,1008.9,1022.8,0.4,96,NA
2021-06-20 13:00:00,1008.9,1022.7,5.3,88,NA
2021-06-20 14:00:00,1010.1,1023.8,9.9,83,NA
2021-06-20 15:00:00,1010.2,1023.9,12,70,NA
2021-06-20 16:00:00,1008.9,1022.5,12.9,68,NA
2021-06-20 17:00:00,NA,1022.2,13.4,65,NA
2021-06-20 18:00:00,1008.1,1021.8,13.7,62,NA
2021-06-20 19:00:00,1006.5,1020.1,14.2,60,NA
2021-06-20 20:00:00,1005.8,1019.5,13.4,64,NA
2021-06-20 21:00:00,1006.1,1019.8,11.2,75,NA
2021-06-20 22:00:00,1005.8,1019.6,9,79,NA
2021-06-20 23:00:00,1006.5,1020.3,6.8,90,NA
2021-06-21 00:00:00,NA,1020.6,6,93,NA
2021-06-22 00:00:00,1005.6,NA,NA,NA,NA
2021-06-22 09:00:00,1007.7,1021.2,8.9,99,NA
2021-06-22 10:00:00,1007.8,1021.4,8.8,99,NA
2021-06-22 11:00:00,1008,1021.6,8.7,97,NA
2021-06-22 12:00:00,1007.4,1021,8.9,99,NA
2021-06-22 13:00:00,1007.3,1020.9,9.3,97,NA
2021-06-22 14:00:00,1008.2,1021.8,9.8,94,NA
2021-06-22 15:00:00,NA,1021.9,10.2,95,NA
2021-06-22 16:00:00,NA,1021,10.7,95,NA
2021-06-22 17:00:00,NA,1020.7,11,92,NA
2021-06-22 18:00:00,NA,1017.4,12.4,85,NA
2021-06-22 19:00:00,NA,1016.7,13,82,NA
2021-06-22 20:00:00,NA,1016.2,12.5,84,NA
2021-06-22 21:00:00,NA,1016.2,10,100,NA
2021-06-22 22:00:00,NA,1015.5,10.4,89,NA
2021-06-22 23:00:00,NA,1015.2,8.6,97,NA
2021-06-23 00:00:00,NA,1015.5,7.2,99,NA
2021-06-24 00:00:00,998.6,NA,NA,NA,NA
2021-06-24 09:00:00,997.4,1010.8,9.2,100,NA
2021-06-24 10:00:00,998.8,1012.2,9.6,99,NA
2021-06-24 11:00:00,999.7,1013.1,10.2,95,NA
2021-06-24 12:00:00,999.4,1012.9,10,96,NA
2021-06-24 13:00:00,1000.2,1013.7,9,100,NA
2021-06-24 14:00:00,1000.6,1014.1,10.1,95,NA
2021-06-24 15:00:00,1000.9,1014.3,11.6,89,NA
2021-06-24 16:00:00,1000.4,1013.8,13.6,79,NA
2021-06-24 17:00:00,999,1012.4,16.1,70,NA
2021-06-24 18:00:00,NA,1012,17,60,NA
2021-06-24 19:00:00,999.2,1012.5,17.7,53,NA
2021-06-24 20:00:00,NA,1012.9,17,60,NA
2021-06-24 21:00:00,999.3,1012.7,15.4,76,NA
2021-06-24 22:00:00,999.7,1013.2,12.2,92,NA
2021-06-24 23:00:00,1000,1013.4,11,89,NA
2021-06-26 00:00:00,998.1,NA,NA,NA,NA
2021-06-26 09:00:00,1000.4,1013.9,7.5,94,NA
2021-06-26 10:00:00,NA,1014.4,7.5,92,NA
2021-06-26 11:00:00,NA,1014.3,7.3,93,NA
2021-06-26 12:00:00,NA,1015.8,7.4,93,NA
2021-06-26 13:00:00,NA,1017.2,7.7,92,NA
2021-06-26 14:00:00,NA,1018.4,8,90,NA
2021-06-26 15:00:00,NA,1018.5,8.6,89,NA
2021-06-26 16:00:00,NA,1018.3,9.4,86,NA
2021-06-26 17:00:00,NA,1018.2,10.6,81,NA
2021-06-26 18:00:00,NA,1018.5,10.1,79,NA
2021-06-26 19:00:00,NA,1018.5,10.2,79,NA
2021-06-26 20:00:00,NA,1020.1,10.3,80,NA
2021-06-26 21:00:00,NA,1020.5,9.8,73,NA
2021-06-26 22:00:00,NA,1020.5,8.6,76,NA
2021-06-26 23:00:00,NA,1021.8,6.6,80,NA
2021-06-27 00:00:00,NA,1022.2,4.9,84,NA
2021-06-28 09:00:00,NA,1025.9,4.6,93,NA
2021-06-28 10:00:00,NA,1026.2,3.2,93,NA
2021-06-28 11:00:00,NA,1026.5,3.9,97,NA
2021-06-28 12:00:00,NA,1028.5,4.1,93,NA
2021-06-28 13:00:00,NA,1029,4.2,90,NA
2021-06-28 14:00:00,NA,1030,5.1,83,NA
2021-06-28 15:00:00,NA,1030.4,5.3,80,NA
2021-06-28 16:00:00,NA,1029.2,5.6,79,NA
2021-06-28 17:00:00,NA,1028.8,5.8,77,NA
2021-06-28 18:00:00,NA,1029.4,7,73,NA
2021-06-28 19:00:00,NA,1029.7,7.7,62,NA
2021-06-28 21:00:00,NA,1030,6.9,69,NA
2021-06-28 22:00:00,NA,1030.5,5.2,77,NA
2021-06-28 23:00:00,NA,1030.8,3,88,NA
2021-06-30 00:00:00,1018.5,NA,NA,NA,NA
2021-06-30 13:00:00,1011.4,1025.4,5.3,77,NA
2021-06-30 15:00:00,1011.7,1025.5,9,59,NA
2021-06-30 17:00:00,1006.8,1020.5,12.6,43,NA
2021-06-30 18:00:00,1005.6,1019.4,13.4,41,NA
2021-06-30 19:00:00,1005.2,1018.9,13.6,42,NA
2021-06-30 20:00:00,1005.2,1018.9,12.6,46,NA
2021-06-30 21:00:00,1005.2,1019.1,9.4,66,NA
2021-06-30 22:00:00,1005.6,1019.4,8,69,NA
2021-06-30 23:00:00,1005.8,1019.6,6.7,74,NA
2021-07-01 00:00:00,NA,1019.3,7.5,72,NA
