2021-01-07 00:00:00,998.1,NA,NA,NA,NA
2021-01-07 12:00:00,998.8,1009.8,22.9,51,NA
2021-01-07 15:00:00,997.4,1008.4,31,24,NA
2021-01-07 18:00:00,997.8,1009,31.6,20,NA
2021-01-07 21:00:00,996.9,1007.9,32.4,20,NA
2021-01-09 00:00:00,995.4,NA,NA,NA,NA
2021-01-09 12:00:00,1000,1010.9,20.4,61,NA
2021-01-09 15:00:00,998.8,1009.7,26.1,52,NA
2021-01-09 18:00:00,996.8,1007.7,29,48,NA
2021-01-09 21:00:00,994.6,1005.6,29.8,43,NA
2021-01-10 00:00:00,NA,1006.4,26.4,55,NA
2021-01-11 00:00:00,990.6,NA,NA,NA,NA
2021-01-11 12:00:00,993.3,1004.2,17.8,96,NA
2021-01-11 15:00:00,995,1006.1,17.3,99,NA
2021-01-11 18:00:00,995.8,1006.9,21.2,84,NA
2021-01-11 21:00:00,996.5,1007.6,23.8,70,NA
2021-01-12 00:00:00,NA,1010.9,21.7,85,NA
2021-01-13 00:00:00,1003.7,NA,NA,NA,NA
2021-01-13 12:00:00,1005.3,1016.4,21.1,71,NA
2021-01-13 15:00:00,NA,1018,26.5,50,NA
2021-01-13 18:00:00,1006,1017.1,29,39,NA
2021-01-14 00:00:00,NA,1014.3,24.6,60,NA
2021-01-15 00:00:00,996.6,NA,NA,NA,NA
2021-01-15 12:00:00,998.1,1009.1,17.8,100,NA
2021-01-15 15:00:00,996,1007,18.2,100,NA
2021-01-15 18:00:00,993.8,1004.9,19.8,100,NA
2021-01-15 21:00:00,991.6,1002.5,23,80,NA
2021-01-16 00:00:00,NA,1003.1,21.8,81,NA
2021-01-17 00:00:00,995.8,NA,NA,NA,NA
2021-01-17 12:00:00,1001.7,1012.9,17.2,72,NA
2021-01-17 15:00:00,1001.4,1012.6,23.4,44,NA
2021-01-17 18:00:00,NA,1011.4,25.8,40,NA
2021-01-17 21:00:00,NA,1010.4,26.3,38,NA
2021-01-18 00:00:00,NA,1012,17.1,76,NA
2021-01-19 12:00:00,NA,1015,21.2,61,NA
2021-01-19 15:00:00,NA,1014.7,28.2,41,NA
2021-01-19 18:00:00,NA,1014.6,29.9,35,NA
2021-01-19 21:00:00,NA,1013.4,29.8,34,NA
2021-01-20 00:00:00,NA,1013.7,23.5,63,NA
2021-01-21 12:00:00,NA,1016.4,22.8,66,NA
2021-01-21 18:00:00,NA,1014.7,30,40,NA
2021-01-21 21:00:00,NA,1013.7,30.9,41,NA
2021-01-22 00:00:00,NA,1014,25.9,63,NA
2021-01-23 12:00:00,NA,1013.4,25.1,79,NA
2021-01-23 15:00:00,NA,1012.3,30.8,57,NA
2021-01-23 18:00:00,NA,1010.1,33.1,49,NA
2021-01-23 21:00:00,NA,1008.6,32.8,46,NA
2021-01-24 00:00:00,NA,1008.8,28.5,70,NA
2021-01-25 12:00:00,NA,1004.8,26,67,NA
2021-01-25 15:00:00,NA,1004,30.2,56,NA
2021-01-25 18:00:00,NA,1002.4,33.7,53,NA
2021-01-25 21:00:00,NA,1001.1,26,76,NA
2021-01-26 00:00:00,NA,1002.3,24.4,74,NA
2021-01-26 12:00:00,992.5,NA,21.4,100,NA
2021-01-26 18:00:00,990,NA,27.7,71,NA
2021-01-27 12:00:00,NA,1005.9,25,83,NA
2021-01-27 15:00:00,NA,1005.2,29.8,56,NA
2021-01-27 18:00:00,NA,1004,32,46,NA
2021-01-27 21:00:00,NA,1001.3,31.2,51,NA
2021-01-28 00:00:00,NA,1003.2,27.1,65,NA
2021-01-29 12:00:00,NA,1003.5,16.8,98,NA
2021-01-29 15:00:00,NA,1003.8,21.6,82,NA
2021-01-29 18:00:00,NA,1002.4,24.8,74,NA
2021-01-30 00:00:00,NA,1003.4,22.6,81,NA
2021-01-30 18:00:00,996.2,NA,NA,NA,NA
2021-01-31 12:00:00,1002.2,1013.5,15.8,85,NA
2021-01-31 15:00:00,1003.6,1014.8,17.2,84,NA
2021-01-31 18:00:00,NA,1012.3,19.8,76,NA
2021-01-31 21:00:00,NA,1010.5,18.8,88,NA
2021-02-01 00:00:00,999,1010.3,17.8,94,NA
2021-02-02 00:00:00,998.8,NA,NA,NA,NA
2021-02-02 12:00:00,1001.2,1012.4,19.2,94,NA
2021-02-02 15:00:00,NA,1012.9,22,77,NA
2021-02-02 18:00:00,1002.1,1013.2,22.1,74,NA
2021-02-02 21:00:00,1001,1012.2,22.6,71,NA
2021-02-03 21:00:00,1002,NA,NA,NA,NA
2021-02-04 00:00:00,1002.9,NA,NA,NA,NA
2021-02-04 12:00:00,1006.2,1017.5,19,81,NA
2021-02-04 15:00:00,1005.8,1017,25,56,NA
2021-02-04 18:00:00,1006.4,1017.6,27.1,51,NA
2021-02-04 21:00:00,1004.9,1016.1,27.6,46,NA
2021-02-05 00:00:00,NA,1016.7,21.1,82,NA
2021-02-05 12:00:00,NA,1016,20.8,76,NA
2021-02-05 15:00:00,NA,1015,26.6,45,NA
2021-02-05 18:00:00,NA,1014.1,28.2,38,NA
2021-02-05 21:00:00,NA,1011.9,28.4,43,NA
2021-02-06 00:00:00,1000.6,1011.7,21,85,NA
2021-02-06 12:00:00,1002.8,NA,NA,NA,NA
2021-02-06 15:00:00,1002.6,NA,NA,NA,NA
2021-02-06 18:00:00,1001.3,NA,NA,NA,NA
2021-02-06 21:00:00,1000.2,NA,NA,NA,NA
2021-02-08 00:00:00,1000,NA,NA,NA,NA
2021-02-08 12:00:00,NA,1013.7,22,78,NA
2021-02-08 15:00:00,NA,1014.6,26.2,71,NA
2021-02-08 18:00:00,NA,1013.7,26.3,71,NA
2021-02-08 21:00:00,NA,1013.9,24.2,77,NA
2021-02-10 12:00:00,NA,1017.4,17.8,89,NA
2021-02-10 15:00:00,NA,1017.3,21.1,81,NA
2021-02-10 18:00:00,NA,1015.6,24.2,63,NA
2021-02-10 21:00:00,1002.1,NA,25.3,63,NA
2021-02-11 12:00:00,1001.6,NA,18.8,96,NA
2021-02-11 15:00:00,1000.1,NA,25.1,68,NA
2021-02-11 18:00:00,999.7,NA,25.8,63,NA
2021-02-11 21:00:00,998.4,NA,26,59,NA
2021-02-12 12:00:00,NA,1010.4,20.8,85,NA
2021-02-12 15:00:00,NA,1010.1,26.8,55,NA
2021-02-12 18:00:00,NA,1009.4,28.1,49,NA
2021-02-12 21:00:00,NA,1007.9,28.2,52,NA
2021-02-13 00:00:00,997.2,NA,24.4,66,NA
2021-02-13 12:00:00,998.9,NA,23.8,73,NA
2021-02-13 15:00:00,997.4,NA,26.8,64,NA
2021-02-13 18:00:00,995,NA,27.6,48,NA
2021-02-13 21:00:00,993.8,NA,22.4,78,NA
2021-02-14 12:00:00,NA,1006,19.8,89,NA
2021-02-14 15:00:00,NA,1006.7,25.2,67,NA
2021-02-14 18:00:00,NA,1005.3,28.4,59,NA
2021-02-14 21:00:00,NA,1004,29.7,53,NA
2021-02-15 00:00:00,994.6,NA,21.8,84,NA
2021-02-15 18:00:00,998.6,NA,28.5,55,NA
2021-02-15 21:00:00,998.8,NA,24.4,79,NA
2021-02-16 12:00:00,NA,1012.4,19.1,80,NA
2021-02-16 15:00:00,NA,1012.6,24,57,NA
2021-02-16 18:00:00,NA,1011,26,49,NA
2021-02-16 21:00:00,NA,1010,26,47,NA
2021-02-17 00:00:00,999.2,NA,18.3,84,NA
2021-02-17 12:00:00,998.2,NA,18.9,79,NA
2021-02-17 15:00:00,998,NA,27.4,41,NA
2021-02-17 18:00:00,998.2,NA,29.3,35,NA
2021-02-17 21:00:00,997,NA,29.4,28,NA
2021-02-18 12:00:00,NA,1009.3,20.1,84,NA
2021-02-18 15:00:00,NA,1008,29.8,39,NA
2021-02-18 18:00:00,NA,1008,31,33,NA
2021-02-18 21:00:00,996.4,NA,30.8,35,NA
2021-02-19 00:00:00,996.6,NA,23,60,NA
2021-02-19 12:00:00,1004.2,NA,18.6,90,NA
2021-02-19 15:00:00,1001.6,NA,21.6,80,NA
2021-02-19 18:00:00,1002,NA,27.1,54,NA
2021-02-19 21:00:00,1000.5,NA,26.4,56,NA
2021-02-20 12:00:00,NA,1017,18,51,NA
2021-02-20 15:00:00,NA,1016.3,24.9,42,NA
2021-02-20 18:00:00,NA,1013.7,27.9,43,NA
2021-02-20 21:00:00,NA,1011.4,28,45,NA
2021-02-21 00:00:00,1001.2,NA,23,62,NA
2021-02-21 12:00:00,1002.1,NA,20.8,75,NA
2021-02-21 15:00:00,1001.8,NA,28.5,55,NA
2021-02-21 18:00:00,999.7,NA,30.6,49,NA
2021-02-21 21:00:00,997.7,NA,29.4,53,NA
2021-02-22 12:00:00,NA,1009.6,23.6,77,NA
2021-02-22 15:00:00,NA,1007.9,30.1,55,NA
2021-02-22 18:00:00,NA,1007.2,31.6,47,NA
2021-02-22 21:00:00,NA,1006.7,32.2,55,NA
2021-02-23 00:00:00,997,NA,25.6,82,NA
2021-02-23 12:00:00,1001.8,NA,22.2,80,NA
2021-02-23 15:00:00,1001.2,NA,26.1,69,NA
2021-02-23 18:00:00,1001.8,NA,28,45,NA
2021-02-23 21:00:00,1001.3,NA,28.4,34,NA
2021-02-24 12:00:00,NA,1014.1,21.2,71,NA
2021-02-24 15:00:00,NA,1013.6,29,37,NA
2021-02-24 18:00:00,NA,1012.8,29.6,38,NA
2021-02-24 21:00:00,NA,1011.4,30.4,37,NA
2021-02-25 00:00:00,1001,NA,21.8,69,NA
2021-02-25 12:00:00,1001.3,NA,22.4,50,NA
2021-02-25 15:00:00,1001,NA,29.5,38,NA
2021-02-25 18:00:00,1001,NA,30.8,33,NA
2021-02-25 21:00:00,1000.1,NA,30.9,31,NA
2021-02-26 12:00:00,NA,1010.7,20.2,75,NA
2021-02-26 15:00:00,NA,1010.6,28.6,42,NA
2021-02-26 18:00:00,NA,1010.2,31.8,32,NA
2021-02-26 21:00:00,NA,1009.1,31,37,NA
2021-02-27 00:00:00,1000.4,NA,23.6,50,NA
2021-02-27 12:00:00,1002.5,NA,22.3,75,NA
2021-02-28 12:00:00,NA,1011.7,24,76,NA
2021-02-28 15:00:00,NA,1011.8,30.3,54,NA
2021-02-28 18:00:00,NA,1009,31.6,46,NA
2021-02-28 21:00:00,NA,1008.3,30.8,53,NA
2021-03-01 00:00:00,NA,1007.9,23.2,81,NA
2021-03-02 12:00:00,NA,1009.5,22,87,NA
2021-03-02 15:00:00,NA,1009.7,28.6,64,NA
2021-03-02 18:00:00,998.1,1009,32,43,NA
2021-03-02 21:00:00,997.8,1008.7,31.2,47,NA
2021-03-03 00:00:00,NA,1009.5,26.2,65,NA
2021-03-03 21:00:00,1000,NA,NA,NA,NA
2021-03-04 12:00:00,998.8,1009.8,21,95,NA
2021-03-04 15:00:00,999.2,1010.2,26.3,83,NA
2021-03-04 18:00:00,999.2,1010.1,29,65,NA
2021-03-04 21:00:00,998,1009,27.8,68,NA
2021-03-05 21:00:00,998.9,NA,NA,NA,NA
2021-03-06 00:00:00,999.6,NA,NA,NA,NA
2021-03-06 12:00:00,1001.7,1012.8,17.4,82,NA
2021-03-06 15:00:00,1001.7,1012.8,24.7,51,NA
2021-03-06 18:00:00,999.6,1010.6,27.8,49,NA
2021-03-06 21:00:00,999,1010.2,28.4,48,NA
2021-03-07 00:00:00,NA,1011.1,20.8,67,NA
2021-03-08 00:00:00,996.8,NA,NA,NA,NA
2021-03-08 12:00:00,1002.9,1014,19.8,81,NA
2021-03-08 15:00:00,1002.8,1013.9,27.7,52,NA
2021-03-08 18:00:00,1003.3,1014.5,26.3,51,NA
2021-03-08 21:00:00,1002.1,1013.1,28.6,50,NA
2021-03-09 00:00:00,NA,1014.2,20.8,84,NA
2021-03-10 00:00:00,1000.5,NA,NA,NA,NA
2021-03-10 12:00:00,999.8,1010.9,20.2,80,NA
2021-03-10 15:00:00,998.4,1009.4,30.2,39,NA
2021-03-10 18:00:00,996.9,1007.8,31.9,29,NA
2021-03-10 21:00:00,994.4,1005.3,31.3,32,NA
2021-03-11 00:00:00,NA,1006.1,23.6,62,NA
2021-03-12 00:00:00,1000.6,NA,NA,NA,NA
2021-03-12 12:00:00,1004.2,1015.3,20.2,81,NA
2021-03-12 15:00:00,1003.2,1014.2,26.8,56,NA
2021-03-12 18:00:00,1002.5,1013.5,28.4,56,NA
2021-03-12 21:00:00,1001.6,1012.6,26.1,67,NA
2021-03-13 00:00:00,NA,1012.9,22.2,91,NA
2021-03-14 12:00:00,NA,1015.6,19.5,70,NA
2021-03-14 15:00:00,NA,1018,18.2,89,NA
2021-03-14 18:00:00,NA,1015.7,20.2,91,NA
2021-03-14 21:00:00,NA,1014.4,21.9,81,NA
2021-03-15 00:00:00,NA,1014.1,21.5,83,NA
2021-03-15 12:00:00,1002,NA,16.6,100,NA
2021-03-15 15:00:00,1002,NA,17.1,98,NA
2021-03-15 18:00:00,1001.3,NA,18.4,96,NA
2021-03-16 12:00:00,NA,1007.4,17,100,NA
2021-03-16 15:00:00,NA,1004,19.7,99,NA
2021-03-16 18:00:00,NA,1004.2,24.8,64,NA
2021-03-16 21:00:00,NA,1003.9,23.6,71,NA
2021-03-17 00:00:00,996.5,NA,18.9,81,NA
2021-03-17 12:00:00,1005.3,NA,18.1,93,NA
2021-03-18 12:00:00,NA,1018.9,13,81,NA
2021-03-18 15:00:00,NA,1017.5,19.2,54,NA
2021-03-18 18:00:00,NA,1016.9,20.5,48,NA
2021-03-18 21:00:00,NA,1015.3,20.4,48,NA
2021-03-19 00:00:00,1005.2,NA,15.2,63,NA
2021-03-19 12:00:00,1003.8,NA,15,76,NA
2021-03-19 15:00:00,1000.5,NA,23,49,NA
2021-03-19 18:00:00,999.2,NA,23.3,50,NA
2021-03-20 12:00:00,NA,1011.8,17.2,100,NA
2021-03-20 15:00:00,NA,1013.6,18.5,100,NA
2021-03-20 18:00:00,NA,1012.5,23.2,64,NA
2021-03-20 21:00:00,NA,1013.6,21.4,75,NA
2021-03-21 00:00:00,1004.8,NA,18.6,84,NA
2021-03-21 12:00:00,1008.9,NA,14.5,81,NA
2021-03-21 15:00:00,1009,NA,22.8,56,NA
2021-03-21 18:00:00,1007.6,NA,26.3,31,NA
2021-03-21 21:00:00,1006.9,NA,26.2,34,NA
2021-03-22 12:00:00,NA,1017.6,16,93,NA
2021-03-22 15:00:00,NA,1018.4,18.6,89,NA
2021-03-22 18:00:00,NA,1017.7,24.4,47,NA
2021-03-22 21:00:00,1005.7,NA,24.2,63,NA
2021-03-23 00:00:00,1007.7,NA,17.4,89,NA
2021-03-23 12:00:00,1006.2,NA,14.6,98,NA
2021-03-23 15:00:00,1004.9,NA,22.8,71,NA
2021-03-23 18:00:00,1003.2,NA,27.1,46,NA
2021-03-23 21:00:00,1001.2,NA,26,48,NA
2021-03-24 12:00:00,NA,1014.1,19.8,95,NA
2021-03-24 15:00:00,NA,1013.7,24.4,77,NA
2021-03-24 18:00:00,NA,1012.3,21.8,87,NA
2021-03-24 21:00:00,NA,1010.8,22.8,91,NA
2021-03-25 00:00:00,1000.1,NA,21.8,96,NA
2021-03-25 12:00:00,996.1,NA,20.4,98,NA
2021-03-25 15:00:00,996.4,NA,19.4,100,NA
2021-03-26 19:00:00,NA,1011.7,19.8,82,NA
2021-03-26 21:00:00,NA,1012.8,18.8,83,NA
2021-03-27 00:00:00,1003.2,NA,17,88,NA
2021-03-27 12:00:00,1003.2,NA,14.2,89,NA
2021-03-27 18:00:00,1002,NA,19.4,65,NA
2021-03-28 12:00:00,NA,1015.2,15.2,87,NA
2021-03-28 15:00:00,NA,1016.4,19.8,63,NA
2021-03-28 18:00:00,NA,1015.6,20.3,61,NA
2021-03-28 21:00:00,NA,1014.3,19.3,60,NA
2021-03-29 00:00:00,1003,NA,16.6,81,NA
2021-03-29 12:00:00,1005.8,NA,14.6,96,NA
2021-03-29 15:00:00,1006.1,NA,22.2,63,NA
2021-03-29 18:00:00,1004,NA,26,48,NA
2021-03-29 21:00:00,1003.2,NA,26.8,43,NA
2021-03-30 12:00:00,NA,1017.3,17.8,85,NA
2021-03-30 15:00:00,NA,1017,23.8,53,NA
2021-03-30 18:00:00,NA,1015.4,26.5,43,NA
2021-03-30 21:00:00,1003.6,NA,25.4,41,NA
2021-03-31 15:00:00,1004.4,NA,24.8,54,NA
2021-03-31 18:00:00,1003.7,NA,25.8,42,NA
2021-03-31 21:00:00,1002.5,NA,24.1,43,NA
2021-04-01 12:00:00,NA,1015.2,15.7,84,NA
2021-04-01 15:00:00,NA,1015.4,23.6,46,NA
2021-04-01 18:00:00,NA,1014.8,25.9,41,NA
2021-04-01 21:00:00,1002.6,NA,24.4,40,NA
2021-04-02 12:00:00,1005.3,NA,17.2,79,NA
2021-04-02 15:00:00,1005,NA,25.2,45,NA
2021-04-02 18:00:00,1003.6,NA,24.8,44,NA
2021-04-03 12:00:00,NA,1017.9,16.1,90,NA
2021-04-03 15:00:00,NA,1016.5,25.2,53,NA
2021-04-03 18:00:00,NA,1015,26.4,47,NA
2021-04-03 21:00:00,NA,1013.8,26.7,43,NA
2021-04-04 00:00:00,1004.9,NA,20.2,69,NA
2021-04-04 12:00:00,1005,NA,16.5,85,NA
2021-04-04 15:00:00,1003.8,NA,26.2,49,NA
2021-04-04 18:00:00,1000.9,NA,28.2,42,NA
2021-04-04 21:00:00,999.6,NA,27,44,NA
2021-04-05 21:00:00,NA,1011.3,27.6,55,NA
2021-04-05 12:00:00,1000.4,NA,19.6,83,NA
2021-04-06 00:00:00,1001.2,NA,21.8,79,NA
2021-04-06 12:00:00,1005,NA,18,95,NA
2021-04-06 18:00:00,1002.2,NA,28.2,50,NA
2021-04-06 21:00:00,1001.2,NA,27,55,NA
2021-04-07 12:00:00,NA,1013.5,18.6,96,NA
2021-04-07 15:00:00,NA,1010.9,29.2,47,NA
2021-04-07 18:00:00,NA,1010.3,29.3,47,NA
2021-04-07 21:00:00,NA,1008.9,28.8,51,NA
2021-04-08 00:00:00,NA,1010.3,23.4,77,NA
2021-04-08 15:00:00,994.9,NA,29.1,55,NA
2021-04-08 18:00:00,993.7,NA,32,49,NA
2021-04-08 21:00:00,993,NA,30.4,55,NA
2021-04-15 12:00:00,1002.1,1013.3,16.8,93,NA
2021-04-15 15:00:00,1002.1,1013.2,25.3,54,NA
2021-04-15 18:00:00,999.6,1010.7,28.6,45,NA
2021-04-15 21:00:00,998.9,1010,27.2,51,NA
2021-04-16 00:00:00,NA,1011.8,20.6,81,NA
2021-04-17 00:00:00,1001.6,NA,NA,NA,NA
2021-04-17 12:00:00,1006.8,1018.1,16.6,98,NA
2021-04-17 15:00:00,1005.2,1016.3,25.2,70,NA
2021-04-17 18:00:00,1002.2,1013.4,27.9,50,NA
2021-04-17 21:00:00,1002.4,1013.5,25.6,56,NA
2021-04-18 00:00:00,NA,1014.3,20.4,81,NA
2021-04-18 18:00:00,1002.2,NA,NA,NA,NA
2021-04-19 00:00:00,1003.8,NA,NA,NA,NA
2021-04-19 12:00:00,1004.5,1015.8,18,88,NA
2021-04-19 15:00:00,1004.8,1015.9,25.3,57,NA
2021-04-19 18:00:00,1003,1014.1,27.4,46,NA
2021-04-19 21:00:00,1002.2,1013.4,26.2,51,NA
2021-04-20 00:00:00,NA,1014.9,20.2,73,NA
2021-04-21 00:00:00,1001.3,NA,NA,NA,NA
2021-04-21 12:00:00,999.4,1010.5,19,81,NA
2021-04-21 15:00:00,999.4,1010.6,20,80,NA
2021-04-21 18:00:00,998.1,1009.3,18.6,90,NA
2021-04-21 21:00:00,999.3,1010.5,18.8,98,NA
2021-04-22 00:00:00,NA,1011.5,18.9,95,NA
2021-04-23 00:00:00,1000.1,NA,NA,NA,NA
2021-04-23 12:00:00,NA,1010.8,16.9,97,NA
2021-04-23 15:00:00,NA,1010.8,18.6,94,NA
2021-04-23 18:00:00,NA,1009.9,19.2,96,NA
2021-04-23 21:00:00,NA,1010.1,19.9,92,NA
2021-04-24 00:00:00,NA,1012.4,18.4,96,NA
2021-04-25 12:00:00,NA,1022.1,12,74,NA
2021-04-25 15:00:00,NA,1021.5,18.1,50,NA
2021-04-25 18:00:00,NA,1017.4,21.5,42,NA
2021-04-25 21:00:00,NA,1017.5,18.2,54,NA
2021-04-26 00:00:00,NA,1017.8,10.2,82,NA
2021-04-27 12:00:00,NA,1019.5,12.5,84,NA
2021-04-27 15:00:00,NA,1018.6,21.4,49,NA
2021-04-27 18:00:00,NA,1016.9,23.1,46,NA
2021-04-27 21:00:00,NA,1016.2,22.5,46,NA
2021-04-28 00:00:00,1004.2,NA,16,70,NA
2021-04-28 12:00:00,1009.6,NA,14.2,76,NA
2021-04-28 15:00:00,1010,NA,23.3,44,NA
2021-04-28 21:00:00,1008.6,NA,21.9,48,NA
2021-04-29 12:00:00,NA,1022.1,14.4,80,NA
2021-04-29 15:00:00,NA,1021,22.4,43,NA
2021-04-29 18:00:00,NA,1020,24,42,NA
2021-04-29 21:00:00,NA,1019.3,19,54,NA
2021-04-30 00:00:00,1008.2,NA,14.6,68,NA
2021-04-30 12:00:00,1008,NA,10.8,87,NA
2021-04-30 15:00:00,1005.3,NA,20.8,47,NA
2021-04-30 18:00:00,1003.4,NA,23.4,38,NA
2021-04-30 21:00:00,1002.8,NA,20.8,42,NA
2021-05-01 12:00:00,NA,1014.4,12.8,87,NA
2021-05-01 15:00:00,NA,1014.2,24.8,53,NA
2021-05-01 18:00:00,NA,1010,26,43,NA
2021-05-01 21:00:00,NA,1010.5,24.9,43,NA
2021-05-02 00:00:00,1000.2,NA,18.5,74,NA
2021-05-02 12:00:00,1000.2,NA,15.8,91,NA
2021-05-02 15:00:00,1001.6,NA,26.6,52,NA
2021-05-02 18:00:00,996.9,NA,29.5,40,NA
2021-05-02 21:00:00,996.8,NA,25.2,57,NA
2021-05-03 12:00:00,NA,1008,20,91,NA
2021-05-03 15:00:00,NA,1006,28.4,60,NA
2021-05-03 18:00:00,NA,1003.9,30,57,NA
2021-05-03 21:00:00,NA,1005.3,25,70,NA
2021-05-04 00:00:00,998.6,NA,18.8,86,NA
2021-05-04 12:00:00,1010.6,NA,12.6,49,NA
2021-05-04 15:00:00,1011.8,NA,14.8,82,NA
2021-05-04 18:00:00,1012,NA,15.8,29,NA
2021-05-05 12:00:00,NA,1026,10.3,74,NA
2021-05-05 15:00:00,NA,1033.2,14,53,NA
2021-05-05 18:00:00,NA,1024.2,16.4,40,NA
2021-05-05 21:00:00,NA,1024.5,13.8,53,NA
2021-05-06 00:00:00,1013.7,NA,7.6,73,NA
2021-05-06 12:00:00,1015,NA,4.3,92,NA
2021-05-06 15:00:00,1014.6,NA,16,40,NA
2021-05-06 18:00:00,1013,NA,18.3,32,NA
2021-05-06 21:00:00,1012.4,NA,15.6,39,NA
2021-05-07 12:00:00,NA,1024.9,7,77,NA
2021-05-07 15:00:00,NA,1024.7,16,40,NA
2021-05-07 18:00:00,NA,1023.1,18.8,30,NA
2021-05-07 21:00:00,1011.6,NA,14.8,46,NA
2021-05-08 15:00:00,1012,NA,17.8,44,NA
2021-05-08 18:00:00,1009.7,NA,20.4,35,NA
2021-05-09 12:00:00,NA,1020.6,9.3,89,NA
2021-05-09 15:00:00,1008.9,NA,17.8,63,NA
2021-05-10 12:00:00,1008.9,NA,10.2,92,NA
2021-05-10 15:00:00,1012,NA,16.6,59,NA
2021-05-10 18:00:00,1010.6,NA,17.8,52,NA
2021-05-10 21:00:00,1010.4,NA,15.5,63,NA
2021-05-11 12:00:00,NA,1024.2,8.3,67,NA
2021-05-11 15:00:00,NA,1024.9,15.1,38,NA
2021-05-11 18:00:00,NA,1022.2,17.4,25,NA
2021-05-11 21:00:00,1009.8,NA,13.9,44,NA
2021-05-12 00:00:00,1011.6,NA,4.9,75,NA
2021-05-12 12:00:00,1010.4,NA,7.7,64,NA
2021-05-12 15:00:00,1009.2,NA,17,30,NA
2021-05-12 18:00:00,1007.4,NA,20.6,24,NA
2021-05-12 21:00:00,1006.8,NA,16.8,31,NA
2021-05-13 12:00:00,NA,1021.1,9.2,76,NA
2021-05-13 15:00:00,NA,1020.3,18.7,40,NA
2021-05-13 18:00:00,NA,1018.9,19.8,31,NA
2021-05-13 21:00:00,1007.2,NA,16.2,45,NA
2021-05-14 00:00:00,1008.8,NA,9.8,69,NA
2021-05-14 18:00:00,1005.4,NA,22,27,NA
2021-05-14 21:00:00,1006.1,NA,16.8,41,NA
2021-05-15 12:00:00,NA,1019.2,6.7,94,NA
2021-05-15 15:00:00,NA,1018.8,18.8,50,NA
2021-05-15 18:00:00,NA,1016.6,22.6,36,NA
2021-05-15 21:00:00,NA,1016.3,19.6,44,NA
2021-05-16 00:00:00,1006.4,NA,13.3,64,NA
2021-05-16 12:00:00,1006.8,NA,8.5,87,NA
2021-05-16 15:00:00,1008.1,NA,21.6,50,NA
2021-05-16 18:00:00,1005.8,NA,22.8,46,NA
2021-05-16 21:00:00,1005.7,NA,21.3,58,NA
2021-05-17 12:00:00,NA,1021.2,8.6,95,NA
2021-05-17 15:00:00,NA,1022.2,17.5,61,NA
2021-05-17 18:00:00,NA,1019.7,23,46,NA
2021-05-17 21:00:00,NA,1019.3,21,50,NA
2021-05-18 00:00:00,1008.4,NA,14.6,70,NA
2021-05-18 18:00:00,1004.8,NA,22.1,41,NA
2021-05-18 21:00:00,1004.5,NA,19.4,49,NA
2021-05-19 12:00:00,NA,1012.5,11,85,NA
2021-05-19 15:00:00,NA,1011.4,20,51,NA
2021-05-19 18:00:00,NA,1010.5,19.6,51,NA
2021-05-19 21:00:00,NA,1010.3,18.1,60,NA
2021-05-20 00:00:00,999.7,NA,15.8,69,NA
2021-05-20 12:00:00,1000.9,NA,12.8,82,NA
2021-05-20 15:00:00,999.3,NA,13.5,94,NA
2021-05-20 18:00:00,998.5,NA,15.2,93,NA
2021-05-20 21:00:00,997.7,NA,14.8,94,NA
2021-05-21 12:00:00,NA,1005.8,11.6,95,NA
2021-05-21 15:00:00,NA,1006.2,12.3,99,NA
2021-05-21 18:00:00,NA,1007.4,12.8,93,NA
2021-05-21 21:00:00,NA,1007.9,12.4,91,NA
2021-05-22 00:00:00,997.8,NA,11.6,94,NA
2021-05-22 12:00:00,997.2,NA,8.3,83,NA
2021-05-22 15:00:00,996.8,NA,11,75,NA
2021-05-22 21:00:00,997.8,NA,11.3,78,NA
2021-05-23 12:00:00,NA,1017.2,9,89,NA
2021-05-23 15:00:00,NA,1017.7,13.6,62,NA
2021-05-25 12:00:00,NA,1018.2,7.1,92,NA
2021-05-25 15:00:00,NA,1019.1,19.1,37,NA
2021-05-25 18:00:00,NA,1018,20,30,NA
2021-05-25 21:00:00,NA,1017.3,16,45,NA
2021-05-26 00:00:00,NA,1017.5,8.9,74,NA
2021-05-27 12:00:00,NA,1013.2,9.6,90,NA
2021-05-27 15:00:00,998.8,1010.2,20.7,47,NA
2021-05-27 18:00:00,995.6,1006.7,24.2,38,NA
2021-05-27 21:00:00,994,1005.2,21.1,49,NA
2021-05-28 00:00:00,NA,1003.1,14.7,72,NA
2021-05-28 21:00:00,NA,NA,NA,NA,NA
2021-05-29 12:00:00,1004.8,1016.2,12.2,62,NA
2021-05-29 15:00:00,1007.4,1019,13.7,54,NA
2021-05-29 18:00:00,1008,1019.5,16.4,37,NA
2021-05-29 21:00:00,1006.9,1018.4,14.9,40,NA
2021-05-30 00:00:00,NA,1020,5.5,74,NA
2021-05-31 00:00:00,1007.6,NA,NA,NA,NA
2021-05-31 12:00:00,1006.2,1017.9,10,77,NA
2021-05-31 15:00:00,1006,1017.5,19.8,37,NA
2021-05-31 18:00:00,1003.3,1014.7,23.2,30,NA
2021-05-31 21:00:00,1002.4,1013.9,19.1,37,NA
2021-06-01 00:00:00,NA,1013.7,13.4,59,NA
2021-06-02 00:00:00,996.9,NA,NA,NA,NA
2021-06-02 12:00:00,1002.8,1014.3,9,92,NA
2021-06-02 15:00:00,1004.2,1015.5,20.7,52,NA
2021-06-02 18:00:00,1003.6,1015,22.4,49,NA
2021-06-02 21:00:00,1003.3,1014.8,20.6,38,NA
2021-06-03 00:00:00,NA,1016.6,14.2,56,NA
2021-06-04 00:00:00,999,NA,NA,NA,NA
2021-06-04 12:00:00,996.5,1007.8,13,90,NA
2021-06-04 15:00:00,996.5,1007.6,20.8,74,NA
2021-06-04 18:00:00,992.9,1004,27.3,55,NA
2021-06-04 21:00:00,NA,1006,24.3,64,NA
2021-06-05 00:00:00,NA,1006.7,20.8,68,NA
2021-06-06 00:00:00,1008.4,NA,NA,NA,NA
2021-06-06 12:00:00,1008.2,1019.9,5.5,72,NA
2021-06-06 15:00:00,1009.2,1020.8,13.6,42,NA
2021-06-06 18:00:00,1007.6,1019.2,15.4,33,NA
2021-06-06 21:00:00,1006.5,1018.2,14.1,45,NA
2021-06-07 00:00:00,NA,1018.6,11.2,60,NA
2021-06-08 00:00:00,1006.9,NA,NA,NA,NA
2021-06-08 12:00:00,NA,1018.3,7.7,96,NA
2021-06-08 15:00:00,NA,1018.2,14.8,84,NA
2021-06-08 18:00:00,NA,1015.5,19.4,60,NA
2021-06-08 21:00:00,NA,1015.2,18.3,68,NA
2021-06-09 00:00:00,NA,1016.7,14,84,NA
2021-06-10 00:00:00,1003.7,NA,NA,NA,NA
2021-06-10 12:00:00,1008.2,1019.6,12.2,97,NA
2021-06-10 15:00:00,1009.6,1021,17.5,83,NA
2021-06-10 18:00:00,1009.2,1020.5,20,61,NA
2021-06-10 21:00:00,1010.5,1021.8,18,45,NA
2021-06-11 00:00:00,NA,1023.6,12.6,50,NA
2021-06-12 00:00:00,1008.1,NA,NA,NA,NA
2021-06-12 12:00:00,1004.4,1015.9,11.4,92,NA
2021-06-12 15:00:00,NA,1016.4,19.8,57,NA
2021-06-12 18:00:00,1002.4,1013.6,22.6,49,NA
2021-06-12 21:00:00,1002.6,1014.1,19.6,60,NA
2021-06-13 00:00:00,NA,1014.5,15,81,NA
2021-06-14 00:00:00,1002.1,NA,NA,NA,NA
2021-06-14 12:00:00,1007.2,1018.8,6.8,94,NA
2021-06-14 15:00:00,1008.5,1020,14.6,78,NA
2021-06-14 18:00:00,1007.6,1019.1,18.1,60,NA
2021-06-14 21:00:00,1009.7,1021.3,15.8,53,NA
2021-06-15 00:00:00,NA,1025.4,12.1,65,NA
2021-06-16 12:00:00,NA,1030.9,5.2,73,NA
2021-06-16 15:00:00,1019.2,1031.1,7.1,62,NA
2021-06-16 18:00:00,1017.7,1029.6,7.2,68,NA
2021-06-16 21:00:00,1018.5,1030.4,6,82,NA
2021-06-17 00:00:00,NA,1030.6,5.6,87,NA
2021-06-18 00:00:00,1016.5,NA,2,80,NA
2021-06-22 12:00:00,NA,NA,9.3,99,NA
2021-06-22 15:00:00,NA,NA,10.2,96,NA
2021-06-22 18:00:00,NA,NA,14,74,NA
2021-06-22 21:00:00,NA,NA,15.1,66,NA
2021-06-23 00:00:00,NA,1016.8,10.4,84,NA
2021-06-24 00:00:00,999.2,NA,NA,NA,NA
2021-06-24 12:00:00,1001,1012.6,9.8,100,NA
2021-06-24 15:00:00,1002.8,1014.3,13,80,NA
2021-06-24 18:00:00,1001.6,1013,15.4,68,NA
2021-06-24 21:00:00,1001.3,1012.7,16.3,59,NA
2021-06-25 00:00:00,NA,1014.8,5.4,86,NA
2021-06-26 00:00:00,1000,NA,NA,NA,NA
2021-06-26 12:00:00,NA,1015.2,8.5,83,NA
2021-06-26 15:00:00,NA,1018.5,9,84,NA
2021-06-26 18:00:00,NA,1017.3,12.4,55,NA
2021-06-26 21:00:00,NA,1018.4,11.3,57,NA
2021-06-27 00:00:00,NA,1020.7,6.2,75,NA
2021-06-28 12:00:00,NA,1027.9,4,84,NA
2021-06-28 15:00:00,NA,1028.4,7,66,NA
2021-06-28 18:00:00,NA,1027.7,10.1,47,NA
2021-06-28 21:00:00,NA,1027.8,8.6,52,NA
2021-06-29 00:00:00,NA,1028.5,-1,83,NA
2021-06-30 00:00:00,1015.7,NA,NA,NA,NA
2021-06-30 12:00:00,1014.1,1026.3,1.2,78,NA
2021-06-30 15:00:00,1011,1022.8,13,37,NA
2021-06-30 18:00:00,1009.7,1021.4,13.7,32,NA
2021-06-30 21:00:00,1008.5,1020.3,11.8,51,NA
2021-07-01 00:00:00,NA,1020.9,6.5,81,NA
