2021-01-07 00:00:00,1003.5,NA,NA,NA,NA
2021-01-07 09:00:00,1005.8,1008.2,15.2,93,NA
2021-01-07 10:00:00,1006.4,1008.7,16.8,90,NA
2021-01-07 11:00:00,1006.4,1008.8,19.3,81,NA
2021-01-07 12:00:00,1006.9,1009.3,22.2,68,NA
2021-01-07 13:00:00,1006.8,1009.3,24,59,NA
2021-01-07 14:00:00,1006.8,1009.2,26.8,44,NA
2021-01-07 15:00:00,1006.5,1009,29.4,35,NA
2021-01-07 16:00:00,1006.1,1008.6,30.8,31,NA
2021-01-07 17:00:00,1005.3,1007.8,31.2,31,NA
2021-01-07 18:00:00,1005,1007.4,32.8,27,NA
2021-01-07 19:00:00,1004.2,1006.7,33.6,25,NA
2021-01-07 20:00:00,1003.6,1006,33.5,25,NA
2021-01-07 21:00:00,1003.4,1005.9,33.7,25,NA
2021-01-07 22:00:00,1003.7,1006.1,32.8,27,NA
2021-01-07 23:00:00,1004,1006.4,30.7,32,NA
2021-01-08 00:00:00,NA,1006.7,27.8,41,NA
2021-01-09 00:00:00,1005.4,NA,NA,NA,NA
2021-01-09 09:00:00,1008.1,1010.6,19.6,76,NA
2021-01-09 10:00:00,1008.2,1010.7,20,75,NA
2021-01-09 11:00:00,1008.6,1011.1,20.8,72,NA
2021-01-09 12:00:00,1008.6,1011.1,22,66,NA
2021-01-09 13:00:00,1008.6,1011.1,23.6,60,NA
2021-01-09 14:00:00,1008.1,1010.6,24.6,53,NA
2021-01-09 15:00:00,1008.1,1010.6,26.8,41,NA
2021-01-09 16:00:00,1008.6,1011.1,23.6,60,NA
2021-01-09 17:00:00,1007,1009.4,28.6,36,NA
2021-01-09 18:00:00,1007.2,1009.5,30.4,34,NA
2021-01-09 19:00:00,1007.2,1009.5,31,33,NA
2021-01-09 20:00:00,1005.2,1007.6,30.8,32,NA
2021-01-09 21:00:00,1005.2,1007.6,30.6,32,NA
2021-01-09 22:00:00,1005.2,1007.6,30.2,33,NA
2021-01-09 23:00:00,1005,1007.5,28.8,37,NA
2021-01-10 00:00:00,NA,1007.5,27.2,43,NA
2021-01-11 00:00:00,999.6,NA,NA,NA,NA
2021-01-11 09:00:00,1001.2,1003.6,20.4,90,NA
2021-01-11 10:00:00,1002,1004.3,19.7,95,NA
2021-01-11 11:00:00,1002.4,1004.8,19.5,95,NA
2021-01-11 12:00:00,1002.6,1005.1,19.8,96,NA
2021-01-11 13:00:00,1003.4,1005.9,20.8,92,NA
2021-01-11 14:00:00,1004.1,1006.5,20.5,95,NA
2021-01-11 15:00:00,1004.8,1007.2,20.7,96,NA
2021-01-11 16:00:00,1004.4,1006.7,20.6,96,NA
2021-01-11 17:00:00,1004.9,1007.4,19.1,97,NA
2021-01-11 18:00:00,1002.8,1005.2,20.2,95,NA
2021-01-11 19:00:00,1004.9,1007.3,20.4,92,NA
2021-01-11 20:00:00,1003,1005.4,20.2,91,NA
2021-01-11 21:00:00,1002.5,1005,21,88,NA
2021-01-11 22:00:00,1004.8,1007.3,21.2,89,NA
2021-01-11 23:00:00,1005.8,1008.3,21.4,88,NA
2021-01-12 00:00:00,NA,1009.4,20.4,93,NA
2021-01-13 00:00:00,1011.3,NA,NA,NA,NA
2021-01-13 09:00:00,1016.6,1019.1,16.5,85,NA
2021-01-13 10:00:00,1017,1019.5,16.9,85,NA
2021-01-13 11:00:00,1017.6,1020,19,77,NA
2021-01-13 12:00:00,1017.3,1019.8,20.5,72,NA
2021-01-13 13:00:00,1017.3,1019.7,22.4,66,NA
2021-01-13 14:00:00,1017.2,1019.6,24.6,57,NA
2021-01-13 15:00:00,1016.9,1019.3,26,53,NA
2021-01-13 16:00:00,1016.2,1018.6,27,49,NA
2021-01-13 17:00:00,1015.6,1018,28.1,47,NA
2021-01-13 18:00:00,1015,1017.4,29,44,NA
2021-01-13 19:00:00,1014.2,1016.6,29.8,42,NA
2021-01-13 20:00:00,1013.6,1016.1,29.8,42,NA
2021-01-13 21:00:00,1013,1015.5,30,40,NA
2021-01-13 22:00:00,1012.9,1015.4,29.2,40,NA
2021-01-13 23:00:00,1013.3,1015.7,27.6,41,NA
2021-01-14 00:00:00,NA,1016.4,24.7,51,NA
2021-01-15 00:00:00,1008,NA,NA,NA,NA
2021-01-15 09:00:00,1006.4,1008.7,20.8,77,NA
2021-01-15 10:00:00,1006.4,1008.7,20.2,80,NA
2021-01-15 11:00:00,1006.4,1008.7,21,77,NA
2021-01-15 12:00:00,1006.4,1008.7,22.2,74,NA
2021-01-15 13:00:00,1006,1008.4,24.2,68,NA
2021-01-15 14:00:00,1006,1008.4,24.6,70,NA
2021-01-15 15:00:00,1004.6,1007.1,23.8,76,NA
2021-01-15 16:00:00,1004.6,1007.1,20.2,92,NA
2021-01-15 17:00:00,1004.4,1006.8,20,98,NA
2021-01-15 18:00:00,1004.5,1006.9,21.4,91,NA
2021-01-15 19:00:00,1002.1,1004.6,21,95,NA
2021-01-15 20:00:00,1002.1,1004.6,21.8,95,NA
2021-01-15 21:00:00,1000.8,1003.3,22.2,95,NA
2021-01-15 22:00:00,1000.8,1003.3,22.6,91,NA
2021-01-15 23:00:00,1000.8,1003.3,22.6,93,NA
2021-01-16 00:00:00,NA,1002.9,22.4,95,NA
2021-01-17 00:00:00,1000.6,NA,NA,NA,NA
2021-01-17 09:00:00,1005.8,1008.3,15.7,97,NA
2021-01-17 10:00:00,1006.1,1008.6,15.8,97,NA
2021-01-17 11:00:00,1006.5,1009,17.4,87,NA
2021-01-17 12:00:00,1007.3,1009.8,18.8,79,NA
2021-01-17 13:00:00,1007,1009.5,20.2,70,NA
2021-01-17 14:00:00,1007,1009.5,22.1,59,NA
2021-01-17 15:00:00,1006.9,1009.4,23.2,57,NA
2021-01-17 16:00:00,1006.8,1009.2,24.1,55,NA
2021-01-17 17:00:00,NA,1008.5,25.5,47,NA
2021-01-17 18:00:00,NA,1008.3,25.9,43,NA
2021-01-17 19:00:00,NA,1008.3,26.5,36,NA
2021-01-17 20:00:00,NA,1008.3,26.7,37,NA
2021-01-17 21:00:00,NA,1008.3,26.3,38,NA
2021-01-17 22:00:00,NA,1008.6,25.6,41,NA
2021-01-17 23:00:00,NA,1009.1,24.4,45,NA
2021-01-18 00:00:00,NA,1009.5,22.1,51,NA
2021-01-19 09:00:00,NA,1015.9,17,74,NA
2021-01-19 10:00:00,NA,1015.9,18.4,72,NA
2021-01-19 11:00:00,NA,1016,22.4,59,NA
2021-01-19 12:00:00,NA,1016,24.4,55,NA
2021-01-19 13:00:00,NA,1016.4,26.2,51,NA
2021-01-19 14:00:00,NA,1016.7,28,44,NA
2021-01-19 15:00:00,NA,1016.7,29.8,39,NA
2021-01-19 16:00:00,NA,1016.7,30.2,38,NA
2021-01-19 17:00:00,NA,1015.2,32,34,NA
2021-01-19 18:00:00,NA,1015.2,32.4,36,NA
2021-01-19 19:00:00,NA,1015.1,33,34,NA
2021-01-19 20:00:00,NA,1015.1,33.2,33,NA
2021-01-19 21:00:00,NA,1014.5,33.2,32,NA
2021-01-19 22:00:00,NA,1014.5,32,32,NA
2021-01-19 23:00:00,NA,1014.5,30,36,NA
2021-01-20 00:00:00,NA,1013.9,28,40,NA
2021-01-21 09:00:00,NA,1016.5,19.6,82,NA
2021-01-21 10:00:00,NA,1017.2,19.7,84,NA
2021-01-21 11:00:00,NA,1017.6,21.6,79,NA
2021-01-21 12:00:00,NA,1018,23.5,73,NA
2021-01-21 13:00:00,NA,1018.2,25.2,66,NA
2021-01-21 14:00:00,NA,1017.7,27.6,58,NA
2021-01-21 15:00:00,NA,1017.3,28.8,53,NA
2021-01-21 16:00:00,NA,1016.4,30.8,48,NA
2021-01-21 17:00:00,NA,1015.9,31.6,45,NA
2021-01-21 18:00:00,NA,1015.2,32.8,42,NA
2021-01-21 19:00:00,NA,1014.8,33.2,39,NA
2021-01-21 20:00:00,NA,1014.5,33.8,40,NA
2021-01-21 21:00:00,NA,1014,33.2,40,NA
2021-01-21 22:00:00,NA,1013.9,32.8,41,NA
2021-01-21 23:00:00,NA,1014.8,31.2,45,NA
2021-01-22 00:00:00,NA,1015.8,30,49,NA
2021-01-23 09:00:00,NA,1014.4,22.5,89,NA
2021-01-23 10:00:00,NA,1014.6,22.8,86,NA
2021-01-23 11:00:00,NA,1014.8,24.5,81,NA
2021-01-23 12:00:00,NA,1014.9,26.5,75,NA
2021-01-23 13:00:00,NA,1014.6,28.6,68,NA
2021-01-23 14:00:00,NA,1014.4,30,64,NA
2021-01-23 15:00:00,NA,1013.8,32.1,58,NA
2021-01-23 16:00:00,NA,1013.1,33,55,NA
2021-01-23 17:00:00,NA,1012.4,34.6,46,NA
2021-01-23 18:00:00,NA,1011.6,35.2,44,NA
2021-01-23 19:00:00,NA,1010.8,35.2,42,NA
2021-01-23 20:00:00,NA,1010.1,36.2,40,NA
2021-01-23 21:00:00,NA,1009.4,35.2,40,NA
2021-01-23 22:00:00,NA,1008.8,35,42,NA
2021-01-23 23:00:00,NA,1008.8,33.4,46,NA
2021-01-24 00:00:00,NA,1008.9,31.6,56,NA
2021-01-25 09:00:00,NA,1006.5,22.4,78,NA
2021-01-25 10:00:00,NA,1006.5,23.2,76,NA
2021-01-25 11:00:00,NA,1006.7,25.6,75,NA
2021-01-25 12:00:00,NA,1006.7,27.8,72,NA
2021-01-25 13:00:00,NA,1007.4,31.6,57,NA
2021-01-25 14:00:00,NA,1007.4,32.8,53,NA
2021-01-25 15:00:00,NA,1007.4,34,45,NA
2021-01-25 16:00:00,NA,1004.4,34.6,44,NA
2021-01-25 17:00:00,NA,1004.5,35.6,41,NA
2021-01-25 18:00:00,NA,1004.4,36.2,38,NA
2021-01-25 19:00:00,NA,1002.7,36.8,38,NA
2021-01-25 20:00:00,NA,1002.7,37,39,NA
2021-01-25 21:00:00,NA,1002.7,35.6,41,NA
2021-01-25 22:00:00,NA,1002.6,34,45,NA
2021-01-25 23:00:00,NA,1001.4,34,41,NA
2021-01-26 00:00:00,NA,1001.4,32,47,NA
2021-01-26 15:00:00,1000.6,NA,23.5,97,NA
2021-01-26 16:00:00,999.8,NA,23.2,96,NA
2021-01-26 17:00:00,999.6,NA,23.9,93,NA
2021-01-26 18:00:00,999.6,NA,24,93,NA
2021-01-26 19:00:00,999,NA,24.8,90,NA
2021-01-26 20:00:00,998.5,NA,25.3,88,NA
2021-01-27 09:00:00,NA,1003.1,21.3,99,NA
2021-01-27 10:00:00,NA,1004.4,21.2,100,NA
2021-01-27 11:00:00,NA,1004.8,23.2,94,NA
2021-01-27 12:00:00,NA,1005.2,25.3,85,NA
2021-01-27 13:00:00,NA,1005.2,28.3,71,NA
2021-01-27 14:00:00,NA,1005.3,29.8,64,NA
2021-01-27 15:00:00,NA,1005.6,30.8,60,NA
2021-01-27 16:00:00,NA,1004.1,32.2,57,NA
2021-01-27 17:00:00,NA,1003.4,33.2,52,NA
2021-01-27 18:00:00,NA,1002.7,34.6,46,NA
2021-01-27 19:00:00,NA,1002.5,35,45,NA
2021-01-27 20:00:00,NA,1002,34,47,NA
2021-01-27 21:00:00,NA,1001.8,33.8,49,NA
2021-01-27 22:00:00,NA,1001.5,33.1,51,NA
2021-01-28 00:00:00,NA,1003.7,28,59,NA
2021-01-29 09:00:00,NA,1004.8,20.8,87,NA
2021-01-29 10:00:00,NA,1004.9,19.8,85,NA
2021-01-29 11:00:00,NA,1005.6,20,86,NA
2021-01-29 12:00:00,NA,1006.8,20.6,82,NA
2021-01-29 13:00:00,NA,1006.1,20.8,81,NA
2021-01-29 14:00:00,NA,1004.1,21.3,80,NA
2021-01-29 15:00:00,NA,1003.6,24,72,NA
2021-01-29 16:00:00,NA,1003.6,26.6,64,NA
2021-01-29 17:00:00,NA,1003.6,28.4,60,NA
2021-01-29 18:00:00,NA,1002.7,30.3,58,NA
2021-01-29 19:00:00,NA,1001.8,30.5,56,NA
2021-01-29 20:00:00,NA,1001,30.4,57,NA
2021-01-29 21:00:00,NA,1000.8,30.2,56,NA
2021-01-29 22:00:00,NA,1000.8,29.9,59,NA
2021-01-29 23:00:00,NA,1001.8,28.3,63,NA
2021-01-30 00:00:00,NA,1002.2,26.6,68,NA
2021-01-31 00:00:00,1006.8,NA,NA,NA,NA
2021-01-31 09:00:00,1009.7,1012.2,15.4,100,NA
2021-01-31 10:00:00,1009.7,1012.2,15.6,100,NA
2021-01-31 11:00:00,1009.7,1012.2,16.4,96,NA
2021-01-31 12:00:00,1009.8,1012.3,17.8,90,NA
2021-01-31 13:00:00,1009.8,1012.3,18,96,NA
2021-01-31 14:00:00,1009.8,1012.3,19.4,85,NA
2021-01-31 15:00:00,1009.7,1012.1,21.6,77,NA
2021-01-31 16:00:00,1009.7,1012.1,22.8,73,NA
2021-01-31 17:00:00,1009.7,1012.1,23,78,NA
2021-01-31 18:00:00,1008.4,1010.9,23.4,74,NA
2021-01-31 19:00:00,1008.4,1010.9,23.4,72,NA
2021-01-31 20:00:00,1008.4,1010.9,23,75,NA
2021-01-31 21:00:00,1007.8,1010.3,22.2,79,NA
2021-01-31 22:00:00,1007.8,1010.3,22,81,NA
2021-01-31 23:00:00,1007.8,1010.3,21.8,79,NA
2021-02-01 00:00:00,1007.8,1010.3,21.6,81,NA
2021-02-02 00:00:00,1006.6,NA,NA,NA,NA
2021-02-02 09:00:00,1007.6,1010,18.9,98,NA
2021-02-02 10:00:00,1008,1010.4,18.4,99,NA
2021-02-02 11:00:00,1008.5,1011,19.4,96,NA
2021-02-02 12:00:00,1008.5,1011,20.3,93,NA
2021-02-02 13:00:00,1009,1011.5,21.6,90,NA
2021-02-02 14:00:00,1008.8,1011.2,22.3,87,NA
2021-02-02 15:00:00,1008.8,1011.2,24.2,75,NA
2021-02-02 16:00:00,1008.6,1011.1,24.3,75,NA
2021-02-02 17:00:00,NA,1012,23.2,88,NA
2021-02-02 18:00:00,1009.2,1011.6,22.8,90,NA
2021-02-02 19:00:00,1008.8,1011.2,21.8,98,NA
2021-02-02 20:00:00,1008.8,1011.2,22.6,92,NA
2021-02-02 21:00:00,1008.5,1011,22.7,94,NA
2021-02-02 22:00:00,1008.5,1011,22.6,91,NA
2021-02-02 23:00:00,1008.6,1011.1,22.2,92,NA
2021-02-03 00:00:00,NA,1011.1,21.4,98,NA
2021-02-04 00:00:00,1008.1,NA,NA,NA,NA
2021-02-04 09:00:00,1011.4,1013.9,17.2,99,NA
2021-02-04 10:00:00,1011.8,1014.3,16.9,99,NA
2021-02-04 11:00:00,1012.5,1015,18.4,94,NA
2021-02-04 12:00:00,1013.2,1015.7,20.4,89,NA
2021-02-04 13:00:00,1013.3,1015.7,22.2,80,NA
2021-02-04 14:00:00,1013.3,1015.7,22.8,76,NA
2021-02-04 15:00:00,1013.3,1015.8,24.2,69,NA
2021-02-04 16:00:00,1013.2,1015.7,25.2,62,NA
2021-02-04 17:00:00,1012.9,1015.4,25.4,62,NA
2021-02-04 18:00:00,1013,1015.5,26,61,NA
2021-02-04 19:00:00,1012.8,1015.3,26.6,54,NA
2021-02-04 20:00:00,1012.6,1015.2,26.4,55,NA
2021-02-04 21:00:00,1012.6,1015.2,26.3,56,NA
2021-02-04 22:00:00,1012.5,1015,25.7,57,NA
2021-02-04 23:00:00,1012.5,1015,24,61,NA
2021-02-05 00:00:00,NA,1015,22,71,NA
2021-02-05 09:00:00,NA,1014.1,13.5,99,NA
2021-02-05 10:00:00,NA,1014.3,13.8,99,NA
2021-02-05 11:00:00,NA,1015.1,17.9,95,NA
2021-02-05 12:00:00,NA,1015.2,21,82,NA
2021-02-05 13:00:00,NA,1014.8,23,68,NA
2021-02-05 14:00:00,NA,1014.5,24.8,61,NA
2021-02-05 15:00:00,NA,1014.1,26.1,60,NA
2021-02-05 16:00:00,NA,1013.6,27.6,55,NA
2021-02-05 17:00:00,NA,1012.8,28.1,54,NA
2021-02-05 18:00:00,NA,1012.3,28.6,58,NA
2021-02-05 19:00:00,NA,1011.7,28.8,54,NA
2021-02-05 20:00:00,NA,1011.5,28.4,50,NA
2021-02-05 21:00:00,NA,1011,27.8,52,NA
2021-02-05 22:00:00,NA,1011.1,26.2,51,NA
2021-02-05 23:00:00,NA,1011.4,24.2,57,NA
2021-02-06 00:00:00,1009,1011.5,22,63,NA
2021-02-06 09:00:00,1010.1,NA,NA,NA,NA
2021-02-06 10:00:00,1010.6,NA,NA,NA,NA
2021-02-06 11:00:00,1011,NA,NA,NA,NA
2021-02-06 12:00:00,1011.2,NA,NA,NA,NA
2021-02-06 13:00:00,1011.3,NA,NA,NA,NA
2021-02-06 14:00:00,1011.4,NA,NA,NA,NA
2021-02-06 15:00:00,1010.9,NA,NA,NA,NA
2021-02-06 16:00:00,1010.8,NA,NA,NA,NA
2021-02-06 17:00:00,1010.5,NA,NA,NA,NA
2021-02-06 18:00:00,1009.6,NA,NA,NA,NA
2021-02-06 19:00:00,1008.5,NA,NA,NA,NA
2021-02-06 20:00:00,1008.6,NA,NA,NA,NA
2021-02-06 21:00:00,1008.1,NA,NA,NA,NA
2021-02-06 22:00:00,1008.4,NA,NA,NA,NA
2021-02-06 23:00:00,1008.5,NA,NA,NA,NA
2021-02-08 00:00:00,1008.5,NA,NA,NA,NA
2021-02-08 09:00:00,NA,1011.3,17.4,82,NA
2021-02-08 10:00:00,NA,1011.9,16.6,96,NA
2021-02-08 11:00:00,NA,1012.5,20.6,80,NA
2021-02-08 12:00:00,NA,1013.2,23.4,72,NA
2021-02-08 13:00:00,NA,1013.3,25.9,71,NA
2021-02-08 14:00:00,NA,1013.5,28.2,59,NA
2021-02-08 15:00:00,NA,1013.3,29,57,NA
2021-02-08 16:00:00,NA,1012.8,29.8,52,NA
2021-02-08 17:00:00,NA,1012.6,30,46,NA
2021-02-08 18:00:00,NA,1012.4,30.6,48,NA
2021-02-08 19:00:00,NA,1011.7,29.8,49,NA
2021-02-08 20:00:00,NA,1011.7,28.4,54,NA
2021-02-08 21:00:00,NA,1012,27.8,55,NA
2021-02-08 22:00:00,NA,1012.1,26.5,58,NA
2021-02-08 23:00:00,NA,1013,23.9,71,NA
2021-02-09 00:00:00,NA,1013.3,24,69,NA
2021-02-10 09:00:00,NA,1015.2,19.4,91,NA
2021-02-10 10:00:00,NA,1015.5,19.8,89,NA
2021-02-10 11:00:00,NA,1016.2,20.6,84,NA
2021-02-10 12:00:00,NA,1015.8,21,81,NA
2021-02-10 13:00:00,NA,1016.4,22.3,76,NA
2021-02-10 14:00:00,NA,1016.1,24.2,69,NA
2021-02-10 15:00:00,NA,1015.3,26.2,57,NA
2021-02-10 16:00:00,NA,1014.9,26.8,57,NA
2021-02-10 17:00:00,NA,1014.1,27,58,NA
2021-02-10 18:00:00,NA,1013.8,27.8,50,NA
2021-02-10 19:00:00,NA,1012.7,27.8,50,NA
2021-02-10 20:00:00,NA,1011.8,29,47,NA
2021-02-10 21:00:00,NA,1011.4,27.4,61,NA
2021-02-10 22:00:00,NA,1011.5,25.4,70,NA
2021-02-10 23:00:00,NA,1011.7,23.7,75,NA
2021-02-11 00:00:00,1009.7,NA,22.4,76,NA
2021-02-11 09:00:00,1009.7,NA,19.5,95,NA
2021-02-11 10:00:00,1009.8,NA,19.6,94,NA
2021-02-11 11:00:00,1010.4,NA,20.1,95,NA
2021-02-11 12:00:00,1011,NA,20.2,96,NA
2021-02-11 13:00:00,1011,NA,21.7,88,NA
2021-02-11 14:00:00,1011.2,NA,22,85,NA
2021-02-11 15:00:00,1010.5,NA,23,81,NA
2021-02-11 16:00:00,1009.8,NA,24.5,68,NA
2021-02-11 17:00:00,1009.3,NA,25.9,62,NA
2021-02-11 18:00:00,1008.6,NA,25.6,63,NA
2021-02-11 19:00:00,1007.6,NA,27.9,53,NA
2021-02-11 20:00:00,1006.8,NA,27.4,55,NA
2021-02-11 21:00:00,1006.4,NA,26.4,58,NA
2021-02-11 22:00:00,1006.4,NA,25.1,67,NA
2021-02-11 23:00:00,1006.6,NA,24.2,72,NA
2021-02-12 09:00:00,NA,1010.3,18.6,94,NA
2021-02-12 10:00:00,NA,1010.8,19,97,NA
2021-02-12 11:00:00,NA,1011,19.8,95,NA
2021-02-12 12:00:00,NA,1011.5,21.4,89,NA
2021-02-12 13:00:00,NA,1011.1,24.2,76,NA
2021-02-12 14:00:00,NA,1011.1,26.4,65,NA
2021-02-12 15:00:00,NA,1010.9,27,63,NA
2021-02-12 16:00:00,NA,1010.3,27.2,62,NA
2021-02-12 17:00:00,NA,1009.7,28,61,NA
2021-02-12 18:00:00,NA,1009,25.4,70,NA
2021-02-12 19:00:00,NA,1008.2,24.2,72,NA
2021-02-12 20:00:00,NA,1009.2,24,73,NA
2021-02-12 21:00:00,NA,1008.7,24.1,69,NA
2021-02-12 22:00:00,NA,1008.6,24.3,69,NA
2021-02-12 23:00:00,NA,1008.2,23.4,73,NA
2021-02-13 00:00:00,1006.4,NA,22.3,78,NA
2021-02-13 09:00:00,1006.4,NA,18.8,98,NA
2021-02-13 10:00:00,1006.4,NA,18.7,98,NA
2021-02-13 11:00:00,1007,NA,20.4,92,NA
2021-02-13 12:00:00,1006.8,NA,21.8,86,NA
2021-02-13 13:00:00,1006.6,NA,24.2,70,NA
2021-02-13 14:00:00,1006.4,NA,27.1,59,NA
2021-02-13 15:00:00,1005.8,NA,27.7,53,NA
2021-02-13 16:00:00,1005.2,NA,28.6,50,NA
2021-02-13 17:00:00,1004.4,NA,30.4,44,NA
2021-02-13 18:00:00,1003.3,NA,31.4,37,NA
2021-02-13 19:00:00,1002.4,NA,30.1,40,NA
2021-02-13 20:00:00,1002,NA,30.8,32,NA
2021-02-13 21:00:00,1002,NA,28.3,51,NA
2021-02-13 22:00:00,1002.2,NA,28.2,52,NA
2021-02-13 23:00:00,1002.6,NA,27,60,NA
2021-02-14 09:00:00,NA,1004.9,20.2,91,NA
2021-02-14 10:00:00,NA,1005.7,19.9,92,NA
2021-02-14 11:00:00,NA,1005.3,20.6,92,NA
2021-02-14 12:00:00,NA,1006,21,89,NA
2021-02-14 13:00:00,NA,1006,22,90,NA
2021-02-14 14:00:00,NA,1006,24,82,NA
2021-02-14 15:00:00,NA,1005.6,26,81,NA
2021-02-14 16:00:00,NA,1005.5,28.2,58,NA
2021-02-14 17:00:00,NA,1004.6,27.6,61,NA
2021-02-14 18:00:00,NA,1003.5,29.2,51,NA
2021-02-14 19:00:00,NA,1002.8,29.5,51,NA
2021-02-14 20:00:00,NA,1002.5,28.4,53,NA
2021-02-14 21:00:00,NA,1003,26.8,61,NA
2021-02-14 22:00:00,NA,1003,26.5,68,NA
2021-02-14 23:00:00,NA,1003.5,25.6,76,NA
2021-02-15 00:00:00,1001.3,NA,24.7,75,NA
2021-02-15 09:00:00,1003.6,NA,19.2,96,NA
2021-02-15 10:00:00,1004,NA,19.2,98,NA
2021-02-15 11:00:00,1004.8,NA,20.9,90,NA
2021-02-15 12:00:00,1006.1,NA,22.8,82,NA
2021-02-15 13:00:00,1006.5,NA,24.3,69,NA
2021-02-15 14:00:00,1006.5,NA,26,65,NA
2021-02-15 15:00:00,1006.6,NA,26.4,63,NA
2021-02-15 16:00:00,1006.2,NA,26.5,60,NA
2021-02-15 17:00:00,1005.8,NA,28.6,51,NA
2021-02-15 18:00:00,1005,NA,29,50,NA
2021-02-15 19:00:00,1004.5,NA,29.8,46,NA
2021-02-15 20:00:00,1004.4,NA,29.6,46,NA
2021-02-15 21:00:00,1003.8,NA,28.6,45,NA
2021-02-15 22:00:00,1004.8,NA,28,55,NA
2021-02-15 23:00:00,1005.2,NA,25.8,56,NA
2021-02-16 09:00:00,NA,1009.1,16.2,91,NA
2021-02-16 10:00:00,NA,1009.2,16,91,NA
2021-02-16 11:00:00,NA,1009.7,18,82,NA
2021-02-16 12:00:00,NA,1009.7,19.6,74,NA
2021-02-16 13:00:00,NA,1009.7,20.6,66,NA
2021-02-16 14:00:00,NA,1009.6,23,54,NA
2021-02-16 15:00:00,NA,1009.6,23.2,70,NA
2021-02-16 16:00:00,NA,1008.7,25.2,47,NA
2021-02-16 17:00:00,NA,1008.9,26,44,NA
2021-02-16 18:00:00,NA,1008.3,26.4,39,NA
2021-02-16 19:00:00,NA,1008.3,27,31,NA
2021-02-16 20:00:00,NA,1008.3,27.6,30,NA
2021-02-16 21:00:00,NA,1007.1,26,37,NA
2021-02-16 22:00:00,NA,1007.1,24.8,39,NA
2021-02-16 23:00:00,NA,1007.2,23,52,NA
2021-02-17 00:00:00,1005,NA,20.4,59,NA
2021-02-17 09:00:00,1005.2,NA,13.6,86,NA
2021-02-17 10:00:00,1005.4,NA,14.3,82,NA
2021-02-17 11:00:00,1005.8,NA,16.2,87,NA
2021-02-17 12:00:00,1006.5,NA,20.4,76,NA
2021-02-17 13:00:00,1006.4,NA,22.8,59,NA
2021-02-17 14:00:00,1006.2,NA,23.8,44,NA
2021-02-17 15:00:00,1006,NA,25.2,42,NA
2021-02-17 16:00:00,1005.8,NA,26.5,41,NA
2021-02-17 17:00:00,1004.9,NA,27.4,32,NA
2021-02-17 18:00:00,1004.8,NA,28.4,32,NA
2021-02-17 19:00:00,1004.5,NA,28.4,34,NA
2021-02-17 20:00:00,1004,NA,28.6,31,NA
2021-02-17 21:00:00,1004,NA,28,34,NA
2021-02-17 22:00:00,1004.2,NA,26.2,55,NA
2021-02-17 23:00:00,1004.2,NA,24.4,63,NA
2021-02-18 09:00:00,NA,1008.6,14.4,96,NA
2021-02-18 11:00:00,NA,1009.2,16.8,88,NA
2021-02-18 12:00:00,NA,1009.2,21.2,62,NA
2021-02-18 13:00:00,NA,1009.3,26.8,39,NA
2021-02-18 14:00:00,NA,1009.5,28.9,37,NA
2021-02-18 15:00:00,NA,1009.4,29.3,36,NA
2021-02-18 16:00:00,NA,1008.2,31.6,31,NA
2021-02-18 17:00:00,NA,1007.8,32.2,30,NA
2021-02-18 18:00:00,NA,1006.9,33.4,25,NA
2021-02-18 19:00:00,NA,1006.6,32.8,27,NA
2021-02-18 20:00:00,NA,1006.1,33.7,26,NA
2021-02-18 21:00:00,NA,1006.1,32.8,28,NA
2021-02-18 22:00:00,NA,1006.2,31.6,23,NA
2021-02-18 23:00:00,NA,1006.6,28.6,40,NA
2021-02-19 00:00:00,1004.6,NA,26.2,44,NA
2021-02-19 09:00:00,1007,NA,17.6,76,NA
2021-02-19 10:00:00,1007,NA,17.4,78,NA
2021-02-19 11:00:00,1008,NA,22.4,63,NA
2021-02-19 12:00:00,1008,NA,23.8,57,NA
2021-02-19 13:00:00,1008,NA,27.4,44,NA
2021-02-19 14:00:00,1009.6,NA,27.6,50,NA
2021-02-19 15:00:00,1009.6,NA,29.4,39,NA
2021-02-19 16:00:00,1008.9,NA,28.8,43,NA
2021-02-19 17:00:00,1008.9,NA,29.4,43,NA
2021-02-19 18:00:00,1008.9,NA,29.4,44,NA
2021-02-19 19:00:00,1008.9,NA,29.4,41,NA
2021-02-19 20:00:00,1008.8,NA,29.4,38,NA
2021-02-19 21:00:00,1008.8,NA,29,40,NA
2021-02-19 22:00:00,1008.6,NA,27,42,NA
2021-02-19 23:00:00,1008.6,NA,25.2,44,NA
2021-02-20 09:00:00,NA,1014.8,12.3,72,NA
2021-02-20 10:00:00,NA,1015.4,11.6,75,NA
2021-02-20 11:00:00,NA,1016.3,14.8,65,NA
2021-02-20 12:00:00,NA,1016.1,20.3,55,NA
2021-02-20 13:00:00,NA,1016.3,23.4,40,NA
2021-02-20 14:00:00,NA,1015.9,25.1,33,NA
2021-02-20 15:00:00,NA,1015.7,26.2,30,NA
2021-02-20 16:00:00,NA,1015,28,25,NA
2021-02-20 17:00:00,NA,1014.4,28.4,25,NA
2021-02-20 18:00:00,NA,1013.4,28.8,23,NA
2021-02-20 19:00:00,NA,1012.7,29.3,22,NA
2021-02-20 20:00:00,NA,1012.2,29.2,25,NA
2021-02-20 21:00:00,NA,1012.1,28.8,25,NA
2021-02-20 22:00:00,NA,1011,27.2,31,NA
2021-02-20 23:00:00,NA,1011.6,23.7,40,NA
2021-02-21 00:00:00,1010.4,NA,22.4,47,NA
2021-02-21 10:00:00,1010.8,NA,16.1,76,NA
2021-02-21 11:00:00,1011.3,NA,18.8,70,NA
2021-02-21 12:00:00,1011.3,NA,22.3,61,NA
2021-02-21 13:00:00,1011.8,NA,26.8,50,NA
2021-02-21 14:00:00,1011.4,NA,29.3,43,NA
2021-02-21 15:00:00,1011.2,NA,31.4,39,NA
2021-02-21 16:00:00,1010.1,NA,31.7,39,NA
2021-02-21 17:00:00,1009.4,NA,32.6,36,NA
2021-02-21 18:00:00,1008.6,NA,33.8,33,NA
2021-02-21 19:00:00,1007.3,NA,34.2,31,NA
2021-02-21 20:00:00,1006.8,NA,33.1,34,NA
2021-02-21 21:00:00,1006.5,NA,33.2,35,NA
2021-02-21 22:00:00,1006.1,NA,32.2,39,NA
2021-02-21 23:00:00,1006.5,NA,30.3,45,NA
2021-02-22 09:00:00,NA,1008.2,22,71,NA
2021-02-22 10:00:00,NA,1008.5,22,76,NA
2021-02-22 11:00:00,NA,1008.6,21.8,81,NA
2021-02-22 12:00:00,NA,1008.9,23.8,71,NA
2021-02-22 13:00:00,NA,1009.6,22.4,88,NA
2021-02-22 14:00:00,NA,1009.6,23,88,NA
2021-02-22 15:00:00,NA,1009.9,26,71,NA
2021-02-22 16:00:00,NA,1009.9,29,59,NA
2021-02-22 17:00:00,NA,1008.5,29.2,60,NA
2021-02-22 18:00:00,NA,1008.5,29.8,59,NA
2021-02-22 19:00:00,NA,1007.2,32,53,NA
2021-02-22 20:00:00,NA,1007.2,31.8,52,NA
2021-02-22 21:00:00,NA,1007.2,30.8,55,NA
2021-02-22 22:00:00,NA,1006.6,31,56,NA
2021-02-22 23:00:00,NA,1006.6,24.6,71,NA
2021-02-23 00:00:00,1004.8,NA,24.8,66,NA
2021-02-23 09:00:00,1008.2,NA,20.6,96,NA
2021-02-23 10:00:00,1008.6,NA,20.4,98,NA
2021-02-23 11:00:00,1009.2,NA,21.6,91,NA
2021-02-23 12:00:00,1009,NA,23.6,81,NA
2021-02-23 13:00:00,1010.1,NA,25.6,71,NA
2021-02-23 14:00:00,1010.2,NA,25.7,67,NA
2021-02-23 15:00:00,1010.1,NA,27,57,NA
2021-02-23 16:00:00,1009.4,NA,29,50,NA
2021-02-23 17:00:00,1009.2,NA,29.8,42,NA
2021-02-23 18:00:00,1008.9,NA,30.2,42,NA
2021-02-23 19:00:00,1008.8,NA,30.2,39,NA
2021-02-23 20:00:00,1008.9,NA,29.7,39,NA
2021-02-23 21:00:00,1009,NA,29.6,35,NA
2021-02-23 22:00:00,1009.4,NA,28.4,39,NA
2021-02-23 23:00:00,1010.1,NA,25.2,49,NA
2021-02-24 09:00:00,NA,1014,13.8,88,NA
2021-02-24 10:00:00,NA,1014.5,13.2,88,NA
2021-02-24 11:00:00,NA,1015,16.3,85,NA
2021-02-24 12:00:00,NA,1015.2,20.8,65,NA
2021-02-24 13:00:00,NA,1015.2,24.6,57,NA
2021-02-24 14:00:00,NA,1015.3,27.8,40,NA
2021-02-24 15:00:00,NA,1014.6,29.2,36,NA
2021-02-24 16:00:00,NA,1014.1,30.3,32,NA
2021-02-24 17:00:00,NA,1013.7,31,30,NA
2021-02-24 18:00:00,NA,1012.7,32.4,27,NA
2021-02-24 19:00:00,NA,1011.4,32.6,26,NA
2021-02-24 20:00:00,NA,1011.1,32.2,27,NA
2021-02-24 21:00:00,NA,1010.7,31.4,29,NA
2021-02-24 22:00:00,NA,1010.9,30,31,NA
2021-02-24 23:00:00,NA,1011.2,26.6,45,NA
2021-02-25 00:00:00,1009.6,NA,24.6,52,NA
2021-02-25 09:00:00,1010.6,NA,16,79,NA
2021-02-25 10:00:00,1011,NA,15.4,80,NA
2021-02-25 11:00:00,1011.3,NA,18.2,73,NA
2021-02-25 12:00:00,1011.3,NA,23.6,54,NA
2021-02-25 13:00:00,1011.4,NA,28,57,NA
2021-02-25 14:00:00,1011.6,NA,30,34,NA
2021-02-25 15:00:00,1011.6,NA,31,30,NA
2021-02-25 16:00:00,1011.8,NA,31.6,29,NA
2021-02-25 17:00:00,1011.8,NA,32,29,NA
2021-02-25 18:00:00,1008.9,NA,32.6,28,NA
2021-02-25 19:00:00,1008.9,NA,33,27,NA
2021-02-25 20:00:00,1008,NA,33,28,NA
2021-02-25 21:00:00,1008,NA,32.4,28,NA
2021-02-25 22:00:00,1007,NA,31.2,30,NA
2021-02-25 23:00:00,1007,NA,28.4,38,NA
2021-02-26 09:00:00,NA,1012.5,18.8,74,NA
2021-02-26 10:00:00,NA,1013.2,18.5,76,NA
2021-02-26 11:00:00,NA,1013.5,20.6,68,NA
2021-02-26 12:00:00,NA,1013.4,24,58,NA
2021-02-26 13:00:00,NA,1013.4,27.8,47,NA
2021-02-26 14:00:00,NA,1013.4,28.8,44,NA
2021-02-26 15:00:00,NA,1013.3,30.6,37,NA
2021-02-26 16:00:00,NA,1012.4,31.1,36,NA
2021-02-26 17:00:00,NA,1012.1,32.4,32,NA
2021-02-26 18:00:00,NA,1011.6,33.2,33,NA
2021-02-26 19:00:00,NA,1010.8,33.3,30,NA
2021-02-26 20:00:00,NA,1010.2,32.2,32,NA
2021-02-26 21:00:00,NA,1010,32.4,33,NA
2021-02-26 22:00:00,NA,1010.4,31,36,NA
2021-02-26 23:00:00,NA,1011,29.1,38,NA
2021-02-27 00:00:00,1009.8,NA,27.4,45,NA
2021-02-27 09:00:00,1013.2,NA,20,86,NA
2021-02-27 10:00:00,1014,NA,19.8,88,NA
2021-02-27 11:00:00,1014.8,NA,21,81,NA
2021-02-27 12:00:00,1014.5,NA,22.8,72,NA
2021-02-27 13:00:00,1014.6,NA,25.1,62,NA
2021-02-27 14:00:00,1014.8,NA,26.6,60,NA
2021-02-27 15:00:00,1014.8,NA,28.6,48,NA
2021-02-27 16:00:00,1014.5,NA,29.6,44,NA
2021-02-27 17:00:00,1013.6,NA,31,39,NA
2021-02-27 18:00:00,1012.1,NA,31.8,39,NA
2021-02-27 19:00:00,1011.4,NA,32.2,38,NA
2021-02-27 20:00:00,1011.2,NA,32.5,35,NA
2021-02-27 21:00:00,1010.8,NA,32,37,NA
2021-02-27 22:00:00,1011,NA,30.8,42,NA
2021-02-27 23:00:00,1011,NA,29.4,49,NA
2021-02-28 09:00:00,NA,1015.9,21,79,NA
2021-02-28 10:00:00,NA,1015.9,21.5,78,NA
2021-02-28 11:00:00,NA,1016.5,22,79,NA
2021-02-28 12:00:00,NA,1016.1,22.8,76,NA
2021-02-28 13:00:00,NA,1016.1,24.8,70,NA
2021-02-28 14:00:00,NA,1016.1,27,61,NA
2021-02-28 15:00:00,NA,1016,29.2,57,NA
2021-02-28 16:00:00,NA,1013.9,30.6,50,NA
2021-02-28 17:00:00,NA,1013.9,31.6,51,NA
2021-02-28 18:00:00,NA,1013.6,32.4,37,NA
2021-02-28 19:00:00,NA,1010.9,32.6,40,NA
2021-02-28 20:00:00,NA,1010.9,32.6,40,NA
2021-02-28 21:00:00,NA,1010.9,32,41,NA
2021-02-28 22:00:00,NA,1010.9,31,43,NA
2021-02-28 23:00:00,NA,1011.2,29.4,49,NA
2021-03-01 00:00:00,NA,1011.3,28.4,58,NA
2021-03-02 09:00:00,NA,1010.3,21.6,96,NA
2021-03-02 10:00:00,NA,1010.9,21.1,99,NA
2021-03-02 11:00:00,NA,1011.8,22.6,94,NA
2021-03-02 12:00:00,NA,1011.9,25,83,NA
2021-03-02 13:00:00,NA,1011.8,26.6,77,NA
2021-03-02 14:00:00,NA,1011.8,29.2,67,NA
2021-03-02 15:00:00,NA,1011.9,30.6,58,NA
2021-03-02 16:00:00,NA,1011.2,30,59,NA
2021-03-02 17:00:00,NA,1010.7,31.3,54,NA
2021-03-02 18:00:00,1007.4,1009.9,32,53,NA
2021-03-02 19:00:00,1007,1009.5,31,54,NA
2021-03-02 20:00:00,1007,1009.5,30.5,57,NA
2021-03-02 21:00:00,1007,1009.5,26.8,68,NA
2021-03-02 22:00:00,NA,1012.1,27.6,27,NA
2021-03-02 23:00:00,1007,1009.5,27.2,70,NA
2021-03-03 00:00:00,NA,1010,26.8,77,NA
2021-03-04 00:00:00,1008.8,NA,NA,NA,NA
2021-03-04 09:00:00,1007.7,1010,23,91,NA
2021-03-04 10:00:00,1008,1010.4,22.6,93,NA
2021-03-04 11:00:00,1008,1010.5,22,96,NA
2021-03-04 12:00:00,1008.1,1010.6,22,100,NA
2021-03-04 13:00:00,1008.1,1010.6,22.2,96,NA
2021-03-04 14:00:00,NA,1011,23.4,95,NA
2021-03-04 15:00:00,1008.6,1011,24.6,85,NA
2021-03-04 16:00:00,1008.6,1011,24.8,83,NA
2021-03-04 17:00:00,1007.3,1009.7,26.8,78,NA
2021-03-04 18:00:00,1007.3,1009.7,28.8,70,NA
2021-03-04 19:00:00,1007.3,1009.7,28.6,68,NA
2021-03-04 20:00:00,1005,1007.4,29,68,NA
2021-03-04 21:00:00,1005,1007.4,28.4,71,NA
2021-03-04 22:00:00,1005,1007.4,27,74,NA
2021-03-04 23:00:00,1005,1007.4,25.4,81,NA
2021-03-05 00:00:00,NA,1007.1,22.8,93,NA
2021-03-05 20:00:00,1007.3,NA,NA,NA,NA
2021-03-06 00:00:00,1007.8,NA,NA,NA,NA
2021-03-06 09:00:00,1008.8,1011.2,12.5,99,NA
2021-03-06 10:00:00,1008.9,1011.4,12,97,NA
2021-03-06 11:00:00,1009.7,1012.2,14.2,97,NA
2021-03-06 12:00:00,1009.8,1012.3,18.2,85,NA
2021-03-06 13:00:00,NA,1012.5,25.2,49,NA
2021-03-06 14:00:00,1010.2,1012.7,22.6,59,NA
2021-03-06 15:00:00,1010,1012.5,24.6,56,NA
2021-03-06 16:00:00,1009.7,1012.2,25.2,53,NA
2021-03-06 17:00:00,1008.9,1011.3,26,46,NA
2021-03-06 18:00:00,NA,1011.3,26.6,46,NA
2021-03-06 19:00:00,1008,1010.4,27.8,44,NA
2021-03-06 20:00:00,1007.4,1009.9,27.3,46,NA
2021-03-06 21:00:00,1007.4,1009.9,27.4,44,NA
2021-03-06 22:00:00,1007.7,1010.2,26,49,NA
2021-03-06 23:00:00,1007.8,1010.3,22.9,57,NA
2021-03-07 00:00:00,NA,1010.6,21.2,59,NA
2021-03-08 00:00:00,1006.1,NA,NA,NA,NA
2021-03-08 09:00:00,1010,1012.4,17.4,90,NA
2021-03-08 10:00:00,1010.1,1012.6,16,91,NA
2021-03-08 11:00:00,1010.5,1012.9,17,86,NA
2021-03-08 12:00:00,1010.5,1012.9,22.8,70,NA
2021-03-08 13:00:00,1010.5,1013,24.5,68,NA
2021-03-08 14:00:00,1010.2,1012.7,27,59,NA
2021-03-08 15:00:00,1010.2,1012.7,27,55,NA
2021-03-08 16:00:00,1011.2,1013.7,27.4,56,NA
2021-03-08 17:00:00,1011.2,1013.7,26.8,55,NA
2021-03-08 18:00:00,1010,1012.4,29.8,46,NA
2021-03-08 19:00:00,1010,1012.4,30,49,NA
2021-03-08 20:00:00,1009.8,1012.3,31.2,40,NA
2021-03-08 21:00:00,1009.8,1012.3,30.6,41,NA
2021-03-08 22:00:00,1009.7,1012.1,28.8,50,NA
2021-03-08 23:00:00,1009.7,1012.1,26.6,55,NA
2021-03-09 00:00:00,NA,1012.1,25.4,59,NA
2021-03-10 00:00:00,1009.3,NA,NA,NA,NA
2021-03-10 09:00:00,1009.4,1011.9,18.2,87,NA
2021-03-10 10:00:00,1009.7,1012.2,18.1,87,NA
2021-03-10 11:00:00,1009.8,1012.3,18.6,87,NA
2021-03-10 12:00:00,1010,1012.4,21,77,NA
2021-03-10 13:00:00,1009.7,1012.1,24.2,65,NA
2021-03-10 14:00:00,1009.4,1011.9,26.6,59,NA
2021-03-10 15:00:00,1008.8,1011.1,29.7,50,NA
2021-03-10 16:00:00,1007.8,1010.2,31,44,NA
2021-03-10 17:00:00,1007.2,1009.6,31.9,40,NA
2021-03-10 18:00:00,1006.5,1009,30.6,40,NA
2021-03-10 19:00:00,1005.6,1008,32.4,36,NA
2021-03-10 20:00:00,1004.9,1007.3,31.8,39,NA
2021-03-10 21:00:00,1004.5,1006.9,31.6,40,NA
2021-03-10 22:00:00,1004.5,1006.9,30.2,40,NA
2021-03-10 23:00:00,1004.3,1006.9,27.8,48,NA
2021-03-11 00:00:00,NA,1007.4,26.4,54,NA
2021-03-12 00:00:00,1008.5,NA,NA,NA,NA
2021-03-12 09:00:00,1009.2,1011.6,19.8,87,NA
2021-03-12 10:00:00,1009.6,1012,19.2,91,NA
2021-03-12 11:00:00,1009.6,1012,22,81,NA
2021-03-12 12:00:00,1010.2,1012.7,24.4,74,NA
2021-03-12 13:00:00,1010.2,1012.7,27.2,63,NA
2021-03-12 14:00:00,1010.2,1012.7,29.4,54,NA
2021-03-12 15:00:00,1010.5,1012.7,31,47,NA
2021-03-12 16:00:00,1010.2,1012.7,31.2,47,NA
2021-03-12 17:00:00,1009.7,1012.1,32.2,42,NA
2021-03-12 18:00:00,1009.7,1012.1,32.8,41,NA
2021-03-12 19:00:00,1008.6,1011,33,39,NA
2021-03-12 20:00:00,1008.6,1011,32,70,NA
2021-03-12 21:00:00,1008.5,1011,31,45,NA
2021-03-12 22:00:00,1008.5,1011,28.8,55,NA
2021-03-12 23:00:00,1008.5,1011,27.4,61,NA
2021-03-13 00:00:00,NA,1010.9,26.6,63,NA
2021-03-14 09:00:00,NA,1015.1,15.5,78,NA
2021-03-14 10:00:00,NA,1015.6,14.6,84,NA
2021-03-14 11:00:00,NA,1016.4,16.9,78,NA
2021-03-14 12:00:00,NA,1016.3,20,71,NA
2021-03-14 13:00:00,NA,1016.2,24.1,49,NA
2021-03-14 14:00:00,NA,1016.3,27.4,34,NA
2021-03-14 15:00:00,NA,1016,28.8,31,NA
2021-03-14 16:00:00,NA,1015.4,30.4,33,NA
2021-03-14 17:00:00,NA,1015.4,31,30,NA
2021-03-14 18:00:00,NA,1014.6,30.8,30,NA
2021-03-14 19:00:00,NA,1014,32,31,NA
2021-03-14 20:00:00,NA,1013.9,31,31,NA
2021-03-14 21:00:00,NA,1013.8,30.2,32,NA
2021-03-14 22:00:00,NA,1013.8,29.1,35,NA
2021-03-14 23:00:00,NA,1013.9,27.8,41,NA
2021-03-15 00:00:00,NA,1014.1,26.2,53,NA
2021-03-15 12:00:00,1012.1,NA,21.4,74,NA
2021-03-15 13:00:00,1012.1,NA,22.4,71,NA
2021-03-15 14:00:00,1012.1,NA,25.2,60,NA
2021-03-15 15:00:00,1011.3,NA,27.4,46,NA
2021-03-15 16:00:00,1010.4,NA,28.1,43,NA
2021-03-15 17:00:00,1010.1,NA,29.2,42,NA
2021-03-15 18:00:00,1008.9,NA,30,39,NA
2021-03-16 09:00:00,NA,1006.1,20.8,82,NA
2021-03-16 10:00:00,NA,1006.4,20.8,80,NA
2021-03-16 11:00:00,NA,1008.7,20.8,80,NA
2021-03-16 12:00:00,NA,1008.7,20,91,NA
2021-03-16 13:00:00,NA,1008.7,20,87,NA
2021-03-16 14:00:00,NA,1008.4,19.4,96,NA
2021-03-16 15:00:00,NA,1008.4,20,100,NA
2021-03-16 16:00:00,NA,1008.4,19.6,100,NA
2021-03-16 17:00:00,NA,1006.4,20.4,100,NA
2021-03-16 18:00:00,NA,1006.4,20.4,100,NA
2021-03-16 19:00:00,NA,1006.2,20.4,100,NA
2021-03-16 20:00:00,NA,1006.2,20.4,100,NA
2021-03-16 21:00:00,NA,1004.2,20.8,98,NA
2021-03-16 22:00:00,NA,1004.2,21,96,NA
2021-03-16 23:00:00,1001.7,NA,21,98,NA
2021-03-17 00:00:00,1001.7,NA,20,100,NA
2021-03-17 09:00:00,1003.2,NA,18.3,91,NA
2021-03-17 10:00:00,1004,NA,18,93,NA
2021-03-17 11:00:00,1004.6,NA,18.2,93,NA
2021-03-17 12:00:00,1005.6,NA,18.5,92,NA
2021-03-18 09:00:00,NA,1017.5,10.7,91,NA
2021-03-18 10:00:00,NA,1017.8,10.4,91,NA
2021-03-18 11:00:00,NA,1018.2,10.4,92,NA
2021-03-18 12:00:00,NA,1019,12.8,85,NA
2021-03-18 13:00:00,NA,1018.5,15.8,77,NA
2021-03-18 14:00:00,NA,1018.1,17.2,65,NA
2021-03-18 15:00:00,NA,1018.4,18,62,NA
2021-03-18 16:00:00,NA,1017.7,19.6,53,NA
2021-03-18 17:00:00,NA,1016.9,20.9,49,NA
2021-03-18 18:00:00,NA,1016.3,21.4,47,NA
2021-03-18 19:00:00,NA,1015.6,21.6,47,NA
2021-03-18 20:00:00,NA,1015.8,21.6,40,NA
2021-03-18 21:00:00,NA,1015.6,21.5,47,NA
2021-03-18 22:00:00,NA,1015.6,19.2,60,NA
2021-03-18 23:00:00,NA,1015.5,18.4,65,NA
2021-03-19 00:00:00,1013.2,NA,17.6,68,NA
2021-03-19 09:00:00,1013.2,NA,15,78,NA
2021-03-19 10:00:00,1013,NA,15.1,79,NA
2021-03-19 11:00:00,1013.4,NA,15.8,79,NA
2021-03-19 12:00:00,1013.3,NA,17,76,NA
2021-03-19 13:00:00,1013.3,NA,18.4,73,NA
2021-03-19 14:00:00,1013,NA,22,62,NA
2021-03-19 15:00:00,1012.9,NA,23.9,55,NA
2021-03-19 16:00:00,1011.4,NA,24.8,52,NA
2021-03-19 17:00:00,1010.5,NA,25.2,53,NA
2021-03-19 18:00:00,1010,NA,26.2,50,NA
2021-03-19 19:00:00,1009.3,NA,26.6,49,NA
2021-03-19 20:00:00,1008.4,NA,25.8,52,NA
2021-03-19 21:00:00,1008.4,NA,25,55,NA
2021-03-19 22:00:00,1008.5,NA,24.2,56,NA
2021-03-19 23:00:00,1008.1,NA,22.4,65,NA
2021-03-20 09:00:00,NA,1009.5,19.6,82,NA
2021-03-20 10:00:00,NA,1009.4,19.1,86,NA
2021-03-20 11:00:00,NA,1009.4,19.5,86,NA
2021-03-20 12:00:00,NA,1009.7,20.3,85,NA
2021-03-20 13:00:00,NA,1011.3,19,94,NA
2021-03-20 14:00:00,NA,1011.7,19.1,95,NA
2021-03-20 15:00:00,NA,1011.7,19.2,96,NA
2021-03-20 16:00:00,NA,1011.7,19.1,96,NA
2021-03-20 17:00:00,NA,1011.1,19.3,95,NA
2021-03-20 18:00:00,NA,1011.2,19.1,97,NA
2021-03-20 19:00:00,NA,1011,19.6,92,NA
2021-03-20 20:00:00,NA,1010.9,19.6,92,NA
2021-03-20 21:00:00,NA,1010.9,18.9,93,NA
2021-03-20 22:00:00,NA,1011.2,18.2,94,NA
2021-03-20 23:00:00,NA,1012.5,18.2,96,NA
2021-03-21 00:00:00,1010.6,NA,18.2,96,NA
2021-03-21 09:00:00,1013.4,NA,15.5,98,NA
2021-03-21 10:00:00,1014.2,NA,15.3,98,NA
2021-03-21 11:00:00,1014.8,NA,15.6,98,NA
2021-03-21 12:00:00,1015.6,NA,17.5,92,NA
2021-03-21 13:00:00,1015.7,NA,20.2,85,NA
2021-03-21 14:00:00,1016,NA,22.1,78,NA
2021-03-21 15:00:00,1016,NA,22.4,73,NA
2021-03-21 16:00:00,1016,NA,23,70,NA
2021-03-21 17:00:00,1015.6,NA,23.8,64,NA
2021-03-21 18:00:00,1015.4,NA,24.4,62,NA
2021-03-21 19:00:00,1015.4,NA,24,67,NA
2021-03-21 20:00:00,1015.4,NA,24,67,NA
2021-03-21 21:00:00,1015.3,NA,23,71,NA
2021-03-21 22:00:00,1015.7,NA,21.2,78,NA
2021-03-21 23:00:00,1015.4,NA,19.7,85,NA
2021-03-22 09:00:00,NA,1018.4,15.6,94,NA
2021-03-22 10:00:00,NA,1018.4,15.4,94,NA
2021-03-22 11:00:00,NA,1019,16.8,90,NA
2021-03-22 12:00:00,NA,1019,18,87,NA
2021-03-22 13:00:00,NA,1019,20,81,NA
2021-03-22 14:00:00,NA,1020,21.6,77,NA
2021-03-22 15:00:00,NA,1019.1,23.2,70,NA
2021-03-22 16:00:00,NA,1018.4,24.6,62,NA
2021-03-22 17:00:00,NA,1018.4,24.6,64,NA
2021-03-22 18:00:00,NA,1018.4,24.4,65,NA
2021-03-22 19:00:00,NA,1017.6,23.6,66,NA
2021-03-22 20:00:00,NA,1017.6,22.2,81,NA
2021-03-22 21:00:00,NA,1017.6,21.2,81,NA
2021-03-22 22:00:00,NA,1017.7,19.6,91,NA
2021-03-22 23:00:00,NA,1017.5,19.2,94,NA
2021-03-23 00:00:00,1015.2,NA,19.2,92,NA
2021-03-23 09:00:00,1013.7,NA,14.2,100,NA
2021-03-23 10:00:00,1013.4,NA,14,99,NA
2021-03-23 11:00:00,1014.2,NA,15.4,100,NA
2021-03-23 12:00:00,1014.4,NA,18.6,92,NA
2021-03-23 13:00:00,1014.2,NA,21,84,NA
2021-03-23 14:00:00,1014.4,NA,23.3,77,NA
2021-03-23 15:00:00,1014,NA,24.8,68,NA
2021-03-23 16:00:00,1014.1,NA,25.3,66,NA
2021-03-23 17:00:00,1012.4,NA,26.6,56,NA
2021-03-23 18:00:00,1011.7,NA,26.8,55,NA
2021-03-23 19:00:00,1011,NA,27,56,NA
2021-03-23 20:00:00,1010.5,NA,27.5,56,NA
2021-03-23 21:00:00,1010.9,NA,26.8,56,NA
2021-03-23 22:00:00,1010.8,NA,25.5,61,NA
2021-03-23 23:00:00,1010.9,NA,23.4,68,NA
2021-03-24 09:00:00,NA,1014.7,18,96,NA
2021-03-24 10:00:00,NA,1014.7,17.8,98,NA
2021-03-24 11:00:00,NA,1015.2,18.8,94,NA
2021-03-24 12:00:00,NA,1015.2,20,91,NA
2021-03-24 13:00:00,NA,1015.2,20.2,95,NA
2021-03-24 14:00:00,NA,1015.6,22.4,81,NA
2021-03-24 15:00:00,NA,1015.6,22.8,81,NA
2021-03-24 16:00:00,NA,1014.7,23,80,NA
2021-03-24 17:00:00,NA,1014.7,23.8,78,NA
2021-03-24 18:00:00,NA,1014.7,25.2,75,NA
2021-03-24 19:00:00,NA,1012.4,25.8,70,NA
2021-03-24 20:00:00,NA,1012.4,25.8,72,NA
2021-03-24 21:00:00,NA,1011.1,25.6,74,NA
2021-03-24 22:00:00,NA,1011.1,25,74,NA
2021-03-24 23:00:00,NA,1011.4,24.2,80,NA
2021-03-25 00:00:00,1008.9,NA,24.2,78,NA
2021-03-25 09:00:00,1005.7,NA,21.5,95,NA
2021-03-25 10:00:00,1006.5,NA,21.1,98,NA
2021-03-25 11:00:00,1006.5,NA,21.2,96,NA
2021-03-25 12:00:00,1007.4,NA,21.3,98,NA
2021-03-25 13:00:00,1007.7,NA,21.1,98,NA
2021-03-25 14:00:00,1009.8,NA,21,98,NA
2021-03-25 15:00:00,1008.4,NA,19.5,100,NA
2021-03-25 16:00:00,1007.3,NA,19.5,98,NA
2021-03-25 17:00:00,1006.8,NA,19.9,94,NA
2021-03-25 18:00:00,1006.1,NA,20.2,93,NA
2021-03-25 19:00:00,1007.7,NA,20,96,NA
2021-03-25 20:00:00,1008,NA,19.4,98,NA
2021-03-25 21:00:00,1006.8,NA,19.4,98,NA
2021-03-25 22:00:00,1006,NA,19.3,98,NA
2021-03-26 09:00:00,NA,1008.5,18.9,98,NA
2021-03-26 10:00:00,NA,1008.4,18.9,98,NA
2021-03-26 11:00:00,NA,1008.4,19.2,98,NA
2021-03-26 12:00:00,NA,1008.8,19.1,97,NA
2021-03-26 13:00:00,NA,1008.5,21,91,NA
2021-03-26 14:00:00,NA,1009.7,21.8,84,NA
2021-03-26 15:00:00,NA,1009.7,23.4,78,NA
2021-03-26 16:00:00,NA,1010,23.1,81,NA
2021-03-26 17:00:00,NA,1009.4,24.1,77,NA
2021-03-26 18:00:00,NA,1008.6,24.2,79,NA
2021-03-26 19:00:00,NA,1008.8,24.2,77,NA
2021-03-26 20:00:00,NA,1008.3,25,76,NA
2021-03-26 21:00:00,NA,1008,24.4,80,NA
2021-03-26 22:00:00,NA,1007.9,22.9,85,NA
2021-03-26 23:00:00,NA,1009.1,21.2,86,NA
2021-03-27 00:00:00,1007.2,NA,20.4,87,NA
2021-03-27 09:00:00,1008,NA,17.4,70,NA
2021-03-27 10:00:00,1008,NA,16.8,100,NA
2021-03-27 11:00:00,1008.9,NA,15.8,99,NA
2021-03-27 12:00:00,1008.9,NA,16.4,98,NA
2021-03-27 13:00:00,1009,NA,17.4,93,NA
2021-03-27 14:00:00,1009.7,NA,18.4,88,NA
2021-03-27 15:00:00,1009.7,NA,18.4,88,NA
2021-03-27 16:00:00,1009.6,NA,18.4,88,NA
2021-03-27 17:00:00,1009.6,NA,19.6,81,NA
2021-03-27 18:00:00,1009.6,NA,19.6,83,NA
2021-03-27 19:00:00,1008.9,NA,20,79,NA
2021-03-27 20:00:00,1008.9,NA,20,76,NA
2021-03-27 21:00:00,1008.6,NA,19.4,81,NA
2021-03-27 22:00:00,1008.6,NA,17.6,84,NA
2021-03-27 23:00:00,1008.6,NA,16.2,87,NA
2021-03-28 09:00:00,NA,1010.4,16.1,99,NA
2021-03-28 10:00:00,NA,1011.3,16.6,98,NA
2021-03-28 11:00:00,NA,1011.8,16.4,99,NA
2021-03-28 12:00:00,NA,1012.1,16.8,98,NA
2021-03-28 13:00:00,NA,1012.4,17.1,97,NA
2021-03-28 14:00:00,NA,1012.6,18.2,92,NA
2021-03-28 15:00:00,NA,1012.4,19.1,88,NA
2021-03-28 16:00:00,NA,1012.3,19.4,87,NA
2021-03-28 17:00:00,NA,1011.8,19.3,88,NA
2021-03-28 18:00:00,NA,1011.7,20,85,NA
2021-03-28 19:00:00,NA,1011.3,20.2,81,NA
2021-03-28 20:00:00,NA,1011.4,21.1,78,NA
2021-03-28 21:00:00,NA,1011.3,21.3,77,NA
2021-03-28 22:00:00,NA,1011.4,19.6,85,NA
2021-03-28 23:00:00,NA,1011.8,17.6,93,NA
2021-03-29 00:00:00,1009.8,NA,16.6,95,NA
2021-03-29 09:00:00,1010.6,NA,15,100,NA
2021-03-29 10:00:00,1011.3,NA,15.2,99,NA
2021-03-29 11:00:00,1012,NA,16.6,100,NA
2021-03-29 12:00:00,1012.1,NA,18.2,96,NA
2021-03-29 13:00:00,1012.5,NA,20,88,NA
2021-03-29 14:00:00,1012.6,NA,21.6,77,NA
2021-03-29 15:00:00,1012.8,NA,21.4,73,NA
2021-03-29 16:00:00,1012.6,NA,22.6,60,NA
2021-03-29 17:00:00,1012.5,NA,23.3,62,NA
2021-03-29 18:00:00,1012,NA,23.9,60,NA
2021-03-29 19:00:00,1012,NA,23.3,68,NA
2021-03-29 20:00:00,1012,NA,23.3,68,NA
2021-03-29 21:00:00,1012,NA,22.3,75,NA
2021-03-29 22:00:00,1012,NA,20.8,79,NA
2021-03-29 23:00:00,1012.4,NA,19.6,86,NA
2021-03-30 09:00:00,NA,1016,16.1,100,NA
2021-03-30 10:00:00,NA,1016.4,15.5,99,NA
2021-03-30 11:00:00,NA,1016.9,15.6,99,NA
2021-03-30 12:00:00,NA,1017.4,17.6,98,NA
2021-03-30 13:00:00,NA,1017.5,19.8,78,NA
2021-03-30 14:00:00,NA,1017.2,21.6,65,NA
2021-03-30 15:00:00,NA,1017.3,22.1,64,NA
2021-03-30 16:00:00,NA,1016.9,22.9,62,NA
2021-03-30 17:00:00,NA,1016.3,23.4,57,NA
2021-03-30 18:00:00,NA,1015.6,24.2,58,NA
2021-03-30 19:00:00,NA,1015.6,25,53,NA
2021-03-30 20:00:00,NA,1015.1,24.8,53,NA
2021-03-30 21:00:00,NA,1015,24.4,53,NA
2021-03-30 22:00:00,NA,1014.9,22.4,66,NA
2021-03-30 23:00:00,NA,1015,20.1,85,NA
2021-03-31 00:00:00,1013.2,NA,19.3,90,NA
2021-03-31 09:00:00,1014.2,NA,15.2,89,NA
2021-03-31 10:00:00,1014.5,NA,14.4,93,NA
2021-03-31 11:00:00,1014.6,NA,15.6,89,NA
2021-03-31 17:00:00,1014.4,NA,23.6,57,NA
2021-03-31 18:00:00,1013.8,NA,23.8,53,NA
2021-03-31 19:00:00,1013,NA,24.1,50,NA
2021-03-31 20:00:00,1012.4,NA,23.8,50,NA
2021-03-31 21:00:00,1012,NA,23.2,53,NA
2021-03-31 22:00:00,1012.5,NA,21.3,61,NA
2021-03-31 23:00:00,1012.8,NA,20.2,66,NA
2021-04-01 09:00:00,NA,1015.8,16,94,NA
2021-04-01 10:00:00,NA,1015.8,15.8,94,NA
2021-04-01 11:00:00,NA,1016.4,16.8,90,NA
2021-04-01 12:00:00,NA,1016.4,18,84,NA
2021-04-01 13:00:00,NA,1016.8,20,76,NA
2021-04-01 14:00:00,NA,1016.8,21.4,69,NA
2021-04-01 15:00:00,NA,1016.8,22,69,NA
2021-04-01 16:00:00,NA,1016.3,23,62,NA
2021-04-01 17:00:00,NA,1016.3,23.4,59,NA
2021-04-01 18:00:00,NA,1015.3,23.8,55,NA
2021-04-01 19:00:00,NA,1015.2,24.6,56,NA
2021-04-01 20:00:00,NA,1014.9,24.4,54,NA
2021-04-01 21:00:00,NA,1014.9,23.6,56,NA
2021-04-01 22:00:00,NA,1015.3,22.4,59,NA
2021-04-01 23:00:00,1012.8,NA,21,63,NA
2021-04-02 00:00:00,1013.4,NA,20,67,NA
2021-04-02 09:00:00,1015.3,NA,14.8,93,NA
2021-04-02 10:00:00,1015.4,NA,14.5,95,NA
2021-04-02 11:00:00,1015.7,NA,15.6,93,NA
2021-04-02 12:00:00,1016,NA,18.4,84,NA
2021-04-02 13:00:00,1016.4,NA,20.5,76,NA
2021-04-02 14:00:00,1016.1,NA,22.2,71,NA
2021-04-02 15:00:00,1015.7,NA,22.4,70,NA
2021-04-02 16:00:00,1015,NA,23.2,66,NA
2021-04-02 17:00:00,1014.4,NA,25.4,56,NA
2021-04-02 18:00:00,1013.8,NA,24.7,58,NA
2021-04-02 19:00:00,1013.6,NA,25.3,59,NA
2021-04-02 20:00:00,1012.9,NA,24.2,65,NA
2021-04-02 21:00:00,1013.4,NA,24.3,63,NA
2021-04-02 22:00:00,1013.2,NA,23,66,NA
2021-04-02 23:00:00,1013.6,NA,21.5,71,NA
2021-04-03 09:00:00,NA,1017.2,16.4,91,NA
2021-04-03 10:00:00,NA,1017.7,16.1,93,NA
2021-04-03 11:00:00,NA,1018.1,16.4,92,NA
2021-04-03 12:00:00,NA,1018.3,17.9,85,NA
2021-04-03 13:00:00,NA,1018.6,21,75,NA
2021-04-03 14:00:00,NA,1018.2,22.6,61,NA
2021-04-03 15:00:00,NA,1018,24.2,54,NA
2021-04-03 16:00:00,NA,1017.5,25.4,56,NA
2021-04-03 17:00:00,NA,1017.1,26,52,NA
2021-04-03 18:00:00,NA,1016.2,26.4,53,NA
2021-04-03 19:00:00,NA,1015.7,25.4,54,NA
2021-04-03 20:00:00,NA,1015.6,26.4,47,NA
2021-04-03 21:00:00,NA,1015.5,25.2,55,NA
2021-04-03 22:00:00,NA,1015.5,24.8,56,NA
2021-04-03 23:00:00,NA,1015.5,21,74,NA
2021-04-04 00:00:00,1013.3,NA,20.2,78,NA
2021-04-04 09:00:00,1013.3,NA,16.2,95,NA
2021-04-04 10:00:00,1014,NA,15.8,98,NA
2021-04-04 11:00:00,1014,NA,16.6,96,NA
2021-04-04 12:00:00,1014.2,NA,18,92,NA
2021-04-04 13:00:00,1014.8,NA,20.8,85,NA
2021-04-04 14:00:00,1014.5,NA,22.8,77,NA
2021-04-04 15:00:00,1014.4,NA,24.2,74,NA
2021-04-04 16:00:00,1013.8,NA,25.2,70,NA
2021-04-04 17:00:00,1011.3,NA,26.6,64,NA
2021-04-04 18:00:00,1010.6,NA,27,64,NA
2021-04-04 19:00:00,1010.2,NA,27.4,62,NA
2021-04-04 20:00:00,1010,NA,27.3,57,NA
2021-04-04 21:00:00,1010.1,NA,26.6,64,NA
2021-04-04 22:00:00,1010.2,NA,24.4,71,NA
2021-04-04 23:00:00,1010.4,NA,23,77,NA
2021-04-05 09:00:00,NA,1012.6,17.8,93,NA
2021-04-05 10:00:00,NA,1012.9,17.6,95,NA
2021-04-05 11:00:00,NA,1013.3,18.1,95,NA
2021-04-05 12:00:00,NA,1013.6,20.4,87,NA
2021-04-05 13:00:00,NA,1013.9,23.5,76,NA
2021-04-05 14:00:00,NA,1013.6,25.2,72,NA
2021-04-05 15:00:00,NA,1012.9,26.6,69,NA
2021-04-05 16:00:00,NA,1012.6,27.8,67,NA
2021-04-05 17:00:00,NA,1012.5,28.3,63,NA
2021-04-05 18:00:00,NA,1011.5,28.7,64,NA
2021-04-05 19:00:00,NA,1011.1,29,61,NA
2021-04-05 20:00:00,NA,1011.2,28.6,63,NA
2021-04-05 21:00:00,NA,1011.1,29,61,NA
2021-04-05 22:00:00,NA,1011.6,27,72,NA
2021-04-05 23:00:00,NA,1012.3,24.9,80,NA
2021-04-06 00:00:00,1010.5,NA,23.3,85,NA
2021-04-06 09:00:00,1012.1,NA,17.1,100,NA
2021-04-06 10:00:00,1012.2,NA,17.5,100,NA
2021-04-06 11:00:00,1013,NA,17.8,100,NA
2021-04-06 12:00:00,1013.4,NA,19.8,99,NA
2021-04-06 13:00:00,1013.8,NA,22.8,98,NA
2021-04-06 14:00:00,1014,NA,25.4,77,NA
2021-04-06 15:00:00,1013.7,NA,27.6,70,NA
2021-04-06 16:00:00,1012.9,NA,27.4,71,NA
2021-04-06 17:00:00,1012,NA,28.7,65,NA
2021-04-06 18:00:00,1011.6,NA,29.2,63,NA
2021-04-06 19:00:00,1011,NA,29.6,58,NA
2021-04-06 20:00:00,1010.8,NA,30,57,NA
2021-04-06 21:00:00,1010.6,NA,28.6,64,NA
2021-04-06 22:00:00,1010.2,NA,27,71,NA
2021-04-06 23:00:00,1011,NA,25.6,76,NA
2021-04-07 09:00:00,NA,1014.2,20,91,NA
2021-04-07 10:00:00,NA,1014.2,19.6,92,NA
2021-04-07 11:00:00,NA,1014.8,20.2,89,NA
2021-04-07 12:00:00,NA,1014.8,21.6,84,NA
2021-04-07 13:00:00,NA,1015.2,24.2,74,NA
2021-04-07 14:00:00,NA,1015.2,26.4,68,NA
2021-04-07 15:00:00,NA,1014.9,28.4,62,NA
2021-04-07 16:00:00,NA,1015,30,59,NA
2021-04-07 17:00:00,NA,1012.7,30.6,54,NA
2021-04-07 18:00:00,NA,1012.7,31.6,46,NA
2021-04-07 19:00:00,NA,1011,31.4,47,NA
2021-04-07 20:00:00,NA,1011.1,30.8,49,NA
2021-04-07 21:00:00,NA,1010.9,30.2,52,NA
2021-04-07 22:00:00,NA,1010.9,27.6,60,NA
2021-04-07 23:00:00,NA,1011.1,26.6,63,NA
2021-04-08 00:00:00,NA,1011.1,26,64,NA
2021-04-08 15:00:00,1007.6,NA,28.9,58,NA
2021-04-08 16:00:00,1008.2,NA,29.5,58,NA
2021-04-08 17:00:00,1006.2,NA,31.1,55,NA
2021-04-08 18:00:00,1005.2,NA,31.9,55,NA
2021-04-08 19:00:00,1004.6,NA,32.2,54,NA
2021-04-08 20:00:00,1004.6,NA,31.8,55,NA
2021-04-08 21:00:00,1004,NA,30.3,58,NA
2021-04-08 22:00:00,1004,NA,29.4,62,NA
2021-04-08 23:00:00,1005.2,NA,28.2,66,NA
2021-04-09 09:00:00,NA,1010.6,20.2,100,NA
2021-04-09 10:00:00,NA,1010.6,19.6,100,NA
2021-04-09 11:00:00,NA,1011.2,19.6,100,NA
2021-04-09 12:00:00,NA,1011.5,19.6,100,NA
2021-04-09 13:00:00,NA,1011.5,19.6,100,NA
2021-04-09 14:00:00,NA,1012.9,20,100,NA
2021-04-09 15:00:00,NA,1012.9,19.4,100,NA
2021-04-09 16:00:00,NA,1010.7,19.6,100,NA
2021-04-09 17:00:00,NA,1010.7,20,98,NA
2021-04-09 18:00:00,NA,1010.3,20,95,NA
2021-04-09 19:00:00,NA,1010.3,19.6,96,NA
2021-04-09 20:00:00,NA,1009.9,19.4,98,NA
2021-04-09 21:00:00,NA,1009.9,19.4,94,NA
2021-04-09 22:00:00,NA,1012.1,19.2,98,NA
2021-04-09 23:00:00,NA,1012.1,19.2,98,NA
2021-04-10 00:00:00,NA,1011.9,19.4,98,NA
2021-04-11 09:00:00,NA,1006.2,15.2,94,NA
2021-04-11 10:00:00,NA,1007,14.7,97,NA
2021-04-11 11:00:00,NA,1007.9,15.2,96,NA
2021-04-11 12:00:00,NA,1009,15.8,87,NA
2021-04-11 13:00:00,NA,1010.7,16.2,85,NA
2021-04-11 14:00:00,NA,1012.1,16.4,84,NA
2021-04-11 15:00:00,NA,1012.4,18.2,79,NA
2021-04-11 16:00:00,NA,1012.6,20.4,71,NA
2021-04-11 17:00:00,NA,1012.8,19.7,75,NA
2021-04-11 18:00:00,NA,1013.4,18.6,79,NA
2021-04-11 19:00:00,NA,1013.7,18.9,77,NA
2021-04-11 20:00:00,NA,1014.8,19,76,NA
2021-04-11 21:00:00,NA,1015.5,19.3,72,NA
2021-04-11 22:00:00,NA,1015.7,17.2,85,NA
2021-04-11 23:00:00,NA,1016.5,16.3,89,NA
2021-04-12 00:00:00,NA,1017.4,14.9,94,NA
2021-04-13 09:00:00,NA,1019.8,12.1,93,NA
2021-04-13 10:00:00,NA,1020.5,11.1,96,NA
2021-04-13 11:00:00,NA,1021,11.6,96,NA
2021-04-13 12:00:00,NA,1021.4,14.7,93,NA
2021-04-13 13:00:00,1019.3,1021.8,18.8,76,NA
2021-04-13 14:00:00,1019.3,1021.8,21,64,NA
2021-04-13 15:00:00,1018.9,1021.4,22.5,60,NA
2021-04-13 16:00:00,1018.2,1020.7,23.2,55,NA
2021-04-13 17:00:00,1017.4,1020,23.8,54,NA
2021-04-13 18:00:00,1016.9,1019.4,23.9,51,NA
2021-04-13 19:00:00,1016.5,1019,24.6,54,NA
2021-04-13 20:00:00,1016.4,1018.8,24.2,54,NA
2021-04-13 21:00:00,1016.2,1018.7,23.5,58,NA
2021-04-13 22:00:00,1016.2,1018.7,21.5,67,NA
2021-04-13 23:00:00,1016,1018.4,20,69,NA
2021-04-14 00:00:00,NA,1018.9,19.7,70,NA
2021-04-15 00:00:00,1010.1,NA,NA,NA,NA
2021-04-15 09:00:00,1008.9,1011.4,17.8,98,NA
2021-04-15 10:00:00,1008.9,1011.4,17.2,98,NA
2021-04-15 11:00:00,1010,1012.4,17.4,98,NA
2021-04-15 12:00:00,1010,1012.4,19,96,NA
2021-04-15 13:00:00,1010.6,1013.1,20.8,89,NA
2021-04-15 14:00:00,1010.6,1013.1,22,83,NA
2021-04-15 15:00:00,1010.6,1013.1,23.4,72,NA
2021-04-15 16:00:00,1010.2,1012.7,24.4,70,NA
2021-04-15 17:00:00,1010.2,1012.7,25.6,63,NA
2021-04-15 18:00:00,1010.2,1012.7,26.4,61,NA
2021-04-15 19:00:00,1009.2,1011.6,26.4,59,NA
2021-04-15 20:00:00,1009.2,1011.6,25.6,66,NA
2021-04-15 21:00:00,NA,1010.8,24.8,73,NA
2021-04-15 22:00:00,1008.1,1010.6,22.4,83,NA
2021-04-15 23:00:00,1008.8,1011.3,21.4,86,NA
2021-04-16 00:00:00,NA,1011.3,20.6,86,NA
2021-04-17 00:00:00,1010.6,NA,NA,NA,NA
2021-04-17 09:00:00,1012.6,1015.1,14.8,99,NA
2021-04-17 10:00:00,1013.6,1016,15.9,99,NA
2021-04-17 11:00:00,1013.7,1016.2,16.4,99,NA
2021-04-17 12:00:00,1014.5,1017,18,96,NA
2021-04-17 13:00:00,1014.6,1017.1,20.4,86,NA
2021-04-17 14:00:00,1014.5,1017,23.4,74,NA
2021-04-17 15:00:00,1014.5,1017.1,24.4,68,NA
2021-04-17 16:00:00,1013.6,1016.1,24.8,67,NA
2021-04-17 17:00:00,1013,1015.5,26.2,62,NA
2021-04-17 18:00:00,1012.2,1014.7,26.6,60,NA
2021-04-17 19:00:00,1012.2,1014.7,26.4,60,NA
2021-04-17 20:00:00,1011.7,1014.1,26.4,60,NA
2021-04-17 21:00:00,1011.4,1014,25.2,66,NA
2021-04-17 22:00:00,1011.7,1014.2,23.2,75,NA
2021-04-17 23:00:00,1012,1014.4,22.4,79,NA
2021-04-18 00:00:00,NA,1015.2,21.3,86,NA
2021-04-19 00:00:00,1012.9,NA,NA,NA,NA
2021-04-19 09:00:00,1015.3,1017.8,15.8,96,NA
2021-04-19 10:00:00,1016,1018.4,15.4,96,NA
2021-04-19 11:00:00,1016.6,1019.1,15.9,93,NA
2021-04-19 12:00:00,1017,1019.5,17.6,86,NA
2021-04-19 13:00:00,1017.3,1019.8,19.3,79,NA
2021-04-19 14:00:00,1017.4,1019.9,21.4,69,NA
2021-04-19 15:00:00,1017,1019.5,22.1,66,NA
2021-04-19 16:00:00,1016,1018.4,23.8,58,NA
2021-04-19 17:00:00,1015,1017.5,25,55,NA
2021-04-19 18:00:00,1014.2,1016.7,25.7,49,NA
2021-04-19 19:00:00,1014.2,1016.7,25.8,50,NA
2021-04-19 20:00:00,1014.4,1016.8,25.2,52,NA
2021-04-19 21:00:00,1014,1016.5,25.9,50,NA
2021-04-19 22:00:00,1013.8,1016.3,22.4,60,NA
2021-04-19 23:00:00,1013.8,1016.3,21.6,63,NA
2021-04-20 00:00:00,NA,1017,20.4,71,NA
2021-04-21 00:00:00,1012.9,NA,NA,NA,NA
2021-04-21 09:00:00,1012.8,1015.2,16.4,94,NA
2021-04-21 10:00:00,1012.8,1015.2,16.2,94,NA
2021-04-21 11:00:00,1013.2,1015.6,16.4,94,NA
2021-04-21 12:00:00,1013.2,1015.6,18.2,87,NA
2021-04-21 13:00:00,1014.1,1016.6,19.8,78,NA
2021-04-21 14:00:00,1014.1,1016.6,22,72,NA
2021-04-21 15:00:00,1012.8,1015.2,23.8,63,NA
2021-04-21 16:00:00,1012.8,1015.2,25.6,61,NA
2021-04-21 17:00:00,1012.8,1015.2,26,59,NA
2021-04-21 18:00:00,1010.1,1012.6,26.2,60,NA
2021-04-21 19:00:00,1010,1012.4,27,59,NA
2021-04-21 20:00:00,1009.8,1012.3,27,59,NA
2021-04-21 21:00:00,1009.8,1012.3,24.6,69,NA
2021-04-21 22:00:00,1011.2,1013.6,23.4,74,NA
2021-04-21 23:00:00,1011.3,1013.8,22.2,78,NA
2021-04-22 00:00:00,NA,1013.6,21.8,79,NA
2021-04-23 00:00:00,1009.8,NA,NA,NA,NA
2021-04-23 09:00:00,NA,1012.2,17.3,90,NA
2021-04-23 10:00:00,NA,1012.8,16.8,91,NA
2021-04-23 11:00:00,NA,1012.7,16.9,89,NA
2021-04-23 12:00:00,NA,1012.9,18.6,83,NA
2021-04-23 13:00:00,NA,1012.5,20.9,74,NA
2021-04-23 14:00:00,NA,1012.3,21.8,74,NA
2021-04-23 15:00:00,NA,1011.3,25,61,NA
2021-04-23 16:00:00,NA,1010.8,26,60,NA
2021-04-23 17:00:00,NA,1010.1,27,56,NA
2021-04-23 18:00:00,NA,1009.4,27.6,55,NA
2021-04-23 19:00:00,NA,1009.4,26.8,58,NA
2021-04-23 20:00:00,NA,1009.1,24.8,74,NA
2021-04-23 21:00:00,NA,1009.1,24.1,76,NA
2021-04-23 22:00:00,NA,1009.1,23.8,74,NA
2021-04-23 23:00:00,NA,1009.9,23.1,77,NA
2021-04-24 00:00:00,NA,1009.6,21.5,90,NA
2021-04-25 09:00:00,NA,1017,10.6,90,NA
2021-04-25 10:00:00,NA,1017,9.6,90,NA
2021-04-25 11:00:00,NA,1018,9.8,92,NA
2021-04-25 12:00:00,NA,1018,12.4,86,NA
2021-04-25 13:00:00,NA,1018.6,14.4,80,NA
2021-04-25 14:00:00,NA,1018.5,16.4,72,NA
2021-04-25 15:00:00,NA,1018.3,17.8,64,NA
2021-04-25 16:00:00,NA,1018.3,18,62,NA
2021-04-25 17:00:00,NA,1017.4,18.6,58,NA
2021-04-25 18:00:00,NA,NA,NA,NA,NA
2021-04-25 19:00:00,NA,1017.4,19.8,56,NA
2021-04-25 20:00:00,NA,1017,19.6,57,NA
2021-04-25 21:00:00,NA,1017,18.2,63,NA
2021-04-25 22:00:00,NA,1016.8,16,71,NA
2021-04-25 23:00:00,NA,1016.9,14,78,NA
2021-04-26 00:00:00,NA,1016.7,13.8,80,NA
2021-04-27 09:00:00,NA,1018.1,10.4,97,NA
2021-04-27 10:00:00,NA,NA,10.2,97,NA
2021-04-27 11:00:00,NA,1019.6,9.1,96,NA
2021-04-27 12:00:00,NA,1019.8,12.4,93,NA
2021-04-27 13:00:00,NA,1020.1,16.2,78,NA
2021-04-27 14:00:00,NA,1020.1,18.8,68,NA
2021-04-27 15:00:00,NA,1019.7,20.6,60,NA
2021-04-27 16:00:00,NA,1018.9,21.7,54,NA
2021-04-27 17:00:00,NA,1018.6,21.5,56,NA
2021-04-27 18:00:00,NA,1018,21.2,54,NA
2021-04-27 19:00:00,NA,1017.2,22.6,52,NA
2021-04-27 20:00:00,NA,1017.1,22.1,52,NA
2021-04-27 21:00:00,NA,1017.1,20.5,60,NA
2021-04-27 22:00:00,NA,1017.1,18.8,64,NA
2021-04-27 23:00:00,NA,1017.1,17.2,71,NA
2021-04-28 00:00:00,1014.8,NA,15.7,77,NA
2021-04-28 09:00:00,1016.6,NA,9.5,98,NA
2021-04-28 10:00:00,1017.4,NA,8.9,94,NA
2021-04-28 11:00:00,1018.4,NA,10,94,NA
2021-04-28 12:00:00,1019.2,NA,12.2,91,NA
2021-04-28 13:00:00,1019.2,NA,16.8,74,NA
2021-04-28 14:00:00,1019.3,NA,18.7,70,NA
2021-04-28 15:00:00,1019.3,NA,22,56,NA
2021-04-28 16:00:00,1018.8,NA,23.2,55,NA
2021-04-28 17:00:00,1018.4,NA,23.7,52,NA
2021-04-28 18:00:00,1017.7,NA,23.9,52,NA
2021-04-28 19:00:00,1017.3,NA,23.2,53,NA
2021-04-28 20:00:00,1017.3,NA,23.4,50,NA
2021-04-28 21:00:00,1017.4,NA,21.8,56,NA
2021-04-28 23:00:00,1017.7,NA,18.2,71,NA
2021-04-29 09:00:00,NA,1021.4,9.4,95,NA
2021-04-29 10:00:00,NA,1021.5,8.4,92,NA
2021-04-29 11:00:00,NA,1022.5,9.2,97,NA
2021-04-29 12:00:00,NA,1022.5,13,88,NA
2021-04-29 13:00:00,NA,1022.4,16.8,80,NA
2021-04-29 14:00:00,NA,1023.4,19.6,68,NA
2021-04-29 15:00:00,NA,1023.4,21.4,59,NA
2021-04-29 16:00:00,NA,1022.4,22.2,56,NA
2021-04-29 17:00:00,NA,1022.4,22.8,53,NA
2021-04-29 18:00:00,NA,1022.2,23.2,52,NA
2021-04-29 19:00:00,NA,1019.3,23.2,54,NA
2021-04-29 20:00:00,NA,1019.3,22.4,54,NA
2021-04-29 21:00:00,NA,1019.2,20.6,64,NA
2021-04-29 22:00:00,NA,1020.6,18.4,73,NA
2021-04-29 23:00:00,NA,1020.6,17.2,77,NA
2021-04-30 00:00:00,1018,NA,16,81,NA
2021-04-30 09:00:00,1017.2,NA,10.3,96,NA
2021-04-30 10:00:00,1017.3,NA,10.1,97,NA
2021-04-30 11:00:00,1017.6,NA,10.1,96,NA
2021-04-30 12:00:00,1018,NA,12,90,NA
2021-04-30 13:00:00,1017.7,NA,16,81,NA
2021-04-30 14:00:00,1017.3,NA,19.6,68,NA
2021-04-30 15:00:00,1017.3,NA,21.5,60,NA
2021-04-30 16:00:00,1016.2,NA,22.5,52,NA
2021-04-30 17:00:00,1015.3,NA,23.6,50,NA
2021-04-30 18:00:00,1014.4,NA,24.4,49,NA
2021-04-30 19:00:00,1013.4,NA,24.3,48,NA
2021-04-30 20:00:00,1013.2,NA,24.2,50,NA
2021-04-30 21:00:00,1012.5,NA,22.7,56,NA
2021-04-30 22:00:00,1012.5,NA,19.9,63,NA
2021-04-30 23:00:00,1012.5,NA,18.8,66,NA
2021-05-01 09:00:00,NA,1015.5,12.5,91,NA
2021-05-01 10:00:00,NA,1015.5,12.3,92,NA
2021-05-01 11:00:00,NA,1016.3,12.1,92,NA
2021-05-01 12:00:00,NA,1016.3,14.1,86,NA
2021-05-01 13:00:00,NA,1016.7,18.2,74,NA
2021-05-01 14:00:00,NA,1016.5,21.7,65,NA
2021-05-01 15:00:00,NA,1015.9,24.1,57,NA
2021-05-01 16:00:00,NA,1015.4,25.9,48,NA
2021-05-01 17:00:00,NA,1014.3,26.6,44,NA
2021-05-01 18:00:00,NA,1013.7,26.9,46,NA
2021-05-01 19:00:00,NA,1012.8,26.8,44,NA
2021-05-01 20:00:00,NA,1012.2,26,49,NA
2021-05-01 21:00:00,NA,1012.2,23.3,57,NA
2021-05-01 22:00:00,NA,1012.6,21.4,62,NA
2021-05-01 23:00:00,NA,1013.6,19.8,65,NA
2021-05-02 00:00:00,1010.9,NA,19.4,66,NA
2021-05-02 09:00:00,1010.9,NA,14.2,87,NA
2021-05-02 10:00:00,1011.4,NA,14,89,NA
2021-05-02 11:00:00,1011.8,NA,14,90,NA
2021-05-02 12:00:00,1012,NA,15.9,84,NA
2021-05-02 13:00:00,1011.8,NA,20.2,73,NA
2021-05-02 14:00:00,1012,NA,22.6,63,NA
2021-05-02 15:00:00,1011.6,NA,25.7,59,NA
2021-05-02 16:00:00,1011.2,NA,26.6,65,NA
2021-05-02 17:00:00,1009.8,NA,28.2,53,NA
2021-05-02 18:00:00,1008.2,NA,28.3,53,NA
2021-05-02 19:00:00,1007.7,NA,27.8,55,NA
2021-05-02 20:00:00,1007.4,NA,27,59,NA
2021-05-02 21:00:00,1007.8,NA,25.8,64,NA
2021-05-02 22:00:00,1007.8,NA,23.5,71,NA
2021-05-02 23:00:00,1008,NA,22.3,76,NA
2021-05-03 09:00:00,NA,1008.9,17.2,88,NA
2021-05-03 10:00:00,NA,1008.9,16,98,NA
2021-05-03 11:00:00,NA,1008.9,17.8,88,NA
2021-05-03 12:00:00,NA,1008.9,20.4,82,NA
2021-05-03 13:00:00,NA,1009.3,22,81,NA
2021-05-03 14:00:00,NA,1009.3,22.4,78,NA
2021-05-03 15:00:00,NA,1008.6,26.8,68,NA
2021-05-03 16:00:00,NA,1008.6,28.8,63,NA
2021-05-03 17:00:00,NA,1005.7,29.6,61,NA
2021-05-03 18:00:00,NA,1005.7,27.4,70,NA
2021-05-03 19:00:00,NA,1004.8,27,76,NA
2021-05-03 20:00:00,NA,1004.8,26.2,75,NA
2021-05-03 21:00:00,NA,1005.1,24.2,88,NA
2021-05-03 22:00:00,NA,1005.1,22.8,96,NA
2021-05-03 23:00:00,NA,1006.1,22,100,NA
2021-05-04 00:00:00,1003.7,NA,22,100,NA
2021-05-04 09:00:00,1012.8,NA,14,86,NA
2021-05-04 10:00:00,1014.2,NA,13.4,86,NA
2021-05-04 11:00:00,1015.6,NA,13,87,NA
2021-05-04 12:00:00,1016.9,NA,13,82,NA
2021-05-04 13:00:00,1017.7,NA,14.2,67,NA
2021-05-04 14:00:00,1018.2,NA,15.3,64,NA
2021-05-04 15:00:00,1018.4,NA,16.2,63,NA
2021-05-04 16:00:00,1018.5,NA,16.6,61,NA
2021-05-04 17:00:00,1018.4,NA,16.6,57,NA
2021-05-04 18:00:00,1018.4,NA,17.2,56,NA
2021-05-04 19:00:00,1018.9,NA,17.1,53,NA
2021-05-04 20:00:00,1018.9,NA,16.1,58,NA
2021-05-04 21:00:00,1019.6,NA,14.8,66,NA
2021-05-04 22:00:00,1020,NA,13.3,74,NA
2021-05-04 23:00:00,1021,NA,11.9,82,NA
2021-05-05 09:00:00,NA,1024.5,9.4,89,NA
2021-05-05 10:00:00,NA,1024.6,9,92,NA
2021-05-05 11:00:00,NA,1024.8,8.6,92,NA
2021-05-05 12:00:00,NA,1024.8,10.2,88,NA
2021-05-05 13:00:00,NA,1024.8,13,75,NA
2021-05-05 14:00:00,NA,1024.8,14.4,62,NA
2021-05-05 15:00:00,NA,1024.7,14.8,53,NA
2021-05-05 16:00:00,NA,1024.8,16,54,NA
2021-05-05 17:00:00,NA,1023,16.2,51,NA
2021-05-05 18:00:00,NA,1023,15.8,50,NA
2021-05-05 19:00:00,NA,1022.5,15.8,50,NA
2021-05-05 20:00:00,NA,1022.5,15.6,56,NA
2021-05-05 21:00:00,NA,1022.7,12.8,70,NA
2021-05-05 22:00:00,NA,1023.3,12.4,72,NA
2021-05-05 23:00:00,NA,1023.3,11.6,72,NA
2021-05-06 00:00:00,1020.8,NA,10.2,79,NA
2021-05-06 09:00:00,1021.7,NA,3.4,96,NA
2021-05-06 10:00:00,1022.4,NA,3.6,96,NA
2021-05-06 11:00:00,1023.8,NA,3.2,96,NA
2021-05-06 12:00:00,1023.3,NA,5.8,94,NA
2021-05-06 13:00:00,1023.8,NA,10.9,74,NA
2021-05-06 14:00:00,1023.7,NA,13.4,58,NA
2021-05-06 15:00:00,1023.4,NA,14.3,54,NA
2021-05-06 16:00:00,1022.6,NA,15.6,50,NA
2021-05-06 17:00:00,1022,NA,16.2,48,NA
2021-05-06 18:00:00,1021.4,NA,16.7,48,NA
2021-05-06 19:00:00,1021.2,NA,16.8,48,NA
2021-05-06 20:00:00,1020.6,NA,16.6,46,NA
2021-05-06 21:00:00,1020.5,NA,15.2,54,NA
2021-05-06 22:00:00,1020.5,NA,12.3,65,NA
2021-05-06 23:00:00,1021,NA,10.5,73,NA
2021-05-07 09:00:00,NA,1024.1,3.5,91,NA
2021-05-07 10:00:00,NA,1024.2,2,93,NA
2021-05-07 11:00:00,NA,1024.8,1.7,95,NA
2021-05-07 12:00:00,NA,1025.5,4.8,86,NA
2021-05-07 13:00:00,NA,1025.9,10.3,72,NA
2021-05-07 14:00:00,NA,1025.8,14.1,63,NA
2021-05-07 15:00:00,NA,1025.6,16.3,50,NA
2021-05-07 16:00:00,NA,1025.1,17.1,45,NA
2021-05-07 17:00:00,NA,1024.6,18.1,47,NA
2021-05-07 18:00:00,NA,1024.1,19.1,42,NA
2021-05-07 19:00:00,NA,1023.8,19.2,42,NA
2021-05-07 20:00:00,NA,1023.7,18.2,58,NA
2021-05-07 21:00:00,NA,1023.7,16.5,59,NA
2021-05-07 22:00:00,NA,1024.2,13.4,72,NA
2021-05-07 23:00:00,NA,1024,12.8,69,NA
2021-05-08 00:00:00,1021.6,NA,12.2,71,NA
2021-05-08 09:00:00,1022.1,NA,7.4,96,NA
2021-05-08 10:00:00,1022.2,NA,6.7,95,NA
2021-05-08 11:00:00,1022.8,NA,8,94,NA
2021-05-08 12:00:00,1022.9,NA,10.7,85,NA
2021-05-08 13:00:00,1022.8,NA,13.4,78,NA
2021-05-08 14:00:00,1023.4,NA,15.6,69,NA
2021-05-08 15:00:00,1023.4,NA,17.3,62,NA
2021-05-08 16:00:00,1022.9,NA,18.4,57,NA
2021-05-08 17:00:00,1021.8,NA,19.3,56,NA
2021-05-08 18:00:00,1020.2,NA,19.7,54,NA
2021-05-08 19:00:00,1020.4,NA,19.7,51,NA
2021-05-08 20:00:00,1019.7,NA,19,55,NA
2021-05-08 21:00:00,1019.6,NA,17.7,62,NA
2021-05-08 22:00:00,1019.6,NA,15.6,72,NA
2021-05-08 23:00:00,1019.6,NA,14.9,75,NA
2021-05-09 09:00:00,NA,1021.1,9.3,96,NA
2021-05-09 10:00:00,NA,1020.7,8.2,99,NA
2021-05-09 11:00:00,NA,1021.5,8.1,100,NA
2021-05-09 12:00:00,NA,1021.5,10,96,NA
2021-05-09 13:00:00,NA,1021.6,13.7,83,NA
2021-05-09 14:00:00,NA,1021.5,17,73,NA
2021-05-09 15:00:00,NA,1021.1,17.8,71,NA
2021-05-09 16:00:00,NA,1019.9,18.7,69,NA
2021-05-09 17:00:00,NA,1019.3,19.6,66,NA
2021-05-09 18:00:00,NA,1018.2,20,65,NA
2021-05-09 19:00:00,NA,1017.9,20.3,64,NA
2021-05-09 20:00:00,NA,1017.7,19.8,69,NA
2021-05-09 21:00:00,NA,1018.1,18.6,78,NA
2021-05-09 22:00:00,NA,1018.3,17.6,82,NA
2021-05-09 23:00:00,NA,1018.5,17.1,85,NA
2021-05-10 00:00:00,1015.8,NA,16.5,87,NA
2021-05-10 09:00:00,1016,NA,13.5,96,NA
2021-05-10 10:00:00,1016.1,NA,12.5,97,NA
2021-05-10 11:00:00,1017.6,NA,12.4,98,NA
2021-05-10 12:00:00,1018.2,NA,14,95,NA
2021-05-10 13:00:00,1018.9,NA,15.6,83,NA
2021-05-10 14:00:00,1019,NA,17.8,73,NA
2021-05-10 15:00:00,1019,NA,18,69,NA
2021-05-10 16:00:00,1018.9,NA,17.2,72,NA
2021-05-10 17:00:00,1018.8,NA,16.7,73,NA
2021-05-10 18:00:00,1018,NA,17,70,NA
2021-05-10 19:00:00,1017.6,NA,16.7,75,NA
2021-05-10 21:00:00,1018.1,NA,14.8,78,NA
2021-05-10 22:00:00,1018.4,NA,13.7,84,NA
2021-05-10 23:00:00,1018.9,NA,12.7,82,NA
2021-05-11 09:00:00,NA,1022.2,5,91,NA
2021-05-11 10:00:00,NA,1022.2,5.2,88,NA
2021-05-11 11:00:00,NA,1022.9,2.6,93,NA
2021-05-11 12:00:00,NA,1022.8,6.8,92,NA
2021-05-11 13:00:00,NA,1023.1,12,83,NA
2021-05-11 14:00:00,NA,1023.1,13.6,61,NA
2021-05-11 15:00:00,NA,1023.5,15.2,48,NA
2021-05-11 16:00:00,NA,1023.5,16,47,NA
2021-05-11 17:00:00,NA,1023.2,16.8,47,NA
2021-05-11 18:00:00,NA,1023.2,16.8,47,NA
2021-05-11 19:00:00,NA,1023.2,16.8,47,NA
2021-05-11 20:00:00,NA,1021.2,16.2,47,NA
2021-05-11 21:00:00,NA,1021.2,14.8,57,NA
2021-05-11 22:00:00,NA,1021.1,11,74,NA
2021-05-11 23:00:00,1018.5,NA,8.2,75,NA
2021-05-12 00:00:00,1018.5,NA,8.8,76,NA
2021-05-12 09:00:00,1018.4,NA,1.8,92,NA
2021-05-12 10:00:00,1018.4,NA,2,92,NA
2021-05-12 11:00:00,1019.6,NA,1.4,94,NA
2021-05-12 12:00:00,1020.2,NA,2.5,91,NA
2021-05-12 13:00:00,1020.8,NA,10.4,68,NA
2021-05-12 14:00:00,1020.8,NA,14.9,55,NA
2021-05-12 15:00:00,1020,NA,17.3,45,NA
2021-05-12 16:00:00,1019.2,NA,17.9,44,NA
2021-05-12 17:00:00,1017.7,NA,19,41,NA
2021-05-12 18:00:00,1017.3,NA,19.8,40,NA
2021-05-12 19:00:00,1016.5,NA,19.6,38,NA
2021-05-12 20:00:00,1016.4,NA,19.1,39,NA
2021-05-12 21:00:00,1016.2,NA,16.2,54,NA
2021-05-12 23:00:00,1016.6,NA,12,66,NA
2021-05-13 09:00:00,NA,1019.9,2.4,95,NA
2021-05-13 10:00:00,NA,1020.5,4.6,93,NA
2021-05-13 11:00:00,NA,1021.1,4.4,93,NA
2021-05-13 12:00:00,NA,1021,6.2,88,NA
2021-05-13 13:00:00,NA,1021.6,10.8,78,NA
2021-05-13 14:00:00,NA,1021.8,15.3,62,NA
2021-05-13 15:00:00,NA,1021.8,17.8,55,NA
2021-05-13 16:00:00,NA,1021.1,19,50,NA
2021-05-13 17:00:00,NA,1020.5,20.6,45,NA
2021-05-13 18:00:00,NA,1020.1,20.6,45,NA
2021-05-13 19:00:00,NA,1019.6,20.4,47,NA
2021-05-13 20:00:00,NA,1019.4,20,44,NA
2021-05-13 21:00:00,NA,1019.6,17.8,51,NA
2021-05-13 22:00:00,NA,1019.9,15.4,56,NA
2021-05-13 23:00:00,NA,1020.3,13.6,66,NA
2021-05-14 00:00:00,1018.1,NA,13,68,NA
2021-05-14 09:00:00,1017.8,NA,7.1,91,NA
2021-05-14 10:00:00,1017.7,NA,5.7,94,NA
2021-05-14 11:00:00,1017.4,NA,5.4,96,NA
2021-05-14 12:00:00,1018.5,NA,6.6,92,NA
2021-05-14 13:00:00,1018.8,NA,11,81,NA
2021-05-14 14:00:00,1018.8,NA,15.5,66,NA
2021-05-14 15:00:00,1018.9,NA,17.2,59,NA
2021-05-14 16:00:00,1017.7,NA,19,51,NA
2021-05-14 17:00:00,1016.8,NA,20,43,NA
2021-05-14 18:00:00,1016,NA,20.7,39,NA
2021-05-14 19:00:00,1015.3,NA,20.6,41,NA
2021-05-14 20:00:00,1015.2,NA,19.8,46,NA
2021-05-14 21:00:00,1015.3,NA,17.2,56,NA
2021-05-14 22:00:00,1014.9,NA,14.2,67,NA
2021-05-14 23:00:00,1015.6,NA,13.5,68,NA
2021-05-15 09:00:00,NA,1017.8,4.4,93,NA
2021-05-15 10:00:00,NA,1017.7,4,93,NA
2021-05-15 11:00:00,NA,1017.7,4.6,97,NA
2021-05-15 12:00:00,NA,1020.3,6.4,88,NA
2021-05-15 13:00:00,NA,1020.3,12,74,NA
2021-05-15 14:00:00,NA,1019.6,14.8,64,NA
2021-05-15 15:00:00,NA,1019.6,19.4,43,NA
2021-05-15 16:00:00,NA,1018.6,20,41,NA
2021-05-15 17:00:00,NA,1018.5,21,37,NA
2021-05-15 18:00:00,NA,1017.1,21.4,36,NA
2021-05-15 19:00:00,NA,1017.1,21.4,36,NA
2021-05-15 20:00:00,NA,1017.1,20.4,34,NA
2021-05-15 21:00:00,NA,1016.8,18.6,48,NA
2021-05-15 22:00:00,NA,1016.8,15.4,57,NA
2021-05-15 23:00:00,NA,1017.5,14.2,64,NA
2021-05-16 00:00:00,1014.9,NA,12.8,70,NA
2021-05-16 09:00:00,1015,NA,7.8,90,NA
2021-05-16 10:00:00,1015,NA,8.8,83,NA
2021-05-16 11:00:00,1015.2,NA,7.6,87,NA
2021-05-16 12:00:00,1015.4,NA,8.6,85,NA
2021-05-16 13:00:00,1015.6,NA,12.9,66,NA
2021-05-16 14:00:00,1015.6,NA,15,58,NA
2021-05-16 15:00:00,1015.6,NA,16.1,60,NA
2021-05-16 16:00:00,1015.3,NA,18.1,57,NA
2021-05-16 17:00:00,1014.8,NA,19,57,NA
2021-05-16 18:00:00,1014.1,NA,20.1,53,NA
2021-05-16 19:00:00,1014,NA,20.6,53,NA
2021-05-16 20:00:00,1014,NA,20,53,NA
2021-05-16 21:00:00,1013.8,NA,18.6,61,NA
2021-05-16 22:00:00,1014,NA,15.6,66,NA
2021-05-16 23:00:00,1014.1,NA,13.6,78,NA
2021-05-17 09:00:00,NA,1019.2,3.5,99,NA
2021-05-17 10:00:00,NA,1019.8,2.7,98,NA
2021-05-17 11:00:00,NA,1020.2,3.2,99,NA
2021-05-17 12:00:00,NA,1020.8,6,94,NA
2021-05-17 13:00:00,NA,1020.9,10.8,97,NA
2021-05-17 14:00:00,NA,1021.1,14.7,75,NA
2021-05-17 15:00:00,NA,1020.7,16.5,69,NA
2021-05-17 16:00:00,NA,1019,17.4,62,NA
2021-05-17 17:00:00,NA,1019.7,17.9,58,NA
2021-05-17 18:00:00,NA,1019.4,18.5,58,NA
2021-05-17 19:00:00,NA,1019.2,19.1,58,NA
2021-05-17 20:00:00,NA,1019.5,18.3,59,NA
2021-05-17 21:00:00,NA,1019.6,16.8,67,NA
2021-05-17 22:00:00,NA,1019.6,13.7,79,NA
2021-05-17 23:00:00,NA,1020,12.3,80,NA
2021-05-18 00:00:00,1017.7,NA,11.6,83,NA
2021-05-18 09:00:00,1017.4,NA,3.6,95,NA
2021-05-18 10:00:00,1017.2,NA,4,95,NA
2021-05-18 11:00:00,1017.6,NA,3.2,93,NA
2021-05-18 12:00:00,1018,NA,7.4,94,NA
2021-05-18 13:00:00,1018.5,NA,11.7,79,NA
2021-05-18 14:00:00,1018.2,NA,14,67,NA
2021-05-18 15:00:00,1017.4,NA,15.3,62,NA
2021-05-18 16:00:00,1016.8,NA,16.6,50,NA
2021-05-18 17:00:00,1015.8,NA,18.2,45,NA
2021-05-18 18:00:00,1014.8,NA,18.6,43,NA
2021-05-18 19:00:00,1014.5,NA,18.7,37,NA
2021-05-18 20:00:00,1014.2,NA,17.5,52,NA
2021-05-18 21:00:00,1013.8,NA,15.2,61,NA
2021-05-18 22:00:00,1013.8,NA,14,67,NA
2021-05-18 23:00:00,1014.5,NA,13.4,62,NA
2021-05-19 09:00:00,NA,1016,7.6,92,NA
2021-05-19 10:00:00,NA,1016,8,86,NA
2021-05-19 11:00:00,NA,1016.3,7.2,94,NA
2021-05-19 12:00:00,NA,1016.3,10,85,NA
2021-05-19 13:00:00,NA,1016.7,11.4,81,NA
2021-05-19 14:00:00,NA,1016.5,13.6,69,NA
2021-05-19 15:00:00,NA,1015.5,15.2,65,NA
2021-05-19 16:00:00,NA,1015.5,17,58,NA
2021-05-19 17:00:00,NA,1014.1,18.8,43,NA
2021-05-19 18:00:00,NA,1012.8,19.4,40,NA
2021-05-19 19:00:00,NA,1012.8,19,42,NA
2021-05-19 20:00:00,NA,1013,18.4,46,NA
2021-05-19 21:00:00,NA,1013.2,17.6,55,NA
2021-05-19 22:00:00,NA,1013.2,16.8,59,NA
2021-05-19 23:00:00,1010.6,NA,16.4,58,NA
2021-05-20 00:00:00,1010.5,NA,15.2,69,NA
2021-05-20 09:00:00,1010.8,NA,12.8,79,NA
2021-05-20 10:00:00,1010.6,NA,12.1,87,NA
2021-05-20 11:00:00,1010.6,NA,11.8,87,NA
2021-05-20 12:00:00,1010.9,NA,12.1,84,NA
2021-05-20 13:00:00,1010.9,NA,12.9,82,NA
2021-05-20 14:00:00,1011.6,NA,14,78,NA
2021-05-20 16:00:00,1009.8,NA,15.4,68,NA
2021-05-20 17:00:00,1008.8,NA,16,67,NA
2021-05-20 18:00:00,1008.6,NA,11.4,92,NA
2021-05-20 19:00:00,1008.1,NA,16.7,64,NA
2021-05-20 20:00:00,1007.7,NA,15.5,74,NA
2021-05-20 22:00:00,1007,NA,14.2,82,NA
2021-05-20 23:00:00,1007.8,NA,13.9,84,NA
2021-05-21 09:00:00,NA,1008.7,12,93,NA
2021-05-21 10:00:00,NA,1008.6,12.5,89,NA
2021-05-21 11:00:00,NA,1007.5,12.5,89,NA
2021-05-21 12:00:00,NA,1008.3,12.8,88,NA
2021-05-21 13:00:00,NA,1008.3,13.4,86,NA
2021-05-21 14:00:00,NA,1007.9,13,94,NA
2021-05-21 15:00:00,NA,1008,13.4,96,NA
2021-05-21 16:00:00,NA,1007.9,13.5,96,NA
2021-05-21 17:00:00,NA,1006.7,13.4,97,NA
2021-05-21 18:00:00,NA,1005.9,13.4,97,NA
2021-05-21 19:00:00,NA,1005.9,13.7,97,NA
2021-05-21 20:00:00,NA,1005.8,13.9,97,NA
2021-05-21 21:00:00,NA,1005.8,14.2,96,NA
2021-05-21 22:00:00,NA,1005.3,14.2,97,NA
2021-05-21 23:00:00,NA,1005.7,14.1,99,NA
2021-05-22 00:00:00,1002.9,NA,14,97,NA
2021-05-22 09:00:00,999.2,NA,11.3,94,NA
2021-05-22 10:00:00,998.9,NA,11.4,93,NA
2021-05-22 11:00:00,998.9,NA,11.3,96,NA
2021-05-22 12:00:00,998.9,NA,11.2,96,NA
2021-05-22 13:00:00,998.9,NA,11.4,92,NA
2021-05-22 14:00:00,998.5,NA,12,89,NA
2021-05-22 15:00:00,998.1,NA,12,88,NA
2021-05-22 16:00:00,997.4,NA,11.8,91,NA
2021-05-22 17:00:00,996.5,NA,11.8,90,NA
2021-05-22 18:00:00,995.8,NA,11.4,92,NA
2021-05-22 19:00:00,995.2,NA,11.5,92,NA
2021-05-22 20:00:00,994.6,NA,11.5,92,NA
2021-05-22 21:00:00,994.5,NA,12.2,88,NA
2021-05-22 22:00:00,996.2,NA,12,90,NA
2021-05-22 23:00:00,997.4,NA,11.8,90,NA
2021-05-23 09:00:00,NA,1008.3,10.8,88,NA
2021-05-23 10:00:00,NA,1008.3,10.8,88,NA
2021-05-23 11:00:00,NA,1009.7,10,90,NA
2021-05-23 12:00:00,NA,1009.7,11,85,NA
2021-05-23 13:00:00,NA,1011.7,12,81,NA
2021-05-23 14:00:00,NA,1011.7,12.8,77,NA
2021-05-23 15:00:00,NA,1011.8,13.8,72,NA
2021-05-23 16:00:00,NA,1011.8,14,66,NA
2021-05-23 17:00:00,NA,1011.7,15.2,61,NA
2021-05-23 18:00:00,NA,1011.7,14.8,66,NA
2021-05-23 19:00:00,NA,1011.7,14,67,NA
2021-05-23 20:00:00,NA,1011.7,13.8,67,NA
2021-05-23 21:00:00,NA,1013,12.8,77,NA
2021-05-23 22:00:00,NA,1013,12.2,81,NA
2021-05-23 23:00:00,NA,1013.5,11.8,83,NA
2021-05-24 00:00:00,NA,1013.5,11.4,83,NA
2021-05-25 09:00:00,NA,1013.8,7.8,85,NA
2021-05-25 10:00:00,NA,1014.4,8.8,80,NA
2021-05-25 11:00:00,NA,1015.5,8.3,84,NA
2021-05-25 12:00:00,NA,1015.9,9.5,80,NA
2021-05-25 13:00:00,NA,1016.8,12.2,72,NA
2021-05-25 14:00:00,NA,1017.3,15,66,NA
2021-05-25 15:00:00,NA,1017.3,16.4,59,NA
2021-05-25 16:00:00,NA,1017.2,17.8,57,NA
2021-05-25 17:00:00,NA,1016.9,19,51,NA
2021-05-25 18:00:00,NA,1016.5,19.5,44,NA
2021-05-25 19:00:00,NA,1016.4,19.5,44,NA
2021-05-25 20:00:00,NA,1016.1,19.1,47,NA
2021-05-25 21:00:00,NA,1016.3,17.1,57,NA
2021-05-25 22:00:00,NA,1016.7,14.2,71,NA
2021-05-25 23:00:00,NA,1017.3,12.5,74,NA
2021-05-26 00:00:00,NA,1018,11.5,82,NA
2021-05-27 09:00:00,NA,1014,9.2,89,NA
2021-05-27 10:00:00,NA,1014,8.6,87,NA
2021-05-27 11:00:00,NA,1013.3,8.4,89,NA
2021-05-27 12:00:00,NA,1013.2,10,87,NA
2021-05-27 13:00:00,NA,1013.8,13.8,78,NA
2021-05-27 14:00:00,NA,1012.1,17.6,67,NA
2021-05-27 15:00:00,NA,1012.1,20.2,60,NA
2021-05-27 16:00:00,NA,1011,21.8,52,NA
2021-05-27 17:00:00,1008.5,1011,22,54,NA
2021-05-27 18:00:00,1005.2,1007.6,22.6,43,NA
2021-05-27 19:00:00,1005.2,1007.6,22,48,NA
2021-05-27 20:00:00,1004.1,1006.6,20.6,57,NA
2021-05-27 21:00:00,1004.1,1006.7,17.2,71,NA
2021-05-27 22:00:00,1002.8,1005.3,15,77,NA
2021-05-27 23:00:00,1002.8,1005.3,14.4,80,NA
2021-05-28 00:00:00,NA,1005.2,14.4,80,NA
2021-05-29 00:00:00,1002.1,NA,NA,NA,NA
2021-05-29 09:00:00,1006.9,1009.5,9.3,79,NA
2021-05-29 10:00:00,1008.2,1010.7,8.7,80,NA
2021-05-29 11:00:00,1009.2,1011.7,8.7,80,NA
2021-05-29 12:00:00,1010.4,1012.9,10.2,78,NA
2021-05-29 13:00:00,1011.7,1014.2,11.5,75,NA
2021-05-29 14:00:00,1012.8,1015.3,12.5,70,NA
2021-05-29 15:00:00,1013.3,1015.8,13.5,62,NA
2021-05-29 16:00:00,1013.6,1016.2,13.8,59,NA
2021-05-29 17:00:00,1013.3,1015.8,14.1,56,NA
2021-05-29 18:00:00,1012.9,1015.5,13.6,53,NA
2021-05-29 19:00:00,1013.2,1015.7,14.6,44,NA
2021-05-29 20:00:00,1013.7,1016.2,14,42,NA
2021-05-29 21:00:00,1014.1,1016.6,12,52,NA
2021-05-29 22:00:00,1014.2,1016.8,9.4,63,NA
2021-05-29 23:00:00,1014.8,1017.4,8.6,63,NA
2021-05-30 00:00:00,NA,1017.5,5.5,79,NA
2021-05-31 00:00:00,1016.1,NA,NA,NA,NA
2021-05-31 09:00:00,1014.1,1016.7,4.6,90,NA
2021-05-31 10:00:00,1013.6,1016.2,5.4,88,NA
2021-05-31 11:00:00,1014.5,1017.1,5.6,88,NA
2021-05-31 12:00:00,1014.4,1016.9,9.4,77,NA
2021-05-31 13:00:00,1014.8,1017.3,14.2,56,NA
2021-05-31 14:00:00,NA,1017.3,15.6,52,NA
2021-05-31 15:00:00,1014.8,1017.3,16.8,54,NA
2021-05-31 16:00:00,1013.4,1016,18.8,46,NA
2021-05-31 17:00:00,1013.4,1016,20.2,44,NA
2021-05-31 18:00:00,1014.4,1017.2,21.2,41,NA
2021-05-31 19:00:00,1011.8,1014.3,21.2,41,NA
2021-05-31 20:00:00,1011.8,1014.3,20.8,45,NA
2021-05-31 21:00:00,1011.2,1013.7,17.8,59,NA
2021-05-31 22:00:00,1011.2,1013.7,14.4,70,NA
2021-05-31 23:00:00,1011.4,1014,14,70,NA
2021-06-01 00:00:00,NA,1014,13,77,NA
2021-06-02 00:00:00,1004.8,NA,NA,NA,NA
2021-06-02 09:00:00,1008.1,1010.6,9,92,NA
2021-06-02 10:00:00,1009.3,1011.8,8.8,90,NA
2021-06-02 11:00:00,NA,1012.8,8.5,94,NA
2021-06-02 12:00:00,1010.5,1013.1,9.6,92,NA
2021-06-02 13:00:00,1009.4,1011.9,12.6,82,NA
2021-06-02 14:00:00,1011.3,1013.8,15.9,72,NA
2021-06-02 15:00:00,1011.6,1014.1,18.1,67,NA
2021-06-02 16:00:00,1011.7,1014.2,19.2,62,NA
2021-06-02 17:00:00,1010.5,1013,20.4,61,NA
2021-06-02 18:00:00,1010.4,1012.8,20.8,51,NA
2021-06-02 19:00:00,1010.2,1012.7,21.5,48,NA
2021-06-02 20:00:00,1011.4,1014,18,67,NA
2021-06-02 21:00:00,1012.2,1014.7,15.8,72,NA
2021-06-02 22:00:00,1012.5,1015,13.3,83,NA
2021-06-02 23:00:00,1012.5,1015,11.6,87,NA
2021-06-03 00:00:00,NA,1016.3,9.7,91,NA
2021-06-04 00:00:00,1008.5,NA,NA,NA,NA
2021-06-04 09:00:00,1007.2,1009.7,12.8,86,NA
2021-06-04 10:00:00,1007.2,1009.6,12.4,88,NA
2021-06-04 11:00:00,1007.7,1010.2,12.9,87,NA
2021-06-04 12:00:00,1007.8,1010.4,13.7,86,NA
2021-06-04 13:00:00,NA,1010.2,15.7,82,NA
2021-06-04 14:00:00,1007.6,1010,18.2,83,NA
2021-06-04 15:00:00,1007,1009.6,20,81,NA
2021-06-04 16:00:00,1006,1008.5,22.4,76,NA
2021-06-04 17:00:00,1005.2,1007.6,22.4,78,NA
2021-06-04 18:00:00,1004.1,1006.7,20.5,95,NA
2021-06-04 19:00:00,1003.4,1006,21.6,94,NA
2021-06-04 20:00:00,1003.2,1005.6,22.1,92,NA
2021-06-04 21:00:00,1003,1005.5,21.2,95,NA
2021-06-04 22:00:00,1003,1005.5,20.6,96,NA
2021-06-04 23:00:00,NA,1005.8,20.2,96,NA
2021-06-05 00:00:00,NA,1005.9,19.9,97,NA
2021-06-06 00:00:00,1015.2,NA,NA,NA,NA
2021-06-06 09:00:00,1017.8,1020.4,4,95,NA
2021-06-06 10:00:00,NA,1020.5,4.2,90,NA
2021-06-06 11:00:00,1018.4,1021,3.8,92,NA
2021-06-06 12:00:00,1018.9,1021.5,6.1,88,NA
2021-06-06 13:00:00,1019.4,1022.1,10.2,80,NA
2021-06-06 14:00:00,1019.6,1022.1,12,61,NA
2021-06-06 15:00:00,1019.3,1021.8,13.7,52,NA
2021-06-06 16:00:00,1018.2,1020.8,14.6,43,NA
2021-06-06 17:00:00,1017.2,1019.7,15.1,41,NA
2021-06-06 18:00:00,NA,1019.4,15.4,41,NA
2021-06-06 19:00:00,1016.2,1018.8,15.7,40,NA
2021-06-06 20:00:00,1016.2,1018.8,14.8,53,NA
2021-06-06 21:00:00,1016.6,1019.2,12.8,69,NA
2021-06-06 22:00:00,1016.9,1019.5,10.4,73,NA
2021-06-06 23:00:00,NA,1019.7,9.1,79,NA
2021-06-07 00:00:00,NA,1019.9,8.8,80,NA
2021-06-08 00:00:00,1016.6,NA,NA,NA,NA
2021-06-08 09:00:00,1014.9,1017.5,11.8,95,NA
2021-06-08 10:00:00,1014.8,1017.3,11.6,97,NA
2021-06-08 11:00:00,NA,1018,11,95,NA
2021-06-08 12:00:00,NA,1018,12,93,NA
2021-06-08 13:00:00,NA,1018.6,12.4,96,NA
2021-06-08 14:00:00,NA,1018.6,14.4,87,NA
2021-06-08 15:00:00,NA,1018.6,15.2,83,NA
2021-06-08 16:00:00,NA,1017.6,17.4,77,NA
2021-06-08 17:00:00,NA,1017.6,19,70,NA
2021-06-08 18:00:00,NA,1017.5,18.8,72,NA
2021-06-08 19:00:00,NA,1016.3,18.3,75,NA
2021-06-08 20:00:00,NA,1016.3,17.8,77,NA
2021-06-08 21:00:00,NA,1016.3,16.8,82,NA
2021-06-08 22:00:00,NA,1016.3,16,84,NA
2021-06-08 23:00:00,NA,1017,16,84,NA
2021-06-09 00:00:00,NA,1017,16,84,NA
2021-06-10 00:00:00,1012.8,NA,NA,NA,NA
2021-06-10 09:00:00,1012.5,1015,10.5,100,NA
2021-06-10 10:00:00,1014.1,1016.6,9.7,100,NA
2021-06-10 11:00:00,1015.2,1017.7,8.9,99,NA
2021-06-10 12:00:00,1015.3,1017.9,9.4,100,NA
2021-06-10 13:00:00,1016.2,1018.8,11.4,100,NA
2021-06-10 14:00:00,1016.6,1019.1,15.5,94,NA
2021-06-10 15:00:00,1017.2,1019.7,16.4,88,NA
2021-06-10 16:00:00,1016.1,1018.7,17.8,78,NA
2021-06-10 17:00:00,1015.7,1018.3,18.7,77,NA
2021-06-10 18:00:00,1015,1017.6,19.5,73,NA
2021-06-10 19:00:00,1014.9,1017.4,20.3,69,NA
2021-06-10 20:00:00,1015.7,1018.2,19,76,NA
2021-06-10 21:00:00,1016.9,1019.4,17.6,80,NA
2021-06-10 22:00:00,1017.3,1019.9,16.2,85,NA
2021-06-10 23:00:00,1017.3,1019.9,14.9,64,NA
2021-06-11 00:00:00,NA,1020.6,13.8,61,NA
2021-06-12 00:00:00,1015.6,NA,NA,NA,NA
2021-06-12 09:00:00,1013.3,1015.8,7.4,92,NA
2021-06-12 10:00:00,1013.3,1015.8,7,88,NA
2021-06-12 11:00:00,1014,1016.5,7.2,88,NA
2021-06-12 12:00:00,1014,1016.5,8.6,92,NA
2021-06-12 13:00:00,NA,1017.1,11.6,85,NA
2021-06-12 14:00:00,1014.5,1017.1,15.8,77,NA
2021-06-12 15:00:00,NA,1017.1,18.2,71,NA
2021-06-12 16:00:00,1014,1016.5,20.4,65,NA
2021-06-12 17:00:00,1013.8,1016.3,21,64,NA
2021-06-12 18:00:00,1013.8,1016.3,21.4,62,NA
2021-06-12 19:00:00,1012.9,1015.4,21.6,61,NA
2021-06-12 20:00:00,1012.8,1015.3,20,64,NA
2021-06-12 21:00:00,1012.5,1015,17.8,77,NA
2021-06-12 22:00:00,1012.5,1015,15.2,85,NA
2021-06-12 23:00:00,1012.9,1015.4,14,91,NA
2021-06-13 00:00:00,NA,1015.4,14,91,NA
2021-06-14 00:00:00,1012.1,NA,NA,NA,NA
2021-06-14 09:00:00,1014,1016.5,7.8,97,NA
2021-06-14 10:00:00,1014.2,1017,6,91,NA
2021-06-14 11:00:00,1014.5,1017.1,6.5,99,NA
2021-06-14 12:00:00,NA,1017.7,7.5,93,NA
2021-06-14 13:00:00,1015.6,1018.1,12.2,88,NA
2021-06-14 14:00:00,1016.1,1018.7,13.9,79,NA
2021-06-14 15:00:00,1015.6,1018,18.6,71,NA
2021-06-14 16:00:00,1014.9,1017.4,19.3,64,NA
2021-06-14 17:00:00,1014.2,1016.8,20,62,NA
2021-06-14 18:00:00,1014.2,1016.7,20.4,63,NA
2021-06-14 19:00:00,1014.5,1017,19.8,68,NA
2021-06-14 20:00:00,NA,1017.7,19,72,NA
2021-06-14 21:00:00,1016,1018.5,17.5,78,NA
2021-06-14 22:00:00,1017.2,1019.8,14.6,85,NA
2021-06-14 23:00:00,NA,1021.7,13.4,88,NA
2021-06-15 00:00:00,NA,1022,13.4,87,NA
2021-06-16 09:00:00,NA,1026.8,2.6,89,NA
2021-06-16 10:00:00,NA,1026.8,3,86,NA
2021-06-16 11:00:00,NA,1028.4,5,91,NA
2021-06-16 12:00:00,NA,1029.4,5,94,NA
2021-06-16 13:00:00,NA,1030,6.6,88,NA
2021-06-16 14:00:00,NA,1030,8,83,NA
2021-06-16 15:00:00,1027,1029.7,8.6,84,NA
2021-06-16 16:00:00,1026.8,1029.3,9.4,72,NA
2021-06-16 17:00:00,1026.4,1028.9,10,68,NA
2021-06-16 18:00:00,1026.4,1028.9,10.4,63,NA
2021-06-16 19:00:00,1025.7,1028.4,10.2,63,NA
2021-06-16 20:00:00,1025.7,1028.4,10.2,65,NA
2021-06-16 21:00:00,1025.8,1028.5,9,74,NA
2021-06-16 22:00:00,1025.8,1028.5,8.2,76,NA
2021-06-16 23:00:00,1025.4,1028,7.4,83,NA
2021-06-17 00:00:00,NA,1028,7,83,NA
2021-06-18 00:00:00,1024.8,NA,NA,NA,NA
2021-06-18 09:00:00,1024.6,1027.3,1.7,97,NA
2021-06-18 10:00:00,1024.9,1027.6,-0.1,98,NA
2021-06-18 11:00:00,1025,1027.7,-0.2,98,NA
2021-06-18 12:00:00,1025.4,1028.1,1.2,97,NA
2021-06-18 13:00:00,1025.4,1028.1,7,87,NA
2021-06-18 14:00:00,1025.6,1028.2,9.2,74,NA
2021-06-18 15:00:00,1025.8,1028.4,10.7,61,NA
2021-06-18 16:00:00,1024.4,1027,11,59,NA
2021-06-18 17:00:00,1023.8,1026.4,11.3,58,NA
2021-06-18 18:00:00,1023.8,1026.5,11.8,52,NA
2021-06-18 19:00:00,1022.6,1025.2,12,50,NA
2021-06-18 20:00:00,1022.6,1025.2,11.4,55,NA
2021-06-18 21:00:00,1022.6,1025.2,9.6,67,NA
2021-06-18 22:00:00,NA,1025.2,7.4,75,NA
2021-06-18 23:00:00,1022.4,1025,5.8,82,NA
2021-06-19 00:00:00,NA,1026.3,5.2,82,NA
2021-06-20 00:00:00,1021,NA,NA,NA,NA
2021-06-20 09:00:00,1020,1022.6,1.6,100,NA
2021-06-20 10:00:00,1020,1022.6,1.7,100,NA
2021-06-20 11:00:00,1020.1,1022.7,4,97,NA
2021-06-20 12:00:00,1020.2,1022.8,3.8,100,NA
2021-06-20 13:00:00,1020.8,1023.4,4.7,100,NA
2021-06-20 14:00:00,1020.9,1023.5,5.1,100,NA
2021-06-20 15:00:00,1020.9,1023.5,6.3,99,NA
2021-06-20 16:00:00,1020.9,1023.5,7.6,97,NA
2021-06-20 17:00:00,1018.9,1021.5,8,92,NA
2021-06-20 18:00:00,1018.9,1021.5,8.8,89,NA
2021-06-20 19:00:00,1017.6,1020.2,9.6,82,NA
2021-06-20 20:00:00,1017.6,1020.2,10.4,80,NA
2021-06-20 21:00:00,1017.6,1020.2,9.2,87,NA
2021-06-20 22:00:00,1018.1,1020.7,7.2,94,NA
2021-06-20 23:00:00,1018.1,1020.7,6.6,94,NA
2021-06-21 00:00:00,NA,1020.8,6.2,97,NA
2021-06-22 00:00:00,1018.6,NA,NA,NA,NA
2021-06-22 09:00:00,1019,1021.5,10.2,90,NA
2021-06-22 10:00:00,1019.4,1022,9.7,91,NA
2021-06-22 11:00:00,1019.4,1022,9.3,92,NA
2021-06-22 12:00:00,1019.6,1022.1,9.6,90,NA
2021-06-22 13:00:00,1019.3,1022.4,11,84,NA
2021-06-22 14:00:00,1020.8,1023.4,11.8,79,NA
2021-06-22 15:00:00,NA,1022.9,14,75,NA
2021-06-22 16:00:00,NA,1021.6,15.1,69,NA
2021-06-22 17:00:00,NA,1020.5,16.1,64,NA
2021-06-22 18:00:00,NA,1019.7,16.8,65,NA
2021-06-22 19:00:00,NA,1019,16.6,64,NA
2021-06-22 20:00:00,NA,1018.8,16.5,65,NA
2021-06-22 21:00:00,NA,1018.8,15.3,71,NA
2021-06-22 22:00:00,NA,1018.7,13.5,83,NA
2021-06-22 23:00:00,NA,1018.9,12.3,87,NA
2021-06-23 00:00:00,NA,1018.7,11.4,90,NA
2021-06-24 00:00:00,1005.8,NA,NA,NA,NA
2021-06-24 09:00:00,1003.4,1006,13.2,97,NA
2021-06-24 10:00:00,1013.8,1006.6,13.2,97,NA
2021-06-24 11:00:00,1004.5,1007,13.3,97,NA
2021-06-24 12:00:00,1005.4,1008,13.2,96,NA
2021-06-24 13:00:00,1006.6,1009.2,13,96,NA
2021-06-24 14:00:00,1007.4,1009.9,13,94,NA
2021-06-24 15:00:00,1007.3,1009.8,14.2,86,NA
2021-06-24 16:00:00,1007.2,1009.6,14.4,83,NA
2021-06-24 17:00:00,1006.9,1009.4,14.7,80,NA
2021-06-24 18:00:00,1006.9,1009.4,15.6,75,NA
2021-06-24 19:00:00,1007,1009.5,15.8,74,NA
2021-06-24 20:00:00,1007.2,1009.6,15.4,74,NA
2021-06-24 21:00:00,1008.2,1010.7,13.6,82,NA
2021-06-24 22:00:00,1009,1011.6,11.7,89,NA
2021-06-24 23:00:00,1010,1012.6,9.7,94,NA
2021-06-25 00:00:00,NA,1013.1,9.2,95,NA
2021-06-26 00:00:00,1010.5,NA,NA,NA,NA
2021-06-26 09:00:00,1016.9,1011.4,8.7,96,NA
2021-06-26 10:00:00,NA,1011.1,9.1,95,NA
2021-06-26 11:00:00,NA,1011.8,9.2,96,NA
2021-06-26 12:00:00,NA,1011.5,9.4,94,NA
2021-06-26 13:00:00,NA,1011.5,10.4,90,NA
2021-06-26 14:00:00,NA,1011.9,11.8,85,NA
2021-06-26 15:00:00,NA,1012.1,12.3,85,NA
2021-06-26 16:00:00,NA,1011.6,12.9,81,NA
2021-06-26 17:00:00,NA,1010.8,14,78,NA
2021-06-26 18:00:00,NA,1010.5,13.6,76,NA
2021-06-26 19:00:00,NA,1010.9,12.9,78,NA
2021-06-26 20:00:00,NA,1011.6,11.3,82,NA
2021-06-26 21:00:00,NA,1013,10.7,80,NA
2021-06-26 22:00:00,NA,1014.2,9.8,81,NA
2021-06-26 23:00:00,NA,1014.7,8.4,88,NA
2021-06-27 00:00:00,NA,1015.1,7.5,93,NA
2021-06-28 09:00:00,NA,1021.9,3.8,93,NA
2021-06-28 10:00:00,NA,1021.9,3.6,90,NA
2021-06-28 11:00:00,NA,1022.9,4.2,97,NA
2021-06-28 12:00:00,NA,1023.2,5,91,NA
2021-06-28 13:00:00,NA,1023.5,5.8,94,NA
2021-06-28 14:00:00,NA,1023.5,6.4,97,NA
2021-06-28 15:00:00,NA,1023,7.2,92,NA
2021-06-28 16:00:00,NA,1023.8,7.2,88,NA
2021-06-28 17:00:00,NA,1023.8,7.8,80,NA
2021-06-28 18:00:00,NA,1023,7.4,78,NA
2021-06-28 19:00:00,NA,1023,8,73,NA
2021-06-28 20:00:00,NA,1023.4,8.4,71,NA
2021-06-28 21:00:00,NA,1023.4,7.4,75,NA
2021-06-28 22:00:00,NA,1023.9,7.2,74,NA
2021-06-28 23:00:00,NA,1023.9,7.4,75,NA
2021-06-29 00:00:00,NA,1024,7.4,75,NA
2021-06-30 00:00:00,1024.5,NA,NA,NA,NA
2021-06-30 09:00:00,1023.4,1026,1.2,97,NA
2021-06-30 10:00:00,1022.9,1025.5,1.2,97,NA
2021-06-30 11:00:00,1024.2,1026.9,1.4,97,NA
2021-06-30 12:00:00,1024.2,1026.9,1.6,97,NA
2021-06-30 13:00:00,1024.5,1027.2,5.2,91,NA
2021-06-30 14:00:00,1024.5,1027.2,8.8,74,NA
2021-06-30 15:00:00,1024.6,1027.3,9.6,69,NA
2021-06-30 16:00:00,1024.6,1027.3,10.8,66,NA
2021-06-30 17:00:00,1022.9,1025.5,11.6,65,NA
2021-06-30 18:00:00,1022.9,1025.5,11.8,61,NA
2021-06-30 19:00:00,1023,1025.7,11.2,66,NA
2021-06-30 20:00:00,1023,1025.7,10.4,73,NA
2021-06-30 21:00:00,1021.2,1023.7,8.8,81,NA
2021-06-30 22:00:00,1021.3,1023.9,7.8,80,NA
2021-06-30 23:00:00,1021.3,1024,7,85,NA
2021-07-01 00:00:00,NA,1024,7,88,NA
