2021-01-07 00:00:00,993.4,NA,NA,NA,NA
2021-01-07 09:00:00,991.6,1008.3,15.6,68,NA
2021-01-07 10:00:00,991.7,1008.4,15.3,69,NA
2021-01-07 11:00:00,991.7,1008.4,18.9,54,NA
2021-01-07 12:00:00,991.8,1008.3,25.7,36,NA
2021-01-07 13:00:00,991.4,1008,30.1,24,NA
2021-01-07 14:00:00,991.2,1007.7,32.4,22,NA
2021-01-07 15:00:00,991,1007.5,33.1,24,NA
2021-01-07 16:00:00,990.8,1007.3,34.3,19,NA
2021-01-07 17:00:00,990.4,1006.9,34.3,19,NA
2021-01-07 18:00:00,989.8,1006.3,34.5,19,NA
2021-01-07 19:00:00,989.4,1006,34.6,19,NA
2021-01-07 20:00:00,NA,1005.7,34.3,18,NA
2021-01-07 21:00:00,989,1005.6,34,19,NA
2021-01-07 22:00:00,989.4,1005.9,32.9,20,NA
2021-01-07 23:00:00,990.1,1006.6,30.5,25,NA
2021-01-08 00:00:00,NA,1006.5,26.8,25,NA
2021-01-09 00:00:00,993.3,NA,NA,NA,NA
2021-01-09 09:00:00,993.4,1010.1,13.1,92,NA
2021-01-09 10:00:00,993.7,1010.4,15.1,74,NA
2021-01-09 11:00:00,994.2,1011,16.5,69,NA
2021-01-09 12:00:00,994.6,1011.3,18.1,78,NA
2021-01-09 13:00:00,995,1012,21.3,75,NA
2021-01-09 14:00:00,994.6,1011.6,24.1,58,NA
2021-01-09 15:00:00,994.2,1011.2,25.1,54,NA
2021-01-09 16:00:00,993.8,1010.6,27.1,49,NA
2021-01-09 17:00:00,992.8,1009.6,28.1,43,NA
2021-01-09 18:00:00,992.1,1008.8,29.9,37,NA
2021-01-09 19:00:00,990.8,1007.5,30.2,36,NA
2021-01-09 20:00:00,990,1006.7,30.5,33,NA
2021-01-09 21:00:00,989.3,1005.9,30,32,NA
2021-01-09 22:00:00,989,1005.6,29.7,34,NA
2021-01-09 23:00:00,989.4,1006.1,28.5,42,NA
2021-01-10 00:00:00,NA,1006,26.4,48,NA
2021-01-11 00:00:00,984.8,NA,NA,NA,NA
2021-01-11 09:00:00,990.4,1007.2,17.2,100,NA
2021-01-11 10:00:00,989,1005.8,17.3,95,NA
2021-01-11 11:00:00,988.4,1005.2,17.8,94,NA
2021-01-11 12:00:00,989.4,1006.3,18.3,93,NA
2021-01-11 13:00:00,990.5,1007.4,19.9,86,NA
2021-01-11 14:00:00,991.2,1008,22.5,57,NA
2021-01-11 15:00:00,991.8,1008.6,24,39,NA
2021-01-11 16:00:00,992.5,1009.2,24.7,35,NA
2021-01-11 17:00:00,992.8,1009.5,26.1,30,NA
2021-01-11 18:00:00,993.2,1009.9,26.5,31,NA
2021-01-11 19:00:00,NA,1010.5,26.1,31,NA
2021-01-11 20:00:00,994.1,1010.8,26.1,30,NA
2021-01-11 21:00:00,995.2,1012,25.1,23,NA
2021-01-11 22:00:00,996.1,1012.9,24.1,27,NA
2021-01-11 23:00:00,997.3,1014.2,21.5,28,NA
2021-01-12 00:00:00,NA,1015.1,18.5,45,NA
2021-01-13 00:00:00,998.5,NA,NA,NA,NA
2021-01-13 09:00:00,1001,1017.9,15.7,67,NA
2021-01-13 10:00:00,1001.2,1018.1,16.3,74,NA
2021-01-13 11:00:00,1002,1018.9,18.1,62,NA
2021-01-13 12:00:00,1002.2,1019.1,20.6,54,NA
2021-01-13 13:00:00,1002.1,1019.1,22.8,43,NA
2021-01-13 14:00:00,1002.1,1019,24.5,44,NA
2021-01-13 15:00:00,1001.6,1018.5,26.5,45,NA
2021-01-13 16:00:00,1001.4,1018.4,27.1,46,NA
2021-01-13 17:00:00,1001,1017.9,27.6,48,NA
2021-01-13 18:00:00,1000.5,1017.4,28.1,48,NA
2021-01-13 19:00:00,NA,1016.3,29.2,45,NA
2021-01-13 20:00:00,998.6,1015.5,29.5,44,NA
2021-01-13 21:00:00,998.4,1015.2,28.7,45,NA
2021-01-13 22:00:00,998.2,1014.9,28.6,39,NA
2021-01-13 23:00:00,998.6,1015.3,27.3,39,NA
2021-01-14 00:00:00,NA,1015.2,25.4,50,NA
2021-01-15 00:00:00,990.5,NA,NA,NA,NA
2021-01-15 09:00:00,991.3,1007.9,17.3,99,NA
2021-01-15 10:00:00,991.2,1007.8,17.6,99,NA
2021-01-15 11:00:00,992,1008.6,18.1,97,NA
2021-01-15 12:00:00,NA,1009.1,18.3,99,NA
2021-01-15 13:00:00,992.5,1009.2,20.5,86,NA
2021-01-15 14:00:00,991.8,1008.6,21.1,90,NA
2021-01-15 15:00:00,990.8,1007.6,24.1,75,NA
2021-01-15 16:00:00,990.2,1006.9,26.1,68,NA
2021-01-15 17:00:00,989.8,1006.5,27.7,57,NA
2021-01-15 18:00:00,989.4,1006,28.7,56,NA
2021-01-15 19:00:00,988.6,1005.3,28.7,56,NA
2021-01-15 20:00:00,987.8,1004.5,28.4,58,NA
2021-01-15 21:00:00,NA,1003.7,28.3,60,NA
2021-01-15 22:00:00,987.2,1003.7,28,57,NA
2021-01-15 23:00:00,986.8,1003.3,26.9,65,NA
2021-01-16 00:00:00,NA,1003.7,25.7,73,NA
2021-01-17 00:00:00,995,NA,NA,NA,NA
2021-01-17 09:00:00,996,1013.2,11.3,91,NA
2021-01-17 10:00:00,996.2,1013.4,11.3,91,NA
2021-01-17 11:00:00,996.6,1013.7,14.7,80,NA
2021-01-17 12:00:00,996.8,1013.8,18,66,NA
2021-01-17 13:00:00,996.9,1013.8,22.7,48,NA
2021-01-17 14:00:00,996.6,1013.6,25.6,35,NA
2021-01-17 15:00:00,996.6,1013.4,26.8,27,NA
2021-01-17 16:00:00,996.6,1013.4,27.3,28,NA
2021-01-17 17:00:00,NA,1012.7,27.7,27,NA
2021-01-17 18:00:00,NA,1012.3,28.1,28,NA
2021-01-17 19:00:00,NA,1012.3,28.1,28,NA
2021-01-17 20:00:00,NA,1012.1,28.3,27,NA
2021-01-17 21:00:00,NA,1012,27.1,29,NA
2021-01-17 22:00:00,NA,1011.7,27.1,32,NA
2021-01-17 23:00:00,NA,1011.5,26.9,38,NA
2021-01-18 00:00:00,NA,1011.7,24.1,46,NA
2021-01-19 09:00:00,NA,1013.2,17.9,70,NA
2021-01-19 10:00:00,NA,1013.7,17.5,70,NA
2021-01-19 11:00:00,NA,1014.2,20.1,59,NA
2021-01-19 12:00:00,NA,1014.5,23.9,46,NA
2021-01-19 13:00:00,NA,1014.4,26.1,40,NA
2021-01-19 14:00:00,NA,1014.3,27.8,36,NA
2021-01-19 15:00:00,NA,1014.2,29.1,36,NA
2021-01-19 16:00:00,NA,1014.1,30.7,36,NA
2021-01-19 17:00:00,NA,1013.4,31.3,37,NA
2021-01-19 18:00:00,NA,1013.1,32.1,35,NA
2021-01-19 19:00:00,NA,1012.6,32.8,32,NA
2021-01-19 20:00:00,NA,1012.1,33,32,NA
2021-01-19 21:00:00,NA,1011.8,32.1,35,NA
2021-01-19 22:00:00,NA,1012.2,31.3,36,NA
2021-01-19 23:00:00,NA,1012.6,29.7,40,NA
2021-01-20 00:00:00,NA,1013.3,26.8,64,NA
2021-01-21 09:00:00,NA,1015.1,20.1,72,NA
2021-01-21 10:00:00,NA,1015.3,20.1,72,NA
2021-01-21 11:00:00,NA,1016,22.1,66,NA
2021-01-21 12:00:00,NA,1016.3,23.1,67,NA
2021-01-21 13:00:00,NA,1016.3,26.9,51,NA
2021-01-21 14:00:00,NA,1016.1,29.1,46,NA
2021-01-21 15:00:00,NA,1015.7,31.1,38,NA
2021-01-21 16:00:00,NA,1015.5,31.9,37,NA
2021-01-21 17:00:00,NA,1014.9,32.3,34,NA
2021-01-21 18:00:00,NA,1014.7,33.2,33,NA
2021-01-21 19:00:00,NA,1014.5,33.5,32,NA
2021-01-21 20:00:00,NA,1014.1,33.1,32,NA
2021-01-21 21:00:00,NA,1013.7,32.9,31,NA
2021-01-21 22:00:00,NA,1013.8,31.9,34,NA
2021-01-21 23:00:00,NA,1014.2,29.5,44,NA
2021-01-22 00:00:00,NA,1014.6,28.1,47,NA
2021-01-23 09:00:00,NA,1012,21.1,90,NA
2021-01-23 10:00:00,NA,1011.9,21.5,87,NA
2021-01-23 11:00:00,NA,1012.1,23.3,79,NA
2021-01-23 12:00:00,NA,1012.1,26.3,69,NA
2021-01-23 13:00:00,NA,1012,28.5,62,NA
2021-01-23 14:00:00,NA,1011.9,30.7,57,NA
2021-01-23 15:00:00,NA,1011.4,31.8,52,NA
2021-01-23 16:00:00,NA,1010.8,33.1,47,NA
2021-01-23 17:00:00,NA,1009.9,33.9,43,NA
2021-01-23 18:00:00,NA,1009.3,34.8,41,NA
2021-01-23 19:00:00,NA,1008.7,34.9,40,NA
2021-01-23 20:00:00,NA,1008.2,35.2,40,NA
2021-01-23 21:00:00,NA,1007.7,34.6,41,NA
2021-01-23 22:00:00,NA,1007.7,33.8,40,NA
2021-01-23 23:00:00,NA,1008.2,32.3,46,NA
2021-01-24 00:00:00,NA,1008.5,30.7,49,NA
2021-01-25 09:00:00,NA,1003.6,22.7,84,NA
2021-01-25 10:00:00,NA,1004.4,22.4,84,NA
2021-01-25 11:00:00,NA,1004.8,24.1,77,NA
2021-01-25 12:00:00,NA,1005.8,26.1,70,NA
2021-01-25 13:00:00,NA,1005.2,28.3,60,NA
2021-01-25 14:00:00,NA,1004.6,30.8,55,NA
2021-01-25 15:00:00,NA,1004.3,32.1,53,NA
2021-01-25 16:00:00,NA,1003.6,33.3,49,NA
2021-01-25 17:00:00,NA,1003,34.3,41,NA
2021-01-25 18:00:00,NA,1002.4,34.9,42,NA
2021-01-25 19:00:00,NA,1001.3,35.4,39,NA
2021-01-25 20:00:00,NA,1000.8,35.1,39,NA
2021-01-25 21:00:00,NA,1001,34.3,41,NA
2021-01-25 22:00:00,NA,1001.4,33.3,44,NA
2021-01-25 23:00:00,NA,1002.4,29.1,35,NA
2021-01-26 00:00:00,NA,1002.3,26.7,49,NA
2021-01-26 15:00:00,989.2,NA,24.2,71,NA
2021-01-26 16:00:00,988.2,NA,26.7,56,NA
2021-01-26 17:00:00,987.6,NA,29.1,44,NA
2021-01-26 18:00:00,987.6,NA,29.7,32,NA
2021-01-26 19:00:00,987.4,NA,31.3,22,NA
2021-01-26 20:00:00,987,NA,31.7,28,NA
2021-01-27 09:00:00,NA,1007.5,16.4,84,NA
2021-01-27 10:00:00,NA,1008.2,15,87,NA
2021-01-27 11:00:00,NA,1008.6,16,87,NA
2021-01-27 12:00:00,NA,1010,20.3,67,NA
2021-01-27 13:00:00,NA,1009.4,22.6,58,NA
2021-01-27 14:00:00,NA,1009.2,24.7,51,NA
2021-01-27 15:00:00,NA,1008.6,26.6,48,NA
2021-01-27 16:00:00,NA,1006.8,29.3,44,NA
2021-01-27 17:00:00,NA,1005.6,29.8,37,NA
2021-01-27 18:00:00,NA,1004.8,31.2,32,NA
2021-01-27 19:00:00,NA,1003.8,32,28,NA
2021-01-27 20:00:00,NA,1003,31.7,30,NA
2021-01-27 21:00:00,NA,1002.6,31.5,32,NA
2021-01-27 22:00:00,NA,1002.1,29.5,41,NA
2021-01-27 23:00:00,NA,1002.3,28.3,46,NA
2021-01-28 00:00:00,NA,1002.9,26.6,46,NA
2021-01-29 09:00:00,NA,1005.8,13.3,92,NA
2021-01-29 10:00:00,NA,1005.8,14.3,83,NA
2021-01-29 11:00:00,NA,1005.9,16.1,80,NA
2021-01-29 12:00:00,NA,1006.2,21.2,59,NA
2021-01-29 13:00:00,NA,1005.6,23.9,50,NA
2021-01-29 14:00:00,NA,1005.3,25.5,33,NA
2021-01-29 15:00:00,NA,1005,26.9,33,NA
2021-01-29 16:00:00,NA,1004.6,27.9,30,NA
2021-01-29 17:00:00,NA,1003.8,28.6,29,NA
2021-01-29 18:00:00,NA,1003.3,29.5,31,NA
2021-01-29 19:00:00,NA,1002.8,30.1,33,NA
2021-01-29 20:00:00,NA,1002.6,30,32,NA
2021-01-29 21:00:00,NA,1002.1,29.3,39,NA
2021-01-29 22:00:00,NA,1001.9,27.9,45,NA
2021-01-29 23:00:00,NA,1003.1,26.4,55,NA
2021-01-30 00:00:00,NA,1005.2,24.5,65,NA
2021-01-31 00:00:00,998.2,NA,NA,NA,NA
2021-01-31 09:00:00,1000.8,1018,12.9,83,NA
2021-01-31 10:00:00,1001.4,1018.7,12.5,76,NA
2021-01-31 11:00:00,1002.2,1019.5,12.9,79,NA
2021-01-31 12:00:00,1002,1019.2,14.6,73,NA
2021-01-31 13:00:00,1001.8,1018.9,16.8,60,NA
2021-01-31 14:00:00,1001.4,1018.5,17.7,55,NA
2021-01-31 15:00:00,1001,1018.2,19,48,NA
2021-01-31 16:00:00,1000.5,1017.6,19.2,46,NA
2021-01-31 17:00:00,1000.1,1017.1,20.1,39,NA
2021-01-31 18:00:00,999.4,1016.4,21.2,38,NA
2021-01-31 19:00:00,998.8,1015.8,21.5,40,NA
2021-01-31 20:00:00,999,1016.1,21.2,41,NA
2021-01-31 21:00:00,998.6,1015.8,20.9,45,NA
2021-01-31 22:00:00,998.6,1015.7,20,54,NA
2021-01-31 23:00:00,998.2,1015.4,19.1,64,NA
2021-02-01 00:00:00,998.5,1015.6,18.4,66,NA
2021-02-02 00:00:00,997.4,NA,NA,NA,NA
2021-02-02 09:00:00,997.7,1014.7,12.5,99,NA
2021-02-02 10:00:00,998.6,1015.6,13.3,97,NA
2021-02-02 11:00:00,999.2,1016.3,13.9,94,NA
2021-02-02 12:00:00,999.4,1016.6,14.5,99,NA
2021-02-02 13:00:00,999.4,1016.6,18.9,73,NA
2021-02-02 14:00:00,999.6,1016.7,20.1,66,NA
2021-02-02 15:00:00,999.3,1016.4,22.9,48,NA
2021-02-02 16:00:00,999.4,1016.5,22.5,55,NA
2021-02-02 17:00:00,NA,1015.8,23.9,54,NA
2021-02-02 18:00:00,998.6,1015.7,23.3,55,NA
2021-02-02 19:00:00,998.2,1015.3,24.1,53,NA
2021-02-02 20:00:00,998,1015,24.1,53,NA
2021-02-02 21:00:00,997.8,1014.8,24.2,55,NA
2021-02-02 22:00:00,997.8,1014.9,23.2,57,NA
2021-02-02 23:00:00,998.2,1015.3,21.3,72,NA
2021-02-03 00:00:00,NA,1016,20.5,74,NA
2021-02-04 00:00:00,999.4,NA,NA,NA,NA
2021-02-04 09:00:00,1000.6,1017.6,13.4,92,NA
2021-02-04 10:00:00,1001.6,1018.6,13.6,93,NA
2021-02-04 11:00:00,1002.6,1019.5,16.6,83,NA
2021-02-04 12:00:00,1002.9,1019.9,18.7,76,NA
2021-02-04 13:00:00,1002.9,1019.9,21.5,65,NA
2021-02-04 14:00:00,1002.9,1019.9,24.6,55,NA
2021-02-04 15:00:00,1002.8,1019.7,26.5,48,NA
2021-02-04 16:00:00,1002.2,1019.2,28.1,40,NA
2021-02-04 17:00:00,1001.4,1018.4,29.6,35,NA
2021-02-04 18:00:00,1001,1018,30.1,36,NA
2021-02-04 19:00:00,1000.5,1017.3,30.4,32,NA
2021-02-04 20:00:00,1000.1,1017,30.1,31,NA
2021-02-04 21:00:00,999.7,1016.5,29.7,30,NA
2021-02-04 22:00:00,999.8,1016.6,29.3,30,NA
2021-02-04 23:00:00,999.9,1016.7,28.4,32,NA
2021-02-05 00:00:00,NA,1016.9,25.1,51,NA
2021-02-05 09:00:00,NA,1015.2,17.5,80,NA
2021-02-05 10:00:00,NA,1015.6,15.6,87,NA
2021-02-05 11:00:00,NA,1015.9,19.6,74,NA
2021-02-05 12:00:00,NA,1016.2,22.6,59,NA
2021-02-05 13:00:00,NA,1016.1,25.3,49,NA
2021-02-05 14:00:00,NA,1016,27.1,42,NA
2021-02-05 15:00:00,NA,1015.4,28.1,41,NA
2021-02-05 16:00:00,NA,1015,28.9,38,NA
2021-02-05 17:00:00,NA,1014.3,29.7,32,NA
2021-02-05 18:00:00,NA,1012.9,31.1,32,NA
2021-02-05 19:00:00,NA,1012.6,31.3,32,NA
2021-02-05 20:00:00,NA,1011.9,32.1,34,NA
2021-02-05 21:00:00,NA,1011.7,30.1,33,NA
2021-02-05 22:00:00,NA,1011.5,29.5,35,NA
2021-02-05 23:00:00,NA,1011.7,29.5,35,NA
2021-02-06 00:00:00,995.3,1011.9,26.5,49,NA
2021-02-06 09:00:00,995.4,NA,NA,NA,NA
2021-02-06 10:00:00,996.1,NA,NA,NA,NA
2021-02-06 11:00:00,996.6,NA,NA,NA,NA
2021-02-06 12:00:00,996.8,NA,NA,NA,NA
2021-02-06 13:00:00,996.6,NA,NA,NA,NA
2021-02-06 14:00:00,996.9,NA,NA,NA,NA
2021-02-06 15:00:00,996.5,NA,NA,NA,NA
2021-02-06 16:00:00,996.1,NA,NA,NA,NA
2021-02-06 17:00:00,995.4,NA,NA,NA,NA
2021-02-06 18:00:00,994.9,NA,NA,NA,NA
2021-02-06 19:00:00,994.2,NA,NA,NA,NA
2021-02-06 20:00:00,993.7,NA,NA,NA,NA
2021-02-06 21:00:00,993.4,NA,NA,NA,NA
2021-02-06 22:00:00,993,NA,NA,NA,NA
2021-02-06 23:00:00,993,NA,NA,NA,NA
2021-02-08 00:00:00,998,NA,NA,NA,NA
2021-02-08 09:00:00,NA,1018.4,14.5,83,NA
2021-02-08 10:00:00,NA,1019.2,15.1,83,NA
2021-02-08 11:00:00,NA,1019.6,16.1,78,NA
2021-02-08 12:00:00,NA,1020.1,15.1,78,NA
2021-02-08 13:00:00,NA,1020.9,15.3,76,NA
2021-02-08 14:00:00,NA,1020.9,17.1,64,NA
2021-02-08 15:00:00,NA,1020.9,17.5,61,NA
2021-02-08 16:00:00,NA,1020.5,19.5,60,NA
2021-02-08 17:00:00,NA,1019.9,20.3,58,NA
2021-02-08 18:00:00,NA,1020.3,20.5,55,NA
2021-02-08 19:00:00,NA,1020,21.1,51,NA
2021-02-08 20:00:00,NA,1019.6,20.9,58,NA
2021-02-08 21:00:00,NA,1019.3,21.1,57,NA
2021-02-08 22:00:00,NA,1019.4,20.1,64,NA
2021-02-08 23:00:00,NA,1019.8,20.5,62,NA
2021-02-09 00:00:00,NA,1020.2,19.5,68,NA
2021-02-10 09:00:00,NA,1019.7,14.1,88,NA
2021-02-10 10:00:00,NA,1020.4,13.1,92,NA
2021-02-10 11:00:00,NA,1020.8,15,88,NA
2021-02-10 12:00:00,NA,1021.2,17.4,82,NA
2021-02-10 13:00:00,NA,1020.9,18.9,77,NA
2021-02-10 14:00:00,NA,1020.4,22.4,64,NA
2021-02-10 15:00:00,NA,1019.9,23.8,57,NA
2021-02-10 16:00:00,NA,1019.3,24.1,53,NA
2021-02-10 17:00:00,NA,1018.9,24.3,52,NA
2021-02-10 18:00:00,NA,1018.1,26.4,49,NA
2021-02-10 19:00:00,NA,1017.6,25.2,53,NA
2021-02-10 20:00:00,NA,1016.8,24.9,52,NA
2021-02-10 21:00:00,NA,1016.2,25.1,53,NA
2021-02-10 22:00:00,NA,1015.8,24.1,58,NA
2021-02-10 23:00:00,NA,1015.8,22.9,61,NA
2021-02-11 00:00:00,998.8,NA,20.9,72,NA
2021-02-11 09:00:00,998.1,NA,16.1,90,NA
2021-02-11 10:00:00,998.2,NA,15.6,93,NA
2021-02-11 11:00:00,998.6,NA,16.1,100,NA
2021-02-11 12:00:00,998.6,NA,17.1,96,NA
2021-02-11 13:00:00,998.6,NA,19.1,87,NA
2021-02-11 14:00:00,998.8,NA,20.9,80,NA
2021-02-11 15:00:00,998.2,NA,23.1,70,NA
2021-02-11 16:00:00,997.6,NA,25.6,61,NA
2021-02-11 17:00:00,997.2,NA,26.3,55,NA
2021-02-11 18:00:00,996.5,NA,26.1,51,NA
2021-02-11 19:00:00,995.2,NA,26.2,50,NA
2021-02-11 20:00:00,994.6,NA,27.3,45,NA
2021-02-11 21:00:00,994.2,NA,27.8,44,NA
2021-02-11 22:00:00,994,NA,26.4,50,NA
2021-02-11 23:00:00,994.2,NA,25.3,52,NA
2021-02-12 09:00:00,NA,1011.9,16.9,89,NA
2021-02-12 10:00:00,NA,1012.2,17.1,89,NA
2021-02-12 11:00:00,NA,1012.7,18.1,70,NA
2021-02-12 12:00:00,NA,1013.2,19.9,81,NA
2021-02-12 13:00:00,NA,1013.5,23.1,67,NA
2021-02-12 14:00:00,NA,1013.7,24.9,62,NA
2021-02-12 15:00:00,NA,1013.4,26.9,53,NA
2021-02-12 16:00:00,NA,1013,28.1,51,NA
2021-02-12 17:00:00,NA,1011.6,29.1,52,NA
2021-02-12 18:00:00,NA,1011,29.1,43,NA
2021-02-12 19:00:00,NA,1011.4,21.3,80,NA
2021-02-12 20:00:00,NA,1010.7,20.2,100,NA
2021-02-12 21:00:00,NA,1010.2,23.1,74,NA
2021-02-12 22:00:00,NA,1009.9,21.1,99,NA
2021-02-12 23:00:00,993.4,NA,22.1,85,NA
2021-02-13 00:00:00,993.6,NA,20.3,98,NA
2021-02-13 09:00:00,992.8,NA,17.1,96,NA
2021-02-13 10:00:00,992.6,NA,17.5,96,NA
2021-02-13 11:00:00,992.8,NA,18.6,96,NA
2021-02-13 12:00:00,993,NA,20.7,90,NA
2021-02-13 13:00:00,993,NA,22.8,80,NA
2021-02-13 14:00:00,993,NA,24.3,71,NA
2021-02-13 15:00:00,992.8,NA,25.1,67,NA
2021-02-13 16:00:00,992.2,NA,23.8,76,NA
2021-02-13 17:00:00,991.2,NA,25.4,68,NA
2021-02-13 18:00:00,990.1,NA,27.1,57,NA
2021-02-13 19:00:00,988.6,NA,28.3,49,NA
2021-02-13 20:00:00,988.9,NA,NA,NA,NA
2021-02-13 21:00:00,988.2,NA,27.8,52,NA
2021-02-13 22:00:00,988.5,NA,27.4,51,NA
2021-02-13 23:00:00,988.5,NA,24.1,71,NA
2021-02-14 09:00:00,NA,1004.8,19.7,92,NA
2021-02-14 10:00:00,NA,1005.4,18.9,94,NA
2021-02-14 11:00:00,NA,1005.9,20.4,89,NA
2021-02-14 12:00:00,NA,1005.9,23.3,73,NA
2021-02-14 13:00:00,NA,1005.7,26.2,58,NA
2021-02-14 14:00:00,NA,1005.7,27.8,56,NA
2021-02-14 15:00:00,NA,1005.7,29.3,49,NA
2021-02-14 16:00:00,NA,1005.4,31.5,41,NA
2021-02-14 17:00:00,NA,1005.1,32.3,36,NA
2021-02-14 18:00:00,NA,1004.5,33.4,26,NA
2021-02-14 19:00:00,NA,1004.1,34.5,18,NA
2021-02-14 20:00:00,NA,1003.8,34.5,22,NA
2021-02-14 21:00:00,NA,1003.3,33,29,NA
2021-02-14 22:00:00,NA,1003.1,32.6,30,NA
2021-02-14 23:00:00,NA,1003.7,29.6,49,NA
2021-02-15 00:00:00,988.1,NA,27.6,54,NA
2021-02-15 09:00:00,995.3,NA,18.6,90,NA
2021-02-15 10:00:00,995.8,NA,18.6,93,NA
2021-02-15 11:00:00,996.6,NA,18.6,86,NA
2021-02-15 12:00:00,997.4,NA,20.1,74,NA
2021-02-15 13:00:00,997.8,NA,21.1,70,NA
2021-02-15 14:00:00,998,NA,22.4,65,NA
2021-02-15 15:00:00,998.5,NA,23.1,62,NA
2021-02-15 16:00:00,998.8,NA,23.1,58,NA
2021-02-15 17:00:00,998.4,NA,23.6,59,NA
2021-02-15 18:00:00,997.6,NA,24.9,49,NA
2021-02-15 19:00:00,997,NA,25.4,46,NA
2021-02-15 20:00:00,996.4,NA,24.3,48,NA
2021-02-15 21:00:00,996.1,NA,24.6,46,NA
2021-02-15 22:00:00,996.2,NA,23.9,42,NA
2021-02-15 23:00:00,996.8,NA,21.1,53,NA
2021-02-16 09:00:00,NA,1013.8,13.4,81,NA
2021-02-16 10:00:00,NA,1014.3,11.5,88,NA
2021-02-16 11:00:00,NA,1014.4,14.1,73,NA
2021-02-16 12:00:00,NA,1014.7,16.6,66,NA
2021-02-16 13:00:00,NA,1014.7,20.1,56,NA
2021-02-16 14:00:00,NA,1014.7,22.7,44,NA
2021-02-16 15:00:00,NA,1014.3,24.8,29,NA
2021-02-16 16:00:00,NA,1013.5,26.3,28,NA
2021-02-16 17:00:00,NA,1013,27.4,28,NA
2021-02-16 18:00:00,NA,1012.2,27.5,28,NA
2021-02-16 19:00:00,NA,1011.3,28,30,NA
2021-02-16 20:00:00,NA,1010.4,28.3,30,NA
2021-02-16 21:00:00,NA,1010.2,28,32,NA
2021-02-16 22:00:00,NA,1010,27.1,32,NA
2021-02-16 23:00:00,NA,1010,25.9,41,NA
2021-02-17 00:00:00,993.4,NA,23.3,47,NA
2021-02-17 09:00:00,993.6,NA,15.9,71,NA
2021-02-17 10:00:00,994.1,NA,15.4,74,NA
2021-02-17 11:00:00,994.2,NA,17.4,70,NA
2021-02-17 12:00:00,994.2,NA,20.7,61,NA
2021-02-17 13:00:00,994.1,NA,25.2,48,NA
2021-02-17 14:00:00,994,NA,28.2,37,NA
2021-02-17 15:00:00,993.8,NA,30.5,29,NA
2021-02-17 17:00:00,992.6,NA,32.2,24,NA
2021-02-17 18:00:00,991.8,NA,32.5,23,NA
2021-02-17 19:00:00,991.2,NA,33.8,20,NA
2021-02-17 20:00:00,990.4,NA,34.1,19,NA
2021-02-17 21:00:00,989.8,NA,32.5,26,NA
2021-02-17 22:00:00,990.1,NA,31.7,27,NA
2021-02-17 23:00:00,990.2,NA,29.1,35,NA
2021-02-18 09:00:00,NA,1006.4,20.1,67,NA
2021-02-18 10:00:00,NA,1008.8,19.1,72,NA
2021-02-18 11:00:00,NA,1009.9,20.7,64,NA
2021-02-18 12:00:00,NA,1010.1,22.7,56,NA
2021-02-18 13:00:00,NA,1009.9,24.6,50,NA
2021-02-18 14:00:00,NA,1009.2,28.6,34,NA
2021-02-18 15:00:00,NA,1008.8,29.8,31,NA
2021-02-18 16:00:00,NA,1007.8,30.4,31,NA
2021-02-18 17:00:00,NA,1007.3,32.3,28,NA
2021-02-18 18:00:00,NA,1006.6,32.4,29,NA
2021-02-18 19:00:00,NA,1005.8,32.6,30,NA
2021-02-18 20:00:00,NA,1005.2,32.5,29,NA
2021-02-18 21:00:00,NA,1005,32.6,30,NA
2021-02-18 22:00:00,NA,1004.5,31.8,30,NA
2021-02-18 23:00:00,NA,1004.8,28.3,45,NA
2021-02-19 00:00:00,988.9,NA,26.9,51,NA
2021-02-19 09:00:00,997.2,NA,17.1,76,NA
2021-02-19 10:00:00,998.2,NA,18.1,70,NA
2021-02-19 11:00:00,999.3,NA,17.6,72,NA
2021-02-19 12:00:00,999.8,NA,15.1,90,NA
2021-02-19 13:00:00,999.8,NA,17.5,30,NA
2021-02-19 14:00:00,1000.4,NA,18.5,29,NA
2021-02-19 15:00:00,1000.6,NA,19.1,27,NA
2021-02-19 16:00:00,1000,NA,21.5,18,NA
2021-02-19 17:00:00,1000.1,NA,22.1,19,NA
2021-02-19 18:00:00,999.8,NA,23.6,13,NA
2021-02-19 19:00:00,999.2,NA,23.9,9,NA
2021-02-19 20:00:00,998.8,NA,23.6,13,NA
2021-02-19 21:00:00,998.5,NA,23.7,15,NA
2021-02-19 22:00:00,998.2,NA,23.1,16,NA
2021-02-19 23:00:00,998.6,NA,19.9,33,NA
2021-02-20 09:00:00,NA,1016.6,8.1,82,NA
2021-02-20 10:00:00,NA,1016.9,9.1,73,NA
2021-02-20 11:00:00,NA,1017.2,11.1,75,NA
2021-02-20 12:00:00,NA,1017.3,17.3,41,NA
2021-02-20 13:00:00,NA,1017.1,21.1,43,NA
2021-02-20 14:00:00,NA,1016.7,23.1,29,NA
2021-02-20 15:00:00,NA,1015.9,24.5,22,NA
2021-02-20 16:00:00,NA,1014.9,26.2,23,NA
2021-02-20 17:00:00,NA,1014.2,27.6,24,NA
2021-02-20 18:00:00,NA,1013.3,27.2,27,NA
2021-02-20 19:00:00,NA,1012.3,26.8,31,NA
2021-02-20 20:00:00,NA,1011.6,27.9,30,NA
2021-02-20 21:00:00,NA,1011.2,28,31,NA
2021-02-20 22:00:00,NA,1010.9,26.6,36,NA
2021-02-20 23:00:00,NA,1011.1,25.3,44,NA
2021-02-21 00:00:00,994.6,NA,22.9,57,NA
2021-02-21 09:00:00,994.5,NA,18.5,79,NA
2021-02-21 10:00:00,994.8,NA,17.6,85,NA
2021-02-21 11:00:00,995,NA,18.1,85,NA
2021-02-21 12:00:00,995.2,NA,20.7,78,NA
2021-02-21 13:00:00,995.2,NA,23.2,71,NA
2021-02-21 14:00:00,994.9,NA,25.4,66,NA
2021-02-21 15:00:00,994.4,NA,28.4,55,NA
2021-02-21 16:00:00,993.4,NA,30.4,45,NA
2021-02-21 17:00:00,992.6,NA,31.7,41,NA
2021-02-21 18:00:00,991.8,NA,33.1,34,NA
2021-02-21 19:00:00,990.9,NA,33.4,29,NA
2021-02-21 20:00:00,990,NA,32.6,34,NA
2021-02-21 21:00:00,989.6,NA,32.4,37,NA
2021-02-21 22:00:00,989.4,NA,31.5,42,NA
2021-02-21 23:00:00,989.8,NA,29.3,49,NA
2021-02-22 09:00:00,NA,1008.7,18.7,69,NA
2021-02-22 10:00:00,NA,1009.6,16.8,90,NA
2021-02-22 11:00:00,NA,1010.1,18,82,NA
2021-02-22 12:00:00,NA,1010.7,19.6,69,NA
2021-02-22 13:00:00,NA,1010.9,21.5,45,NA
2021-02-22 14:00:00,NA,1011.4,23.5,37,NA
2021-02-22 15:00:00,NA,1011.4,24.7,37,NA
2021-02-22 16:00:00,NA,1011.3,25.7,38,NA
2021-02-22 17:00:00,NA,1011.3,25.5,35,NA
2021-02-22 18:00:00,NA,1010.7,27.7,29,NA
2021-02-22 19:00:00,NA,1010,28.1,28,NA
2021-02-22 20:00:00,NA,1010.1,28.5,23,NA
2021-02-22 21:00:00,NA,1010.3,28.1,24,NA
2021-02-22 22:00:00,NA,1010.6,27.4,28,NA
2021-02-22 23:00:00,NA,1011.2,24.1,39,NA
2021-02-23 00:00:00,994.8,NA,21.3,55,NA
2021-02-23 09:00:00,996.9,NA,12.5,82,NA
2021-02-23 10:00:00,997,NA,11.1,86,NA
2021-02-23 11:00:00,997.7,NA,12.9,77,NA
2021-02-23 12:00:00,998.1,NA,16.3,57,NA
2021-02-23 13:00:00,998.6,NA,22.1,36,NA
2021-02-23 14:00:00,998.6,NA,26.4,27,NA
2021-02-23 15:00:00,998.6,NA,28.6,18,NA
2021-02-23 16:00:00,998.2,NA,30.3,16,NA
2021-02-23 17:00:00,997.7,NA,31.1,18,NA
2021-02-23 18:00:00,997.6,NA,31.4,12,NA
2021-02-23 19:00:00,996.8,NA,31.6,11,NA
2021-02-23 20:00:00,996.4,NA,31.6,13,NA
2021-02-23 21:00:00,996.2,NA,31.6,18,NA
2021-02-23 22:00:00,996.4,NA,30.8,22,NA
2021-02-23 23:00:00,996.8,NA,26.3,32,NA
2021-02-24 09:00:00,NA,1014.8,14.7,73,NA
2021-02-24 10:00:00,NA,1015.2,13.3,83,NA
2021-02-24 11:00:00,NA,1015.5,13.9,81,NA
2021-02-24 12:00:00,NA,1015.7,16.9,69,NA
2021-02-24 13:00:00,NA,1015.5,22,54,NA
2021-02-24 14:00:00,NA,1015.5,25.7,42,NA
2021-02-24 15:00:00,NA,1015.1,29.3,35,NA
2021-02-24 16:00:00,NA,1014.3,30.5,24,NA
2021-02-24 17:00:00,NA,1013.8,31.3,22,NA
2021-02-24 18:00:00,NA,1013.3,31.3,22,NA
2021-02-24 19:00:00,NA,1012.2,31.6,26,NA
2021-02-24 20:00:00,NA,1011.5,32.1,24,NA
2021-02-24 21:00:00,NA,1011.2,32.1,24,NA
2021-02-24 22:00:00,NA,1011.4,30.1,31,NA
2021-02-24 23:00:00,NA,1011.6,28.1,39,NA
2021-02-25 00:00:00,995.8,NA,25.1,48,NA
2021-02-25 09:00:00,995.4,NA,19.9,61,NA
2021-02-25 10:00:00,995.8,NA,19.1,67,NA
2021-02-25 11:00:00,996.6,NA,20.1,67,NA
2021-02-25 12:00:00,996.9,NA,22.6,60,NA
2021-02-25 13:00:00,997,NA,26.1,53,NA
2021-02-25 14:00:00,997,NA,28.1,46,NA
2021-02-25 15:00:00,996.6,NA,29.4,43,NA
2021-02-25 16:00:00,995.7,NA,30.9,38,NA
2021-02-25 17:00:00,995.4,NA,31.3,30,NA
2021-02-25 18:00:00,994.6,NA,31.5,30,NA
2021-02-25 19:00:00,993.4,NA,32.1,27,NA
2021-02-25 20:00:00,993,NA,32.5,25,NA
2021-02-25 21:00:00,992.6,NA,32.1,29,NA
2021-02-25 22:00:00,992.6,NA,31.9,30,NA
2021-02-25 23:00:00,992.6,NA,28.1,43,NA
2021-02-26 09:00:00,NA,1009.8,18.3,73,NA
2021-02-26 10:00:00,NA,1009.8,18.3,73,NA
2021-02-26 11:00:00,NA,1010.7,18.3,75,NA
2021-02-26 12:00:00,NA,1010.8,19.9,69,NA
2021-02-26 13:00:00,NA,1010.9,26.1,53,NA
2021-02-26 14:00:00,NA,1010.6,28.8,46,NA
2021-02-26 15:00:00,NA,1010.5,30.1,43,NA
2021-02-26 16:00:00,NA,1009.9,31.4,41,NA
2021-02-26 17:00:00,NA,1009,32.6,38,NA
2021-02-26 18:00:00,NA,1008,32.9,36,NA
2021-02-26 19:00:00,NA,1007,33.4,33,NA
2021-02-26 20:00:00,NA,1007.9,32.6,34,NA
2021-02-26 21:00:00,NA,1009.2,31.3,37,NA
2021-02-26 22:00:00,NA,1011,30.1,40,NA
2021-02-26 23:00:00,NA,1014.6,22.8,65,NA
2021-02-27 00:00:00,998.5,NA,23.6,55,NA
2021-02-27 09:00:00,997.6,NA,18.5,79,NA
2021-02-27 10:00:00,998.2,NA,19.1,75,NA
2021-02-27 11:00:00,998.6,NA,20.1,72,NA
2021-02-27 12:00:00,998.6,NA,20.1,72,NA
2021-02-27 13:00:00,998.8,NA,24.9,56,NA
2021-02-27 14:00:00,998.8,NA,27.5,43,NA
2021-02-27 15:00:00,998.2,NA,29.7,38,NA
2021-02-27 16:00:00,997.8,NA,31.9,26,NA
2021-02-27 17:00:00,997.3,NA,32.1,26,NA
2021-02-27 18:00:00,996.9,NA,33.2,24,NA
2021-02-27 19:00:00,996,NA,32.7,25,NA
2021-02-27 20:00:00,995.4,NA,33.1,27,NA
2021-02-27 21:00:00,995.4,NA,32.5,27,NA
2021-02-27 22:00:00,995.4,NA,31,33,NA
2021-02-27 23:00:00,995.7,NA,29,41,NA
2021-02-28 09:00:00,NA,1012.7,18.5,85,NA
2021-02-28 10:00:00,NA,1012.8,18.9,84,NA
2021-02-28 11:00:00,NA,1013.1,20.1,81,NA
2021-02-28 12:00:00,NA,1013.3,21.3,80,NA
2021-02-28 13:00:00,NA,1013.4,23.1,72,NA
2021-02-28 14:00:00,NA,1013.5,26.1,46,NA
2021-02-28 15:00:00,NA,1013.4,27.3,57,NA
2021-02-28 16:00:00,NA,1012.2,28.1,54,NA
2021-02-28 17:00:00,NA,1012,28.5,53,NA
2021-02-28 18:00:00,NA,1011.7,28,56,NA
2021-02-28 19:00:00,NA,1010.8,27.7,57,NA
2021-02-28 20:00:00,NA,1010.8,26.9,57,NA
2021-02-28 21:00:00,NA,1010.6,26.1,60,NA
2021-02-28 22:00:00,NA,1010.6,25.9,63,NA
2021-02-28 23:00:00,NA,1010.7,25,65,NA
2021-03-01 00:00:00,NA,1011.7,23.3,73,NA
2021-03-02 09:00:00,NA,1012.1,20.4,95,NA
2021-03-02 10:00:00,NA,1012.6,19.2,98,NA
2021-03-02 11:00:00,NA,1012.9,19.7,97,NA
2021-03-02 12:00:00,NA,1013.3,22.5,83,NA
2021-03-02 13:00:00,NA,1013.4,24.9,75,NA
2021-03-02 14:00:00,NA,1013.5,27.9,62,NA
2021-03-02 15:00:00,NA,1013.3,29.7,55,NA
2021-03-02 16:00:00,NA,1013,30.9,49,NA
2021-03-02 17:00:00,NA,1012.3,31.7,47,NA
2021-03-02 18:00:00,995.7,1012.2,29.3,57,NA
2021-03-02 19:00:00,995.2,1011.8,26.5,61,NA
2021-03-02 20:00:00,994.6,1011.3,27.9,53,NA
2021-03-02 21:00:00,994.2,1010.8,30.5,47,NA
2021-03-02 22:00:00,994.6,1011.3,29.9,56,NA
2021-03-02 23:00:00,995.6,1012.2,26.9,61,NA
2021-03-03 00:00:00,NA,1012.7,25.5,70,NA
2021-03-04 00:00:00,996,NA,NA,NA,NA
2021-03-04 09:00:00,996.2,1012.9,19.5,95,NA
2021-03-04 10:00:00,996.5,1013.2,19.1,95,NA
2021-03-04 11:00:00,996.6,1013.3,20.3,92,NA
2021-03-04 12:00:00,996.6,1013.2,22.7,84,NA
2021-03-04 13:00:00,996.9,1013.6,26.1,69,NA
2021-03-04 14:00:00,997,1013.7,27.9,62,NA
2021-03-04 15:00:00,997.2,1013.6,29.7,56,NA
2021-03-04 16:00:00,997,1013.6,30.7,52,NA
2021-03-04 17:00:00,996.6,1013.2,31.6,45,NA
2021-03-04 18:00:00,995.8,1012.3,32.4,44,NA
2021-03-04 19:00:00,995.2,1011.7,31.8,40,NA
2021-03-04 20:00:00,995.3,1011.9,28.5,56,NA
2021-03-04 21:00:00,995.2,1011.8,28.1,59,NA
2021-03-04 22:00:00,995.6,1012.2,28.4,58,NA
2021-03-04 23:00:00,995.8,1012.5,26.3,69,NA
2021-03-05 00:00:00,NA,1013.1,24.9,74,NA
2021-03-05 20:00:00,995.3,NA,NA,NA,NA
2021-03-06 00:00:00,995,NA,NA,NA,NA
2021-03-06 09:00:00,994.2,1010.9,14.5,85,NA
2021-03-06 10:00:00,994.5,1011.2,15.1,85,NA
2021-03-06 11:00:00,995.2,1011.9,18.6,67,NA
2021-03-06 12:00:00,995.7,1012.4,20,59,NA
2021-03-06 13:00:00,995.4,1012.2,21.6,53,NA
2021-03-06 14:00:00,995.3,1012.1,24.1,46,NA
2021-03-06 15:00:00,994.6,1011.4,27.1,43,NA
2021-03-06 16:00:00,994.2,1011,28.1,41,NA
2021-03-06 17:00:00,NA,1010.4,29.5,61,NA
2021-03-06 18:00:00,993,1009.7,30.1,41,NA
2021-03-06 19:00:00,992.8,1009.4,30.5,45,NA
2021-03-06 20:00:00,992,1008.6,31.1,45,NA
2021-03-06 21:00:00,991.7,1008.2,30.5,46,NA
2021-03-06 22:00:00,991.8,1008.3,30.1,47,NA
2021-03-06 23:00:00,992,1008.6,27.1,59,NA
2021-03-07 00:00:00,NA,1009.1,26.9,60,NA
2021-03-08 00:00:00,992.9,NA,NA,NA,NA
2021-03-08 09:00:00,997.7,1014.2,19.5,95,NA
2021-03-08 10:00:00,998.6,1015.3,18.5,76,NA
2021-03-08 11:00:00,999.6,1016.5,16.9,77,NA
2021-03-08 12:00:00,1000.4,1017.3,18.9,60,NA
2021-03-08 13:00:00,1001,1017.8,21.3,53,NA
2021-03-08 14:00:00,1001.4,1018.3,22.6,53,NA
2021-03-08 15:00:00,1002,1018.8,23.9,51,NA
2021-03-08 16:00:00,1001.4,1018.2,25.5,46,NA
2021-03-08 17:00:00,1001,1017.7,26.1,50,NA
2021-03-08 18:00:00,1000.4,1017.1,26.9,40,NA
2021-03-08 19:00:00,999.8,1016.5,27.5,39,NA
2021-03-08 20:00:00,NA,1015.9,27.5,38,NA
2021-03-08 21:00:00,999.2,1015.9,26.9,41,NA
2021-03-08 22:00:00,999.3,1016.1,25.9,44,NA
2021-03-08 23:00:00,999.8,1016.7,22.4,60,NA
2021-03-09 00:00:00,NA,1016.9,21.6,60,NA
2021-03-10 00:00:00,994.1,NA,NA,NA,NA
2021-03-10 09:00:00,992.2,1009,18.1,70,NA
2021-03-10 10:00:00,992.6,1009.2,18.6,68,NA
2021-03-10 11:00:00,992.6,1009.3,19.1,67,NA
2021-03-10 12:00:00,992.6,1009.3,20.3,69,NA
2021-03-10 13:00:00,992.2,1008.9,22.1,66,NA
2021-03-10 14:00:00,992,1008.6,26.9,50,NA
2021-03-10 15:00:00,991.2,1007.8,28.1,46,NA
2021-03-10 16:00:00,990.5,1007,30.9,38,NA
2021-03-10 17:00:00,989.7,1006.1,32.1,38,NA
2021-03-10 18:00:00,988.8,1005.2,32.8,35,NA
2021-03-10 19:00:00,988,1004.4,33.1,35,NA
2021-03-10 20:00:00,987.6,1004,32.1,34,NA
2021-03-10 21:00:00,987.6,1004,31.3,37,NA
2021-03-10 22:00:00,987.6,1004.1,29.5,45,NA
2021-03-10 23:00:00,987.8,1004.4,28.9,47,NA
2021-03-11 00:00:00,NA,1005.1,26.9,56,NA
2021-03-12 00:00:00,996.8,NA,NA,NA,NA
2021-03-12 09:00:00,997,1013.9,12.1,87,NA
2021-03-12 10:00:00,997.8,1014.7,12.1,87,NA
2021-03-12 11:00:00,998.5,1015.5,13.1,82,NA
2021-03-12 12:00:00,999,1016,17.5,76,NA
2021-03-12 13:00:00,999,1016,22.1,51,NA
2021-03-12 14:00:00,999,1015.9,24.1,34,NA
2021-03-12 15:00:00,999,1016,25.1,30,NA
2021-03-12 16:00:00,998.6,1015.4,27.1,24,NA
2021-03-12 17:00:00,998.2,1015,28.9,29,NA
2021-03-12 18:00:00,997.3,1014.1,29.5,28,NA
2021-03-12 19:00:00,996.6,1013.5,30.1,27,NA
2021-03-12 20:00:00,996.2,1013,30.1,27,NA
2021-03-12 21:00:00,996,1012.8,29.1,25,NA
2021-03-12 22:00:00,995.8,1012.8,27.1,42,NA
2021-03-12 23:00:00,995.8,1012.8,26.1,45,NA
2021-03-13 00:00:00,NA,1013.1,24.1,51,NA
2021-03-14 09:00:00,NA,1015.2,18.5,89,NA
2021-03-14 10:00:00,NA,1014.9,18.3,91,NA
2021-03-14 11:00:00,NA,1015.9,19.1,88,NA
2021-03-14 12:00:00,NA,1015.9,19.6,87,NA
2021-03-14 13:00:00,NA,1016.6,20,89,NA
2021-03-14 14:00:00,NA,1017.3,20.9,86,NA
2021-03-14 15:00:00,NA,1017.4,22.3,82,NA
2021-03-14 16:00:00,NA,1017,23.1,76,NA
2021-03-14 17:00:00,NA,1016.9,21.7,90,NA
2021-03-14 18:00:00,NA,1016,20.9,92,NA
2021-03-14 19:00:00,NA,1015.6,20.4,95,NA
2021-03-14 20:00:00,NA,1015.5,19.9,95,NA
2021-03-14 21:00:00,NA,1015.1,20.2,95,NA
2021-03-14 22:00:00,NA,1015,20,92,NA
2021-03-14 23:00:00,NA,1014.9,19.7,95,NA
2021-03-15 00:00:00,NA,1015.1,19.3,95,NA
2021-03-15 12:00:00,996.2,NA,18.5,85,NA
2021-03-15 13:00:00,996.1,NA,20.1,80,NA
2021-03-15 14:00:00,996.1,NA,22.1,73,NA
2021-03-15 16:00:00,994.8,NA,23.1,74,NA
2021-03-15 17:00:00,994.6,NA,23.6,72,NA
2021-03-15 18:00:00,993.7,NA,24.9,69,NA
2021-03-16 09:00:00,NA,1007.5,17.3,97,NA
2021-03-16 10:00:00,NA,1008.3,17.1,96,NA
2021-03-16 11:00:00,NA,1008.7,16.9,96,NA
2021-03-16 12:00:00,NA,1008.6,16.5,97,NA
2021-03-16 13:00:00,NA,1008.9,16.6,98,NA
2021-03-16 14:00:00,NA,1009.5,17.1,95,NA
2021-03-16 15:00:00,NA,1009.5,17.5,95,NA
2021-03-16 16:00:00,NA,1008.7,17.7,94,NA
2021-03-16 17:00:00,NA,1008,18.8,95,NA
2021-03-16 18:00:00,NA,1008.2,20.4,89,NA
2021-03-16 19:00:00,NA,1007.9,21.4,82,NA
2021-03-16 20:00:00,NA,1008.5,21.1,83,NA
2021-03-16 21:00:00,NA,1008.9,20.8,86,NA
2021-03-16 22:00:00,NA,1009.5,21.8,82,NA
2021-03-16 23:00:00,NA,1010.4,19.1,80,NA
2021-03-17 00:00:00,994.4,NA,17.6,85,NA
2021-03-17 09:00:00,1000.6,NA,14,86,NA
2021-03-17 10:00:00,1001.7,NA,13.3,85,NA
2021-03-17 11:00:00,1002.6,NA,12.3,87,NA
2021-03-17 12:00:00,1004.2,NA,13.1,82,NA
2021-03-18 09:00:00,NA,1022.4,8.5,94,NA
2021-03-18 10:00:00,NA,1022.5,8.5,94,NA
2021-03-18 11:00:00,NA,1022.5,8.1,97,NA
2021-03-18 12:00:00,NA,1022.5,10.1,84,NA
2021-03-18 13:00:00,NA,1022.7,12.1,64,NA
2021-03-18 14:00:00,NA,1022.4,10.9,86,NA
2021-03-18 15:00:00,NA,1022.4,10.9,88,NA
2021-03-18 16:00:00,NA,1021.2,12.1,85,NA
2021-03-18 17:00:00,NA,1020.9,12.1,85,NA
2021-03-18 18:00:00,NA,1020,12.5,80,NA
2021-03-18 19:00:00,NA,1019.3,13.1,76,NA
2021-03-18 20:00:00,NA,1019,13.5,83,NA
2021-03-18 21:00:00,NA,1018.8,13.5,83,NA
2021-03-18 22:00:00,NA,1018.3,13,71,NA
2021-03-18 23:00:00,NA,1018.3,12.1,76,NA
2021-03-19 00:00:00,1000.9,NA,11.9,77,NA
2021-03-19 09:00:00,998.4,NA,9.6,92,NA
2021-03-19 10:00:00,998.5,NA,10.5,91,NA
2021-03-19 11:00:00,998.6,NA,10.9,88,NA
2021-03-19 12:00:00,999,NA,11.5,82,NA
2021-03-19 13:00:00,998.4,NA,15.2,66,NA
2021-03-19 14:00:00,998.4,NA,15,72,NA
2021-03-19 15:00:00,997.7,NA,18.1,59,NA
2021-03-19 16:00:00,996.6,NA,19.2,55,NA
2021-03-19 17:00:00,995.4,NA,18.9,59,NA
2021-03-19 18:00:00,995.4,NA,18.5,63,NA
2021-03-19 19:00:00,994,NA,18.1,74,NA
2021-03-19 20:00:00,993.4,NA,18.3,81,NA
2021-03-19 21:00:00,992.8,NA,19.1,78,NA
2021-03-19 22:00:00,993.8,NA,19.1,80,NA
2021-03-19 23:00:00,994.2,NA,18.4,84,NA
2021-03-20 09:00:00,NA,1012.4,14.7,99,NA
2021-03-20 10:00:00,NA,1013.1,15,98,NA
2021-03-20 11:00:00,NA,1015,15.3,97,NA
2021-03-20 12:00:00,NA,1014.7,15.6,97,NA
2021-03-20 13:00:00,NA,1016.1,15.6,96,NA
2021-03-20 14:00:00,NA,1016.5,15.8,94,NA
2021-03-20 15:00:00,NA,1015.9,20.6,55,NA
2021-03-20 16:00:00,NA,1015.7,22.1,45,NA
2021-03-20 17:00:00,NA,1015.7,23.1,40,NA
2021-03-20 18:00:00,NA,1015.7,24.1,35,NA
2021-03-20 19:00:00,NA,1015.7,25.1,30,NA
2021-03-20 20:00:00,NA,1015.7,24.8,46,NA
2021-03-20 21:00:00,NA,1015.9,24.3,30,NA
2021-03-20 22:00:00,NA,1016.7,23.1,49,NA
2021-03-20 23:00:00,NA,1017.2,19.1,58,NA
2021-03-21 00:00:00,1000.6,NA,17.3,64,NA
2021-03-21 09:00:00,1004.6,NA,9.1,82,NA
2021-03-21 10:00:00,1004.9,NA,9.1,85,NA
2021-03-21 11:00:00,1005.7,NA,9.9,82,NA
2021-03-21 12:00:00,1005.7,NA,12.1,87,NA
2021-03-21 13:00:00,1006.6,NA,13.1,87,NA
2021-03-21 14:00:00,1006.9,NA,15.1,77,NA
2021-03-21 15:00:00,1006.5,NA,19.5,62,NA
2021-03-21 16:00:00,1006.1,NA,20.1,63,NA
2021-03-21 17:00:00,1005.4,NA,22.5,50,NA
2021-03-21 18:00:00,1004.6,NA,23.1,51,NA
2021-03-21 19:00:00,1003.8,NA,23.1,50,NA
2021-03-21 20:00:00,1003.4,NA,22.6,50,NA
2021-03-21 21:00:00,1003.4,NA,22.5,43,NA
2021-03-21 22:00:00,1003.6,NA,20.1,57,NA
2021-03-21 23:00:00,1003.8,NA,18.9,65,NA
2021-03-22 09:00:00,NA,1019.5,11.1,86,NA
2021-03-22 10:00:00,NA,1020.6,11.1,86,NA
2021-03-22 11:00:00,NA,1021.2,11.3,86,NA
2021-03-22 12:00:00,NA,1021.6,12.9,83,NA
2021-03-22 13:00:00,NA,1021.9,13.8,87,NA
2021-03-22 14:00:00,NA,1022.1,16.9,84,NA
2021-03-22 15:00:00,NA,1021.4,18.5,80,NA
2021-03-22 16:00:00,NA,1021.1,18.9,80,NA
2021-03-22 17:00:00,NA,1020.5,21.9,67,NA
2021-03-22 18:00:00,NA,1019.7,23.1,57,NA
2021-03-22 19:00:00,NA,1018.4,23.6,55,NA
2021-03-22 20:00:00,NA,1018,24.6,45,NA
2021-03-22 21:00:00,NA,1017.8,24.1,46,NA
2021-03-22 22:00:00,NA,1017.9,22.9,57,NA
2021-03-22 23:00:00,NA,1018,20.5,67,NA
2021-03-23 00:00:00,1001,NA,18.6,75,NA
2021-03-23 09:00:00,998.6,NA,13.3,85,NA
2021-03-23 10:00:00,998.4,NA,12.9,91,NA
2021-03-23 11:00:00,998.4,NA,13,94,NA
2021-03-23 12:00:00,998.2,NA,16.4,77,NA
2021-03-23 13:00:00,998.1,NA,19,71,NA
2021-03-23 14:00:00,998.1,NA,22.1,62,NA
2021-03-23 15:00:00,997.8,NA,25.5,50,NA
2021-03-23 16:00:00,997.2,NA,27,44,NA
2021-03-23 17:00:00,996.2,NA,28.1,42,NA
2021-03-23 18:00:00,995.4,NA,28.9,37,NA
2021-03-23 19:00:00,994.8,NA,28.9,36,NA
2021-03-23 20:00:00,994.2,NA,28.6,38,NA
2021-03-23 21:00:00,994.4,NA,27.3,39,NA
2021-03-23 22:00:00,994.5,NA,25.7,46,NA
2021-03-23 23:00:00,994.8,NA,23.7,53,NA
2021-03-24 09:00:00,NA,1012.3,14.9,85,NA
2021-03-24 10:00:00,NA,1012.6,15.1,88,NA
2021-03-24 11:00:00,NA,1013,15.6,83,NA
2021-03-24 12:00:00,NA,1013.4,17.1,79,NA
2021-03-24 13:00:00,NA,1013.3,19.1,80,NA
2021-03-24 14:00:00,NA,1013.5,23.7,59,NA
2021-03-24 15:00:00,NA,1013.2,25.1,58,NA
2021-03-24 16:00:00,NA,1012.5,26.6,52,NA
2021-03-24 17:00:00,NA,1011.4,28.1,51,NA
2021-03-24 18:00:00,NA,1011.2,29.1,46,NA
2021-03-24 19:00:00,NA,1010.7,29.7,43,NA
2021-03-24 20:00:00,NA,1010.2,28.1,47,NA
2021-03-24 21:00:00,NA,1010.1,27.1,49,NA
2021-03-24 22:00:00,NA,1010.4,26.9,53,NA
2021-03-24 23:00:00,NA,1010.6,26.1,55,NA
2021-03-25 00:00:00,994.2,NA,23.5,63,NA
2021-03-25 09:00:00,995.8,NA,15.6,100,NA
2021-03-25 10:00:00,996.2,NA,15.1,86,NA
2021-03-25 11:00:00,996.4,NA,15.4,85,NA
2021-03-25 12:00:00,997,NA,16.3,84,NA
2021-03-25 13:00:00,997,NA,17.7,75,NA
2021-03-25 14:00:00,997.7,NA,18.6,77,NA
2021-03-25 15:00:00,997.2,NA,20.5,71,NA
2021-03-25 16:00:00,996.4,NA,21.1,64,NA
2021-03-25 17:00:00,996.9,NA,22.7,56,NA
2021-03-25 18:00:00,996.8,NA,21.9,62,NA
2021-03-25 19:00:00,996.4,NA,23.7,52,NA
2021-03-25 20:00:00,995.8,NA,22.6,59,NA
2021-03-25 21:00:00,995.3,NA,22.1,61,NA
2021-03-25 22:00:00,995.8,NA,21.1,64,NA
2021-03-25 23:00:00,996,NA,19.7,70,NA
2021-03-26 09:00:00,NA,1014.8,14.5,97,NA
2021-03-26 10:00:00,NA,1014.8,14.7,96,NA
2021-03-26 11:00:00,NA,1015.2,15.1,93,NA
2021-03-26 12:00:00,NA,1016.1,14.7,90,NA
2021-03-26 13:00:00,NA,1016.9,15.1,88,NA
2021-03-26 14:00:00,NA,1017.1,14.5,94,NA
2021-03-26 15:00:00,NA,1017.4,14.5,94,NA
2021-03-26 16:00:00,NA,1017.1,14.6,93,NA
2021-03-26 17:00:00,NA,1017.1,14.6,93,NA
2021-03-26 18:00:00,NA,1016.8,14.6,93,NA
2021-03-26 19:00:00,NA,1016.5,14.6,93,NA
2021-03-26 20:00:00,NA,1016.8,14.1,97,NA
2021-03-26 21:00:00,NA,1016.6,15.1,88,NA
2021-03-26 22:00:00,NA,1016.6,14.1,99,NA
2021-03-26 23:00:00,NA,1017.2,13.1,99,NA
2021-03-27 00:00:00,1000.2,NA,14.1,98,NA
2021-03-27 09:00:00,998.6,NA,14.4,93,NA
2021-03-27 10:00:00,998.2,NA,13.5,85,NA
2021-03-27 11:00:00,999.2,NA,13,95,NA
2021-03-27 12:00:00,999.8,NA,13.7,93,NA
2021-03-27 13:00:00,1000.6,NA,14,90,NA
2021-03-27 14:00:00,1001.4,NA,14.1,91,NA
2021-03-27 15:00:00,1001.4,NA,14.7,84,NA
2021-03-27 16:00:00,1001.6,NA,15.3,77,NA
2021-03-27 17:00:00,1001,NA,16.1,78,NA
2021-03-27 18:00:00,1000.8,NA,16,78,NA
2021-03-27 19:00:00,1000.6,NA,16.5,77,NA
2021-03-27 20:00:00,1000.4,NA,16.4,77,NA
2021-03-27 21:00:00,1000,NA,18,73,NA
2021-03-27 22:00:00,1000.4,NA,17.3,77,NA
2021-03-27 23:00:00,1000.5,NA,15.4,93,NA
2021-03-28 09:00:00,NA,1017.4,8.3,100,NA
2021-03-28 10:00:00,NA,1017.9,7.5,100,NA
2021-03-28 11:00:00,NA,1018,7.6,100,NA
2021-03-28 12:00:00,NA,1018.1,10.1,94,NA
2021-03-28 13:00:00,NA,1018.6,13.9,90,NA
2021-03-28 14:00:00,NA,1018.7,16.7,78,NA
2021-03-28 15:00:00,NA,1018.4,18.9,61,NA
2021-03-28 16:00:00,NA,1017.9,19.6,59,NA
2021-03-28 17:00:00,NA,1017.2,20.9,54,NA
2021-03-28 18:00:00,NA,1016.5,21.6,53,NA
2021-03-28 19:00:00,NA,1016.1,22.1,55,NA
2021-03-28 20:00:00,NA,1015.8,22.1,48,NA
2021-03-28 21:00:00,NA,1015.4,21.9,49,NA
2021-03-28 22:00:00,NA,1015.8,20.5,64,NA
2021-03-28 23:00:00,NA,1016.2,16.8,79,NA
2021-03-29 00:00:00,999.2,NA,16.1,83,NA
2021-03-29 09:00:00,1000.9,NA,11.5,98,NA
2021-03-29 10:00:00,1000.9,NA,11.5,98,NA
2021-03-29 11:00:00,1001.3,NA,12.1,93,NA
2021-03-29 12:00:00,1001.8,NA,14.1,96,NA
2021-03-29 13:00:00,1002.2,NA,15.1,87,NA
2021-03-29 14:00:00,1002.5,NA,19.5,74,NA
2021-03-29 15:00:00,1002.2,NA,20.1,72,NA
2021-03-29 16:00:00,1001.8,NA,23.1,62,NA
2021-03-29 17:00:00,1001.2,NA,23.6,62,NA
2021-03-29 18:00:00,1000.6,NA,24.1,52,NA
2021-03-29 19:00:00,1000.2,NA,24.6,56,NA
2021-03-29 20:00:00,999.8,NA,24.1,45,NA
2021-03-29 21:00:00,999.8,NA,23.6,48,NA
2021-03-29 22:00:00,1000.2,NA,22.3,58,NA
2021-03-29 23:00:00,1000.4,NA,20.1,72,NA
2021-03-30 09:00:00,NA,1017.5,14.5,69,NA
2021-03-30 10:00:00,NA,1017.7,14.1,66,NA
2021-03-30 11:00:00,NA,1017.9,13.5,70,NA
2021-03-30 12:00:00,NA,1018.1,15.5,56,NA
2021-03-30 13:00:00,NA,1018.4,18.9,56,NA
2021-03-30 14:00:00,NA,1018.3,21.8,45,NA
2021-03-30 15:00:00,NA,1018,23.9,43,NA
2021-03-30 16:00:00,NA,1017.8,24.5,41,NA
2021-03-30 17:00:00,NA,1016.8,25.3,40,NA
2021-03-30 18:00:00,NA,1016.2,26,34,NA
2021-03-30 19:00:00,NA,1015.6,25.8,35,NA
2021-03-30 20:00:00,NA,1015.5,25.9,36,NA
2021-03-30 21:00:00,NA,1015.3,25.1,40,NA
2021-03-30 22:00:00,NA,1015.6,24.7,41,NA
2021-03-30 23:00:00,NA,1015.9,19.5,60,NA
2021-03-31 00:00:00,998.9,NA,18.9,55,NA
2021-03-31 09:00:00,999.3,NA,11.7,85,NA
2021-03-31 10:00:00,999.4,NA,11.1,86,NA
2021-03-31 11:00:00,999.6,NA,10.6,89,NA
2021-03-31 17:00:00,999.4,NA,25.3,49,NA
2021-03-31 18:00:00,998.8,NA,25.4,45,NA
2021-03-31 19:00:00,998.4,NA,25.6,44,NA
2021-03-31 20:00:00,997.8,NA,25.6,40,NA
2021-03-31 21:00:00,997.7,NA,25.1,42,NA
2021-03-31 22:00:00,997.8,NA,23.3,51,NA
2021-03-31 23:00:00,998.3,NA,19.8,65,NA
2021-04-01 09:00:00,NA,1015.9,12.5,88,NA
2021-04-01 10:00:00,NA,1016.2,13.1,87,NA
2021-04-01 11:00:00,NA,1016.9,14.1,82,NA
2021-04-01 12:00:00,NA,1017.3,13.9,88,NA
2021-04-01 13:00:00,NA,1018,15.1,78,NA
2021-04-01 14:00:00,NA,1017.8,20.1,64,NA
2021-04-01 15:00:00,NA,1017.7,20.1,64,NA
2021-04-01 16:00:00,NA,1017.2,22.1,58,NA
2021-04-01 17:00:00,NA,1016.5,23.1,50,NA
2021-04-01 18:00:00,NA,1015.6,24.1,46,NA
2021-04-01 19:00:00,NA,1015.3,24.3,48,NA
2021-04-01 20:00:00,NA,1015.1,25.1,39,NA
2021-04-01 21:00:00,NA,1015.1,25.1,39,NA
2021-04-01 22:00:00,NA,1015.3,21.3,57,NA
2021-04-01 23:00:00,NA,1015.6,20.1,64,NA
2021-04-02 00:00:00,998.6,NA,18.9,59,NA
2021-04-02 09:00:00,999.7,NA,13,86,NA
2021-04-02 10:00:00,999.8,NA,12.7,86,NA
2021-04-02 11:00:00,1000.2,NA,12.9,89,NA
2021-04-02 12:00:00,1000.8,NA,15.1,86,NA
2021-04-02 13:00:00,1000.9,NA,17.5,73,NA
2021-04-02 14:00:00,1000.9,NA,20.9,61,NA
2021-04-02 15:00:00,1000.6,NA,23.1,51,NA
2021-04-02 16:00:00,999.6,NA,25,41,NA
2021-04-02 17:00:00,999.2,NA,25,42,NA
2021-04-02 18:00:00,998.4,NA,25.7,41,NA
2021-04-02 19:00:00,998.1,NA,25.2,41,NA
2021-04-02 20:00:00,997.7,NA,25.4,43,NA
2021-04-02 21:00:00,997.8,NA,24.9,43,NA
2021-04-02 22:00:00,998.2,NA,22.8,52,NA
2021-04-02 23:00:00,998.4,NA,20.5,64,NA
2021-04-03 09:00:00,NA,1015.8,13.8,86,NA
2021-04-03 10:00:00,NA,1016.3,13.3,88,NA
2021-04-03 11:00:00,NA,1017,13.4,88,NA
2021-04-03 12:00:00,NA,1017.7,14.6,87,NA
2021-04-03 13:00:00,NA,1018.2,18.1,73,NA
2021-04-03 14:00:00,NA,1018.1,20.4,65,NA
2021-04-03 15:00:00,NA,1017.8,22.7,56,NA
2021-04-03 16:00:00,NA,1016.9,24.6,48,NA
2021-04-03 17:00:00,NA,1016,24.7,47,NA
2021-04-03 18:00:00,NA,1015,26.1,45,NA
2021-04-03 19:00:00,NA,1014.4,26.5,44,NA
2021-04-03 20:00:00,NA,1014.5,26.6,54,NA
2021-04-03 21:00:00,NA,1014.5,26.4,44,NA
2021-04-03 22:00:00,NA,1014.8,24.6,53,NA
2021-04-03 23:00:00,NA,1015.2,21.6,65,NA
2021-04-04 00:00:00,998.4,NA,21.1,64,NA
2021-04-04 09:00:00,997.6,NA,15.5,94,NA
2021-04-04 10:00:00,997.7,NA,15.3,96,NA
2021-04-04 11:00:00,997.8,NA,16.1,93,NA
2021-04-04 12:00:00,998.1,NA,17.1,79,NA
2021-04-04 13:00:00,998.2,NA,19.1,71,NA
2021-04-04 14:00:00,998.1,NA,24.9,48,NA
2021-04-04 15:00:00,997.6,NA,26.1,54,NA
2021-04-04 16:00:00,997,NA,27.1,45,NA
2021-04-04 17:00:00,995.7,NA,28.6,42,NA
2021-04-04 18:00:00,994.5,NA,29.6,38,NA
2021-04-04 19:00:00,994.4,NA,29.1,40,NA
2021-04-04 20:00:00,994.1,NA,29.1,40,NA
2021-04-04 21:00:00,993.8,NA,27.1,46,NA
2021-04-04 22:00:00,994.2,NA,12.4,NA,NA
2021-04-04 23:00:00,994.6,NA,23.3,57,NA
2021-04-05 09:00:00,NA,1011.9,16.5,86,NA
2021-04-05 10:00:00,NA,1012.4,16.3,91,NA
2021-04-05 11:00:00,NA,1012.6,16,91,NA
2021-04-05 12:00:00,NA,1012.6,17.5,87,NA
2021-04-05 13:00:00,NA,1012.7,21,70,NA
2021-04-05 14:00:00,NA,1012.6,23.2,63,NA
2021-04-05 15:00:00,NA,1012.3,26.3,55,NA
2021-04-05 16:00:00,NA,1011.8,27.7,50,NA
2021-04-05 17:00:00,NA,1011,29,44,NA
2021-04-05 18:00:00,NA,1010.6,29.6,42,NA
2021-04-05 19:00:00,NA,1010.3,30.1,41,NA
2021-04-05 20:00:00,NA,1010.2,30.2,38,NA
2021-04-05 21:00:00,NA,1010.7,29.1,42,NA
2021-04-05 22:00:00,NA,1011.2,26.9,53,NA
2021-04-05 23:00:00,NA,1012.1,24.9,59,NA
2021-04-06 00:00:00,996,NA,23.7,63,NA
2021-04-06 09:00:00,996.5,NA,18.4,90,NA
2021-04-06 10:00:00,996.8,NA,17.6,92,NA
2021-04-06 11:00:00,997,NA,17.5,92,NA
2021-04-06 12:00:00,997.6,NA,18.5,89,NA
2021-04-06 13:00:00,997.8,NA,22.3,75,NA
2021-04-06 14:00:00,997.4,NA,24.8,63,NA
2021-04-06 15:00:00,997.4,NA,26.3,57,NA
2021-04-06 16:00:00,996.6,NA,27.5,49,NA
2021-04-06 17:00:00,995.6,NA,28.5,43,NA
2021-04-06 18:00:00,994.8,NA,29.5,43,NA
2021-04-06 19:00:00,994.2,NA,29.5,41,NA
2021-04-06 20:00:00,994.1,NA,29.5,41,NA
2021-04-06 21:00:00,994.1,NA,28.7,54,NA
2021-04-06 22:00:00,994.1,NA,27.2,49,NA
2021-04-06 23:00:00,994.1,NA,25.3,58,NA
2021-04-07 09:00:00,NA,1010.9,18.7,84,NA
2021-04-07 10:00:00,NA,1011,19.1,80,NA
2021-04-07 11:00:00,NA,1011.7,20.1,81,NA
2021-04-07 12:00:00,NA,1011.9,19.6,85,NA
2021-04-07 13:00:00,NA,1012.4,23.1,67,NA
2021-04-07 14:00:00,NA,1012.2,24.1,67,NA
2021-04-07 15:00:00,NA,1012,26.7,57,NA
2021-04-07 16:00:00,NA,1011.5,27.1,56,NA
2021-04-07 17:00:00,NA,1009.8,28.6,54,NA
2021-04-07 18:00:00,NA,1009.5,29.1,52,NA
2021-04-07 19:00:00,NA,1009,28.1,51,NA
2021-04-07 20:00:00,NA,1008.4,28.1,51,NA
2021-04-07 21:00:00,NA,1008.4,27.1,52,NA
2021-04-07 22:00:00,NA,1008.9,26.1,58,NA
2021-04-07 23:00:00,NA,1008.9,25.1,61,NA
2021-04-08 00:00:00,NA,1009.7,24.1,67,NA
2021-04-08 15:00:00,991.7,NA,20.5,95,NA
2021-04-08 16:00:00,991.3,NA,21.3,91,NA
2021-04-08 17:00:00,991.4,NA,21.5,83,NA
2021-04-08 18:00:00,991.3,NA,20.1,90,NA
2021-04-08 19:00:00,991,NA,19.9,93,NA
2021-04-08 20:00:00,991.8,NA,20,92,NA
2021-04-08 21:00:00,992.2,NA,19.3,96,NA
2021-04-08 22:00:00,992.2,NA,19.1,93,NA
2021-04-08 23:00:00,993.2,NA,19.1,96,NA
2021-04-09 09:00:00,NA,1013.7,17.1,99,NA
2021-04-09 10:00:00,NA,1014.5,17.1,99,NA
2021-04-09 11:00:00,NA,1015,18.1,94,NA
2021-04-09 12:00:00,NA,1015.7,16.9,99,NA
2021-04-09 13:00:00,NA,1015.8,17.1,99,NA
2021-04-09 14:00:00,NA,1016,18.5,93,NA
2021-04-09 15:00:00,NA,1016,18.7,93,NA
2021-04-09 16:00:00,NA,1015.9,20.1,74,NA
2021-04-09 17:00:00,NA,1015,20.6,73,NA
2021-04-09 18:00:00,NA,1014.3,21.5,68,NA
2021-04-09 19:00:00,NA,1013.8,21.3,68,NA
2021-04-09 20:00:00,NA,1014,21.1,75,NA
2021-04-09 21:00:00,NA,1014.6,20.5,74,NA
2021-04-09 22:00:00,NA,1014.6,19.7,80,NA
2021-04-09 23:00:00,NA,1015.2,18,91,NA
2021-04-10 00:00:00,NA,1014.9,17.5,91,NA
2021-04-11 09:00:00,NA,1017.7,10.1,96,NA
2021-04-11 10:00:00,NA,1018.4,9.7,96,NA
2021-04-11 11:00:00,NA,1018.4,9.3,97,NA
2021-04-11 12:00:00,NA,1018.6,10.5,94,NA
2021-04-11 13:00:00,NA,1019.3,13.3,86,NA
2021-04-11 14:00:00,NA,1019.2,15.6,78,NA
2021-04-11 15:00:00,NA,1019,18.2,66,NA
2021-04-11 16:00:00,NA,1018.9,20.4,57,NA
2021-04-11 17:00:00,NA,1018.3,21.8,48,NA
2021-04-11 18:00:00,NA,1017.7,22.4,47,NA
2021-04-11 19:00:00,NA,1017.3,23.2,43,NA
2021-04-11 20:00:00,NA,1016.9,22.6,36,NA
2021-04-11 21:00:00,NA,1016.9,21.6,40,NA
2021-04-11 22:00:00,NA,1016.8,19.1,57,NA
2021-04-11 23:00:00,NA,1017.2,17,66,NA
2021-04-12 00:00:00,NA,1017.9,15.3,74,NA
2021-04-13 09:00:00,NA,1018.6,12.1,80,NA
2021-04-13 10:00:00,NA,1019,11.1,86,NA
2021-04-13 11:00:00,NA,1019.3,12.1,87,NA
2021-04-13 12:00:00,NA,1019.7,13.1,76,NA
2021-04-13 13:00:00,1003,1020.2,14.1,77,NA
2021-04-13 14:00:00,1003,1020.2,18.9,73,NA
2021-04-13 15:00:00,1002.9,1019.9,22.1,51,NA
2021-04-13 16:00:00,1002.4,1019.4,23.1,52,NA
2021-04-13 17:00:00,1001.4,1018.3,25.1,50,NA
2021-04-13 18:00:00,1000.8,1017.7,26.1,42,NA
2021-04-13 19:00:00,1000.1,1017.1,26.1,42,NA
2021-04-13 20:00:00,1000,1017,26.1,30,NA
2021-04-13 22:00:00,999.6,1016.7,22.3,48,NA
2021-04-13 23:00:00,999.8,1017,20.1,56,NA
2021-04-14 00:00:00,NA,1017.2,19.3,58,NA
2021-04-15 00:00:00,994.6,NA,NA,NA,NA
2021-04-15 09:00:00,995,1011.9,12.2,92,NA
2021-04-15 10:00:00,995.3,1012.2,12.1,92,NA
2021-04-15 11:00:00,995.7,1012.8,12.4,93,NA
2021-04-15 12:00:00,996.2,1013.3,14.9,86,NA
2021-04-15 13:00:00,996.6,1013.7,17.8,78,NA
2021-04-15 14:00:00,996.9,1013.8,20.6,71,NA
2021-04-15 15:00:00,996.6,1013.4,23.6,60,NA
2021-04-15 16:00:00,996.1,1012.9,25.6,55,NA
2021-04-15 17:00:00,995.4,1012.3,26.6,52,NA
2021-04-15 18:00:00,995,1011.7,27.1,48,NA
2021-04-15 19:00:00,994.4,1011.2,27.5,48,NA
2021-04-15 20:00:00,994.2,1011.1,27.6,46,NA
2021-04-15 21:00:00,994.4,1011.2,26.7,47,NA
2021-04-15 22:00:00,994.5,1011.4,24.4,60,NA
2021-04-15 23:00:00,994.8,1011.8,20.5,73,NA
2021-04-16 00:00:00,NA,1012,20.3,73,NA
2021-04-17 00:00:00,996,NA,NA,NA,NA
2021-04-17 09:00:00,996.9,1013.6,17.8,90,NA
2021-04-17 10:00:00,997.8,1014.5,16.5,95,NA
2021-04-17 11:00:00,998.2,1015.2,14.9,97,NA
2021-04-17 12:00:00,998.8,1015.5,17.1,91,NA
2021-04-17 13:00:00,999.4,1016.2,21.4,77,NA
2021-04-17 14:00:00,999.2,1016,22.7,73,NA
2021-04-17 15:00:00,998.9,1015.7,24.2,69,NA
2021-04-17 16:00:00,997.8,1014.5,26.5,64,NA
2021-04-17 17:00:00,997.2,1013.9,28.4,41,NA
2021-04-17 18:00:00,996.4,1013,28.6,46,NA
2021-04-17 19:00:00,995.7,1012.3,28.3,45,NA
2021-04-17 20:00:00,995.6,1012.3,27.3,47,NA
2021-04-17 21:00:00,995.6,1012.3,25.7,53,NA
2021-04-17 22:00:00,995.4,1012.3,24.9,56,NA
2021-04-17 23:00:00,996.6,1013.6,23.5,61,NA
2021-04-18 00:00:00,NA,1014.2,23.9,60,NA
2021-04-19 00:00:00,995.7,NA,NA,NA,NA
2021-04-19 09:00:00,996.8,1013.6,18.1,89,NA
2021-04-19 10:00:00,997,1013.9,19.1,89,NA
2021-04-19 11:00:00,997.3,1014.2,19.1,89,NA
2021-04-19 12:00:00,997.6,1014.5,19.1,88,NA
2021-04-19 13:00:00,998.2,1015.2,21.5,73,NA
2021-04-19 14:00:00,998,1014.8,23.1,67,NA
2021-04-19 15:00:00,997.7,1014.5,25.3,58,NA
2021-04-19 16:00:00,997.3,1014,26.1,55,NA
2021-04-19 17:00:00,NA,1013.1,26.6,59,NA
2021-04-19 18:00:00,995.6,1012.3,28.1,47,NA
2021-04-19 19:00:00,995.4,1012.1,28.6,48,NA
2021-04-19 20:00:00,995,1011.7,28.3,43,NA
2021-04-19 21:00:00,994.9,1011.5,28.1,42,NA
2021-04-19 22:00:00,NA,1012.1,25.5,48,NA
2021-04-19 23:00:00,995.6,1012.4,23.3,53,NA
2021-04-20 00:00:00,NA,1012.7,22.1,53,NA
2021-04-21 00:00:00,994,NA,NA,NA,NA
2021-04-21 09:00:00,990.4,1007.1,17.9,78,NA
2021-04-21 10:00:00,992.8,1009.5,17.5,80,NA
2021-04-21 11:00:00,992.2,1008.9,17.6,80,NA
2021-04-21 12:00:00,992.2,1009.1,17.9,81,NA
2021-04-21 13:00:00,993.2,1010,18.1,81,NA
2021-04-21 14:00:00,993.6,1010.5,17,93,NA
2021-04-21 15:00:00,994.1,1011,17.2,93,NA
2021-04-21 16:00:00,993.6,1010.7,17.3,92,NA
2021-04-21 17:00:00,993.7,1010.7,17.3,97,NA
2021-04-21 18:00:00,993.7,1010.7,15.3,97,NA
2021-04-21 19:00:00,992.8,1009.9,14.7,94,NA
2021-04-21 20:00:00,994.1,1011.1,15.9,97,NA
2021-04-21 21:00:00,994,1011,16,85,NA
2021-04-21 22:00:00,994.6,1011.6,15.4,89,NA
2021-04-21 23:00:00,996.4,1013.5,14.3,92,NA
2021-04-22 00:00:00,NA,1014.4,13.3,97,NA
2021-04-23 00:00:00,995.8,NA,NA,NA,NA
2021-04-23 09:00:00,NA,1013.3,14.3,97,NA
2021-04-23 10:00:00,NA,1012.9,14.5,97,NA
2021-04-23 11:00:00,NA,1012.6,14.5,97,NA
2021-04-23 12:00:00,NA,1012.9,14.5,97,NA
2021-04-23 13:00:00,NA,1014.7,14.5,97,NA
2021-04-23 14:00:00,NA,1012.9,14.7,94,NA
2021-04-23 15:00:00,NA,1014,15.1,94,NA
2021-04-23 16:00:00,NA,1013.7,16.1,90,NA
2021-04-23 17:00:00,NA,1013.4,15.9,93,NA
2021-04-23 18:00:00,NA,1012.6,16.6,92,NA
2021-04-23 19:00:00,NA,1012.4,17.3,88,NA
2021-04-23 20:00:00,NA,1012.6,17.3,88,NA
2021-04-23 21:00:00,NA,1013.7,17.3,85,NA
2021-04-23 22:00:00,NA,1013.9,16.6,93,NA
2021-04-23 23:00:00,NA,1014.8,15,97,NA
2021-04-24 00:00:00,NA,1015.3,15.3,98,NA
2021-04-25 09:00:00,NA,1022.3,6.9,93,NA
2021-04-25 10:00:00,NA,1022.8,6.7,93,NA
2021-04-25 11:00:00,NA,1023.2,6.7,87,NA
2021-04-25 12:00:00,NA,1023.6,6.8,94,NA
2021-04-25 13:00:00,NA,1024.2,10.8,79,NA
2021-04-25 14:00:00,NA,1023.9,14.3,74,NA
2021-04-25 15:00:00,NA,1023.6,16.6,63,NA
2021-04-25 16:00:00,NA,1023.1,17.8,52,NA
2021-04-25 17:00:00,NA,1022.2,18.5,49,NA
2021-04-25 18:00:00,NA,1021.2,19.4,45,NA
2021-04-25 19:00:00,NA,1020.7,19.3,48,NA
2021-04-25 20:00:00,NA,1020.4,19.1,46,NA
2021-04-25 21:00:00,NA,1020.3,16.9,62,NA
2021-04-25 22:00:00,NA,1020.5,16.5,58,NA
2021-04-25 23:00:00,NA,1020.6,12.9,69,NA
2021-04-26 00:00:00,NA,1019.1,11.5,83,NA
2021-04-27 09:00:00,NA,1016.2,12.1,81,NA
2021-04-27 10:00:00,NA,1016.4,11.5,85,NA
2021-04-27 11:00:00,NA,1016.9,10.9,89,NA
2021-04-27 12:00:00,NA,1017.5,11.9,83,NA
2021-04-27 13:00:00,NA,1017.9,15.1,74,NA
2021-04-27 14:00:00,NA,1017.9,18.7,63,NA
2021-04-27 15:00:00,NA,1017.6,21.3,57,NA
2021-04-27 16:00:00,NA,1016.9,22.5,54,NA
2021-04-27 17:00:00,NA,1016.2,24.9,46,NA
2021-04-27 18:00:00,NA,1015.5,25.6,41,NA
2021-04-27 19:00:00,NA,1014.9,25.5,39,NA
2021-04-27 20:00:00,NA,1014.8,25.4,39,NA
2021-04-27 21:00:00,NA,1014.9,25.1,40,NA
2021-04-27 22:00:00,NA,1015,21.6,51,NA
2021-04-27 23:00:00,NA,1015.7,19.6,56,NA
2021-04-28 00:00:00,998.6,NA,18.9,55,NA
2021-04-28 09:00:00,999.8,NA,13.1,82,NA
2021-04-28 11:00:00,1001.6,NA,11.2,87,NA
2021-04-28 12:00:00,1002.5,NA,12.2,87,NA
2021-04-28 13:00:00,1003.2,NA,14.6,78,NA
2021-04-28 14:00:00,1001,NA,18.2,66,NA
2021-04-28 15:00:00,1000,NA,22.7,49,NA
2021-04-28 16:00:00,1002.5,NA,24.2,48,NA
2021-04-28 17:00:00,1002,NA,25.6,41,NA
2021-04-28 18:00:00,1001.4,NA,25.9,40,NA
2021-04-28 19:00:00,1001,NA,26.3,39,NA
2021-04-28 20:00:00,1001,NA,26.3,39,NA
2021-04-28 21:00:00,1001.3,NA,25.1,45,NA
2021-04-28 22:00:00,1001.3,NA,21.2,60,NA
2021-04-28 23:00:00,1001.4,NA,25.1,45,NA
2021-04-29 09:00:00,NA,1018.7,13.1,87,NA
2021-04-29 10:00:00,NA,1018.8,12.1,87,NA
2021-04-29 11:00:00,NA,1019.1,12.9,84,NA
2021-04-29 12:00:00,NA,1019.5,12.9,87,NA
2021-04-29 13:00:00,NA,1019.8,14.6,78,NA
2021-04-29 14:00:00,NA,1019.7,17.9,72,NA
2021-04-29 15:00:00,NA,1019.1,19.1,72,NA
2021-04-29 16:00:00,NA,1018.6,24.1,49,NA
2021-04-29 17:00:00,NA,1017.6,25.1,47,NA
2021-04-29 18:00:00,NA,1016.6,25.5,43,NA
2021-04-29 19:00:00,NA,1016.2,26.1,42,NA
2021-04-29 20:00:00,NA,1016.3,24.9,38,NA
2021-04-29 21:00:00,NA,1016,22.6,42,NA
2021-04-29 22:00:00,NA,1015.9,20.5,53,NA
2021-04-29 23:00:00,NA,1016.1,19.1,58,NA
2021-04-30 00:00:00,999.3,NA,18.1,58,NA
2021-04-30 09:00:00,998.4,NA,12.3,84,NA
2021-04-30 10:00:00,998.2,NA,11.4,86,NA
2021-04-30 11:00:00,998.2,NA,10.8,89,NA
2021-04-30 12:00:00,998.6,NA,10.6,89,NA
2021-04-30 13:00:00,998.6,NA,14.3,75,NA
2021-04-30 14:00:00,998.2,NA,18.3,57,NA
2021-04-30 15:00:00,998,NA,20.1,52,NA
2021-04-30 16:00:00,997.2,NA,21.7,45,NA
2021-04-30 17:00:00,995.7,NA,23.1,41,NA
2021-04-30 18:00:00,995,NA,23.7,40,NA
2021-04-30 19:00:00,994.4,NA,23.6,44,NA
2021-04-30 20:00:00,994.2,NA,23.3,44,NA
2021-04-30 21:00:00,994.2,NA,22.5,47,NA
2021-04-30 22:00:00,994.2,NA,20.6,54,NA
2021-04-30 23:00:00,994.6,NA,18.6,61,NA
2021-05-01 09:00:00,NA,1012.4,12.2,84,NA
2021-05-01 10:00:00,NA,1012.2,11.8,81,NA
2021-05-01 11:00:00,NA,1013.1,11.3,84,NA
2021-05-01 12:00:00,NA,1013.5,12.3,77,NA
2021-05-01 13:00:00,NA,1013.6,15.8,62,NA
2021-05-01 14:00:00,NA,1013.4,18.5,53,NA
2021-05-01 15:00:00,NA,1013,21.3,47,NA
2021-05-01 16:00:00,NA,1012.6,23,38,NA
2021-05-01 17:00:00,NA,1011.6,23.9,39,NA
2021-05-01 18:00:00,NA,1011.2,23.9,36,NA
2021-05-01 19:00:00,NA,1010.9,24.8,36,NA
2021-05-01 20:00:00,NA,1010.9,24.5,39,NA
2021-05-01 21:00:00,NA,1011,23.6,44,NA
2021-05-01 22:00:00,NA,1011.5,18.8,68,NA
2021-05-01 23:00:00,NA,1011.7,18.8,56,NA
2021-05-02 00:00:00,995,NA,16.1,70,NA
2021-05-02 09:00:00,993.7,NA,9.1,98,NA
2021-05-02 10:00:00,993.8,NA,9,93,NA
2021-05-02 11:00:00,994.1,NA,9.4,94,NA
2021-05-02 12:00:00,994.5,NA,10.9,93,NA
2021-05-02 13:00:00,994.5,NA,12.1,87,NA
2021-05-02 14:00:00,994.6,NA,16.5,78,NA
2021-05-02 15:00:00,994.6,NA,20.1,66,NA
2021-05-02 16:00:00,994,NA,23.1,58,NA
2021-05-02 17:00:00,993.6,NA,23.5,59,NA
2021-05-02 18:00:00,992.2,NA,23.5,53,NA
2021-05-02 19:00:00,992.1,NA,23.9,52,NA
2021-05-02 20:00:00,992.2,NA,23.1,53,NA
2021-05-02 21:00:00,992.9,NA,21.1,69,NA
2021-05-02 22:00:00,993,NA,20.1,74,NA
2021-05-02 23:00:00,993,NA,17.1,83,NA
2021-05-03 09:00:00,NA,1010.4,12.9,86,NA
2021-05-03 10:00:00,NA,1010.4,13.9,74,NA
2021-05-03 11:00:00,NA,1010.9,13.4,81,NA
2021-05-03 12:00:00,NA,1011.5,13.1,84,NA
2021-05-03 13:00:00,NA,1012.1,14.6,78,NA
2021-05-03 14:00:00,NA,1012.3,16.2,67,NA
2021-05-03 15:00:00,NA,1012.1,17.1,63,NA
2021-05-03 16:00:00,NA,1012.2,17.7,56,NA
2021-05-03 17:00:00,NA,1012,14.7,86,NA
2021-05-03 18:00:00,NA,1011.5,18.4,62,NA
2021-05-03 19:00:00,NA,1012.2,18.4,57,NA
2021-05-03 20:00:00,NA,1012.9,18.6,40,NA
2021-05-03 21:00:00,NA,1013.8,17.6,50,NA
2021-05-03 22:00:00,NA,1015,15.9,50,NA
2021-05-03 23:00:00,NA,1016.7,13.1,65,NA
2021-05-04 00:00:00,1000.2,NA,12.6,64,NA
2021-05-04 09:00:00,1007,NA,5.3,77,NA
2021-05-04 10:00:00,1007.8,NA,4.5,79,NA
2021-05-04 11:00:00,1009,NA,4.5,88,NA
2021-05-04 13:00:00,1011.4,NA,8.1,58,NA
2021-05-04 14:00:00,1011.8,NA,10,55,NA
2021-05-04 15:00:00,1011.4,NA,11.5,52,NA
2021-05-04 16:00:00,1011.6,NA,13,47,NA
2021-05-04 17:00:00,1010.6,NA,13.3,42,NA
2021-05-04 18:00:00,1010.6,NA,13.8,42,NA
2021-05-04 19:00:00,1010.6,NA,13.8,42,NA
2021-05-04 20:00:00,1010.6,NA,13.7,39,NA
2021-05-04 22:00:00,1011.4,NA,9.7,63,NA
2021-05-04 23:00:00,1012,NA,7.7,70,NA
2021-05-05 09:00:00,NA,1028.5,1.3,98,NA
2021-05-05 10:00:00,NA,1028.3,1.1,98,NA
2021-05-05 11:00:00,NA,1028.3,0.6,98,NA
2021-05-05 12:00:00,NA,1028.7,1.1,98,NA
2021-05-05 13:00:00,NA,1029.3,5.1,99,NA
2021-05-05 14:00:00,NA,1029.5,7.1,95,NA
2021-05-05 15:00:00,NA,1029.1,9.6,86,NA
2021-05-05 16:00:00,NA,1028.7,14.6,57,NA
2021-05-05 17:00:00,NA,1027.6,15.1,41,NA
2021-05-05 18:00:00,NA,1026.7,15.9,35,NA
2021-05-05 19:00:00,NA,1026.4,16.1,50,NA
2021-05-05 20:00:00,NA,1026,15.2,38,NA
2021-05-05 21:00:00,NA,1025.3,14.3,45,NA
2021-05-05 22:00:00,NA,1026.9,10.3,64,NA
2021-05-05 23:00:00,NA,1027.5,9.1,73,NA
2021-05-06 00:00:00,1010.2,NA,7.9,74,NA
2021-05-06 09:00:00,1009.4,NA,4.5,84,NA
2021-05-06 10:00:00,1010,NA,3.6,90,NA
2021-05-06 11:00:00,1010,NA,3.1,90,NA
2021-05-06 12:00:00,1009.6,NA,4.6,81,NA
2021-05-06 13:00:00,1010.4,NA,9,70,NA
2021-05-06 14:00:00,1010.4,NA,12.1,57,NA
2021-05-06 15:00:00,1009.7,NA,15.6,47,NA
2021-05-06 16:00:00,1009,NA,17.5,36,NA
2021-05-06 17:00:00,1008.2,NA,18.4,34,NA
2021-05-06 18:00:00,1007,NA,19.1,32,NA
2021-05-06 19:00:00,1006.6,NA,19.4,34,NA
2021-05-06 20:00:00,1006.1,NA,19,34,NA
2021-05-06 21:00:00,1006,NA,17.8,38,NA
2021-05-06 22:00:00,1006.1,NA,13.6,56,NA
2021-05-06 23:00:00,1006.2,NA,12.3,58,NA
2021-05-07 09:00:00,NA,1022.9,5.5,77,NA
2021-05-07 10:00:00,NA,1023.2,4.8,78,NA
2021-05-07 11:00:00,NA,1023.5,4.9,79,NA
2021-05-07 12:00:00,NA,1024,6.1,76,NA
2021-05-07 13:00:00,NA,1024.2,10.1,74,NA
2021-05-07 14:00:00,NA,1022.5,13.5,55,NA
2021-05-07 15:00:00,NA,1024.2,16.1,46,NA
2021-05-07 16:00:00,NA,1023.8,18.1,39,NA
2021-05-07 17:00:00,NA,1022.9,19.2,38,NA
2021-05-07 18:00:00,NA,1022.2,18.8,38,NA
2021-05-07 19:00:00,NA,1022,18.8,38,NA
2021-05-07 20:00:00,NA,1021.8,18.7,38,NA
2021-05-07 21:00:00,NA,1021.8,17.4,43,NA
2021-05-07 22:00:00,NA,1021.8,15.6,56,NA
2021-05-07 23:00:00,NA,1022.5,14.3,52,NA
2021-05-08 00:00:00,1005,NA,13.3,54,NA
2021-05-08 09:00:00,1004.2,NA,6.3,83,NA
2021-05-08 10:00:00,1004.2,NA,6.6,84,NA
2021-05-08 11:00:00,1004.6,NA,7.1,84,NA
2021-05-08 12:00:00,1005,NA,5.5,89,NA
2021-05-08 13:00:00,1005.6,NA,6.1,83,NA
2021-05-08 14:00:00,1005.8,NA,13.1,63,NA
2021-05-08 15:00:00,1005.6,NA,14.1,56,NA
2021-05-08 16:00:00,1005.2,NA,16.4,50,NA
2021-05-08 17:00:00,1003.8,NA,17.1,46,NA
2021-05-08 18:00:00,1003,NA,17.9,42,NA
2021-05-08 19:00:00,1002.2,NA,18.1,44,NA
2021-05-08 20:00:00,1002.4,NA,17.1,46,NA
2021-05-08 21:00:00,1002.5,NA,16.1,50,NA
2021-05-08 22:00:00,1003,NA,14.1,60,NA
2021-05-08 23:00:00,1003.4,NA,13,66,NA
2021-05-09 09:00:00,NA,1020.1,8.3,82,NA
2021-05-09 10:00:00,NA,1020.8,7.5,86,NA
2021-05-09 11:00:00,NA,1021.4,7.1,88,NA
2021-05-09 12:00:00,NA,1021.7,7.2,91,NA
2021-05-09 13:00:00,NA,1021.8,9.1,86,NA
2021-05-09 14:00:00,NA,1021.8,12,75,NA
2021-05-09 15:00:00,NA,1021.3,13.3,69,NA
2021-05-09 16:00:00,NA,1021.2,16.4,61,NA
2021-05-09 17:00:00,NA,1020.6,17.8,48,NA
2021-05-09 18:00:00,NA,1019.7,18.6,52,NA
2021-05-09 19:00:00,NA,1019.7,18.7,50,NA
2021-05-09 20:00:00,NA,1019.9,19.1,50,NA
2021-05-09 21:00:00,NA,1020.4,17.6,57,NA
2021-05-09 22:00:00,NA,1021,14.5,68,NA
2021-05-09 23:00:00,NA,1021.5,11.1,82,NA
2021-05-10 00:00:00,1004.1,NA,10.5,86,NA
2021-05-10 09:00:00,1007.4,NA,5.4,90,NA
2021-05-10 10:00:00,1008,NA,4.5,95,NA
2021-05-10 11:00:00,1008.9,NA,4,90,NA
2021-05-10 12:00:00,1009.7,NA,4.3,85,NA
2021-05-10 13:00:00,1010.1,NA,8.5,72,NA
2021-05-10 14:00:00,1010.2,NA,11,57,NA
2021-05-10 15:00:00,1010.2,NA,12.9,46,NA
2021-05-10 16:00:00,1009.4,NA,15.3,32,NA
2021-05-10 17:00:00,1008.9,NA,15.9,30,NA
2021-05-10 18:00:00,1008.5,NA,16.1,28,NA
2021-05-10 19:00:00,1007.8,NA,16.1,27,NA
2021-05-10 20:00:00,1007.8,NA,15.7,27,NA
2021-05-10 21:00:00,1008.1,NA,12.5,41,NA
2021-05-10 22:00:00,1008.6,NA,9.9,56,NA
2021-05-10 23:00:00,1009.2,NA,7.8,67,NA
2021-05-11 09:00:00,NA,1025.7,3.3,73,NA
2021-05-11 10:00:00,NA,1026,0.5,81,NA
2021-05-11 11:00:00,NA,1026.4,-0.6,90,NA
2021-05-11 12:00:00,NA,1026.8,1.6,78,NA
2021-05-11 13:00:00,NA,1026.7,9.1,55,NA
2021-05-11 14:00:00,NA,1026.7,11.1,46,NA
2021-05-11 15:00:00,NA,1026.1,13.6,37,NA
2021-05-11 16:00:00,NA,1025.6,14.9,31,NA
2021-05-11 17:00:00,NA,1024.3,16.1,29,NA
2021-05-11 18:00:00,NA,1023.1,16.8,28,NA
2021-05-11 19:00:00,NA,1022.1,17.1,23,NA
2021-05-11 20:00:00,NA,1022,17,26,NA
2021-05-11 21:00:00,NA,1021.8,15.4,33,NA
2021-05-11 22:00:00,NA,1021.7,12.8,42,NA
2021-05-11 23:00:00,NA,1021.7,12.1,39,NA
2021-05-12 00:00:00,1004.1,NA,11.1,40,NA
2021-05-12 10:00:00,1002,NA,5.3,87,NA
2021-05-12 11:00:00,1001.8,NA,5.6,87,NA
2021-05-12 12:00:00,1002.2,NA,8.1,61,NA
2021-05-12 13:00:00,1002.2,NA,12,57,NA
2021-05-12 14:00:00,1002,NA,14.3,52,NA
2021-05-12 15:00:00,1001.4,NA,15.1,48,NA
2021-05-12 16:00:00,1000.2,NA,17.1,51,NA
2021-05-12 17:00:00,999.8,NA,22.1,34,NA
2021-05-12 18:00:00,999.2,NA,23.1,36,NA
2021-05-12 19:00:00,998.9,NA,23.3,36,NA
2021-05-12 20:00:00,998.5,NA,23.1,30,NA
2021-05-12 21:00:00,998.5,NA,22.1,30,NA
2021-05-12 23:00:00,998.6,NA,16.3,48,NA
2021-05-13 09:00:00,NA,1016.7,7.7,79,NA
2021-05-13 10:00:00,NA,1017.4,6.9,83,NA
2021-05-13 11:00:00,NA,1018.1,5.7,87,NA
2021-05-13 12:00:00,NA,1018.8,5.7,87,NA
2021-05-13 13:00:00,NA,1019.3,9.5,71,NA
2021-05-13 14:00:00,NA,1019.6,14.9,54,NA
2021-05-13 15:00:00,NA,1019.4,17.7,49,NA
2021-05-13 16:00:00,NA,1018.8,20.1,43,NA
2021-05-13 17:00:00,NA,1017.8,22,37,NA
2021-05-13 18:00:00,NA,1017.2,22.4,35,NA
2021-05-13 19:00:00,NA,1017.1,22,34,NA
2021-05-13 20:00:00,NA,1016.7,21.7,34,NA
2021-05-13 21:00:00,NA,1017.2,20.1,43,NA
2021-05-13 22:00:00,NA,1017.8,17.2,52,NA
2021-05-13 23:00:00,NA,1018.3,16.1,55,NA
2021-05-14 00:00:00,1000.9,NA,15.6,57,NA
2021-05-14 09:00:00,1000.4,NA,8.2,73,NA
2021-05-14 10:00:00,1000.6,NA,6.7,82,NA
2021-05-14 11:00:00,1000.6,NA,6.1,83,NA
2021-05-14 12:00:00,1001.4,NA,6.5,83,NA
2021-05-14 13:00:00,1001.7,NA,8.8,74,NA
2021-05-14 14:00:00,1001.4,NA,12,65,NA
2021-05-14 16:00:00,1000.5,NA,18.7,44,NA
2021-05-14 17:00:00,999.4,NA,21.2,38,NA
2021-05-14 18:00:00,998.5,NA,21.7,36,NA
2021-05-14 19:00:00,998.5,NA,22,38,NA
2021-05-14 20:00:00,998.4,NA,21.4,38,NA
2021-05-14 21:00:00,998.4,NA,20.8,37,NA
2021-05-14 22:00:00,999,NA,17.1,50,NA
2021-05-14 23:00:00,999.8,NA,14.9,54,NA
2021-05-15 09:00:00,NA,1017.5,8.1,72,NA
2021-05-15 10:00:00,NA,1017.6,7.7,74,NA
2021-05-15 11:00:00,NA,1017.7,7.6,75,NA
2021-05-15 12:00:00,NA,1018.3,7.9,74,NA
2021-05-15 13:00:00,NA,1018.3,9.1,73,NA
2021-05-15 14:00:00,NA,1018.4,12.6,54,NA
2021-05-15 15:00:00,NA,1018.3,15.4,58,NA
2021-05-15 16:00:00,NA,1017.8,17.5,53,NA
2021-05-15 17:00:00,NA,1016.9,19.1,50,NA
2021-05-15 18:00:00,NA,1016.3,20.5,45,NA
2021-05-15 19:00:00,NA,1015.8,20.9,44,NA
2021-05-15 20:00:00,NA,1015.7,21.1,46,NA
2021-05-15 21:00:00,NA,1016.3,18.4,59,NA
2021-05-15 22:00:00,NA,1016.7,15.3,72,NA
2021-05-15 23:00:00,NA,1017.5,12.3,82,NA
2021-05-16 00:00:00,1000.2,NA,12.6,81,NA
2021-05-16 09:00:00,1000.2,NA,10.3,94,NA
2021-05-16 10:00:00,1001,NA,8,89,NA
2021-05-16 11:00:00,1001.4,NA,8.9,88,NA
2021-05-16 12:00:00,1001.7,NA,8.5,79,NA
2021-05-16 13:00:00,1000.1,NA,9.6,91,NA
2021-05-16 14:00:00,1002.5,NA,13.1,74,NA
2021-05-16 15:00:00,1002.8,NA,16,59,NA
2021-05-16 16:00:00,1002.2,NA,17.6,53,NA
2021-05-16 17:00:00,1001.7,NA,18.5,52,NA
2021-05-16 18:00:00,1001.3,NA,19.5,50,NA
2021-05-16 19:00:00,1001.2,NA,19.2,48,NA
2021-05-16 20:00:00,1001.4,NA,19.1,51,NA
2021-05-16 21:00:00,1001.8,NA,18.5,52,NA
2021-05-16 22:00:00,1002.2,NA,15.1,71,NA
2021-05-16 23:00:00,1002.6,NA,12.7,79,NA
2021-05-17 09:00:00,NA,1022.5,3.9,99,NA
2021-05-17 10:00:00,NA,1022.8,3.9,99,NA
2021-05-17 11:00:00,NA,1022.9,5.1,83,NA
2021-05-17 12:00:00,NA,1022.9,6.5,95,NA
2021-05-17 13:00:00,NA,1023.4,9.6,67,NA
2021-05-17 14:00:00,NA,1023.4,12.1,80,NA
2021-05-17 15:00:00,NA,1023.4,14.3,75,NA
2021-05-17 16:00:00,NA,1022.2,17.1,64,NA
2021-05-17 17:00:00,NA,1021.6,17.9,58,NA
2021-05-17 19:00:00,NA,1020.1,20.1,44,NA
2021-05-17 20:00:00,NA,1019.7,19.1,46,NA
2021-05-17 21:00:00,NA,1019.7,16.9,60,NA
2021-05-17 22:00:00,NA,1019.8,16.1,59,NA
2021-05-17 23:00:00,NA,1020.1,14.1,67,NA
2021-05-18 00:00:00,1002.8,NA,13.1,73,NA
2021-05-18 09:00:00,1000.2,NA,9.9,85,NA
2021-05-18 10:00:00,999.8,NA,9.3,85,NA
2021-05-18 11:00:00,1000.1,NA,8.5,89,NA
2021-05-18 12:00:00,1000.1,NA,9.1,85,NA
2021-05-18 13:00:00,1000.5,NA,11.3,81,NA
2021-05-18 14:00:00,1000.2,NA,14.1,71,NA
2021-05-18 16:00:00,998.9,NA,19.1,59,NA
2021-05-18 17:00:00,997.4,NA,20.5,54,NA
2021-05-18 19:00:00,996.4,NA,21.5,52,NA
2021-05-18 20:00:00,996.1,NA,20.7,53,NA
2021-05-18 21:00:00,996,NA,19.9,54,NA
2021-05-18 22:00:00,996.1,NA,18,65,NA
2021-05-18 23:00:00,996.6,NA,17.2,61,NA
2021-05-19 09:00:00,NA,1012,13.5,70,NA
2021-05-19 10:00:00,NA,1012.4,13.3,70,NA
2021-05-19 11:00:00,NA,1012.7,13,72,NA
2021-05-19 12:00:00,NA,1012.9,12.9,73,NA
2021-05-19 13:00:00,NA,1013.2,12.4,82,NA
2021-05-19 14:00:00,NA,1013.7,12.3,85,NA
2021-05-19 15:00:00,NA,1013,12.9,84,NA
2021-05-19 16:00:00,NA,1012.6,13.4,77,NA
2021-05-19 17:00:00,NA,1011.7,14.4,74,NA
2021-05-19 18:00:00,NA,1011,15.1,71,NA
2021-05-19 19:00:00,NA,1010.7,16.1,65,NA
2021-05-19 20:00:00,NA,1011.7,15.9,66,NA
2021-05-19 21:00:00,NA,1012,15.1,68,NA
2021-05-19 22:00:00,NA,1012.6,14.1,73,NA
2021-05-19 23:00:00,NA,1013.2,13.9,77,NA
2021-05-20 00:00:00,996.6,NA,13.6,80,NA
2021-05-20 09:00:00,995.4,NA,9.6,92,NA
2021-05-20 10:00:00,995.3,NA,8.8,96,NA
2021-05-20 12:00:00,995.4,NA,10.6,92,NA
2021-05-20 13:00:00,996,NA,10.9,91,NA
2021-05-20 16:00:00,998,NA,10.3,96,NA
2021-05-20 17:00:00,996.8,NA,10.3,96,NA
2021-05-20 18:00:00,991.6,NA,10.1,96,NA
2021-05-20 19:00:00,993.6,NA,11.9,91,NA
2021-05-20 20:00:00,993.4,NA,12.1,89,NA
2021-05-20 21:00:00,993.6,NA,11.8,90,NA
2021-05-20 22:00:00,993.8,NA,11.5,93,NA
2021-05-20 23:00:00,994.8,NA,11.9,91,NA
2021-05-21 09:00:00,NA,1011.5,10.5,99,NA
2021-05-21 10:00:00,NA,1011.8,10.7,96,NA
2021-05-21 11:00:00,NA,1012,11.1,92,NA
2021-05-21 12:00:00,NA,1012.5,10.7,99,NA
2021-05-21 13:00:00,NA,1013.3,10.6,99,NA
2021-05-21 14:00:00,NA,1013.8,10.6,99,NA
2021-05-21 15:00:00,NA,1013.4,11.1,99,NA
2021-05-21 16:00:00,NA,1012.6,11.1,99,NA
2021-05-21 17:00:00,NA,1012.4,10.9,95,NA
2021-05-21 18:00:00,NA,1012.2,11.3,99,NA
2021-05-21 19:00:00,NA,1012.2,11.1,99,NA
2021-05-21 20:00:00,NA,1012.3,11.3,96,NA
2021-05-21 21:00:00,NA,1012.2,10.5,99,NA
2021-05-21 22:00:00,NA,1012.5,10.1,96,NA
2021-05-21 23:00:00,NA,1013.2,10.3,96,NA
2021-05-22 00:00:00,995.8,NA,10.3,96,NA
2021-05-22 09:00:00,993.4,NA,9.3,100,NA
2021-05-22 10:00:00,993.3,NA,9.1,100,NA
2021-05-22 11:00:00,993.7,NA,9.3,100,NA
2021-05-22 12:00:00,994.2,NA,9.5,96,NA
2021-05-22 13:00:00,994.6,NA,9.6,94,NA
2021-05-22 14:00:00,995,NA,9.9,96,NA
2021-05-22 15:00:00,995.3,NA,10.3,97,NA
2021-05-22 16:00:00,995,NA,11.4,93,NA
2021-05-22 17:00:00,994.9,NA,11.4,90,NA
2021-05-22 18:00:00,995.2,NA,11.7,88,NA
2021-05-22 19:00:00,995.4,NA,11.6,87,NA
2021-05-22 20:00:00,995.8,NA,12.2,85,NA
2021-05-22 21:00:00,996.2,NA,11.3,91,NA
2021-05-22 22:00:00,997,NA,11.1,88,NA
2021-05-22 23:00:00,997.8,NA,10.3,93,NA
2021-05-23 09:00:00,NA,1017.5,7.9,87,NA
2021-05-23 10:00:00,NA,1018.1,7.1,88,NA
2021-05-23 11:00:00,NA,1018.6,6.3,85,NA
2021-05-23 12:00:00,NA,1019.1,6.3,85,NA
2021-05-23 13:00:00,NA,1019.6,8.1,81,NA
2021-05-23 14:00:00,NA,1019.7,10,72,NA
2021-05-23 15:00:00,NA,1019.2,12.3,64,NA
2021-05-23 16:00:00,NA,1018.6,14.1,56,NA
2021-05-23 17:00:00,NA,1017.8,15.4,50,NA
2021-05-23 18:00:00,NA,1017,15.9,48,NA
2021-05-23 19:00:00,NA,1016.8,16.3,51,NA
2021-05-23 20:00:00,NA,1017.2,15.9,44,NA
2021-05-23 21:00:00,NA,1016.7,13.9,53,NA
2021-05-23 22:00:00,NA,1017.2,10.4,70,NA
2021-05-23 23:00:00,NA,1016.9,9.9,73,NA
2021-05-24 00:00:00,NA,1017,9.7,76,NA
2021-05-25 09:00:00,NA,1015.3,7.1,70,NA
2021-05-25 10:00:00,NA,1016.3,7.8,67,NA
2021-05-25 11:00:00,NA,1017.4,8.3,69,NA
2021-05-25 12:00:00,NA,1018,8.1,69,NA
2021-05-25 13:00:00,NA,1019.6,9.1,73,NA
2021-05-25 14:00:00,NA,1020.2,14.3,59,NA
2021-05-25 15:00:00,NA,1020.5,15.3,39,NA
2021-05-25 16:00:00,NA,1020.3,16.1,39,NA
2021-05-25 17:00:00,NA,1019.9,16.3,33,NA
2021-05-25 18:00:00,NA,1019,16.5,33,NA
2021-05-25 19:00:00,NA,1018.4,16.5,33,NA
2021-05-25 20:00:00,NA,1018.3,16.3,33,NA
2021-05-25 21:00:00,NA,1018.2,16.1,39,NA
2021-05-25 22:00:00,NA,1018.4,14.1,48,NA
2021-05-25 23:00:00,NA,1018.5,10.1,71,NA
2021-05-26 00:00:00,NA,1018.9,11.3,59,NA
2021-05-27 09:00:00,NA,1011.1,10.1,71,NA
2021-05-27 10:00:00,NA,1010.3,10.3,71,NA
2021-05-27 11:00:00,NA,1010.1,10.5,69,NA
2021-05-27 12:00:00,NA,1009.9,11.3,64,NA
2021-05-27 13:00:00,NA,1010,12.9,61,NA
2021-05-27 14:00:00,NA,1008.2,15.1,54,NA
2021-05-27 15:00:00,NA,1007.8,19.6,46,NA
2021-05-27 16:00:00,NA,1006,21.3,42,NA
2021-05-27 17:00:00,987.8,1004.9,22.7,35,NA
2021-05-27 18:00:00,986.4,1003.4,22.5,37,NA
2021-05-27 19:00:00,985.2,1002.1,23.9,31,NA
2021-05-27 20:00:00,984.5,1001.5,22.1,36,NA
2021-05-27 21:00:00,984.6,1001.6,20.3,43,NA
2021-05-27 22:00:00,984.6,1001.6,18.7,52,NA
2021-05-27 23:00:00,984.2,1001.2,18.7,55,NA
2021-05-28 00:00:00,NA,1000.6,18.4,53,NA
2021-05-29 00:00:00,992.1,NA,NA,NA,NA
2021-05-29 09:00:00,999,1016.6,4.3,95,NA
2021-05-29 10:00:00,999.4,1017.1,4.1,99,NA
2021-05-29 11:00:00,1000.6,1018.2,3.9,93,NA
2021-05-29 12:00:00,1001.2,1018.9,2.2,95,NA
2021-05-29 13:00:00,1002.2,1020,6.1,99,NA
2021-05-29 14:00:00,1002.8,1020.4,10.1,86,NA
2021-05-29 15:00:00,1002.9,1020.6,11.1,63,NA
2021-05-29 16:00:00,1002.1,1019.6,11.9,66,NA
2021-05-29 17:00:00,1001.2,1018.9,11.9,65,NA
2021-05-29 18:00:00,1000.9,1018.5,11.9,65,NA
2021-05-29 19:00:00,1000.4,1018.1,13.5,32,NA
2021-05-29 20:00:00,1000.2,1018,12.1,33,NA
2021-05-29 21:00:00,1000.2,1017.9,10.3,46,NA
2021-05-29 22:00:00,NA,1018.5,9.3,46,NA
2021-05-29 23:00:00,1001.6,1019.4,8.1,56,NA
2021-05-30 00:00:00,NA,1019.6,8.9,50,NA
2021-05-31 00:00:00,999.4,NA,NA,NA,NA
2021-05-31 09:00:00,997,1014.5,10.1,64,NA
2021-05-31 10:00:00,997.3,1014.7,9.9,64,NA
2021-05-31 11:00:00,998.1,1015.5,9.4,64,NA
2021-05-31 12:00:00,998.5,1015.9,9.7,63,NA
2021-05-31 13:00:00,998.8,1016.3,12.1,57,NA
2021-05-31 14:00:00,NA,1016.5,14.9,50,NA
2021-05-31 15:00:00,998.1,1015.4,18.4,40,NA
2021-05-31 16:00:00,997.7,1015,19.6,39,NA
2021-05-31 17:00:00,996.8,1014.1,19.6,39,NA
2021-05-31 18:00:00,996.4,1013.7,19.9,41,NA
2021-05-31 19:00:00,995.8,1013.2,19.4,52,NA
2021-05-31 20:00:00,995.3,1012.6,18.7,53,NA
2021-05-31 21:00:00,995.3,1012.5,16.6,62,NA
2021-05-31 22:00:00,994.6,1012,15.4,63,NA
2021-05-31 23:00:00,994.6,1011.9,15.1,63,NA
2021-06-01 00:00:00,NA,1011.9,14.1,71,NA
2021-06-02 00:00:00,992.6,NA,NA,NA,NA
2021-06-02 09:00:00,996.9,1014.5,3.1,91,NA
2021-06-02 10:00:00,998,1015.5,6.1,69,NA
2021-06-02 11:00:00,998,1015.5,6.1,69,NA
2021-06-02 12:00:00,1000.1,1017.7,5.9,90,NA
2021-06-02 13:00:00,1001.6,1019.3,7.9,81,NA
2021-06-02 14:00:00,NA,1019.4,10.1,71,NA
2021-06-02 15:00:00,1001.5,1019,11.5,76,NA
2021-06-02 16:00:00,1000.6,1017.9,13.1,65,NA
2021-06-02 17:00:00,1000,1017.2,14.1,56,NA
2021-06-02 18:00:00,NA,1018.1,15.1,68,NA
2021-06-02 19:00:00,998.8,1016.3,15.1,70,NA
2021-06-02 20:00:00,997.8,1015.3,15.1,50,NA
2021-06-02 21:00:00,998,1015.6,13.1,65,NA
2021-06-02 22:00:00,998.1,1015.7,11.1,75,NA
2021-06-02 23:00:00,NA,1016.1,10.9,89,NA
2021-06-03 00:00:00,NA,1015.8,10.5,69,NA
2021-06-04 00:00:00,990.3,NA,NA,NA,NA
2021-06-04 09:00:00,991,1008.2,7.9,93,NA
2021-06-04 10:00:00,991.2,1008.4,8.1,92,NA
2021-06-04 11:00:00,991.6,1008.8,8.4,92,NA
2021-06-04 12:00:00,992,1009.2,9.9,87,NA
2021-06-04 13:00:00,992.5,1009.8,12.9,78,NA
2021-06-04 14:00:00,992.6,1009.7,15.1,68,NA
2021-06-04 15:00:00,992.4,1009.4,17.3,61,NA
2021-06-04 16:00:00,991.4,1008.2,19.1,54,NA
2021-06-04 17:00:00,990.8,1007.5,20.3,48,NA
2021-06-04 18:00:00,990.6,1007.2,20.5,48,NA
2021-06-04 19:00:00,990.4,1007.4,18.5,59,NA
2021-06-04 20:00:00,991.2,1008.3,17.6,60,NA
2021-06-04 21:00:00,991.6,1008.8,16.4,68,NA
2021-06-04 22:00:00,992.8,1010.1,15.1,73,NA
2021-06-04 23:00:00,993.8,1011.2,14.6,70,NA
2021-06-05 00:00:00,NA,1012.1,13.6,74,NA
2021-06-06 00:00:00,1004.1,NA,NA,NA,NA
2021-06-06 09:00:00,1002.6,1020.2,8.6,29,NA
2021-06-06 10:00:00,1002.4,1020,7.1,44,NA
2021-06-06 11:00:00,1002.8,1020.4,7.9,48,NA
2021-06-06 12:00:00,1002.6,1020.4,5.1,65,NA
2021-06-06 13:00:00,1003,1020.8,7.1,57,NA
2021-06-06 14:00:00,1003.5,1021.2,7.6,58,NA
2021-06-06 15:00:00,1003.7,1021.4,10.6,32,NA
2021-06-06 16:00:00,1003.5,1021,11,31,NA
2021-06-06 17:00:00,1002,1019.4,10.3,57,NA
2021-06-06 18:00:00,NA,1019,11.1,52,NA
2021-06-06 19:00:00,1001.5,1019,11.1,52,NA
2021-06-06 20:00:00,1001,1018.5,10.3,57,NA
2021-06-06 21:00:00,1000.8,1018.4,10.1,36,NA
2021-06-06 22:00:00,1001,1018.7,9.5,32,NA
2021-06-06 23:00:00,1000.9,1018.5,9.3,34,NA
2021-06-07 00:00:00,NA,1018.8,9.3,66,NA
2021-06-08 00:00:00,1002,NA,NA,NA,NA
2021-06-08 09:00:00,1000.6,1018.2,7.6,86,NA
2021-06-08 10:00:00,1000.6,1018.3,6.4,90,NA
2021-06-08 11:00:00,NA,1018.2,5.9,91,NA
2021-06-08 12:00:00,NA,1018.1,6.9,92,NA
2021-06-08 13:00:00,NA,1018.2,8.1,89,NA
2021-06-08 14:00:00,NA,1018.1,11.8,81,NA
2021-06-08 15:00:00,NA,1017.6,14.1,69,NA
2021-06-08 16:00:00,NA,1016.6,16.1,62,NA
2021-06-08 17:00:00,NA,1015.3,17.1,58,NA
2021-06-08 18:00:00,NA,1014.3,17.6,55,NA
2021-06-08 19:00:00,NA,1014.1,17.6,58,NA
2021-06-08 20:00:00,NA,1014,17.1,62,NA
2021-06-08 21:00:00,NA,1014.5,16.1,66,NA
2021-06-08 22:00:00,NA,1015,13.5,80,NA
2021-06-08 23:00:00,NA,1015.2,12.3,85,NA
2021-06-09 00:00:00,NA,1015.5,12.1,85,NA
2021-06-10 00:00:00,997.2,NA,NA,NA,NA
2021-06-10 09:00:00,1002.5,1020.2,9.1,99,NA
2021-06-10 10:00:00,1003.2,1020.7,8.1,99,NA
2021-06-10 11:00:00,1005.4,1023,8.9,95,NA
2021-06-10 12:00:00,1005.8,1023.4,6.6,94,NA
2021-06-10 13:00:00,1006.9,1024.7,10.1,64,NA
2021-06-10 14:00:00,1007.9,1025.5,11.1,65,NA
2021-06-10 15:00:00,1007.9,1025.4,13.9,33,NA
2021-06-10 16:00:00,1007.5,1024.8,14.1,33,NA
2021-06-10 17:00:00,1007.3,1024.6,14.9,30,NA
2021-06-10 18:00:00,1006.6,1023.8,15.9,23,NA
2021-06-10 19:00:00,1006.4,1023.8,16.1,22,NA
2021-06-10 20:00:00,1006.2,1023.6,15.1,30,NA
2021-06-10 21:00:00,1006.2,1023.7,13.7,35,NA
2021-06-10 22:00:00,NA,1024.4,9.7,56,NA
2021-06-10 23:00:00,1006.6,1024.4,9.1,60,NA
2021-06-11 00:00:00,NA,1024.6,7.9,61,NA
2021-06-12 00:00:00,999.3,NA,NA,NA,NA
2021-06-12 09:00:00,996.1,1013.3,9.1,86,NA
2021-06-12 10:00:00,996.4,1013.7,8.7,87,NA
2021-06-12 11:00:00,996.6,1014,8.4,88,NA
2021-06-12 12:00:00,996.6,1014.1,8.1,90,NA
2021-06-12 13:00:00,997.1,1014.6,11.1,79,NA
2021-06-12 14:00:00,997.5,1014.8,14.6,67,NA
2021-06-12 15:00:00,NA,1014.5,17.6,59,NA
2021-06-12 16:00:00,996.4,1013.3,20.1,50,NA
2021-06-12 17:00:00,995.2,1011.9,21.9,42,NA
2021-06-12 18:00:00,995.2,1011.8,21.9,42,NA
2021-06-12 19:00:00,994,1011,23.1,41,NA
2021-06-12 20:00:00,993.7,1010.6,22.1,43,NA
2021-06-12 21:00:00,993.8,1011,19.8,52,NA
2021-06-12 22:00:00,994.1,1011.3,17.6,59,NA
2021-06-12 23:00:00,NA,1011.6,16.1,63,NA
2021-06-13 00:00:00,NA,1011.4,16.1,62,NA
2021-06-14 00:00:00,997,NA,NA,NA,NA
2021-06-14 09:00:00,1004.1,1021.5,7.1,90,NA
2021-06-14 10:00:00,1004.5,1022,6.9,93,NA
2021-06-14 11:00:00,NA,1023.4,7,89,NA
2021-06-14 12:00:00,1006.6,1024.3,5.3,99,NA
2021-06-14 13:00:00,1007.4,1025.3,6.1,97,NA
2021-06-14 14:00:00,NA,1024.6,9.2,77,NA
2021-06-14 15:00:00,1007.8,1025.6,10.1,69,NA
2021-06-14 17:00:00,1008.6,1026.2,11.1,54,NA
2021-06-14 18:00:00,1008.8,1026.3,11.1,54,NA
2021-06-14 19:00:00,1009.1,1026.8,12.1,47,NA
2021-06-14 20:00:00,1009.4,1027,10.5,51,NA
2021-06-14 21:00:00,1010,1027.8,10.1,52,NA
2021-06-14 22:00:00,1010.6,1028.4,8.9,62,NA
2021-06-14 23:00:00,NA,1029.2,8.1,65,NA
2021-06-15 00:00:00,NA,1030.3,6.1,69,NA
2021-06-16 09:00:00,NA,1032.1,0.6,85,NA
2021-06-16 10:00:00,NA,1032,1.5,82,NA
2021-06-16 11:00:00,NA,1032.6,1.5,82,NA
2021-06-16 12:00:00,NA,1033.2,1.5,82,NA
2021-06-16 13:00:00,NA,1033.7,1.5,82,NA
2021-06-16 14:00:00,NA,1033.9,4.3,76,NA
2021-06-16 15:00:00,1015.3,1033.4,5.5,77,NA
2021-06-16 16:00:00,1014.8,1032.8,7.4,71,NA
2021-06-16 17:00:00,1014.2,1032.1,8.2,66,NA
2021-06-16 18:00:00,1013.8,1031.6,8.6,62,NA
2021-06-16 19:00:00,1013.6,1031.6,8.8,60,NA
2021-06-16 20:00:00,1013.6,1031.6,7.4,71,NA
2021-06-16 21:00:00,1013.7,1031.8,7.1,70,NA
2021-06-16 22:00:00,NA,1032,6.1,76,NA
2021-06-16 23:00:00,NA,1032.1,6.4,75,NA
2021-06-17 00:00:00,NA,1032.4,6.1,81,NA
2021-06-18 00:00:00,1012.1,NA,NA,NA,NA
2021-06-18 09:00:00,1010.5,1028.4,5.3,68,NA
2021-06-18 10:00:00,1010.5,1028.4,5.1,68,NA
2021-06-18 11:00:00,1010.8,1028.8,4.1,74,NA
2021-06-18 12:00:00,1010.9,1028.9,4.9,70,NA
2021-06-18 13:00:00,1011.4,1029.4,6.1,69,NA
2021-06-18 14:00:00,1011.4,1029.3,5.1,75,NA
2021-06-18 15:00:00,1011.3,1029.2,5.3,73,NA
2021-06-18 16:00:00,1010.8,1028.7,6.5,64,NA
2021-06-18 17:00:00,1009.8,1027.6,7.1,64,NA
2021-06-18 18:00:00,1009.4,1027.2,7.6,64,NA
2021-06-18 19:00:00,1009,1026.8,7.5,58,NA
2021-06-18 20:00:00,1008.8,1026.6,7.1,60,NA
2021-06-18 21:00:00,1008.6,1026.6,6.9,59,NA
2021-06-18 22:00:00,1009,1026.9,6.5,64,NA
2021-06-18 23:00:00,NA,1027.7,6.1,69,NA
2021-06-19 00:00:00,NA,1028.2,6.1,69,NA
2021-06-19 23:00:00,1006.5,NA,NA,NA,NA
2021-06-20 00:00:00,1006.5,NA,NA,NA,NA
2021-06-20 09:00:00,1004.2,1022,3.3,83,NA
2021-06-20 10:00:00,1004.1,1021.9,2.4,84,NA
2021-06-20 11:00:00,1004.4,1022.2,1.9,87,NA
2021-06-20 12:00:00,1004.5,1022.3,2.1,87,NA
2021-06-20 13:00:00,1004.5,1022.5,5.6,66,NA
2021-06-20 14:00:00,1004.4,1022.2,6.7,73,NA
2021-06-20 15:00:00,1004.3,1022,8.4,72,NA
2021-06-20 16:00:00,1003.6,1021.2,10.4,62,NA
2021-06-20 17:00:00,1002.7,1020.2,12.3,52,NA
2021-06-20 18:00:00,1001.8,1019.1,12.4,47,NA
2021-06-20 19:00:00,1001.5,1019.1,12.1,49,NA
2021-06-20 20:00:00,1001.5,1019.1,12.1,51,NA
2021-06-20 21:00:00,1001.7,1019.4,11.9,55,NA
2021-06-20 22:00:00,1002,1019.8,10.1,69,NA
2021-06-20 23:00:00,1002.6,1020.4,8.9,75,NA
2021-06-21 00:00:00,NA,1020.9,8.4,76,NA
2021-06-22 00:00:00,1001.8,NA,NA,NA,NA
2021-06-22 09:00:00,1002.2,1019.7,8.1,99,NA
2021-06-22 10:00:00,1002,1019.6,6.9,87,NA
2021-06-22 11:00:00,1002.2,1020,6.1,99,NA
2021-06-22 12:00:00,1002.5,1020.2,8.1,99,NA
2021-06-22 13:00:00,1002.6,1020.2,8.1,99,NA
2021-06-22 14:00:00,1002.6,1020.2,9.5,99,NA
2021-06-22 15:00:00,NA,1019.8,10.5,86,NA
2021-06-22 16:00:00,NA,1019.2,11.1,82,NA
2021-06-22 17:00:00,NA,1018.2,12.1,71,NA
2021-06-22 18:00:00,NA,1017,11.5,82,NA
2021-06-22 19:00:00,NA,1016.5,11.7,82,NA
2021-06-22 20:00:00,NA,1015.6,12.1,78,NA
2021-06-22 21:00:00,NA,1015.3,12.1,78,NA
2021-06-22 22:00:00,NA,1015.4,11.5,84,NA
2021-06-22 23:00:00,NA,1015.6,11.1,86,NA
2021-06-23 00:00:00,NA,1015.5,10.1,84,NA
2021-06-24 00:00:00,995.8,NA,NA,NA,NA
2021-06-24 09:00:00,997.2,1014.8,2.3,100,NA
2021-06-24 10:00:00,997.4,1015,2.3,100,NA
2021-06-24 11:00:00,998.4,1016.1,2.3,100,NA
2021-06-24 12:00:00,998.8,1016.5,2.3,100,NA
2021-06-24 13:00:00,998.8,1016.7,5.7,99,NA
2021-06-24 14:00:00,998.8,1016.5,8.7,88,NA
2021-06-24 15:00:00,998.8,1016.3,12.1,70,NA
2021-06-24 16:00:00,997.9,1015.2,14.4,58,NA
2021-06-24 17:00:00,996.8,1013.9,17.1,45,NA
2021-06-24 18:00:00,996.2,1013.1,18.1,36,NA
2021-06-24 19:00:00,995.7,1013,19.1,27,NA
2021-06-24 20:00:00,995.3,1012.6,18.1,36,NA
2021-06-24 21:00:00,994.9,1012.4,14.7,54,NA
2021-06-24 22:00:00,NA,1012.5,11.9,66,NA
2021-06-24 23:00:00,994.9,1012.5,11.1,63,NA
2021-06-25 00:00:00,NA,1012.9,10.5,69,NA
2021-06-26 00:00:00,997.7,NA,NA,NA,NA
2021-06-26 09:00:00,1000.4,1018,6.1,84,NA
2021-06-26 10:00:00,NA,1018.6,6.1,84,NA
2021-06-26 11:00:00,NA,1019.7,5.1,83,NA
2021-06-26 12:00:00,NA,1020.7,4.1,90,NA
2021-06-26 13:00:00,NA,1021.6,6.1,84,NA
2021-06-26 14:00:00,NA,1022.3,5.6,73,NA
2021-06-26 15:00:00,NA,1023.1,9.3,44,NA
2021-06-26 16:00:00,NA,1022.8,9.6,41,NA
2021-06-26 17:00:00,NA,1022.3,10.1,50,NA
2021-06-26 18:00:00,NA,1022.1,11.3,48,NA
2021-06-26 19:00:00,NA,1022.4,10.6,34,NA
2021-06-26 20:00:00,NA,1022.9,10.6,34,NA
2021-06-26 21:00:00,NA,1023.6,9.1,42,NA
2021-06-26 22:00:00,NA,1024.2,7.1,44,NA
2021-06-26 23:00:00,NA,1025,5.1,68,NA
2021-06-27 00:00:00,NA,1025.6,5.3,77,NA
2021-06-28 09:00:00,NA,1029.4,1.8,93,NA
2021-06-28 10:00:00,NA,1029.5,2.8,88,NA
2021-06-28 11:00:00,NA,1030,3.1,86,NA
2021-06-28 12:00:00,NA,1030.7,2.4,84,NA
2021-06-28 13:00:00,NA,1030.9,2.8,84,NA
2021-06-28 14:00:00,NA,1031.4,4.4,79,NA
2021-06-28 15:00:00,NA,1031,6.9,70,NA
2021-06-28 16:00:00,NA,1030.1,7.8,61,NA
2021-06-28 17:00:00,NA,1029.3,7.8,61,NA
2021-06-28 18:00:00,NA,1028.4,9.7,42,NA
2021-06-28 19:00:00,NA,1028.3,10.3,39,NA
2021-06-28 20:00:00,NA,1028,9.9,42,NA
2021-06-28 21:00:00,NA,1028.3,8.1,52,NA
2021-06-28 22:00:00,NA,1028.5,4.8,69,NA
2021-06-28 23:00:00,NA,1029.2,2.9,74,NA
2021-06-29 00:00:00,NA,1029.3,2.1,80,NA
2021-06-30 00:00:00,1008,NA,NA,NA,NA
2021-06-30 09:00:00,1004,1021.9,1.1,79,NA
2021-06-30 10:00:00,1003.7,1021.6,1.1,79,NA
2021-06-30 11:00:00,1004,1022,0.9,83,NA
2021-06-30 12:00:00,1003.7,1021.7,1.1,70,NA
2021-06-30 13:00:00,1004,1022.1,2.1,80,NA
2021-06-30 14:00:00,1003.7,1021.7,6.1,55,NA
2021-06-30 15:00:00,1003.5,1021.2,7.9,54,NA
2021-06-30 16:00:00,1002.2,1019.8,10.1,38,NA
2021-06-30 17:00:00,1001.3,1018.7,10.6,34,NA
2021-06-30 18:00:00,1000.4,1017.8,11.1,35,NA
2021-06-30 19:00:00,1000,1017.7,11.1,35,NA
2021-06-30 20:00:00,999.5,1017.2,12.1,24,NA
2021-06-30 21:00:00,999.4,1017.1,12.1,35,NA
2021-06-30 22:00:00,NA,1017.6,10.1,43,NA
2021-06-30 23:00:00,NA,1017.6,9.1,48,NA
2021-07-01 00:00:00,NA,1017.7,9.1,48,NA
