2021-01-07 00:00:00,999.9,NA,NA,NA,NA
2021-01-07 12:00:00,998.4,1008.6,21.1,70,NA
2021-01-07 13:00:00,998.2,1008.4,24.9,51,NA
2021-01-07 14:00:00,998.4,1008.5,27,41,NA
2021-01-07 15:00:00,997.8,1007.9,28.1,35,NA
2021-01-07 16:00:00,997.2,1007.2,30.8,30,NA
2021-01-07 17:00:00,996.5,1006.5,32.8,24,NA
2021-01-07 18:00:00,996.2,1006.2,33.4,22,NA
2021-01-08 00:00:00,NA,1006.5,26,51,NA
2021-01-09 00:00:00,1000.8,NA,NA,NA,NA
2021-01-09 12:00:00,NA,1012.3,20.4,84,NA
2021-01-09 13:00:00,1002.2,1012.3,23,66,NA
2021-01-09 14:00:00,1001.8,1012,24.9,59,NA
2021-01-09 15:00:00,1001.6,1011.7,26.4,54,NA
2021-01-09 16:00:00,1001.2,1011.3,27.5,49,NA
2021-01-09 17:00:00,1000.5,1010.6,28.1,48,NA
2021-01-09 18:00:00,999.5,1009.5,29.6,44,NA
2021-01-10 00:00:00,NA,1007.9,24.8,59,NA
2021-01-11 00:00:00,994.8,NA,NA,NA,NA
2021-01-11 12:00:00,995.5,1005.7,18.4,92,NA
2021-01-11 13:00:00,996.4,1006.6,19.2,92,NA
2021-01-11 14:00:00,996.8,1007,20.2,87,NA
2021-01-11 15:00:00,997.3,1007.4,22.7,76,NA
2021-01-11 16:00:00,997.8,1007.9,24.2,73,NA
2021-01-11 17:00:00,998,1008.1,24.4,70,NA
2021-01-11 18:00:00,998,1008.1,26.3,53,NA
2021-01-12 00:00:00,NA,1014.6,17.5,54,NA
2021-01-13 00:00:00,1007,NA,NA,NA,NA
2021-01-13 12:00:00,1011.1,1021.4,18.6,65,NA
2021-01-13 13:00:00,1010.9,1021.2,21.7,49,NA
2021-01-13 14:00:00,1010.6,1020.9,24.2,41,NA
2021-01-13 15:00:00,1010.6,1020.9,25.9,38,NA
2021-01-13 16:00:00,1010.2,1020.5,26.6,34,NA
2021-01-13 17:00:00,1009.8,1020,27.8,34,NA
2021-01-13 18:00:00,1009.5,1019.7,27.8,36,NA
2021-01-14 00:00:00,NA,1018.2,22.7,60,NA
2021-01-15 00:00:00,1000.8,NA,NA,NA,NA
2021-01-15 12:00:00,NA,1009.8,20.4,88,NA
2021-01-15 13:00:00,999.4,1009.6,22.2,81,NA
2021-01-15 14:00:00,998.6,1008.8,23.1,77,NA
2021-01-15 15:00:00,998.1,1008.2,24,75,NA
2021-01-15 16:00:00,997.2,1007.2,25.7,70,NA
2021-01-15 17:00:00,997,1007.1,26.6,70,NA
2021-01-15 18:00:00,996.2,1006.3,27.6,66,NA
2021-01-16 00:00:00,NA,1004.9,24,82,NA
2021-01-17 00:00:00,1000.2,NA,NA,NA,NA
2021-01-17 12:00:00,1002.9,1013.2,19.1,62,NA
2021-01-17 13:00:00,1003,1013.3,20.8,51,NA
2021-01-17 14:00:00,1003,1013.3,21.6,47,NA
2021-01-17 15:00:00,1002.6,1012.9,23.1,40,NA
2021-01-17 16:00:00,1002.2,1012.5,24,37,NA
2021-01-17 17:00:00,NA,1012,24.9,39,NA
2021-01-17 18:00:00,NA,1011.6,25.6,30,NA
2021-01-18 00:00:00,NA,1012,20.3,61,NA
2021-01-19 12:00:00,NA,1016.7,24.8,52,NA
2021-01-19 13:00:00,NA,1016.7,26.8,45,NA
2021-01-19 14:00:00,NA,1016.8,28.7,39,NA
2021-01-19 15:00:00,NA,1017,29.6,34,NA
2021-01-19 16:00:00,NA,1016.6,30.3,31,NA
2021-01-19 17:00:00,NA,1016.2,31.3,33,NA
2021-01-19 18:00:00,NA,1015.6,31.2,31,NA
2021-01-20 00:00:00,NA,1015.3,24.4,54,NA
2021-01-21 12:00:00,NA,1018.5,24.3,61,NA
2021-01-21 13:00:00,NA,1018.6,26.9,54,NA
2021-01-21 14:00:00,NA,1018.1,29.1,47,NA
2021-01-21 15:00:00,NA,1017.8,30.7,42,NA
2021-01-21 16:00:00,NA,1017.3,32,37,NA
2021-01-21 17:00:00,NA,1017.1,32.2,38,NA
2021-01-21 18:00:00,NA,1016.5,32.8,36,NA
2021-01-22 00:00:00,NA,1016.6,26.2,48,NA
2021-01-23 12:00:00,NA,1014.3,26.6,65,NA
2021-01-23 13:00:00,NA,1014,29.8,55,NA
2021-01-23 14:00:00,NA,1013.9,31.7,51,NA
2021-01-23 15:00:00,NA,1013.3,32.8,50,NA
2021-01-23 16:00:00,NA,1012.8,33.8,47,NA
2021-01-23 17:00:00,NA,1012,34.4,44,NA
2021-01-23 18:00:00,NA,1011.4,34.7,42,NA
2021-01-24 00:00:00,NA,1010.4,28.8,58,NA
2021-01-25 12:00:00,NA,1006.3,26.8,66,NA
2021-01-25 13:00:00,NA,1006,29.3,62,NA
2021-01-25 14:00:00,NA,1005.9,32.4,52,NA
2021-01-25 15:00:00,NA,1005.3,33.5,49,NA
2021-01-25 16:00:00,NA,1004.9,34.2,48,NA
2021-01-25 17:00:00,NA,1004.1,35.3,44,NA
2021-01-25 18:00:00,NA,1003.5,35.9,40,NA
2021-01-26 00:00:00,NA,1002,30,60,NA
2021-01-26 15:00:00,995.8,NA,28.4,57,NA
2021-01-26 16:00:00,995.1,NA,29,56,NA
2021-01-26 17:00:00,994.5,NA,29.6,54,NA
2021-01-26 18:00:00,993.8,NA,30.6,55,NA
2021-01-27 12:00:00,NA,1008.8,21,68,NA
2021-01-27 13:00:00,NA,1008.5,24.2,52,NA
2021-01-27 14:00:00,NA,1008.6,26.2,47,NA
2021-01-27 15:00:00,NA,1008.7,27.5,47,NA
2021-01-27 16:00:00,NA,1007.6,28.6,44,NA
2021-01-27 17:00:00,NA,1006.6,30.2,42,NA
2021-01-27 18:00:00,NA,1005.9,30.8,33,NA
2021-01-28 00:00:00,NA,1004,24.2,76,NA
2021-01-29 12:00:00,NA,1005.2,21.8,75,NA
2021-01-29 13:00:00,NA,NA,23.7,67,NA
2021-01-29 14:00:00,NA,1005.6,25.3,58,NA
2021-01-29 15:00:00,NA,1005.2,26.9,46,NA
2021-01-29 16:00:00,NA,1004.8,28.5,37,NA
2021-01-29 17:00:00,NA,1004.6,28.4,39,NA
2021-01-29 18:00:00,NA,1004,29.9,36,NA
2021-01-30 00:00:00,NA,1004.5,24,63,NA
2021-01-31 00:00:00,1005.8,NA,NA,NA,NA
2021-01-31 12:00:00,1009.7,1020.1,15,69,NA
2021-01-31 13:00:00,1009.4,1019.8,16,62,NA
2021-01-31 14:00:00,1008.6,1019.1,18.6,55,NA
2021-01-31 15:00:00,1008.2,1018.7,19.5,51,NA
2021-01-31 16:00:00,1007.8,1018.1,21.3,46,NA
2021-01-31 17:00:00,1007.2,1017.6,22.1,42,NA
2021-01-31 18:00:00,1006.9,1017.3,23,41,NA
2021-02-01 00:00:00,1005.6,1015.9,20,64,NA
2021-02-02 00:00:00,1004.4,NA,NA,NA,NA
2021-02-02 12:00:00,1005.7,1016,17.2,94,NA
2021-02-02 13:00:00,1006,1016.3,19.7,86,NA
2021-02-02 14:00:00,1006.6,1017,20.2,82,NA
2021-02-02 15:00:00,1006.9,1017.2,21.2,78,NA
2021-02-02 16:00:00,1006.1,1016.3,22.4,64,NA
2021-02-02 17:00:00,NA,1016.4,23.4,60,NA
2021-02-02 18:00:00,1005.7,1015.9,24.4,57,NA
2021-02-03 00:00:00,NA,1015.8,19,81,NA
2021-02-04 00:00:00,1005.8,NA,NA,NA,NA
2021-02-04 11:00:00,1009.2,1019.4,17.3,87,NA
2021-02-04 12:00:00,1009.6,1019.8,20,79,NA
2021-02-04 13:00:00,1009.4,1019.6,22.2,73,NA
2021-02-04 14:00:00,1009.7,1019.9,24.6,62,NA
2021-02-04 15:00:00,1009.6,1019.8,26.8,51,NA
2021-02-04 16:00:00,1009.4,1019.6,27.7,50,NA
2021-02-04 17:00:00,1009.1,1019.3,28,46,NA
2021-02-04 18:00:00,1008.7,1018.9,28.2,47,NA
2021-02-05 00:00:00,NA,1018,22.4,69,NA
2021-02-05 12:00:00,NA,1017.4,21.9,64,NA
2021-02-05 13:00:00,NA,1017.2,25,56,NA
2021-02-05 14:00:00,NA,1017,26,52,NA
2021-02-05 15:00:00,NA,1016.5,28,42,NA
2021-02-05 16:00:00,NA,1015.8,29.3,42,NA
2021-02-05 17:00:00,NA,1015.3,30,39,NA
2021-02-05 18:00:00,NA,1014.6,30.9,36,NA
2021-02-06 00:00:00,1002.7,1012.8,24,55,NA
2021-02-06 12:00:00,1004.3,NA,NA,NA,NA
2021-02-06 13:00:00,1004.5,NA,NA,NA,NA
2021-02-06 14:00:00,1004.8,NA,NA,NA,NA
2021-02-06 15:00:00,1004.7,NA,NA,NA,NA
2021-02-06 16:00:00,1004,NA,NA,NA,NA
2021-02-06 17:00:00,1003.7,NA,NA,NA,NA
2021-02-06 18:00:00,1003.2,NA,NA,NA,NA
2021-02-08 00:00:00,1005.6,NA,NA,NA,NA
2021-02-08 12:00:00,NA,1020.6,15.8,79,NA
2021-02-08 13:00:00,NA,1021,16.2,70,NA
2021-02-08 14:00:00,NA,1020.8,17.7,65,NA
2021-02-08 15:00:00,NA,1020.9,19.6,62,NA
2021-02-08 16:00:00,NA,1020.6,21,59,NA
2021-02-08 17:00:00,NA,1020.1,21.7,58,NA
2021-02-08 18:00:00,NA,1019.8,22.3,57,NA
2021-02-09 00:00:00,NA,1020.1,17.9,79,NA
2021-02-10 12:00:00,NA,1022,19.4,79,NA
2021-02-10 13:00:00,NA,1021.8,20.6,75,NA
2021-02-10 14:00:00,NA,1021.4,21.9,68,NA
2021-02-10 15:00:00,NA,1020.9,23,66,NA
2021-02-10 16:00:00,NA,1020.3,23.6,62,NA
2021-02-10 17:00:00,NA,1019.9,25.4,50,NA
2021-02-10 18:00:00,NA,1019.3,25.9,67,NA
2021-02-11 00:00:00,1006.6,NA,20,74,NA
2021-02-11 12:00:00,1006.4,NA,20.8,82,NA
2021-02-11 13:00:00,1006.2,NA,22,72,NA
2021-02-11 14:00:00,1006.1,NA,22.9,69,NA
2021-02-11 15:00:00,1005.7,NA,24.1,64,NA
2021-02-11 16:00:00,1005,NA,25.8,59,NA
2021-02-11 17:00:00,1004.2,NA,26.6,54,NA
2021-02-11 18:00:00,1003.6,NA,26.2,53,NA
2021-02-12 12:00:00,NA,1014.1,21.3,84,NA
2021-02-12 13:00:00,NA,1014.4,22.8,79,NA
2021-02-12 14:00:00,NA,1014.4,22.5,79,NA
2021-02-12 15:00:00,NA,1013.8,25.5,63,NA
2021-02-12 16:00:00,NA,1013.4,26.2,62,NA
2021-02-12 17:00:00,NA,1012.7,26.6,61,NA
2021-02-12 18:00:00,1001.6,NA,27,61,NA
2021-02-13 12:00:00,1000.6,NA,20.4,88,NA
2021-02-13 13:00:00,1000.1,NA,22.9,78,NA
2021-02-13 14:00:00,1000,NA,25.7,69,NA
2021-02-13 15:00:00,999.4,NA,25.8,68,NA
2021-02-13 16:00:00,998.5,NA,26.7,62,NA
2021-02-13 17:00:00,997.4,NA,28,55,NA
2021-02-13 18:00:00,997,NA,26.2,61,NA
2021-02-14 12:00:00,NA,1006.8,20.4,91,NA
2021-02-14 13:00:00,NA,1006.5,23.2,80,NA
2021-02-14 14:00:00,NA,1006.2,25.5,67,NA
2021-02-14 15:00:00,NA,1006.1,27.8,58,NA
2021-02-14 16:00:00,NA,1006.3,28.7,55,NA
2021-02-14 17:00:00,NA,1006.2,29.1,53,NA
2021-02-14 18:00:00,995.6,NA,30,51,NA
2021-02-15 13:00:00,1003.4,NA,22.5,73,NA
2021-02-15 14:00:00,1004,NA,22.5,73,NA
2021-02-15 15:00:00,1004.1,NA,22,75,NA
2021-02-15 16:00:00,1003.8,NA,24.4,63,NA
2021-02-15 17:00:00,1003.7,NA,24.2,64,NA
2021-02-15 18:00:00,1003.6,NA,24,65,NA
2021-02-16 12:00:00,NA,1014.2,15.9,84,NA
2021-02-16 13:00:00,NA,1014.2,18.4,71,NA
2021-02-16 14:00:00,NA,1014,21,54,NA
2021-02-16 15:00:00,NA,1013.5,23,42,NA
2021-02-16 16:00:00,NA,1013.1,24.3,36,NA
2021-02-16 17:00:00,NA,1012.6,25.4,30,NA
2021-02-16 18:00:00,NA,1012.2,25.9,32,NA
2021-02-17 00:00:00,1000.4,NA,18.7,64,NA
2021-02-17 12:00:00,1001.7,NA,19,70,NA
2021-02-17 13:00:00,1001.5,NA,22.3,46,NA
2021-02-17 15:00:00,1001.1,NA,27.8,37,NA
2021-02-17 16:00:00,1000.3,NA,29.2,35,NA
2021-02-17 17:00:00,999.8,NA,30.9,30,NA
2021-02-17 18:00:00,999.3,NA,31.3,26,NA
2021-02-18 12:00:00,NA,1009.9,22.3,65,NA
2021-02-18 13:00:00,NA,1009.7,26.7,49,NA
2021-02-18 14:00:00,NA,1009.1,29.3,38,NA
2021-02-18 15:00:00,NA,1008.5,31.2,34,NA
2021-02-18 16:00:00,NA,1007.9,31.3,36,NA
2021-02-18 17:00:00,NA,1007.4,31.8,35,NA
2021-02-18 18:00:00,NA,1007.2,32.3,35,NA
2021-02-19 00:00:00,996,NA,26.4,53,NA
2021-02-19 12:00:00,1004.2,NA,17.7,61,NA
2021-02-19 13:00:00,1004.8,NA,18.6,49,NA
2021-02-19 14:00:00,1005.4,NA,19.7,42,NA
2021-02-19 15:00:00,1005.7,NA,21.3,27,NA
2021-02-19 16:00:00,1005.6,NA,22.8,18,NA
2021-02-19 17:00:00,1005.8,NA,22.9,19,NA
2021-02-19 18:00:00,1006,NA,23.6,19,NA
2021-02-20 12:00:00,NA,1018.1,17.8,37,NA
2021-02-20 13:00:00,NA,1018,21.3,29,NA
2021-02-20 14:00:00,NA,1017.9,23.4,23,NA
2021-02-20 15:00:00,NA,1017.2,25.4,20,NA
2021-02-20 16:00:00,NA,1016.2,26.2,19,NA
2021-02-20 17:00:00,NA,1015.5,26.4,19,NA
2021-02-20 18:00:00,NA,1014.7,27.3,19,NA
2021-02-21 00:00:00,1002.8,NA,21.7,44,NA
2021-02-21 13:00:00,1003.3,NA,24.6,45,NA
2021-02-21 15:00:00,1002.1,NA,30.2,40,NA
2021-02-21 16:00:00,1001.2,NA,31,42,NA
2021-02-21 17:00:00,1000.4,NA,32,40,NA
2021-02-21 18:00:00,999.6,NA,32,41,NA
2021-02-22 12:00:00,NA,1010,21,84,NA
2021-02-22 13:00:00,NA,1010.4,22.9,80,NA
2021-02-22 14:00:00,NA,1010.5,24.5,70,NA
2021-02-22 15:00:00,NA,1010.5,26.6,58,NA
2021-02-22 16:00:00,NA,1009.9,28.2,47,NA
2021-02-22 17:00:00,NA,1010.1,29.7,44,NA
2021-02-22 18:00:00,NA,1009.6,29.7,44,NA
2021-02-23 00:00:00,1001.2,NA,21,65,NA
2021-02-23 12:00:00,1004.5,NA,17.8,85,NA
2021-02-23 13:00:00,1005.2,NA,22.1,71,NA
2021-02-23 14:00:00,1005.6,NA,26.3,42,NA
2021-02-23 15:00:00,1005.3,NA,28.3,26,NA
2021-02-23 16:00:00,1004.8,NA,29.7,18,NA
2021-02-23 17:00:00,1004.6,NA,30.4,22,NA
2021-02-23 18:00:00,1004.3,NA,30.7,21,NA
2021-02-24 12:00:00,NA,1016.5,17.2,76,NA
2021-02-24 13:00:00,NA,1016.4,20.4,64,NA
2021-02-24 14:00:00,NA,1016.3,23.6,56,NA
2021-02-24 15:00:00,NA,1015.9,27.7,37,NA
2021-02-24 16:00:00,NA,1015,29.8,33,NA
2021-02-24 17:00:00,NA,1014.4,31.5,26,NA
2021-02-24 18:00:00,NA,1013.8,32.1,25,NA
2021-02-25 00:00:00,1002.4,NA,23.8,45,NA
2021-02-25 12:00:00,1005,NA,24.2,53,NA
2021-02-25 13:00:00,1005.1,NA,27.4,45,NA
2021-02-25 14:00:00,1005.2,NA,30.1,38,NA
2021-02-25 15:00:00,1004.6,NA,30.7,35,NA
2021-02-25 16:00:00,1003.7,NA,31.9,32,NA
2021-02-25 17:00:00,1003.3,NA,32.9,31,NA
2021-02-25 18:00:00,1002.8,NA,33.2,29,NA
2021-02-26 12:00:00,NA,1013.5,22.6,62,NA
2021-02-26 13:00:00,NA,1013.6,26.7,51,NA
2021-02-26 14:00:00,NA,1013.4,29.5,42,NA
2021-02-26 15:00:00,NA,1012.9,31.5,34,NA
2021-02-26 16:00:00,NA,1012.4,32.4,31,NA
2021-02-26 17:00:00,NA,1011.9,33,31,NA
2021-02-26 18:00:00,NA,1011.4,33.3,29,NA
2021-02-27 00:00:00,1004.9,NA,24.2,59,NA
2021-02-27 12:00:00,1007.8,NA,22.1,72,NA
2021-02-27 13:00:00,1008,NA,25.1,60,NA
2021-02-27 14:00:00,1008.2,NA,26.9,56,NA
2021-02-27 15:00:00,1008,NA,28.7,52,NA
2021-02-27 16:00:00,1006.9,NA,30.9,43,NA
2021-02-27 17:00:00,1006.2,NA,32.1,37,NA
2021-02-27 18:00:00,1005.8,NA,31.3,36,NA
2021-02-28 12:00:00,NA,1015.4,23.4,72,NA
2021-02-28 13:00:00,NA,1015.5,25.3,66,NA
2021-02-28 14:00:00,NA,1015.5,27.3,62,NA
2021-02-28 15:00:00,NA,1014.7,28.6,59,NA
2021-02-28 16:00:00,NA,1013.8,31,48,NA
2021-02-28 17:00:00,NA,1013.4,30.6,53,NA
2021-02-28 18:00:00,NA,1012.9,31,51,NA
2021-03-01 00:00:00,NA,1013.2,23.1,84,NA
2021-03-02 09:00:00,NA,1013.8,19.8,95,NA
2021-03-02 10:00:00,NA,1014,19.4,96,NA
2021-03-02 11:00:00,NA,1014.4,20.5,93,NA
2021-03-02 12:00:00,NA,1014.6,23,85,NA
2021-03-02 13:00:00,NA,1014.6,25.6,76,NA
2021-03-02 14:00:00,NA,1014.8,27.8,68,NA
2021-03-02 15:00:00,NA,1014.6,29.8,58,NA
2021-03-02 16:00:00,NA,1013.9,30.8,50,NA
2021-03-02 17:00:00,1003.7,1013.7,32.1,48,NA
2021-03-02 18:00:00,NA,1013,31.9,45,NA
2021-03-02 19:00:00,1002.2,1012.4,32.4,48,NA
2021-03-02 20:00:00,1002,1012,31.4,47,NA
2021-03-02 21:00:00,1002.2,1012.2,29.7,53,NA
2021-03-02 22:00:00,1002.2,1012.3,29.6,52,NA
2021-03-02 23:00:00,NA,1013.1,26.5,67,NA
2021-03-03 00:00:00,NA,1013.9,24.3,78,NA
2021-03-04 00:00:00,1004,NA,NA,NA,NA
2021-03-04 09:00:00,1003.8,1014,18.9,92,NA
2021-03-04 10:00:00,1004,1014.1,20,93,NA
2021-03-04 11:00:00,1004,1014.1,20.5,95,NA
2021-03-04 12:00:00,1004.3,1014.4,21,96,NA
2021-03-04 13:00:00,1004.6,1014.7,22.3,95,NA
2021-03-04 14:00:00,1004.8,1014.9,23,91,NA
2021-03-04 15:00:00,1005.2,1015.3,27,73,NA
2021-03-04 16:00:00,1004.5,1014.6,29,61,NA
2021-03-04 17:00:00,1004.2,1014.2,29.7,56,NA
2021-03-04 18:00:00,1003.3,1013.3,29.8,56,NA
2021-03-04 19:00:00,1002.9,1012.9,30.3,51,NA
2021-03-04 20:00:00,1002.1,1012.1,31.1,48,NA
2021-03-04 21:00:00,1001.8,1011.8,30.5,46,NA
2021-03-04 22:00:00,1002,1012,29.5,48,NA
2021-03-04 23:00:00,1002.3,1012.4,26.3,60,NA
2021-03-05 00:00:00,NA,1013.4,24.1,65,NA
2021-03-05 20:00:00,1002.8,NA,NA,NA,NA
2021-03-06 00:00:00,1002.6,NA,NA,NA,NA
2021-03-06 09:00:00,1002.9,1013.2,10.6,92,NA
2021-03-06 10:00:00,1003.4,1013.7,9.7,94,NA
2021-03-06 11:00:00,1003.6,1013.9,11.9,91,NA
2021-03-06 12:00:00,1003.8,1014.2,15.8,77,NA
2021-03-06 13:00:00,1004,1014.3,19.2,66,NA
2021-03-06 14:00:00,1003.8,1014,22.8,57,NA
2021-03-06 15:00:00,1003.7,1013.9,24.5,48,NA
2021-03-06 16:00:00,1003,1013.2,26.6,43,NA
2021-03-06 17:00:00,1002.2,1012.5,27.7,38,NA
2021-03-06 18:00:00,1001.9,1012.1,29.2,26,NA
2021-03-06 19:00:00,1001,1011.1,30.4,28,NA
2021-03-06 20:00:00,1000.5,1010.6,30.4,29,NA
2021-03-06 21:00:00,1000.2,1010.4,29.4,31,NA
2021-03-06 22:00:00,1000.4,1010.6,28.1,38,NA
2021-03-06 23:00:00,1000.7,1010.9,24.7,47,NA
2021-03-07 00:00:00,NA,1011.3,23.2,50,NA
2021-03-08 00:00:00,998.4,NA,NA,NA,NA
2021-03-08 10:00:00,1003.6,1013.6,20.3,82,NA
2021-03-08 11:00:00,1005.1,1015.2,20.4,79,NA
2021-03-08 12:00:00,NA,1015.9,20.7,76,NA
2021-03-08 13:00:00,1006.6,1016.7,21.6,74,NA
2021-03-08 14:00:00,1007.5,1017.6,23.1,67,NA
2021-03-08 15:00:00,1008,1018.1,24.8,56,NA
2021-03-08 16:00:00,1007.7,1017.8,26,48,NA
2021-03-08 17:00:00,1007.5,1017.6,27,43,NA
2021-03-08 18:00:00,1006.9,1017,27.9,39,NA
2021-03-08 19:00:00,1006.4,1016.5,28,38,NA
2021-03-08 20:00:00,1006,1016.1,28,38,NA
2021-03-08 21:00:00,1006.1,1016.2,27,38,NA
2021-03-08 22:00:00,1006.2,1016.4,25.6,40,NA
2021-03-08 23:00:00,1006.6,1016.9,21,57,NA
2021-03-09 00:00:00,NA,1017,17.6,71,NA
2021-03-10 00:00:00,1003.3,NA,NA,NA,NA
2021-03-10 09:00:00,1001.7,1011.8,15.6,87,NA
2021-03-10 10:00:00,1002.2,1012.5,15.5,89,NA
2021-03-10 11:00:00,1002.2,1012.5,16.1,89,NA
2021-03-10 12:00:00,1002.1,1012.3,19.7,70,NA
2021-03-10 13:00:00,1001.6,1011.7,23.3,56,NA
2021-03-10 14:00:00,1001.2,1011.3,26.6,50,NA
2021-03-10 15:00:00,1000.2,1010.3,29.6,42,NA
2021-03-10 16:00:00,999.2,1009.2,30.8,41,NA
2021-03-10 17:00:00,998.3,1008.3,32.4,37,NA
2021-03-10 18:00:00,997.4,1007.4,31.6,36,NA
2021-03-10 19:00:00,996.8,1006.8,32.9,29,NA
2021-03-10 20:00:00,996.2,1006.2,32.7,31,NA
2021-03-10 21:00:00,996.2,1006.2,31.7,33,NA
2021-03-10 22:00:00,996.2,1006.3,29.5,46,NA
2021-03-10 23:00:00,996.2,1006.3,26.7,49,NA
2021-03-11 00:00:00,NA,1007.1,24.8,53,NA
2021-03-12 00:00:00,1003.2,NA,NA,NA,NA
2021-03-12 09:00:00,NA,1015,11.5,80,NA
2021-03-12 10:00:00,1004.8,1015,11.5,80,NA
2021-03-12 11:00:00,1005.7,1016,13.4,82,NA
2021-03-12 12:00:00,1006,1016.3,15.8,77,NA
2021-03-12 13:00:00,1006.1,1016.3,19.8,69,NA
2021-03-12 14:00:00,1006.3,1016.5,23.8,50,NA
2021-03-12 15:00:00,1006.1,1016.3,26.4,38,NA
2021-03-12 16:00:00,1005.8,1016,27.3,36,NA
2021-03-12 17:00:00,1005.4,1015.6,29,27,NA
2021-03-12 18:00:00,1004.9,1015.1,29.5,28,NA
2021-03-12 19:00:00,1004,1014.2,29.8,27,NA
2021-03-12 20:00:00,1003.8,1014,30.1,27,NA
2021-03-12 21:00:00,1003.6,1013.8,30,28,NA
2021-03-12 22:00:00,1003.7,1014,27.4,40,NA
2021-03-12 23:00:00,1003.8,1014.1,22.8,56,NA
2021-03-13 00:00:00,NA,1014.6,20.2,65,NA
2021-03-14 09:00:00,NA,1016.3,18.2,72,NA
2021-03-14 10:00:00,NA,1016.2,17.7,72,NA
2021-03-14 11:00:00,NA,1016.7,18.1,70,NA
2021-03-14 12:00:00,NA,1016.8,19.9,59,NA
2021-03-14 13:00:00,NA,1017.1,22.9,49,NA
2021-03-14 14:00:00,NA,1018.1,23.2,47,NA
2021-03-14 15:00:00,NA,1019.2,21.5,62,NA
2021-03-14 16:00:00,NA,1019.2,20.9,68,NA
2021-03-14 17:00:00,NA,1018.6,22.9,55,NA
2021-03-14 18:00:00,NA,1018,23.2,56,NA
2021-03-14 19:00:00,NA,1017.4,23,59,NA
2021-03-14 20:00:00,NA,1016.9,23.2,57,NA
2021-03-14 21:00:00,NA,1016.5,23,58,NA
2021-03-14 22:00:00,NA,1016.6,22,65,NA
2021-03-14 23:00:00,NA,1016.3,20.1,76,NA
2021-03-15 00:00:00,NA,1016.3,19.5,79,NA
2021-03-15 12:00:00,1004.2,NA,20.8,66,NA
2021-03-15 13:00:00,1004.2,NA,23.3,57,NA
2021-03-15 14:00:00,1004.2,NA,24.6,47,NA
2021-03-15 15:00:00,1004.2,NA,24.4,50,NA
2021-03-15 16:00:00,1003.6,NA,25.8,48,NA
2021-03-15 17:00:00,1003.1,NA,26.4,49,NA
2021-03-15 18:00:00,1002.6,NA,25,63,NA
2021-03-16 09:00:00,NA,1010.5,16.4,92,NA
2021-03-16 10:00:00,NA,1010.2,16.2,94,NA
2021-03-16 11:00:00,NA,1009.9,16.3,95,NA
2021-03-16 12:00:00,NA,1009.5,16.6,96,NA
2021-03-16 13:00:00,NA,1009.2,17.1,96,NA
2021-03-16 14:00:00,NA,1009.1,17.8,96,NA
2021-03-16 15:00:00,NA,1008.6,18.6,96,NA
2021-03-16 16:00:00,NA,1007.7,19,95,NA
2021-03-16 17:00:00,NA,1007.2,18.8,95,NA
2021-03-16 18:00:00,NA,1007.6,18.7,96,NA
2021-03-16 19:00:00,NA,1007.4,18.6,96,NA
2021-03-16 20:00:00,NA,1007.5,18.7,96,NA
2021-03-16 21:00:00,NA,1007.9,18.4,94,NA
2021-03-16 22:00:00,NA,1008.6,18.1,97,NA
2021-03-16 23:00:00,NA,1008.8,18,93,NA
2021-03-17 00:00:00,999.7,NA,17.6,93,NA
2021-03-17 09:00:00,1005.3,NA,15.4,83,NA
2021-03-17 10:00:00,1006.4,NA,15.2,81,NA
2021-03-17 12:00:00,1008.4,NA,15.4,70,NA
2021-03-18 09:00:00,NA,1022.6,6,91,NA
2021-03-18 10:00:00,NA,1022.3,6.2,88,NA
2021-03-18 11:00:00,NA,1022.9,7,84,NA
2021-03-18 12:00:00,NA,1022.8,9.1,84,NA
2021-03-18 13:00:00,NA,1023,12,72,NA
2021-03-18 14:00:00,NA,1022.6,14.8,61,NA
2021-03-18 15:00:00,NA,1022,16.2,53,NA
2021-03-18 16:00:00,NA,1021,16.2,51,NA
2021-03-18 17:00:00,NA,1020.7,16.4,50,NA
2021-03-18 18:00:00,NA,1020.3,15,63,NA
2021-03-18 19:00:00,NA,1019.9,15,62,NA
2021-03-18 20:00:00,NA,1019.5,15.2,62,NA
2021-03-18 21:00:00,NA,1019.4,13.7,75,NA
2021-03-18 22:00:00,NA,1019.1,13.1,81,NA
2021-03-18 23:00:00,NA,1018.6,12.9,83,NA
2021-03-19 00:00:00,1008.5,NA,12.5,87,NA
2021-03-19 10:00:00,1007,NA,7.8,94,NA
2021-03-19 11:00:00,1007.1,NA,8.4,92,NA
2021-03-19 12:00:00,1007.1,NA,13.2,76,NA
2021-03-19 13:00:00,1007,NA,17,57,NA
2021-03-19 14:00:00,1006.7,NA,19,49,NA
2021-03-19 15:00:00,1006.2,NA,20.1,47,NA
2021-03-19 16:00:00,1005.4,NA,21.4,44,NA
2021-03-19 17:00:00,1004.4,NA,21.5,47,NA
2021-03-19 18:00:00,1003.2,NA,21,44,NA
2021-03-19 19:00:00,1002.7,NA,21.9,45,NA
2021-03-19 20:00:00,1002.6,NA,21.8,45,NA
2021-03-19 21:00:00,1002.6,NA,20.5,52,NA
2021-03-19 22:00:00,1002.2,NA,19.2,58,NA
2021-03-19 23:00:00,1001.2,NA,18.3,64,NA
2021-03-20 09:00:00,NA,1013.1,15.1,91,NA
2021-03-20 10:00:00,NA,1014.5,15.2,97,NA
2021-03-20 11:00:00,NA,1014.2,15.2,94,NA
2021-03-20 12:00:00,NA,1014.9,15.5,94,NA
2021-03-20 13:00:00,NA,1014.9,16.4,94,NA
2021-03-20 14:00:00,NA,1015.4,17.6,87,NA
2021-03-20 15:00:00,NA,1015.4,17.9,85,NA
2021-03-20 16:00:00,NA,1015.2,19.6,76,NA
2021-03-20 17:00:00,NA,1014.9,21.3,71,NA
2021-03-20 18:00:00,NA,1014.4,24.2,54,NA
2021-03-20 19:00:00,NA,1014.5,25.1,50,NA
2021-03-20 20:00:00,NA,1015.1,24.4,42,NA
2021-03-20 21:00:00,NA,1015.7,22.9,51,NA
2021-03-20 22:00:00,NA,1016.2,21.5,59,NA
2021-03-20 23:00:00,NA,1016.4,18.8,65,NA
2021-03-21 00:00:00,1006.6,NA,17.5,68,NA
2021-03-21 09:00:00,1011,NA,9.3,96,NA
2021-03-21 10:00:00,1011.5,NA,9.2,96,NA
2021-03-21 11:00:00,1012,NA,9,94,NA
2021-03-21 12:00:00,1012.5,NA,13.6,88,NA
2021-03-21 13:00:00,1013.2,NA,17,75,NA
2021-03-21 14:00:00,1013.4,NA,19.2,69,NA
2021-03-21 15:00:00,1013,NA,20.6,57,NA
2021-03-21 16:00:00,1012.8,NA,22.1,49,NA
2021-03-21 17:00:00,1012.2,NA,23,46,NA
2021-03-21 18:00:00,1011.4,NA,23.5,46,NA
2021-03-21 19:00:00,1010.9,NA,24.3,44,NA
2021-03-21 20:00:00,1010.6,NA,24,42,NA
2021-03-21 21:00:00,1010.6,NA,23.4,42,NA
2021-03-21 22:00:00,1010.6,NA,21.9,50,NA
2021-03-21 23:00:00,1011,NA,17.3,68,NA
2021-03-22 09:00:00,NA,1021.6,11.8,91,NA
2021-03-22 10:00:00,NA,1021.9,11.2,96,NA
2021-03-22 11:00:00,NA,1022.8,12.1,95,NA
2021-03-22 12:00:00,NA,1023.1,14,89,NA
2021-03-22 13:00:00,NA,1023.4,16.3,83,NA
2021-03-22 14:00:00,NA,1023.6,18,77,NA
2021-03-22 15:00:00,NA,1022.7,19.8,71,NA
2021-03-22 16:00:00,NA,1022.3,19.8,69,NA
2021-03-22 17:00:00,NA,1021.6,21.4,62,NA
2021-03-22 18:00:00,NA,1020.7,21.6,61,NA
2021-03-22 19:00:00,NA,1019.6,23.4,51,NA
2021-03-22 20:00:00,NA,1019.1,23.3,50,NA
2021-03-22 21:00:00,NA,1019.1,22.7,51,NA
2021-03-22 22:00:00,NA,1019.1,21.9,61,NA
2021-03-22 23:00:00,NA,1019.1,18.6,74,NA
2021-03-23 00:00:00,1009.2,NA,16,83,NA
2021-03-23 09:00:00,1007.3,NA,11.9,91,NA
2021-03-23 10:00:00,1007.4,NA,12.3,93,NA
2021-03-23 11:00:00,1007.4,NA,13.2,90,NA
2021-03-23 12:00:00,1007.3,NA,17.5,89,NA
2021-03-23 13:00:00,1007,NA,21.1,78,NA
2021-03-23 14:00:00,1006.9,NA,23.2,65,NA
2021-03-23 15:00:00,1006.4,NA,25,51,NA
2021-03-23 16:00:00,1005.7,NA,25.9,48,NA
2021-03-23 17:00:00,1005.1,NA,26.9,45,NA
2021-03-23 18:00:00,1004.2,NA,27.1,42,NA
2021-03-23 19:00:00,1003.6,NA,27.5,42,NA
2021-03-23 20:00:00,1003.2,NA,27.4,41,NA
2021-03-23 21:00:00,1003,NA,26.6,43,NA
2021-03-23 22:00:00,1003.3,NA,24.5,52,NA
2021-03-23 23:00:00,1003.2,NA,21.6,62,NA
2021-03-24 09:00:00,NA,1014.8,14.5,89,NA
2021-03-24 10:00:00,NA,1015.1,14.2,92,NA
2021-03-24 11:00:00,NA,1015.4,15.2,90,NA
2021-03-24 12:00:00,NA,1015.6,18.2,84,NA
2021-03-24 13:00:00,NA,1015.5,21.8,72,NA
2021-03-24 14:00:00,NA,1015.5,24.6,60,NA
2021-03-24 15:00:00,NA,1014.9,26.8,51,NA
2021-03-24 16:00:00,NA,1014.3,27.7,49,NA
2021-03-24 17:00:00,NA,1013.7,28.2,47,NA
2021-03-24 18:00:00,NA,1012.9,28.2,47,NA
2021-03-24 19:00:00,NA,1012.3,28.5,46,NA
2021-03-24 20:00:00,NA,1012,27.8,49,NA
2021-03-24 21:00:00,NA,1012.1,25.5,65,NA
2021-03-24 22:00:00,NA,1012.2,24.7,70,NA
2021-03-24 23:00:00,NA,1012.7,23.7,74,NA
2021-03-25 00:00:00,1002.8,NA,21.8,80,NA
2021-03-25 09:00:00,1002.2,NA,18.6,93,NA
2021-03-25 10:00:00,1003,NA,17.8,93,NA
2021-03-25 11:00:00,1003.3,NA,19,93,NA
2021-03-25 12:00:00,1003.7,NA,17.4,92,NA
2021-03-25 13:00:00,1003.6,NA,17.5,92,NA
2021-03-25 14:00:00,1003.2,NA,20.5,73,NA
2021-03-25 15:00:00,1002.6,NA,22.7,66,NA
2021-03-25 16:00:00,1001.8,NA,23.9,64,NA
2021-03-25 17:00:00,1002.5,NA,24.8,62,NA
2021-03-25 18:00:00,1002.4,NA,25,62,NA
2021-03-25 19:00:00,1002,NA,24.8,63,NA
2021-03-25 20:00:00,1001.4,NA,24.8,65,NA
2021-03-25 21:00:00,1001.4,NA,22.6,71,NA
2021-03-25 22:00:00,1001.7,NA,22.2,72,NA
2021-03-25 23:00:00,1001.8,NA,21.1,73,NA
2021-03-26 09:00:00,NA,1013.2,16.6,97,NA
2021-03-26 10:00:00,NA,1013.3,16.2,100,NA
2021-03-26 11:00:00,NA,1013.3,16.2,100,NA
2021-03-26 12:00:00,NA,1013.5,16.8,96,NA
2021-03-26 13:00:00,NA,1013.9,17.2,96,NA
2021-03-26 14:00:00,NA,1014.2,17.8,96,NA
2021-03-26 15:00:00,NA,1014.2,18.2,92,NA
2021-03-26 16:00:00,NA,1013.9,19.2,85,NA
2021-03-26 17:00:00,NA,1013.9,18.9,86,NA
2021-03-26 18:00:00,NA,1013.6,19,87,NA
2021-03-26 19:00:00,NA,1013.3,17.7,97,NA
2021-03-26 20:00:00,NA,1013.6,18,94,NA
2021-03-26 21:00:00,NA,1013.7,17.8,94,NA
2021-03-26 22:00:00,NA,1014.2,16.9,95,NA
2021-03-26 23:00:00,NA,1014.5,16.8,96,NA
2021-03-27 00:00:00,1004.6,NA,16.6,95,NA
2021-03-27 09:00:00,1002.6,NA,15.9,96,NA
2021-03-27 10:00:00,1002.9,NA,15.3,98,NA
2021-03-27 11:00:00,1003.7,NA,14.8,98,NA
2021-03-27 12:00:00,1004.4,NA,15.2,96,NA
2021-03-27 13:00:00,1004.6,NA,15.5,95,NA
2021-03-27 14:00:00,1004.6,NA,15.6,95,NA
2021-03-27 15:00:00,1005,NA,15.9,88,NA
2021-03-27 16:00:00,1005.3,NA,16.2,86,NA
2021-03-27 17:00:00,1005.2,NA,17.4,83,NA
2021-03-27 18:00:00,1005.3,NA,16.8,82,NA
2021-03-27 19:00:00,1005.2,NA,16.3,85,NA
2021-03-27 20:00:00,1005.3,NA,16.4,86,NA
2021-03-27 21:00:00,1005.3,NA,17.1,83,NA
2021-03-27 22:00:00,1005.6,NA,16.8,84,NA
2021-03-27 23:00:00,1005.9,NA,16.4,86,NA
2021-03-28 09:00:00,NA,1016.2,14.1,93,NA
2021-03-28 10:00:00,NA,1016.4,13.6,96,NA
2021-03-28 11:00:00,NA,1016.8,13.9,96,NA
2021-03-28 12:00:00,NA,1017.1,14.6,93,NA
2021-03-28 13:00:00,NA,1017.1,16.5,86,NA
2021-03-28 14:00:00,NA,1017.3,17.7,82,NA
2021-03-28 15:00:00,NA,1017,18.7,77,NA
2021-03-28 16:00:00,NA,1016.8,19.4,75,NA
2021-03-28 17:00:00,NA,1016.5,20.4,70,NA
2021-03-28 18:00:00,NA,1015.9,21.4,71,NA
2021-03-28 19:00:00,NA,1015.6,20.8,73,NA
2021-03-28 20:00:00,NA,1015.4,21.6,62,NA
2021-03-28 21:00:00,NA,1015.3,21,63,NA
2021-03-28 22:00:00,NA,1015.6,19.7,79,NA
2021-03-28 23:00:00,NA,1015.8,17,90,NA
2021-03-29 00:00:00,1006.1,NA,16.5,90,NA
2021-03-29 10:00:00,1007.7,NA,12.8,100,NA
2021-03-29 11:00:00,1008.2,NA,12.4,97,NA
2021-03-29 12:00:00,1008.9,NA,14.8,93,NA
2021-03-29 13:00:00,1009.2,NA,19,81,NA
2021-03-29 14:00:00,1009.2,NA,21.4,68,NA
2021-03-29 15:00:00,1009,NA,22.6,61,NA
2021-03-29 16:00:00,1008.7,NA,23.8,54,NA
2021-03-29 17:00:00,1008.3,NA,24.6,46,NA
2021-03-29 18:00:00,1007.6,NA,25.4,41,NA
2021-03-29 19:00:00,1007.4,NA,25.7,39,NA
2021-03-29 20:00:00,1007.3,NA,25.3,42,NA
2021-03-29 21:00:00,1007.4,NA,24.3,41,NA
2021-03-29 22:00:00,1007.3,NA,21.1,58,NA
2021-03-29 23:00:00,1007.8,NA,16.5,70,NA
2021-03-30 09:00:00,NA,1018.7,8,93,NA
2021-03-30 10:00:00,NA,1019.4,7.3,94,NA
2021-03-30 11:00:00,NA,1019.6,8.8,94,NA
2021-03-30 12:00:00,NA,1019.9,14.2,82,NA
2021-03-30 13:00:00,NA,1020,18.9,62,NA
2021-03-30 14:00:00,NA,1019.8,21.6,46,NA
2021-03-30 15:00:00,NA,1019.6,23.3,44,NA
2021-03-30 16:00:00,NA,1019.1,24.7,35,NA
2021-03-30 17:00:00,NA,1018.5,25.7,36,NA
2021-03-30 18:00:00,NA,1017.6,26.1,34,NA
2021-03-30 19:00:00,NA,1017.4,26.1,35,NA
2021-03-30 20:00:00,NA,1017.2,25.8,36,NA
2021-03-30 21:00:00,NA,1017,25.1,38,NA
2021-03-30 22:00:00,NA,1017.2,21.3,59,NA
2021-03-30 23:00:00,NA,1017.3,17.2,66,NA
2021-03-31 00:00:00,1007.2,NA,16.3,70,NA
2021-03-31 09:00:00,1008.4,NA,9.2,93,NA
2021-03-31 10:00:00,1008.5,NA,9.4,93,NA
2021-03-31 11:00:00,1008.7,NA,9.6,93,NA
2021-03-31 17:00:00,1008.1,NA,24.1,48,NA
2021-03-31 18:00:00,1007.4,NA,24.8,45,NA
2021-03-31 19:00:00,1006.8,NA,24.7,45,NA
2021-03-31 20:00:00,1006.2,NA,24.6,45,NA
2021-03-31 21:00:00,1006.4,NA,23.9,48,NA
2021-03-31 22:00:00,1006.5,NA,19.7,64,NA
2021-03-31 23:00:00,1006.6,NA,16.7,73,NA
2021-04-01 09:00:00,NA,1018.7,11,94,NA
2021-04-01 10:00:00,NA,1018.7,11,94,NA
2021-04-01 11:00:00,NA,1019,10.8,94,NA
2021-04-01 12:00:00,NA,1019.6,14.7,88,NA
2021-04-01 13:00:00,NA,1019.8,18.1,81,NA
2021-04-01 14:00:00,NA,1019.6,21.4,56,NA
2021-04-01 15:00:00,NA,1019.6,22.3,55,NA
2021-04-01 16:00:00,NA,1019.1,22.6,50,NA
2021-04-01 17:00:00,NA,1018.8,22.6,50,NA
2021-04-01 18:00:00,NA,1017.7,22.6,47,NA
2021-04-01 19:00:00,NA,1017.4,24.1,45,NA
2021-04-01 20:00:00,NA,1016.9,24.7,43,NA
2021-04-01 21:00:00,NA,1016.8,23.5,47,NA
2021-04-01 22:00:00,NA,1017,21.3,57,NA
2021-04-01 23:00:00,NA,1017.3,17,74,NA
2021-04-02 00:00:00,1007,NA,15.8,81,NA
2021-04-02 10:00:00,1008.9,NA,11.9,94,NA
2021-04-02 11:00:00,1009.3,NA,13.1,94,NA
2021-04-02 13:00:00,1009.8,NA,18.8,79,NA
2021-04-02 14:00:00,1009.8,NA,21.6,62,NA
2021-04-02 15:00:00,1009.2,NA,24,52,NA
2021-04-02 16:00:00,1008.6,NA,25.2,47,NA
2021-04-02 17:00:00,1008,NA,26.2,41,NA
2021-04-02 18:00:00,1007.2,NA,26.7,39,NA
2021-04-02 19:00:00,1006.6,NA,26.1,38,NA
2021-04-02 20:00:00,1006.5,NA,25.7,38,NA
2021-04-02 21:00:00,1006.6,NA,24.5,43,NA
2021-04-02 22:00:00,1006.9,NA,21.1,58,NA
2021-04-02 23:00:00,1007.6,NA,18.3,66,NA
2021-04-03 09:00:00,NA,1018.1,11.8,95,NA
2021-04-03 10:00:00,NA,1018.8,10.6,96,NA
2021-04-03 11:00:00,NA,1019.3,11.6,96,NA
2021-04-03 12:00:00,NA,1019.7,15.9,89,NA
2021-04-03 13:00:00,NA,1019.8,19.1,76,NA
2021-04-03 14:00:00,NA,1019.6,22.3,66,NA
2021-04-03 15:00:00,NA,1019.2,24.4,57,NA
2021-04-03 16:00:00,NA,1018.6,25.3,49,NA
2021-04-03 17:00:00,NA,1017.4,26.8,46,NA
2021-04-03 18:00:00,NA,1016.3,26.9,40,NA
2021-04-03 19:00:00,NA,1016.1,25.8,43,NA
2021-04-03 20:00:00,NA,1016.2,27.4,39,NA
2021-04-03 21:00:00,NA,1016.5,26.2,43,NA
2021-04-03 22:00:00,NA,1016.5,23.4,56,NA
2021-04-03 23:00:00,NA,1017.3,20.4,64,NA
2021-04-04 00:00:00,1007.1,NA,17.6,74,NA
2021-04-04 09:00:00,1006.6,NA,13.2,94,NA
2021-04-04 10:00:00,1006.9,NA,13.6,95,NA
2021-04-04 11:00:00,1007.3,NA,14.3,94,NA
2021-04-04 12:00:00,1007.5,NA,16.9,87,NA
2021-04-04 13:00:00,1007.6,NA,21.5,69,NA
2021-04-04 14:00:00,1007.6,NA,21.5,69,NA
2021-04-04 15:00:00,1006.8,NA,26.5,51,NA
2021-04-04 16:00:00,1006.1,NA,27.3,47,NA
2021-04-04 18:00:00,1003.9,NA,28.6,39,NA
2021-04-04 19:00:00,1003.2,NA,28.4,38,NA
2021-04-04 20:00:00,1003.2,NA,28,37,NA
2021-04-04 21:00:00,1003,NA,27,40,NA
2021-04-04 22:00:00,1003.2,NA,23.2,55,NA
2021-04-04 23:00:00,1003.4,NA,19,71,NA
2021-04-05 09:00:00,NA,1014.4,15.8,96,NA
2021-04-05 10:00:00,NA,1014.6,14.8,96,NA
2021-04-05 11:00:00,NA,1015,15.3,93,NA
2021-04-05 12:00:00,NA,1015.5,18.1,87,NA
2021-04-05 13:00:00,NA,1015.1,21.7,76,NA
2021-04-05 14:00:00,NA,1014.7,24.6,65,NA
2021-04-05 15:00:00,NA,1014.3,26.6,56,NA
2021-04-05 16:00:00,NA,1013.8,28.4,52,NA
2021-04-05 17:00:00,NA,1013.3,29.3,45,NA
2021-04-05 18:00:00,NA,1012.5,29.6,44,NA
2021-04-05 19:00:00,NA,1012.2,30.1,42,NA
2021-04-05 20:00:00,NA,1012.4,29.9,42,NA
2021-04-05 21:00:00,NA,1012.8,29.2,44,NA
2021-04-05 22:00:00,NA,1013.3,26,58,NA
2021-04-05 23:00:00,NA,1013.7,21.9,72,NA
2021-04-06 00:00:00,1004.2,NA,20.9,76,NA
2021-04-06 09:00:00,1005.6,NA,17.1,92,NA
2021-04-06 10:00:00,1005.7,NA,16.2,93,NA
2021-04-06 11:00:00,1006,NA,16.9,93,NA
2021-04-06 12:00:00,1006.6,NA,19.4,90,NA
2021-04-06 13:00:00,1006.6,NA,23.4,79,NA
2021-04-06 14:00:00,1006.6,NA,26.7,66,NA
2021-04-06 15:00:00,1006.1,NA,28,58,NA
2021-04-06 16:00:00,1005.2,NA,29.4,46,NA
2021-04-06 17:00:00,1004.4,NA,29.5,49,NA
2021-04-06 18:00:00,1003.6,NA,30.5,46,NA
2021-04-06 19:00:00,1003,NA,30.6,45,NA
2021-04-06 20:00:00,1002.9,NA,29.5,47,NA
2021-04-06 21:00:00,1002.8,NA,29.2,50,NA
2021-04-06 22:00:00,1002.9,NA,26.6,58,NA
2021-04-06 23:00:00,1002.9,NA,25,64,NA
2021-04-07 09:00:00,NA,1014.2,18.6,94,NA
2021-04-07 10:00:00,NA,1014.2,18.6,94,NA
2021-04-07 11:00:00,NA,1014.4,19,92,NA
2021-04-07 12:00:00,NA,1014.6,21.7,81,NA
2021-04-07 13:00:00,NA,1014.7,24.1,75,NA
2021-04-07 14:00:00,NA,1014.7,26,67,NA
2021-04-07 15:00:00,NA,1013.8,28.3,58,NA
2021-04-07 16:00:00,NA,1013.3,28.6,55,NA
2021-04-07 17:00:00,NA,1012.7,29.8,51,NA
2021-04-07 18:00:00,NA,1011.1,30.8,46,NA
2021-04-07 19:00:00,NA,1010.6,30.1,47,NA
2021-04-07 20:00:00,NA,1010.3,30.2,47,NA
2021-04-07 21:00:00,NA,1009.9,29.5,49,NA
2021-04-07 22:00:00,NA,1010.4,26.9,60,NA
2021-04-07 23:00:00,NA,1011,25,66,NA
2021-04-08 00:00:00,NA,1011.1,24.1,70,NA
2021-04-08 15:00:00,1000,NA,18.8,95,NA
2021-04-08 16:00:00,1000.8,NA,19.2,96,NA
2021-04-08 17:00:00,1000.2,NA,19.4,96,NA
2021-04-08 18:00:00,999.2,NA,20.3,93,NA
2021-04-08 19:00:00,999,NA,20,88,NA
2021-04-08 20:00:00,999.6,NA,19.3,93,NA
2021-04-08 21:00:00,999.6,NA,18.9,95,NA
2021-04-08 22:00:00,999.2,NA,19.3,91,NA
2021-04-08 23:00:00,1000,NA,18.7,91,NA
2021-04-09 09:00:00,NA,1013.1,15.4,98,NA
2021-04-09 10:00:00,NA,1013.8,14,97,NA
2021-04-09 11:00:00,NA,1014.6,13.8,97,NA
2021-04-09 12:00:00,NA,1015.5,16.5,97,NA
2021-04-09 13:00:00,NA,1015.8,17.9,88,NA
2021-04-09 14:00:00,NA,1016.2,18,87,NA
2021-04-09 15:00:00,NA,1016.3,18.2,88,NA
2021-04-09 16:00:00,NA,1015.9,19.4,85,NA
2021-04-09 17:00:00,NA,1015.2,20.1,79,NA
2021-04-09 18:00:00,NA,1014.6,21.6,74,NA
2021-04-09 19:00:00,NA,1015,21.6,72,NA
2021-04-09 20:00:00,NA,1015.2,20.9,76,NA
2021-04-09 21:00:00,NA,1015,20.6,77,NA
2021-04-09 22:00:00,NA,1015.5,19.8,82,NA
2021-04-09 23:00:00,NA,1015.8,19.1,84,NA
2021-04-10 00:00:00,NA,1015.8,18.3,85,NA
2021-04-11 09:00:00,NA,1014.8,12.2,94,NA
2021-04-11 10:00:00,NA,1016.1,12,91,NA
2021-04-11 11:00:00,NA,1016.5,11.8,88,NA
2021-04-11 12:00:00,NA,1017.4,13.5,91,NA
2021-04-11 13:00:00,NA,1017.8,14.8,84,NA
2021-04-11 14:00:00,NA,1017.9,17,72,NA
2021-04-11 15:00:00,NA,1018,18.7,66,NA
2021-04-11 16:00:00,NA,1017.8,19.5,61,NA
2021-04-11 17:00:00,NA,1017.6,20.7,54,NA
2021-04-11 18:00:00,NA,1017.1,21.6,55,NA
2021-04-11 19:00:00,NA,1016.8,22.1,51,NA
2021-04-11 20:00:00,NA,1016.8,22.2,47,NA
2021-04-11 21:00:00,NA,1016.9,21.5,47,NA
2021-04-11 22:00:00,NA,1016.9,19.4,57,NA
2021-04-11 23:00:00,NA,1017.2,17.7,65,NA
2021-04-12 00:00:00,NA,1017.9,16,71,NA
2021-04-13 09:00:00,NA,1020.3,11.4,90,NA
2021-04-13 10:00:00,NA,1020.9,9.6,91,NA
2021-04-13 11:00:00,NA,1021.3,10.2,89,NA
2021-04-13 12:00:00,NA,1021.7,13.1,83,NA
2021-04-13 13:00:00,1011.4,1021.8,17.5,73,NA
2021-04-13 14:00:00,1011.6,1022,19.9,69,NA
2021-04-13 15:00:00,1011.4,1021.8,22,59,NA
2021-04-13 16:00:00,1010.9,1021.2,23.5,50,NA
2021-04-13 17:00:00,1010.1,1020.4,24.6,47,NA
2021-04-13 18:00:00,1009.3,1019.6,25.3,44,NA
2021-04-13 19:00:00,1008.8,1019.1,25.4,43,NA
2021-04-13 20:00:00,1008.6,1018.9,25.4,41,NA
2021-04-13 21:00:00,1008.4,1018.7,24,44,NA
2021-04-13 22:00:00,NA,1018.7,21.2,58,NA
2021-04-13 23:00:00,1008.6,1019.1,18.6,67,NA
2021-04-14 00:00:00,NA,1019.1,16.5,75,NA
2021-04-15 00:00:00,1002.8,NA,NA,NA,NA
2021-04-15 09:00:00,1003,1013.4,12.7,96,NA
2021-04-15 10:00:00,1003.3,1013.6,12.5,96,NA
2021-04-15 11:00:00,1003.3,1013.7,12.4,96,NA
2021-04-15 12:00:00,1003.7,1014.1,15.9,90,NA
2021-04-15 13:00:00,1004.1,1014.4,19,80,NA
2021-04-15 14:00:00,1004.2,1014.5,22.2,65,NA
2021-04-15 15:00:00,1003.7,1013.9,24.1,65,NA
2021-04-15 16:00:00,1003.2,1013.4,25.2,58,NA
2021-04-15 17:00:00,1002.7,1012.9,26.2,55,NA
2021-04-15 18:00:00,1002,1012.2,26.8,52,NA
2021-04-15 19:00:00,1001.8,1012.1,27.6,50,NA
2021-04-15 20:00:00,1002,1012.2,27.3,48,NA
2021-04-15 21:00:00,1002,1012.2,26.6,53,NA
2021-04-15 22:00:00,1002.2,1012.5,23.1,67,NA
2021-04-15 23:00:00,1002.5,1012.8,19.8,73,NA
2021-04-16 00:00:00,NA,1013.2,18.6,77,NA
2021-04-17 00:00:00,1003.8,NA,NA,NA,NA
2021-04-17 09:00:00,1005.6,1015.8,15.6,91,NA
2021-04-17 10:00:00,1006.1,1016.3,15.4,93,NA
2021-04-17 11:00:00,1006.6,1016.9,15.8,91,NA
2021-04-17 12:00:00,1007.6,1017.9,18.4,84,NA
2021-04-17 13:00:00,1007.7,1017.9,21.4,76,NA
2021-04-17 14:00:00,1007.7,1017.9,23.9,67,NA
2021-04-17 15:00:00,1007.4,1017.6,26,60,NA
2021-04-17 16:00:00,1006.5,1016.6,27.4,55,NA
2021-04-17 17:00:00,1005.6,1015.7,28.1,51,NA
2021-04-17 18:00:00,1005.3,1015.4,28.4,50,NA
2021-04-17 19:00:00,1005.4,1015.5,28.4,47,NA
2021-04-17 20:00:00,1005.1,1015.3,27.6,48,NA
2021-04-17 21:00:00,1004.6,1014.8,26.6,46,NA
2021-04-17 22:00:00,1004.4,1014.7,21.2,70,NA
2021-04-17 23:00:00,1004.9,1015.2,19.1,73,NA
2021-04-18 00:00:00,NA,1015.9,18.8,76,NA
2021-04-19 00:00:00,1004.3,NA,NA,NA,NA
2021-04-19 09:00:00,NA,1016.8,17.9,89,NA
2021-04-19 10:00:00,1006.8,1017.1,17.7,91,NA
2021-04-19 11:00:00,1007.3,1017.6,17.6,90,NA
2021-04-19 12:00:00,1007.7,1017.9,19,85,NA
2021-04-19 13:00:00,1008,1018.2,20.8,78,NA
2021-04-19 14:00:00,1007.6,1017.8,23,70,NA
2021-04-19 15:00:00,1007.2,1017.4,25.6,58,NA
2021-04-19 16:00:00,1006.5,1016.6,26.8,54,NA
2021-04-19 17:00:00,1006,1016.1,27.6,51,NA
2021-04-19 18:00:00,1005,1015.2,27.9,46,NA
2021-04-19 19:00:00,1005,1015.1,27.9,46,NA
2021-04-19 20:00:00,1004.9,1015,27.4,41,NA
2021-04-19 21:00:00,1004.8,1015,25.8,45,NA
2021-04-19 22:00:00,1005,1015.2,23.6,57,NA
2021-04-19 23:00:00,1005.8,1016,21.3,63,NA
2021-04-20 00:00:00,NA,1016.4,20.7,64,NA
2021-04-21 00:00:00,1004.9,NA,NA,NA,NA
2021-04-21 09:00:00,1004.4,1014.6,16.1,86,NA
2021-04-21 10:00:00,1004.6,1014.8,15.9,87,NA
2021-04-21 11:00:00,1004,1014.3,15.8,89,NA
2021-04-21 12:00:00,1003.9,1014.2,17.7,82,NA
2021-04-21 13:00:00,1003.2,1013.4,19.6,74,NA
2021-04-21 14:00:00,1003.3,1013.5,21.3,71,NA
2021-04-21 15:00:00,1003.5,1013.7,22.2,66,NA
2021-04-21 16:00:00,1003,1013.2,23.3,60,NA
2021-04-21 17:00:00,1002.1,1012.3,23.4,62,NA
2021-04-21 18:00:00,1001,1011.3,24.2,60,NA
2021-04-21 19:00:00,1001.4,1011.7,24.2,61,NA
2021-04-21 20:00:00,1002.5,1012.8,20.2,91,NA
2021-04-21 21:00:00,1001.4,1011.7,18.9,95,NA
2021-04-21 22:00:00,1002,1012.3,19.4,89,NA
2021-04-21 23:00:00,1003.7,1014,18.7,91,NA
2021-04-22 00:00:00,NA,1014.4,18.7,95,NA
2021-04-23 00:00:00,1003.4,NA,NA,NA,NA
2021-04-23 12:00:00,NA,1013.9,17,93,NA
2021-04-23 13:00:00,NA,1014.3,17.8,90,NA
2021-04-23 14:00:00,NA,1013.7,18.6,84,NA
2021-04-23 15:00:00,NA,1014,18.6,85,NA
2021-04-23 16:00:00,NA,1015.5,17.2,93,NA
2021-04-23 17:00:00,NA,1013.6,16.4,94,NA
2021-04-23 18:00:00,NA,1012.8,16.2,97,NA
2021-04-23 19:00:00,NA,1012.2,15.3,96,NA
2021-04-23 20:00:00,NA,1011.3,15.8,96,NA
2021-04-23 21:00:00,NA,1013.4,15.7,96,NA
2021-04-23 22:00:00,NA,1013.9,15.6,96,NA
2021-04-23 23:00:00,NA,1014.2,14.7,97,NA
2021-04-24 00:00:00,NA,1014.7,14,97,NA
2021-04-25 12:00:00,NA,1023.4,10.4,86,NA
2021-04-25 13:00:00,NA,1023.6,14.4,79,NA
2021-04-25 14:00:00,NA,1023.3,16.6,70,NA
2021-04-25 15:00:00,NA,1023.2,17.4,65,NA
2021-04-25 16:00:00,NA,1022.3,18,58,NA
2021-04-25 17:00:00,NA,1021.6,18.6,55,NA
2021-04-25 18:00:00,NA,1021.1,19.4,52,NA
2021-04-26 00:00:00,NA,1021.3,11.4,86,NA
2021-04-27 12:00:00,NA,1019.5,11.2,84,NA
2021-04-27 13:00:00,NA,1019.8,15.2,74,NA
2021-04-27 14:00:00,NA,1019.7,19,62,NA
2021-04-27 15:00:00,NA,1019.2,20.9,55,NA
2021-04-27 16:00:00,NA,1018.3,22.8,51,NA
2021-04-27 17:00:00,NA,1017.5,23.8,48,NA
2021-04-27 18:00:00,NA,1017,24.1,44,NA
2021-04-28 00:00:00,1007.2,NA,15,80,NA
2021-04-28 12:00:00,1010.6,NA,11.7,89,NA
2021-04-28 13:00:00,1011,NA,15.6,81,NA
2021-04-28 14:00:00,1010.9,NA,18.5,73,NA
2021-04-28 15:00:00,1010.6,NA,21,64,NA
2021-04-28 16:00:00,1010.2,NA,22.9,60,NA
2021-04-28 17:00:00,1009.3,NA,24.6,49,NA
2021-04-28 18:00:00,1009,NA,25.5,45,NA
2021-04-29 12:00:00,NA,1021.9,12.8,88,NA
2021-04-29 13:00:00,NA,1022.1,16.4,77,NA
2021-04-29 14:00:00,NA,1021.9,19.3,66,NA
2021-04-29 15:00:00,NA,1021.4,21.1,58,NA
2021-04-29 16:00:00,NA,1020.6,22.6,56,NA
2021-04-29 17:00:00,NA,1019.9,24,51,NA
2021-04-29 18:00:00,NA,1019.3,24.5,47,NA
2021-04-30 00:00:00,1008.5,NA,16.3,63,NA
2021-04-30 12:00:00,1008.1,NA,11.3,88,NA
2021-04-30 13:00:00,1008.2,NA,14,80,NA
2021-04-30 14:00:00,1008.1,NA,17.4,66,NA
2021-04-30 15:00:00,1007.4,NA,19.6,60,NA
2021-04-30 16:00:00,1006.6,NA,21.6,52,NA
2021-04-30 17:00:00,1005.7,NA,22.1,48,NA
2021-04-30 18:00:00,1004.4,NA,23.1,42,NA
2021-05-01 12:00:00,NA,1015.4,11.1,84,NA
2021-05-01 13:00:00,NA,1015.7,14.3,73,NA
2021-05-01 14:00:00,NA,1015.1,18.3,63,NA
2021-05-01 15:00:00,NA,1014.8,21,53,NA
2021-05-01 16:00:00,NA,1013.8,23.8,40,NA
2021-05-01 17:00:00,NA,1012.9,24.7,41,NA
2021-05-01 18:00:00,NA,1012.5,24.9,40,NA
2021-05-02 00:00:00,1002.9,NA,15.6,78,NA
2021-05-02 12:00:00,1002.5,NA,15.8,87,NA
2021-05-02 13:00:00,1002.5,NA,17.2,82,NA
2021-05-02 14:00:00,1002.1,NA,20.3,73,NA
2021-05-02 15:00:00,1001.6,NA,22.7,66,NA
2021-05-02 16:00:00,1001,NA,24.4,58,NA
2021-05-02 17:00:00,1000.2,NA,25.4,56,NA
2021-05-02 18:00:00,999.3,NA,26.7,52,NA
2021-05-03 09:00:00,NA,1009.6,14.4,88,NA
2021-05-03 10:00:00,NA,1010,14.4,88,NA
2021-05-03 11:00:00,NA,1010.4,14.3,88,NA
2021-05-03 12:00:00,NA,1010,14.8,84,NA
2021-05-03 13:00:00,NA,1011.3,15.4,85,NA
2021-05-03 14:00:00,NA,1011.8,16.8,77,NA
2021-05-03 15:00:00,NA,1011.6,17.6,72,NA
2021-05-03 16:00:00,NA,1011.7,16.9,74,NA
2021-05-03 17:00:00,NA,1010.6,16.7,81,NA
2021-05-03 18:00:00,NA,1010.5,17.5,76,NA
2021-05-03 19:00:00,NA,1011.4,18,68,NA
2021-05-03 20:00:00,NA,1011.9,17.4,67,NA
2021-05-03 21:00:00,NA,1013.2,17.4,70,NA
2021-05-03 22:00:00,NA,1014.2,14.1,77,NA
2021-05-03 23:00:00,NA,1015.1,14.2,82,NA
2021-05-04 00:00:00,1005.7,NA,13.6,83,NA
2021-05-04 10:00:00,1013.5,NA,4.8,76,NA
2021-05-04 11:00:00,1014.1,NA,5.8,74,NA
2021-05-04 13:00:00,1016.2,NA,9.4,59,NA
2021-05-04 14:00:00,1016.9,NA,12.1,55,NA
2021-05-04 15:00:00,1016.8,NA,13,51,NA
2021-05-04 16:00:00,1016.6,NA,14.6,47,NA
2021-05-04 17:00:00,1015.9,NA,14.7,45,NA
2021-05-04 18:00:00,1015.8,NA,15,45,NA
2021-05-04 19:00:00,1016.4,NA,15,46,NA
2021-05-04 20:00:00,1016.9,NA,15.1,39,NA
2021-05-04 21:00:00,1017.4,NA,13.6,51,NA
2021-05-04 22:00:00,1017.6,NA,10.6,62,NA
2021-05-04 23:00:00,1018.4,NA,8,71,NA
2021-05-05 09:00:00,NA,1028.6,2,97,NA
2021-05-05 10:00:00,NA,1028.5,1.9,97,NA
2021-05-05 11:00:00,NA,1028.6,1.2,97,NA
2021-05-05 12:00:00,NA,1029.1,2.9,93,NA
2021-05-05 13:00:00,NA,1029.4,8.3,86,NA
2021-05-05 14:00:00,NA,1029.6,10.2,81,NA
2021-05-05 15:00:00,NA,1029.1,12.8,62,NA
2021-05-05 16:00:00,NA,1028.3,13.4,50,NA
2021-05-05 17:00:00,NA,1027.4,14.1,45,NA
2021-05-05 18:00:00,NA,1026.7,14.8,47,NA
2021-05-05 19:00:00,NA,1026.4,14.9,39,NA
2021-05-05 20:00:00,NA,1026.4,14.9,44,NA
2021-05-05 21:00:00,NA,1026.3,13.6,51,NA
2021-05-05 22:00:00,NA,1026.7,10.6,66,NA
2021-05-05 23:00:00,NA,1027.6,7.8,72,NA
2021-05-06 00:00:00,1016.7,NA,7.7,76,NA
2021-05-06 11:00:00,1017,NA,3.9,83,NA
2021-05-06 12:00:00,1016.9,NA,6.4,76,NA
2021-05-06 13:00:00,1017.6,NA,8.4,74,NA
2021-05-06 14:00:00,1017.4,NA,11.3,65,NA
2021-05-06 15:00:00,1017.3,NA,13.9,58,NA
2021-05-06 16:00:00,NA,NA,15.7,45,NA
2021-05-06 17:00:00,1016,NA,17,41,NA
2021-05-06 18:00:00,1014.6,NA,17.5,39,NA
2021-05-06 19:00:00,1014.2,NA,18.2,39,NA
2021-05-06 20:00:00,1014.4,NA,18.1,40,NA
2021-05-06 21:00:00,1014,NA,16.4,46,NA
2021-05-06 22:00:00,1014,NA,12.7,64,NA
2021-05-06 23:00:00,1014.2,NA,9.8,72,NA
2021-05-07 09:00:00,NA,1025.3,2.4,93,NA
2021-05-07 10:00:00,NA,1025.4,1.4,97,NA
2021-05-07 11:00:00,NA,1025.7,2,93,NA
2021-05-07 12:00:00,NA,1026.2,4,84,NA
2021-05-07 13:00:00,NA,1026.5,9.8,71,NA
2021-05-07 14:00:00,NA,1026.4,14.2,58,NA
2021-05-07 15:00:00,NA,1026.5,16.4,50,NA
2021-05-07 16:00:00,NA,1025.9,17.5,44,NA
2021-05-07 17:00:00,NA,1025.4,18,40,NA
2021-05-07 18:00:00,NA,1024.7,18.2,37,NA
2021-05-07 19:00:00,NA,1024.4,18.3,38,NA
2021-05-07 20:00:00,NA,1024.3,17.1,39,NA
2021-05-07 21:00:00,NA,1024.4,14.3,53,NA
2021-05-07 22:00:00,NA,1024.9,11.4,62,NA
2021-05-07 23:00:00,NA,1025.2,8.4,72,NA
2021-05-08 00:00:00,1014.4,NA,7.8,75,NA
2021-05-08 09:00:00,1014,NA,6.6,82,NA
2021-05-08 10:00:00,1014,NA,6,84,NA
2021-05-08 11:00:00,1014.5,NA,5.8,86,NA
2021-05-08 12:00:00,1015.1,NA,7.4,78,NA
2021-05-08 13:00:00,1015.3,NA,11.5,69,NA
2021-05-08 14:00:00,1015.6,NA,13.8,63,NA
2021-05-08 15:00:00,1015.2,NA,16,58,NA
2021-05-08 16:00:00,1014.5,NA,17.3,51,NA
2021-05-08 17:00:00,1013.6,NA,18.3,47,NA
2021-05-08 18:00:00,1012.6,NA,18.9,42,NA
2021-05-08 19:00:00,1012,NA,18.6,39,NA
2021-05-08 20:00:00,1011.3,NA,18,45,NA
2021-05-08 21:00:00,1011.4,NA,16.7,51,NA
2021-05-08 22:00:00,1011.4,NA,14.1,64,NA
2021-05-08 23:00:00,1012.1,NA,12.8,67,NA
2021-05-09 09:00:00,NA,1022.2,6.1,95,NA
2021-05-09 10:00:00,NA,1022.4,6.3,95,NA
2021-05-09 11:00:00,NA,1023.2,6.6,95,NA
2021-05-09 12:00:00,NA,1023.4,7.8,92,NA
2021-05-09 13:00:00,NA,1023.3,9.6,87,NA
2021-05-09 14:00:00,NA,1023.4,11.2,86,NA
2021-05-09 15:00:00,NA,1022.9,13.2,81,NA
2021-05-09 16:00:00,NA,1022.3,14,77,NA
2021-05-09 17:00:00,NA,1021.4,15.3,74,NA
2021-05-09 18:00:00,NA,1020.8,16.8,67,NA
2021-05-09 19:00:00,NA,1020.3,17.2,63,NA
2021-05-09 20:00:00,NA,1020.4,17.2,64,NA
2021-05-09 21:00:00,NA,1020.5,16.2,72,NA
2021-05-09 22:00:00,NA,1021.5,13.2,82,NA
2021-05-09 23:00:00,NA,1022,10.7,100,NA
2021-05-10 00:00:00,1011.5,NA,10.2,89,NA
2021-05-10 09:00:00,1013.3,NA,5,92,NA
2021-05-10 10:00:00,1013.8,NA,5.4,92,NA
2021-05-10 11:00:00,1015,NA,4.1,92,NA
2021-05-10 12:00:00,1015.8,NA,6.6,85,NA
2021-05-10 13:00:00,1016.4,NA,9.4,74,NA
2021-05-10 14:00:00,1016.5,NA,12.4,60,NA
2021-05-10 15:00:00,1016.1,NA,14.4,49,NA
2021-05-10 16:00:00,1015.6,NA,16.3,37,NA
2021-05-10 17:00:00,1015.1,NA,16.5,34,NA
2021-05-10 18:00:00,1014.6,NA,17.2,31,NA
2021-05-10 19:00:00,1014.1,NA,17,31,NA
2021-05-10 20:00:00,1014.2,NA,16.2,29,NA
2021-05-10 21:00:00,1014.5,NA,13.2,42,NA
2021-05-10 22:00:00,1015,NA,9.2,57,NA
2021-05-10 23:00:00,1015.6,NA,7.8,62,NA
2021-05-11 09:00:00,NA,1026,2.3,81,NA
2021-05-11 10:00:00,NA,1026,0.2,84,NA
2021-05-11 11:00:00,NA,1026.3,-0.5,84,NA
2021-05-11 12:00:00,NA,1026.9,2.9,80,NA
2021-05-11 13:00:00,NA,1027.1,8,63,NA
2021-05-11 14:00:00,NA,1026.9,12.3,50,NA
2021-05-11 15:00:00,NA,1026.4,14,42,NA
2021-05-11 16:00:00,NA,1025.5,15.7,34,NA
2021-05-11 17:00:00,NA,1024.9,16.1,34,NA
2021-05-11 18:00:00,NA,1023.7,16.3,34,NA
2021-05-11 19:00:00,NA,1023.4,17.1,33,NA
2021-05-11 20:00:00,NA,1022.8,16.6,34,NA
2021-05-11 21:00:00,NA,1023,13.5,50,NA
2021-05-11 22:00:00,NA,1022.9,10.8,57,NA
2021-05-11 23:00:00,NA,1023.1,8.4,63,NA
2021-05-12 00:00:00,1012.3,NA,7.8,64,NA
2021-05-12 12:00:00,1010.5,NA,4.8,71,NA
2021-05-12 18:00:00,1007.1,NA,22.2,43,NA
2021-05-13 12:00:00,NA,1020.1,6.3,84,NA
2021-05-13 18:00:00,NA,1019,21.8,41,NA
2021-05-14 00:00:00,1009.6,NA,10.8,74,NA
2021-05-14 12:00:00,1010.3,NA,6.2,85,NA
2021-05-14 18:00:00,1007.2,NA,20.7,37,NA
2021-05-15 12:00:00,NA,1020.1,5.1,86,NA
2021-05-15 18:00:00,NA,1018.2,20.4,38,NA
2021-05-16 00:00:00,1008.8,NA,10.2,75,NA
2021-05-16 12:00:00,1009.7,NA,7.5,87,NA
2021-05-16 18:00:00,1008.5,NA,21.1,47,NA
2021-05-17 12:00:00,NA,1023.8,7.1,94,NA
2021-05-17 18:00:00,NA,1021.9,18.1,42,NA
2021-05-18 00:00:00,1011.3,NA,9.4,74,NA
2021-05-18 12:00:00,1010.2,NA,7,83,NA
2021-05-18 18:00:00,1006.7,NA,18.8,54,NA
2021-05-19 09:00:00,NA,1016,10.9,81,NA
2021-05-19 10:00:00,NA,1016,10.6,82,NA
2021-05-19 11:00:00,NA,1016.2,9.5,88,NA
2021-05-19 12:00:00,NA,1016.5,9.6,87,NA
2021-05-19 13:00:00,NA,1016.8,11.8,76,NA
2021-05-19 14:00:00,NA,1016.6,13.4,71,NA
2021-05-19 15:00:00,NA,1016.8,13.8,68,NA
2021-05-19 16:00:00,NA,1016.2,13.7,69,NA
2021-05-19 17:00:00,NA,1015.7,13.2,73,NA
2021-05-19 18:00:00,NA,1014.9,12.5,87,NA
2021-05-19 19:00:00,NA,1014.5,13,86,NA
2021-05-19 20:00:00,NA,1014.4,13.5,83,NA
2021-05-19 21:00:00,NA,1014.3,13.1,86,NA
2021-05-19 22:00:00,NA,1014.7,12.8,85,NA
2021-05-19 23:00:00,NA,1014.8,12.7,86,NA
2021-05-20 00:00:00,1004.9,NA,12.7,87,NA
2021-05-20 09:00:00,1004.6,NA,8.3,94,NA
2021-05-20 10:00:00,1004.6,NA,7.9,96,NA
2021-05-20 11:00:00,1005.1,NA,8.3,96,NA
2021-05-20 12:00:00,1005.7,NA,9.1,96,NA
2021-05-20 13:00:00,1005.7,NA,10,94,NA
2021-05-20 14:00:00,1005.4,NA,11.7,89,NA
2021-05-20 16:00:00,1004,NA,14.7,75,NA
2021-05-20 17:00:00,1002.3,NA,14.9,74,NA
2021-05-20 18:00:00,1002.6,NA,14.5,75,NA
2021-05-20 19:00:00,1005.4,NA,13.4,86,NA
2021-05-20 20:00:00,1005.6,NA,12.2,91,NA
2021-05-20 21:00:00,1002.1,NA,12,93,NA
2021-05-20 22:00:00,1002.2,NA,11.5,91,NA
2021-05-20 23:00:00,1003.2,NA,11.6,91,NA
2021-05-21 09:00:00,NA,1012.5,10.3,97,NA
2021-05-21 10:00:00,NA,1012.9,10.3,97,NA
2021-05-21 11:00:00,NA,1013.9,10.4,97,NA
2021-05-21 12:00:00,NA,1012.2,10.2,97,NA
2021-05-21 13:00:00,NA,1010.9,10.9,97,NA
2021-05-21 14:00:00,NA,1013.5,11.7,91,NA
2021-05-21 15:00:00,NA,1013.7,11.7,92,NA
2021-05-21 16:00:00,NA,1013.1,12,96,NA
2021-05-21 17:00:00,NA,1012.7,12.4,88,NA
2021-05-21 18:00:00,NA,1012,11.9,93,NA
2021-05-21 19:00:00,NA,1011.5,11.5,92,NA
2021-05-21 20:00:00,NA,1011.6,11.5,92,NA
2021-05-21 21:00:00,NA,1011.6,11.4,94,NA
2021-05-21 22:00:00,NA,1011.3,11.3,95,NA
2021-05-21 23:00:00,NA,1011,11.1,96,NA
2021-05-22 00:00:00,1000.6,NA,11,96,NA
2021-05-22 09:00:00,996.6,NA,11.3,93,NA
2021-05-22 10:00:00,996.6,NA,11.3,93,NA
2021-05-22 11:00:00,996.9,NA,11.1,94,NA
2021-05-22 12:00:00,997.1,NA,11,94,NA
2021-05-22 13:00:00,997.4,NA,11.1,94,NA
2021-05-22 14:00:00,997.8,NA,11.3,94,NA
2021-05-22 15:00:00,997.7,NA,11.5,93,NA
2021-05-22 16:00:00,997.7,NA,11.1,93,NA
2021-05-22 17:00:00,997.6,NA,11.2,93,NA
2021-05-22 18:00:00,997.8,NA,11.4,91,NA
2021-05-22 19:00:00,998.3,NA,11.9,90,NA
2021-05-22 20:00:00,998.7,NA,11.7,93,NA
2021-05-22 21:00:00,999.2,NA,11.8,91,NA
2021-05-22 22:00:00,999.9,NA,11.6,92,NA
2021-05-22 23:00:00,1000.7,NA,11.5,92,NA
2021-05-23 09:00:00,NA,1014.2,9.9,91,NA
2021-05-23 10:00:00,NA,1015,10.1,91,NA
2021-05-23 11:00:00,NA,1015.6,9.8,92,NA
2021-05-23 12:00:00,NA,1016.1,10.4,94,NA
2021-05-23 13:00:00,NA,1016.5,10.7,89,NA
2021-05-23 14:00:00,NA,1016.9,11.2,85,NA
2021-05-23 15:00:00,NA,1016.7,11.7,81,NA
2021-05-23 16:00:00,NA,1016.3,12,79,NA
2021-05-23 17:00:00,NA,1016.1,11.9,80,NA
2021-05-23 18:00:00,NA,1015.8,12.6,75,NA
2021-05-23 19:00:00,NA,1015.5,13.2,73,NA
2021-05-23 20:00:00,NA,1016,13.6,70,NA
2021-05-23 21:00:00,NA,1016.3,12.2,77,NA
2021-05-23 22:00:00,NA,1016.5,11.4,76,NA
2021-05-23 23:00:00,NA,1016.7,9.9,82,NA
2021-05-24 00:00:00,NA,1016.7,8.3,88,NA
2021-05-25 09:00:00,NA,1014.2,9.9,68,NA
2021-05-25 10:00:00,NA,1015.2,9.2,73,NA
2021-05-25 11:00:00,NA,1016.1,9.6,73,NA
2021-05-25 12:00:00,NA,1017,10.1,71,NA
2021-05-25 13:00:00,NA,1018.4,12.4,65,NA
2021-05-25 14:00:00,NA,1019.4,13.6,60,NA
2021-05-25 15:00:00,NA,1019.7,15.6,43,NA
2021-05-25 16:00:00,NA,1019.5,16.1,39,NA
2021-05-25 17:00:00,NA,1019.1,16.7,31,NA
2021-05-25 18:00:00,NA,1019,16.4,28,NA
2021-05-25 19:00:00,NA,1018.4,15.9,28,NA
2021-05-25 20:00:00,NA,1018.6,15.2,34,NA
2021-05-25 21:00:00,NA,1018.9,13.5,46,NA
2021-05-25 22:00:00,NA,1018.9,9.6,65,NA
2021-05-25 23:00:00,NA,1019.5,7.4,73,NA
2021-05-26 00:00:00,NA,1019.3,6.1,84,NA
2021-05-27 09:00:00,NA,1011.2,11.5,69,NA
2021-05-27 10:00:00,NA,1011.1,10.8,72,NA
2021-05-27 11:00:00,NA,1011.1,9.5,75,NA
2021-05-27 12:00:00,NA,1010.8,11.7,71,NA
2021-05-27 13:00:00,NA,1010.5,13.8,66,NA
2021-05-27 14:00:00,NA,1009.9,16.4,66,NA
2021-05-27 15:00:00,NA,1008.7,19.4,55,NA
2021-05-27 16:00:00,NA,1007.1,21.4,52,NA
2021-05-27 17:00:00,995.4,1005.6,21.8,49,NA
2021-05-27 18:00:00,993.8,1004,21.8,51,NA
2021-05-27 19:00:00,993.2,1003.4,22.5,48,NA
2021-05-27 20:00:00,992.4,1002.6,21.3,52,NA
2021-05-27 21:00:00,992.4,1002.6,19.9,55,NA
2021-05-27 22:00:00,992.8,1003.1,18.1,65,NA
2021-05-27 23:00:00,992.2,1002.5,17.8,68,NA
2021-05-28 00:00:00,NA,1001.7,17,66,NA
2021-05-29 00:00:00,997.3,NA,NA,NA,NA
2021-05-29 09:00:00,1004.6,1015.2,7.1,80,NA
2021-05-29 10:00:00,1005.8,1016.4,5.7,84,NA
2021-05-29 11:00:00,1006.6,1017.3,4.9,86,NA
2021-05-29 12:00:00,1007.4,1018.1,5.4,86,NA
2021-05-29 13:00:00,1008.2,1018.9,7,79,NA
2021-05-29 14:00:00,1009,1019.6,8.8,74,NA
2021-05-29 15:00:00,1009,1019.6,9.9,53,NA
2021-05-29 16:00:00,1008.4,1019,11.3,45,NA
2021-05-29 17:00:00,1007.8,1018.5,11.8,43,NA
2021-05-29 18:00:00,1007.2,1017.8,12.7,39,NA
2021-05-29 19:00:00,1006.9,1017.5,11.9,43,NA
2021-05-29 20:00:00,1006.9,1017.5,11.8,44,NA
2021-05-29 21:00:00,1007,1017.8,10.2,51,NA
2021-05-29 22:00:00,1007.4,1018.1,8.8,57,NA
2021-05-29 23:00:00,1007.7,1018.4,8.3,60,NA
2021-05-30 00:00:00,NA,1018.6,7.6,64,NA
2021-05-31 00:00:00,1006.4,NA,NA,NA,NA
2021-05-31 09:00:00,1004.1,1014.6,9.2,72,NA
2021-05-31 10:00:00,NA,1014.9,7.8,72,NA
2021-05-31 11:00:00,1004.6,1015.3,7.7,74,NA
2021-05-31 12:00:00,1004.9,1015.5,8,73,NA
2021-05-31 13:00:00,1005.2,1015.8,11.5,62,NA
2021-05-31 14:00:00,NA,1016.3,14.6,56,NA
2021-05-31 15:00:00,1005.4,1015.9,16.8,49,NA
2021-05-31 16:00:00,1004.7,1015.1,18,46,NA
2021-05-31 17:00:00,1004.2,1014.6,18,48,NA
2021-05-31 18:00:00,1003.4,1013.9,18.2,49,NA
2021-05-31 19:00:00,1003,1013.5,18.1,48,NA
2021-05-31 20:00:00,1002.6,1013.1,18.6,50,NA
2021-05-31 21:00:00,1002,1012.4,16.4,61,NA
2021-05-31 22:00:00,1002.5,1013,15.1,66,NA
2021-05-31 23:00:00,1001.6,1012.1,13.8,71,NA
2021-06-01 00:00:00,NA,1012,13.7,72,NA
2021-06-02 00:00:00,998.8,NA,NA,NA,NA
2021-06-02 09:00:00,NA,1014.3,9.5,97,NA
2021-06-02 10:00:00,1004.4,1015,6.4,97,NA
2021-06-02 11:00:00,1005.3,1015.9,5.8,97,NA
2021-06-02 12:00:00,1006.4,1017,6.8,95,NA
2021-06-02 13:00:00,1007.6,1018.2,9.3,89,NA
2021-06-02 14:00:00,1008.1,1018.7,11.6,81,NA
2021-06-02 15:00:00,1007.7,1018.2,13,66,NA
2021-06-02 16:00:00,1006.9,1017.4,14.4,54,NA
2021-06-02 17:00:00,1006.6,1017.1,15.1,46,NA
2021-06-02 18:00:00,NA,1016.7,15.6,42,NA
2021-06-02 19:00:00,1006.1,1016.6,15.6,39,NA
2021-06-02 20:00:00,1006,1016.5,15.8,43,NA
2021-06-02 21:00:00,1005.8,1016.3,13.5,59,NA
2021-06-02 22:00:00,1006.1,1016.8,10.5,64,NA
2021-06-02 23:00:00,1006.2,1016.9,9.2,73,NA
2021-06-03 00:00:00,NA,1016.5,8.4,78,NA
2021-06-04 00:00:00,998.4,NA,NA,NA,NA
2021-06-04 09:00:00,998.4,1008.8,9.5,85,NA
2021-06-04 10:00:00,999.1,1009.6,8.2,86,NA
2021-06-04 11:00:00,999.1,1009.6,7,87,NA
2021-06-04 12:00:00,999.7,1010.2,7.5,90,NA
2021-06-04 13:00:00,1000,1010.5,9.8,87,NA
2021-06-04 14:00:00,1000.5,1010.9,13.3,80,NA
2021-06-04 15:00:00,999.7,1010.1,15.2,72,NA
2021-06-04 16:00:00,999,1009.4,16.8,65,NA
2021-06-04 17:00:00,998.5,1008.9,17,66,NA
2021-06-04 18:00:00,998.1,1008.5,16.8,64,NA
2021-06-04 19:00:00,998,1008.4,16.6,68,NA
2021-06-04 20:00:00,997.6,1008,16.3,69,NA
2021-06-04 21:00:00,998.2,1008.7,15.8,73,NA
2021-06-04 22:00:00,999,1009.5,15.2,77,NA
2021-06-04 23:00:00,1000.3,1010.8,15,78,NA
2021-06-05 00:00:00,NA,1011.7,15,73,NA
2021-06-06 00:00:00,1010.9,NA,NA,NA,NA
2021-06-06 09:00:00,NA,1022.6,0,96,NA
2021-06-06 10:00:00,1011.8,1022.6,0,96,NA
2021-06-06 11:00:00,1011.7,1022.6,0.7,90,NA
2021-06-06 12:00:00,1011.5,1022.4,0.9,92,NA
2021-06-06 13:00:00,1011.6,1022.5,3.5,83,NA
2021-06-06 14:00:00,1011.1,1021.9,7.4,81,NA
2021-06-06 15:00:00,1011.4,1022.2,10.3,61,NA
2021-06-06 16:00:00,1011.3,1022.1,11.2,56,NA
2021-06-06 17:00:00,1010.8,1021.5,12,52,NA
2021-06-06 18:00:00,NA,1020.9,12.2,50,NA
2021-06-06 19:00:00,1010.4,1021.1,12,53,NA
2021-06-06 20:00:00,1010.6,1021.4,11.4,62,NA
2021-06-06 21:00:00,1010.1,1020.9,10.5,67,NA
2021-06-06 22:00:00,1009.9,1020.7,9.8,71,NA
2021-06-06 23:00:00,1010,1020.8,9.4,75,NA
2021-06-07 00:00:00,NA,1020.8,9.5,74,NA
2021-06-08 00:00:00,1010.6,NA,NA,NA,NA
2021-06-08 09:00:00,1009.2,1019.9,3.8,95,NA
2021-06-08 10:00:00,1009,1019.7,3.8,95,NA
2021-06-08 11:00:00,NA,1020,3.8,95,NA
2021-06-08 12:00:00,NA,1019.9,5.4,95,NA
2021-06-08 13:00:00,NA,1019.9,7.7,94,NA
2021-06-08 14:00:00,NA,1019.9,9.9,95,NA
2021-06-08 15:00:00,NA,1019.7,11.2,96,NA
2021-06-08 16:00:00,NA,1018.5,13.3,88,NA
2021-06-08 17:00:00,NA,1017.8,14.8,79,NA
2021-06-08 18:00:00,NA,1017.2,15.7,72,NA
2021-06-08 19:00:00,NA,1016.9,16,72,NA
2021-06-08 20:00:00,NA,1017,15,74,NA
2021-06-08 21:00:00,NA,1016.9,13.5,82,NA
2021-06-08 22:00:00,NA,1017.3,11.2,85,NA
2021-06-08 23:00:00,NA,1017.5,8.7,95,NA
2021-06-09 00:00:00,NA,1017.6,9.9,94,NA
2021-06-10 00:00:00,1005.4,NA,NA,NA,NA
2021-06-10 09:00:00,NA,1019.3,10,97,NA
2021-06-10 10:00:00,NA,1019.9,10.4,96,NA
2021-06-10 11:00:00,1009.9,1020.4,11.4,95,NA
2021-06-10 12:00:00,NA,1021.6,10.2,89,NA
2021-06-10 13:00:00,1012,1022.6,11.4,74,NA
2021-06-10 14:00:00,1012.9,1023.5,13.2,57,NA
2021-06-10 15:00:00,1012.9,1023.4,14.5,44,NA
2021-06-10 16:00:00,1012.8,1023.3,15,42,NA
2021-06-10 17:00:00,1012.8,1023.3,15.2,38,NA
2021-06-10 18:00:00,1012.7,1023.2,15.8,34,NA
2021-06-10 19:00:00,1012.5,1023,15.6,36,NA
2021-06-10 20:00:00,1012.6,1023.2,14.3,38,NA
2021-06-10 21:00:00,1012.9,1023.5,11.8,48,NA
2021-06-10 22:00:00,1013.1,1023.7,10.7,51,NA
2021-06-10 23:00:00,1013.5,1024.2,9.6,55,NA
2021-06-11 00:00:00,NA,1024.2,7.6,60,NA
2021-06-12 00:00:00,1006,NA,NA,NA,NA
2021-06-12 09:00:00,1003.8,1014.3,9.8,83,NA
2021-06-12 10:00:00,1004.2,1014.7,8.8,85,NA
2021-06-12 11:00:00,1004.8,1015.3,8.5,86,NA
2021-06-12 12:00:00,1004.8,1015.3,9.2,84,NA
2021-06-12 13:00:00,1004.9,1015.4,12.6,76,NA
2021-06-12 14:00:00,1005.2,1015.6,15.7,70,NA
2021-06-12 15:00:00,NA,1015.5,18.8,62,NA
2021-06-12 16:00:00,1004.4,1014.7,20.5,55,NA
2021-06-12 17:00:00,1003.4,1013.7,21.5,53,NA
2021-06-12 18:00:00,1002.6,1012.9,22.5,47,NA
2021-06-12 19:00:00,1002.2,1012.5,22.3,48,NA
2021-06-12 20:00:00,1001.9,1012.2,21.7,49,NA
2021-06-12 21:00:00,1001.7,1012.1,18.6,61,NA
2021-06-12 22:00:00,1002,1012.5,15.7,67,NA
2021-06-12 23:00:00,1002.2,1012.7,13.4,77,NA
2021-06-13 00:00:00,NA,1013.2,12.5,84,NA
2021-06-14 00:00:00,1004.1,NA,NA,NA,NA
2021-06-14 09:00:00,1009.1,1019.6,8.8,87,NA
2021-06-14 10:00:00,1009.7,1020.3,7.7,92,NA
2021-06-14 11:00:00,1010.8,1021.4,7.4,94,NA
2021-06-14 12:00:00,1011.2,1021.9,7.3,92,NA
2021-06-14 13:00:00,1012.6,1023.3,8.7,88,NA
2021-06-14 14:00:00,1013.5,1024.1,10.9,72,NA
2021-06-14 15:00:00,1013.9,1024.5,11.8,58,NA
2021-06-14 16:00:00,1014.1,1024.7,12.7,54,NA
2021-06-14 17:00:00,1014,1024.6,13.8,44,NA
2021-06-14 18:00:00,1014.1,1024.7,13.3,47,NA
2021-06-14 19:00:00,1014.3,1024.9,13,46,NA
2021-06-14 20:00:00,1015.3,1026,11.7,49,NA
2021-06-14 21:00:00,1015.8,1026.5,10.3,50,NA
2021-06-14 22:00:00,1016.6,1027.4,8.6,63,NA
2021-06-14 23:00:00,1017.4,1028.2,5.7,76,NA
2021-06-15 00:00:00,NA,1028.9,6.4,72,NA
2021-06-16 09:00:00,NA,1032.2,0.4,89,NA
2021-06-16 10:00:00,NA,1032.2,-0.5,88,NA
2021-06-16 11:00:00,NA,1032.7,0.3,89,NA
2021-06-16 12:00:00,NA,1033.3,1.2,89,NA
2021-06-16 13:00:00,NA,1033.8,2.6,88,NA
2021-06-16 14:00:00,NA,1034,5.8,77,NA
2021-06-16 15:00:00,1023,1034,7.3,71,NA
2021-06-16 16:00:00,1022.2,1033.2,9.1,54,NA
2021-06-16 17:00:00,1021.7,1032.6,9,53,NA
2021-06-16 18:00:00,1021.2,1032.2,8.9,55,NA
2021-06-16 19:00:00,1021.3,1032.2,9,55,NA
2021-06-16 20:00:00,1021.3,1032.3,8.5,58,NA
2021-06-16 21:00:00,1021.5,1032.5,7.7,67,NA
2021-06-16 22:00:00,1021.6,1032.6,6.7,73,NA
2021-06-16 23:00:00,1021.6,1032.6,5,80,NA
2021-06-17 00:00:00,NA,1032.8,5.1,81,NA
2021-06-18 00:00:00,1020,NA,NA,NA,NA
2021-06-18 09:00:00,NA,1030.2,-1.5,87,NA
2021-06-18 10:00:00,NA,1030.5,-1.6,89,NA
2021-06-18 11:00:00,1019.6,1030.7,-1.9,94,NA
2021-06-18 12:00:00,1019.6,1030.7,-2.1,89,NA
2021-06-18 13:00:00,1019.9,1030.9,3.4,80,NA
2021-06-18 14:00:00,1020,1031,6.6,68,NA
2021-06-18 15:00:00,1019.6,1030.5,9,55,NA
2021-06-18 16:00:00,1019,1029.9,9.6,48,NA
2021-06-18 17:00:00,1018,1028.9,10.1,45,NA
2021-06-18 18:00:00,1017.5,1028.4,9.8,46,NA
2021-06-18 19:00:00,1017.3,1028.3,9.6,48,NA
2021-06-18 20:00:00,1017.2,1028.2,9.1,51,NA
2021-06-18 21:00:00,1017.2,1028.2,8.2,60,NA
2021-06-18 22:00:00,NA,1028.7,7.1,69,NA
2021-06-18 23:00:00,1017.9,1028.9,6.3,71,NA
2021-06-19 00:00:00,NA,1029.2,5.9,77,NA
2021-06-20 00:00:00,1014.8,NA,NA,NA,NA
2021-06-20 09:00:00,1012.7,1023.5,0.3,87,NA
2021-06-20 10:00:00,1012.9,1023.8,-0.2,86,NA
2021-06-20 11:00:00,1013.1,1024,-0.2,90,NA
2021-06-20 12:00:00,1013.2,1024.2,-0.1,94,NA
2021-06-20 13:00:00,1013.5,1024.4,3.7,87,NA
2021-06-20 14:00:00,1013.5,1024.3,7.8,71,NA
2021-06-20 15:00:00,1013.1,1023.9,10.3,70,NA
2021-06-20 16:00:00,1012.1,1022.8,12.5,52,NA
2021-06-20 17:00:00,1011.3,1022,13,51,NA
2021-06-20 18:00:00,1010.6,1021.3,13.7,48,NA
2021-06-20 19:00:00,1010,1020.7,13.9,46,NA
2021-06-20 20:00:00,1010,1020.7,13.4,47,NA
2021-06-20 21:00:00,1010.6,1021.4,10.4,61,NA
2021-06-20 22:00:00,1010.8,1021.7,8.1,70,NA
2021-06-20 23:00:00,1011.4,1022.3,5.2,77,NA
2021-06-21 00:00:00,NA,1022.6,5.3,83,NA
2021-06-22 00:00:00,1010.9,NA,NA,NA,NA
2021-06-22 09:00:00,NA,1022.3,6.8,95,NA
2021-06-22 10:00:00,1011.8,1022.5,6.2,97,NA
2021-06-22 11:00:00,1011.6,1022.3,6.1,99,NA
2021-06-22 12:00:00,1011.9,1022.7,5.8,97,NA
2021-06-22 13:00:00,1012.3,1023.1,6.3,95,NA
2021-06-22 14:00:00,1012.4,1023.2,6.6,95,NA
2021-06-22 15:00:00,NA,1023,7.2,97,NA
2021-06-22 16:00:00,NA,1022.3,8.2,97,NA
2021-06-22 17:00:00,NA,1021.6,8.8,96,NA
2021-06-22 18:00:00,NA,1020.4,9,97,NA
2021-06-22 19:00:00,NA,1020.1,8.9,96,NA
2021-06-22 20:00:00,NA,1019.4,10,90,NA
2021-06-22 21:00:00,NA,1019.2,10,91,NA
2021-06-22 22:00:00,NA,1018.8,7.2,94,NA
2021-06-22 23:00:00,NA,1018.7,5.3,99,NA
2021-06-23 00:00:00,NA,1018.5,4.9,97,NA
2021-06-24 00:00:00,1002.5,NA,NA,NA,NA
2021-06-24 09:00:00,1003.4,1013.9,9.6,91,NA
2021-06-24 10:00:00,1003.3,1013.8,9.2,95,NA
2021-06-24 11:00:00,1003.9,1014.5,9,97,NA
2021-06-24 12:00:00,1004.4,1015,8.3,97,NA
2021-06-24 13:00:00,1004.5,1015.1,8.2,99,NA
2021-06-24 14:00:00,1004.5,1015.1,8.7,96,NA
2021-06-24 15:00:00,1004.1,1014.7,10.2,94,NA
2021-06-24 16:00:00,1002.8,1013.3,14.2,66,NA
2021-06-24 17:00:00,1002.2,1012.8,16.1,48,NA
2021-06-24 18:00:00,1002,1012.5,16.4,42,NA
2021-06-24 19:00:00,1001.6,1012,17.3,37,NA
2021-06-24 20:00:00,1001.7,1012.1,16,44,NA
2021-06-24 21:00:00,1002,1012.5,14.4,54,NA
2021-06-24 22:00:00,1002,1012.5,12.6,61,NA
2021-06-24 23:00:00,1002.2,1012.7,12.1,62,NA
2021-06-25 00:00:00,NA,1013,9.8,68,NA
2021-06-26 00:00:00,1003.8,NA,NA,NA,NA
2021-06-26 09:00:00,1006.5,1017.1,7,92,NA
2021-06-26 10:00:00,NA,1017.3,7,93,NA
2021-06-26 11:00:00,NA,1018.5,6.9,94,NA
2021-06-26 12:00:00,NA,1018.5,6.2,94,NA
2021-06-26 13:00:00,NA,1019.2,7.4,92,NA
2021-06-26 14:00:00,NA,1020.6,8,86,NA
2021-06-26 15:00:00,NA,1021,8.9,82,NA
2021-06-26 16:00:00,NA,1021,10.4,66,NA
2021-06-26 17:00:00,NA,1020.3,11.4,60,NA
2021-06-26 18:00:00,NA,1019.9,12.1,54,NA
2021-06-26 19:00:00,NA,1020.1,12.1,48,NA
2021-06-26 20:00:00,NA,1020.9,10.6,56,NA
2021-06-26 21:00:00,NA,1021.4,8.7,63,NA
2021-06-26 22:00:00,NA,1022.1,6.5,72,NA
2021-06-26 23:00:00,NA,1022.7,5.5,77,NA
2021-06-27 00:00:00,NA,1023,5.8,76,NA
2021-06-28 09:00:00,NA,1026.5,3.3,88,NA
2021-06-28 10:00:00,NA,1026.6,3.4,86,NA
2021-06-28 11:00:00,NA,1027.1,3.3,86,NA
2021-06-28 12:00:00,NA,1027.6,4.2,81,NA
2021-06-28 13:00:00,NA,1027.9,5.6,79,NA
2021-06-28 14:00:00,NA,1028,6.8,73,NA
2021-06-28 15:00:00,NA,1027.9,7.5,66,NA
2021-06-28 16:00:00,NA,1027.4,7.5,66,NA
2021-06-28 17:00:00,NA,1027.4,7.7,62,NA
2021-06-28 18:00:00,NA,1027,8,59,NA
2021-06-28 19:00:00,NA,1026.9,8.1,59,NA
2021-06-28 20:00:00,NA,1027.1,8,58,NA
2021-06-28 21:00:00,NA,1027.4,7.4,65,NA
2021-06-28 22:00:00,NA,1027.8,6.6,67,NA
2021-06-28 23:00:00,NA,1028.1,6.3,69,NA
2021-06-29 00:00:00,NA,1028.3,6.2,71,NA
2021-06-30 00:00:00,1016.9,NA,NA,NA,NA
2021-06-30 09:00:00,1014,1024.9,1.5,91,NA
2021-06-30 10:00:00,1014.2,1025.2,0.9,92,NA
2021-06-30 11:00:00,1014.4,1025.3,1.3,94,NA
2021-06-30 12:00:00,1014,1025,1.5,91,NA
2021-06-30 13:00:00,1013.8,1024.8,4.4,81,NA
2021-06-30 14:00:00,1014.1,1025,5.9,77,NA
2021-06-30 15:00:00,1013.8,1024.7,7.9,68,NA
2021-06-30 16:00:00,1012.8,1023.6,9.3,66,NA
2021-06-30 17:00:00,1011.4,1022.2,10.7,52,NA
2021-06-30 18:00:00,1010.4,1021.2,11.7,50,NA
2021-06-30 19:00:00,1010.4,1021.2,11.8,49,NA
2021-06-30 20:00:00,1009.8,1020.6,10.8,51,NA
2021-06-30 21:00:00,1009.7,1020.5,9.9,58,NA
2021-06-30 22:00:00,1009.8,1020.6,8.6,60,NA
2021-06-30 23:00:00,1010.2,1021,8.4,62,NA
2021-07-01 00:00:00,NA,1020.7,8.2,63,NA
