2021-01-26 12:00:00,995.3,NA,23.1,73,NA
2021-01-26 18:00:00,993,NA,31.5,44,NA
2021-01-27 12:00:00,NA,1009.4,21,70,NA
2021-01-27 18:00:00,NA,1005.7,30.8,37,NA
2021-01-28 00:00:00,NA,1003.8,27.7,52,NA
2021-01-29 12:00:00,NA,1006,22.1,63,NA
2021-01-29 18:00:00,993,NA,30.4,33,NA
2021-02-02 00:00:00,1003.8,NA,NA,NA,NA
2021-02-02 12:00:00,1005.3,1016.5,18.2,90,NA
2021-02-02 18:00:00,1004.9,1016.1,23.8,63,NA
2021-02-03 00:00:00,NA,1016.1,20.5,74,NA
2021-02-04 00:00:00,1005.3,NA,NA,NA,NA
2021-02-04 12:00:00,1008.8,1020,21.6,68,NA
2021-02-04 18:00:00,1007.2,1018.3,31.5,34,NA
2021-02-05 00:00:00,NA,1017.6,25.3,62,NA
2021-02-05 12:00:00,NA,1016.6,22.5,65,NA
2021-02-05 18:00:00,NA,1014.1,31.8,38,NA
2021-02-06 00:00:00,1001.4,1012.3,27.3,53,NA
2021-02-06 12:00:00,1003.3,NA,NA,NA,NA
2021-02-06 18:00:00,1001.8,NA,NA,NA,NA
2021-02-07 00:00:00,999.8,NA,NA,NA,NA
2021-02-08 12:00:00,NA,1021,15.5,78,NA
2021-02-08 18:00:00,NA,1019.8,23.1,54,NA
2021-02-09 00:00:00,NA,1020.3,20.6,68,NA
2021-02-10 12:00:00,NA,1022,19.9,75,NA
2021-02-10 18:00:00,NA,1019.5,24.6,56,NA
2021-02-11 00:00:00,1005.6,NA,21.9,72,NA
2021-02-11 12:00:00,1005.4,NA,20.7,82,NA
2021-02-11 18:00:00,1002.8,NA,27.9,48,NA
2021-02-12 12:00:00,NA,1014.1,20.8,87,NA
2021-02-12 18:00:00,NA,1011.8,28.5,51,NA
2021-02-13 00:00:00,999.4,NA,21.4,91,NA
2021-02-13 12:00:00,999.4,NA,20.8,90,NA
2021-02-13 18:00:00,996.2,NA,20.9,86,NA
2021-02-14 00:00:00,995,NA,23.1,88,NA
2021-02-15 12:00:00,1002.8,NA,19.5,87,NA
2021-02-15 18:00:00,1003.8,NA,22.8,66,NA
2021-02-16 12:00:00,NA,1014.6,16.7,79,NA
2021-02-16 18:00:00,NA,1012.5,26.5,36,NA
2021-02-17 00:00:00,999.6,NA,22.5,60,NA
2021-02-17 12:00:00,1000.6,NA,20.6,61,NA
2021-02-17 18:00:00,998.2,NA,32,34,NA
2021-02-18 12:00:00,NA,1010.2,22.1,70,NA
2021-02-18 18:00:00,NA,1007,32.5,35,NA
2021-02-19 00:00:00,995,NA,27.3,62,NA
2021-02-19 12:00:00,1004.6,NA,16.6,47,NA
2021-02-19 18:00:00,1005.4,NA,23.1,21,NA
2021-02-20 12:00:00,NA,1018.1,16.8,45,NA
2021-02-20 18:00:00,NA,1014.4,27.2,24,NA
2021-02-21 00:00:00,1001.4,NA,24.7,45,NA
2021-02-22 12:00:00,NA,1010.1,21.2,78,NA
2021-02-22 18:00:00,NA,1009.7,28.5,35,NA
2021-02-23 00:00:00,1000.6,NA,23.2,63,NA
2021-02-23 12:00:00,1003.8,NA,19.1,59,NA
2021-02-23 18:00:00,1003.4,NA,31.3,19,NA
2021-02-24 12:00:00,NA,1016.4,19.2,72,NA
2021-02-24 18:00:00,NA,1013.8,32.7,28,NA
2021-02-25 00:00:00,1001.7,NA,25.4,66,NA
2021-02-25 12:00:00,1003.6,NA,21.8,59,NA
2021-02-25 18:00:00,1001.2,NA,33.2,31,NA
2021-02-26 12:00:00,NA,1012.5,22.4,62,NA
2021-02-26 18:00:00,NA,1010.1,33.2,30,NA
2021-02-27 00:00:00,1005.7,NA,24.4,58,NA
2021-02-27 12:00:00,1006.2,NA,21.7,70,NA
2021-02-27 18:00:00,1003.8,NA,33.3,33,NA
2021-03-02 12:00:00,NA,1014.4,22.7,88,NA
2021-03-02 18:00:00,1001.8,1012.8,32.3,47,NA
2021-03-03 00:00:00,NA,1013.5,27,69,NA
2021-03-04 00:00:00,1002.6,NA,NA,NA,NA
2021-03-04 12:00:00,1003.2,1014.2,23.7,82,NA
2021-03-04 18:00:00,1003.2,1014.2,25.4,74,NA
2021-03-05 00:00:00,NA,1013.8,25.4,65,NA
2021-03-06 00:00:00,1001.7,NA,NA,NA,NA
2021-03-06 12:00:00,1002.5,1013.7,17.4,74,NA
2021-03-06 18:00:00,1000.1,1011.1,30.3,37,NA
2021-03-07 00:00:00,999.4,NA,NA,NA,NA
2021-03-08 12:00:00,1005.8,1016.9,20.3,70,NA
2021-03-08 18:00:00,1006.6,1017.6,27.4,40,NA
2021-03-09 00:00:00,NA,1017.8,21.3,67,NA
2021-03-10 00:00:00,1001.4,NA,NA,NA,NA
2021-03-10 12:00:00,1000.2,1011.4,19.5,66,NA
2021-03-10 18:00:00,995.8,1006.7,32.3,36,NA
2021-03-11 00:00:00,NA,1006.5,25.3,62,NA
2021-03-12 00:00:00,1002.6,NA,NA,NA,NA
2021-03-12 12:00:00,1005.2,1016.4,17.7,64,NA
2021-03-12 18:00:00,1003.8,1014.8,30,29,NA
2021-03-13 00:00:00,NA,1013.9,23.5,66,NA
2021-03-15 12:00:00,1002.9,NA,19.1,82,NA
2021-03-15 18:00:00,1001,NA,24.2,70,NA
2021-03-16 12:00:00,NA,1009.4,16.7,98,NA
2021-03-16 18:00:00,NA,1008.4,18.4,97,NA
2021-03-17 00:00:00,1000.1,NA,18.5,90,NA
2021-03-17 12:00:00,1009,NA,14.8,71,NA
2021-03-18 12:00:00,NA,1023.2,9.8,83,NA
2021-03-18 18:00:00,NA,1020.7,12.7,82,NA
2021-03-19 00:00:00,1007.6,NA,12,88,NA
2021-03-19 12:00:00,1005.8,NA,12.7,80,NA
2021-03-19 18:00:00,1002,NA,20.1,53,NA
2021-03-20 12:00:00,NA,1015.5,15.6,96,NA
2021-03-20 18:00:00,NA,1015.1,23.8,49,NA
2021-03-21 00:00:00,1006.2,NA,18.2,66,NA
2021-03-22 12:00:00,NA,1022.8,15.2,93,NA
2021-03-22 18:00:00,NA,1020.6,22.4,63,NA
2021-03-23 00:00:00,1007.8,NA,17.7,84,NA
2021-03-23 12:00:00,1005.7,NA,16.9,87,NA
2021-03-23 18:00:00,1002.5,NA,27.8,43,NA
2021-03-24 12:00:00,NA,1015.1,17.5,81,NA
2021-03-24 18:00:00,NA,1012.1,29.4,45,NA
2021-03-25 00:00:00,1001.4,NA,23.3,74,NA
2021-03-25 12:00:00,1003.7,NA,15.9,91,NA
2021-03-25 18:00:00,1002.2,NA,24.7,54,NA
2021-03-26 12:00:00,NA,1014.2,15.8,96,NA
2021-03-26 18:00:00,NA,1015.2,17.7,97,NA
2021-03-27 00:00:00,1004.4,NA,15.6,98,NA
2021-03-27 12:00:00,1004.2,NA,14,95,NA
2021-03-27 18:00:00,1006.2,NA,15.9,90,NA
2021-03-28 00:00:00,1006.2,NA,15,91,NA
2021-03-29 12:00:00,1008.2,NA,14.8,95,NA
2021-03-29 18:00:00,1006.9,NA,24.5,52,NA
2021-03-30 12:00:00,NA,1019.4,13.7,75,NA
2021-03-30 18:00:00,NA,1017.6,26.1,34,NA
2021-03-31 00:00:00,1005.7,NA,18.7,67,NA
2021-03-31 12:00:00,1007.4,NA,14.3,84,NA
2021-03-31 18:00:00,1006,NA,25.3,48,NA
2021-04-01 12:00:00,NA,1018.9,14.5,87,NA
2021-04-01 18:00:00,NA,1017.1,23.3,54,NA
2021-04-02 00:00:00,1005.8,NA,18.5,75,NA
2021-04-02 12:00:00,1007.8,NA,14.8,89,NA
2021-04-02 18:00:00,1005.6,NA,25.5,41,NA
2021-04-03 12:00:00,NA,1019.1,16,90,NA
2021-04-03 18:00:00,NA,1016.2,27,42,NA
2021-04-04 00:00:00,1005.4,NA,21.8,62,NA
2021-04-05 12:00:00,NA,1014.7,16.6,92,NA
2021-04-05 18:00:00,NA,1012.1,30.1,42,NA
2021-04-06 00:00:00,1002.8,NA,24.6,65,NA
2021-04-06 12:00:00,1004.9,NA,18.8,86,NA
2021-04-06 18:00:00,1002.2,NA,29.9,51,NA
2021-04-07 12:00:00,NA,1013.7,20,88,NA
2021-04-07 18:00:00,NA,1010.9,29.4,49,NA
2021-04-08 00:00:00,NA,1010.7,24.4,77,NA
2021-04-08 12:00:00,998.9,NA,19.4,98,NA
2021-04-08 18:00:00,998.2,NA,18.9,98,NA
2021-04-09 12:00:00,NA,1015.8,16.6,96,NA
2021-04-09 18:00:00,NA,1015.4,20.4,77,NA
2021-04-10 00:00:00,NA,1016.1,18.3,87,NA
2021-04-11 12:00:00,NA,1018.5,11.3,97,NA
2021-04-11 18:00:00,NA,1017.6,22.1,56,NA
2021-04-12 00:00:00,NA,1018.1,15.4,87,NA
2021-04-13 12:00:00,1009.6,1021,12.8,86,NA
2021-04-13 18:00:00,1007.7,1018.9,25.8,42,NA
2021-04-14 00:00:00,NA,1018.5,18,75,NA
2021-04-15 00:00:00,1001,NA,NA,NA,NA
2021-04-15 12:00:00,1002.5,1013.8,14.4,90,NA
2021-04-15 18:00:00,1001,1012.2,28,51,NA
2021-04-16 00:00:00,NA,1012.9,20.5,85,NA
2021-04-17 00:00:00,1002.6,NA,NA,NA,NA
2021-04-17 12:00:00,1005.8,1017,18.1,88,NA
2021-04-17 18:00:00,1003.6,1014.6,28.5,52,NA
2021-04-18 00:00:00,1004.2,NA,NA,NA,NA
2021-04-19 12:00:00,1005.6,1016.8,18.6,89,NA
2021-04-19 18:00:00,1003,1014.1,28.4,43,NA
2021-04-20 00:00:00,NA,1015.3,21,68,NA
2021-04-21 00:00:00,1002.6,NA,NA,NA,NA
2021-04-21 12:00:00,1001.2,1012.4,16.8,87,NA
2021-04-21 18:00:00,1000.4,1011.6,19.6,87,NA
2021-04-22 00:00:00,NA,1014.7,15.8,96,NA
2021-04-23 00:00:00,1003.2,NA,NA,NA,NA
2021-04-23 12:00:00,NA,1013.8,15.9,91,NA
2021-04-23 18:00:00,NA,1012.1,16.7,95,NA
2021-04-24 00:00:00,NA,1015,14.8,98,NA
2021-04-27 12:00:00,NA,1018.6,11.3,85,NA
2021-04-27 18:00:00,NA,1016.2,25.5,43,NA
2021-04-28 00:00:00,1005.6,NA,17.7,68,NA
2021-04-28 12:00:00,1009.3,NA,12.2,88,NA
2021-04-28 18:00:00,1007.4,NA,26.7,43,NA
2021-04-29 12:00:00,NA,1020.8,13.2,84,NA
2021-04-29 18:00:00,NA,1018.3,25.8,41,NA
2021-04-30 00:00:00,1006.6,NA,15.5,76,NA
2021-04-30 12:00:00,1006.2,NA,10.3,88,NA
2021-04-30 18:00:00,1002.4,NA,23.3,44,NA
2021-05-03 12:00:00,NA,1011.8,14.1,79,NA
2021-05-03 18:00:00,1000.9,NA,16.6,69,NA
2021-05-04 00:00:00,1005.8,NA,14.6,63,NA
2021-05-04 12:00:00,1016,NA,6.7,61,NA
2021-05-04 18:00:00,1016.1,NA,14.2,46,NA
2021-05-05 12:00:00,NA,1029,4.5,84,NA
2021-05-05 18:00:00,NA,1027,15.5,42,NA
2021-05-06 00:00:00,1016.2,NA,8.8,81,NA
2021-05-06 12:00:00,1016.2,NA,5.8,80,NA
2021-05-06 18:00:00,1013.7,NA,18.9,41,NA
2021-05-07 12:00:00,NA,1025.8,5.3,80,NA
2021-05-07 18:00:00,NA,1023.9,19.1,38,NA
2021-05-08 00:00:00,1012.8,NA,11.4,66,NA
2021-05-08 12:00:00,1013.2,NA,5.8,81,NA
2021-05-08 18:00:00,1010.8,NA,19,39,NA
2021-05-09 00:00:00,1011,NA,12.9,66,NA
2021-05-10 12:00:00,1015.3,NA,6.5,80,NA
2021-05-10 18:00:00,1014.4,NA,16.1,36,NA
2021-05-11 12:00:00,NA,1027,3.7,80,NA
2021-05-11 18:00:00,1012.1,NA,17.3,29,NA
2021-05-12 00:00:00,1011,NA,7.3,77,NA
2021-05-12 12:00:00,1009,NA,5.5,72,NA
2021-05-12 18:00:00,1005.8,NA,23,32,NA
2021-05-13 12:00:00,NA,1019.4,6.7,84,NA
2021-05-13 18:00:00,NA,1018.2,23.2,38,NA
2021-05-14 00:00:00,1008,NA,13,68,NA
2021-05-14 12:00:00,1008.6,NA,7.5,83,NA
2021-05-14 18:00:00,1005.6,NA,21.8,40,NA
2021-05-15 12:00:00,NA,1019.6,6.9,85,NA
2021-05-15 18:00:00,NA,1017.4,21,45,NA
2021-05-16 00:00:00,1007.2,NA,14.6,66,NA
2021-05-17 12:00:00,NA,1024.1,6.9,94,NA
2021-05-17 18:00:00,NA,1021.9,17.7,57,NA
2021-05-18 00:00:00,1010,NA,11.9,73,NA
2021-05-18 12:00:00,1008,NA,9.1,86,NA
2021-05-18 18:00:00,1004.2,NA,21.1,54,NA
2021-05-19 12:00:00,NA,1015.4,11.5,78,NA
2021-05-19 18:00:00,NA,1013.4,13.5,82,NA
2021-05-20 00:00:00,1004,NA,13,87,NA
2021-05-20 12:00:00,1004,NA,9.7,96,NA
2021-05-20 18:00:00,1005.7,NA,11.9,96,NA
2021-05-21 12:00:00,NA,1012.3,10.4,100,NA
2021-05-21 18:00:00,NA,1012.1,11.6,96,NA
2021-05-22 00:00:00,1000.8,NA,11.3,98,NA
2021-05-22 12:00:00,998.5,NA,10.7,98,NA
2021-05-22 18:00:00,999.2,NA,12.5,87,NA
2021-05-25 12:00:00,NA,1017.7,10,68,NA
2021-05-25 18:00:00,NA,1019.1,15.8,40,NA
2021-05-26 00:00:00,NA,1019.1,9.7,79,NA
2021-05-27 12:00:00,999.2,1010.6,9.4,81,NA
2021-05-27 18:00:00,992.9,1004,23.1,39,NA
2021-05-28 00:00:00,NA,1001.3,17.4,65,NA
2021-05-29 00:00:00,997,NA,NA,NA,NA
2021-05-29 12:00:00,1007,1018.6,5.1,91,NA
2021-05-29 18:00:00,1006.6,1018.1,13,44,NA
2021-05-30 00:00:00,1007.2,NA,NA,NA,NA
2021-05-31 12:00:00,1003.8,1015.4,8.9,74,NA
2021-05-31 18:00:00,1002.8,1014.1,19.4,48,NA
2021-06-01 00:00:00,NA,1012,14.8,77,NA
2021-06-02 00:00:00,998.2,NA,NA,NA,NA
2021-06-02 12:00:00,1006.2,1017.8,7.1,85,NA
2021-06-02 18:00:00,1005.4,1017,15.1,54,NA
2021-06-03 00:00:00,NA,1016.1,10.5,77,NA
2021-06-04 00:00:00,996.8,NA,NA,NA,NA
2021-06-04 12:00:00,998.4,1009.8,9.4,92,NA
2021-06-04 18:00:00,996.9,1008.2,17.9,64,NA
2021-06-05 00:00:00,NA,1012.2,14.7,72,NA
2021-06-06 00:00:00,1010.5,NA,8.5,77,NA
2021-06-08 00:00:00,1009.4,NA,NA,NA,NA
2021-06-08 12:00:00,NA,1019.4,5.5,97,NA
2021-06-08 18:00:00,NA,1016.8,12.6,93,NA
2021-06-09 00:00:00,NA,1016.8,10.6,96,NA
2021-06-10 00:00:00,1004.2,NA,NA,NA,NA
2021-06-10 12:00:00,1011,1022.6,8.9,92,NA
2021-06-10 18:00:00,1012.5,1024,15.5,36,NA
2021-06-11 00:00:00,NA,1024.4,8.1,77,NA
2021-06-12 00:00:00,1005,NA,NA,NA,NA
2021-06-12 12:00:00,1003.4,1014.9,8.1,87,NA
2021-06-12 18:00:00,1001.4,1012.7,22,49,NA
2021-06-13 00:00:00,1001,NA,NA,NA,NA
2021-06-14 12:00:00,1011.6,1023.2,7.4,92,NA
2021-06-14 18:00:00,1014,1025.6,12.7,50,NA
2021-06-15 00:00:00,NA,1030,6.9,67,NA
2021-06-16 12:00:00,1021.6,1033.5,1.2,87,NA
2021-06-16 18:00:00,1020.5,1032.4,8.7,61,NA
2021-06-17 00:00:00,NA,1032.9,4.8,84,NA
2021-06-18 00:00:00,1019,NA,NA,NA,NA
2021-06-18 12:00:00,1018.5,1030.4,4.1,78,NA
2021-06-18 18:00:00,1016.6,1028.5,8.1,56,NA
2021-06-19 00:00:00,NA,1028.9,6.4,75,NA
2021-06-20 00:00:00,1012.9,NA,9.7,67,NA
2021-06-22 00:00:00,1009.2,NA,NA,NA,NA
2021-06-22 12:00:00,1010.2,1022,6.1,99,NA
2021-06-22 18:00:00,NA,1019.8,9.2,97,NA
2021-06-23 00:00:00,NA,1017.4,9,90,NA
2021-06-24 00:00:00,1002.2,NA,NA,NA,NA
2021-06-24 12:00:00,1004.5,1016.1,5.8,99,NA
2021-06-25 00:00:00,NA,1013.2,9.8,73,NA
2021-06-26 00:00:00,1003.8,NA,NA,NA,NA
2021-06-26 12:00:00,NA,1019.1,5.6,84,NA
2021-06-26 18:00:00,NA,1021.5,10.5,52,NA
2021-06-27 00:00:00,NA,1024.3,8.5,64,NA
2021-06-28 12:00:00,NA,1029.3,5,85,NA
2021-06-28 18:00:00,NA,1028.4,8.1,57,NA
2021-06-29 00:00:00,NA,1029.2,4.1,80,NA
2021-06-30 00:00:00,1015.2,NA,NA,NA,NA
2021-06-30 12:00:00,1012,1023.8,2.1,86,NA
2021-06-30 18:00:00,1008.6,1020.3,11.6,44,NA
2021-07-01 00:00:00,NA,1019.5,8.4,63,NA
