2021-01-07 00:00:00,999.7,NA,NA,NA,NA
2021-01-07 12:00:00,1000.1,1009,20.6,73,NA
2021-01-07 15:00:00,999.4,1008.2,28.3,44,NA
2021-01-07 18:00:00,997.7,1006.4,32.7,32,NA
2021-01-07 21:00:00,996.2,1005,33.6,25,NA
2021-01-08 00:00:00,NA,1006.4,26.4,51,NA
2021-01-09 00:00:00,1002.1,NA,NA,NA,NA
2021-01-09 12:00:00,1004.1,1013,20.6,70,NA
2021-01-09 15:00:00,1003,1011.9,26.2,47,NA
2021-01-09 18:00:00,1000.6,1009.4,30,42,NA
2021-01-09 21:00:00,998.6,1007.5,30.6,41,NA
2021-01-10 00:00:00,NA,1008.5,25.4,59,NA
2021-01-11 00:00:00,997.6,NA,NA,NA,NA
2021-01-11 12:00:00,997,1006,17.9,96,NA
2021-01-11 15:00:00,998.6,1007.6,18.7,96,NA
2021-01-11 18:00:00,998.4,1007.2,24.4,68,NA
2021-01-11 21:00:00,999.4,1008.3,26.7,38,NA
2021-01-12 00:00:00,NA,1013.1,21.4,52,NA
2021-01-13 00:00:00,1008.8,NA,NA,NA,NA
2021-01-13 12:00:00,1012.2,1021.3,21,57,NA
2021-01-13 15:00:00,1012.1,1021.1,25.6,42,NA
2021-01-13 18:00:00,1011,1019.9,27.6,38,NA
2021-01-13 21:00:00,1009.2,1018.1,27.8,37,NA
2021-01-14 00:00:00,NA,1018.6,22.6,43,NA
2021-01-15 00:00:00,1002.4,NA,NA,NA,NA
2021-01-15 12:00:00,1001.4,1010.2,18.9,94,NA
2021-01-15 15:00:00,999.8,1008.6,21.4,80,NA
2021-01-15 18:00:00,997.6,1006.4,25.9,62,NA
2021-01-15 21:00:00,996.2,1005,27.7,53,NA
2021-01-16 00:00:00,NA,1005.2,23.6,76,NA
2021-01-17 00:00:00,1000.2,NA,NA,NA,NA
2021-01-17 12:00:00,1003.4,1012.4,18.6,61,NA
2021-01-17 15:00:00,1003,1011.9,23,36,NA
2021-01-17 18:00:00,NA,1011,25.1,30,NA
2021-01-17 21:00:00,NA,1010.9,26.2,26,NA
2021-01-18 00:00:00,NA,1011.8,21.2,52,NA
2021-01-19 12:00:00,NA,1017.1,23.6,56,NA
2021-01-19 15:00:00,NA,1017.3,29.6,31,NA
2021-01-19 18:00:00,NA,1016.2,30.9,28,NA
2021-01-19 21:00:00,NA,1014.8,31.8,29,NA
2021-01-20 00:00:00,NA,1015.6,24.8,63,NA
2021-01-21 12:00:00,NA,1019.2,23.9,61,NA
2021-01-21 15:00:00,NA,1018.6,30.2,41,NA
2021-01-21 18:00:00,NA,1017.3,32.1,26,NA
2021-01-21 21:00:00,NA,1016.2,32.7,27,NA
2021-01-22 00:00:00,NA,1017.1,27.2,49,NA
2021-01-23 12:00:00,NA,1015.1,25.6,67,NA
2021-01-23 15:00:00,NA,1014,32.4,43,NA
2021-01-23 18:00:00,NA,1012.1,33.8,38,NA
2021-01-23 21:00:00,NA,1010.4,33.2,38,NA
2021-01-24 00:00:00,NA,1010.9,28.3,63,NA
2021-01-25 12:00:00,NA,1006.4,26.9,62,NA
2021-01-25 15:00:00,NA,1005.5,33.6,46,NA
2021-01-25 18:00:00,NA,1003.5,36.3,36,NA
2021-01-25 21:00:00,NA,1001.6,35.8,35,NA
2021-01-26 00:00:00,NA,1002.8,31.2,55,NA
2021-01-26 15:00:00,996.2,NA,26.8,61,NA
2021-01-26 18:00:00,994.2,NA,32.2,43,NA
2021-01-27 12:00:00,NA,1008.5,23.8,46,NA
2021-01-27 15:00:00,NA,1007.3,29.6,34,NA
2021-01-27 18:00:00,NA,1005,32.6,24,NA
2021-01-27 21:00:00,NA,1003.3,32.5,26,NA
2021-01-28 00:00:00,NA,1003.7,26.8,38,NA
2021-01-29 12:00:00,NA,1004.9,22.2,69,NA
2021-01-29 15:00:00,NA,1005,27,53,NA
2021-01-29 18:00:00,NA,1003.5,29.7,43,NA
2021-01-29 21:00:00,NA,1002.5,30.8,39,NA
2021-01-30 00:00:00,NA,1003.8,25.7,52,NA
2021-01-31 00:00:00,1007,NA,NA,NA,NA
2021-01-31 12:00:00,1009.6,1018.7,15.2,67,NA
2021-01-31 15:00:00,1008.2,1017.2,20.4,53,NA
2021-01-31 18:00:00,1007.4,1016.6,21.5,52,NA
2021-01-31 21:00:00,1006,1015.1,21.2,55,NA
2021-02-01 00:00:00,1006.6,1015.6,20,66,NA
2021-02-02 00:00:00,1004.6,NA,NA,NA,NA
2021-02-02 12:00:00,1005.8,1014.8,17.3,92,NA
2021-02-02 15:00:00,1007.4,1016.5,21,73,NA
2021-02-02 18:00:00,1006.6,1015.5,23.6,58,NA
2021-02-02 21:00:00,1006,1014.9,23.8,58,NA
2021-02-03 00:00:00,NA,1014.9,20.7,73,NA
2021-02-04 00:00:00,1006.1,NA,NA,NA,NA
2021-02-04 12:00:00,1010.2,1019.2,19.9,78,NA
2021-02-04 15:00:00,1010.9,1019.8,25.2,55,NA
2021-02-04 18:00:00,1009.6,1018.5,27.6,33,NA
2021-02-04 21:00:00,1008.6,1017.5,28.2,32,NA
2021-02-05 00:00:00,NA,1017.6,22.7,59,NA
2021-02-05 12:00:00,NA,1017.2,19.5,71,NA
2021-02-05 15:00:00,NA,1016.7,26.5,47,NA
2021-02-05 18:00:00,NA,1014.8,29.5,35,NA
2021-02-05 21:00:00,NA,1012.8,30.2,33,NA
2021-02-06 00:00:00,1004,1012.8,24.9,59,NA
2021-02-06 12:00:00,1005.6,NA,NA,NA,NA
2021-02-06 15:00:00,1005.8,NA,NA,NA,NA
2021-02-06 18:00:00,1004.6,NA,NA,NA,NA
2021-02-06 21:00:00,1002.8,NA,NA,NA,NA
2021-02-08 00:00:00,1005.4,NA,NA,NA,NA
2021-02-08 12:00:00,NA,1019.2,15.2,87,NA
2021-02-08 15:00:00,NA,1019.3,19.4,67,NA
2021-02-08 18:00:00,NA,1019.2,20.5,69,NA
2021-02-08 21:00:00,NA,1018.1,23.4,60,NA
2021-02-09 00:00:00,NA,1019.4,19.7,73,NA
2021-02-10 12:00:00,NA,1021.3,19,79,NA
2021-02-10 15:00:00,NA,1020,23.8,58,NA
2021-02-10 18:00:00,NA,1018.1,26.4,46,NA
2021-02-10 21:00:00,NA,1016.3,26.6,43,NA
2021-02-11 00:00:00,1007.4,NA,21.8,59,NA
2021-02-11 12:00:00,1007,NA,20.1,85,NA
2021-02-11 15:00:00,1006.2,NA,24.3,63,NA
2021-02-11 18:00:00,1004.5,NA,25.6,57,NA
2021-02-11 21:00:00,1002.8,NA,26.2,55,NA
2021-02-12 12:00:00,NA,1013.7,19.3,94,NA
2021-02-12 15:00:00,NA,1013.3,23.3,73,NA
2021-02-12 18:00:00,NA,1010.9,26.8,61,NA
2021-02-12 21:00:00,NA,1009.3,27,56,NA
2021-02-13 00:00:00,1001.7,NA,24,67,NA
2021-02-13 12:00:00,1001.4,NA,20.4,87,NA
2021-02-13 15:00:00,1000.5,NA,25,65,NA
2021-02-13 18:00:00,998.2,NA,26.4,54,NA
2021-02-13 21:00:00,996.8,NA,25.2,65,NA
2021-02-14 12:00:00,NA,1006.9,20.2,85,NA
2021-02-14 15:00:00,NA,1006.2,26.9,55,NA
2021-02-14 18:00:00,NA,1005.5,29.6,51,NA
2021-02-14 21:00:00,NA,1004.2,29.6,48,NA
2021-02-15 00:00:00,999,NA,20.6,77,NA
2021-02-15 12:00:00,1003.6,NA,20.7,77,NA
2021-02-15 15:00:00,1004.2,NA,23.4,67,NA
2021-02-15 18:00:00,1003.4,NA,25.2,55,NA
2021-02-15 21:00:00,1002.1,NA,24.9,57,NA
2021-02-16 12:00:00,NA,1013,17.4,73,NA
2021-02-16 15:00:00,NA,1012.9,22,48,NA
2021-02-16 18:00:00,NA,1011.1,25.2,39,NA
2021-02-16 21:00:00,NA,1009.5,25,33,NA
2021-02-17 00:00:00,1000.8,NA,20.2,53,NA
2021-02-17 12:00:00,1002.5,NA,18.8,77,NA
2021-02-17 15:00:00,1002.2,NA,26.4,39,NA
2021-02-17 18:00:00,1000.6,NA,29.9,34,NA
2021-02-17 21:00:00,999.3,NA,30.2,31,NA
2021-02-18 12:00:00,NA,1009.3,20.2,65,NA
2021-02-18 15:00:00,NA,1008.5,31,36,NA
2021-02-18 18:00:00,NA,1007.1,33.2,31,NA
2021-02-18 21:00:00,NA,1005.9,32.8,31,NA
2021-02-19 00:00:00,997.8,NA,26,51,NA
2021-02-19 12:00:00,1003.8,NA,20.6,56,NA
2021-02-19 15:00:00,1005.8,NA,22.2,41,NA
2021-02-19 18:00:00,1006.2,NA,24.8,20,NA
2021-02-19 21:00:00,1005.7,NA,23.8,18,NA
2021-02-20 12:00:00,NA,1017.8,18.8,31,NA
2021-02-20 15:00:00,NA,1017.4,24.8,17,NA
2021-02-20 18:00:00,NA,1014.8,28,19,NA
2021-02-20 21:00:00,NA,1013.4,28,16,NA
2021-02-21 00:00:00,1004.5,NA,22.4,37,NA
2021-02-21 12:00:00,1005.4,NA,20.4,45,NA
2021-02-21 15:00:00,1004,NA,29.4,39,NA
2021-02-21 18:00:00,1001.4,NA,31.8,38,NA
2021-02-21 21:00:00,999.4,NA,31.2,40,NA
2021-02-22 12:00:00,NA,1009.7,20.3,88,NA
2021-02-22 15:00:00,NA,1010.3,26.8,63,NA
2021-02-22 18:00:00,NA,1008.7,31.4,26,NA
2021-02-22 21:00:00,NA,1008.4,30,44,NA
2021-02-23 00:00:00,1002,NA,23.4,70,NA
2021-02-23 12:00:00,1005.8,NA,19.5,68,NA
2021-02-23 15:00:00,1006.4,NA,28.7,36,NA
2021-02-23 18:00:00,1005.4,NA,31,21,NA
2021-02-23 21:00:00,1004.6,NA,30.1,22,NA
2021-02-24 12:00:00,NA,1016,18.4,68,NA
2021-02-24 15:00:00,NA,1015.7,28,35,NA
2021-02-24 18:00:00,NA,1013.4,32.6,21,NA
2021-02-24 21:00:00,NA,1011.9,31.1,25,NA
2021-02-25 00:00:00,1004.1,NA,23.6,57,NA
2021-02-25 12:00:00,1006.4,NA,22.2,60,NA
2021-02-25 15:00:00,1006.2,NA,30.6,33,NA
2021-02-25 18:00:00,1004.2,NA,32.4,26,NA
2021-02-25 21:00:00,1002.6,NA,32.7,24,NA
2021-02-26 12:00:00,NA,1013.8,21.9,63,NA
2021-02-26 15:00:00,NA,1013.5,31.3,32,NA
2021-02-26 18:00:00,NA,1012,32.7,27,NA
2021-02-26 21:00:00,NA,1011.8,31.6,30,NA
2021-02-27 00:00:00,1005.8,NA,25.9,52,NA
2021-02-27 12:00:00,1009.6,NA,22.8,71,NA
2021-02-27 15:00:00,1009.6,NA,28.2,53,NA
2021-02-27 18:00:00,1007.4,NA,31,38,NA
2021-02-28 12:00:00,NA,1016.2,22.2,78,NA
2021-02-28 15:00:00,NA,1015.6,28.8,54,NA
2021-02-28 18:00:00,NA,1013.9,30.4,50,NA
2021-02-28 21:00:00,NA,1012.7,27.8,62,NA
2021-03-01 00:00:00,NA,1013,22.7,85,NA
2021-03-02 12:00:00,NA,1014.6,22.6,90,NA
2021-03-02 15:00:00,NA,1014.5,27.8,67,NA
2021-03-02 18:00:00,1004.2,1012.9,30.6,48,NA
2021-03-02 21:00:00,1003.4,1012.2,29.5,55,NA
2021-03-03 00:00:00,NA,1013.8,25.4,72,NA
2021-03-04 00:00:00,1004.6,NA,NA,NA,NA
2021-03-04 12:00:00,1005.3,1014.1,21.5,97,NA
2021-03-04 15:00:00,1005.7,1014.5,25.4,78,NA
2021-03-04 18:00:00,1004.1,1012.9,30,49,NA
2021-03-04 21:00:00,1002.2,1010.9,29.9,41,NA
2021-03-05 00:00:00,NA,1012.2,25.9,55,NA
2021-03-06 00:00:00,1003.7,NA,NA,NA,NA
2021-03-06 12:00:00,1005.3,1014.3,16,75,NA
2021-03-06 15:00:00,1005,1014,23.8,51,NA
2021-03-06 18:00:00,1003.3,1012.2,27.6,41,NA
2021-03-06 21:00:00,1002.4,1011.3,27.2,39,NA
2021-03-07 00:00:00,NA,1012.1,21.8,61,NA
2021-03-08 00:00:00,1000.8,NA,NA,NA,NA
2021-03-08 12:00:00,1006,1014.8,22.9,72,NA
2021-03-08 15:00:00,1007.7,1016.5,28.5,48,NA
2021-03-08 18:00:00,1006.6,1015.5,30.6,41,NA
2021-03-08 21:00:00,1006,1014.8,29.5,36,NA
2021-03-09 00:00:00,NA,1016.7,23.3,49,NA
2021-03-10 00:00:00,1005.3,NA,NA,NA,NA
2021-03-10 12:00:00,1003.8,1012.8,19.6,76,NA
2021-03-10 15:00:00,1002.5,1011.3,28.8,46,NA
2021-03-10 18:00:00,999.6,1008.4,32,30,NA
2021-03-10 21:00:00,998.2,1007,30.8,29,NA
2021-03-11 00:00:00,NA,1007.3,24.2,55,NA
2021-03-12 00:00:00,1004,NA,NA,NA,NA
2021-03-12 12:00:00,1006.9,1015.8,16.7,78,NA
2021-03-12 15:00:00,1007,1015.9,26.4,47,NA
2021-03-12 18:00:00,1005.4,1014.4,30,25,NA
2021-03-12 21:00:00,1004.8,1013.7,29.4,27,NA
2021-03-13 00:00:00,NA,1014.5,22.9,48,NA
2021-03-14 12:00:00,NA,1017.3,20.2,49,NA
2021-03-14 15:00:00,NA,1017.7,27.5,28,NA
2021-03-14 18:00:00,NA,1017.8,26.2,37,NA
2021-03-14 21:00:00,NA,1016.1,25.5,39,NA
2021-03-15 00:00:00,NA,1016.4,22.1,63,NA
2021-03-15 12:00:00,1006,NA,20.5,63,NA
2021-03-15 15:00:00,1006.6,NA,23.6,49,NA
2021-03-15 18:00:00,1004.8,NA,25.5,49,NA
2021-03-16 12:00:00,NA,1010,17.5,97,NA
2021-03-16 15:00:00,NA,1007.7,18.6,97,NA
2021-03-16 18:00:00,NA,1005.7,19.2,97,NA
2021-03-16 21:00:00,NA,1006.4,19.1,97,NA
2021-03-17 00:00:00,998.6,NA,17.9,95,NA
2021-03-17 12:00:00,1007.7,NA,15.6,77,NA
2021-03-18 12:00:00,NA,1022,11,78,NA
2021-03-18 15:00:00,NA,1021.1,14.4,53,NA
2021-03-18 18:00:00,NA,1020.1,16,56,NA
2021-03-18 21:00:00,NA,1018.8,15.5,58,NA
2021-03-19 00:00:00,1009.4,NA,14.1,71,NA
2021-03-19 12:00:00,1008.6,NA,12.4,81,NA
2021-03-19 15:00:00,1007.4,NA,20.3,48,NA
2021-03-19 18:00:00,1005,NA,21.6,42,NA
2021-03-19 21:00:00,1004.1,NA,21.4,56,NA
2021-03-20 12:00:00,NA,1014.4,16.8,88,NA
2021-03-20 15:00:00,NA,1014.1,20,73,NA
2021-03-20 18:00:00,NA,1014.7,21.4,67,NA
2021-03-20 21:00:00,NA,1015.2,23.1,59,NA
2021-03-21 00:00:00,1007,NA,18.4,80,NA
2021-03-21 12:00:00,1012.9,NA,14.5,85,NA
2021-03-21 15:00:00,1013.7,NA,21.5,54,NA
2021-03-21 18:00:00,1012,NA,25,39,NA
2021-03-21 21:00:00,1011.4,NA,24,39,NA
2021-03-22 12:00:00,NA,1023.1,12.4,91,NA
2021-03-22 15:00:00,NA,1022.4,21,62,NA
2021-03-22 18:00:00,NA,1020.2,22.3,53,NA
2021-03-22 21:00:00,NA,1019.1,22.9,49,NA
2021-03-23 00:00:00,1010.5,NA,17.3,78,NA
2021-03-23 12:00:00,1009,NA,16.4,89,NA
2021-03-23 15:00:00,1008,NA,24.6,54,NA
2021-03-23 18:00:00,1006.2,NA,26.2,45,NA
2021-03-23 21:00:00,1005,NA,26.4,39,NA
2021-03-24 12:00:00,NA,1016,17.4,86,NA
2021-03-24 15:00:00,NA,1015.4,26.6,53,NA
2021-03-24 18:00:00,NA,1013.1,27.4,54,NA
2021-03-24 21:00:00,NA,1013,22.8,76,NA
2021-03-25 00:00:00,1005,NA,20.2,87,NA
2021-03-25 12:00:00,1003.4,NA,19.2,93,NA
2021-03-25 15:00:00,1003,NA,20.2,84,NA
2021-03-25 18:00:00,1002.9,NA,22.4,80,NA
2021-03-25 21:00:00,1002,NA,22.2,79,NA
2021-03-26 12:00:00,NA,1010.8,18.9,97,NA
2021-03-26 15:00:00,NA,1012.1,17.1,96,NA
2021-03-26 18:00:00,NA,1011.4,22.5,74,NA
2021-03-26 21:00:00,NA,1012.1,18.9,92,NA
2021-03-27 00:00:00,1004.6,NA,17.6,95,NA
2021-03-27 12:00:00,1003.7,NA,16.4,98,NA
2021-03-27 15:00:00,1004.5,NA,17.6,92,NA
2021-03-27 18:00:00,1004.2,NA,18.1,82,NA
2021-03-27 21:00:00,1004.1,NA,17.8,87,NA
2021-03-28 12:00:00,NA,1015.2,15.6,94,NA
2021-03-28 15:00:00,NA,1015.6,17.9,89,NA
2021-03-28 18:00:00,NA,1014.6,21.2,75,NA
2021-03-28 21:00:00,NA,1014.1,20.5,81,NA
2021-03-29 00:00:00,1006.2,NA,17.6,95,NA
2021-03-29 12:00:00,1009.8,NA,16.2,91,NA
2021-03-29 15:00:00,1009.8,NA,22.6,60,NA
2021-03-29 18:00:00,1008.2,NA,25,37,NA
2021-03-29 21:00:00,1008.2,NA,22.8,39,NA
2021-03-30 12:00:00,NA,1019.8,14.2,72,NA
2021-03-30 15:00:00,NA,1019.6,22.8,45,NA
2021-03-30 18:00:00,NA,1017.8,25.9,38,NA
2021-03-30 21:00:00,NA,1017.1,24.6,45,NA
2021-03-31 00:00:00,1008.6,NA,18.5,63,NA
2021-03-31 15:00:00,1010.2,NA,22.1,55,NA
2021-03-31 18:00:00,1008.6,NA,24.3,43,NA
2021-03-31 21:00:00,1007.6,NA,23.7,46,NA
2021-04-01 12:00:00,NA,1019.5,14.4,90,NA
2021-04-01 15:00:00,NA,1019.2,22.5,56,NA
2021-04-01 18:00:00,NA,1017.3,24.1,48,NA
2021-04-01 21:00:00,NA,1016.6,23.8,46,NA
2021-04-02 00:00:00,1008.6,NA,18.5,70,NA
2021-04-02 12:00:00,1011.2,NA,15,95,NA
2021-04-02 15:00:00,1010.9,NA,24.1,49,NA
2021-04-02 18:00:00,1009,NA,25.7,39,NA
2021-04-02 21:00:00,1008.5,NA,24.2,48,NA
2021-04-03 12:00:00,NA,1019.7,16.6,87,NA
2021-04-03 15:00:00,NA,1019.4,24.6,56,NA
2021-04-03 18:00:00,NA,1017,27.3,40,NA
2021-04-03 21:00:00,1007.4,NA,25.3,48,NA
2021-04-04 00:00:00,1008.8,NA,20.6,63,NA
2021-04-04 12:00:00,1009.3,NA,16.1,94,NA
2021-04-04 15:00:00,1008.6,NA,25.3,51,NA
2021-04-04 18:00:00,1005.8,NA,27.6,35,NA
2021-04-04 21:00:00,1004.6,NA,26.1,42,NA
2021-04-05 12:00:00,NA,1015.4,16.5,97,NA
2021-04-05 15:00:00,NA,1014.5,27.2,53,NA
2021-04-05 18:00:00,NA,1012.6,30,39,NA
2021-04-05 21:00:00,NA,1013.1,28.7,45,NA
2021-04-06 00:00:00,1005.4,NA,23,64,NA
2021-04-06 12:00:00,1007.8,NA,19.5,87,NA
2021-04-06 15:00:00,1007.8,NA,27.8,55,NA
2021-04-06 18:00:00,1005.2,NA,30.2,42,NA
2021-04-06 21:00:00,1004.5,NA,28.6,47,NA
2021-04-07 12:00:00,NA,1015.7,18.4,98,NA
2021-04-07 15:00:00,NA,1014.6,28.8,52,NA
2021-04-07 18:00:00,NA,1011.7,30,43,NA
2021-04-07 21:00:00,NA,1010.7,30.2,42,NA
2021-04-08 00:00:00,NA,1012,24.2,63,NA
2021-04-08 15:00:00,1001.6,NA,20.6,90,NA
2021-04-08 18:00:00,1001.2,NA,18.2,96,NA
2021-04-08 21:00:00,1000.2,NA,19.4,92,NA
2021-04-09 12:00:00,NA,1013.9,17,97,NA
2021-04-09 15:00:00,NA,1014.8,19.6,89,NA
2021-04-09 18:00:00,NA,1013.8,21.9,78,NA
2021-04-09 21:00:00,NA,1014.2,21.5,79,NA
2021-04-10 00:00:00,NA,1015.3,19.6,88,NA
2021-04-11 12:00:00,NA,1015.6,14.4,87,NA
2021-04-11 15:00:00,NA,1016.8,19.2,63,NA
2021-04-11 18:00:00,NA,1016.2,22.5,47,NA
2021-04-11 21:00:00,NA,1016.4,21.6,47,NA
2021-04-12 00:00:00,NA,1017.8,15.6,82,NA
2021-04-13 12:00:00,1010.9,1020,12.6,86,NA
2021-04-13 15:00:00,1013,1022.1,23.2,50,NA
2021-04-13 18:00:00,1011,1020,24.8,40,NA
2021-04-13 21:00:00,1010.1,1019.1,24.4,43,NA
2021-04-14 00:00:00,NA,1019.5,16.8,70,NA
2021-04-15 00:00:00,1004.2,NA,NA,NA,NA
2021-04-15 12:00:00,1005.2,1014.2,15.1,85,NA
2021-04-15 15:00:00,1005.4,1014.3,24.9,53,NA
2021-04-15 18:00:00,1003.3,1012.2,27,43,NA
2021-04-15 21:00:00,NA,1012.2,26.4,47,NA
2021-04-16 00:00:00,NA,1013.3,19.2,85,NA
2021-04-17 00:00:00,1005.4,NA,NA,NA,NA
2021-04-17 12:00:00,1009,1018,17.4,84,NA
2021-04-17 15:00:00,1008.9,1017.9,19.2,85,NA
2021-04-17 18:00:00,1006.6,1015.5,27.4,38,NA
2021-04-17 21:00:00,1006.1,1015,25.8,48,NA
2021-04-18 00:00:00,NA,1016.3,20,73,NA
2021-04-18 21:00:00,1006.4,NA,NA,NA,NA
2021-04-19 00:00:00,1006.6,NA,NA,NA,NA
2021-04-19 12:00:00,1009.8,1018.9,17.8,87,NA
2021-04-19 15:00:00,1009.4,1018.4,25.6,58,NA
2021-04-19 18:00:00,1007.4,1016.4,27.6,44,NA
2021-04-19 21:00:00,1007,1016,25.7,44,NA
2021-04-20 00:00:00,NA,1017.5,19,64,NA
2021-04-21 00:00:00,1007.2,NA,NA,NA,NA
2021-04-21 12:00:00,1007.4,1016.4,17.8,84,NA
2021-04-21 15:00:00,1005.4,1014.4,23.6,56,NA
2021-04-21 18:00:00,1003.6,1012.5,26.5,48,NA
2021-04-21 21:00:00,1004.4,1013.3,23.6,60,NA
2021-04-22 00:00:00,NA,1013.6,19.2,92,NA
2021-04-23 00:00:00,1004.6,NA,NA,NA,NA
2021-04-23 12:00:00,NA,1014.5,16.6,98,NA
2021-04-23 15:00:00,NA,1013.1,20.8,81,NA
2021-04-23 18:00:00,NA,1011.9,19.8,92,NA
2021-04-23 21:00:00,NA,1011.6,15.4,94,NA
2021-04-24 00:00:00,NA,1013.8,15.2,97,NA
2021-04-25 12:00:00,NA,1022.3,10.3,86,NA
2021-04-25 15:00:00,NA,1022.1,18.1,63,NA
2021-04-25 18:00:00,NA,1020.4,20.4,51,NA
2021-04-25 21:00:00,NA,1020.2,17.7,63,NA
2021-04-26 00:00:00,NA,1020.8,13.4,83,NA
2021-04-27 12:00:00,NA,1019.9,11,86,NA
2021-04-27 15:00:00,NA,1019.9,21.4,50,NA
2021-04-27 18:00:00,NA,1017.4,23.8,40,NA
2021-04-27 21:00:00,NA,1017.2,19.6,58,NA
2021-04-28 00:00:00,1009,NA,14.4,84,NA
2021-04-28 12:00:00,1012.6,NA,12.4,84,NA
2021-04-28 15:00:00,1012.8,NA,21.6,54,NA
2021-04-28 18:00:00,1010.6,NA,24.6,44,NA
2021-04-28 21:00:00,1010.9,NA,23.4,45,NA
2021-04-29 12:00:00,NA,1022.9,12.1,86,NA
2021-04-29 15:00:00,NA,1022.2,22.1,52,NA
2021-04-29 18:00:00,NA,1020,24.8,36,NA
2021-04-29 21:00:00,NA,1019.3,21.8,42,NA
2021-04-30 00:00:00,1010.8,NA,15.2,69,NA
2021-04-30 12:00:00,1010.6,NA,10.1,93,NA
2021-04-30 15:00:00,1009.8,NA,20.2,51,NA
2021-04-30 18:00:00,1006.6,NA,23.3,39,NA
2021-04-30 21:00:00,1005.4,NA,21.1,46,NA
2021-05-01 12:00:00,NA,1016.1,10.2,85,NA
2021-05-01 15:00:00,NA,1015.3,23,49,NA
2021-05-01 18:00:00,NA,1012.1,26.1,38,NA
2021-05-01 21:00:00,NA,1013.1,21.5,70,NA
2021-05-02 00:00:00,1004.4,NA,17.6,78,NA
2021-05-02 12:00:00,1004.5,NA,15.3,82,NA
2021-05-02 15:00:00,1003.6,NA,25,57,NA
2021-05-02 18:00:00,1001,NA,27.7,47,NA
2021-05-02 21:00:00,1000.2,NA,25,61,NA
2021-05-03 12:00:00,NA,1009.1,16.8,96,NA
2021-05-03 15:00:00,NA,1009.8,17.7,81,NA
2021-05-03 18:00:00,NA,1009.3,17.8,69,NA
2021-05-03 21:00:00,1002.6,NA,16.4,86,NA
2021-05-04 00:00:00,1005.4,NA,15.1,78,NA
2021-05-04 12:00:00,1016,NA,8.4,63,NA
2021-05-04 15:00:00,1016.8,NA,14.2,53,NA
2021-05-04 18:00:00,1016,NA,25.7,28,NA
2021-05-04 21:00:00,1017.7,NA,13.6,51,NA
2021-05-05 12:00:00,NA,1028.4,5.9,94,NA
2021-05-05 15:00:00,NA,1028.3,14,51,NA
2021-05-05 18:00:00,NA,1026.1,15.2,38,NA
2021-05-05 21:00:00,NA,1025.8,13.8,51,NA
2021-05-06 00:00:00,1017.7,NA,9.6,71,NA
2021-05-06 12:00:00,1018.1,NA,5,78,NA
2021-05-06 18:00:00,1016,NA,18.6,39,NA
2021-05-06 21:00:00,1015.2,NA,16.2,47,NA
2021-05-07 12:00:00,NA,1026.5,5.7,88,NA
2021-05-07 15:00:00,NA,1026.6,16.7,48,NA
2021-05-07 18:00:00,NA,1024.9,18.6,35,NA
2021-05-07 21:00:00,1015.3,NA,15.8,50,NA
2021-05-08 00:00:00,1016.4,NA,10.5,65,NA
2021-05-08 12:00:00,1016.8,NA,7.3,91,NA
2021-05-08 15:00:00,1017.2,NA,17.1,56,NA
2021-05-08 18:00:00,1014.6,NA,19.1,44,NA
2021-05-08 21:00:00,1013.2,NA,16.4,55,NA
2021-05-09 12:00:00,NA,1023.4,8.2,93,NA
2021-05-09 15:00:00,NA,1022.8,11.9,82,NA
2021-05-09 18:00:00,1011.2,NA,15.6,70,NA
2021-05-10 00:00:00,1012.2,NA,12.4,88,NA
2021-05-10 12:00:00,1015.6,NA,7.5,92,NA
2021-05-10 15:00:00,1016.4,NA,14.5,52,NA
2021-05-10 18:00:00,1015,NA,17,29,NA
2021-05-10 21:00:00,1015.2,NA,14.2,43,NA
2021-05-11 12:00:00,NA,1026.3,4.4,71,NA
2021-05-11 15:00:00,NA,1025.9,15.2,35,NA
2021-05-11 18:00:00,NA,1023.5,17.8,30,NA
2021-05-11 21:00:00,NA,1022.8,14.6,41,NA
2021-05-12 00:00:00,1013.6,NA,7.7,73,NA
2021-05-12 12:00:00,1012.8,NA,4.6,68,NA
2021-05-12 15:00:00,1012,NA,16.4,32,NA
2021-05-12 18:00:00,1009.2,NA,20.4,29,NA
2021-05-12 21:00:00,1009,NA,17.8,37,NA
2021-05-13 12:00:00,NA,1020.7,6.6,73,NA
2021-05-13 15:00:00,NA,1021.2,17.3,44,NA
2021-05-13 18:00:00,NA,1019.4,22.2,32,NA
2021-05-13 21:00:00,NA,1019.7,18.4,53,NA
2021-05-14 00:00:00,1011.4,NA,10.6,60,NA
2021-05-14 12:00:00,1012.2,NA,4.9,92,NA
2021-05-14 15:00:00,1012.2,NA,16.5,57,NA
2021-05-14 18:00:00,1009.4,NA,20.4,38,NA
2021-05-14 21:00:00,1009,NA,18.6,43,NA
2021-05-15 12:00:00,NA,1020,5.6,85,NA
2021-05-15 15:00:00,NA,1020.3,16.6,52,NA
2021-05-15 18:00:00,NA,1018.5,20.4,37,NA
2021-05-15 21:00:00,NA,1018.3,17.5,54,NA
2021-05-16 00:00:00,1010.2,NA,12.2,63,NA
2021-05-16 12:00:00,1011,NA,8.5,85,NA
2021-05-16 15:00:00,1011,NA,16.2,57,NA
2021-05-16 18:00:00,1009.7,NA,19.5,46,NA
2021-05-16 21:00:00,1010,NA,17.3,58,NA
2021-05-17 12:00:00,NA,1023.5,7.2,94,NA
2021-05-17 15:00:00,NA,1023.5,15.2,63,NA
2021-05-17 18:00:00,NA,1021.4,18,38,NA
2021-05-17 21:00:00,NA,1021.6,15.4,56,NA
2021-05-18 00:00:00,1012.4,NA,10.6,71,NA
2021-05-18 12:00:00,1012.1,NA,6.9,84,NA
2021-05-18 15:00:00,1011.7,NA,15.6,55,NA
2021-05-18 18:00:00,1008.9,NA,18.4,50,NA
2021-05-18 21:00:00,1008.1,NA,15.8,59,NA
2021-05-19 12:00:00,NA,1016.9,8.8,89,NA
2021-05-19 15:00:00,NA,1017,14.6,66,NA
2021-05-19 18:00:00,NA,1014.7,15.8,58,NA
2021-05-19 21:00:00,NA,1015.1,13.4,82,NA
2021-05-20 00:00:00,1006.5,NA,12.6,83,NA
2021-05-20 12:00:00,1007,NA,10,94,NA
2021-05-20 15:00:00,1006.2,NA,13.6,80,NA
2021-05-20 18:00:00,1003.4,NA,17.1,57,NA
2021-05-20 21:00:00,1005.2,NA,13.7,79,NA
2021-05-21 12:00:00,NA,1013.9,10.7,97,NA
2021-05-21 15:00:00,NA,1011.6,11.7,89,NA
2021-05-21 18:00:00,NA,1010.9,10.8,95,NA
2021-05-21 21:00:00,NA,1010,10.8,96,NA
2021-05-22 00:00:00,1000.2,NA,11.1,97,NA
2021-05-22 12:00:00,994.9,NA,11.4,97,NA
2021-05-22 15:00:00,995.4,NA,12.1,94,NA
2021-05-22 18:00:00,995.3,NA,11.8,93,NA
2021-05-22 21:00:00,997,NA,11.6,92,NA
2021-05-23 12:00:00,NA,1014.1,9.5,91,NA
2021-05-23 15:00:00,NA,1015,14,73,NA
2021-05-23 18:00:00,NA,1014.3,13.3,74,NA
2021-05-23 21:00:00,NA,1015.4,11.8,79,NA
2021-05-24 00:00:00,NA,1016.1,9.4,87,NA
2021-05-25 12:00:00,NA,1016.5,9.6,69,NA
2021-05-25 15:00:00,NA,1018.9,16.4,50,NA
2021-05-25 18:00:00,NA,1018.1,17.5,35,NA
2021-05-25 21:00:00,NA,1018.2,13.8,47,NA
2021-05-26 00:00:00,NA,1019.4,8.6,63,NA
2021-05-27 12:00:00,NA,1011.3,10.4,78,NA
2021-05-27 15:00:00,1000.6,1009.7,19.9,54,NA
2021-05-27 18:00:00,995.8,1004.9,22.6,40,NA
2021-05-27 21:00:00,994.1,1003.1,20,51,NA
2021-05-28 00:00:00,NA,1002.6,15.7,70,NA
2021-05-29 00:00:00,998.1,NA,NA,NA,NA
2021-05-29 12:00:00,1007.4,1016.8,6,85,NA
2021-05-29 15:00:00,1009.7,1018.9,12,46,NA
2021-05-29 18:00:00,1008,1017.2,13.6,37,NA
2021-05-29 21:00:00,1008.2,1017.5,10.8,48,NA
2021-05-30 00:00:00,NA,1018.8,6.7,68,NA
2021-05-31 00:00:00,1007.8,NA,NA,NA,NA
2021-05-31 12:00:00,1006.2,1015.6,8.9,67,NA
2021-05-31 15:00:00,1006.8,1016,17.1,45,NA
2021-05-31 18:00:00,1004.8,1013.9,19,42,NA
2021-05-31 21:00:00,1004,1013.1,16.8,54,NA
2021-06-01 00:00:00,NA,1012.2,14.7,64,NA
2021-06-02 00:00:00,1000.1,NA,NA,NA,NA
2021-06-02 12:00:00,1006.6,1015.9,10,82,NA
2021-06-02 15:00:00,1008.2,1017.5,13.4,59,NA
2021-06-02 18:00:00,1007,1016.3,15.4,44,NA
2021-06-02 21:00:00,1007.2,1016.4,12.6,60,NA
2021-06-03 00:00:00,NA,1016.9,8.8,79,NA
2021-06-04 00:00:00,1000,NA,NA,NA,NA
2021-06-04 12:00:00,1001,1010.2,10.5,88,NA
2021-06-04 15:00:00,1000.9,1010,14.9,72,NA
2021-06-04 18:00:00,998.5,1007.6,17.3,68,NA
2021-06-04 21:00:00,999,1008.1,15.4,72,NA
2021-06-05 00:00:00,NA,1010.5,15,78,NA
2021-06-06 00:00:00,1012,NA,NA,NA,NA
2021-06-06 12:00:00,1013.3,1022.7,3.8,61,NA
2021-06-06 15:00:00,1013,1022.4,12.6,48,NA
2021-06-06 18:00:00,1011.4,1020.7,13.5,42,NA
2021-06-06 21:00:00,1012,1021.4,11.8,58,NA
2021-06-08 00:00:00,1011.2,NA,NA,NA,NA
2021-06-08 12:00:00,NA,1020.1,9.6,97,NA
2021-06-08 15:00:00,NA,1019.3,16.5,73,NA
2021-06-08 18:00:00,NA,1017,19,56,NA
2021-06-08 21:00:00,NA,1016.9,16,73,NA
2021-06-09 00:00:00,NA,1018,14.8,79,NA
2021-06-10 00:00:00,1007,NA,NA,NA,NA
2021-06-10 12:00:00,1010.9,1020.1,12,95,NA
2021-06-10 15:00:00,1013.3,1022.5,16.3,41,NA
2021-06-10 18:00:00,1012.6,1021.8,16.8,28,NA
2021-06-10 21:00:00,1013.4,1022.6,13.5,43,NA
2021-06-11 00:00:00,NA,1023.6,9.4,55,NA
2021-06-12 00:00:00,1007.4,NA,NA,NA,NA
2021-06-12 12:00:00,1006.2,1015.4,8.4,80,NA
2021-06-12 15:00:00,1006.8,1015.9,19.2,54,NA
2021-06-12 18:00:00,1004.2,1013.2,22.7,44,NA
2021-06-12 21:00:00,1003.8,1012.9,19.5,60,NA
2021-06-13 00:00:00,NA,1013.6,15.6,73,NA
2021-06-13 21:00:00,1003,NA,NA,NA,NA
2021-06-14 00:00:00,1005.3,NA,NA,NA,NA
2021-06-14 12:00:00,1011.3,1020.5,9.3,87,NA
2021-06-14 15:00:00,1013.6,1022.9,12.4,68,NA
2021-06-14 18:00:00,1014,1023.2,14.1,38,NA
2021-06-14 21:00:00,1015.8,1025.1,11.5,48,NA
2021-06-15 00:00:00,NA,1027.6,8.1,65,NA
2021-06-16 12:00:00,NA,1032.6,2.4,89,NA
2021-06-16 15:00:00,1023.8,1033.3,8.1,64,NA
2021-06-16 18:00:00,1021.8,1031.3,9.8,50,NA
2021-06-16 21:00:00,1022.2,1031.8,7.8,67,NA
2021-06-17 00:00:00,NA,1032.3,7,69,NA
2021-06-18 00:00:00,1021,NA,NA,NA,NA
2021-06-18 12:00:00,1020.9,1030.6,0.4,87,NA
2021-06-18 15:00:00,1021,1030.5,8.8,54,NA
2021-06-18 18:00:00,1018.5,1028,10.3,42,NA
2021-06-18 21:00:00,1018.5,1028.1,8,59,NA
2021-06-19 00:00:00,NA,1029,5.6,62,NA
2021-06-19 21:00:00,1016,NA,NA,NA,NA
2021-06-20 00:00:00,1016.5,NA,NA,NA,NA
2021-06-20 12:00:00,1015.2,1024.8,0.4,98,NA
2021-06-20 15:00:00,1014.9,1024.4,8.5,83,NA
2021-06-20 18:00:00,1012.4,1021.8,13.8,45,NA
2021-06-20 21:00:00,1012.2,1021.8,11,56,NA
2021-06-21 00:00:00,NA,1022.7,6.1,75,NA
2021-06-21 21:00:00,1011.4,NA,NA,NA,NA
2021-06-22 00:00:00,1013,NA,NA,NA,NA
2021-06-22 12:00:00,1013.7,1023.1,3.2,100,NA
2021-06-22 15:00:00,NA,1023.8,7.6,97,NA
2021-06-22 18:00:00,NA,1020.6,13.4,73,NA
2021-06-22 21:00:00,NA,1019.2,12.8,75,NA
2021-06-23 00:00:00,NA,1019,9.6,85,NA
2021-06-23 21:00:00,1002.9,NA,NA,NA,NA
2021-06-24 00:00:00,1002.5,NA,NA,NA,NA
2021-06-24 12:00:00,1004.4,1013.6,9.8,95,NA
2021-06-24 15:00:00,1004.4,1013.6,11.6,84,NA
2021-06-24 18:00:00,1002.1,1011.2,17.2,51,NA
2021-06-24 21:00:00,1002.6,1011.8,15.1,43,NA
2021-06-25 00:00:00,NA,1013,9.2,74,NA
2021-06-26 00:00:00,1004.2,NA,NA,NA,NA
2021-06-26 12:00:00,NA,1016.7,6.9,93,NA
2021-06-26 15:00:00,NA,1019.5,8.1,89,NA
2021-06-26 18:00:00,NA,1018.6,11.3,65,NA
2021-06-26 21:00:00,NA,1019.6,9.4,55,NA
2021-06-27 00:00:00,NA,1021.5,5.9,68,NA
2021-06-28 12:00:00,NA,1026.1,4,89,NA
2021-06-28 15:00:00,NA,1026.4,8.3,67,NA
2021-06-28 18:00:00,NA,1025.6,7.6,67,NA
2021-06-28 21:00:00,NA,1026,7.4,65,NA
2021-06-29 00:00:00,NA,1026.9,6.9,69,NA
2021-06-30 00:00:00,1018.6,NA,NA,NA,NA
2021-06-30 12:00:00,1016.8,1026.4,1.2,85,NA
2021-06-30 15:00:00,1016.4,1025.9,7.8,72,NA
2021-06-30 18:00:00,1013.4,1022.8,11.4,54,NA
2021-06-30 21:00:00,1012.2,1021.8,9.2,63,NA
2021-07-01 00:00:00,NA,1022.3,7.1,73,NA
