2021-01-07 00:00:00,1001.2,NA,NA,NA,NA
2021-01-07 12:00:00,1002.6,1006.9,19.6,69,NA
2021-01-07 15:00:00,1003.6,1007.8,24.4,51,NA
2021-01-07 18:00:00,1000.6,1004.8,29,28,NA
2021-01-07 21:00:00,998.6,1002.8,31.3,19,NA
2021-01-08 00:00:00,NA,1004.2,25.2,44,NA
2021-01-09 00:00:00,1007.7,NA,NA,NA,NA
2021-01-09 12:00:00,1009.6,1013.9,17,87,NA
2021-01-09 15:00:00,1008.6,1012.8,22.4,67,NA
2021-01-09 18:00:00,1006.1,1010.3,27,38,NA
2021-01-09 21:00:00,1003.8,1008.1,28.2,36,NA
2021-01-10 00:00:00,NA,1008.5,25.3,49,NA
2021-01-11 00:00:00,998.8,NA,NA,NA,NA
2021-01-11 12:00:00,1001.4,1005.7,18.3,87,NA
2021-01-11 15:00:00,1001.8,1006.1,19.2,82,NA
2021-01-11 18:00:00,1000.9,1005.1,25,57,NA
2021-01-11 21:00:00,1002.6,1006.8,27.2,37,NA
2021-01-12 00:00:00,NA,1011.2,21.7,51,NA
2021-01-13 00:00:00,1013,NA,NA,NA,NA
2021-01-13 12:00:00,1017.7,1021.9,19.5,62,NA
2021-01-13 15:00:00,1018.1,1022.3,24.7,33,NA
2021-01-13 18:00:00,1016.8,1021.1,26.6,27,NA
2021-01-13 21:00:00,1015,1019.3,26.8,21,NA
2021-01-14 00:00:00,NA,1020.5,20.7,34,NA
2021-01-15 00:00:00,1009.8,NA,NA,NA,NA
2021-01-15 12:00:00,1006.9,1011.2,18.5,90,NA
2021-01-15 15:00:00,1003.6,1007.8,20.4,79,NA
2021-01-15 18:00:00,1002.5,1006.6,24.2,66,NA
2021-01-15 21:00:00,1000.6,1004.8,25.8,60,NA
2021-01-16 00:00:00,NA,1005.4,23.2,72,NA
2021-01-17 00:00:00,1002.1,NA,NA,NA,NA
2021-01-17 12:00:00,1004.4,1008.6,16.8,68,NA
2021-01-17 15:00:00,1004.6,1008.9,20.2,53,NA
2021-01-17 18:00:00,NA,1008.5,21.3,48,NA
2021-01-17 21:00:00,NA,1008.8,23.6,38,NA
2021-01-18 00:00:00,NA,1010.5,18.4,59,NA
2021-01-19 12:00:00,NA,1017,22.7,60,NA
2021-01-19 15:00:00,NA,1017.3,28.8,32,NA
2021-01-19 18:00:00,NA,1015.8,31.2,31,NA
2021-01-19 21:00:00,NA,1015,32,27,NA
2021-01-20 00:00:00,NA,1015.3,25.5,52,NA
2021-01-21 12:00:00,NA,1020.4,23.2,68,NA
2021-01-21 15:00:00,NA,1020.1,28.8,40,NA
2021-01-21 18:00:00,NA,1018.9,30.7,35,NA
2021-01-21 21:00:00,NA,1016.6,31.4,30,NA
2021-01-22 00:00:00,NA,1018.2,25.2,57,NA
2021-01-23 12:00:00,NA,1015.9,25.2,73,NA
2021-01-23 15:00:00,NA,1014.7,30.6,53,NA
2021-01-23 18:00:00,NA,1012.9,33.2,34,NA
2021-01-23 21:00:00,NA,1011.5,33.6,33,NA
2021-01-24 00:00:00,NA,1010.8,29.3,48,NA
2021-01-25 12:00:00,NA,1006.8,25.6,66,NA
2021-01-25 15:00:00,NA,1005.9,32.2,46,NA
2021-01-25 18:00:00,NA,1004,34.7,38,NA
2021-01-25 21:00:00,NA,1001.9,36,27,NA
2021-01-26 00:00:00,NA,1001.6,30.8,49,NA
2021-01-26 15:00:00,998.9,NA,29,63,NA
2021-01-26 18:00:00,996.9,NA,31.8,53,NA
2021-01-27 12:00:00,NA,1007.7,20.2,73,NA
2021-01-27 15:00:00,NA,1008,24.7,50,NA
2021-01-27 18:00:00,NA,1004.9,28.5,36,NA
2021-01-27 21:00:00,NA,1003.6,29.8,24,NA
2021-01-28 00:00:00,NA,1003.3,24.3,53,NA
2021-01-29 12:00:00,NA,1005.5,19.1,85,NA
2021-01-29 15:00:00,NA,1004.2,24.7,60,NA
2021-01-29 18:00:00,NA,1002.6,28.8,41,NA
2021-01-29 21:00:00,NA,1001.5,30.3,35,NA
2021-01-30 00:00:00,NA,1002.6,23.7,52,NA
2021-01-31 00:00:00,1011.3,NA,NA,NA,NA
2021-01-31 12:00:00,1014.5,1018.9,15,69,NA
2021-01-31 15:00:00,1013.6,1017.8,19.4,60,NA
2021-01-31 18:00:00,1009.6,1013.9,22.2,57,NA
2021-01-31 21:00:00,1009,1013.3,21,61,NA
2021-02-01 00:00:00,1009,1013.3,17.7,74,NA
2021-02-02 00:00:00,1007.4,NA,NA,NA,NA
2021-02-02 12:00:00,1010.4,1014.6,16.7,87,NA
2021-02-02 15:00:00,1010.6,1014.9,20.8,75,NA
2021-02-02 18:00:00,1011.2,1015.5,24.2,69,NA
2021-02-02 21:00:00,1009.2,1013.3,26,52,NA
2021-02-03 00:00:00,NA,1012.4,20.2,67,NA
2021-02-04 00:00:00,1007.8,NA,NA,NA,NA
2021-02-04 12:00:00,1014.9,1019.2,17.2,78,NA
2021-02-04 15:00:00,1014.1,1018.3,23.7,37,NA
2021-02-04 18:00:00,1012.1,1016.3,28.2,36,NA
2021-02-04 21:00:00,1010.2,1014.5,30,30,NA
2021-02-05 00:00:00,NA,1014.6,21.4,63,NA
2021-02-05 12:00:00,NA,1017.1,15.8,84,NA
2021-02-05 15:00:00,NA,1017.1,22.3,53,NA
2021-02-05 18:00:00,NA,1014.6,28.5,40,NA
2021-02-05 21:00:00,NA,1011.7,30.5,33,NA
2021-02-06 00:00:00,1006.5,1010.8,24,53,NA
2021-02-06 12:00:00,1008.8,NA,NA,NA,NA
2021-02-06 15:00:00,1009.3,NA,NA,NA,NA
2021-02-06 18:00:00,1008.2,NA,NA,NA,NA
2021-02-06 21:00:00,1005.8,NA,NA,NA,NA
2021-02-07 21:00:00,1007.4,NA,NA,NA,NA
2021-02-08 12:00:00,NA,1019,15.2,82,NA
2021-02-08 15:00:00,NA,1019.6,19.1,70,NA
2021-02-08 18:00:00,NA,1018.4,21.2,56,NA
2021-02-08 21:00:00,NA,1017.9,21.1,63,NA
2021-02-09 00:00:00,NA,1019.5,17.3,73,NA
2021-02-10 12:00:00,NA,1017.4,19,78,NA
2021-02-10 15:00:00,NA,1020.7,24,63,NA
2021-02-10 18:00:00,NA,1020.2,26.1,52,NA
2021-02-10 21:00:00,1012.5,NA,26,54,NA
2021-02-11 00:00:00,1010.9,NA,20.5,92,NA
2021-02-11 12:00:00,1011.2,NA,20,88,NA
2021-02-11 15:00:00,1009.4,NA,24.3,67,NA
2021-02-11 18:00:00,1008.1,NA,21.2,62,NA
2021-02-11 21:00:00,1008.2,NA,20,60,NA
2021-02-12 12:00:00,NA,1012.3,20.2,89,NA
2021-02-12 15:00:00,NA,1012.6,24.5,68,NA
2021-02-12 18:00:00,NA,1010.7,25,65,NA
2021-02-12 21:00:00,NA,1008.5,20,59,NA
2021-02-13 00:00:00,1004.5,NA,20.5,87,NA
2021-02-13 12:00:00,1005.7,NA,20.5,84,NA
2021-02-13 15:00:00,1003.7,NA,25,67,NA
2021-02-13 18:00:00,1001,NA,28,59,NA
2021-02-13 21:00:00,1000.4,NA,22,66,NA
2021-02-14 12:00:00,NA,1005.9,19.4,85,NA
2021-02-14 15:00:00,NA,1006.9,26,62,NA
2021-02-14 18:00:00,NA,1004.9,28.4,54,NA
2021-02-14 21:00:00,NA,1003.1,26,63,NA
2021-02-15 00:00:00,1000.1,NA,19,82,NA
2021-02-15 12:00:00,1006,NA,20.2,75,NA
2021-02-15 15:00:00,1006.6,NA,23.4,59,NA
2021-02-15 18:00:00,1006,NA,26.5,47,NA
2021-02-15 21:00:00,1003.2,NA,25,55,NA
2021-02-16 12:00:00,NA,1010,17.5,76,NA
2021-02-16 15:00:00,NA,1010.2,20.7,70,NA
2021-02-16 18:00:00,NA,1008.4,22.3,64,NA
2021-02-16 21:00:00,NA,1005.8,22.5,67,NA
2021-02-17 00:00:00,1003.3,NA,19.2,72,NA
2021-02-17 12:00:00,1006,NA,17.2,82,NA
2021-02-17 15:00:00,1006.1,NA,21.5,69,NA
2021-02-17 18:00:00,1004.6,NA,25.8,45,NA
2021-02-18 12:00:00,NA,1008.7,18.2,77,NA
2021-02-18 15:00:00,NA,1007.8,27.8,40,NA
2021-02-18 18:00:00,NA,1005.9,33.6,22,NA
2021-02-18 21:00:00,999.2,NA,33,32,NA
2021-02-19 00:00:00,1000.2,NA,26,52,NA
2021-02-19 12:00:00,1006.2,NA,19.6,85,NA
2021-02-19 15:00:00,1007.8,NA,22,40,NA
2021-02-19 18:00:00,1008.2,NA,25,25,NA
2021-02-19 21:00:00,1007.6,NA,24.5,22,NA
2021-02-20 12:00:00,NA,1018.4,14,58,NA
2021-02-20 15:00:00,NA,1019.6,23,25,NA
2021-02-20 18:00:00,NA,1017.9,26,20,NA
2021-02-20 21:00:00,NA,1015.2,27,18,NA
2021-02-21 00:00:00,1011,NA,19,42,NA
2021-02-21 12:00:00,1010.5,NA,19.7,61,NA
2021-02-21 15:00:00,1009.3,NA,26,36,NA
2021-02-21 18:00:00,1006.5,NA,30.4,36,NA
2021-02-21 21:00:00,1004.5,NA,31,40,NA
2021-02-22 12:00:00,NA,1009.6,18.2,88,NA
2021-02-22 15:00:00,NA,1010.4,22.5,76,NA
2021-02-22 18:00:00,NA,1009.3,27,63,NA
2021-02-22 21:00:00,NA,1007,26.5,66,NA
2021-02-23 00:00:00,1004.4,NA,22,68,NA
2021-02-23 12:00:00,1009.7,NA,17.1,76,NA
2021-02-23 15:00:00,1011.2,NA,23.5,35,NA
2021-02-23 18:00:00,1010.4,NA,27,43,NA
2021-02-23 21:00:00,1007.6,NA,29,27,NA
2021-02-24 12:00:00,NA,1015.7,16,79,NA
2021-02-24 15:00:00,NA,1015.8,22.5,40,NA
2021-02-24 18:00:00,NA,1013.8,27.2,43,NA
2021-02-24 21:00:00,NA,1011.1,29.4,35,NA
2021-02-25 00:00:00,1006.2,NA,22,58,NA
2021-02-25 12:00:00,1010.2,NA,20.2,71,NA
2021-02-25 15:00:00,1011.3,NA,29.5,36,NA
2021-02-25 18:00:00,1009,NA,32.2,28,NA
2021-02-25 21:00:00,1005.7,NA,31.5,32,NA
2021-02-26 12:00:00,NA,1015.2,23,66,NA
2021-02-26 15:00:00,NA,1015.2,30,42,NA
2021-02-26 18:00:00,NA,1012.8,32,29,NA
2021-02-26 21:00:00,1006.9,NA,31,32,NA
2021-02-27 00:00:00,1009.8,NA,23.2,58,NA
2021-02-27 12:00:00,1015.3,NA,21.7,82,NA
2021-02-27 15:00:00,1016,NA,26.3,57,NA
2021-02-27 18:00:00,1013.7,NA,29,37,NA
2021-02-27 21:00:00,1013,NA,27.8,44,NA
2021-02-28 12:00:00,NA,1019.1,22.2,79,NA
2021-02-28 15:00:00,NA,1017.4,26,67,NA
2021-02-28 18:00:00,NA,1015.8,29,54,NA
2021-02-28 21:00:00,NA,1013.4,28,55,NA
2021-03-01 00:00:00,NA,1013.3,24,68,NA
2021-03-02 12:00:00,NA,1014.8,22.2,90,NA
2021-03-02 15:00:00,NA,1015.1,25.7,73,NA
2021-03-02 18:00:00,1009,1013.2,29.2,57,NA
2021-03-02 21:00:00,1007.2,1011.4,30,54,NA
2021-03-03 00:00:00,NA,1013.2,25,69,NA
2021-03-04 00:00:00,1011.3,NA,NA,NA,NA
2021-03-04 12:00:00,1010.4,1014.5,22.1,90,NA
2021-03-04 15:00:00,1009.4,1013.6,26,68,NA
2021-03-04 18:00:00,1008,1012.2,30.3,49,NA
2021-03-04 21:00:00,1005.8,1009.9,31,44,NA
2021-03-05 00:00:00,NA,1011.7,24,63,NA
2021-03-06 00:00:00,1008.1,NA,NA,NA,NA
2021-03-06 12:00:00,1011.7,1016.1,13.3,87,NA
2021-03-06 15:00:00,1011,1015.3,21.5,56,NA
2021-03-06 18:00:00,1008.5,1012.7,26,43,NA
2021-03-06 21:00:00,1007.7,1011.9,26.3,35,NA
2021-03-07 00:00:00,NA,1012,20.2,63,NA
2021-03-08 00:00:00,1004.2,NA,NA,NA,NA
2021-03-08 12:00:00,1008.8,1012.9,20.2,89,NA
2021-03-08 15:00:00,1010.4,1014.5,28.3,48,NA
2021-03-08 18:00:00,1010.4,1014.6,29,41,NA
2021-03-08 21:00:00,1010.4,1014.6,26.3,41,NA
2021-03-09 00:00:00,NA,1016.4,18.3,65,NA
2021-03-10 00:00:00,1010.6,NA,NA,NA,NA
2021-03-10 12:00:00,1009.8,1014.1,18,84,NA
2021-03-10 15:00:00,1008.5,1012.8,25,58,NA
2021-03-10 18:00:00,1005.2,1009.3,29.5,41,NA
2021-03-10 21:00:00,1002.4,1006.6,28.5,40,NA
2021-03-11 00:00:00,NA,1005.2,24.2,59,NA
2021-03-12 00:00:00,1006.6,NA,NA,NA,NA
2021-03-12 12:00:00,1011.4,1015.7,14.3,83,NA
2021-03-12 15:00:00,1011.4,1015.7,24.8,27,NA
2021-03-12 18:00:00,1009.2,1013.4,28.2,30,NA
2021-03-12 21:00:00,1007.4,1011.7,29,33,NA
2021-03-13 00:00:00,NA,1011.9,20.3,58,NA
2021-03-14 12:00:00,NA,1018.5,18,83,NA
2021-03-14 15:00:00,NA,1018.2,26,56,NA
2021-03-14 18:00:00,NA,1016.5,29,33,NA
2021-03-14 21:00:00,NA,1015.3,28.5,30,NA
2021-03-15 00:00:00,NA,1015.1,22,47,NA
2021-03-15 12:00:00,1011,NA,20.3,86,NA
2021-03-15 15:00:00,1010.5,NA,25.6,54,NA
2021-03-15 18:00:00,1009,NA,29.1,40,NA
2021-03-16 12:00:00,NA,1010.9,20.1,98,NA
2021-03-16 15:00:00,NA,1009.7,19.8,97,NA
2021-03-16 18:00:00,NA,1006.2,20,97,NA
2021-03-16 21:00:00,NA,1003.5,20.4,95,NA
2021-03-17 00:00:00,997.8,NA,20,95,NA
2021-03-17 12:00:00,1008.9,NA,15.2,92,NA
2021-03-18 12:00:00,NA,1020.4,9.5,91,NA
2021-03-18 15:00:00,NA,1020.3,17.4,46,NA
2021-03-18 18:00:00,NA,1017.8,18.3,35,NA
2021-03-18 21:00:00,NA,1015.5,17.5,49,NA
2021-03-19 00:00:00,1011.3,NA,13,78,NA
2021-03-19 12:00:00,1013,NA,11.3,86,NA
2021-03-19 15:00:00,1012.4,NA,19.5,55,NA
2021-03-19 18:00:00,1010.1,NA,21.4,47,NA
2021-03-19 21:00:00,1008.2,NA,22,53,NA
2021-03-20 12:00:00,NA,1014.5,17,98,NA
2021-03-20 15:00:00,NA,1016.1,16.5,88,NA
2021-03-20 18:00:00,NA,1014.6,21,74,NA
2021-03-20 21:00:00,NA,1014.1,22,66,NA
2021-03-21 00:00:00,1010.6,NA,16,92,NA
2021-03-21 12:00:00,1015.7,NA,13.4,95,NA
2021-03-21 15:00:00,1017,NA,19.4,64,NA
2021-03-21 18:00:00,1016.4,NA,22.7,50,NA
2021-03-21 21:00:00,1015.8,NA,22,47,NA
2021-03-22 12:00:00,NA,1022.8,10.6,92,NA
2021-03-22 15:00:00,NA,1022,20.2,61,NA
2021-03-22 18:00:00,NA,1019.6,24,48,NA
2021-03-22 21:00:00,NA,1017.7,23,53,NA
2021-03-23 00:00:00,1013.6,NA,17.4,73,NA
2021-03-23 12:00:00,1013.7,NA,14.7,98,NA
2021-03-23 15:00:00,1012.9,NA,22.5,59,NA
2021-03-23 18:00:00,1008.6,NA,26,45,NA
2021-03-23 21:00:00,1007.8,NA,26.5,43,NA
2021-03-24 12:00:00,NA,1016.2,18,98,NA
2021-03-24 15:00:00,NA,1016,25.1,68,NA
2021-03-24 18:00:00,NA,1012.6,28.5,49,NA
2021-03-24 21:00:00,NA,1010.5,26,59,NA
2021-03-25 00:00:00,1007.2,NA,22.5,73,NA
2021-03-25 12:00:00,1008.8,NA,19.3,96,NA
2021-03-25 15:00:00,1007.8,NA,20,98,NA
2021-03-25 18:00:00,1006,NA,20.2,96,NA
2021-03-25 21:00:00,1004.5,NA,21,95,NA
2021-03-26 12:00:00,NA,1011,19,93,NA
2021-03-26 15:00:00,NA,1011.2,20.2,89,NA
2021-03-26 18:00:00,NA,1009.8,18,97,NA
2021-03-26 21:00:00,NA,1009,18.2,95,NA
2021-03-27 00:00:00,1006.8,NA,17.6,96,NA
2021-03-27 12:00:00,1008.1,NA,17.1,92,NA
2021-03-27 15:00:00,1008,NA,18.7,98,NA
2021-03-27 18:00:00,1007.3,NA,18,98,NA
2021-03-27 21:00:00,1006.5,NA,17,92,NA
2021-03-28 12:00:00,NA,1012.5,17.3,97,NA
2021-03-28 15:00:00,NA,1013.7,21.1,83,NA
2021-03-28 18:00:00,NA,1011.7,24,68,NA
2021-03-28 21:00:00,1006.5,NA,23.5,63,NA
2021-03-29 00:00:00,1006.6,NA,19,93,NA
2021-03-29 12:00:00,1012.4,NA,14.2,90,NA
2021-03-29 15:00:00,1013.4,NA,19.4,73,NA
2021-03-29 18:00:00,1012.6,NA,21.1,48,NA
2021-03-29 21:00:00,1012.2,NA,24.1,37,NA
2021-03-30 12:00:00,NA,1019.7,11.3,97,NA
2021-03-30 15:00:00,NA,1020,19.5,60,NA
2021-03-30 18:00:00,NA,1018.1,22.8,46,NA
2021-03-30 21:00:00,NA,1017.2,26,51,NA
2021-03-31 00:00:00,1012.6,NA,15.5,63,NA
2021-03-31 15:00:00,1015.6,NA,20,64,NA
2021-03-31 18:00:00,1013.8,NA,22.7,37,NA
2021-03-31 21:00:00,1011.7,NA,22,51,NA
2021-04-01 12:00:00,NA,1019.8,14.1,88,NA
2021-04-01 15:00:00,NA,1019.7,19.1,67,NA
2021-04-01 18:00:00,NA,1018,22.3,55,NA
2021-04-01 21:00:00,NA,1017,21.1,60,NA
2021-04-02 00:00:00,1014.2,NA,18.1,89,NA
2021-04-02 12:00:00,1016.1,NA,15.9,89,NA
2021-04-02 15:00:00,1016,NA,21.9,68,NA
2021-04-02 18:00:00,1014.5,NA,23.3,51,NA
2021-04-02 21:00:00,1014,NA,23,47,NA
2021-04-03 12:00:00,NA,1020.2,16.3,96,NA
2021-04-03 15:00:00,NA,1020.1,21.6,69,NA
2021-04-03 18:00:00,NA,1017.9,25.5,42,NA
2021-04-03 21:00:00,1013.2,NA,24,43,NA
2021-04-04 00:00:00,1013.6,NA,20,64,NA
2021-04-04 12:00:00,1015.4,NA,18.2,98,NA
2021-04-04 15:00:00,1013.7,NA,24.5,64,NA
2021-04-04 18:00:00,1010.2,NA,26,48,NA
2021-04-04 21:00:00,1008,NA,25,54,NA
2021-04-05 09:00:00,NA,1015.2,15.9,98,NA
2021-04-05 12:00:00,NA,1015.9,17.2,96,NA
2021-04-05 15:00:00,NA,1015.1,25.4,63,NA
2021-04-05 18:00:00,NA,1013.1,27.8,46,NA
2021-04-05 21:00:00,NA,1013.6,27,43,NA
2021-04-06 00:00:00,1011.2,NA,21.5,82,NA
2021-04-06 09:00:00,1012.4,NA,18,98,NA
2021-04-06 12:00:00,1014.1,NA,19.2,98,NA
2021-04-06 15:00:00,1014.9,NA,25,62,NA
2021-04-06 18:00:00,1012.2,NA,28,55,NA
2021-04-06 21:00:00,1010.2,NA,27.2,58,NA
2021-04-07 09:00:00,NA,1015.4,19.6,95,NA
2021-04-07 12:00:00,NA,1015.9,20.7,90,NA
2021-04-07 15:00:00,NA,1015.6,26.8,63,NA
2021-04-07 18:00:00,NA,1013.1,29.1,47,NA
2021-04-07 21:00:00,NA,1011.7,28.8,50,NA
2021-04-08 00:00:00,NA,1012.9,24,76,NA
2021-04-08 15:00:00,1006.2,NA,23.5,72,NA
2021-04-08 18:00:00,1005.4,NA,25,76,NA
2021-04-08 21:00:00,1007,NA,17.3,63,NA
2021-04-09 09:00:00,NA,1012.3,16,98,NA
2021-04-09 12:00:00,NA,1013.1,16.2,96,NA
2021-04-09 15:00:00,NA,1013.8,19.1,89,NA
2021-04-09 18:00:00,NA,1013.1,21.9,78,NA
2021-04-09 21:00:00,NA,1013.8,19.9,89,NA
2021-04-10 00:00:00,NA,1015.1,19.7,89,NA
2021-04-11 09:00:00,NA,1006.8,13.8,93,NA
2021-04-11 12:00:00,NA,1010.6,14.6,93,NA
2021-04-11 15:00:00,NA,1013.5,17.8,69,NA
2021-04-11 18:00:00,NA,1013.5,20,58,NA
2021-04-11 21:00:00,NA,1014.5,20.6,51,NA
2021-04-12 00:00:00,NA,1016.4,15,77,NA
2021-04-13 09:00:00,NA,1020,11.1,92,NA
2021-04-13 12:00:00,1016.9,1021.2,13.5,83,NA
2021-04-13 15:00:00,1017.6,1021.9,22,62,NA
2021-04-13 18:00:00,1014.8,1019.1,25,46,NA
2021-04-13 21:00:00,1014.1,1018.4,24.5,47,NA
2021-04-14 00:00:00,NA,1017.1,18.1,70,NA
2021-04-15 00:00:00,1010.5,NA,NA,NA,NA
2021-04-15 09:00:00,1009.7,1014,11,100,NA
2021-04-15 12:00:00,1010.4,1014.7,15,100,NA
2021-04-15 15:00:00,1010.6,1014.9,23,63,NA
2021-04-15 18:00:00,1007.2,1011.4,26,56,NA
2021-04-15 21:00:00,1006.5,1010.8,25.5,50,NA
2021-04-16 00:00:00,NA,1011.9,17,88,NA
2021-04-17 00:00:00,1010,NA,NA,NA,NA
2021-04-17 09:00:00,1012.1,1016.4,13.2,99,NA
2021-04-17 12:00:00,1013.3,1017.6,14.4,97,NA
2021-04-17 15:00:00,1013.7,1018,23.3,68,NA
2021-04-17 18:00:00,1011.4,1015.7,25.1,59,NA
2021-04-17 21:00:00,1011.3,1015.5,25,57,NA
2021-04-18 00:00:00,NA,1016.7,19.9,86,NA
2021-04-18 21:00:00,1012.5,NA,NA,NA,NA
2021-04-19 00:00:00,1012.4,NA,NA,NA,NA
2021-04-19 09:00:00,1014.8,1019.1,13.5,97,NA
2021-04-19 12:00:00,1015.8,1020.2,16.2,91,NA
2021-04-19 15:00:00,1016,1020.2,22.7,58,NA
2021-04-19 18:00:00,1014.2,1018.4,25,48,NA
2021-04-19 21:00:00,1013.8,1018.1,22.8,46,NA
2021-04-20 00:00:00,NA,1018.8,18.7,76,NA
2021-04-21 00:00:00,1015.2,NA,NA,NA,NA
2021-04-21 09:00:00,1015.4,1019.8,16,93,NA
2021-04-21 12:00:00,1016.2,1020.5,17.1,94,NA
2021-04-21 15:00:00,1014.1,1018.4,22,68,NA
2021-04-21 18:00:00,1011.6,1015.9,23.4,61,NA
2021-04-21 21:00:00,1009.3,1013.6,23,65,NA
2021-04-22 00:00:00,NA,1013.8,20,83,NA
2021-04-23 00:00:00,1008.4,NA,NA,NA,NA
2021-04-23 09:00:00,NA,1013.4,15.5,100,NA
2021-04-23 12:00:00,NA,1014.8,16.1,100,NA
2021-04-23 15:00:00,NA,1013.9,23.1,64,NA
2021-04-23 18:00:00,NA,1011.1,25.6,57,NA
2021-04-23 21:00:00,NA,1010.3,23.1,65,NA
2021-04-24 00:00:00,NA,1012.4,15.8,100,NA
2021-04-25 09:00:00,NA,1018.2,8.6,100,NA
2021-04-25 12:00:00,NA,1019.6,10.2,100,NA
2021-04-25 15:00:00,NA,1019.6,18,77,NA
2021-04-25 18:00:00,NA,1018.5,18.8,65,NA
2021-04-25 21:00:00,NA,1018.8,18.1,74,NA
2021-04-26 00:00:00,NA,1019.8,15.8,86,NA
2021-04-27 09:00:00,NA,1019.9,9.2,94,NA
2021-04-27 12:00:00,NA,1020,12.3,93,NA
2021-04-27 15:00:00,NA,1020.2,19,68,NA
2021-04-27 18:00:00,NA,1017.5,21.7,42,NA
2021-04-27 21:00:00,NA,1016.7,21.4,87,NA
2021-04-28 00:00:00,1013,NA,15,78,NA
2021-04-28 09:00:00,1014.6,NA,9.8,96,NA
2021-04-28 12:00:00,1016.2,NA,11.7,91,NA
2021-04-28 15:00:00,1016.6,NA,20,60,NA
2021-04-28 18:00:00,1014.2,NA,23.3,46,NA
2021-04-28 21:00:00,1013.7,NA,21.7,41,NA
2021-04-29 09:00:00,NA,1021.4,11,94,NA
2021-04-29 12:00:00,NA,1023.1,12.4,92,NA
2021-04-29 15:00:00,NA,1024.4,20.3,70,NA
2021-04-29 18:00:00,NA,1020.2,23.1,54,NA
2021-04-29 21:00:00,NA,1018.1,21.5,57,NA
2021-04-30 00:00:00,1014,NA,17,76,NA
2021-04-30 09:00:00,1015.7,NA,11.1,96,NA
2021-04-30 12:00:00,1015.6,NA,11.5,97,NA
2021-04-30 15:00:00,1014.6,NA,19.3,62,NA
2021-04-30 18:00:00,1012.1,NA,22,46,NA
2021-04-30 21:00:00,1010.9,NA,20.4,50,NA
2021-05-01 09:00:00,NA,1015.1,13.3,94,NA
2021-05-01 12:00:00,NA,1016.2,12.4,91,NA
2021-05-01 15:00:00,NA,1016.1,21.1,61,NA
2021-05-01 18:00:00,NA,1013.1,24.7,41,NA
2021-05-01 21:00:00,NA,1013.2,23,44,NA
2021-05-02 00:00:00,1009.4,NA,18.9,68,NA
2021-05-02 09:00:00,1008.9,NA,15.9,85,NA
2021-05-02 12:00:00,1009.3,NA,16.7,82,NA
2021-05-02 15:00:00,1008.8,NA,22,63,NA
2021-05-02 18:00:00,1006.4,NA,25.6,57,NA
2021-05-02 21:00:00,1005.6,NA,24.1,79,NA
2021-05-03 09:00:00,NA,1010.4,18.3,100,NA
2021-05-03 12:00:00,NA,1009.9,18,100,NA
2021-05-03 15:00:00,NA,1010.5,17.4,100,NA
2021-05-03 18:00:00,NA,1009,14.3,97,NA
2021-05-03 21:00:00,1006.5,NA,14,99,NA
2021-05-04 00:00:00,1008.6,NA,13.5,96,NA
2021-05-04 09:00:00,1015.3,NA,6.8,95,NA
2021-05-04 12:00:00,1017.8,NA,6.6,82,NA
2021-05-04 15:00:00,1018.8,NA,13,66,NA
2021-05-04 18:00:00,1017.7,NA,15.1,52,NA
2021-05-04 21:00:00,1019.8,NA,11.4,65,NA
2021-05-05 09:00:00,NA,1027,2.3,97,NA
2021-05-05 12:00:00,NA,1027.3,3.1,100,NA
2021-05-05 15:00:00,NA,1026.6,11.3,52,NA
2021-05-05 18:00:00,NA,1025,13,49,NA
2021-05-05 21:00:00,NA,1024.6,11.2,60,NA
2021-05-06 00:00:00,1021.4,NA,8,86,NA
2021-05-06 09:00:00,1021.7,NA,1.6,97,NA
2021-05-06 12:00:00,1022,NA,3,88,NA
2021-05-06 15:00:00,1021.2,NA,15,82,NA
2021-05-06 18:00:00,1019.2,NA,16.4,53,NA
2021-05-06 21:00:00,1018.1,NA,14,57,NA
2021-05-07 09:00:00,NA,1025,3,100,NA
2021-05-07 12:00:00,NA,1026,5,100,NA
2021-05-07 15:00:00,NA,1026.3,14.9,64,NA
2021-05-07 18:00:00,NA,1024.6,17,47,NA
2021-05-07 21:00:00,1020.5,NA,15.8,54,NA
2021-05-08 00:00:00,1021.4,NA,10.5,85,NA
2021-05-08 09:00:00,1022.1,NA,6.1,99,NA
2021-05-08 12:00:00,1022.2,NA,6.7,100,NA
2021-05-08 15:00:00,1022.2,NA,16.2,63,NA
2021-05-08 18:00:00,1020.4,NA,17.4,56,NA
2021-05-08 21:00:00,1019.7,NA,16.1,60,NA
2021-05-09 09:00:00,NA,1023.2,6.9,100,NA
2021-05-09 12:00:00,NA,1023.4,7.4,100,NA
2021-05-09 15:00:00,NA,1023.2,12.9,99,NA
2021-05-09 18:00:00,NA,1020.6,14.8,89,NA
2021-05-09 21:00:00,NA,1020.3,14.4,91,NA
2021-05-10 00:00:00,1015.7,NA,12,99,NA
2021-05-10 09:00:00,1016.5,NA,6.8,100,NA
2021-05-10 12:00:00,1019.3,NA,7.1,100,NA
2021-05-10 15:00:00,1019,NA,14,78,NA
2021-05-10 18:00:00,1018.5,NA,15.3,56,NA
2021-05-10 21:00:00,1018,NA,12.5,63,NA
2021-05-11 09:00:00,NA,1024.9,2,86,NA
2021-05-11 12:00:00,NA,1024.5,3,83,NA
2021-05-11 15:00:00,NA,1024,13.5,58,NA
2021-05-11 18:00:00,NA,1021.7,15.3,47,NA
2021-05-11 21:00:00,NA,1021.1,13,61,NA
2021-05-12 00:00:00,1017,NA,8,74,NA
2021-05-12 12:00:00,1017,NA,3.4,76,NA
2021-05-12 15:00:00,1016,NA,14.3,40,NA
2021-05-12 18:00:00,1013.3,NA,18.3,33,NA
2021-05-12 21:00:00,1012.8,NA,16.1,45,NA
2021-05-13 09:00:00,NA,1019.9,5.4,94,NA
2021-05-13 12:00:00,NA,1022,5.3,91,NA
2021-05-13 15:00:00,NA,1021.9,15.1,63,NA
2021-05-13 18:00:00,NA,1020.5,19.2,48,NA
2021-05-13 21:00:00,NA,1020.1,18,59,NA
2021-05-14 00:00:00,1017.3,NA,11,87,NA
2021-05-14 09:00:00,1017.3,NA,3.6,95,NA
2021-05-14 12:00:00,1017.7,NA,3.3,99,NA
2021-05-14 15:00:00,1017.4,NA,14.9,58,NA
2021-05-14 18:00:00,1014.5,NA,17.7,47,NA
2021-05-14 21:00:00,1014,NA,16.2,46,NA
2021-05-15 09:00:00,NA,1019,6.2,90,NA
2021-05-15 12:00:00,NA,1020.2,3.1,100,NA
2021-05-15 15:00:00,NA,1020.1,15.2,65,NA
2021-05-15 18:00:00,NA,1018.3,18.4,48,NA
2021-05-15 21:00:00,NA,1018.1,17,53,NA
2021-05-16 00:00:00,1014.6,NA,13.2,67,NA
2021-05-16 09:00:00,1014.2,NA,6.4,100,NA
2021-05-16 12:00:00,1015.6,NA,5.6,100,NA
2021-05-16 15:00:00,1015.7,NA,14.9,65,NA
2021-05-16 18:00:00,1013.7,NA,16,63,NA
2021-05-16 21:00:00,1014,NA,14.5,74,NA
2021-05-17 09:00:00,NA,1021,5.2,100,NA
2021-05-17 12:00:00,NA,1022.7,3.7,100,NA
2021-05-17 15:00:00,NA,1022.4,14,89,NA
2021-05-17 18:00:00,NA,1020.5,16.5,58,NA
2021-05-17 21:00:00,NA,1019.9,14.4,64,NA
2021-05-18 00:00:00,1015.6,NA,8,89,NA
2021-05-18 12:00:00,1016.9,NA,1.8,100,NA
2021-05-18 15:00:00,1017.2,NA,14.1,62,NA
2021-05-18 18:00:00,1014.2,NA,16.6,50,NA
2021-05-18 21:00:00,1013.3,NA,13.9,60,NA
2021-05-19 09:00:00,NA,1017.7,6.5,100,NA
2021-05-19 12:00:00,NA,1017.6,6.3,100,NA
2021-05-19 15:00:00,NA,1016.4,14.1,69,NA
2021-05-19 18:00:00,NA,1014.4,16.1,59,NA
2021-05-19 21:00:00,NA,1013.7,14,70,NA
2021-05-20 00:00:00,1009.3,NA,11.5,91,NA
2021-05-20 09:00:00,1011.6,NA,7.7,97,NA
2021-05-20 12:00:00,1012.8,NA,7.2,100,NA
2021-05-20 15:00:00,1012.6,NA,13.5,80,NA
2021-05-20 18:00:00,1009.3,NA,16.4,55,NA
2021-05-20 21:00:00,1009,NA,14.9,73,NA
2021-05-21 09:00:00,NA,1012.1,12.4,100,NA
2021-05-21 12:00:00,NA,1011.4,13.2,97,NA
2021-05-21 15:00:00,NA,1013.3,14.4,100,NA
2021-05-21 18:00:00,NA,1010.6,14.2,96,NA
2021-05-21 21:00:00,NA,1009.7,13.8,99,NA
2021-05-22 00:00:00,1004.8,NA,13.4,100,NA
2021-05-22 09:00:00,998,NA,12.6,100,NA
2021-05-22 12:00:00,997,NA,12.7,96,NA
2021-05-22 15:00:00,996.5,NA,12.6,96,NA
2021-05-22 18:00:00,993.8,NA,13,100,NA
2021-05-22 21:00:00,995.3,NA,13,97,NA
2021-05-23 09:00:00,NA,1006.3,11,86,NA
2021-05-23 12:00:00,NA,1008.8,10.3,89,NA
2021-05-23 15:00:00,NA,1010.2,12.6,79,NA
2021-05-23 18:00:00,NA,1010.3,13.9,73,NA
2021-05-23 21:00:00,NA,1011.3,12.2,86,NA
2021-05-24 00:00:00,NA,1013,10,97,NA
2021-05-25 09:00:00,NA,1010.6,7.7,83,NA
2021-05-25 12:00:00,NA,1014.4,7.3,94,NA
2021-05-25 15:00:00,NA,1016.7,14.5,51,NA
2021-05-25 18:00:00,NA,1016.8,15,40,NA
2021-05-25 21:00:00,NA,1017.6,10.7,56,NA
2021-05-26 00:00:00,NA,1018.2,5.8,81,NA
2021-05-27 09:00:00,NA,1010.8,8,100,NA
2021-05-27 12:00:00,NA,1010.5,9.1,86,NA
2021-05-27 15:00:00,1005,1009.4,16.6,67,NA
2021-05-27 18:00:00,1000,1004.2,21,50,NA
2021-05-27 21:00:00,998.1,1002.3,18.9,58,NA
2021-05-28 00:00:00,NA,1002.2,15.2,80,NA
2021-05-29 00:00:00,1000.4,NA,NA,NA,NA
2021-05-29 09:00:00,1006.5,1010.9,7.8,97,NA
2021-05-29 12:00:00,1008.9,1013.3,4.9,89,NA
2021-05-29 15:00:00,1011.4,1015.8,8.2,59,NA
2021-05-29 18:00:00,1010.8,1015.1,10.5,43,NA
2021-05-29 21:00:00,1010.9,1015.3,8.4,57,NA
2021-05-31 00:00:00,1011.3,NA,NA,NA,NA
2021-05-31 09:00:00,1008.4,1012.8,7,100,NA
2021-05-31 12:00:00,1008.8,1013.2,7.5,83,NA
2021-05-31 18:00:00,1008.1,1012.5,16.4,53,NA
2021-05-31 21:00:00,1007,1011.3,14,69,NA
2021-06-01 00:00:00,NA,1011.3,13.1,73,NA
2021-06-02 00:00:00,1002,NA,NA,NA,NA
2021-06-02 09:00:00,1005.4,1009.8,7.2,100,NA
2021-06-02 12:00:00,1006.5,1010.9,6.2,100,NA
2021-06-02 15:00:00,1010.4,1014.8,12,69,NA
2021-06-02 18:00:00,1009,1013.3,13.4,57,NA
2021-06-02 21:00:00,1008.5,1012.9,10,64,NA
2021-06-03 00:00:00,NA,1014.4,8,74,NA
2021-06-04 00:00:00,1004.4,NA,NA,NA,NA
2021-06-04 09:00:00,1004.1,1008.4,10.3,92,NA
2021-06-04 12:00:00,1006,1010.3,10.1,96,NA
2021-06-04 15:00:00,1006,1010.3,14.1,84,NA
2021-06-04 18:00:00,1003.4,1007.8,15.8,76,NA
2021-06-04 21:00:00,1003.2,1007.5,15.1,86,NA
2021-06-05 00:00:00,NA,1010.3,13.8,99,NA
2021-06-06 00:00:00,1014.5,NA,NA,NA,NA
2021-06-06 09:00:00,1017.2,1021.8,0.6,100,NA
2021-06-06 12:00:00,1017.7,1022.2,0.5,98,NA
2021-06-06 15:00:00,1018.1,1022.6,11,62,NA
2021-06-06 18:00:00,1016.6,1021.1,12.5,47,NA
2021-06-06 21:00:00,1016.4,1020.8,10.6,64,NA
2021-06-07 00:00:00,NA,1021.8,8.2,77,NA
2021-06-07 21:00:00,1013.7,NA,NA,NA,NA
2021-06-08 00:00:00,1013.7,NA,NA,NA,NA
2021-06-08 09:00:00,1015.7,1020.1,8.5,100,NA
2021-06-08 12:00:00,NA,1020.3,10.1,99,NA
2021-06-08 15:00:00,NA,1020.4,14.4,79,NA
2021-06-08 18:00:00,NA,1017.1,17.2,67,NA
2021-06-08 21:00:00,NA,1017.8,16.1,75,NA
2021-06-09 00:00:00,NA,1018.9,13.4,97,NA
2021-06-10 00:00:00,1012.2,NA,NA,NA,NA
2021-06-10 09:00:00,1011.4,1015.8,11.3,100,NA
2021-06-10 12:00:00,1013,1017.4,10.8,97,NA
2021-06-10 15:00:00,1014.8,1019.2,16,75,NA
2021-06-10 18:00:00,1014.1,1018.5,15.7,35,NA
2021-06-10 21:00:00,1015.2,1019.5,11,53,NA
2021-06-11 00:00:00,NA,1021.6,5.9,87,NA
2021-06-12 00:00:00,1010.8,NA,NA,NA,NA
2021-06-12 09:00:00,1008.6,1013,8.8,92,NA
2021-06-12 12:00:00,1009.7,1014.1,7.9,92,NA
2021-06-12 15:00:00,1010,1014.3,17.5,66,NA
2021-06-12 18:00:00,1008.2,1012.5,22,49,NA
2021-06-12 21:00:00,1008.1,1012.5,19.1,61,NA
2021-06-13 00:00:00,NA,1013.2,14.8,82,NA
2021-06-13 21:00:00,1008,NA,NA,NA,NA
2021-06-14 00:00:00,1009,NA,NA,NA,NA
2021-06-14 09:00:00,1011.7,1016.1,8.5,100,NA
2021-06-14 12:00:00,1012.4,1016.7,9.1,100,NA
2021-06-14 15:00:00,1015.6,1019.9,13,73,NA
2021-06-14 18:00:00,1017.8,1022.2,14,70,NA
2021-06-14 21:00:00,1020.1,1024.5,11,74,NA
2021-06-15 00:00:00,NA,1027,7.5,79,NA
2021-06-16 09:00:00,NA,1030.5,2.1,100,NA
2021-06-16 12:00:00,NA,1031.1,0.2,100,NA
2021-06-16 15:00:00,1027.6,1032.2,7,69,NA
2021-06-16 18:00:00,1027.4,1032,9,70,NA
2021-06-16 21:00:00,1027,1031.5,8,69,NA
2021-06-17 00:00:00,NA,1030,4.3,73,NA
2021-06-18 00:00:00,1025.3,NA,NA,NA,NA
2021-06-18 09:00:00,1026.1,1030.6,-0.7,99,NA
2021-06-18 12:00:00,1025.8,1030.4,-1.7,99,NA
2021-06-18 15:00:00,1025,1029.6,7.4,78,NA
2021-06-18 18:00:00,1023.4,1028,8.3,51,NA
2021-06-18 21:00:00,1022.8,1027.4,6.8,63,NA
2021-06-19 00:00:00,NA,1028.6,3.1,93,NA
2021-06-19 21:00:00,1020.8,NA,NA,NA,NA
2021-06-20 00:00:00,1021,NA,NA,NA,NA
2021-06-20 09:00:00,1018.9,1023.4,1.9,100,NA
2021-06-20 12:00:00,1019,1023.6,1.4,100,NA
2021-06-20 15:00:00,1019,1023.5,10.1,76,NA
2021-06-20 18:00:00,1017.3,1021.8,13.9,38,NA
2021-06-20 21:00:00,1016.9,1021.3,10.7,48,NA
2021-06-21 00:00:00,NA,1022.2,6.5,67,NA
2021-06-21 21:00:00,1016.4,NA,NA,NA,NA
2021-06-22 00:00:00,1016.8,NA,NA,NA,NA
2021-06-22 09:00:00,1018.6,1023.2,0.9,100,NA
2021-06-22 12:00:00,1018.9,1023.5,2.1,98,NA
2021-06-22 15:00:00,NA,1024.3,10.2,92,NA
2021-06-22 18:00:00,NA,1021.7,12,67,NA
2021-06-22 21:00:00,NA,1021.1,12.7,66,NA
2021-06-23 00:00:00,NA,1020.8,9.8,90,NA
2021-06-24 00:00:00,1005.3,NA,NA,NA,NA
2021-06-24 09:00:00,1005,1009.3,11,94,NA
2021-06-24 12:00:00,1006.8,1011.1,9.1,92,NA
2021-06-24 15:00:00,1006.6,1011,13.2,81,NA
2021-06-24 18:00:00,1004.1,1008.4,16,43,NA
2021-06-24 21:00:00,1004.8,1009.1,13.4,50,NA
2021-06-25 00:00:00,NA,1010.6,8.4,65,NA
2021-06-26 00:00:00,1009.7,NA,NA,NA,NA
2021-06-26 09:00:00,1010.2,1014.6,9.3,83,NA
2021-06-26 12:00:00,NA,1016.2,8.3,84,NA
2021-06-26 15:00:00,NA,1017.9,7.2,100,NA
2021-06-26 18:00:00,NA,1017.2,7.4,93,NA
2021-06-26 21:00:00,NA,1017,7.2,95,NA
2021-06-27 00:00:00,NA,1018,7,99,NA
2021-06-28 09:00:00,NA,1019.8,6.3,94,NA
2021-06-28 12:00:00,NA,1021.2,5.4,89,NA
2021-06-28 15:00:00,NA,1022.5,8,74,NA
2021-06-28 18:00:00,NA,1022.8,9.2,73,NA
2021-06-28 21:00:00,NA,1022.8,9.2,73,NA
2021-06-29 00:00:00,NA,1022.8,6,85,NA
2021-06-30 00:00:00,1022.5,NA,NA,NA,NA
2021-06-30 09:00:00,1023.7,1028.2,0.4,98,NA
2021-06-30 12:00:00,1021.4,1026,1,100,NA
2021-06-30 15:00:00,1021.2,1025.6,7.7,74,NA
2021-06-30 18:00:00,1019,1023.5,10.1,68,NA
2021-06-30 21:00:00,1016.5,1021,8.4,73,NA
2021-07-01 00:00:00,NA,1020.2,6.3,68,NA
