2021-01-07 00:00:00,1004.2,NA,NA,NA,NA
2021-01-07 12:00:00,1006.8,1009.8,20.8,74,NA
2021-01-07 13:00:00,1006.8,1009.8,23.2,67,NA
2021-01-07 14:00:00,1006.5,1009.5,25.4,52,NA
2021-01-07 15:00:00,1005.8,1008.8,26.8,43,NA
2021-01-07 16:00:00,1005.4,1008.4,29.6,35,NA
2021-01-07 17:00:00,1004.4,1007.4,30.9,25,NA
2021-01-07 18:00:00,1004,1007,32.3,21,NA
2021-01-07 19:00:00,1003.3,1006.3,32.8,21,NA
2021-01-07 20:00:00,1003.2,1006.2,33.3,20,NA
2021-01-07 21:00:00,1002.9,1005.9,33.4,20,NA
2021-01-07 22:00:00,1003.2,1006.2,32.7,22,NA
2021-01-07 23:00:00,1003.6,1006.6,30.9,25,NA
2021-01-08 00:00:00,NA,1007,27.3,39,NA
2021-01-09 00:00:00,1008.6,NA,NA,NA,NA
2021-01-09 12:00:00,1010.4,1013.4,22,69,NA
2021-01-09 13:00:00,1010.8,1013.8,23.1,58,NA
2021-01-09 14:00:00,1010.5,1013.5,23.3,55,NA
2021-01-09 15:00:00,1010.2,1013.3,25.8,46,NA
2021-01-09 16:00:00,1009.7,1012.7,26.9,46,NA
2021-01-09 17:00:00,1008.9,1011.9,27.9,43,NA
2021-01-09 18:00:00,1008,1011,28.1,43,NA
2021-01-09 19:00:00,1007.4,1010.4,29.2,41,NA
2021-01-09 20:00:00,1007.2,1010.2,27.8,50,NA
2021-01-09 21:00:00,1006.9,1009.9,26.2,56,NA
2021-01-09 22:00:00,1007,1010,25.3,58,NA
2021-01-09 23:00:00,1007.3,1010.3,24,65,NA
2021-01-10 00:00:00,NA,1010.6,22.8,71,NA
2021-01-11 00:00:00,1001,NA,NA,NA,NA
2021-01-11 12:00:00,1004,1007,18.8,98,NA
2021-01-11 13:00:00,1006.4,1009.4,19.2,100,NA
2021-01-11 14:00:00,1007.8,1010.8,18.9,98,NA
2021-01-11 15:00:00,1005.4,1008.5,19.2,97,NA
2021-01-11 16:00:00,1005,1008,20.2,93,NA
2021-01-11 17:00:00,1002.2,1005.2,20.4,92,NA
2021-01-11 18:00:00,1003,1006,21,90,NA
2021-01-11 19:00:00,1003.6,1006.6,21.6,87,NA
2021-01-11 20:00:00,1004.2,1007.3,22.2,79,NA
2021-01-11 21:00:00,1004,1007,23.7,73,NA
2021-01-11 22:00:00,1005.4,1008.5,23.8,69,NA
2021-01-11 23:00:00,1007,1010.1,23.2,73,NA
2021-01-12 00:00:00,NA,1011.3,20.1,93,NA
2021-01-13 00:00:00,1015.6,NA,NA,NA,NA
2021-01-13 12:00:00,1019.6,1022.7,21.2,58,NA
2021-01-13 13:00:00,1019.4,1022.5,23,50,NA
2021-01-13 14:00:00,1019.4,1022.5,24.1,47,NA
2021-01-13 15:00:00,1019.2,1022.3,25.2,37,NA
2021-01-13 16:00:00,1018.8,1021.9,25.4,35,NA
2021-01-13 17:00:00,1018.8,1021.8,25.7,35,NA
2021-01-13 18:00:00,1018.4,1021.4,26.8,30,NA
2021-01-13 19:00:00,1017.6,1020.6,27,21,NA
2021-01-13 20:00:00,1017.2,1020.2,26.4,14,NA
2021-01-13 21:00:00,1016.9,1020,26,15,NA
2021-01-13 22:00:00,1016.8,1019.9,24.2,36,NA
2021-01-13 23:00:00,1017,1020.1,22.5,46,NA
2021-01-14 00:00:00,NA,1020.3,21.8,48,NA
2021-01-15 00:00:00,1010.5,NA,NA,NA,NA
2021-01-15 12:00:00,1009.4,1012.4,22.9,66,NA
2021-01-15 13:00:00,1008.4,1011.4,22.6,71,NA
2021-01-15 14:00:00,1009,1012.1,22.2,73,NA
2021-01-15 15:00:00,1007,1010.1,20.9,90,NA
2021-01-15 16:00:00,1005.8,1008.8,20.6,93,NA
2021-01-15 17:00:00,1005.3,1008.3,20.2,93,NA
2021-01-15 18:00:00,1005,1008.1,20.2,93,NA
2021-01-15 19:00:00,1004.9,1007.9,20.1,95,NA
2021-01-15 20:00:00,1002.4,1005.4,20.8,96,NA
2021-01-15 21:00:00,1003,1006.1,21.1,93,NA
2021-01-15 22:00:00,1003,1006.1,21.1,91,NA
2021-01-15 23:00:00,1002.6,1005.7,21.1,93,NA
2021-01-16 00:00:00,NA,1005.9,20.9,90,NA
2021-01-17 00:00:00,1002.2,NA,NA,NA,NA
2021-01-17 12:00:00,1007.7,1010.8,18.9,73,NA
2021-01-17 13:00:00,1008,1011.1,19.4,65,NA
2021-01-17 14:00:00,1008,1011,20.1,56,NA
2021-01-17 15:00:00,1007.4,1010.4,22.4,46,NA
2021-01-17 16:00:00,1006.6,1009.7,23.5,34,NA
2021-01-17 17:00:00,NA,1009.3,24.1,33,NA
2021-01-17 18:00:00,NA,1009.3,25.9,30,NA
2021-01-17 19:00:00,NA,1009.5,26.4,30,NA
2021-01-17 20:00:00,NA,1009.9,24.9,26,NA
2021-01-17 21:00:00,NA,1010,24.7,29,NA
2021-01-17 22:00:00,NA,1010.5,23.8,36,NA
2021-01-17 23:00:00,NA,1011.2,22.3,43,NA
2021-01-18 00:00:00,NA,1011.8,20.6,51,NA
2021-01-19 12:00:00,NA,1018.5,25.4,43,NA
2021-01-19 13:00:00,NA,1018.6,28,38,NA
2021-01-19 14:00:00,NA,1018.8,29.5,33,NA
2021-01-19 15:00:00,NA,1018.7,30.8,34,NA
2021-01-19 16:00:00,NA,1018.1,31,31,NA
2021-01-19 17:00:00,NA,1017.7,32.9,28,NA
2021-01-19 18:00:00,NA,1017.3,33.2,27,NA
2021-01-19 19:00:00,NA,1016.8,32.5,26,NA
2021-01-19 20:00:00,NA,1016.3,32,27,NA
2021-01-19 21:00:00,NA,1016.1,31.7,30,NA
2021-01-19 22:00:00,NA,1016,31.2,32,NA
2021-01-19 23:00:00,NA,1016.5,29.3,38,NA
2021-01-20 00:00:00,NA,1016.8,26.8,40,NA
2021-01-21 12:00:00,NA,1021,24.4,62,NA
2021-01-21 13:00:00,NA,1020.9,26.4,52,NA
2021-01-21 14:00:00,NA,1020.7,27.5,46,NA
2021-01-21 15:00:00,NA,1020.4,28.7,43,NA
2021-01-21 16:00:00,NA,1019.9,30.1,40,NA
2021-01-21 17:00:00,NA,1019.3,30.7,37,NA
2021-01-21 18:00:00,NA,1018.7,31.2,36,NA
2021-01-21 19:00:00,NA,1018.4,31.8,36,NA
2021-01-21 20:00:00,NA,1017.8,31.6,36,NA
2021-01-21 21:00:00,NA,1017.4,30.8,37,NA
2021-01-21 22:00:00,NA,1017.6,29.5,42,NA
2021-01-21 23:00:00,NA,1018,27.4,54,NA
2021-01-22 00:00:00,NA,1018.6,25.6,70,NA
2021-01-23 12:00:00,NA,1017.1,26.8,68,NA
2021-01-23 13:00:00,NA,1017.1,28.4,63,NA
2021-01-23 14:00:00,NA,1016.6,30,58,NA
2021-01-23 15:00:00,NA,1016,31.3,51,NA
2021-01-23 16:00:00,NA,1015.4,32.9,40,NA
2021-01-23 17:00:00,NA,1014.7,32.5,44,NA
2021-01-23 18:00:00,NA,1014,33.9,38,NA
2021-01-23 19:00:00,NA,1013.3,34.2,37,NA
2021-01-23 20:00:00,NA,1012.7,33.7,39,NA
2021-01-23 21:00:00,NA,1012.1,33.3,42,NA
2021-01-23 22:00:00,NA,1012.1,31.3,47,NA
2021-01-23 23:00:00,NA,1012.3,29.1,52,NA
2021-01-24 00:00:00,NA,1012.5,27.7,59,NA
2021-01-25 12:00:00,NA,1008.3,28.6,54,NA
2021-01-25 13:00:00,NA,1008.2,30.7,49,NA
2021-01-25 14:00:00,NA,1007.7,32.6,43,NA
2021-01-25 15:00:00,NA,1007.1,34.1,40,NA
2021-01-25 16:00:00,NA,1006.6,34.6,39,NA
2021-01-25 17:00:00,NA,1005.9,34.8,39,NA
2021-01-25 18:00:00,NA,1005.2,34.7,36,NA
2021-01-25 19:00:00,NA,1004.4,35,35,NA
2021-01-25 20:00:00,NA,1003.9,35.3,23,NA
2021-01-25 21:00:00,NA,1003.5,34.5,28,NA
2021-01-25 22:00:00,NA,1003.2,33.1,35,NA
2021-01-25 23:00:00,NA,1003.6,30.5,51,NA
2021-01-26 00:00:00,NA,1004.1,29.1,51,NA
2021-01-26 15:00:00,1000.8,NA,32.6,43,NA
2021-01-26 16:00:00,1000.4,NA,33,44,NA
2021-01-26 17:00:00,999.4,NA,32.4,47,NA
2021-01-26 18:00:00,999.4,NA,31.9,50,NA
2021-01-26 19:00:00,999.4,NA,32.1,50,NA
2021-01-26 20:00:00,998.9,NA,29.7,44,NA
2021-01-27 12:00:00,NA,1007.6,26,57,NA
2021-01-27 13:00:00,NA,1007.7,27.6,50,NA
2021-01-27 14:00:00,NA,1007.5,29.9,38,NA
2021-01-27 15:00:00,NA,1007.5,30.8,36,NA
2021-01-27 16:00:00,NA,1006.6,32.1,33,NA
2021-01-27 17:00:00,NA,1006.1,32.3,31,NA
2021-01-27 18:00:00,NA,1005.4,32,33,NA
2021-01-27 19:00:00,NA,1005,31.4,38,NA
2021-01-27 20:00:00,NA,1004.7,29.6,42,NA
2021-01-27 21:00:00,NA,1004.9,28.7,47,NA
2021-01-27 22:00:00,NA,1005.2,27.2,42,NA
2021-01-27 23:00:00,NA,1005.8,25,44,NA
2021-01-28 00:00:00,NA,1006,23.8,55,NA
2021-01-29 12:00:00,NA,1006,18.4,96,NA
2021-01-29 13:00:00,NA,1005.9,19.4,93,NA
2021-01-29 14:00:00,NA,1006.6,20.6,87,NA
2021-01-29 15:00:00,NA,1005.7,23.3,74,NA
2021-01-29 16:00:00,NA,1005.7,25.2,65,NA
2021-01-29 17:00:00,NA,1005.1,27.1,57,NA
2021-01-29 18:00:00,NA,1004.8,28.2,51,NA
2021-01-29 19:00:00,NA,1004.1,28.5,51,NA
2021-01-29 20:00:00,NA,1003.5,28.6,46,NA
2021-01-29 21:00:00,NA,1003.4,28.6,50,NA
2021-01-29 22:00:00,NA,1003.4,28.1,51,NA
2021-01-29 23:00:00,NA,1004.5,26.4,63,NA
2021-01-30 00:00:00,NA,1005.1,23.2,78,NA
2021-01-31 00:00:00,1012.1,NA,NA,NA,NA
2021-01-31 12:00:00,1013.7,1016.8,16.6,76,NA
2021-01-31 13:00:00,1013.6,1016.6,17.9,74,NA
2021-01-31 14:00:00,1013.4,1016.5,19,74,NA
2021-01-31 15:00:00,1013.4,1016.5,20.3,70,NA
2021-01-31 16:00:00,1012.9,1016,21.4,71,NA
2021-01-31 17:00:00,1012.8,1015.9,21.8,69,NA
2021-01-31 18:00:00,1012.1,1015.2,21.2,74,NA
2021-01-31 19:00:00,1011.8,1014.9,21.1,74,NA
2021-01-31 20:00:00,1011.4,1014.5,20.5,81,NA
2021-01-31 21:00:00,1010.6,1013.7,20.4,84,NA
2021-01-31 22:00:00,1010.6,1013.7,20.9,80,NA
2021-01-31 23:00:00,1011.3,1014.4,19.3,92,NA
2021-02-01 00:00:00,1011.2,1014.3,19.2,92,NA
2021-02-01 23:00:00,1008.5,NA,NA,NA,NA
2021-02-02 00:00:00,1009,NA,NA,NA,NA
2021-02-02 12:00:00,NA,1014.1,18.3,95,NA
2021-02-02 13:00:00,1011.8,1014.9,19.9,83,NA
2021-02-02 14:00:00,1011.4,1014.6,21.2,80,NA
2021-02-02 15:00:00,1011.7,1014.7,23.2,72,NA
2021-02-02 16:00:00,1011,1014.1,23.2,70,NA
2021-02-02 17:00:00,NA,1013.7,23.2,73,NA
2021-02-02 18:00:00,NA,1014.9,24.2,69,NA
2021-02-02 19:00:00,1011.8,1014.8,24.8,66,NA
2021-02-02 20:00:00,1010.5,1013.5,26.4,58,NA
2021-02-02 21:00:00,1010.2,1013.3,26,59,NA
2021-02-02 22:00:00,1010.6,1013.6,24,71,NA
2021-02-02 23:00:00,1010.9,1013.9,23.2,76,NA
2021-02-03 00:00:00,NA,1014,23,76,NA
2021-02-04 00:00:00,1011.2,NA,NA,NA,NA
2021-02-04 12:00:00,1015.4,1018.5,19.4,77,NA
2021-02-04 13:00:00,1015.6,1018.7,21.2,66,NA
2021-02-04 14:00:00,1016,1019,22.2,55,NA
2021-02-04 15:00:00,1015.7,1018.8,24,47,NA
2021-02-04 16:00:00,1015.4,1018.4,25.4,40,NA
2021-02-04 17:00:00,1015,1018,26,35,NA
2021-02-04 18:00:00,1014.6,1017.7,27,43,NA
2021-02-04 19:00:00,1014.4,1017.4,27,43,NA
2021-02-04 20:00:00,1014.2,1017.2,27.8,32,NA
2021-02-04 21:00:00,1013.8,1016.8,27.6,34,NA
2021-02-04 22:00:00,1013.6,1016.5,26.8,37,NA
2021-02-04 23:00:00,1013.4,1016.4,24.7,47,NA
2021-02-05 00:00:00,NA,1016.3,24,53,NA
2021-02-05 12:00:00,NA,1017.3,19.6,68,NA
2021-02-05 13:00:00,NA,1017.3,20.8,60,NA
2021-02-05 14:00:00,NA,1017.2,23,48,NA
2021-02-05 15:00:00,NA,1016.7,24.8,46,NA
2021-02-05 16:00:00,NA,1016.1,26.8,45,NA
2021-02-05 17:00:00,NA,1015.2,27,36,NA
2021-02-05 18:00:00,NA,1014.7,27.6,34,NA
2021-02-05 19:00:00,NA,1014,28.3,36,NA
2021-02-05 20:00:00,NA,1013.5,28,36,NA
2021-02-05 21:00:00,NA,1013.1,27.8,39,NA
2021-02-05 22:00:00,NA,1013.3,24.2,57,NA
2021-02-05 23:00:00,NA,1013.8,23,61,NA
2021-02-06 00:00:00,1011,1014.1,20.4,84,NA
2021-02-06 12:00:00,1012.2,NA,NA,NA,NA
2021-02-06 13:00:00,1012.4,NA,NA,NA,NA
2021-02-06 14:00:00,1012.5,NA,NA,NA,NA
2021-02-06 15:00:00,1012.2,NA,NA,NA,NA
2021-02-06 16:00:00,1011.7,NA,NA,NA,NA
2021-02-06 17:00:00,1011,NA,NA,NA,NA
2021-02-06 18:00:00,1010.6,NA,NA,NA,NA
2021-02-06 19:00:00,1010,NA,NA,NA,NA
2021-02-06 20:00:00,1009.6,NA,NA,NA,NA
2021-02-06 21:00:00,1009.2,NA,NA,NA,NA
2021-02-06 22:00:00,1008.9,NA,NA,NA,NA
2021-02-06 23:00:00,1009.3,NA,NA,NA,NA
2021-02-08 00:00:00,1010,NA,NA,NA,NA
2021-02-08 12:00:00,NA,1017,20,87,NA
2021-02-08 13:00:00,NA,1017.5,20.4,86,NA
2021-02-08 14:00:00,NA,1018,20.8,88,NA
2021-02-08 15:00:00,NA,1017.7,20.6,85,NA
2021-02-08 16:00:00,NA,1017.7,20.6,86,NA
2021-02-08 17:00:00,NA,1017.6,22,75,NA
2021-02-08 18:00:00,NA,1017.4,22,75,NA
2021-02-08 19:00:00,NA,1016.9,23.7,68,NA
2021-02-08 20:00:00,NA,1016.9,23.5,68,NA
2021-02-08 21:00:00,NA,1017,22.5,74,NA
2021-02-08 22:00:00,NA,1017.5,22,75,NA
2021-02-08 23:00:00,NA,1017.8,21.3,75,NA
2021-02-09 00:00:00,NA,1018.9,21,75,NA
2021-02-10 12:00:00,NA,1020.2,19.5,96,NA
2021-02-10 13:00:00,NA,1020.2,19.7,95,NA
2021-02-10 14:00:00,NA,1019.9,21,92,NA
2021-02-10 15:00:00,NA,1019.6,21.4,90,NA
2021-02-10 16:00:00,NA,1018.9,21.7,90,NA
2021-02-10 17:00:00,NA,1018.4,25,68,NA
2021-02-10 18:00:00,NA,1017.5,25.3,66,NA
2021-02-10 19:00:00,NA,1016.8,25.5,61,NA
2021-02-10 20:00:00,NA,1016,25.3,60,NA
2021-02-10 21:00:00,NA,1015.6,24.7,64,NA
2021-02-10 23:00:00,NA,1016.2,22.4,78,NA
2021-02-10 22:00:00,1012.5,NA,24.5,65,NA
2021-02-11 00:00:00,1013.2,NA,21.7,81,NA
2021-02-11 12:00:00,1012.4,NA,21,91,NA
2021-02-11 13:00:00,1012.2,NA,23,82,NA
2021-02-11 14:00:00,1012.4,NA,23.8,77,NA
2021-02-11 15:00:00,1012,NA,25,69,NA
2021-02-11 16:00:00,1011,NA,25.6,59,NA
2021-02-11 17:00:00,1010.6,NA,26.4,65,NA
2021-02-11 18:00:00,1010.2,NA,25.8,64,NA
2021-02-11 19:00:00,1010.5,NA,25,69,NA
2021-02-11 20:00:00,1009.8,NA,22.2,72,NA
2021-02-11 21:00:00,1010.2,NA,22.4,75,NA
2021-02-11 22:00:00,1009.8,NA,22.6,81,NA
2021-02-11 23:00:00,1010,NA,20.8,93,NA
2021-02-12 12:00:00,NA,1015.1,22,92,NA
2021-02-12 13:00:00,NA,1014.1,22.8,85,NA
2021-02-12 14:00:00,NA,1014.1,23,85,NA
2021-02-12 15:00:00,NA,1013.8,24.8,74,NA
2021-02-12 16:00:00,NA,1013.2,26.2,69,NA
2021-02-12 17:00:00,NA,1012.4,26.8,65,NA
2021-02-12 18:00:00,NA,1011.5,26.2,69,NA
2021-02-12 19:00:00,NA,1010.8,27.6,57,NA
2021-02-12 20:00:00,NA,1010.6,27.2,64,NA
2021-02-12 21:00:00,NA,1010.5,24.2,75,NA
2021-02-12 22:00:00,NA,1011.1,23.8,76,NA
2021-02-12 23:00:00,NA,1011,23.2,81,NA
2021-02-13 00:00:00,1008.2,NA,23,69,NA
2021-02-13 12:00:00,1008.1,NA,22.2,89,NA
2021-02-13 13:00:00,1008,NA,24,80,NA
2021-02-13 14:00:00,1007.7,NA,25.7,70,NA
2021-02-13 15:00:00,1006.9,NA,26.8,62,NA
2021-02-13 16:00:00,1006.2,NA,27.8,56,NA
2021-02-13 17:00:00,1005.6,NA,27.7,56,NA
2021-02-13 18:00:00,1004.8,NA,26.5,66,NA
2021-02-13 19:00:00,1004.2,NA,26,70,NA
2021-02-13 20:00:00,1004.2,NA,24,83,NA
2021-02-13 21:00:00,1004.1,NA,22.3,98,NA
2021-02-13 22:00:00,1004.5,NA,19.3,96,NA
2021-02-13 23:00:00,1003.8,NA,19,98,NA
2021-02-14 12:00:00,NA,1007.5,20.6,96,NA
2021-02-14 13:00:00,NA,1007.5,23.4,81,NA
2021-02-14 14:00:00,NA,1007.4,25.7,72,NA
2021-02-14 15:00:00,NA,1007.3,26.4,65,NA
2021-02-14 16:00:00,NA,1006.8,26.4,74,NA
2021-02-14 17:00:00,NA,1006,26.8,63,NA
2021-02-14 18:00:00,NA,1005.4,27.4,59,NA
2021-02-14 19:00:00,NA,1004.9,28,58,NA
2021-02-14 20:00:00,NA,1004.5,28.6,70,NA
2021-02-14 21:00:00,NA,1004.4,26.6,68,NA
2021-02-14 22:00:00,NA,1004.7,26.3,70,NA
2021-02-14 23:00:00,NA,1005.8,24.8,72,NA
2021-02-15 00:00:00,1008.4,NA,22.8,77,NA
2021-02-15 12:00:00,1007.8,NA,20.2,83,NA
2021-02-15 13:00:00,1008.1,NA,21.7,75,NA
2021-02-15 14:00:00,1008.2,NA,22.8,72,NA
2021-02-15 15:00:00,1008,NA,24,69,NA
2021-02-15 16:00:00,1007.8,NA,25.2,62,NA
2021-02-15 17:00:00,1007.4,NA,26.3,63,NA
2021-02-15 18:00:00,1007,NA,26.9,57,NA
2021-02-15 19:00:00,1006.5,NA,27,57,NA
2021-02-15 20:00:00,1006.1,NA,26.8,56,NA
2021-02-15 21:00:00,1006,NA,26,58,NA
2021-02-15 23:00:00,1006.6,NA,24.4,78,NA
2021-02-16 12:00:00,NA,1010.8,17.2,84,NA
2021-02-16 13:00:00,NA,1011,18.5,79,NA
2021-02-16 14:00:00,NA,1011.2,20,74,NA
2021-02-16 15:00:00,NA,1011,20.4,71,NA
2021-02-16 16:00:00,NA,1010.5,21.8,68,NA
2021-02-16 17:00:00,NA,1009.9,22.8,65,NA
2021-02-16 18:00:00,NA,1009.5,23,66,NA
2021-02-16 19:00:00,NA,1009.1,23,62,NA
2021-02-16 20:00:00,NA,1008.6,22.8,64,NA
2021-02-16 21:00:00,NA,1008.3,23.4,59,NA
2021-02-16 22:00:00,NA,1008.4,22.2,63,NA
2021-02-16 23:00:00,NA,1008.8,21.2,73,NA
2021-02-17 00:00:00,1005.8,NA,21.2,70,NA
2021-02-17 12:00:00,1007.6,NA,17.2,92,NA
2021-02-17 13:00:00,1007.8,NA,17.7,88,NA
2021-02-17 14:00:00,1008,NA,19.4,80,NA
2021-02-17 15:00:00,1007.6,NA,21.8,71,NA
2021-02-17 16:00:00,1007,NA,23.2,68,NA
2021-02-17 17:00:00,1006.6,NA,24.3,64,NA
2021-02-17 18:00:00,1006.4,NA,24.5,63,NA
2021-02-17 19:00:00,1006.1,NA,24.7,63,NA
2021-02-17 20:00:00,1005.6,NA,25.7,59,NA
2021-02-17 21:00:00,1005.4,NA,25.7,59,NA
2021-02-17 22:00:00,1005.4,NA,25.2,60,NA
2021-02-17 23:00:00,1005.6,NA,24,66,NA
2021-02-18 12:00:00,NA,1010.6,20,72,NA
2021-02-18 13:00:00,NA,1010.5,24.8,52,NA
2021-02-18 14:00:00,NA,1010.1,27.4,45,NA
2021-02-18 15:00:00,NA,1009.6,29.2,41,NA
2021-02-18 16:00:00,NA,1009.1,30.2,39,NA
2021-02-18 17:00:00,NA,1008.4,32.2,39,NA
2021-02-18 18:00:00,NA,1007.7,32.2,34,NA
2021-02-18 19:00:00,NA,1007.1,33,27,NA
2021-02-18 20:00:00,NA,1006.9,33,29,NA
2021-02-18 21:00:00,NA,1006.9,32.2,32,NA
2021-02-18 22:00:00,NA,1006.9,31,41,NA
2021-02-18 23:00:00,NA,1007.3,27.6,55,NA
2021-02-19 00:00:00,1004.4,NA,27.5,54,NA
2021-02-19 12:00:00,1009.4,NA,22.2,57,NA
2021-02-19 13:00:00,1009.4,NA,24,55,NA
2021-02-19 14:00:00,1010,NA,26.2,44,NA
2021-02-19 15:00:00,1010.1,NA,26,47,NA
2021-02-19 16:00:00,1009.3,NA,28.2,44,NA
2021-02-19 17:00:00,1009.7,NA,28,38,NA
2021-02-19 19:00:00,1010,NA,27,34,NA
2021-02-19 20:00:00,1010.2,NA,26.2,35,NA
2021-02-19 21:00:00,1010.2,NA,25.7,33,NA
2021-02-19 22:00:00,1010.4,NA,24.6,38,NA
2021-02-19 23:00:00,1011.4,NA,22,30,NA
2021-02-20 12:00:00,NA,1018.5,20,90,NA
2021-02-20 13:00:00,NA,1018.6,23,28,NA
2021-02-20 14:00:00,NA,1018.5,23.4,24,NA
2021-02-20 15:00:00,NA,1017.9,24.2,25,NA
2021-02-20 16:00:00,NA,1017.2,25.2,24,NA
2021-02-20 17:00:00,NA,1016.5,25.8,24,NA
2021-02-20 18:00:00,NA,1015.8,25.8,24,NA
2021-02-20 19:00:00,NA,1015.1,26.8,26,NA
2021-02-20 20:00:00,NA,1014.7,26.6,25,NA
2021-02-20 21:00:00,NA,1014.6,25,27,NA
2021-02-20 22:00:00,NA,1014.6,23.2,39,NA
2021-02-20 23:00:00,NA,1014.9,20.8,44,NA
2021-02-21 00:00:00,1012.1,NA,20,46,NA
2021-02-21 12:00:00,1013,NA,20.2,69,NA
2021-02-21 13:00:00,1013,NA,23.4,57,NA
2021-02-21 14:00:00,1012.8,NA,26.3,43,NA
2021-02-21 15:00:00,1012.2,NA,28.6,40,NA
2021-02-21 16:00:00,1011.4,NA,30,41,NA
2021-02-21 17:00:00,1010.8,NA,30.5,42,NA
2021-02-21 18:00:00,1010,NA,30.5,42,NA
2021-02-21 19:00:00,1008.9,NA,30.5,40,NA
2021-02-21 20:00:00,1008.2,NA,30,40,NA
2021-02-21 21:00:00,1007.8,NA,29.6,45,NA
2021-02-21 22:00:00,1007.6,NA,28,50,NA
2021-02-21 23:00:00,1007.6,NA,26,66,NA
2021-02-22 12:00:00,NA,1013.3,19.3,98,NA
2021-02-22 13:00:00,NA,1013.1,19.8,96,NA
2021-02-22 14:00:00,NA,1012.3,22,85,NA
2021-02-22 15:00:00,NA,1012,24,82,NA
2021-02-22 16:00:00,NA,1011.3,25,78,NA
2021-02-22 17:00:00,NA,1010.5,26.5,72,NA
2021-02-22 18:00:00,NA,1009.9,27.4,71,NA
2021-02-22 19:00:00,NA,1009.5,27,71,NA
2021-02-22 20:00:00,NA,1008.8,27,71,NA
2021-02-22 21:00:00,NA,1008.4,26.8,73,NA
2021-02-22 22:00:00,NA,1010.4,24.5,93,NA
2021-02-22 23:00:00,NA,1009.7,24,93,NA
2021-02-23 00:00:00,1007,NA,20,96,NA
2021-02-23 12:00:00,1011.4,NA,21,78,NA
2021-02-23 13:00:00,1011.4,NA,24,62,NA
2021-02-23 14:00:00,1012,NA,25.8,59,NA
2021-02-23 15:00:00,1012.1,NA,26.4,61,NA
2021-02-23 16:00:00,1011.7,NA,28,51,NA
2021-02-23 17:00:00,1011.4,NA,27.9,36,NA
2021-02-23 18:00:00,1011.2,NA,28.2,34,NA
2021-02-23 19:00:00,1010.6,NA,28.2,37,NA
2021-02-23 20:00:00,1010.6,NA,28.2,38,NA
2021-02-23 21:00:00,1011,NA,27,49,NA
2021-02-23 22:00:00,1011.3,NA,25.2,53,NA
2021-02-24 12:00:00,NA,1016.8,21.4,75,NA
2021-02-24 13:00:00,NA,1016.9,23,62,NA
2021-02-24 14:00:00,NA,1016.7,25.2,49,NA
2021-02-24 15:00:00,NA,1016.5,27,47,NA
2021-02-24 16:00:00,NA,1016,28,42,NA
2021-02-24 17:00:00,NA,1015.3,29,38,NA
2021-02-24 18:00:00,NA,1014.6,29.8,35,NA
2021-02-24 19:00:00,NA,1013.7,29.8,35,NA
2021-02-24 20:00:00,NA,1013.4,29.8,35,NA
2021-02-24 21:00:00,NA,1013.1,28.8,38,NA
2021-02-24 22:00:00,NA,1013.1,27.8,50,NA
2021-02-24 23:00:00,NA,1013.2,26.3,55,NA
2021-02-25 00:00:00,1010.6,NA,21,78,NA
2021-02-25 12:00:00,1013.2,NA,22.6,58,NA
2021-02-25 13:00:00,1013.4,NA,26.6,50,NA
2021-02-25 14:00:00,1013.6,NA,28.4,47,NA
2021-02-25 15:00:00,1013,NA,29.6,39,NA
2021-02-25 16:00:00,1012.5,NA,30.4,36,NA
2021-02-25 17:00:00,1012.1,NA,31.6,35,NA
2021-02-25 18:00:00,1011.4,NA,32,34,NA
2021-02-25 19:00:00,1010.5,NA,32,31,NA
2021-02-25 20:00:00,1010.2,NA,31,26,NA
2021-02-25 21:00:00,1010.2,NA,29.6,45,NA
2021-02-25 22:00:00,1010.1,NA,28,58,NA
2021-02-25 23:00:00,1010.4,NA,25.2,75,NA
2021-02-26 12:00:00,NA,1015.9,25,64,NA
2021-02-26 13:00:00,NA,1015.9,27,50,NA
2021-02-26 14:00:00,NA,1015.9,28.4,43,NA
2021-02-26 15:00:00,NA,1015.5,29.5,42,NA
2021-02-26 16:00:00,NA,1015.5,30,38,NA
2021-02-26 17:00:00,NA,1014.8,30,36,NA
2021-02-26 18:00:00,NA,1014.6,30.2,36,NA
2021-02-26 19:00:00,NA,1013.9,29.9,41,NA
2021-02-26 20:00:00,NA,1013.2,29.8,41,NA
2021-02-26 21:00:00,NA,1013.2,28.5,52,NA
2021-02-26 22:00:00,NA,1013.8,27,58,NA
2021-02-26 23:00:00,NA,1014.2,25.4,64,NA
2021-02-27 00:00:00,1012.2,NA,24.8,74,NA
2021-02-27 12:00:00,1017.2,NA,23,83,NA
2021-02-27 13:00:00,1017.3,NA,24.6,72,NA
2021-02-27 14:00:00,1017.6,NA,25.6,76,NA
2021-02-27 15:00:00,1017.3,NA,26.4,55,NA
2021-02-27 16:00:00,1016.8,NA,27.2,55,NA
2021-02-27 17:00:00,1016,NA,28.2,50,NA
2021-02-27 18:00:00,1015.3,NA,29.1,49,NA
2021-02-27 19:00:00,1014.6,NA,28.2,50,NA
2021-02-27 20:00:00,1014.1,NA,28.2,55,NA
2021-02-27 21:00:00,1013.8,NA,27,57,NA
2021-02-27 22:00:00,1013.8,NA,26.2,62,NA
2021-02-27 23:00:00,1013.8,NA,25.1,73,NA
2021-02-28 12:00:00,NA,1018.6,23.4,71,NA
2021-02-28 13:00:00,NA,1018.5,25,68,NA
2021-02-28 14:00:00,NA,1018.7,26.2,67,NA
2021-02-28 15:00:00,NA,1017.7,27.2,64,NA
2021-02-28 16:00:00,NA,1017,27.8,63,NA
2021-02-28 17:00:00,NA,1017,28.4,60,NA
2021-02-28 18:00:00,NA,1016.7,29.3,56,NA
2021-02-28 19:00:00,NA,1016.3,29,57,NA
2021-02-28 20:00:00,NA,1016,29,56,NA
2021-02-28 21:00:00,NA,1016,28.3,60,NA
2021-02-28 22:00:00,NA,1015.7,28.2,60,NA
2021-02-28 23:00:00,NA,1014.7,26,73,NA
2021-03-01 00:00:00,NA,1014.2,25,77,NA
2021-03-02 12:00:00,NA,1014.5,24.2,89,NA
2021-03-02 13:00:00,NA,1014.7,26.8,76,NA
2021-03-02 14:00:00,NA,1014.9,26.8,72,NA
2021-03-02 15:00:00,NA,1014.7,27.4,72,NA
2021-03-02 16:00:00,NA,1014.3,28,65,NA
2021-03-02 17:00:00,NA,1013.9,29.1,65,NA
2021-03-02 18:00:00,1010.5,1013.5,28.2,67,NA
2021-03-02 19:00:00,1010,1013,28.8,62,NA
2021-03-02 20:00:00,1009.7,1012.7,29.2,58,NA
2021-03-02 21:00:00,1009.8,1012.9,28.2,63,NA
2021-03-02 22:00:00,1009,1012.1,26.8,71,NA
2021-03-02 23:00:00,1009.7,1012.7,25.2,77,NA
2021-03-03 00:00:00,NA,1013.2,24.3,79,NA
2021-03-04 00:00:00,1011.8,NA,NA,NA,NA
2021-03-04 09:00:00,1010.8,1013.8,23.1,87,NA
2021-03-04 10:00:00,1010.4,1013.4,22.6,88,NA
2021-03-04 11:00:00,1010.5,1013.5,23.3,85,NA
2021-03-04 12:00:00,1010.6,1013.7,23.9,82,NA
2021-03-04 13:00:00,1011,1014,24.9,80,NA
2021-03-04 14:00:00,1011.4,1014.4,25.4,75,NA
2021-03-04 15:00:00,1011.2,1014.2,26.1,74,NA
2021-03-04 16:00:00,1010.8,1013.8,27.1,69,NA
2021-03-04 17:00:00,1009.7,1012.7,27.7,67,NA
2021-03-04 18:00:00,1008.9,1011.9,27.9,63,NA
2021-03-04 19:00:00,1007.8,1010.9,28.3,63,NA
2021-03-04 20:00:00,1007.4,1010.4,28.5,62,NA
2021-03-04 21:00:00,1007.6,1010.6,26.9,69,NA
2021-03-04 22:00:00,1007.8,1010.8,25.5,75,NA
2021-03-04 23:00:00,1008,1011,24.1,82,NA
2021-03-05 00:00:00,NA,1011.6,22.5,89,NA
2021-03-06 00:00:00,1009.6,NA,NA,NA,NA
2021-03-06 09:00:00,1010.2,1013.4,12,96,NA
2021-03-06 10:00:00,1010.6,1013.8,12,96,NA
2021-03-06 11:00:00,1011.3,1014.4,14.8,86,NA
2021-03-06 12:00:00,1011.8,1014.9,18,72,NA
2021-03-06 13:00:00,1012,1015,20.6,58,NA
2021-03-06 14:00:00,1011.8,1014.9,22.2,52,NA
2021-03-06 15:00:00,1011.6,1014.7,22.8,50,NA
2021-03-06 16:00:00,1010.9,1014,24,47,NA
2021-03-06 17:00:00,1010.5,1013.5,25,40,NA
2021-03-06 18:00:00,1009.8,1012.8,25.3,39,NA
2021-03-06 19:00:00,1009.4,1012.4,26.4,36,NA
2021-03-06 20:00:00,1009.2,1012.2,25,51,NA
2021-03-06 21:00:00,1009.4,1012.5,23.8,53,NA
2021-03-06 22:00:00,1009.7,1012.8,22.6,59,NA
2021-03-06 23:00:00,1010,1013.1,20.4,68,NA
2021-03-07 00:00:00,NA,1013.7,18,82,NA
2021-03-08 00:00:00,1006.2,NA,NA,NA,NA
2021-03-08 09:00:00,1010.2,1013.3,18.7,91,NA
2021-03-08 10:00:00,1010.8,1013.8,18.7,91,NA
2021-03-08 11:00:00,1010.8,1013.9,19.6,86,NA
2021-03-08 12:00:00,1011,1014.1,21.8,75,NA
2021-03-08 13:00:00,1011.7,1014.8,21.8,84,NA
2021-03-08 14:00:00,1012.1,1015.1,28.8,51,NA
2021-03-08 15:00:00,1012.2,1015.3,30,47,NA
2021-03-08 16:00:00,1012,1014.9,30.6,41,NA
2021-03-08 17:00:00,1011.3,1014.3,31.4,39,NA
2021-03-08 18:00:00,1010.8,1013.8,31.6,40,NA
2021-03-08 19:00:00,1010.4,1013.4,31.2,39,NA
2021-03-08 20:00:00,1010,1013,30,44,NA
2021-03-08 21:00:00,1010.6,1013.6,30,46,NA
2021-03-08 22:00:00,1010.9,1013.9,28.4,52,NA
2021-03-08 23:00:00,1011.7,1014.7,25.3,69,NA
2021-03-09 00:00:00,NA,1015.9,24,73,NA
2021-03-10 00:00:00,1012.2,NA,NA,NA,NA
2021-03-10 09:00:00,1011.4,1014.5,17.5,95,NA
2021-03-10 10:00:00,1011.8,1014.9,17.9,95,NA
2021-03-10 11:00:00,1011.8,1014.9,19.3,92,NA
2021-03-10 12:00:00,1011.8,1014.9,21.6,83,NA
2021-03-10 13:00:00,1011.3,1014.3,23.7,70,NA
2021-03-10 14:00:00,1011,1014,25.9,60,NA
2021-03-10 15:00:00,1010.2,1013.3,27.5,56,NA
2021-03-10 16:00:00,1009.3,1012.3,28.9,49,NA
2021-03-10 17:00:00,1008.6,1011.7,29.6,47,NA
2021-03-10 18:00:00,1007.8,1010.9,29.7,42,NA
2021-03-10 19:00:00,1007,1010.1,30,42,NA
2021-03-10 20:00:00,1006.6,1009.6,29.2,50,NA
2021-03-10 21:00:00,1006.6,1009.6,27.5,56,NA
2021-03-10 22:00:00,1006.5,1009.5,25.4,67,NA
2021-03-10 23:00:00,1006.5,1009.5,23.1,77,NA
2021-03-11 00:00:00,NA,1009.9,22.7,81,NA
2021-03-12 00:00:00,1009.7,NA,NA,NA,NA
2021-03-12 09:00:00,1011,1014.1,18.8,95,NA
2021-03-12 10:00:00,1011.2,1014.2,19.4,95,NA
2021-03-12 11:00:00,1012.1,1015.1,20.2,93,NA
2021-03-12 12:00:00,1012.2,1015.2,22.7,83,NA
2021-03-12 13:00:00,1012.2,1015.2,24.3,74,NA
2021-03-12 14:00:00,1012.8,1015.7,26.2,65,NA
2021-03-12 15:00:00,1012.5,1015.5,27.5,53,NA
2021-03-12 16:00:00,1012,1015,29.6,46,NA
2021-03-12 17:00:00,1011.4,1014.5,30,46,NA
2021-03-12 18:00:00,1011.2,1014.2,31.2,40,NA
2021-03-12 19:00:00,1010.6,1013.6,30.2,35,NA
2021-03-12 20:00:00,1010.4,1013.4,29.8,34,NA
2021-03-12 21:00:00,1010.6,1013.6,27.8,57,NA
2021-03-12 22:00:00,1011.3,1014.3,24.4,79,NA
2021-03-12 23:00:00,1012,1015.1,22.2,75,NA
2021-03-13 00:00:00,NA,1015.8,21.7,71,NA
2021-03-14 09:00:00,NA,1017.7,14.4,87,NA
2021-03-14 10:00:00,NA,1018.1,13.9,88,NA
2021-03-14 11:00:00,NA,1018.3,17.8,69,NA
2021-03-14 12:00:00,NA,1018.5,21.4,49,NA
2021-03-14 13:00:00,NA,1018.7,24.1,39,NA
2021-03-14 14:00:00,NA,1018.7,26.4,33,NA
2021-03-14 15:00:00,NA,1018.6,28.1,26,NA
2021-03-14 16:00:00,NA,1018.1,28.7,25,NA
2021-03-14 17:00:00,NA,1018.1,28.9,28,NA
2021-03-14 18:00:00,NA,1017.5,29.7,29,NA
2021-03-14 19:00:00,NA,1017.2,29.4,30,NA
2021-03-14 20:00:00,NA,1016.8,29.3,32,NA
2021-03-14 21:00:00,NA,1016.7,27.8,41,NA
2021-03-14 22:00:00,NA,1016.4,26.6,43,NA
2021-03-14 23:00:00,NA,1016.8,24.6,49,NA
2021-03-15 00:00:00,NA,1017.2,24.3,57,NA
2021-03-15 12:00:00,1013.7,NA,21.6,70,NA
2021-03-15 13:00:00,1013.6,NA,23.1,63,NA
2021-03-15 14:00:00,1013.7,NA,24.6,55,NA
2021-03-15 15:00:00,1013.6,NA,25.9,51,NA
2021-03-15 16:00:00,1012.9,NA,26.1,51,NA
2021-03-15 17:00:00,1012.4,NA,26.5,52,NA
2021-03-15 18:00:00,1011.4,NA,26.8,50,NA
2021-03-16 09:00:00,NA,1009.2,21.2,85,NA
2021-03-16 10:00:00,NA,1009.7,21.2,82,NA
2021-03-16 11:00:00,NA,1009.9,21.8,79,NA
2021-03-16 12:00:00,NA,1011.5,21.7,78,NA
2021-03-16 13:00:00,NA,1011.3,21.9,78,NA
2021-03-16 14:00:00,NA,1010.2,22.1,78,NA
2021-03-16 15:00:00,NA,1009.7,22.3,76,NA
2021-03-16 16:00:00,NA,1009.4,21.5,87,NA
2021-03-16 17:00:00,NA,1008.3,21.4,87,NA
2021-03-16 18:00:00,NA,1007.1,21,92,NA
2021-03-16 19:00:00,NA,1005.6,20.8,93,NA
2021-03-16 20:00:00,NA,1005.8,21.4,87,NA
2021-03-16 21:00:00,NA,1006,21.6,87,NA
2021-03-16 22:00:00,NA,1006,21.3,89,NA
2021-03-16 23:00:00,NA,1005.9,20.8,92,NA
2021-03-17 00:00:00,1003.3,NA,20.8,90,NA
2021-03-17 09:00:00,1004.2,NA,18.2,89,NA
2021-03-17 10:00:00,1005.6,NA,17.6,92,NA
2021-03-17 11:00:00,1007,NA,18.2,88,NA
2021-03-17 12:00:00,1008.5,NA,18.2,88,NA
2021-03-18 09:00:00,NA,1020.5,8.6,88,NA
2021-03-18 10:00:00,NA,1020.7,8.7,92,NA
2021-03-18 11:00:00,NA,1020.7,10,89,NA
2021-03-18 12:00:00,NA,1020.9,12.8,69,NA
2021-03-18 13:00:00,NA,1021.1,14.8,62,NA
2021-03-18 14:00:00,NA,1020.9,16.4,55,NA
2021-03-18 15:00:00,NA,1020.5,18,47,NA
2021-03-18 16:00:00,NA,1020.2,19.4,46,NA
2021-03-18 17:00:00,NA,1019,19.4,46,NA
2021-03-18 18:00:00,NA,1018.6,20,44,NA
2021-03-18 19:00:00,NA,1018.1,20,45,NA
2021-03-18 20:00:00,NA,1018.2,19,48,NA
2021-03-18 21:00:00,NA,1018.1,18.8,49,NA
2021-03-18 22:00:00,NA,1018,18.2,53,NA
2021-03-18 23:00:00,NA,1017.9,16.2,63,NA
2021-03-19 00:00:00,1015.3,NA,15.2,69,NA
2021-03-19 09:00:00,1015.2,NA,9.7,94,NA
2021-03-19 10:00:00,1015.3,NA,9.3,98,NA
2021-03-19 11:00:00,1015.6,NA,11.2,88,NA
2021-03-19 12:00:00,1015.4,NA,17,70,NA
2021-03-19 13:00:00,1015.2,NA,19.5,58,NA
2021-03-19 14:00:00,1015,NA,20.9,55,NA
2021-03-19 15:00:00,1014.5,NA,21.8,50,NA
2021-03-19 16:00:00,1013.3,NA,22.8,49,NA
2021-03-19 17:00:00,1012.8,NA,23.5,51,NA
2021-03-19 18:00:00,1012.2,NA,24.3,47,NA
2021-03-19 19:00:00,1011.7,NA,24.8,46,NA
2021-03-19 20:00:00,1011.2,NA,22.9,55,NA
2021-03-19 21:00:00,1010.9,NA,21.3,63,NA
2021-03-19 22:00:00,1010,NA,20.3,67,NA
2021-03-19 23:00:00,1011,NA,19.5,69,NA
2021-03-20 09:00:00,NA,1012.7,17.8,98,NA
2021-03-20 10:00:00,NA,1012.5,17.7,99,NA
2021-03-20 11:00:00,NA,1012.6,18.9,98,NA
2021-03-20 12:00:00,NA,1013,18.4,100,NA
2021-03-20 13:00:00,NA,1013.1,18.3,99,NA
2021-03-20 14:00:00,NA,1013.3,18,99,NA
2021-03-20 15:00:00,NA,1014.6,18.3,91,NA
2021-03-20 16:00:00,NA,1013.5,17,94,NA
2021-03-20 17:00:00,NA,1013.1,18,92,NA
2021-03-20 18:00:00,NA,1013.7,19.2,88,NA
2021-03-20 19:00:00,NA,1013.3,19.1,87,NA
2021-03-20 20:00:00,NA,1013.7,20.5,79,NA
2021-03-20 21:00:00,NA,1014,20,81,NA
2021-03-20 22:00:00,NA,1014.4,19.8,81,NA
2021-03-20 23:00:00,NA,1014.1,18.9,89,NA
2021-03-21 00:00:00,1012,NA,18.5,86,NA
2021-03-21 09:00:00,1015.4,NA,15,98,NA
2021-03-21 10:00:00,1016.1,NA,15,92,NA
2021-03-21 11:00:00,1016.8,NA,15.1,96,NA
2021-03-21 12:00:00,1017.3,NA,16.2,88,NA
2021-03-21 13:00:00,1018,NA,18,81,NA
2021-03-21 14:00:00,1018.2,NA,19,71,NA
2021-03-21 15:00:00,1018.4,NA,20.4,72,NA
2021-03-21 16:00:00,1018.4,NA,21,66,NA
2021-03-21 17:00:00,1018,NA,22.2,61,NA
2021-03-21 18:00:00,1017.6,NA,23,60,NA
2021-03-21 19:00:00,1017.3,NA,23.4,58,NA
2021-03-21 20:00:00,1017.4,NA,23.4,55,NA
2021-03-21 21:00:00,1017.3,NA,22.8,59,NA
2021-03-21 22:00:00,1017.7,NA,21.1,74,NA
2021-03-21 23:00:00,1018.1,NA,19,81,NA
2021-03-22 09:00:00,NA,1021.8,12.8,96,NA
2021-03-22 10:00:00,NA,1022.1,12.6,99,NA
2021-03-22 11:00:00,NA,1022.4,13.4,97,NA
2021-03-22 12:00:00,NA,1022.3,17,85,NA
2021-03-22 13:00:00,NA,1022.5,19.8,80,NA
2021-03-22 14:00:00,NA,1022.2,22,65,NA
2021-03-22 15:00:00,NA,1021.8,22.4,61,NA
2021-03-22 16:00:00,NA,1021.7,23.2,57,NA
2021-03-22 17:00:00,NA,1021.3,22.7,58,NA
2021-03-22 18:00:00,NA,1020.5,22.5,60,NA
2021-03-22 19:00:00,NA,1020.6,22.7,60,NA
2021-03-22 20:00:00,NA,1020.2,22.7,60,NA
2021-03-22 21:00:00,NA,1019.8,22.6,58,NA
2021-03-22 22:00:00,NA,1019.7,22.6,59,NA
2021-03-22 23:00:00,NA,1019.1,20,74,NA
2021-03-23 00:00:00,1016.4,NA,19,75,NA
2021-03-23 09:00:00,1015.6,NA,13.3,100,NA
2021-03-23 10:00:00,1015.7,NA,12,99,NA
2021-03-23 11:00:00,1016,NA,14.2,96,NA
2021-03-23 13:00:00,1016,NA,21.2,75,NA
2021-03-23 14:00:00,1015.6,NA,23.5,51,NA
2021-03-23 15:00:00,1015.2,NA,24.5,49,NA
2021-03-23 16:00:00,1014.6,NA,25.5,49,NA
2021-03-23 17:00:00,1014,NA,26.2,47,NA
2021-03-23 18:00:00,1013.4,NA,26.1,49,NA
2021-03-23 19:00:00,1013,NA,26.4,48,NA
2021-03-23 20:00:00,1012.8,NA,25.4,49,NA
2021-03-23 21:00:00,1012.8,NA,24.6,52,NA
2021-03-23 22:00:00,1012.6,NA,22.2,69,NA
2021-03-23 23:00:00,1012.8,NA,19.9,73,NA
2021-03-24 09:00:00,NA,1016.4,15.4,99,NA
2021-03-24 10:00:00,NA,1016.8,14.9,99,NA
2021-03-24 11:00:00,NA,1017.8,18.6,93,NA
2021-03-24 12:00:00,NA,1018,21.4,80,NA
2021-03-24 13:00:00,NA,1017.9,23.1,74,NA
2021-03-24 14:00:00,NA,1018.1,25.2,63,NA
2021-03-24 15:00:00,NA,1017.4,25.8,60,NA
2021-03-24 16:00:00,NA,1016.8,27,54,NA
2021-03-24 17:00:00,NA,1016.4,26.7,55,NA
2021-03-24 18:00:00,NA,1015.9,26.4,55,NA
2021-03-24 19:00:00,NA,1015.3,26.1,56,NA
2021-03-24 20:00:00,NA,1014.9,25.7,59,NA
2021-03-24 21:00:00,NA,1014.8,24.8,72,NA
2021-03-24 22:00:00,NA,1015,24,74,NA
2021-03-24 23:00:00,NA,1014.8,21.6,83,NA
2021-03-25 00:00:00,1011.8,NA,21.4,82,NA
2021-03-25 09:00:00,1008.5,NA,20,92,NA
2021-03-25 10:00:00,1009.6,NA,19.9,94,NA
2021-03-25 11:00:00,1009.4,NA,20.2,91,NA
2021-03-25 12:00:00,1010.1,NA,20.2,96,NA
2021-03-25 13:00:00,1009.2,NA,20.4,96,NA
2021-03-25 14:00:00,1010.6,NA,20.5,95,NA
2021-03-25 15:00:00,1010.2,NA,20.2,98,NA
2021-03-25 16:00:00,1007.6,NA,20.2,96,NA
2021-03-25 17:00:00,1005.8,NA,20,98,NA
2021-03-25 18:00:00,1006.9,NA,20.2,96,NA
2021-03-25 19:00:00,1008,NA,20.2,98,NA
2021-03-25 20:00:00,1008.5,NA,20,98,NA
2021-03-25 21:00:00,1008.9,NA,19.6,95,NA
2021-03-25 22:00:00,1007.3,NA,19.4,95,NA
2021-03-25 23:00:00,1006.9,NA,18.9,98,NA
2021-03-26 09:00:00,NA,1010.7,18.8,100,NA
2021-03-26 10:00:00,NA,1010.3,18.5,100,NA
2021-03-26 11:00:00,NA,1010.9,18.6,100,NA
2021-03-26 12:00:00,NA,1010.7,20,98,NA
2021-03-26 13:00:00,NA,1010.8,20.8,96,NA
2021-03-26 14:00:00,NA,1011.5,22.7,94,NA
2021-03-26 15:00:00,NA,1011.5,22.2,85,NA
2021-03-26 16:00:00,NA,1011.1,21.9,87,NA
2021-03-26 17:00:00,NA,1010.8,22.2,85,NA
2021-03-26 18:00:00,NA,1010.2,22.4,85,NA
2021-03-26 19:00:00,NA,1009.5,22.3,85,NA
2021-03-26 20:00:00,NA,1008.8,23.6,80,NA
2021-03-26 21:00:00,NA,1009,23,84,NA
2021-03-26 22:00:00,NA,1009.5,23,81,NA
2021-03-26 23:00:00,NA,1010,22,90,NA
2021-03-27 00:00:00,1007.6,NA,20.5,94,NA
2021-03-27 09:00:00,1008.2,NA,18.9,98,NA
2021-03-27 10:00:00,1008.6,NA,18.7,98,NA
2021-03-27 11:00:00,1009,NA,18.8,100,NA
2021-03-27 12:00:00,1009.4,NA,19,98,NA
2021-03-27 13:00:00,1009.4,NA,19.8,96,NA
2021-03-27 14:00:00,1009.7,NA,20.4,94,NA
2021-03-27 15:00:00,1009.8,NA,20.2,92,NA
2021-03-27 16:00:00,1009.8,NA,20.2,90,NA
2021-03-27 17:00:00,1009.4,NA,21.4,88,NA
2021-03-27 18:00:00,1008.6,NA,22.4,74,NA
2021-03-27 19:00:00,1008.1,NA,23.2,71,NA
2021-03-27 20:00:00,1008.2,NA,22.3,67,NA
2021-03-27 21:00:00,1008.4,NA,20.8,72,NA
2021-03-27 22:00:00,1008.6,NA,19.3,77,NA
2021-03-27 23:00:00,1008.8,NA,18.5,82,NA
2021-03-28 09:00:00,NA,1012.3,17.3,97,NA
2021-03-28 10:00:00,NA,1012.5,17.2,97,NA
2021-03-28 11:00:00,NA,1013.1,17.2,96,NA
2021-03-28 12:00:00,NA,1013,18.4,89,NA
2021-03-28 13:00:00,NA,1013.4,20,80,NA
2021-03-28 14:00:00,NA,1013.7,21.8,73,NA
2021-03-28 15:00:00,NA,1013.6,22.5,67,NA
2021-03-28 16:00:00,NA,1013.2,22.6,67,NA
2021-03-28 17:00:00,NA,1012.8,23.5,61,NA
2021-03-28 18:00:00,NA,1012.7,24.3,55,NA
2021-03-28 19:00:00,NA,1012.4,24.3,55,NA
2021-03-28 20:00:00,NA,1012.2,24.2,57,NA
2021-03-28 21:00:00,NA,1012.3,23.8,58,NA
2021-03-28 22:00:00,NA,1012.6,21.8,70,NA
2021-03-28 23:00:00,NA,1013,20.7,77,NA
2021-03-29 00:00:00,1010.6,NA,19.8,84,NA
2021-03-29 09:00:00,1012.8,NA,16.8,95,NA
2021-03-29 10:00:00,1013.3,NA,16.2,98,NA
2021-03-29 11:00:00,1013.8,NA,16.4,92,NA
2021-03-29 12:00:00,1014.2,NA,17,92,NA
2021-03-29 13:00:00,1014.6,NA,17,92,NA
2021-03-29 14:00:00,1014.8,NA,19.8,78,NA
2021-03-29 15:00:00,1014.6,NA,20.2,75,NA
2021-03-29 16:00:00,1014.5,NA,20.8,69,NA
2021-03-29 17:00:00,1013.8,NA,23.2,62,NA
2021-03-29 18:00:00,1013.6,NA,24,51,NA
2021-03-29 19:00:00,1013.6,NA,24.2,51,NA
2021-03-29 21:00:00,1013.6,NA,23.2,51,NA
2021-03-29 22:00:00,1014,NA,19.8,69,NA
2021-03-29 23:00:00,1014.2,NA,18,81,NA
2021-03-30 09:00:00,NA,1018.5,11.5,100,NA
2021-03-30 10:00:00,NA,1018.9,11.3,100,NA
2021-03-30 11:00:00,NA,1019.5,13,97,NA
2021-03-30 12:00:00,NA,1019.9,16,97,NA
2021-03-30 13:00:00,NA,1020.1,18.6,78,NA
2021-03-30 14:00:00,NA,1020,19.4,78,NA
2021-03-30 15:00:00,NA,1020,22.2,53,NA
2021-03-30 16:00:00,NA,1019.5,23.2,43,NA
2021-03-30 17:00:00,NA,1019.2,24,39,NA
2021-03-30 18:00:00,NA,1018.6,23.4,54,NA
2021-03-30 19:00:00,NA,1018.3,23.2,55,NA
2021-03-30 20:00:00,NA,1018.3,22.8,58,NA
2021-03-30 21:00:00,NA,1018.2,21.5,53,NA
2021-03-30 22:00:00,NA,1018.3,19.2,66,NA
2021-03-30 23:00:00,NA,1018.5,17,82,NA
2021-03-31 00:00:00,1015.7,NA,16.2,86,NA
2021-03-31 09:00:00,1016.4,NA,11.4,100,NA
2021-03-31 10:00:00,1016.8,NA,11.9,96,NA
2021-03-31 11:00:00,1017,NA,12.4,95,NA
2021-03-31 17:00:00,1016.1,NA,22.6,56,NA
2021-03-31 18:00:00,1015.7,NA,23,47,NA
2021-03-31 19:00:00,1015.2,NA,23.5,46,NA
2021-03-31 20:00:00,1015,NA,22,51,NA
2021-03-31 21:00:00,1014.8,NA,21,54,NA
2021-03-31 22:00:00,1015,NA,18.9,67,NA
2021-03-31 23:00:00,1015.2,NA,16.5,86,NA
2021-04-01 09:00:00,NA,1018.9,14.4,96,NA
2021-04-01 10:00:00,NA,1019.2,14,99,NA
2021-04-01 11:00:00,NA,1019.7,14.7,96,NA
2021-04-01 12:00:00,NA,1020,17.7,89,NA
2021-04-01 13:00:00,NA,1020.2,19.3,81,NA
2021-04-01 14:00:00,NA,1020.2,21.8,68,NA
2021-04-01 15:00:00,NA,1020,23,57,NA
2021-04-01 16:00:00,NA,1019.7,23.4,55,NA
2021-04-01 17:00:00,NA,1019.3,23.6,54,NA
2021-04-01 18:00:00,NA,1018.6,23.6,53,NA
2021-04-01 19:00:00,NA,1018.4,23.4,54,NA
2021-04-01 20:00:00,NA,1018.1,22.5,52,NA
2021-04-01 21:00:00,NA,1018.3,21.4,58,NA
2021-04-01 22:00:00,NA,1018.4,20,65,NA
2021-04-01 23:00:00,NA,1018.8,19,75,NA
2021-04-02 00:00:00,1016,NA,18.5,81,NA
2021-04-02 09:00:00,1017.6,NA,15.2,95,NA
2021-04-02 10:00:00,1017.7,NA,15.5,94,NA
2021-04-02 11:00:00,1018.1,NA,16.3,95,NA
2021-04-02 12:00:00,1018.6,NA,18.4,88,NA
2021-04-02 13:00:00,1018.9,NA,20.2,78,NA
2021-04-02 14:00:00,1018.8,NA,21.7,68,NA
2021-04-02 15:00:00,1018.1,NA,23.2,64,NA
2021-04-02 16:00:00,1017.8,NA,24.3,56,NA
2021-04-02 17:00:00,1017.2,NA,24.7,55,NA
2021-04-02 18:00:00,1016.6,NA,23.8,51,NA
2021-04-02 19:00:00,1016.2,NA,24.1,50,NA
2021-04-02 20:00:00,1016.1,NA,22.8,60,NA
2021-04-02 21:00:00,1016,NA,21.8,66,NA
2021-04-02 22:00:00,1016.2,NA,19.8,76,NA
2021-04-02 23:00:00,1016.4,NA,18.5,80,NA
2021-04-03 09:00:00,NA,1019.7,17.2,87,NA
2021-04-03 10:00:00,NA,1020.1,16.5,91,NA
2021-04-03 11:00:00,NA,1020.6,17.4,88,NA
2021-04-03 12:00:00,NA,1021,19.8,76,NA
2021-04-03 13:00:00,NA,1021.2,21.9,65,NA
2021-04-03 14:00:00,NA,1021,23.5,61,NA
2021-04-03 15:00:00,NA,1020.9,24.5,57,NA
2021-04-03 16:00:00,NA,1020.2,25.8,51,NA
2021-04-03 17:00:00,NA,1019.6,26.3,49,NA
2021-04-03 18:00:00,NA,1019.2,25.3,49,NA
2021-04-03 19:00:00,NA,1018.8,25.8,48,NA
2021-04-03 20:00:00,NA,1018.5,24.1,60,NA
2021-04-03 21:00:00,NA,1018.5,22.6,63,NA
2021-04-03 22:00:00,NA,1018.7,20.7,72,NA
2021-04-03 23:00:00,NA,1019.2,19.8,83,NA
2021-04-04 00:00:00,1016.4,NA,19.7,86,NA
2021-04-04 09:00:00,1015.6,NA,16,94,NA
2021-04-04 10:00:00,1015.8,NA,15.2,98,NA
2021-04-04 11:00:00,1016.2,NA,16,94,NA
2021-04-04 12:00:00,1016.6,NA,19,89,NA
2021-04-04 13:00:00,1016.4,NA,22.2,81,NA
2021-04-04 14:00:00,1016.5,NA,23.8,70,NA
2021-04-04 15:00:00,1015.8,NA,25,62,NA
2021-04-04 16:00:00,1015.2,NA,25.4,60,NA
2021-04-04 17:00:00,1013.8,NA,26,50,NA
2021-04-04 18:00:00,1013.3,NA,25.4,60,NA
2021-04-04 19:00:00,1012.8,NA,25.6,50,NA
2021-04-04 20:00:00,1012.5,NA,25,55,NA
2021-04-04 21:00:00,1012.2,NA,28.2,38,NA
2021-04-04 22:00:00,1012.2,NA,26.7,39,NA
2021-04-05 09:00:00,NA,1015.7,18.4,92,NA
2021-04-05 10:00:00,NA,1016,18.3,95,NA
2021-04-05 11:00:00,NA,1016.5,18.6,93,NA
2021-04-05 12:00:00,NA,1016.8,20.8,82,NA
2021-04-05 13:00:00,NA,1016.3,22.8,69,NA
2021-04-05 14:00:00,NA,1016.1,25,69,NA
2021-04-05 15:00:00,NA,1016,26.6,64,NA
2021-04-05 16:00:00,NA,1015,27.2,57,NA
2021-04-05 17:00:00,NA,1014.3,28.5,56,NA
2021-04-05 18:00:00,NA,1014,28.5,54,NA
2021-04-05 19:00:00,NA,1013.9,28.5,53,NA
2021-04-05 20:00:00,NA,1014.2,27.4,59,NA
2021-04-05 21:00:00,NA,1014.4,26.3,68,NA
2021-04-05 22:00:00,NA,1015,24,79,NA
2021-04-05 23:00:00,NA,1015.4,22.2,86,NA
2021-04-06 00:00:00,1012.8,NA,22.2,84,NA
2021-04-06 09:00:00,1013.8,NA,18.8,98,NA
2021-04-06 10:00:00,1014,NA,17.6,98,NA
2021-04-06 11:00:00,1014.6,NA,18.9,96,NA
2021-04-06 12:00:00,1015,NA,22.4,91,NA
2021-04-06 13:00:00,1015.3,NA,24.8,73,NA
2021-04-06 14:00:00,1015.4,NA,27.1,67,NA
2021-04-06 15:00:00,1014.9,NA,28,59,NA
2021-04-06 16:00:00,1014.5,NA,29,55,NA
2021-04-06 17:00:00,1013.8,NA,29.5,53,NA
2021-04-06 18:00:00,1013.3,NA,29.1,55,NA
2021-04-06 19:00:00,1013,NA,27.8,65,NA
2021-04-06 20:00:00,1012.8,NA,26.7,67,NA
2021-04-06 21:00:00,1012.8,NA,25,72,NA
2021-04-06 22:00:00,1012.8,NA,23.3,83,NA
2021-04-06 23:00:00,1013,NA,22,84,NA
2021-04-07 09:00:00,NA,1016.8,20.2,95,NA
2021-04-07 10:00:00,NA,1017,20,96,NA
2021-04-07 11:00:00,NA,1017.1,20.5,93,NA
2021-04-07 12:00:00,NA,1017.6,22.5,81,NA
2021-04-07 13:00:00,NA,1017.9,24.5,77,NA
2021-04-07 14:00:00,NA,1017.6,26.6,62,NA
2021-04-07 15:00:00,NA,1017.2,28.2,56,NA
2021-04-07 16:00:00,NA,1016.4,29,52,NA
2021-04-07 17:00:00,NA,1015.4,29.6,51,NA
2021-04-07 18:00:00,NA,1014.5,29.9,51,NA
2021-04-07 19:00:00,NA,1014.3,30.2,51,NA
2021-04-07 20:00:00,NA,1014,28.4,57,NA
2021-04-07 21:00:00,NA,1013.7,27.1,63,NA
2021-04-07 22:00:00,NA,1014,25,77,NA
2021-04-07 23:00:00,NA,1014,24,82,NA
2021-04-08 00:00:00,NA,1014.6,24,78,NA
2021-04-08 15:00:00,1009,NA,24.3,65,NA
2021-04-08 16:00:00,1008.9,NA,24.5,66,NA
2021-04-08 17:00:00,1008.1,NA,24.7,65,NA
2021-04-08 18:00:00,1007.2,NA,25.6,67,NA
2021-04-08 19:00:00,1007.3,NA,25.9,66,NA
2021-04-08 20:00:00,1006.1,NA,24.5,80,NA
2021-04-08 21:00:00,1006.4,NA,24.2,75,NA
2021-04-08 22:00:00,1007.7,NA,21.2,94,NA
2021-04-08 23:00:00,1009.3,NA,19.8,96,NA
2021-04-09 09:00:00,NA,1012.5,19.8,96,NA
2021-04-09 10:00:00,NA,1013.6,19.9,95,NA
2021-04-09 11:00:00,NA,1013.9,19.9,95,NA
2021-04-09 12:00:00,NA,1013.5,19.9,92,NA
2021-04-09 13:00:00,NA,1014.5,20,92,NA
2021-04-09 14:00:00,NA,1014.2,20,99,NA
2021-04-09 15:00:00,NA,1014.9,20,97,NA
2021-04-09 16:00:00,NA,1013.7,20.1,96,NA
2021-04-09 17:00:00,NA,1013.2,22.2,92,NA
2021-04-09 18:00:00,NA,1013.2,22.4,87,NA
2021-04-09 19:00:00,NA,1013.7,23,83,NA
2021-04-09 20:00:00,NA,1013.8,23.1,82,NA
2021-04-09 21:00:00,NA,1014.5,22.1,90,NA
2021-04-09 22:00:00,NA,1015,21,93,NA
2021-04-09 23:00:00,NA,1015.2,21,93,NA
2021-04-10 00:00:00,NA,1015.3,20.8,95,NA
2021-04-11 09:00:00,NA,1006.3,15.3,99,NA
2021-04-11 10:00:00,NA,1007.5,14.8,99,NA
2021-04-11 11:00:00,NA,1008.6,14.8,91,NA
2021-04-11 12:00:00,NA,1010.5,15.4,86,NA
2021-04-11 13:00:00,NA,1012.5,16.3,80,NA
2021-04-11 14:00:00,NA,1013.3,16.8,78,NA
2021-04-11 15:00:00,NA,1014.1,18.2,72,NA
2021-04-11 16:00:00,NA,1014.5,19.2,68,NA
2021-04-11 17:00:00,NA,1014.9,19,69,NA
2021-04-11 18:00:00,NA,1015,19.4,66,NA
2021-04-11 19:00:00,NA,1015.1,19.4,66,NA
2021-04-11 20:00:00,NA,1015.7,20.4,64,NA
2021-04-11 21:00:00,NA,1016.3,20.2,61,NA
2021-04-11 22:00:00,NA,1017,18.7,70,NA
2021-04-11 23:00:00,NA,1017.5,15.2,91,NA
2021-04-12 00:00:00,NA,1018.1,13.4,94,NA
2021-04-13 09:00:00,NA,1021.7,9.7,99,NA
2021-04-13 10:00:00,NA,1022.5,9.1,99,NA
2021-04-13 11:00:00,NA,1022.8,9.5,95,NA
2021-04-13 12:00:00,NA,1023.4,10.4,66,NA
2021-04-13 13:00:00,1020.5,1023.6,19.7,68,NA
2021-04-13 14:00:00,1020.5,1023.6,22.3,58,NA
2021-04-13 15:00:00,1020.4,1023.4,23.5,52,NA
2021-04-13 16:00:00,1019.7,1022.8,24.4,48,NA
2021-04-13 17:00:00,1018.8,1021.9,25.1,47,NA
2021-04-13 18:00:00,1018.2,1021.3,25.4,47,NA
2021-04-13 19:00:00,1018,1021.1,25.8,46,NA
2021-04-13 20:00:00,1017.8,1020.9,24.8,52,NA
2021-04-13 21:00:00,1017.8,1020.9,22.1,63,NA
2021-04-13 22:00:00,1017.7,1020.8,18.8,81,NA
2021-04-13 23:00:00,1017.8,1021,16,91,NA
2021-04-14 00:00:00,NA,1021.1,14.8,93,NA
2021-04-15 00:00:00,1012.2,NA,NA,NA,NA
2021-04-15 09:00:00,1010.9,1014,13.4,99,NA
2021-04-15 10:00:00,1011.6,1014.7,13.2,97,NA
2021-04-15 11:00:00,1011.7,1014.8,13.4,97,NA
2021-04-15 12:00:00,1012.1,1015.2,17.4,89,NA
2021-04-15 13:00:00,1012.4,1015.5,19.8,81,NA
2021-04-15 14:00:00,1012.2,1015.4,23.4,64,NA
2021-04-15 15:00:00,1012,1015,24.6,57,NA
2021-04-15 16:00:00,1011.3,1014.4,25.2,57,NA
2021-04-15 17:00:00,1010.6,1013.8,25.9,54,NA
2021-04-15 18:00:00,1010.2,1013.4,26.5,52,NA
2021-04-15 19:00:00,1010,1013.1,26.7,50,NA
2021-04-15 20:00:00,1009.7,1012.8,24.7,58,NA
2021-04-15 21:00:00,1009.7,1012.8,22.5,62,NA
2021-04-15 22:00:00,1010.2,1013.4,20,89,NA
2021-04-15 23:00:00,1010.6,1013.8,18.1,90,NA
2021-04-16 00:00:00,NA,1014.2,17.4,95,NA
2021-04-17 00:00:00,1012.4,NA,NA,NA,NA
2021-04-17 09:00:00,1014.6,1017.8,12.9,99,NA
2021-04-17 10:00:00,1015.2,1018.3,13.2,100,NA
2021-04-17 11:00:00,1015.6,1018.7,15.9,90,NA
2021-04-17 12:00:00,1016.2,1019.3,19,94,NA
2021-04-17 13:00:00,1016.4,1019.5,21.5,85,NA
2021-04-17 14:00:00,1016.1,1019.2,23.4,72,NA
2021-04-17 15:00:00,1015.8,1018.9,24.7,60,NA
2021-04-17 16:00:00,1015.4,1018.5,25.5,53,NA
2021-04-17 17:00:00,1014.5,1017.6,25.4,55,NA
2021-04-17 18:00:00,1014,1017.1,25.5,49,NA
2021-04-17 19:00:00,1013.6,1016.7,25.7,48,NA
2021-04-17 20:00:00,1013.8,1016.9,24.6,52,NA
2021-04-17 21:00:00,1014,1017.1,22.7,74,NA
2021-04-17 22:00:00,1014,1017.1,20.7,85,NA
2021-04-17 23:00:00,1014.1,1017.2,19.7,88,NA
2021-04-18 00:00:00,NA,1017.4,19.3,95,NA
2021-04-19 00:00:00,1015.7,NA,NA,NA,NA
2021-04-19 09:00:00,1017.3,1020.4,16.8,93,NA
2021-04-19 10:00:00,1017.8,1020.9,15.4,97,NA
2021-04-19 11:00:00,1018.1,1021.2,16,94,NA
2021-04-19 12:00:00,1018.8,1021.8,18.4,80,NA
2021-04-19 13:00:00,1018.9,1022,20,70,NA
2021-04-19 14:00:00,1018.8,1021.8,22,58,NA
2021-04-19 15:00:00,1018.5,1021.6,23.2,52,NA
2021-04-19 17:00:00,1016.9,1020,25,52,NA
2021-04-19 18:00:00,1016.4,1019.5,24.9,44,NA
2021-04-19 19:00:00,1016.2,1019.3,24.8,46,NA
2021-04-19 20:00:00,1016.1,1019.2,23.4,58,NA
2021-04-19 21:00:00,1016.1,1019.2,22,61,NA
2021-04-19 22:00:00,1016,1019.1,19.8,75,NA
2021-04-19 23:00:00,1016.4,1019.4,19.9,75,NA
2021-04-20 00:00:00,NA,1019.7,19,82,NA
2021-04-21 00:00:00,1016,NA,NA,NA,NA
2021-04-21 09:00:00,1015.6,1018.6,18,89,NA
2021-04-21 10:00:00,1016,1019,18,84,NA
2021-04-21 11:00:00,1016.4,1019.5,18,88,NA
2021-04-21 12:00:00,1016.6,1019.7,19.7,76,NA
2021-04-21 13:00:00,1016.6,1019.7,20.4,74,NA
2021-04-21 14:00:00,1015.7,1018.8,21.2,71,NA
2021-04-21 15:00:00,1014.5,1017.6,23.1,65,NA
2021-04-21 16:00:00,1014.2,1017.3,24,61,NA
2021-04-21 17:00:00,1013.6,1016.6,25,56,NA
2021-04-21 18:00:00,1012.5,1015.5,25,61,NA
2021-04-21 19:00:00,1012.2,1015.3,24.9,62,NA
2021-04-21 20:00:00,1011.2,1014.3,24.2,67,NA
2021-04-21 21:00:00,1012,1015.1,23.2,67,NA
2021-04-21 22:00:00,1013.6,1016.7,21.6,73,NA
2021-04-21 23:00:00,1014.2,1017.3,21.2,73,NA
2021-04-22 00:00:00,NA,1017,21,75,NA
2021-04-23 00:00:00,1011.4,NA,NA,NA,NA
2021-04-23 09:00:00,NA,1015.1,17.5,87,NA
2021-04-23 10:00:00,NA,1015.1,17.3,90,NA
2021-04-23 11:00:00,NA,1015.5,19.6,82,NA
2021-04-23 12:00:00,NA,1015.6,20.6,88,NA
2021-04-23 13:00:00,NA,1015.3,21.7,68,NA
2021-04-23 14:00:00,NA,1014.8,23.2,62,NA
2021-04-23 15:00:00,NA,1014.3,23.9,60,NA
2021-04-23 16:00:00,NA,1013.1,25.8,53,NA
2021-04-23 17:00:00,NA,1012.4,26.1,52,NA
2021-04-23 18:00:00,NA,1011.7,26.4,51,NA
2021-04-23 19:00:00,NA,1010.9,26.3,53,NA
2021-04-23 20:00:00,NA,1011.2,26,53,NA
2021-04-23 21:00:00,NA,1011.1,23.2,67,NA
2021-04-23 22:00:00,NA,1011.5,22.4,74,NA
2021-04-23 23:00:00,NA,1014.1,16.4,96,NA
2021-04-24 00:00:00,NA,1014.5,16.2,96,NA
2021-04-25 09:00:00,NA,1019.1,9.6,88,NA
2021-04-25 10:00:00,NA,1019.5,9.4,91,NA
2021-04-25 11:00:00,NA,1019.9,9.4,92,NA
2021-04-25 12:00:00,NA,1020.7,11.5,87,NA
2021-04-25 13:00:00,NA,1020.9,13.8,79,NA
2021-04-25 14:00:00,NA,1020.8,14.2,76,NA
2021-04-25 15:00:00,NA,1020.6,17.7,64,NA
2021-04-25 16:00:00,NA,1020.1,18.4,62,NA
2021-04-25 17:00:00,NA,1019.5,19.2,63,NA
2021-04-25 18:00:00,NA,1019.4,19.4,65,NA
2021-04-25 19:00:00,NA,1019.2,19.4,63,NA
2021-04-25 20:00:00,NA,1019.3,19,68,NA
2021-04-25 21:00:00,NA,1019.3,17.8,74,NA
2021-04-25 22:00:00,NA,1019.9,16.7,84,NA
2021-04-25 23:00:00,NA,1020.2,15.6,86,NA
2021-04-26 00:00:00,NA,1020.7,14.7,93,NA
2021-04-27 09:00:00,NA,1020.2,9,100,NA
2021-04-27 10:00:00,NA,1020.8,9.6,95,NA
2021-04-27 11:00:00,NA,1021.1,9,97,NA
2021-04-27 12:00:00,NA,1021.8,12.7,91,NA
2021-04-27 13:00:00,NA,1021.8,16.7,76,NA
2021-04-27 14:00:00,NA,1021.7,19,62,NA
2021-04-27 15:00:00,NA,1021.4,20.4,56,NA
2021-04-27 16:00:00,NA,1020.8,21.6,56,NA
2021-04-27 17:00:00,NA,1020,21.5,49,NA
2021-04-27 18:00:00,NA,1019.2,21.5,50,NA
2021-04-27 19:00:00,NA,1018.9,21,53,NA
2021-04-27 20:00:00,NA,1018.9,20.8,50,NA
2021-04-27 21:00:00,NA,1018.9,18.8,68,NA
2021-04-27 22:00:00,NA,1019.1,16.2,80,NA
2021-04-27 23:00:00,NA,1019.4,14,94,NA
2021-04-28 00:00:00,1016.8,NA,12.8,94,NA
2021-04-28 09:00:00,1017.6,NA,8.6,96,NA
2021-04-28 10:00:00,1018.5,NA,8.4,98,NA
2021-04-28 11:00:00,1019.4,NA,9,97,NA
2021-04-28 12:00:00,1020.1,NA,13.5,88,NA
2021-04-28 13:00:00,1020.4,NA,17.3,75,NA
2021-04-28 14:00:00,1020.4,NA,20.6,62,NA
2021-04-28 15:00:00,1020,NA,21.8,54,NA
2021-04-28 16:00:00,1019.4,NA,22.2,54,NA
2021-04-28 17:00:00,1018.8,NA,22.7,53,NA
2021-04-28 18:00:00,1018.1,NA,23.5,49,NA
2021-04-28 19:00:00,1017.8,NA,23.3,49,NA
2021-04-28 20:00:00,1018.1,NA,22.2,55,NA
2021-04-28 21:00:00,1018.4,NA,20.6,67,NA
2021-04-28 22:00:00,1018.6,NA,17.4,88,NA
2021-04-28 23:00:00,1019,NA,15.3,85,NA
2021-04-29 09:00:00,NA,1023.5,10,99,NA
2021-04-29 10:00:00,NA,1023.7,10.3,96,NA
2021-04-29 11:00:00,NA,1024.2,10.4,94,NA
2021-04-29 12:00:00,NA,1024.4,14,89,NA
2021-04-29 13:00:00,NA,1024.5,18.4,71,NA
2021-04-29 14:00:00,NA,1024.6,20.6,63,NA
2021-04-29 15:00:00,NA,1024.3,22.4,54,NA
2021-04-29 16:00:00,NA,1023.7,22.5,49,NA
2021-04-29 17:00:00,NA,1023,22.6,48,NA
2021-04-29 18:00:00,NA,1022.4,23.4,49,NA
2021-04-29 19:00:00,NA,1022.1,23,46,NA
2021-04-29 20:00:00,NA,1021.9,22.2,52,NA
2021-04-29 21:00:00,NA,1021.8,21,60,NA
2021-04-29 22:00:00,NA,1021.9,17.2,87,NA
2021-04-29 23:00:00,NA,1022.3,14.5,86,NA
2021-04-30 00:00:00,1019.4,NA,13.8,90,NA
2021-04-30 09:00:00,1018.4,NA,9.4,98,NA
2021-04-30 10:00:00,1018.4,NA,9.2,98,NA
2021-04-30 11:00:00,1018.8,NA,11.9,97,NA
2021-04-30 12:00:00,1018.8,NA,13.1,90,NA
2021-04-30 13:00:00,1018.8,NA,17.2,71,NA
2021-04-30 14:00:00,1018.6,NA,18.9,65,NA
2021-04-30 15:00:00,1017.8,NA,21.1,55,NA
2021-04-30 16:00:00,1017,NA,21.5,51,NA
2021-04-30 17:00:00,1016.1,NA,21.8,49,NA
2021-04-30 18:00:00,1015.6,NA,23.1,46,NA
2021-04-30 19:00:00,1014.8,NA,22.8,47,NA
2021-04-30 20:00:00,1014.4,NA,22,53,NA
2021-04-30 21:00:00,1014,NA,19.8,60,NA
2021-04-30 22:00:00,1013.8,NA,16.3,83,NA
2021-04-30 23:00:00,1013.8,NA,14.4,87,NA
2021-05-01 09:00:00,NA,1017.1,12.3,92,NA
2021-05-01 10:00:00,NA,1017.6,12.3,92,NA
2021-05-01 11:00:00,NA,1018,11.6,91,NA
2021-05-01 12:00:00,NA,1018.1,15.4,81,NA
2021-05-01 13:00:00,NA,1018.2,18.9,66,NA
2021-05-01 14:00:00,NA,1018.2,21.5,57,NA
2021-05-01 15:00:00,NA,1017.8,23.9,50,NA
2021-05-01 16:00:00,NA,1016.8,25.1,45,NA
2021-05-01 17:00:00,NA,1016,25.8,42,NA
2021-05-01 18:00:00,NA,1014.9,25.9,41,NA
2021-05-01 19:00:00,NA,1014.8,26.4,40,NA
2021-05-01 20:00:00,NA,1014.5,24.6,42,NA
2021-05-01 21:00:00,NA,1014.6,21.9,62,NA
2021-05-01 22:00:00,NA,1015,18,80,NA
2021-05-01 23:00:00,NA,1015.4,16.1,86,NA
2021-05-02 00:00:00,1012.4,NA,14.9,87,NA
2021-05-02 09:00:00,1012,NA,12,94,NA
2021-05-02 10:00:00,1012.2,NA,11.3,97,NA
2021-05-02 11:00:00,1012.8,NA,12,94,NA
2021-05-02 12:00:00,1012.8,NA,16.4,79,NA
2021-05-02 13:00:00,1012.8,NA,20,62,NA
2021-05-02 14:00:00,1012.4,NA,22.2,61,NA
2021-05-02 15:00:00,1012,NA,24,58,NA
2021-05-02 16:00:00,1011,NA,27,57,NA
2021-05-02 17:00:00,1009.8,NA,26.6,52,NA
2021-05-02 18:00:00,1009,NA,26.8,51,NA
2021-05-02 19:00:00,1008.8,NA,26.2,53,NA
2021-05-02 20:00:00,1008.6,NA,25.8,58,NA
2021-05-02 21:00:00,1008.6,NA,23,73,NA
2021-05-02 22:00:00,1008.9,NA,20.5,85,NA
2021-05-02 23:00:00,1009,NA,19.7,86,NA
2021-05-03 09:00:00,NA,1010.3,18.3,93,NA
2021-05-03 10:00:00,NA,1010.1,16.8,92,NA
2021-05-03 11:00:00,NA,1010.5,17,91,NA
2021-05-03 12:00:00,NA,1010.4,20.2,79,NA
2021-05-03 13:00:00,NA,1010.2,21.3,71,NA
2021-05-03 14:00:00,NA,1009.7,22,73,NA
2021-05-03 15:00:00,NA,1008.8,22.2,72,NA
2021-05-03 16:00:00,NA,1008.4,21.4,85,NA
2021-05-03 17:00:00,NA,1008.8,21,91,NA
2021-05-03 18:00:00,NA,1007.8,20.6,93,NA
2021-05-03 19:00:00,NA,1007.2,20.5,95,NA
2021-05-03 20:00:00,NA,1007.9,20.5,93,NA
2021-05-03 21:00:00,NA,1009,20,96,NA
2021-05-03 22:00:00,NA,1009.5,19.9,95,NA
2021-05-03 23:00:00,NA,1010.3,19.7,96,NA
2021-05-04 00:00:00,1009,NA,17.8,95,NA
2021-05-04 09:00:00,1016.6,NA,10.2,87,NA
2021-05-04 10:00:00,1018.2,NA,10.2,74,NA
2021-05-04 11:00:00,1019.3,NA,9.5,79,NA
2021-05-04 12:00:00,1020,NA,10.2,71,NA
2021-05-04 13:00:00,1021,NA,11.2,65,NA
2021-05-04 14:00:00,1021.2,NA,13,60,NA
2021-05-04 15:00:00,1020.8,NA,14.2,54,NA
2021-05-04 16:00:00,1020.5,NA,15.5,57,NA
2021-05-04 17:00:00,1020.2,NA,15.5,58,NA
2021-05-04 18:00:00,1020.2,NA,15.3,55,NA
2021-05-04 19:00:00,1020.9,NA,15.2,55,NA
2021-05-04 20:00:00,1021.6,NA,14.4,58,NA
2021-05-04 21:00:00,1022,NA,13.8,62,NA
2021-05-04 22:00:00,1022.4,NA,12.4,67,NA
2021-05-04 23:00:00,1023.7,NA,11.2,72,NA
2021-05-05 09:00:00,NA,1027.2,6.9,84,NA
2021-05-05 10:00:00,NA,1027.4,6.4,85,NA
2021-05-05 11:00:00,NA,1027.7,5.8,87,NA
2021-05-05 12:00:00,NA,1027.8,8,77,NA
2021-05-05 13:00:00,NA,1028.2,10.5,64,NA
2021-05-05 14:00:00,NA,1027.7,12.9,53,NA
2021-05-05 15:00:00,NA,1027.6,13,50,NA
2021-05-05 16:00:00,NA,1026.8,14.6,47,NA
2021-05-05 17:00:00,NA,1025.9,15.1,43,NA
2021-05-05 18:00:00,NA,1025.3,14.5,42,NA
2021-05-05 19:00:00,NA,1025.3,14.9,41,NA
2021-05-05 20:00:00,NA,1025.2,13.8,45,NA
2021-05-05 21:00:00,NA,1025.4,11.9,58,NA
2021-05-05 22:00:00,NA,1025.8,10.8,64,NA
2021-05-05 23:00:00,NA,1026.5,7.8,87,NA
2021-05-06 00:00:00,1023.7,NA,7.4,86,NA
2021-05-06 09:00:00,1023.2,NA,4.2,93,NA
2021-05-06 10:00:00,1023.6,NA,3.4,93,NA
2021-05-06 11:00:00,1023.7,NA,6.2,70,NA
2021-05-06 12:00:00,1024,NA,7.8,68,NA
2021-05-06 13:00:00,1024.2,NA,10.1,59,NA
2021-05-06 14:00:00,1023.8,NA,12.7,53,NA
2021-05-06 15:00:00,1023.8,NA,14.4,45,NA
2021-05-06 16:00:00,1023.3,NA,15.5,41,NA
2021-05-06 17:00:00,1022.8,NA,16.2,35,NA
2021-05-06 18:00:00,1022.2,NA,17,37,NA
2021-05-06 19:00:00,1022,NA,17.3,36,NA
2021-05-06 20:00:00,1021.7,NA,16.4,41,NA
2021-05-06 21:00:00,1021.6,NA,14,53,NA
2021-05-06 22:00:00,1021.6,NA,12,58,NA
2021-05-06 23:00:00,1021.8,NA,8,90,NA
2021-05-07 09:00:00,NA,1025.8,2.2,97,NA
2021-05-07 10:00:00,NA,1026.1,2.2,97,NA
2021-05-07 11:00:00,NA,1026.7,2.2,97,NA
2021-05-07 12:00:00,NA,1027.2,5.8,90,NA
2021-05-07 13:00:00,NA,1027.5,12,64,NA
2021-05-07 14:00:00,NA,1027.4,15,58,NA
2021-05-07 15:00:00,NA,1027.3,16.9,46,NA
2021-05-07 16:00:00,NA,1026.9,18.2,42,NA
2021-05-07 17:00:00,NA,1026.5,17.8,45,NA
2021-05-07 18:00:00,NA,1026,17.6,50,NA
2021-05-07 19:00:00,NA,1026,16.6,53,NA
2021-05-07 20:00:00,NA,1026,16,52,NA
2021-05-07 21:00:00,NA,1026.2,12.2,83,NA
2021-05-07 22:00:00,NA,1026.4,10,89,NA
2021-05-07 23:00:00,NA,1026.8,9,86,NA
2021-05-08 00:00:00,1023.7,NA,7.2,95,NA
2021-05-08 09:00:00,1024.2,NA,7.7,98,NA
2021-05-08 10:00:00,1024.4,NA,6.3,100,NA
2021-05-08 11:00:00,1024.5,NA,7.5,100,NA
2021-05-08 12:00:00,1024.8,NA,7.4,86,NA
2021-05-08 13:00:00,1025,NA,14.1,83,NA
2021-05-08 14:00:00,1025.2,NA,16.1,70,NA
2021-05-08 15:00:00,1025,NA,16.8,64,NA
2021-05-08 16:00:00,1024.4,NA,18,51,NA
2021-05-08 17:00:00,1023.4,NA,19.1,47,NA
2021-05-08 18:00:00,1022.8,NA,18.8,52,NA
2021-05-08 19:00:00,1022.2,NA,19,51,NA
2021-05-08 20:00:00,1022.4,NA,17.1,58,NA
2021-05-08 21:00:00,1022.2,NA,14.9,71,NA
2021-05-08 22:00:00,1021.8,NA,13.4,79,NA
2021-05-08 23:00:00,1021.7,NA,13.4,86,NA
2021-05-09 09:00:00,NA,1023.7,10,91,NA
2021-05-09 10:00:00,NA,1023.7,9.8,91,NA
2021-05-09 11:00:00,NA,1023.9,10,97,NA
2021-05-09 12:00:00,NA,1024.4,12.4,93,NA
2021-05-09 13:00:00,NA,1024.1,13.8,87,NA
2021-05-09 14:00:00,NA,1024.3,15.4,76,NA
2021-05-09 15:00:00,NA,1023.5,15.7,75,NA
2021-05-09 16:00:00,NA,1022.9,16.1,71,NA
2021-05-09 17:00:00,NA,1022,16.5,70,NA
2021-05-09 18:00:00,NA,1021.5,17.5,72,NA
2021-05-09 19:00:00,NA,1021.1,17.8,70,NA
2021-05-09 20:00:00,NA,1020.8,17,73,NA
2021-05-09 21:00:00,NA,1020.9,16.3,74,NA
2021-05-09 22:00:00,NA,1021.2,13.8,90,NA
2021-05-09 23:00:00,NA,1020.9,13.7,91,NA
2021-05-10 00:00:00,1017.8,NA,13.2,93,NA
2021-05-10 09:00:00,1018.1,NA,10.8,97,NA
2021-05-10 11:00:00,1019.3,NA,10.4,98,NA
2021-05-10 12:00:00,1020.1,NA,11.2,93,NA
2021-05-10 13:00:00,1020.4,NA,12.3,91,NA
2021-05-10 14:00:00,1020.9,NA,13.4,85,NA
2021-05-10 15:00:00,1020.9,NA,14.8,75,NA
2021-05-10 16:00:00,1020.6,NA,16.2,63,NA
2021-05-10 17:00:00,1020,NA,17.2,55,NA
2021-05-10 18:00:00,1019.4,NA,17.8,51,NA
2021-05-10 19:00:00,1019.3,NA,17.2,42,NA
2021-05-10 20:00:00,1019.6,NA,16.4,48,NA
2021-05-10 21:00:00,1020,NA,14.8,40,NA
2021-05-10 22:00:00,1020.5,NA,12.2,58,NA
2021-05-10 23:00:00,1021,NA,9,78,NA
2021-05-11 09:00:00,NA,1024.8,2,89,NA
2021-05-11 10:00:00,NA,1024.9,2,91,NA
2021-05-11 11:00:00,NA,1025.3,4,85,NA
2021-05-11 12:00:00,NA,1025.7,7.4,68,NA
2021-05-11 13:00:00,NA,1025.7,10,62,NA
2021-05-11 14:00:00,NA,1025.7,12,51,NA
2021-05-11 15:00:00,NA,1025.3,14.7,44,NA
2021-05-11 16:00:00,NA,1024.9,15.4,42,NA
2021-05-11 17:00:00,NA,1024,16,43,NA
2021-05-11 18:00:00,NA,1023.3,16.2,43,NA
2021-05-11 19:00:00,NA,1023.1,16,44,NA
2021-05-11 20:00:00,NA,1022.7,15,50,NA
2021-05-11 21:00:00,NA,1022.7,13.2,55,NA
2021-05-11 22:00:00,NA,1022.7,9.8,76,NA
2021-05-12 00:00:00,1020,NA,6.8,81,NA
2021-05-12 10:00:00,1019.6,NA,1.5,90,NA
2021-05-12 11:00:00,1020.1,NA,2,92,NA
2021-05-12 12:00:00,1020.9,NA,6.8,68,NA
2021-05-12 13:00:00,1020.8,NA,11.7,52,NA
2021-05-12 14:00:00,1020.8,NA,14.1,42,NA
2021-05-12 15:00:00,1020,NA,16.4,37,NA
2021-05-12 16:00:00,1018.8,NA,18.1,34,NA
2021-05-12 17:00:00,1018,NA,18.7,33,NA
2021-05-12 18:00:00,1017.6,NA,18.8,32,NA
2021-05-12 19:00:00,1016.9,NA,19.1,32,NA
2021-05-12 20:00:00,1016.8,NA,17.6,39,NA
2021-05-12 21:00:00,1016.8,NA,15.9,49,NA
2021-05-12 23:00:00,1016.8,NA,9.7,70,NA
2021-05-13 09:00:00,NA,1021.1,4.6,86,NA
2021-05-13 10:00:00,NA,1021.6,3.2,95,NA
2021-05-13 11:00:00,NA,1022,2.8,88,NA
2021-05-13 12:00:00,NA,1022.5,6.3,88,NA
2021-05-13 13:00:00,NA,1022.8,13,63,NA
2021-05-13 14:00:00,NA,1023.1,16.2,52,NA
2021-05-13 15:00:00,NA,1022.8,17.6,49,NA
2021-05-13 16:00:00,NA,1022.3,19.2,43,NA
2021-05-13 17:00:00,NA,1022,19.8,44,NA
2021-05-13 18:00:00,NA,1021.2,20.2,43,NA
2021-05-13 19:00:00,NA,1021.3,19.2,40,NA
2021-05-13 20:00:00,NA,1021.3,17,62,NA
2021-05-13 21:00:00,NA,1021.4,15.2,62,NA
2021-05-13 22:00:00,NA,1021.9,11.2,84,NA
2021-05-13 23:00:00,1019.2,NA,10.8,81,NA
2021-05-14 00:00:00,1019.6,NA,9.6,85,NA
2021-05-14 09:00:00,1018.6,NA,5,95,NA
2021-05-14 10:00:00,1018.9,NA,4.3,96,NA
2021-05-14 11:00:00,1019.3,NA,4,96,NA
2021-05-14 12:00:00,1020.2,NA,7,87,NA
2021-05-14 13:00:00,1020.4,NA,14,68,NA
2021-05-14 14:00:00,1020.4,NA,17.2,55,NA
2021-05-14 15:00:00,1020.1,NA,18,47,NA
2021-05-14 16:00:00,1018.9,NA,19.4,48,NA
2021-05-14 18:00:00,1017.4,NA,20.4,38,NA
2021-05-14 19:00:00,1016.8,NA,19.2,40,NA
2021-05-14 20:00:00,1017.2,NA,17.8,57,NA
2021-05-14 21:00:00,1018,NA,15.5,65,NA
2021-05-14 22:00:00,1017,NA,12.8,80,NA
2021-05-14 23:00:00,1017.4,NA,9.6,93,NA
2021-05-15 09:00:00,NA,1020.3,3.2,97,NA
2021-05-15 10:00:00,NA,1020.7,3,99,NA
2021-05-15 11:00:00,NA,1021.3,2.6,98,NA
2021-05-15 12:00:00,NA,1021.6,5.8,92,NA
2021-05-15 13:00:00,NA,1022.1,12.5,82,NA
2021-05-15 14:00:00,NA,1021.9,14.6,65,NA
2021-05-15 15:00:00,NA,1021.4,16.8,60,NA
2021-05-15 16:00:00,NA,1020.8,18.8,58,NA
2021-05-15 17:00:00,NA,1020.3,19.4,57,NA
2021-05-15 18:00:00,NA,1019.8,20.6,46,NA
2021-05-15 19:00:00,NA,1019.3,20.4,47,NA
2021-05-15 20:00:00,NA,1019.5,17.2,64,NA
2021-05-15 21:00:00,NA,1019.4,15.2,68,NA
2021-05-15 22:00:00,NA,1019.7,11.4,90,NA
2021-05-15 23:00:00,NA,1020.2,9.5,91,NA
2021-05-16 00:00:00,1017.2,NA,8,90,NA
2021-05-16 09:00:00,1016.8,NA,6.3,97,NA
2021-05-16 10:00:00,1017.2,NA,5.8,98,NA
2021-05-16 11:00:00,1017.2,NA,5.3,98,NA
2021-05-16 12:00:00,1017.6,NA,9.5,88,NA
2021-05-16 13:00:00,1017.7,NA,13.7,71,NA
2021-05-16 14:00:00,1018,NA,15.6,62,NA
2021-05-16 15:00:00,1017.7,NA,15.6,58,NA
2021-05-16 16:00:00,1017,NA,16.3,55,NA
2021-05-16 17:00:00,1016.4,NA,17.5,57,NA
2021-05-16 18:00:00,1016.1,NA,18.3,54,NA
2021-05-16 19:00:00,1015.7,NA,18.4,54,NA
2021-05-16 20:00:00,1015.7,NA,17.1,72,NA
2021-05-16 21:00:00,1016.4,NA,15,76,NA
2021-05-16 22:00:00,1016.9,NA,11.7,91,NA
2021-05-16 23:00:00,1016.6,NA,10.5,93,NA
2021-05-17 09:00:00,NA,1021.2,5.4,97,NA
2021-05-17 10:00:00,NA,1021.8,4.6,93,NA
2021-05-17 11:00:00,NA,1022.6,7.2,99,NA
2021-05-17 12:00:00,NA,1023,7.6,97,NA
2021-05-17 13:00:00,NA,1023.5,9,96,NA
2021-05-17 14:00:00,NA,1023.2,11.2,97,NA
2021-05-17 15:00:00,NA,1023,15.2,69,NA
2021-05-17 16:00:00,NA,1022.3,16.2,67,NA
2021-05-17 17:00:00,NA,1022.2,17,61,NA
2021-05-17 18:00:00,NA,1021.6,17,51,NA
2021-05-17 19:00:00,NA,1021.2,17.2,48,NA
2021-05-17 20:00:00,NA,1021.4,15.8,50,NA
2021-05-17 21:00:00,NA,1021.5,13.8,60,NA
2021-05-17 22:00:00,NA,1021.6,9.7,82,NA
2021-05-17 23:00:00,NA,1022.3,8,85,NA
2021-05-18 00:00:00,1019.3,NA,7,87,NA
2021-05-18 09:00:00,1018.5,NA,3.6,99,NA
2021-05-18 10:00:00,1019,NA,3.3,98,NA
2021-05-18 11:00:00,1019,NA,2,100,NA
2021-05-18 12:00:00,1019.3,NA,5.3,85,NA
2021-05-18 13:00:00,1019.6,NA,10.8,85,NA
2021-05-18 14:00:00,1019.8,NA,14.5,62,NA
2021-05-18 16:00:00,1018.1,NA,16.3,63,NA
2021-05-18 17:00:00,1017.2,NA,17,60,NA
2021-05-18 18:00:00,1016.8,NA,16.6,59,NA
2021-05-18 19:00:00,1016.4,NA,17.1,57,NA
2021-05-18 20:00:00,1016,NA,14.8,67,NA
2021-05-18 21:00:00,1016.2,NA,13,76,NA
2021-05-18 22:00:00,1016,NA,11.3,86,NA
2021-05-18 23:00:00,1016,NA,8.9,96,NA
2021-05-19 09:00:00,NA,1018.5,5.4,95,NA
2021-05-19 10:00:00,NA,1018.8,7.2,99,NA
2021-05-19 11:00:00,NA,1018.9,4.9,100,NA
2021-05-19 12:00:00,NA,1018.9,9,94,NA
2021-05-19 13:00:00,NA,1018.8,13.2,82,NA
2021-05-19 14:00:00,NA,1018.3,14,73,NA
2021-05-19 15:00:00,NA,1018.1,15.2,64,NA
2021-05-19 16:00:00,NA,1017.6,16,58,NA
2021-05-19 17:00:00,NA,1017,16.2,61,NA
2021-05-19 18:00:00,NA,1016.2,15.5,65,NA
2021-05-19 19:00:00,NA,1016.4,15.2,68,NA
2021-05-19 20:00:00,NA,1016.1,14.4,72,NA
2021-05-19 21:00:00,NA,1016.2,13,81,NA
2021-05-19 22:00:00,NA,1016.2,13,82,NA
2021-05-19 23:00:00,NA,1016.7,12.8,84,NA
2021-05-20 00:00:00,1014.1,NA,13.3,79,NA
2021-05-20 09:00:00,1011.8,NA,12.2,93,NA
2021-05-20 10:00:00,1012.8,NA,12,96,NA
2021-05-20 11:00:00,1013,NA,10.2,94,NA
2021-05-20 12:00:00,1013.3,NA,12.1,87,NA
2021-05-20 13:00:00,1013.6,NA,14.2,75,NA
2021-05-20 16:00:00,1012.4,NA,17.1,56,NA
2021-05-20 17:00:00,1011.8,NA,17,56,NA
2021-05-20 18:00:00,1010.9,NA,16.8,57,NA
2021-05-20 19:00:00,1010.2,NA,15.7,65,NA
2021-05-20 20:00:00,1010.5,NA,14.8,69,NA
2021-05-20 21:00:00,1010.4,NA,13.6,75,NA
2021-05-20 22:00:00,1009.8,NA,14,77,NA
2021-05-20 23:00:00,1010.8,NA,14.1,78,NA
2021-05-21 09:00:00,NA,1011.5,14,97,NA
2021-05-21 10:00:00,NA,1010.8,13.8,89,NA
2021-05-21 11:00:00,NA,1011.2,13.9,88,NA
2021-05-21 12:00:00,NA,1013,13.4,97,NA
2021-05-21 13:00:00,NA,1011.7,13.6,96,NA
2021-05-21 14:00:00,NA,1013.2,13.6,94,NA
2021-05-21 15:00:00,NA,1012.4,13.6,94,NA
2021-05-21 16:00:00,NA,1010.9,13,92,NA
2021-05-21 17:00:00,NA,1009.9,13.2,97,NA
2021-05-21 18:00:00,NA,1009.9,13,99,NA
2021-05-21 19:00:00,NA,1009.6,12.6,97,NA
2021-05-21 20:00:00,NA,1009.8,12.8,96,NA
2021-05-21 21:00:00,NA,1010,12.6,97,NA
2021-05-21 22:00:00,NA,1010,12.4,99,NA
2021-05-21 23:00:00,NA,1008.9,12.6,96,NA
2021-05-22 00:00:00,1005.3,NA,12.8,95,NA
2021-05-22 09:00:00,996.3,NA,12.4,95,NA
2021-05-22 11:00:00,993,NA,12.5,98,NA
2021-05-22 12:00:00,992.5,NA,12.8,97,NA
2021-05-22 13:00:00,992.2,NA,13.4,98,NA
2021-05-22 14:00:00,992.3,NA,13.6,97,NA
2021-05-22 15:00:00,992.4,NA,13.5,98,NA
2021-05-22 16:00:00,992.2,NA,13.7,93,NA
2021-05-22 17:00:00,991.8,NA,13.8,87,NA
2021-05-22 18:00:00,992,NA,14.4,81,NA
2021-05-22 19:00:00,992.5,NA,14.9,82,NA
2021-05-22 20:00:00,993.3,NA,14.2,91,NA
2021-05-22 21:00:00,993.8,NA,14,91,NA
2021-05-22 22:00:00,995.4,NA,13.8,90,NA
2021-05-22 23:00:00,996.9,NA,13.6,91,NA
2021-05-23 09:00:00,NA,1007.7,10.7,96,NA
2021-05-23 10:00:00,NA,1008.7,11.5,82,NA
2021-05-23 11:00:00,NA,1009.6,11.2,83,NA
2021-05-23 12:00:00,NA,1010.3,10.9,84,NA
2021-05-23 13:00:00,NA,1011,11.8,79,NA
2021-05-23 14:00:00,NA,1011.7,12.5,76,NA
2021-05-23 15:00:00,NA,1011.9,13.2,75,NA
2021-05-23 16:00:00,NA,1011.7,14.2,68,NA
2021-05-23 17:00:00,NA,1011.6,14.6,66,NA
2021-05-23 18:00:00,NA,1012.1,14.2,66,NA
2021-05-23 19:00:00,NA,1012.2,14.3,65,NA
2021-05-23 20:00:00,NA,1012.5,14.4,63,NA
2021-05-23 21:00:00,NA,1013.2,13.8,67,NA
2021-05-23 22:00:00,NA,1013.7,12.8,73,NA
2021-05-23 23:00:00,NA,1014.4,12.6,79,NA
2021-05-24 00:00:00,NA,1015,12,83,NA
2021-05-25 09:00:00,NA,1013.8,9.7,77,NA
2021-05-25 10:00:00,NA,1014.3,9.5,77,NA
2021-05-25 11:00:00,NA,1015.2,9.6,77,NA
2021-05-25 12:00:00,NA,1016.4,10.7,70,NA
2021-05-25 13:00:00,NA,1017.3,11.9,65,NA
2021-05-25 14:00:00,NA,1017.8,14.2,58,NA
2021-05-25 15:00:00,NA,1018.3,15.4,53,NA
2021-05-25 16:00:00,NA,1018.2,17.4,49,NA
2021-05-25 17:00:00,NA,1017.9,17.8,50,NA
2021-05-25 18:00:00,NA,1018.1,18.4,48,NA
2021-05-25 19:00:00,NA,1017.9,17.4,44,NA
2021-05-25 20:00:00,NA,1018,16.3,48,NA
2021-05-25 21:00:00,NA,1018.3,13.8,70,NA
2021-05-25 22:00:00,NA,1018.6,12.7,74,NA
2021-05-25 23:00:00,NA,1019.4,7.6,89,NA
2021-05-26 00:00:00,NA,1019.7,7,92,NA
2021-05-27 09:00:00,NA,1014.1,8.1,92,NA
2021-05-27 10:00:00,NA,1013.4,9.3,91,NA
2021-05-27 11:00:00,NA,1013.2,9.9,87,NA
2021-05-27 12:00:00,NA,1012.8,12,80,NA
2021-05-27 13:00:00,NA,1012.8,14.8,74,NA
2021-05-27 14:00:00,NA,1012.6,17.8,59,NA
2021-05-27 15:00:00,NA,1012.1,20,54,NA
2021-05-27 16:00:00,NA,1011,21.8,49,NA
2021-05-27 17:00:00,1006.6,1009.7,21.8,51,NA
2021-05-27 18:00:00,1004.9,1008,21.9,51,NA
2021-05-27 19:00:00,1003.7,1006.8,22,48,NA
2021-05-27 20:00:00,1002.9,1006,21.2,51,NA
2021-05-27 21:00:00,1002.5,1005.6,20,54,NA
2021-05-27 22:00:00,1002.2,1005.3,18.5,63,NA
2021-05-27 23:00:00,1001.8,1005,18.2,63,NA
2021-05-28 00:00:00,NA,1004.6,17.7,62,NA
2021-05-29 00:00:00,1002.5,NA,NA,NA,NA
2021-05-29 09:00:00,1008.1,1011.2,10.2,75,NA
2021-05-29 10:00:00,1009.3,1012.4,10,72,NA
2021-05-29 11:00:00,1010.2,1013.4,9.3,75,NA
2021-05-29 12:00:00,1011.4,1014.7,9.4,78,NA
2021-05-29 13:00:00,1012.6,1015.8,10,68,NA
2021-05-29 14:00:00,1013.7,1016.9,10.5,48,NA
2021-05-29 15:00:00,1014.1,1017.3,11.7,42,NA
2021-05-29 16:00:00,1014,1017.2,12.3,46,NA
2021-05-29 17:00:00,1013.7,1016.8,12.4,37,NA
2021-05-29 18:00:00,1013.6,1016.8,12.6,35,NA
2021-05-29 19:00:00,1013.8,1017,12.8,31,NA
2021-05-29 20:00:00,1014.4,1017.6,11.7,30,NA
2021-05-29 21:00:00,1014.6,1017.9,10.5,44,NA
2021-05-29 22:00:00,1015.2,1018.3,6.6,68,NA
2021-05-29 23:00:00,1015.6,1018.8,4.2,76,NA
2021-05-30 00:00:00,NA,1018.9,4,80,NA
2021-05-31 00:00:00,1015.8,NA,NA,NA,NA
2021-05-31 09:00:00,1012.4,1015.5,11.7,62,NA
2021-05-31 10:00:00,1012.8,1015.9,11.2,64,NA
2021-05-31 11:00:00,1013.2,1016.4,11,64,NA
2021-05-31 12:00:00,1013.2,1016.4,11.4,65,NA
2021-05-31 13:00:00,1013.4,1016.6,13.4,61,NA
2021-05-31 14:00:00,NA,1017,14.7,62,NA
2021-05-31 15:00:00,1013.2,1016.4,15.9,51,NA
2021-05-31 16:00:00,1012.1,1015.2,17.5,47,NA
2021-05-31 17:00:00,1011.8,1014.9,18,47,NA
2021-05-31 18:00:00,1011,1014.2,18.3,46,NA
2021-05-31 19:00:00,1011.2,1014.3,19.1,45,NA
2021-05-31 20:00:00,1010.8,1013.9,18.4,48,NA
2021-05-31 21:00:00,1010.6,1013.7,17,66,NA
2021-05-31 22:00:00,1010.8,1013.9,16.1,77,NA
2021-05-31 23:00:00,1010.9,1014,16.1,66,NA
2021-06-01 00:00:00,NA,1013.8,16,62,NA
2021-06-02 00:00:00,1005.8,NA,NA,NA,NA
2021-06-02 09:00:00,1009,1012.1,11.2,86,NA
2021-06-02 10:00:00,1009.4,1012.6,11,86,NA
2021-06-02 11:00:00,1010.4,1013.5,10,94,NA
2021-06-02 12:00:00,1011.3,1014.4,10.6,96,NA
2021-06-02 13:00:00,1012.2,1015.4,11,96,NA
2021-06-02 14:00:00,1012.6,1015.8,12.3,88,NA
2021-06-02 15:00:00,1012.9,1016,14.1,74,NA
2021-06-02 16:00:00,1012.8,1015.9,15,58,NA
2021-06-02 17:00:00,1012.2,1015.3,16,50,NA
2021-06-02 18:00:00,1012.2,1015.4,16.9,43,NA
2021-06-02 19:00:00,1013,1016.1,16.1,45,NA
2021-06-02 20:00:00,1012.9,1016,15.8,46,NA
2021-06-02 21:00:00,1013.6,1016.7,12.6,55,NA
2021-06-02 22:00:00,1013.8,1017.1,11.5,72,NA
2021-06-02 23:00:00,1014.4,1017.6,7.8,82,NA
2021-06-03 00:00:00,NA,1018.2,7.4,83,NA
2021-06-04 00:00:00,1008.9,NA,NA,NA,NA
2021-06-04 09:00:00,1007.6,1010.7,15.2,52,NA
2021-06-04 10:00:00,1007.8,1011,13,80,NA
2021-06-04 11:00:00,1008.2,1011.4,12.4,84,NA
2021-06-04 12:00:00,1008.6,1011.8,14.9,74,NA
2021-06-04 13:00:00,1009,1012.1,15.7,74,NA
2021-06-04 14:00:00,1009,1012.1,16.2,75,NA
2021-06-04 15:00:00,1008.1,1011.2,17.3,78,NA
2021-06-04 16:00:00,1006.8,1009.9,19.3,70,NA
2021-06-04 17:00:00,1006.4,1009.5,18.8,72,NA
2021-06-04 18:00:00,1005.6,1008.7,19.2,83,NA
2021-06-04 19:00:00,1005,1008.2,19.5,81,NA
2021-06-04 20:00:00,1005,1008.1,18.8,85,NA
2021-06-04 21:00:00,1005.3,1008.4,18,87,NA
2021-06-04 22:00:00,1005.3,1008.4,17.6,88,NA
2021-06-04 23:00:00,1005.8,1009,17.2,90,NA
2021-06-05 00:00:00,NA,1008.7,16.5,93,NA
2021-06-06 00:00:00,1016.5,NA,NA,NA,NA
2021-06-06 09:00:00,1019.6,1022.8,2.3,93,NA
2021-06-06 10:00:00,1020.1,1023.3,2.5,87,NA
2021-06-06 11:00:00,1020.5,1023.7,0.6,94,NA
2021-06-06 12:00:00,1020.5,1023.7,3.6,88,NA
2021-06-06 13:00:00,1021,1024.2,6.5,72,NA
2021-06-06 14:00:00,1021,1024.2,11.3,59,NA
2021-06-06 15:00:00,1020.6,1023.8,13,48,NA
2021-06-06 16:00:00,1019.6,1022.7,14,44,NA
2021-06-06 17:00:00,1018.4,1021.6,14.3,47,NA
2021-06-06 18:00:00,1017.6,1020.8,14.6,47,NA
2021-06-06 19:00:00,1018,1021.2,15.1,45,NA
2021-06-06 20:00:00,1018.9,1022.1,12,60,NA
2021-06-06 21:00:00,1019.2,1022.3,10.3,75,NA
2021-06-06 22:00:00,1018.9,1022.1,9.7,85,NA
2021-06-06 23:00:00,1019.6,1022.8,8.6,84,NA
2021-06-07 00:00:00,NA,1022.8,8.3,89,NA
2021-06-08 00:00:00,1018.8,NA,NA,NA,NA
2021-06-08 09:00:00,1017,1020.2,11.8,92,NA
2021-06-08 10:00:00,1017.6,1020.7,11.4,94,NA
2021-06-08 11:00:00,NA,1021.1,10,100,NA
2021-06-08 12:00:00,NA,1021.2,11,94,NA
2021-06-08 13:00:00,NA,1021.6,13.6,90,NA
2021-06-08 14:00:00,NA,1021.5,14.8,84,NA
2021-06-08 15:00:00,NA,1020.9,16,77,NA
2021-06-08 16:00:00,NA,1020,16.3,79,NA
2021-06-08 17:00:00,NA,1019.4,16.2,80,NA
2021-06-08 18:00:00,NA,1018.6,16.5,78,NA
2021-06-08 19:00:00,NA,1018.5,17.5,75,NA
2021-06-08 20:00:00,NA,1018.6,17,77,NA
2021-06-08 21:00:00,NA,1018.7,16,83,NA
2021-06-08 22:00:00,NA,1019,14.8,87,NA
2021-06-08 23:00:00,NA,1019.4,13.7,91,NA
2021-06-09 00:00:00,NA,1019.7,14.7,89,NA
2021-06-10 00:00:00,1014.4,NA,NA,NA,NA
2021-06-10 09:00:00,1014,1017.1,13.2,97,NA
2021-06-10 10:00:00,1014.5,1017.6,13,99,NA
2021-06-10 11:00:00,1015.8,1018.9,13,99,NA
2021-06-10 12:00:00,1016.2,1019.3,12.9,99,NA
2021-06-10 13:00:00,1016.9,1020.1,13.6,97,NA
2021-06-10 14:00:00,1017.3,1020.4,16.2,79,NA
2021-06-10 15:00:00,1016.8,1019.9,17.8,76,NA
2021-06-10 16:00:00,1016.5,1019.6,18.2,79,NA
2021-06-10 17:00:00,1016.4,1019.5,18,81,NA
2021-06-10 18:00:00,1016.5,1019.6,19.2,61,NA
2021-06-10 19:00:00,1016.5,1019.6,19.4,46,NA
2021-06-10 20:00:00,1017,1020.1,18.4,39,NA
2021-06-10 21:00:00,1018.1,1021.2,16,43,NA
2021-06-10 22:00:00,1018.4,1021.5,13.8,50,NA
2021-06-10 23:00:00,1018.8,1022,13,49,NA
2021-06-11 00:00:00,NA,1022.3,12.2,54,NA
2021-06-12 00:00:00,1015.2,NA,NA,NA,NA
2021-06-12 09:00:00,1012.8,1016,10.2,75,NA
2021-06-12 10:00:00,1013.4,1016.6,10,76,NA
2021-06-12 11:00:00,1013.7,1016.9,8.7,81,NA
2021-06-12 12:00:00,1014,1017.2,10.3,78,NA
2021-06-12 13:00:00,1014.6,1017.8,12.2,73,NA
2021-06-12 14:00:00,1014.6,1017.7,16.2,67,NA
2021-06-12 15:00:00,NA,1017.4,18.3,63,NA
2021-06-12 16:00:00,1013.6,1016.6,20.6,55,NA
2021-06-12 17:00:00,1012.8,1015.9,21.1,57,NA
2021-06-12 18:00:00,1012.1,1015.2,22.2,52,NA
2021-06-12 19:00:00,1012,1015.1,22,53,NA
2021-06-12 20:00:00,1012,1015,20.6,59,NA
2021-06-12 21:00:00,1012.1,1015.2,18.3,73,NA
2021-06-12 22:00:00,1012,1015.1,15.4,84,NA
2021-06-12 23:00:00,1012.4,1015.5,16.2,76,NA
2021-06-13 00:00:00,NA,1015.7,16,78,NA
2021-06-14 00:00:00,1013.2,NA,NA,NA,NA
2021-06-14 09:00:00,1014.5,1017.7,8.8,99,NA
2021-06-14 10:00:00,1014.8,1018,8,99,NA
2021-06-14 11:00:00,1015.2,1018.4,7.1,97,NA
2021-06-14 12:00:00,1015.6,1018.8,9.2,96,NA
2021-06-14 13:00:00,1016.4,1019.5,13.2,81,NA
2021-06-14 14:00:00,1016.8,1019.9,15,75,NA
2021-06-14 15:00:00,1016.8,1019.8,16,72,NA
2021-06-14 16:00:00,1016.8,1019.9,16.4,71,NA
2021-06-14 17:00:00,1017,1020.2,14.6,78,NA
2021-06-14 18:00:00,1017.4,1020.6,14,79,NA
2021-06-14 19:00:00,1017.7,1020.9,15,64,NA
2021-06-14 20:00:00,1018.8,1022,14.4,69,NA
2021-06-14 21:00:00,1019.6,1022.8,13.8,68,NA
2021-06-14 22:00:00,1020.4,1023.5,13.4,66,NA
2021-06-14 23:00:00,1021.6,1024.8,12.7,68,NA
2021-06-15 00:00:00,NA,1025.3,11,77,NA
2021-06-16 09:00:00,NA,1030.6,2,89,NA
2021-06-16 10:00:00,NA,1030.5,2,93,NA
2021-06-16 11:00:00,NA,1030.9,2.6,89,NA
2021-06-16 12:00:00,NA,1031.4,3.2,88,NA
2021-06-16 13:00:00,NA,1032,4.7,81,NA
2021-06-16 14:00:00,NA,1032.5,6.7,74,NA
2021-06-16 15:00:00,1029.2,1032.4,7.9,68,NA
2021-06-16 16:00:00,NA,1031.6,9.3,60,NA
2021-06-16 17:00:00,1027.6,1030.9,9.7,60,NA
2021-06-16 18:00:00,1027.3,1030.6,9.1,63,NA
2021-06-16 19:00:00,1027.4,1030.7,9.4,61,NA
2021-06-16 20:00:00,1027.2,1030.5,8.8,66,NA
2021-06-16 21:00:00,1027.4,1030.7,7.7,71,NA
2021-06-16 22:00:00,1027.6,1030.8,6.8,77,NA
2021-06-16 23:00:00,1027.6,1030.9,6.8,74,NA
2021-06-17 00:00:00,NA,1031,6.5,78,NA
2021-06-18 00:00:00,1026.9,NA,NA,NA,NA
2021-06-18 09:00:00,1026.4,1029.6,-0.2,98,NA
2021-06-18 10:00:00,1026.5,1029.8,-0.3,98,NA
2021-06-18 11:00:00,1026.8,1030,-0.4,96,NA
2021-06-18 12:00:00,1027.2,1030.4,0.5,94,NA
2021-06-18 13:00:00,1027.3,1030.6,5.3,58,NA
2021-06-18 14:00:00,1027.2,1030.5,8.2,71,NA
2021-06-18 15:00:00,1027,1030.3,9.3,63,NA
2021-06-18 16:00:00,1026.1,1029.4,9.7,60,NA
2021-06-18 17:00:00,1025.3,1028.6,10,59,NA
2021-06-18 18:00:00,1025,1028.3,10.1,62,NA
2021-06-18 19:00:00,1024.8,1028,10.2,60,NA
2021-06-18 20:00:00,1024.8,1028.1,9.6,69,NA
2021-06-18 21:00:00,1024.9,1028.2,8.9,75,NA
2021-06-18 22:00:00,NA,1028.5,7.4,86,NA
2021-06-18 23:00:00,1025.6,1028.8,5,99,NA
2021-06-19 00:00:00,NA,1029.1,3.3,99,NA
2021-06-20 00:00:00,1023.4,NA,NA,NA,NA
2021-06-20 09:00:00,1021.6,1024.8,-0.5,100,NA
2021-06-20 10:00:00,1021.7,1025,-0.8,100,NA
2021-06-20 11:00:00,1022,1025.2,-1.4,98,NA
2021-06-20 12:00:00,1022,1025.2,-0.4,98,NA
2021-06-20 13:00:00,1022.2,1025.5,5.2,94,NA
2021-06-20 14:00:00,1022.1,1025.4,9.8,87,NA
2021-06-20 15:00:00,1022,1025.1,12.2,58,NA
2021-06-20 16:00:00,1021.2,1024.3,13.4,57,NA
2021-06-20 17:00:00,1020.5,1023.7,12.8,55,NA
2021-06-20 18:00:00,1020,1023.1,13,52,NA
2021-06-20 19:00:00,1019.6,1022.7,12.1,61,NA
2021-06-20 20:00:00,1019.4,1022.7,11.8,66,NA
2021-06-20 21:00:00,1019.8,1023.1,9.2,78,NA
2021-06-20 22:00:00,1020,1023.2,8.4,82,NA
2021-06-20 23:00:00,1019.2,1022.5,5.5,95,NA
2021-06-21 00:00:00,NA,1023.3,5,97,NA
2021-06-22 00:00:00,1020,NA,NA,NA,NA
2021-06-22 09:00:00,1020.8,1024,10.2,92,NA
2021-06-22 10:00:00,1021,1024.2,10.2,92,NA
2021-06-22 11:00:00,1020.9,1024.1,10.1,95,NA
2021-06-22 12:00:00,1021.2,1024.3,10.6,89,NA
2021-06-22 13:00:00,1021.4,1024.6,12.4,77,NA
2021-06-22 14:00:00,1021.6,1024.8,12.8,74,NA
2021-06-22 15:00:00,NA,1024.7,14.2,67,NA
2021-06-22 16:00:00,NA,1023.8,14.4,89,NA
2021-06-22 17:00:00,NA,1023.1,15,54,NA
2021-06-22 18:00:00,NA,1022.3,15.2,68,NA
2021-06-22 19:00:00,NA,1021.3,15,69,NA
2021-06-22 20:00:00,NA,1021.4,14.4,75,NA
2021-06-22 21:00:00,NA,1021.9,12.8,82,NA
2021-06-22 22:00:00,NA,1022.1,11,86,NA
2021-06-22 23:00:00,NA,1021.5,11.1,88,NA
2021-06-23 00:00:00,NA,1021.3,12,89,NA
2021-06-24 00:00:00,1008.2,NA,NA,NA,NA
2021-06-24 09:00:00,1005.4,1008.6,12.8,97,NA
2021-06-24 10:00:00,1005.8,1008.9,12.7,97,NA
2021-06-24 11:00:00,1006.5,1009.6,12.3,96,NA
2021-06-24 12:00:00,1007.6,1010.7,12.5,94,NA
2021-06-24 13:00:00,1007.7,1010.8,12.4,91,NA
2021-06-24 14:00:00,1007.8,1011,12.7,87,NA
2021-06-24 15:00:00,1008,1011.1,12.3,87,NA
2021-06-24 16:00:00,1007.4,1010.6,13,80,NA
2021-06-24 17:00:00,1006.6,1009.7,13.6,75,NA
2021-06-24 18:00:00,1006.4,1009.5,16.1,68,NA
2021-06-24 19:00:00,1006.6,1009.8,16.5,67,NA
2021-06-24 20:00:00,1007.4,1010.5,15.5,60,NA
2021-06-24 21:00:00,1008.2,1011.4,14.3,65,NA
2021-06-24 22:00:00,1009,1012.1,13.3,68,NA
2021-06-24 23:00:00,1009.6,1012.7,12.4,72,NA
2021-06-25 00:00:00,NA,1013.1,11.8,78,NA
2021-06-26 00:00:00,1012,NA,NA,NA,NA
2021-06-26 09:00:00,1010.5,1013.7,5.4,100,NA
2021-06-26 10:00:00,NA,1014,5.3,97,NA
2021-06-26 11:00:00,NA,1014.1,6.1,95,NA
2021-06-26 12:00:00,NA,1015.1,8.2,96,NA
2021-06-26 13:00:00,NA,1015.1,10.6,86,NA
2021-06-26 14:00:00,NA,1015.3,11.4,83,NA
2021-06-26 15:00:00,NA,1015.1,12,79,NA
2021-06-26 16:00:00,NA,1015,11.9,78,NA
2021-06-26 17:00:00,NA,1015,11.6,79,NA
2021-06-26 18:00:00,NA,1014.7,10.2,71,NA
2021-06-26 19:00:00,NA,1015.4,10,72,NA
2021-06-26 20:00:00,NA,1015.5,9,76,NA
2021-06-26 21:00:00,NA,1016.5,8.7,79,NA
2021-06-26 22:00:00,NA,1017.6,7.3,90,NA
2021-06-26 23:00:00,NA,1018.2,6.8,90,NA
2021-06-27 00:00:00,NA,1018.5,6.5,94,NA
2021-06-28 09:00:00,NA,1021.2,5.8,87,NA
2021-06-28 10:00:00,NA,1021.8,5.6,88,NA
2021-06-28 11:00:00,NA,1021.9,6.2,85,NA
2021-06-28 12:00:00,NA,1022.8,6.8,85,NA
2021-06-28 13:00:00,NA,1023.3,7.2,81,NA
2021-06-28 14:00:00,NA,1023.5,8,78,NA
2021-06-28 15:00:00,NA,1023.5,8.4,72,NA
2021-06-28 16:00:00,NA,1022.9,8.2,69,NA
2021-06-28 17:00:00,NA,1022.5,8.2,69,NA
2021-06-28 18:00:00,NA,1022.6,8.4,67,NA
2021-06-28 19:00:00,NA,1022.6,8.6,66,NA
2021-06-28 20:00:00,NA,1022.7,8.5,62,NA
2021-06-28 21:00:00,NA,1023.2,8.5,62,NA
2021-06-28 22:00:00,NA,1023.3,8,70,NA
2021-06-28 23:00:00,NA,1023.5,7.8,66,NA
2021-06-29 00:00:00,NA,1023.8,7.5,68,NA
2021-06-30 00:00:00,1025.3,NA,NA,NA,NA
2021-06-30 09:00:00,1024,1027.2,0.2,98,NA
2021-06-30 10:00:00,1024.8,1028,0,82,NA
2021-06-30 11:00:00,1024.8,1028,0.4,94,NA
2021-06-30 12:00:00,1025,1028.3,1.4,87,NA
2021-06-30 13:00:00,1025.2,1028.5,6.1,85,NA
2021-06-30 14:00:00,1025.4,1028.7,7.8,71,NA
2021-06-30 15:00:00,1025.2,1028.4,9.2,69,NA
2021-06-30 16:00:00,1024.6,1027.8,10.2,67,NA
2021-06-30 17:00:00,1023.6,1026.7,10.5,64,NA
2021-06-30 18:00:00,1022.5,1025.7,10.8,64,NA
2021-06-30 19:00:00,1022,1025.3,10.2,70,NA
2021-06-30 20:00:00,1021.6,1024.8,10,65,NA
2021-06-30 21:00:00,1021.7,1025,8.1,84,NA
2021-06-30 22:00:00,1021.6,1024.9,7,85,NA
2021-06-30 23:00:00,1022,1025.2,8,79,NA
2021-07-01 00:00:00,NA,1025.3,7.8,83,NA
