2021-01-07 00:00:00,1003,NA,NA,NA,NA
2021-01-07 11:00:00,1005.4,1009.2,18.4,88,NA
2021-01-07 12:00:00,1005.8,1009.6,19.5,83,NA
2021-01-07 13:00:00,1005.8,1009.7,22.6,65,NA
2021-01-07 14:00:00,1005.4,1009.4,24.6,56,NA
2021-01-07 15:00:00,1004.9,1008.7,26.9,42,NA
2021-01-07 16:00:00,1004.4,1008.2,29,35,NA
2021-01-07 17:00:00,1003.4,1007.3,30.7,28,NA
2021-01-07 18:00:00,NA,1006.8,31.9,24,NA
2021-01-07 19:00:00,1002.4,1006.2,32.9,24,NA
2021-01-07 20:00:00,1002.1,1005.9,33.2,24,NA
2021-01-07 21:00:00,1001.8,1005.6,32.7,23,NA
2021-01-07 22:00:00,1002.1,1005.9,32.2,24,NA
2021-01-07 23:00:00,1002.6,1006.3,30,32,NA
2021-01-08 00:00:00,NA,1006.5,28.5,38,NA
2021-01-08 23:00:00,1007,NA,NA,NA,NA
2021-01-09 11:00:00,1009.4,1013.1,20.4,72,NA
2021-01-09 12:00:00,NA,1013.4,21.2,69,NA
2021-01-09 13:00:00,NA,1013.5,23.8,55,NA
2021-01-09 14:00:00,NA,1013.4,22.2,68,NA
2021-01-09 15:00:00,1009.3,1013,24.4,55,NA
2021-01-09 16:00:00,1008.6,1012.3,26,51,NA
2021-01-09 17:00:00,1008.2,1011.9,27.5,46,NA
2021-01-09 18:00:00,1007,1010.8,28.7,41,NA
2021-01-09 19:00:00,1006.2,1009.9,29.8,34,NA
2021-01-09 20:00:00,1005.8,1009.6,27.3,49,NA
2021-01-09 21:00:00,1005.6,1009.3,26.9,54,NA
2021-01-09 22:00:00,1005.7,1009.4,26.4,53,NA
2021-01-09 23:00:00,NA,1009.8,25.2,59,NA
2021-01-10 00:00:00,NA,1010.2,24.4,64,NA
2021-01-11 00:00:00,999.7,NA,NA,NA,NA
2021-01-11 11:00:00,1000.5,1004.2,18.8,96,NA
2021-01-11 12:00:00,1001.8,1005.6,18.8,96,NA
2021-01-11 13:00:00,1005.6,1009.5,18.6,98,NA
2021-01-11 14:00:00,1006.6,1010.5,18.6,96,NA
2021-01-11 15:00:00,1004.6,1008.6,19,96,NA
2021-01-11 16:00:00,1003.8,1007.8,20.2,95,NA
2021-01-11 17:00:00,1000.6,1004.5,20.4,90,NA
2021-01-11 18:00:00,1001.7,1005.6,21,86,NA
2021-01-11 19:00:00,1003.8,1007.7,22,81,NA
2021-01-11 20:00:00,1003.4,1007.4,22,79,NA
2021-01-11 21:00:00,1003,1006.8,24.8,67,NA
2021-01-11 22:00:00,1004.2,1008.1,24,67,NA
2021-01-11 23:00:00,1005.8,1009.5,23.2,73,NA
2021-01-12 00:00:00,NA,1010.6,21.6,79,NA
2021-01-13 00:00:00,1014.2,NA,NA,NA,NA
2021-01-13 11:00:00,1018.6,1022.4,19.1,63,NA
2021-01-13 12:00:00,1018.6,1022.4,20.4,61,NA
2021-01-13 13:00:00,1018.4,1022.2,22.6,52,NA
2021-01-13 14:00:00,1018.1,1022,23.6,43,NA
2021-01-13 15:00:00,1018,1021.9,24.8,42,NA
2021-01-13 16:00:00,1017.6,1021.5,25.6,36,NA
2021-01-13 17:00:00,1017.6,1021.4,26.2,30,NA
2021-01-13 18:00:00,1017.2,1021,26.3,25,NA
2021-01-13 19:00:00,1016.4,1020.3,27.1,12,NA
2021-01-13 20:00:00,1016,1019.8,26.4,14,NA
2021-01-13 21:00:00,1015.6,1019.5,26.4,13,NA
2021-01-13 22:00:00,1015.6,1019.4,25.7,19,NA
2021-01-13 23:00:00,1015.8,1019.7,23.9,38,NA
2021-01-14 00:00:00,NA,1019.9,22.6,45,NA
2021-01-15 00:00:00,1009.4,NA,NA,NA,NA
2021-01-15 11:00:00,1008.4,1012.1,21.1,76,NA
2021-01-15 12:00:00,NA,1012.3,22,71,NA
2021-01-15 13:00:00,1007.4,1011.4,21.6,75,NA
2021-01-15 14:00:00,1008.1,1012,21,84,NA
2021-01-15 15:00:00,1006.2,1010.1,20.2,92,NA
2021-01-15 16:00:00,1004.6,1008.5,19.8,95,NA
2021-01-15 17:00:00,1004,1007.9,19.6,95,NA
2021-01-15 18:00:00,1003.4,1007.3,19.6,95,NA
2021-01-15 19:00:00,1003.7,1007.6,19.8,95,NA
2021-01-15 20:00:00,1001.8,1005.8,20.4,95,NA
2021-01-15 21:00:00,1001.4,1005.4,21.4,89,NA
2021-01-15 22:00:00,1002.2,1006.1,21.2,93,NA
2021-01-15 23:00:00,1001.6,1005.3,21.5,85,NA
2021-01-16 00:00:00,NA,1005.4,20.8,90,NA
2021-01-17 00:00:00,1001.4,NA,NA,NA,NA
2021-01-17 11:00:00,1006.4,1010.2,16.5,88,NA
2021-01-17 12:00:00,1006.9,1010.7,17.6,79,NA
2021-01-17 13:00:00,1007.1,1011,19.8,63,NA
2021-01-17 14:00:00,1007,1010.9,21,54,NA
2021-01-17 15:00:00,1006.6,1010.5,22.6,50,NA
2021-01-17 16:00:00,1006.1,1010,23.7,35,NA
2021-01-17 17:00:00,NA,1009.6,25.2,32,NA
2021-01-17 18:00:00,NA,1009.3,24.8,31,NA
2021-01-17 19:00:00,NA,1009.4,25.4,27,NA
2021-01-17 20:00:00,NA,1010,25.2,25,NA
2021-01-17 21:00:00,NA,1010.1,24.5,33,NA
2021-01-17 22:00:00,NA,1010.5,23.8,39,NA
2021-01-17 23:00:00,NA,1010.9,22.4,45,NA
2021-01-18 00:00:00,NA,1011.4,20,55,NA
2021-01-19 11:00:00,NA,1017.6,22,58,NA
2021-01-19 12:00:00,NA,1018.1,25.2,47,NA
2021-01-19 13:00:00,NA,1018.4,27,40,NA
2021-01-19 14:00:00,NA,1018.7,28.4,37,NA
2021-01-19 15:00:00,NA,1018.5,29.6,38,NA
2021-01-19 16:00:00,NA,1018.1,30.4,37,NA
2021-01-19 17:00:00,NA,1017.5,31,35,NA
2021-01-19 18:00:00,NA,1017.2,31,38,NA
2021-01-19 20:00:00,NA,1016,32.2,31,NA
2021-01-19 21:00:00,NA,1015.7,32,29,NA
2021-01-19 22:00:00,NA,1015.7,31,35,NA
2021-01-19 23:00:00,NA,1015.8,29.8,37,NA
2021-01-20 00:00:00,NA,1016.2,28.8,37,NA
2021-01-21 11:00:00,NA,1020.3,22.5,71,NA
2021-01-21 12:00:00,NA,1020.6,24.3,62,NA
2021-01-21 13:00:00,NA,1020.6,26,51,NA
2021-01-21 14:00:00,NA,1020.5,28,42,NA
2021-01-21 15:00:00,NA,1020.1,29.2,37,NA
2021-01-21 16:00:00,NA,1019.7,29.2,41,NA
2021-01-21 17:00:00,NA,1019.1,30.2,37,NA
2021-01-21 18:00:00,NA,1018.4,31,35,NA
2021-01-21 19:00:00,NA,1018,31.4,36,NA
2021-01-21 20:00:00,NA,1017.5,31.8,36,NA
2021-01-21 21:00:00,NA,1017,31.4,35,NA
2021-01-21 22:00:00,NA,1017.2,30.9,37,NA
2021-01-21 23:00:00,NA,1017.5,28.6,46,NA
2021-01-22 00:00:00,NA,1018,27,62,NA
2021-01-23 11:00:00,NA,1016.6,24.7,77,NA
2021-01-23 12:00:00,NA,1016.7,26.2,71,NA
2021-01-23 13:00:00,NA,1016.7,28,67,NA
2021-01-23 14:00:00,NA,1016.2,29.8,61,NA
2021-01-23 15:00:00,NA,1015.6,30.6,63,NA
2021-01-23 16:00:00,NA,1015.2,31.2,70,NA
2021-01-23 17:00:00,NA,1014.4,33.4,43,NA
2021-01-23 18:00:00,NA,1013.7,33.8,43,NA
2021-01-23 19:00:00,NA,1013.5,33.4,39,NA
2021-01-23 20:00:00,NA,1012.4,33.2,41,NA
2021-01-23 21:00:00,NA,1011.7,33.2,42,NA
2021-01-23 22:00:00,NA,1011.5,32.9,41,NA
2021-01-23 23:00:00,NA,1011.9,30.6,45,NA
2021-01-24 00:00:00,NA,1012,29.7,49,NA
2021-01-25 11:00:00,NA,1008,25.6,62,NA
2021-01-25 12:00:00,NA,1007.9,27.6,60,NA
2021-01-25 13:00:00,NA,1007.8,30,53,NA
2021-01-25 14:00:00,NA,1007.5,31.8,48,NA
2021-01-25 15:00:00,NA,1006.9,33,44,NA
2021-01-25 16:00:00,NA,1006.3,34,41,NA
2021-01-25 17:00:00,NA,1005.6,34.4,39,NA
2021-01-25 18:00:00,NA,1005,34.2,40,NA
2021-01-25 19:00:00,NA,1004,34.2,37,NA
2021-01-25 20:00:00,NA,1003.6,34.2,34,NA
2021-01-25 21:00:00,NA,1003.1,34.4,30,NA
2021-01-25 22:00:00,NA,1002.9,33.4,34,NA
2021-01-25 23:00:00,NA,1003.2,32,39,NA
2021-01-26 00:00:00,NA,1003.8,31.2,41,NA
2021-01-26 15:00:00,999.7,NA,32.3,45,NA
2021-01-26 17:00:00,998.5,NA,32.3,47,NA
2021-01-26 19:00:00,998.7,NA,28.5,51,NA
2021-01-26 20:00:00,998,NA,27.9,55,NA
2021-01-27 11:00:00,NA,1007,23.2,72,NA
2021-01-27 12:00:00,NA,1007,25.8,57,NA
2021-01-27 13:00:00,NA,1007.4,27.1,65,NA
2021-01-27 14:00:00,NA,1007.4,29.2,39,NA
2021-01-27 15:00:00,NA,1007.2,30.4,38,NA
2021-01-27 16:00:00,NA,1006.4,30.9,34,NA
2021-01-27 17:00:00,NA,1005.9,31.4,36,NA
2021-01-27 18:00:00,NA,1005.2,32,31,NA
2021-01-27 19:00:00,NA,1004.5,32,38,NA
2021-01-27 20:00:00,NA,1004.2,30,42,NA
2021-01-27 21:00:00,NA,1004.5,29.3,38,NA
2021-01-27 22:00:00,NA,1004.8,28.6,39,NA
2021-01-27 23:00:00,NA,1005.4,26.8,39,NA
2021-01-28 00:00:00,NA,1005.2,26.3,39,NA
2021-01-29 11:00:00,NA,1007.1,18.2,96,NA
2021-01-29 12:00:00,NA,1005.2,18.4,94,NA
2021-01-29 13:00:00,NA,1006,19.4,92,NA
2021-01-29 14:00:00,NA,1006.4,20.6,86,NA
2021-01-29 15:00:00,NA,1005.5,23.2,74,NA
2021-01-29 16:00:00,NA,1005.4,25.6,62,NA
2021-01-29 17:00:00,NA,1005,27.2,58,NA
2021-01-29 18:00:00,NA,1004.5,27.2,55,NA
2021-01-29 19:00:00,NA,1003.7,28,49,NA
2021-01-29 20:00:00,NA,1003.3,28.8,50,NA
2021-01-29 21:00:00,NA,1003.2,28.2,53,NA
2021-01-29 22:00:00,NA,1003.3,27,58,NA
2021-01-29 23:00:00,NA,1004.2,25.7,67,NA
2021-01-30 00:00:00,NA,1004.6,23.8,76,NA
2021-01-31 00:00:00,1011,NA,NA,NA,NA
2021-01-31 11:00:00,1012.6,1016.4,15.8,76,NA
2021-01-31 12:00:00,1012.8,1016.6,16,76,NA
2021-01-31 13:00:00,1012.5,1016.4,17.4,73,NA
2021-01-31 14:00:00,1012.2,1016.1,19.4,71,NA
2021-01-31 15:00:00,1012.2,1016.1,20.3,70,NA
2021-01-31 16:00:00,NA,1015.7,21.4,67,NA
2021-01-31 17:00:00,1011.6,1015.5,20.5,73,NA
2021-01-31 18:00:00,1011.3,1015.2,20.6,75,NA
2021-01-31 19:00:00,1010.8,1014.7,20,82,NA
2021-01-31 20:00:00,1010.3,1014.2,20.1,85,NA
2021-01-31 21:00:00,1009.5,1013.4,21.5,77,NA
2021-01-31 22:00:00,1009.4,1013.3,21,76,NA
2021-01-31 23:00:00,1010.4,1014.2,20.1,81,NA
2021-02-01 00:00:00,1010.3,1014.1,19.5,87,NA
2021-02-02 00:00:00,1008.2,NA,NA,NA,NA
2021-02-02 11:00:00,1009.3,1013.1,17.5,95,NA
2021-02-02 12:00:00,1009.6,1013.4,18.1,94,NA
2021-02-02 13:00:00,1010.6,1014.5,19.7,85,NA
2021-02-02 14:00:00,NA,1014.4,20,87,NA
2021-02-02 15:00:00,1010.9,1014.8,22,77,NA
2021-02-02 16:00:00,1010.2,1014.1,22.2,73,NA
2021-02-02 17:00:00,1009.8,1013.7,23,73,NA
2021-02-02 18:00:00,NA,1014.8,23.3,72,NA
2021-02-02 19:00:00,1010.7,1014.6,24.2,68,NA
2021-02-02 20:00:00,1009.6,1013.5,25.5,61,NA
2021-02-02 21:00:00,1009.3,1013.2,24.9,59,NA
2021-02-02 22:00:00,1009.5,1013.4,24.7,65,NA
2021-02-02 23:00:00,1009.9,1013.7,24.2,64,NA
2021-02-03 00:00:00,NA,1013.7,22.4,78,NA
2021-02-04 00:00:00,1010.5,NA,NA,NA,NA
2021-02-04 11:00:00,1014,1017.8,17,92,NA
2021-02-04 12:00:00,1014.4,1018.2,18.8,83,NA
2021-02-04 13:00:00,1014.4,1018.2,20.6,68,NA
2021-02-04 14:00:00,1014.9,1018.6,22.4,60,NA
2021-02-04 15:00:00,1014.6,1018.3,23.2,50,NA
2021-02-04 16:00:00,1014.4,1018.1,24.8,42,NA
2021-02-04 17:00:00,1014,1017.7,26.2,39,NA
2021-02-04 18:00:00,1013.8,1017.5,26.9,38,NA
2021-02-04 19:00:00,1013.2,1016.9,27.4,36,NA
2021-02-04 20:00:00,1013,1016.6,27.6,34,NA
2021-02-04 21:00:00,1012.9,1016.6,27.6,34,NA
2021-02-04 22:00:00,1012.6,1016.3,26.7,38,NA
2021-02-04 23:00:00,1012.5,1016.3,24.8,45,NA
2021-02-05 00:00:00,NA,1016.4,22.8,56,NA
2021-02-05 11:00:00,NA,1016.9,16.6,84,NA
2021-02-05 12:00:00,NA,1017,18.4,73,NA
2021-02-05 13:00:00,NA,1017.1,20.4,61,NA
2021-02-05 14:00:00,NA,1016.9,22.8,51,NA
2021-02-05 15:00:00,NA,1016.3,24.8,44,NA
2021-02-05 16:00:00,NA,1016,25.4,42,NA
2021-02-05 17:00:00,NA,1015.2,26.4,39,NA
2021-02-05 18:00:00,NA,1014.4,27.8,36,NA
2021-02-05 19:00:00,NA,1013.7,28.4,33,NA
2021-02-05 20:00:00,NA,1013.2,28.2,34,NA
2021-02-05 21:00:00,NA,1012.8,27.8,36,NA
2021-02-05 22:00:00,NA,1013.1,26.4,36,NA
2021-02-05 23:00:00,NA,1013.3,23.6,59,NA
2021-02-06 00:00:00,1009.8,1013.6,22,68,NA
2021-02-06 12:00:00,1011,NA,NA,NA,NA
2021-02-06 13:00:00,1011.4,NA,NA,NA,NA
2021-02-06 14:00:00,1011.6,NA,NA,NA,NA
2021-02-06 15:00:00,1011.2,NA,NA,NA,NA
2021-02-06 16:00:00,1010.8,NA,NA,NA,NA
2021-02-06 17:00:00,1010.1,NA,NA,NA,NA
2021-02-06 18:00:00,1009.7,NA,NA,NA,NA
2021-02-06 19:00:00,1009,NA,NA,NA,NA
2021-02-06 20:00:00,1008.6,NA,NA,NA,NA
2021-02-06 21:00:00,1008.2,NA,NA,NA,NA
2021-02-06 22:00:00,1008,NA,NA,NA,NA
2021-02-06 23:00:00,1008.2,NA,NA,NA,NA
2021-02-08 00:00:00,1008.9,NA,NA,NA,NA
2021-02-08 11:00:00,NA,1016.2,18.6,88,NA
2021-02-08 12:00:00,NA,1016.6,19.2,89,NA
2021-02-08 13:00:00,NA,1017.1,19.8,85,NA
2021-02-08 14:00:00,NA,1017.4,19.9,88,NA
2021-02-08 15:00:00,NA,1017.2,20.6,82,NA
2021-02-08 16:00:00,NA,1017.3,21.4,77,NA
2021-02-08 17:00:00,NA,1017.1,21.6,76,NA
2021-02-08 18:00:00,NA,1016.9,22.6,71,NA
2021-02-08 19:00:00,NA,1016.6,23.2,66,NA
2021-02-08 20:00:00,NA,1016.5,23.2,69,NA
2021-02-08 21:00:00,NA,1016.5,24,65,NA
2021-02-08 22:00:00,NA,1016.9,22.2,69,NA
2021-02-08 23:00:00,NA,1017.5,21.6,72,NA
2021-02-09 00:00:00,NA,1018,20.8,75,NA
2021-02-10 11:00:00,NA,1019.6,18.2,98,NA
2021-02-10 12:00:00,NA,1019.8,19.2,94,NA
2021-02-10 13:00:00,NA,1019.9,20.4,89,NA
2021-02-10 14:00:00,NA,1019.6,21.2,87,NA
2021-02-10 15:00:00,NA,1019.3,22,83,NA
2021-02-10 16:00:00,NA,1018.3,23.8,69,NA
2021-02-10 17:00:00,NA,1017.9,25.6,58,NA
2021-02-10 18:00:00,NA,1017.3,24.6,66,NA
2021-02-10 19:00:00,NA,1016.5,25,61,NA
2021-02-10 20:00:00,NA,1015.9,24.6,64,NA
2021-02-10 21:00:00,NA,1015.4,25.2,59,NA
2021-02-11 00:00:00,NA,1015.9,22.2,76,NA
2021-02-10 22:00:00,1011.4,NA,24.4,62,NA
2021-02-10 23:00:00,1012,NA,23.4,67,NA
2021-02-11 11:00:00,1010.9,NA,19.7,96,NA
2021-02-11 12:00:00,1011.3,NA,20.8,93,NA
2021-02-11 13:00:00,1011.2,NA,21.8,89,NA
2021-02-11 14:00:00,1011.2,NA,23.6,77,NA
2021-02-11 15:00:00,1011,NA,24.7,71,NA
2021-02-11 16:00:00,1010.1,NA,25.9,63,NA
2021-02-11 17:00:00,1009.6,NA,26.8,60,NA
2021-02-11 18:00:00,1009.2,NA,25.7,64,NA
2021-02-11 19:00:00,1008.9,NA,24,72,NA
2021-02-11 20:00:00,1008.9,NA,22.5,73,NA
2021-02-11 21:00:00,1009.2,NA,22.7,69,NA
2021-02-11 22:00:00,1009,NA,22.7,75,NA
2021-02-11 23:00:00,1009.4,NA,20.5,88,NA
2021-02-12 11:00:00,NA,1013,20.4,96,NA
2021-02-12 12:00:00,NA,1013.3,22.5,82,NA
2021-02-12 13:00:00,NA,1013.5,23.4,81,NA
2021-02-12 14:00:00,NA,1013.2,23.6,78,NA
2021-02-12 15:00:00,NA,1013.1,25.2,70,NA
2021-02-12 16:00:00,NA,1013,26,69,NA
2021-02-12 17:00:00,NA,1012,26.6,66,NA
2021-02-12 18:00:00,NA,1010.9,27.2,63,NA
2021-02-12 19:00:00,NA,1010.4,27.4,61,NA
2021-02-12 20:00:00,NA,1010.2,27.6,56,NA
2021-02-12 21:00:00,NA,1010.6,25.6,67,NA
2021-02-12 22:00:00,NA,1010.9,24.8,72,NA
2021-02-12 23:00:00,1007,NA,24.2,71,NA
2021-02-13 00:00:00,1007,NA,24,76,NA
2021-02-13 11:00:00,1007,NA,20.4,94,NA
2021-02-13 12:00:00,1007,NA,22.2,85,NA
2021-02-13 13:00:00,1007,NA,24.2,80,NA
2021-02-13 14:00:00,1006.6,NA,25.4,70,NA
2021-02-13 15:00:00,1006,NA,26.6,62,NA
2021-02-13 16:00:00,1005,NA,27.4,58,NA
2021-02-13 17:00:00,1004.2,NA,27.2,60,NA
2021-02-13 18:00:00,1003.7,NA,27.4,64,NA
2021-02-13 19:00:00,1003,NA,26.8,68,NA
2021-02-13 20:00:00,1003,NA,26.4,90,NA
2021-02-13 21:00:00,1003,NA,19.8,92,NA
2021-02-13 22:00:00,1003,NA,19.4,96,NA
2021-02-13 23:00:00,1003,NA,19.6,94,NA
2021-02-14 11:00:00,NA,1006.9,19.4,96,NA
2021-02-14 12:00:00,NA,1007.2,20.2,96,NA
2021-02-14 13:00:00,NA,1007.1,22.9,80,NA
2021-02-14 14:00:00,NA,1007.1,24.6,73,NA
2021-02-14 15:00:00,NA,1006.8,25.9,64,NA
2021-02-14 16:00:00,NA,1006.5,26,65,NA
2021-02-14 17:00:00,NA,1005.8,27.9,58,NA
2021-02-14 18:00:00,NA,1005,27,61,NA
2021-02-14 19:00:00,NA,1004.4,27,62,NA
2021-02-14 20:00:00,NA,1004.1,27.6,59,NA
2021-02-14 21:00:00,NA,1003.8,28,57,NA
2021-02-14 22:00:00,NA,1004.2,27.9,58,NA
2021-02-14 23:00:00,NA,1005.1,26,69,NA
2021-02-15 00:00:00,1002.1,NA,25,69,NA
2021-02-15 11:00:00,1006.5,NA,18.8,90,NA
2021-02-15 12:00:00,1006.9,NA,20.4,79,NA
2021-02-15 13:00:00,1007.2,NA,22.6,71,NA
2021-02-15 14:00:00,1007.4,NA,22.6,76,NA
2021-02-15 15:00:00,1007.2,NA,25,63,NA
2021-02-15 16:00:00,1007,NA,24.8,63,NA
2021-02-15 17:00:00,1006.5,NA,26.2,58,NA
2021-02-15 18:00:00,1006.4,NA,25.8,58,NA
2021-02-15 19:00:00,1005.4,NA,27.2,52,NA
2021-02-15 20:00:00,1005,NA,26.6,52,NA
2021-02-15 21:00:00,1004.6,NA,26.2,53,NA
2021-02-15 22:00:00,1004.8,NA,25.5,55,NA
2021-02-15 23:00:00,1005.7,NA,24.8,59,NA
2021-02-16 11:00:00,NA,1010.8,16,90,NA
2021-02-16 12:00:00,NA,1010.7,17.8,83,NA
2021-02-16 13:00:00,NA,1011.1,18.3,80,NA
2021-02-16 14:00:00,NA,1011.1,20,76,NA
2021-02-16 15:00:00,NA,1010.9,20.6,72,NA
2021-02-16 16:00:00,NA,1010.4,21.8,69,NA
2021-02-16 17:00:00,NA,1010,22.5,66,NA
2021-02-16 18:00:00,NA,1009.7,22.5,67,NA
2021-02-16 19:00:00,NA,1009.1,22.4,67,NA
2021-02-16 20:00:00,NA,1008.7,22.7,66,NA
2021-02-16 21:00:00,NA,1008.2,22.7,64,NA
2021-02-16 22:00:00,NA,1008.3,22.3,64,NA
2021-02-16 23:00:00,NA,1008.4,21.8,68,NA
2021-02-17 00:00:00,1004.8,NA,21.3,73,NA
2021-02-17 11:00:00,1006.4,NA,15.8,95,NA
2021-02-17 12:00:00,1006.6,NA,16,98,NA
2021-02-17 13:00:00,1006.9,NA,16.6,93,NA
2021-02-17 14:00:00,1007,NA,19.4,81,NA
2021-02-17 15:00:00,1006.9,NA,21.2,75,NA
2021-02-17 16:00:00,1006.2,NA,21.8,75,NA
2021-02-17 17:00:00,1005.8,NA,24.2,65,NA
2021-02-17 18:00:00,1005.4,NA,24.4,63,NA
2021-02-17 19:00:00,1005,NA,25.2,58,NA
2021-02-17 20:00:00,1004.8,NA,26,55,NA
2021-02-17 21:00:00,1004.6,NA,24.8,57,NA
2021-02-17 22:00:00,1004.4,NA,24.6,56,NA
2021-02-17 23:00:00,1004.6,NA,23,65,NA
2021-02-18 11:00:00,NA,1010,16.8,88,NA
2021-02-18 12:00:00,NA,1010.2,20.6,68,NA
2021-02-18 13:00:00,NA,1009.9,24.2,57,NA
2021-02-18 14:00:00,NA,1009.8,27.2,48,NA
2021-02-18 15:00:00,NA,1009.2,29.2,45,NA
2021-02-18 16:00:00,NA,1008.6,30.2,43,NA
2021-02-18 17:00:00,NA,1007.8,31.6,40,NA
2021-02-18 18:00:00,NA,1007.3,32.6,31,NA
2021-02-18 19:00:00,NA,1006.7,33,30,NA
2021-02-18 20:00:00,NA,1006.4,32.4,31,NA
2021-02-18 21:00:00,NA,1006.4,32.4,33,NA
2021-02-18 22:00:00,NA,1006.4,31.2,39,NA
2021-02-18 23:00:00,1003,NA,28.6,47,NA
2021-02-19 00:00:00,1003.4,NA,26.9,51,NA
2021-02-19 11:00:00,1007.8,NA,21.2,70,NA
2021-02-19 12:00:00,1008.5,NA,21.8,66,NA
2021-02-19 13:00:00,1008.6,NA,25.2,47,NA
2021-02-19 14:00:00,1009.3,NA,25.8,48,NA
2021-02-19 15:00:00,1009,NA,25.8,48,NA
2021-02-19 16:00:00,1008.4,NA,27.2,44,NA
2021-02-19 17:00:00,1009,NA,27.6,41,NA
2021-02-19 18:00:00,1009.3,NA,27.1,39,NA
2021-02-19 19:00:00,1009,NA,26.8,37,NA
2021-02-19 20:00:00,1009.4,NA,26.2,38,NA
2021-02-19 21:00:00,1009.4,NA,25.6,36,NA
2021-02-19 22:00:00,1009.7,NA,24.2,33,NA
2021-02-19 23:00:00,1010.4,NA,21,35,NA
2021-02-20 11:00:00,NA,1018,13.2,65,NA
2021-02-20 12:00:00,NA,1018.2,17,56,NA
2021-02-20 13:00:00,NA,1018.4,21.4,33,NA
2021-02-20 14:00:00,NA,1018.3,22.6,27,NA
2021-02-20 15:00:00,NA,1017.8,23.4,22,NA
2021-02-20 16:00:00,NA,1017.1,24.4,22,NA
2021-02-20 17:00:00,NA,1016.6,25,24,NA
2021-02-20 18:00:00,NA,1015.7,25.6,25,NA
2021-02-20 19:00:00,NA,1015,26.2,19,NA
2021-02-20 20:00:00,NA,1014.6,26.2,23,NA
2021-02-20 21:00:00,NA,1014.3,26.2,28,NA
2021-02-20 22:00:00,NA,1014.2,24.4,32,NA
2021-02-20 23:00:00,NA,1014.4,22,37,NA
2021-02-21 00:00:00,1010.9,NA,21.2,36,NA
2021-02-21 11:00:00,1011.8,NA,18,73,NA
2021-02-21 12:00:00,1012,NA,21.4,62,NA
2021-02-21 13:00:00,1012,NA,24,53,NA
2021-02-21 14:00:00,1011.6,NA,26.3,46,NA
2021-02-21 15:00:00,1011.2,NA,27.5,46,NA
2021-02-21 16:00:00,1010.5,NA,29.2,45,NA
2021-02-21 17:00:00,1009.6,NA,29.8,44,NA
2021-02-21 18:00:00,1008.6,NA,30.6,41,NA
2021-02-21 19:00:00,1007.7,NA,30.4,43,NA
2021-02-21 20:00:00,1007.2,NA,30.4,44,NA
2021-02-21 21:00:00,1006.6,NA,30.2,45,NA
2021-02-21 22:00:00,1006.5,NA,29.2,49,NA
2021-02-21 23:00:00,1006.5,NA,27.6,54,NA
2021-02-22 11:00:00,NA,1011.7,19,97,NA
2021-02-22 12:00:00,NA,1012.7,18.9,98,NA
2021-02-22 13:00:00,NA,1012.6,19.8,97,NA
2021-02-22 14:00:00,NA,1012,22.5,88,NA
2021-02-22 15:00:00,NA,1011.7,23.8,81,NA
2021-02-22 16:00:00,NA,1011.1,25.4,74,NA
2021-02-22 17:00:00,NA,1010.2,26.5,72,NA
2021-02-22 18:00:00,NA,1009.8,27,71,NA
2021-02-22 19:00:00,NA,1009.1,28,68,NA
2021-02-22 20:00:00,NA,1008.6,27.8,69,NA
2021-02-22 21:00:00,NA,1007.8,26.6,75,NA
2021-02-22 22:00:00,NA,1009.2,19.7,98,NA
2021-02-22 23:00:00,NA,1009.4,20,97,NA
2021-02-23 00:00:00,1005.6,NA,19.5,93,NA
2021-02-23 11:00:00,1010.5,NA,19,84,NA
2021-02-23 12:00:00,1010.5,NA,20.9,76,NA
2021-02-23 13:00:00,1010.5,NA,23.5,66,NA
2021-02-23 14:00:00,1011,NA,25.2,62,NA
2021-02-23 15:00:00,1011,NA,26,54,NA
2021-02-23 16:00:00,1010.8,NA,26.8,50,NA
2021-02-23 17:00:00,1010.6,NA,28.2,46,NA
2021-02-23 18:00:00,1010.2,NA,28.2,33,NA
2021-02-23 19:00:00,1010,NA,28.4,32,NA
2021-02-23 20:00:00,1009.8,NA,28.2,35,NA
2021-02-23 21:00:00,1009.8,NA,28,36,NA
2021-02-23 22:00:00,1010.2,NA,26.8,43,NA
2021-02-23 23:00:00,1010.6,NA,24.2,55,NA
2021-02-24 11:00:00,NA,1016.1,16.4,84,NA
2021-02-24 12:00:00,NA,1016.6,20.3,64,NA
2021-02-24 13:00:00,NA,1016.7,22.8,56,NA
2021-02-24 14:00:00,NA,1016.7,24.4,52,NA
2021-02-24 15:00:00,NA,1016.5,26.2,49,NA
2021-02-24 16:00:00,NA,1016,27,48,NA
2021-02-24 17:00:00,NA,1015.2,28.5,45,NA
2021-02-24 18:00:00,NA,1014.4,29.2,42,NA
2021-02-24 19:00:00,NA,1013.6,29.2,35,NA
2021-02-24 20:00:00,NA,1013.1,29.6,36,NA
2021-02-24 21:00:00,NA,1012.9,29.1,36,NA
2021-02-24 22:00:00,NA,1012.8,27.8,41,NA
2021-02-24 23:00:00,NA,1013,24.4,60,NA
2021-02-25 00:00:00,1009.6,NA,22.2,69,NA
2021-02-25 11:00:00,1011.7,NA,18.2,86,NA
2021-02-25 12:00:00,1012.2,NA,21.8,64,NA
2021-02-25 13:00:00,1012.4,NA,24.6,51,NA
2021-02-25 14:00:00,1012.5,NA,27.8,47,NA
2021-02-25 15:00:00,1012.2,NA,28.4,45,NA
2021-02-25 16:00:00,1011.6,NA,30,40,NA
2021-02-25 17:00:00,1011,NA,30.2,38,NA
2021-02-25 18:00:00,1010.6,NA,31,34,NA
2021-02-25 20:00:00,1009,NA,31.4,32,NA
2021-02-25 21:00:00,1009,NA,30.4,34,NA
2021-02-25 22:00:00,1009,NA,29,36,NA
2021-02-25 23:00:00,1009.3,NA,27.2,40,NA
2021-02-26 11:00:00,NA,1015.1,21.4,71,NA
2021-02-26 12:00:00,NA,1015.5,24.2,61,NA
2021-02-26 13:00:00,NA,1015.9,26.4,53,NA
2021-02-26 14:00:00,NA,1015.7,28.2,45,NA
2021-02-26 15:00:00,NA,1015,29.8,37,NA
2021-02-26 16:00:00,NA,1014.6,30.1,38,NA
2021-02-26 17:00:00,NA,1014.3,30.7,32,NA
2021-02-26 18:00:00,NA,1014.1,30.5,36,NA
2021-02-26 19:00:00,NA,1013.3,30.5,41,NA
2021-02-26 20:00:00,NA,1012.8,30.4,37,NA
2021-02-26 21:00:00,NA,1012.8,29.7,45,NA
2021-02-26 22:00:00,NA,1013.5,28.5,50,NA
2021-02-26 23:00:00,NA,1013.8,27.4,52,NA
2021-02-27 00:00:00,1011,NA,26,65,NA
2021-02-27 11:00:00,1015.8,NA,22.6,75,NA
2021-02-27 12:00:00,1016.1,NA,23.2,70,NA
2021-02-27 13:00:00,1016.4,NA,25.1,57,NA
2021-02-27 15:00:00,1016.1,NA,26.4,53,NA
2021-02-27 16:00:00,1015.4,NA,27.2,49,NA
2021-02-27 17:00:00,1014.8,NA,28.2,47,NA
2021-02-27 18:00:00,1014.2,NA,29,47,NA
2021-02-27 19:00:00,1013.4,NA,29,47,NA
2021-02-27 20:00:00,1013,NA,29.2,45,NA
2021-02-27 21:00:00,1013,NA,28.6,49,NA
2021-02-27 22:00:00,1012.8,NA,27.4,56,NA
2021-02-27 23:00:00,1013,NA,26,66,NA
2021-02-28 11:00:00,NA,1017.8,21.2,87,NA
2021-02-28 12:00:00,NA,1018.2,23.4,75,NA
2021-02-28 13:00:00,NA,1018.2,24.6,70,NA
2021-02-28 14:00:00,NA,1018.3,25.8,65,NA
2021-02-28 15:00:00,NA,1017.5,27,62,NA
2021-02-28 16:00:00,NA,1016.7,27.7,60,NA
2021-02-28 17:00:00,NA,1016.2,28.4,59,NA
2021-02-28 18:00:00,NA,1015.5,29.2,56,NA
2021-02-28 19:00:00,NA,1014.7,28.8,52,NA
2021-02-28 20:00:00,NA,1013.9,28,52,NA
2021-02-28 21:00:00,NA,1014,28,55,NA
2021-02-28 22:00:00,NA,1014,27.6,61,NA
2021-02-28 23:00:00,NA,1013.9,26.8,66,NA
2021-03-01 00:00:00,NA,1013.9,25.9,71,NA
2021-03-02 11:00:00,NA,1014,24.3,85,NA
2021-03-02 12:00:00,NA,1014.2,24.7,83,NA
2021-03-02 13:00:00,NA,1014.6,25.6,79,NA
2021-03-02 14:00:00,NA,1014.7,27.1,71,NA
2021-03-02 15:00:00,NA,1014.4,27.3,69,NA
2021-03-02 16:00:00,NA,1013.9,28.1,64,NA
2021-03-02 17:00:00,NA,1013.7,28.9,61,NA
2021-03-02 18:00:00,1009.4,1013.2,29.5,59,NA
2021-03-02 19:00:00,1008.6,1012.5,29.1,60,NA
2021-03-02 20:00:00,1008.6,1012.4,29.7,56,NA
2021-03-02 21:00:00,1008.6,1012.5,29.1,58,NA
2021-03-02 22:00:00,1008.6,1012.5,27.8,66,NA
2021-03-02 23:00:00,1009,1012.8,26.7,71,NA
2021-03-03 00:00:00,NA,1013.5,26.1,72,NA
2021-03-04 00:00:00,1010.6,NA,NA,NA,NA
2021-03-04 11:00:00,1009.4,1013.1,23.4,84,NA
2021-03-04 12:00:00,1009.7,1013.4,24.3,79,NA
2021-03-04 13:00:00,1009.7,1013.6,25.2,75,NA
2021-03-04 14:00:00,1010.2,1014.1,25.4,75,NA
2021-03-04 15:00:00,1010.1,1014,26.2,72,NA
2021-03-04 16:00:00,1009.7,1013.6,26.8,70,NA
2021-03-04 17:00:00,1008.8,1012.6,27.4,65,NA
2021-03-04 18:00:00,1007.7,1011.5,28,63,NA
2021-03-04 19:00:00,1007,1010.8,28.3,62,NA
2021-03-04 20:00:00,1006.2,1010.1,28.2,60,NA
2021-03-04 21:00:00,1006.4,1010.2,27.2,67,NA
2021-03-04 22:00:00,1006.6,1010.4,26.4,71,NA
2021-03-04 23:00:00,1007,1010.7,25.2,76,NA
2021-03-05 00:00:00,NA,1011.4,24,83,NA
2021-03-06 00:00:00,1008.6,NA,NA,NA,NA
2021-03-06 11:00:00,1010.2,1014.1,14,88,NA
2021-03-06 12:00:00,1010.9,1014.7,18,71,NA
2021-03-06 13:00:00,1011,1014.8,19.8,63,NA
2021-03-06 14:00:00,1010.9,1014.6,21.4,56,NA
2021-03-06 15:00:00,1010.8,1014.6,22.9,51,NA
2021-03-06 16:00:00,1010,1013.8,23.6,45,NA
2021-03-06 17:00:00,1009.4,1013.3,24.8,41,NA
2021-03-06 18:00:00,1008.8,1012.5,25.8,38,NA
2021-03-06 19:00:00,1008.5,1012.2,26.2,38,NA
2021-03-06 20:00:00,1008.1,1011.8,26.4,37,NA
2021-03-06 21:00:00,1008.2,1012.1,25.2,50,NA
2021-03-06 22:00:00,1008.6,1012.5,23.9,51,NA
2021-03-06 23:00:00,1008.9,1012.7,22.2,59,NA
2021-03-07 00:00:00,NA,1013.3,21.2,66,NA
2021-03-08 00:00:00,1005,NA,NA,NA,NA
2021-03-08 11:00:00,1009.4,1013.2,19.4,83,NA
2021-03-08 12:00:00,1010,1013.7,21.1,79,NA
2021-03-08 13:00:00,1010.6,1014.5,22.4,76,NA
2021-03-08 14:00:00,1011,1015,27,56,NA
2021-03-08 15:00:00,1011.4,1015.2,29.4,49,NA
2021-03-08 16:00:00,1010.9,1014.7,30,43,NA
2021-03-08 17:00:00,1010.4,1014.2,30.7,40,NA
2021-03-08 18:00:00,1009.8,1013.7,30.9,43,NA
2021-03-08 19:00:00,1009.4,1013.3,31,44,NA
2021-03-08 20:00:00,1009,1012.9,31.1,41,NA
2021-03-08 22:00:00,1010.1,1013.9,28,53,NA
2021-03-08 23:00:00,1010.8,1014.5,25.8,66,NA
2021-03-09 00:00:00,NA,1015.8,24,69,NA
2021-03-10 00:00:00,1011.4,NA,NA,NA,NA
2021-03-10 11:00:00,1010.6,1014.4,19.5,89,NA
2021-03-10 12:00:00,1010.4,1014.2,21.2,81,NA
2021-03-10 13:00:00,1010.2,1014.1,23,73,NA
2021-03-10 14:00:00,1009.8,1013.8,25.8,60,NA
2021-03-10 15:00:00,1009.3,1013.2,26.8,59,NA
2021-03-10 16:00:00,1008.2,1012.1,28.2,51,NA
2021-03-10 17:00:00,1007.6,1011.4,30,44,NA
2021-03-10 18:00:00,1006.8,1010.6,30,43,NA
2021-03-10 20:00:00,1005.4,1009.2,29.8,48,NA
2021-03-10 21:00:00,1005.2,1009,28.4,52,NA
2021-03-10 22:00:00,1005.3,1009.1,27.2,55,NA
2021-03-10 23:00:00,1005.4,1009.1,25,67,NA
2021-03-11 00:00:00,NA,1009.3,24.2,68,NA
2021-03-12 00:00:00,1008.6,NA,NA,NA,NA
2021-03-12 11:00:00,1011,1014.9,19.2,97,NA
2021-03-12 12:00:00,1011.3,1015,20.2,92,NA
2021-03-12 13:00:00,1011.2,1014.9,22.8,81,NA
2021-03-12 14:00:00,1011.7,1015.4,24.4,74,NA
2021-03-12 15:00:00,1011.4,1015.1,26.2,67,NA
2021-03-12 16:00:00,1011,1014.7,28.2,48,NA
2021-03-12 17:00:00,1010.6,1014.2,29,60,NA
2021-03-12 18:00:00,1010.2,1013.8,29.4,40,NA
2021-03-12 19:00:00,1009.6,1013.2,30,36,NA
2021-03-12 20:00:00,1009.4,1013,30,36,NA
2021-03-12 21:00:00,1009.4,1013.1,29,40,NA
2021-03-12 22:00:00,1010,1013.7,27.2,46,NA
2021-03-12 23:00:00,1010.8,1014.6,24,72,NA
2021-03-13 00:00:00,NA,1015,23.4,67,NA
2021-03-14 11:00:00,NA,1018,17.6,69,NA
2021-03-14 12:00:00,NA,1018.2,21.6,47,NA
2021-03-14 13:00:00,NA,1018.2,23.6,41,NA
2021-03-14 14:00:00,NA,1018.4,25.8,32,NA
2021-03-14 15:00:00,NA,1018.3,27.8,30,NA
2021-03-14 16:00:00,NA,1017.7,28.6,29,NA
2021-03-14 17:00:00,NA,1017.6,29.8,28,NA
2021-03-14 18:00:00,NA,1017.2,29.5,30,NA
2021-03-14 19:00:00,NA,1016.8,30,30,NA
2021-03-14 20:00:00,NA,1016.4,29.2,34,NA
2021-03-14 21:00:00,NA,1016.3,28.9,37,NA
2021-03-14 22:00:00,NA,1016.1,26.5,53,NA
2021-03-14 23:00:00,NA,1016.2,26.6,41,NA
2021-03-15 00:00:00,NA,1016.7,25.4,46,NA
2021-03-15 12:00:00,1012.8,NA,22,66,NA
2021-03-15 13:00:00,1012.4,NA,22.4,66,NA
2021-03-15 14:00:00,1012.6,NA,24,56,NA
2021-03-15 15:00:00,1012.5,NA,26.2,44,NA
2021-03-15 16:00:00,1012,NA,26.2,49,NA
2021-03-15 17:00:00,1011.3,NA,26.2,42,NA
2021-03-16 11:00:00,NA,1009.3,21.4,82,NA
2021-03-16 12:00:00,NA,1011.5,20.4,91,NA
2021-03-16 13:00:00,NA,1011,21.4,84,NA
2021-03-16 14:00:00,NA,1010,22,79,NA
2021-03-16 15:00:00,NA,1009.5,22.4,74,NA
2021-03-16 16:00:00,NA,1009,21,89,NA
2021-03-16 17:00:00,NA,1007.9,20.6,93,NA
2021-03-16 18:00:00,NA,1006.8,20.6,91,NA
2021-03-16 19:00:00,NA,1005.3,21,91,NA
2021-03-16 20:00:00,NA,1006.1,21,91,NA
2021-03-16 21:00:00,NA,1005.8,21.4,91,NA
2021-03-16 22:00:00,NA,1005.8,21,91,NA
2021-03-16 23:00:00,NA,1005.7,20.6,93,NA
2021-03-17 00:00:00,1002.2,NA,20.4,94,NA
2021-03-17 11:00:00,1006.2,NA,17.6,92,NA
2021-03-17 12:00:00,1007.8,NA,17.6,88,NA
2021-03-18 11:00:00,NA,1020.6,10.7,81,NA
2021-03-18 12:00:00,NA,1020.9,11.9,66,NA
2021-03-18 13:00:00,NA,1021.2,13.9,70,NA
2021-03-18 14:00:00,NA,1021.1,15.9,61,NA
2021-03-18 15:00:00,NA,1020.4,17.5,52,NA
2021-03-18 16:00:00,NA,1019.7,18.7,49,NA
2021-03-18 17:00:00,NA,1018.7,18.6,51,NA
2021-03-18 18:00:00,NA,1018.6,19.8,50,NA
2021-03-18 19:00:00,NA,1018.1,19.8,49,NA
2021-03-18 20:00:00,NA,1018.1,19,48,NA
2021-03-18 21:00:00,NA,1017.9,18.6,50,NA
2021-03-18 22:00:00,NA,1017.9,17.6,58,NA
2021-03-18 23:00:00,NA,1017.8,16.2,64,NA
2021-03-19 00:00:00,1014.1,NA,15.8,65,NA
2021-03-19 11:00:00,1014.4,NA,10.6,89,NA
2021-03-19 12:00:00,1014.4,NA,16.7,68,NA
2021-03-19 13:00:00,1014.2,NA,19.2,58,NA
2021-03-19 14:00:00,1014.1,NA,20.5,53,NA
2021-03-19 15:00:00,1013.6,NA,21.6,49,NA
2021-03-19 16:00:00,1012.3,NA,22.5,50,NA
2021-03-19 17:00:00,1011.8,NA,22.8,50,NA
2021-03-19 18:00:00,1011,NA,23.5,49,NA
2021-03-19 19:00:00,1010.5,NA,23.8,40,NA
2021-03-19 20:00:00,1010.2,NA,23.4,51,NA
2021-03-19 21:00:00,1009.8,NA,22.6,55,NA
2021-03-19 22:00:00,1009.2,NA,20.6,68,NA
2021-03-19 23:00:00,1009.8,NA,20.2,69,NA
2021-03-20 11:00:00,NA,1012.2,17.8,98,NA
2021-03-20 12:00:00,NA,1012.7,18,100,NA
2021-03-20 13:00:00,NA,NA,18,100,NA
2021-03-20 14:00:00,NA,NA,19,100,NA
2021-03-20 15:00:00,NA,1014.5,16.2,98,NA
2021-03-20 16:00:00,NA,1013.4,17,96,NA
2021-03-20 17:00:00,NA,1012,18,92,NA
2021-03-20 18:00:00,NA,1013.6,19,81,NA
2021-03-20 19:00:00,NA,1013.3,20.4,80,NA
2021-03-20 20:00:00,NA,1013.4,19,81,NA
2021-03-20 21:00:00,NA,1013.8,20.4,76,NA
2021-03-20 22:00:00,NA,1014.7,20.2,80,NA
2021-03-20 23:00:00,NA,1014.7,18.8,77,NA
2021-03-21 00:00:00,1011,NA,18.4,88,NA
2021-03-21 11:00:00,1015.7,NA,14.6,95,NA
2021-03-21 12:00:00,1016.4,NA,15.4,93,NA
2021-03-21 13:00:00,1016.9,NA,16.8,84,NA
2021-03-21 14:00:00,1017.3,NA,18.2,79,NA
2021-03-21 15:00:00,1017.4,NA,19.8,74,NA
2021-03-21 16:00:00,1017.5,NA,20.5,70,NA
2021-03-21 17:00:00,1017,NA,22,64,NA
2021-03-21 18:00:00,1016.8,NA,22.8,59,NA
2021-03-21 19:00:00,1016.3,NA,23,59,NA
2021-03-21 20:00:00,1016.4,NA,23,60,NA
2021-03-21 21:00:00,1016.4,NA,22.4,61,NA
2021-03-21 22:00:00,1016.5,NA,21.4,65,NA
2021-03-21 23:00:00,1016.9,NA,20.4,78,NA
2021-03-22 11:00:00,NA,1022,12.6,96,NA
2021-03-22 12:00:00,NA,1021.9,16.2,87,NA
2021-03-22 13:00:00,NA,1022,19.2,79,NA
2021-03-22 14:00:00,NA,1021.8,21,67,NA
2021-03-22 15:00:00,NA,1021.4,22.2,62,NA
2021-03-22 16:00:00,NA,1021.4,22.8,58,NA
2021-03-22 17:00:00,NA,1021.1,22.8,56,NA
2021-03-22 18:00:00,NA,1020.3,22.8,56,NA
2021-03-22 19:00:00,NA,1020.2,23,57,NA
2021-03-22 20:00:00,NA,1019.9,22.8,56,NA
2021-03-22 21:00:00,NA,1019.5,22,58,NA
2021-03-22 22:00:00,NA,1019.4,21,65,NA
2021-03-22 23:00:00,NA,1018.7,21.2,56,NA
2021-03-23 00:00:00,1015.2,NA,20.4,64,NA
2021-03-23 11:00:00,1014.9,NA,13.4,88,NA
2021-03-23 12:00:00,1015.2,NA,18,82,NA
2021-03-23 13:00:00,1014.9,NA,21.2,74,NA
2021-03-23 14:00:00,1014.6,NA,22.6,55,NA
2021-03-23 15:00:00,1014.2,NA,24,55,NA
2021-03-23 16:00:00,1013.6,NA,25.2,47,NA
2021-03-23 17:00:00,1012.9,NA,25.8,47,NA
2021-03-23 18:00:00,1012.1,NA,26.1,46,NA
2021-03-23 19:00:00,1011.7,NA,25.9,50,NA
2021-03-23 20:00:00,1011.4,NA,25.7,45,NA
2021-03-23 21:00:00,1011.4,NA,25.2,48,NA
2021-03-23 22:00:00,1011.6,NA,23.7,57,NA
2021-03-23 23:00:00,1011.6,NA,21.2,70,NA
2021-03-24 11:00:00,NA,1017.4,19.2,91,NA
2021-03-24 12:00:00,NA,1017.4,21,84,NA
2021-03-24 13:00:00,NA,1017.5,23,75,NA
2021-03-24 14:00:00,NA,1017.2,24,68,NA
2021-03-24 15:00:00,NA,1017.2,26,62,NA
2021-03-24 16:00:00,NA,1016.6,26.4,61,NA
2021-03-24 17:00:00,NA,1016.1,26.2,61,NA
2021-03-24 18:00:00,NA,1015.1,27,58,NA
2021-03-24 19:00:00,NA,1015,25.6,63,NA
2021-03-24 20:00:00,NA,1014.6,25.8,58,NA
2021-03-24 21:00:00,NA,1014.5,24.2,72,NA
2021-03-24 22:00:00,NA,1014.5,23.8,76,NA
2021-03-24 23:00:00,NA,1014.4,23,75,NA
2021-03-25 00:00:00,1010.6,NA,22.2,81,NA
2021-03-25 11:00:00,1009,NA,20.2,98,NA
2021-03-25 12:00:00,1009,NA,20.4,98,NA
2021-03-25 13:00:00,1008.4,NA,20.4,96,NA
2021-03-25 14:00:00,1008.9,NA,20.6,96,NA
2021-03-25 15:00:00,1009,NA,20.4,96,NA
2021-03-25 16:00:00,1006.6,NA,20.4,96,NA
2021-03-25 17:00:00,1003.8,NA,20.4,94,NA
2021-03-25 18:00:00,1006.2,NA,20.8,92,NA
2021-03-25 19:00:00,1007.2,NA,20.6,94,NA
2021-03-25 20:00:00,1007.2,NA,20.6,96,NA
2021-03-25 21:00:00,1007.8,NA,20.4,94,NA
2021-03-25 22:00:00,1006.4,NA,19.6,96,NA
2021-03-25 23:00:00,1006.2,NA,19.6,96,NA
2021-03-26 11:00:00,NA,1010.3,19.2,100,NA
2021-03-26 12:00:00,NA,1010.3,19.3,99,NA
2021-03-26 13:00:00,NA,1010.8,20.6,93,NA
2021-03-26 14:00:00,NA,1011.1,21.8,86,NA
2021-03-26 15:00:00,NA,1011,22.2,86,NA
2021-03-26 16:00:00,NA,1010.7,21.9,88,NA
2021-03-26 17:00:00,NA,1010.3,21.6,93,NA
2021-03-26 18:00:00,NA,1009.8,22.2,90,NA
2021-03-26 19:00:00,NA,1009.1,22.6,86,NA
2021-03-26 20:00:00,NA,1008.3,23.8,80,NA
2021-03-26 21:00:00,NA,1008.6,23.8,76,NA
2021-03-26 22:00:00,NA,1009.1,21.6,91,NA
2021-03-26 23:00:00,NA,1009.9,21.6,87,NA
2021-03-27 00:00:00,1006.6,NA,20.1,95,NA
2021-03-27 11:00:00,1008,NA,18.5,96,NA
2021-03-27 12:00:00,1008.4,NA,19,96,NA
2021-03-27 13:00:00,1008.4,NA,19.8,94,NA
2021-03-27 14:00:00,1008.6,NA,20.4,90,NA
2021-03-27 15:00:00,1008.8,NA,19.8,93,NA
2021-03-27 16:00:00,1008.8,NA,19.6,88,NA
2021-03-27 17:00:00,1008.4,NA,21.4,84,NA
2021-03-27 18:00:00,1007.4,NA,23.1,69,NA
2021-03-27 19:00:00,1007,NA,22.6,71,NA
2021-03-27 20:00:00,1007.3,NA,21.4,80,NA
2021-03-27 21:00:00,1007.4,NA,20.6,71,NA
2021-03-27 22:00:00,1007.7,NA,18.8,77,NA
2021-03-27 23:00:00,1007.7,NA,17.8,85,NA
2021-03-28 11:00:00,NA,1012.8,16.8,100,NA
2021-03-28 12:00:00,NA,1012.7,18,94,NA
2021-03-28 13:00:00,NA,1013,19,85,NA
2021-03-28 14:00:00,NA,1013.3,20.2,80,NA
2021-03-28 15:00:00,NA,1013.4,20.8,78,NA
2021-03-28 16:00:00,NA,1013.1,21.4,74,NA
2021-03-28 17:00:00,NA,1012.6,22.8,64,NA
2021-03-28 18:00:00,NA,1012.5,23.6,59,NA
2021-03-28 19:00:00,NA,1012.2,24.4,55,NA
2021-03-28 20:00:00,NA,1011.9,24,58,NA
2021-03-28 21:00:00,NA,1011.9,24,56,NA
2021-03-28 22:00:00,NA,1012.2,23,67,NA
2021-03-28 23:00:00,1009,NA,20.4,88,NA
2021-03-29 00:00:00,1009.6,NA,19.4,92,NA
2021-03-29 11:00:00,1012.9,NA,16.2,93,NA
2021-03-29 13:00:00,1013.8,NA,17.2,89,NA
2021-03-29 14:00:00,1013.7,NA,19.2,77,NA
2021-03-29 15:00:00,1013.7,NA,20.8,70,NA
2021-03-29 16:00:00,1013.6,NA,21.9,65,NA
2021-03-29 18:00:00,1012.6,NA,23.6,54,NA
2021-03-29 19:00:00,1012.6,NA,24.8,47,NA
2021-03-29 20:00:00,1012.8,NA,23.5,50,NA
2021-03-29 21:00:00,1012.8,NA,22.8,51,NA
2021-03-29 22:00:00,1012.9,NA,20.7,64,NA
2021-03-29 23:00:00,1013.3,NA,18,79,NA
2021-03-30 11:00:00,NA,1019.1,10.8,95,NA
2021-03-30 12:00:00,NA,1019.4,14.8,91,NA
2021-03-30 13:00:00,NA,1019.8,17.8,81,NA
2021-03-30 14:00:00,NA,1019.8,19.2,74,NA
2021-03-30 15:00:00,NA,1019.5,21.6,52,NA
2021-03-30 16:00:00,NA,1019.3,22.4,41,NA
2021-03-30 17:00:00,NA,1018.7,23.4,40,NA
2021-03-30 18:00:00,NA,1018.1,23.8,41,NA
2021-03-30 19:00:00,NA,1017.5,24,48,NA
2021-03-30 20:00:00,NA,1017.5,23.6,50,NA
2021-03-30 21:00:00,NA,1017.6,21.6,44,NA
2021-03-30 22:00:00,NA,1017.9,21,47,NA
2021-03-30 23:00:00,NA,1018,19,65,NA
2021-03-31 00:00:00,1014.5,NA,16,85,NA
2021-03-31 11:00:00,1015.8,NA,11,94,NA
2021-03-31 17:00:00,1013.8,NA,22.4,51,NA
2021-03-31 18:00:00,1014.4,NA,22.6,46,NA
2021-03-31 19:00:00,1014,NA,23,45,NA
2021-03-31 20:00:00,1013.8,NA,22.6,44,NA
2021-03-31 21:00:00,1013.7,NA,22,51,NA
2021-03-31 22:00:00,1013.8,NA,20,60,NA
2021-03-31 23:00:00,1014.1,NA,18.4,75,NA
2021-04-01 11:00:00,NA,1019.2,14.5,94,NA
2021-04-01 12:00:00,NA,1019.5,15.7,93,NA
2021-04-01 13:00:00,NA,1019.8,20.1,78,NA
2021-04-01 14:00:00,NA,1019.8,21.3,67,NA
2021-04-01 15:00:00,NA,1019.6,21.7,61,NA
2021-04-01 16:00:00,NA,1019.4,23.1,55,NA
2021-04-01 17:00:00,NA,1018.9,23.1,54,NA
2021-04-01 18:00:00,NA,1018.1,23,51,NA
2021-04-01 19:00:00,NA,1017.9,23.8,49,NA
2021-04-01 20:00:00,NA,1017.7,23.2,48,NA
2021-04-01 21:00:00,NA,1017.9,22.6,50,NA
2021-04-01 22:00:00,NA,1018.1,20.7,63,NA
2021-04-01 23:00:00,NA,1018.4,19.6,68,NA
2021-04-02 00:00:00,1014.9,NA,19.4,74,NA
2021-04-02 11:00:00,1017,NA,16.8,87,NA
2021-04-02 12:00:00,1017.3,NA,18.8,82,NA
2021-04-02 13:00:00,1017.8,NA,19.9,77,NA
2021-04-02 14:00:00,1017.6,NA,21.5,69,NA
2021-04-02 15:00:00,1017,NA,22.9,61,NA
2021-04-02 16:00:00,1016.6,NA,23.6,50,NA
2021-04-02 17:00:00,1016.2,NA,24,47,NA
2021-04-02 18:00:00,1015.6,NA,24.4,45,NA
2021-04-02 19:00:00,1015.2,NA,23.8,50,NA
2021-04-02 20:00:00,1014.9,NA,23.6,52,NA
2021-04-02 21:00:00,1014.8,NA,23.1,55,NA
2021-04-02 22:00:00,1015,NA,21.8,62,NA
2021-04-02 23:00:00,1015.3,NA,19.8,72,NA
2021-04-03 11:00:00,NA,1020.2,18,82,NA
2021-04-03 12:00:00,NA,1020.5,20,73,NA
2021-04-03 13:00:00,NA,1020.8,21.2,71,NA
2021-04-03 14:00:00,NA,1020.7,23,69,NA
2021-04-03 15:00:00,NA,1020.6,24.4,60,NA
2021-04-03 16:00:00,NA,1020,25,51,NA
2021-04-03 17:00:00,NA,1019.2,25,49,NA
2021-04-03 18:00:00,NA,1018.9,26,44,NA
2021-04-03 19:00:00,NA,1018.3,25.4,44,NA
2021-04-03 20:00:00,NA,1018,25.2,48,NA
2021-04-03 21:00:00,NA,1018.2,24,53,NA
2021-04-03 22:00:00,NA,1018.3,22.2,65,NA
2021-04-03 23:00:00,1015,NA,21.2,71,NA
2021-04-04 00:00:00,1015.3,NA,21,77,NA
2021-04-04 11:00:00,1015.2,NA,16,89,NA
2021-04-04 12:00:00,1015.4,NA,19,86,NA
2021-04-04 13:00:00,1015.4,NA,21.6,79,NA
2021-04-04 14:00:00,1015.4,NA,23.8,69,NA
2021-04-04 15:00:00,1015,NA,24.8,61,NA
2021-04-04 16:00:00,1014.5,NA,24.8,62,NA
2021-04-04 17:00:00,1013,NA,26.2,44,NA
2021-04-04 18:00:00,1012.1,NA,26.4,41,NA
2021-04-04 19:00:00,1011.4,NA,26,41,NA
2021-04-04 20:00:00,1011.4,NA,25.6,49,NA
2021-04-04 21:00:00,1011.2,NA,25,50,NA
2021-04-04 22:00:00,1011.2,NA,22.2,71,NA
2021-04-04 23:00:00,1011.4,NA,21.8,71,NA
2021-04-05 11:00:00,NA,1016.1,17,94,NA
2021-04-05 12:00:00,NA,1016.3,21.2,82,NA
2021-04-05 13:00:00,NA,1016.1,22.2,79,NA
2021-04-05 14:00:00,NA,1015.6,25,70,NA
2021-04-05 15:00:00,NA,1015.5,26.4,68,NA
2021-04-05 16:00:00,NA,1014.9,27.8,60,NA
2021-04-05 17:00:00,NA,1014.2,28.4,61,NA
2021-04-05 18:00:00,NA,1013.4,29.2,51,NA
2021-04-05 19:00:00,NA,1013.5,29,51,NA
2021-04-05 20:00:00,NA,1013.8,28.8,53,NA
2021-04-05 21:00:00,NA,1013.9,27.8,56,NA
2021-04-05 22:00:00,NA,1014.6,26,68,NA
2021-04-05 23:00:00,NA,1014.9,24.6,73,NA
2021-04-06 00:00:00,1011.6,NA,22.4,87,NA
2021-04-06 11:00:00,1013.4,NA,17.2,98,NA
2021-04-06 12:00:00,1013.8,NA,22.4,84,NA
2021-04-06 13:00:00,1014.1,NA,24.4,75,NA
2021-04-06 14:00:00,1014.2,NA,26.6,65,NA
2021-04-06 15:00:00,1013.7,NA,27.6,59,NA
2021-04-06 17:00:00,1012.6,NA,28.4,55,NA
2021-04-06 18:00:00,1012,NA,28,57,NA
2021-04-06 19:00:00,1011.7,NA,28.4,58,NA
2021-04-06 20:00:00,1011.4,NA,27.8,61,NA
2021-04-06 21:00:00,1011.6,NA,26.4,65,NA
2021-04-06 22:00:00,1011.7,NA,24.6,74,NA
2021-04-06 23:00:00,1012,NA,23.8,76,NA
2021-04-07 11:00:00,NA,1016.5,21,87,NA
2021-04-07 12:00:00,NA,1017,22.2,82,NA
2021-04-07 13:00:00,NA,1017.3,24.4,71,NA
2021-04-07 14:00:00,NA,1017.1,25.6,66,NA
2021-04-07 15:00:00,NA,1016.6,27.6,62,NA
2021-04-07 16:00:00,NA,1015.8,28.6,59,NA
2021-04-07 17:00:00,NA,1014.9,29.2,56,NA
2021-04-07 18:00:00,NA,1013.8,28.6,58,NA
2021-04-07 19:00:00,NA,1013.7,29.4,52,NA
2021-04-07 20:00:00,NA,1013.4,29.2,49,NA
2021-04-07 21:00:00,NA,1013.1,28.8,55,NA
2021-04-07 22:00:00,NA,1013.5,27,63,NA
2021-04-07 23:00:00,NA,1013.5,25.9,70,NA
2021-04-08 00:00:00,NA,NA,25.4,72,NA
2021-04-08 15:00:00,1008,NA,24,69,NA
2021-04-08 16:00:00,1007.8,NA,24.2,71,NA
2021-04-08 17:00:00,1007,NA,24.2,74,NA
2021-04-08 18:00:00,1006,NA,25,68,NA
2021-04-08 19:00:00,1006.1,NA,25.2,71,NA
2021-04-08 20:00:00,1005.3,NA,24.6,74,NA
2021-04-08 21:00:00,1005.7,NA,24.6,72,NA
2021-04-08 22:00:00,1006.2,NA,24.2,75,NA
2021-04-08 23:00:00,1008.1,NA,20,100,NA
2021-04-09 11:00:00,NA,1013.2,19.9,99,NA
2021-04-09 12:00:00,NA,1013.3,20.1,98,NA
2021-04-09 13:00:00,NA,1013.9,20.4,97,NA
2021-04-09 14:00:00,NA,1013.9,20.4,96,NA
2021-04-09 15:00:00,NA,1014.8,20.6,96,NA
2021-04-09 16:00:00,NA,1013,21,95,NA
2021-04-09 17:00:00,NA,1012.9,21.8,90,NA
2021-04-09 18:00:00,NA,1012.7,22.1,86,NA
2021-04-09 19:00:00,NA,1013.3,22.4,87,NA
2021-04-09 20:00:00,NA,1013.3,22.9,82,NA
2021-04-09 21:00:00,NA,1013.9,21.4,91,NA
2021-04-09 22:00:00,NA,1014.6,21.1,93,NA
2021-04-09 23:00:00,NA,1014.9,21,93,NA
2021-04-10 00:00:00,NA,1014.9,20.9,93,NA
2021-04-11 11:00:00,NA,1009.4,14.8,89,NA
2021-04-11 12:00:00,NA,1010.3,15.1,86,NA
2021-04-11 13:00:00,NA,1012.3,16.4,79,NA
2021-04-11 14:00:00,NA,1013.2,17.5,78,NA
2021-04-11 15:00:00,NA,1014,18.3,70,NA
2021-04-11 16:00:00,NA,1014.6,19,68,NA
2021-04-11 17:00:00,NA,1014.6,19,67,NA
2021-04-11 18:00:00,NA,1014.7,19.5,62,NA
2021-04-11 19:00:00,NA,1014.7,21,56,NA
2021-04-11 20:00:00,NA,1015.4,20.8,59,NA
2021-04-11 21:00:00,NA,1016,19.8,65,NA
2021-04-11 22:00:00,NA,1016.7,17.8,77,NA
2021-04-11 23:00:00,NA,1017.2,16.2,83,NA
2021-04-12 00:00:00,NA,1017.6,16,81,NA
2021-04-13 11:00:00,NA,1022.4,8.8,95,NA
2021-04-13 12:00:00,NA,1023.1,16,78,NA
2021-04-13 13:00:00,1019.6,1023.4,19,70,NA
2021-04-13 14:00:00,1019.5,1023.3,20.9,64,NA
2021-04-13 15:00:00,1019.3,1023,22.3,57,NA
2021-04-13 16:00:00,1018.5,1022.2,24,51,NA
2021-04-13 17:00:00,1017.8,1021.5,24.1,51,NA
2021-04-13 18:00:00,1017.1,1020.8,25,48,NA
2021-04-13 19:00:00,1016.9,1020.6,24.8,45,NA
2021-04-13 20:00:00,1016.6,1020.3,24.8,46,NA
2021-04-13 21:00:00,1016.6,1020.4,23.6,49,NA
2021-04-13 22:00:00,1016.6,1020.4,21.1,68,NA
2021-04-13 23:00:00,1016.8,1020.6,19.4,77,NA
2021-04-14 00:00:00,NA,1020.7,17.4,88,NA
2021-04-15 00:00:00,1011,NA,NA,NA,NA
2021-04-15 11:00:00,1010.6,1014.5,11.9,97,NA
2021-04-15 12:00:00,1011,1014.9,16.4,91,NA
2021-04-15 13:00:00,1011.3,1015.1,20.6,82,NA
2021-04-15 14:00:00,1011.2,1014.9,22.8,73,NA
2021-04-15 15:00:00,1010.9,1014.6,24,61,NA
2021-04-15 16:00:00,1010.4,1014.1,24.5,60,NA
2021-04-15 17:00:00,1009.6,1013.3,25.1,58,NA
2021-04-15 18:00:00,1009.2,1012.9,25,58,NA
2021-04-15 19:00:00,1008.9,1012.6,25.2,57,NA
2021-04-15 20:00:00,1008.6,1012.3,25.5,54,NA
2021-04-15 21:00:00,1008.6,1012.3,24.8,59,NA
2021-04-15 22:00:00,1009.2,1012.9,21.4,79,NA
2021-04-15 23:00:00,NA,1013.5,19.6,85,NA
2021-04-16 00:00:00,NA,1013.9,17.8,93,NA
2021-04-17 00:00:00,1011.4,NA,NA,NA,NA
2021-04-17 11:00:00,1014.5,1018.3,12.2,99,NA
2021-04-17 12:00:00,NA,1018.9,16.5,95,NA
2021-04-17 13:00:00,1015.3,1019.1,21.9,81,NA
2021-04-17 14:00:00,1015,1018.7,23.6,71,NA
2021-04-17 15:00:00,1014.6,1018.3,24.6,65,NA
2021-04-17 16:00:00,1014.4,1018.1,25.2,55,NA
2021-04-17 17:00:00,1013.4,1017.1,25.7,48,NA
2021-04-17 18:00:00,1013,1016.7,25.8,49,NA
2021-04-17 19:00:00,NA,1016.7,25.6,37,NA
2021-04-17 20:00:00,1012.6,1016.3,24.8,50,NA
2021-04-17 21:00:00,1012.8,1016.6,23.6,63,NA
2021-04-17 22:00:00,NA,1016.6,22.2,70,NA
2021-04-17 23:00:00,1013,1016.8,21.4,81,NA
2021-04-18 00:00:00,NA,1017,20.4,87,NA
2021-04-18 23:00:00,1014.4,NA,NA,NA,NA
2021-04-19 00:00:00,1014.6,NA,NA,NA,NA
2021-04-19 11:00:00,1017,1020.8,16.8,90,NA
2021-04-19 12:00:00,1017.4,1021.2,18.6,80,NA
2021-04-19 13:00:00,1017.7,1021.5,20,71,NA
2021-04-19 14:00:00,1017.6,1021.4,21.6,59,NA
2021-04-19 15:00:00,1017.3,1021,23.3,53,NA
2021-04-19 16:00:00,1016.5,1020.2,24.3,50,NA
2021-04-19 17:00:00,1015.8,1019.5,24.8,48,NA
2021-04-19 18:00:00,1015.2,1018.9,25,51,NA
2021-04-19 19:00:00,1015,1018.7,24.8,45,NA
2021-04-19 20:00:00,1015,1018.7,24.2,49,NA
2021-04-19 21:00:00,1015,1018.7,23.4,56,NA
2021-04-19 22:00:00,1014.9,1018.6,21.5,66,NA
2021-04-19 23:00:00,1015.2,1019,20.8,73,NA
2021-04-20 00:00:00,NA,1019.3,20.8,70,NA
2021-04-21 00:00:00,1014.6,NA,NA,NA,NA
2021-04-21 11:00:00,1015.2,1018.9,17.8,88,NA
2021-04-21 12:00:00,1015.4,1019.2,19.4,79,NA
2021-04-21 13:00:00,1015.6,1019.4,20,76,NA
2021-04-21 14:00:00,1014.6,1018.3,21.2,77,NA
2021-04-21 15:00:00,NA,1016.9,22.4,63,NA
2021-04-21 16:00:00,1013,1016.7,24,52,NA
2021-04-21 17:00:00,1012.2,1015.9,24.8,59,NA
2021-04-21 18:00:00,NA,1014.7,25.2,56,NA
2021-04-21 19:00:00,NA,1014.7,25.2,56,NA
2021-04-21 20:00:00,1010,1013.7,24.8,57,NA
2021-04-21 21:00:00,1011,1014.7,24,62,NA
2021-04-21 22:00:00,1012.5,1016.2,23,69,NA
2021-04-21 23:00:00,1012.9,1016.7,22.4,71,NA
2021-04-22 00:00:00,NA,1016.4,22,69,NA
2021-04-23 00:00:00,1010.5,NA,NA,NA,NA
2021-04-23 11:00:00,NA,1015,17.8,84,NA
2021-04-23 12:00:00,NA,1015.1,19.8,74,NA
2021-04-23 13:00:00,NA,1014.9,21.8,66,NA
2021-04-23 14:00:00,NA,1014.2,23.4,60,NA
2021-04-23 15:00:00,NA,1013.5,24.5,59,NA
2021-04-23 16:00:00,NA,1012.6,25,56,NA
2021-04-23 17:00:00,NA,1011.9,26,53,NA
2021-04-23 18:00:00,NA,1011,27.5,48,NA
2021-04-23 19:00:00,NA,1010.2,26.6,51,NA
2021-04-23 20:00:00,NA,1010.6,26.4,51,NA
2021-04-23 21:00:00,NA,1010.3,25,56,NA
2021-04-23 22:00:00,NA,1011.1,24.4,60,NA
2021-04-23 23:00:00,NA,1013.8,16.4,98,NA
2021-04-24 00:00:00,NA,1014.9,16,98,NA
2021-04-25 11:00:00,NA,1019.7,8.4,92,NA
2021-04-25 12:00:00,NA,1020.6,11.4,85,NA
2021-04-25 13:00:00,NA,1020.7,12.6,86,NA
2021-04-25 14:00:00,NA,1020.8,15.8,73,NA
2021-04-25 15:00:00,NA,1020.4,17.6,62,NA
2021-04-25 16:00:00,NA,1019.9,18.4,63,NA
2021-04-25 17:00:00,NA,1019,18.6,63,NA
2021-04-25 18:00:00,NA,1019.2,18.4,65,NA
2021-04-25 19:00:00,NA,1019,19.4,64,NA
2021-04-25 20:00:00,NA,1019,18.6,68,NA
2021-04-25 21:00:00,NA,1019,18.2,75,NA
2021-04-25 22:00:00,NA,1019.6,15.8,85,NA
2021-04-25 23:00:00,NA,1020,15,89,NA
2021-04-26 00:00:00,NA,1020.2,14,93,NA
2021-04-27 11:00:00,NA,1020.8,9.6,97,NA
2021-04-27 12:00:00,NA,1021.5,13,91,NA
2021-04-27 13:00:00,NA,1021.6,15.5,78,NA
2021-04-27 14:00:00,NA,1021.5,18.2,63,NA
2021-04-27 15:00:00,NA,1021.3,19.4,57,NA
2021-04-27 16:00:00,NA,1020.4,20.6,57,NA
2021-04-27 17:00:00,NA,1019.5,20.6,55,NA
2021-04-27 18:00:00,NA,1018.9,20.4,55,NA
2021-04-27 19:00:00,NA,1018.3,20.7,56,NA
2021-04-27 20:00:00,NA,1018.6,21.6,49,NA
2021-04-27 21:00:00,NA,1018.4,20.2,56,NA
2021-04-27 22:00:00,NA,1018.6,17.5,66,NA
2021-04-27 23:00:00,NA,1019,16.6,74,NA
2021-04-28 00:00:00,1015.6,NA,16,77,NA
2021-04-28 11:00:00,1018.1,NA,8.2,97,NA
2021-04-28 12:00:00,1019,NA,13.8,86,NA
2021-04-28 13:00:00,1019.3,NA,16.9,74,NA
2021-04-28 14:00:00,1019.2,NA,19,67,NA
2021-04-28 15:00:00,1018.9,NA,20.6,58,NA
2021-04-28 16:00:00,1018.4,NA,21.2,59,NA
2021-04-28 17:00:00,1018,NA,21.3,58,NA
2021-04-28 18:00:00,1017.2,NA,23.1,49,NA
2021-04-28 19:00:00,1016.6,NA,23,49,NA
2021-04-28 20:00:00,1017,NA,23,52,NA
2021-04-28 21:00:00,1017.3,NA,22,56,NA
2021-04-28 22:00:00,1017.6,NA,18.4,70,NA
2021-04-28 23:00:00,1018,NA,16.6,79,NA
2021-04-29 11:00:00,NA,1023.6,8.7,97,NA
2021-04-29 12:00:00,NA,1024,14.1,86,NA
2021-04-29 13:00:00,NA,1024.1,16.9,76,NA
2021-04-29 14:00:00,NA,1024.1,19.5,64,NA
2021-04-29 15:00:00,NA,1023.9,20.8,57,NA
2021-04-29 16:00:00,NA,NA,22.2,49,NA
2021-04-29 17:00:00,NA,1022.5,22.6,47,NA
2021-04-29 18:00:00,NA,1021.9,23.4,49,NA
2021-04-29 19:00:00,NA,1021.7,23.4,51,NA
2021-04-29 20:00:00,NA,1021.4,22.8,51,NA
2021-04-29 21:00:00,NA,1021.4,20.4,66,NA
2021-04-29 22:00:00,NA,1021.4,18.5,69,NA
2021-04-29 23:00:00,NA,1021.7,16.9,77,NA
2021-04-30 00:00:00,1018.2,NA,17.2,75,NA
2021-04-30 11:00:00,1017.6,NA,11.4,97,NA
2021-04-30 12:00:00,1017.6,NA,14.2,87,NA
2021-04-30 13:00:00,1017.7,NA,16.2,77,NA
2021-04-30 14:00:00,1017.6,NA,18.9,64,NA
2021-04-30 15:00:00,1016.6,NA,20.5,58,NA
2021-04-30 16:00:00,1016.1,NA,21,55,NA
2021-04-30 17:00:00,1014.8,NA,22.4,49,NA
2021-04-30 18:00:00,1014.2,NA,22.8,47,NA
2021-04-30 19:00:00,1013.7,NA,22.7,46,NA
2021-04-30 20:00:00,1013.3,NA,22.6,46,NA
2021-04-30 21:00:00,1012.9,NA,21.1,51,NA
2021-04-30 22:00:00,1012.8,NA,18,76,NA
2021-04-30 23:00:00,1012.8,NA,18,66,NA
2021-05-01 11:00:00,NA,1016.9,12.2,68,NA
2021-05-01 12:00:00,NA,1017.5,15.6,77,NA
2021-05-01 13:00:00,NA,1017.6,18.8,68,NA
2021-05-01 14:00:00,NA,1017.6,22,58,NA
2021-05-01 15:00:00,NA,1017.3,24,53,NA
2021-05-01 16:00:00,NA,1016.5,25,46,NA
2021-05-01 17:00:00,NA,1015.5,25.6,46,NA
2021-05-01 18:00:00,NA,1014.3,25.6,46,NA
2021-05-01 19:00:00,NA,1013.9,25.4,41,NA
2021-05-01 20:00:00,NA,1013.9,24.8,42,NA
2021-05-01 21:00:00,NA,1014.1,23.6,49,NA
2021-05-01 22:00:00,NA,1014.6,20,64,NA
2021-05-01 23:00:00,NA,1015,18,73,NA
2021-05-02 00:00:00,1011.2,NA,17.8,74,NA
2021-05-02 11:00:00,1011.4,NA,12.6,90,NA
2021-05-02 12:00:00,1011.4,NA,18.4,69,NA
2021-05-02 13:00:00,1011.4,NA,20.3,63,NA
2021-05-02 14:00:00,1011.2,NA,21.7,63,NA
2021-05-02 15:00:00,1010.9,NA,23.8,59,NA
2021-05-02 16:00:00,1010.1,NA,24.8,57,NA
2021-05-02 17:00:00,1008.9,NA,26.1,56,NA
2021-05-02 18:00:00,1007.8,NA,26.6,53,NA
2021-05-02 19:00:00,1007.8,NA,26.4,55,NA
2021-05-02 20:00:00,1007.6,NA,26,58,NA
2021-05-02 21:00:00,1007.4,NA,24.4,64,NA
2021-05-02 22:00:00,1007.8,NA,23.2,70,NA
2021-05-02 23:00:00,1007.8,NA,22.9,72,NA
2021-05-03 11:00:00,NA,1010,18.4,84,NA
2021-05-03 12:00:00,NA,1009.8,19.2,74,NA
2021-05-03 13:00:00,NA,1009.8,21.4,76,NA
2021-05-03 14:00:00,NA,1009.5,21.8,76,NA
2021-05-03 15:00:00,NA,1008.5,21.8,79,NA
2021-05-03 16:00:00,NA,1008.3,21.2,84,NA
2021-05-03 17:00:00,NA,1008.3,20,95,NA
2021-05-03 18:00:00,NA,1007.5,20,96,NA
2021-05-03 19:00:00,NA,1007,20.8,93,NA
2021-05-03 20:00:00,NA,1007.7,20.2,95,NA
2021-05-03 21:00:00,NA,1008.2,20.2,96,NA
2021-05-03 22:00:00,NA,1009.1,19.8,96,NA
2021-05-03 23:00:00,NA,1010.2,18,94,NA
2021-05-04 00:00:00,1007.8,NA,17,98,NA
2021-05-04 11:00:00,1018.2,NA,8.7,79,NA
2021-05-04 12:00:00,1019.2,NA,9.8,72,NA
2021-05-04 13:00:00,1020.1,NA,11.4,62,NA
2021-05-04 14:00:00,1020.3,NA,12.6,59,NA
2021-05-04 15:00:00,1020,NA,13.7,56,NA
2021-05-04 16:00:00,1019.8,NA,14.6,55,NA
2021-05-04 17:00:00,1019.2,NA,14.9,51,NA
2021-05-04 18:00:00,1019.3,NA,16,50,NA
2021-05-04 19:00:00,1020,NA,16.5,48,NA
2021-05-04 20:00:00,1020.8,NA,14.8,52,NA
2021-05-04 21:00:00,1020.9,NA,14,59,NA
2021-05-04 22:00:00,1021.6,NA,12.2,63,NA
2021-05-04 23:00:00,1022.8,NA,11.2,71,NA
2021-05-05 11:00:00,NA,1027.3,5,94,NA
2021-05-05 12:00:00,NA,1027.6,7.4,78,NA
2021-05-05 13:00:00,NA,1027.7,10.6,64,NA
2021-05-05 14:00:00,NA,1027.5,12,54,NA
2021-05-05 15:00:00,NA,1027.1,13.2,50,NA
2021-05-05 16:00:00,NA,1026.7,14.4,42,NA
2021-05-05 17:00:00,NA,1025.6,14.8,NA,NA
2021-05-05 18:00:00,NA,1025,14.6,45,NA
2021-05-05 19:00:00,NA,1025,14.4,42,NA
2021-05-05 20:00:00,NA,1025,14,45,NA
2021-05-05 21:00:00,NA,1025.1,12.6,53,NA
2021-05-05 22:00:00,NA,1025.5,10,68,NA
2021-05-05 23:00:00,NA,1026.1,8.4,76,NA
2021-05-06 00:00:00,1022.8,NA,8,75,NA
2021-05-06 11:00:00,1022.8,NA,3.5,90,NA
2021-05-06 12:00:00,1023,NA,6.4,80,NA
2021-05-06 13:00:00,1023.4,NA,9.7,64,NA
2021-05-06 14:00:00,1023.2,NA,11.5,57,NA
2021-05-06 15:00:00,1022.9,NA,14.2,47,NA
2021-05-06 16:00:00,1022.4,NA,15.2,42,NA
2021-05-06 18:00:00,1021.3,NA,16.7,41,NA
2021-05-06 19:00:00,1020.9,NA,16.8,36,NA
2021-05-06 20:00:00,1020.6,NA,16.4,46,NA
2021-05-06 21:00:00,1020.5,NA,15,47,NA
2021-05-06 22:00:00,1020.5,NA,12.7,56,NA
2021-05-06 23:00:00,1020.8,NA,8.8,71,NA
2021-05-07 11:00:00,NA,1026.3,2,89,NA
2021-05-07 12:00:00,NA,1026.8,5,88,NA
2021-05-07 13:00:00,NA,1027.2,11,64,NA
2021-05-07 14:00:00,NA,1027.1,15,53,NA
2021-05-07 15:00:00,NA,1027,16.4,48,NA
2021-05-07 16:00:00,NA,1026.6,17.2,46,NA
2021-05-07 17:00:00,NA,1025.9,17.6,43,NA
2021-05-07 18:00:00,NA,1025.5,18.4,44,NA
2021-05-07 19:00:00,NA,1025.4,17.6,45,NA
2021-05-07 20:00:00,NA,1025.6,17,47,NA
2021-05-07 21:00:00,NA,1025.9,15,53,NA
2021-05-07 22:00:00,NA,1026,12.2,66,NA
2021-05-07 23:00:00,NA,1026.4,9.8,80,NA
2021-05-08 00:00:00,1022.8,NA,8,86,NA
2021-05-08 11:00:00,1023.2,NA,10.4,94,NA
2021-05-08 12:00:00,1023.7,NA,12,90,NA
2021-05-08 13:00:00,1023.9,NA,13.6,82,NA
2021-05-08 14:00:00,1024.1,NA,16,69,NA
2021-05-08 15:00:00,1024,NA,17.2,61,NA
2021-05-08 18:00:00,1021.8,NA,18.6,51,NA
2021-05-08 19:00:00,1021.2,NA,18.9,52,NA
2021-05-08 20:00:00,1021,NA,18.2,52,NA
2021-05-08 21:00:00,1021,NA,16.8,59,NA
2021-05-09 11:00:00,NA,1022.9,10.8,95,NA
2021-05-09 12:00:00,NA,1023.9,12.6,82,NA
2021-05-09 13:00:00,NA,1023.7,13.6,84,NA
2021-05-09 14:00:00,NA,1023.9,14.6,81,NA
2021-05-09 15:00:00,NA,1023.2,15.4,75,NA
2021-05-09 16:00:00,NA,1022.6,16,70,NA
2021-05-09 17:00:00,NA,1021.9,16.4,70,NA
2021-05-09 18:00:00,NA,1021,17.2,67,NA
2021-05-09 19:00:00,NA,1020.6,17.6,65,NA
2021-05-09 20:00:00,NA,1020.4,17.4,65,NA
2021-05-09 21:00:00,NA,1020.6,16.2,73,NA
2021-05-09 23:00:00,NA,1020.6,13.6,89,NA
2021-05-10 00:00:00,1016.6,NA,12.5,91,NA
2021-05-10 11:00:00,1018.2,NA,9.6,97,NA
2021-05-10 12:00:00,1019.2,NA,10.2,97,NA
2021-05-10 13:00:00,1019.4,NA,11.6,92,NA
2021-05-10 14:00:00,1020,NA,13.2,86,NA
2021-05-10 15:00:00,1020.1,NA,14.2,76,NA
2021-05-10 16:00:00,1019.8,NA,15.6,63,NA
2021-05-10 18:00:00,1018.8,NA,17.4,39,NA
2021-05-10 19:00:00,1018.6,NA,17,39,NA
2021-05-10 20:00:00,1018.6,NA,16.5,40,NA
2021-05-10 21:00:00,1019.2,NA,14.6,42,NA
2021-05-10 23:00:00,1020,NA,10,67,NA
2021-05-11 11:00:00,NA,1025.3,2.6,89,NA
2021-05-11 12:00:00,NA,1025.2,4.6,81,NA
2021-05-11 13:00:00,NA,1025.6,8.6,60,NA
2021-05-11 14:00:00,NA,1025.5,11.4,51,NA
2021-05-11 15:00:00,NA,1025.3,13.6,49,NA
2021-05-11 16:00:00,NA,1024.7,15,44,NA
2021-05-11 17:00:00,NA,1023.8,15.8,41,NA
2021-05-11 18:00:00,NA,1023.6,16,42,NA
2021-05-11 19:00:00,NA,1022.8,16.2,40,NA
2021-05-11 20:00:00,NA,1022.4,15.8,43,NA
2021-05-11 21:00:00,NA,1022.4,14.4,54,NA
2021-05-11 22:00:00,NA,1022.4,9.8,75,NA
2021-05-11 23:00:00,1018.8,NA,8,81,NA
2021-05-12 00:00:00,1018.8,NA,7,85,NA
2021-05-12 12:00:00,1019.7,NA,6.2,70,NA
2021-05-12 13:00:00,1019.7,NA,9.8,57,NA
2021-05-12 14:00:00,1019.7,NA,14,45,NA
2021-05-12 15:00:00,1019,NA,15.8,40,NA
2021-05-12 17:00:00,1016.9,NA,17.5,33,NA
2021-05-12 18:00:00,1016.5,NA,18.8,32,NA
2021-05-12 19:00:00,1016,NA,18.8,31,NA
2021-05-12 20:00:00,1015.6,NA,18.2,31,NA
2021-05-12 21:00:00,1015.6,NA,16.4,38,NA
2021-05-12 23:00:00,1015.8,NA,10.8,66,NA
2021-05-13 11:00:00,NA,1021.6,3.4,90,NA
2021-05-13 12:00:00,NA,1022.2,9,76,NA
2021-05-13 13:00:00,NA,1022.3,12,65,NA
2021-05-13 14:00:00,NA,1022.7,13.8,67,NA
2021-05-13 15:00:00,NA,1022.4,16.4,55,NA
2021-05-13 16:00:00,NA,1022,17.6,51,NA
2021-05-13 17:00:00,NA,1021.5,19,42,NA
2021-05-13 18:00:00,NA,1020.7,19.6,37,NA
2021-05-13 19:00:00,NA,1020.7,19.2,42,NA
2021-05-13 20:00:00,NA,1021,18.4,48,NA
2021-05-13 21:00:00,NA,1021.1,15,69,NA
2021-05-13 22:00:00,NA,1021.6,10.8,80,NA
2021-05-13 23:00:00,NA,1022.1,11.4,72,NA
2021-05-14 00:00:00,1018.4,NA,11.4,73,NA
2021-05-14 11:00:00,1018.1,NA,2.5,97,NA
2021-05-14 12:00:00,1019.2,NA,6,87,NA
2021-05-14 13:00:00,1019.2,NA,13.1,67,NA
2021-05-14 14:00:00,1019.4,NA,16.2,56,NA
2021-05-14 15:00:00,1019.2,NA,17.2,57,NA
2021-05-14 17:00:00,1017.2,NA,19.9,39,NA
2021-05-14 18:00:00,1016.4,NA,20.6,37,NA
2021-05-14 19:00:00,1016,NA,20.1,38,NA
2021-05-14 20:00:00,1015.8,NA,20.2,37,NA
2021-05-14 21:00:00,1016,NA,17.8,50,NA
2021-05-14 22:00:00,1016,NA,15.2,66,NA
2021-05-14 23:00:00,1016.4,NA,13,77,NA
2021-05-15 11:00:00,NA,1020.9,1.4,100,NA
2021-05-15 12:00:00,NA,1021.3,5.4,88,NA
2021-05-15 13:00:00,NA,1021.7,12.4,77,NA
2021-05-15 14:00:00,NA,1021.5,15.6,61,NA
2021-05-15 15:00:00,NA,1021,16.8,61,NA
2021-05-15 16:00:00,NA,1020.2,17.4,55,NA
2021-05-15 17:00:00,NA,1019.9,18.4,53,NA
2021-05-15 18:00:00,NA,1019,19.2,47,NA
2021-05-15 19:00:00,NA,1018.6,19.4,44,NA
2021-05-15 20:00:00,NA,1019,18.4,53,NA
2021-05-15 21:00:00,NA,1019.1,15.4,71,NA
2021-05-15 22:00:00,NA,1019.2,12.6,82,NA
2021-05-15 23:00:00,NA,1019.9,9.8,87,NA
2021-05-16 00:00:00,1016,NA,8,91,NA
2021-05-16 11:00:00,1016.2,NA,4.7,93,NA
2021-05-16 12:00:00,1016.5,NA,9.2,88,NA
2021-05-16 13:00:00,1016.8,NA,14.2,67,NA
2021-05-16 14:00:00,1016.9,NA,15.2,47,NA
2021-05-16 15:00:00,1017,NA,15.2,57,NA
2021-05-16 16:00:00,1016.1,NA,17.4,43,NA
2021-05-16 17:00:00,1015.3,NA,17.4,55,NA
2021-05-16 18:00:00,1015.2,NA,18.1,54,NA
2021-05-16 19:00:00,1014.6,NA,17.9,59,NA
2021-05-16 20:00:00,1014.2,NA,17.5,59,NA
2021-05-16 21:00:00,1015.3,NA,15.9,66,NA
2021-05-16 22:00:00,1016,NA,12.7,84,NA
2021-05-16 23:00:00,1015.8,NA,11.8,83,NA
2021-05-17 11:00:00,NA,1022.2,4.6,93,NA
2021-05-17 12:00:00,NA,1022.9,7,100,NA
2021-05-17 13:00:00,NA,1023.1,8.1,99,NA
2021-05-17 14:00:00,NA,1023.2,10.8,92,NA
2021-05-17 15:00:00,NA,1022.9,14.4,97,NA
2021-05-17 16:00:00,NA,1022.4,15.4,69,NA
2021-05-17 17:00:00,NA,1022.1,16.2,62,NA
2021-05-17 18:00:00,NA,1021.5,16.8,56,NA
2021-05-17 19:00:00,NA,1021.1,17.2,49,NA
2021-05-17 20:00:00,NA,1021.2,16.2,51,NA
2021-05-17 21:00:00,NA,1021.4,14.6,60,NA
2021-05-17 22:00:00,NA,1021.6,10.2,80,NA
2021-05-17 23:00:00,NA,1022.1,7.8,80,NA
2021-05-18 00:00:00,1018.4,NA,7.6,83,NA
2021-05-18 11:00:00,1017.8,NA,1.4,100,NA
2021-05-18 12:00:00,1018.2,NA,5.6,87,NA
2021-05-18 13:00:00,1018.6,NA,13.2,64,NA
2021-05-18 14:00:00,1018.6,NA,14.6,63,NA
2021-05-18 16:00:00,1017.2,NA,16.8,59,NA
2021-05-18 17:00:00,1016.1,NA,17.2,57,NA
2021-05-18 18:00:00,1015.6,NA,17.2,54,NA
2021-05-18 19:00:00,1015.2,NA,16.8,55,NA
2021-05-18 20:00:00,1014.9,NA,15.8,56,NA
2021-05-18 21:00:00,1014.9,NA,14,67,NA
2021-05-18 22:00:00,1014.9,NA,13.2,75,NA
2021-05-18 23:00:00,1015,NA,11.8,80,NA
2021-05-19 11:00:00,NA,1018.4,5.2,100,NA
2021-05-19 12:00:00,NA,1018.4,9.4,92,NA
2021-05-19 13:00:00,NA,1018.6,13,80,NA
2021-05-19 14:00:00,NA,1017.9,14.4,72,NA
2021-05-19 15:00:00,NA,1017.9,14.8,62,NA
2021-05-19 16:00:00,NA,1017.5,15.2,59,NA
2021-05-19 17:00:00,NA,1016.6,16.2,59,NA
2021-05-19 18:00:00,NA,1015.9,16,60,NA
2021-05-19 19:00:00,NA,1016,15.8,62,NA
2021-05-19 20:00:00,NA,1015.8,15,87,NA
2021-05-19 21:00:00,NA,1015.6,14.4,72,NA
2021-05-19 22:00:00,NA,1015.6,14,78,NA
2021-05-19 23:00:00,NA,1016.2,14,78,NA
2021-05-20 00:00:00,1013,NA,14,78,NA
2021-05-20 11:00:00,1021.2,NA,10,94,NA
2021-05-20 13:00:00,1012.6,NA,13.9,76,NA
2021-05-20 16:00:00,1011,NA,17,54,NA
2021-05-20 17:00:00,1010.5,NA,17.4,42,NA
2021-05-20 19:00:00,1009.3,NA,16.2,62,NA
2021-05-20 21:00:00,1009.3,NA,15.6,67,NA
2021-05-20 22:00:00,1008.5,NA,15.4,67,NA
2021-05-20 23:00:00,1009.8,NA,15.2,66,NA
2021-05-21 11:00:00,NA,1010.6,14,76,NA
2021-05-21 12:00:00,NA,1012.9,13.6,91,NA
2021-05-21 13:00:00,NA,1013.3,13.4,96,NA
2021-05-21 14:00:00,NA,1012.9,13.4,96,NA
2021-05-21 15:00:00,NA,1012.2,13.4,84,NA
2021-05-21 17:00:00,NA,1009.4,13.2,96,NA
2021-05-21 18:00:00,NA,1009,13.6,91,NA
2021-05-21 19:00:00,NA,1008.6,13.8,93,NA
2021-05-21 20:00:00,NA,1009,13.6,91,NA
2021-05-21 21:00:00,NA,1008,13.6,91,NA
2021-05-21 22:00:00,NA,1008.2,13.2,96,NA
2021-05-21 23:00:00,NA,1007.9,13.8,96,NA
2021-05-22 00:00:00,1003.8,NA,13.2,95,NA
2021-05-22 12:00:00,991.6,NA,12.8,93,NA
2021-05-22 14:00:00,991.7,NA,13.4,97,NA
2021-05-22 15:00:00,991.8,NA,13.6,95,NA
2021-05-22 16:00:00,991.4,NA,13.6,95,NA
2021-05-22 17:00:00,991.3,NA,13.8,93,NA
2021-05-22 18:00:00,991.3,NA,15.2,82,NA
2021-05-22 20:00:00,992.6,NA,14,93,NA
2021-05-22 21:00:00,993.3,NA,13.8,93,NA
2021-05-22 22:00:00,994.9,NA,13.8,90,NA
2021-05-22 23:00:00,996.2,NA,13.2,93,NA
2021-05-23 11:00:00,NA,1009.6,9.7,96,NA
2021-05-23 12:00:00,NA,1010.4,10.7,84,NA
2021-05-23 13:00:00,NA,1011.2,11.8,79,NA
2021-05-23 14:00:00,NA,1011.6,12.5,76,NA
2021-05-23 15:00:00,NA,1012,13.2,72,NA
2021-05-23 16:00:00,NA,1011.6,13.6,68,NA
2021-05-23 17:00:00,NA,1011.6,14.4,63,NA
2021-05-23 18:00:00,NA,1011.9,13.2,73,NA
2021-05-23 19:00:00,NA,1012,14.6,63,NA
2021-05-23 20:00:00,NA,1012.4,14.6,60,NA
2021-05-23 21:00:00,NA,1013,13.2,71,NA
2021-05-23 22:00:00,NA,1013.5,12,67,NA
2021-05-23 23:00:00,NA,1014.2,12,83,NA
2021-05-24 00:00:00,NA,1014.7,11.4,88,NA
2021-05-25 11:00:00,NA,1014.7,9.2,74,NA
2021-05-25 12:00:00,NA,1015.7,9.8,72,NA
2021-05-25 13:00:00,NA,1016,10,72,NA
2021-05-25 14:00:00,NA,1017.1,14.4,58,NA
2021-05-25 15:00:00,NA,1018.1,16,54,NA
2021-05-25 16:00:00,NA,1018.6,16.8,50,NA
2021-05-25 17:00:00,NA,1018,17.2,47,NA
2021-05-25 18:00:00,NA,1018,17.6,43,NA
2021-05-25 19:00:00,NA,1017.8,17.2,44,NA
2021-05-25 20:00:00,NA,1017.8,16.8,47,NA
2021-05-25 21:00:00,NA,1018.1,14.4,64,NA
2021-05-25 22:00:00,NA,1018.4,10.8,76,NA
2021-05-25 23:00:00,NA,1018.9,8.4,84,NA
2021-05-26 00:00:00,NA,1019.3,7,88,NA
2021-05-27 11:00:00,NA,1012.7,9,95,NA
2021-05-27 12:00:00,NA,1012.5,10.6,82,NA
2021-05-27 13:00:00,NA,1012.5,13.6,75,NA
2021-05-27 14:00:00,NA,1012.4,16.8,63,NA
2021-05-27 15:00:00,NA,1011.9,19.2,58,NA
2021-05-27 16:00:00,NA,1010.8,20.2,56,NA
2021-05-27 17:00:00,1006.9,1010.8,20.2,56,NA
2021-05-27 18:00:00,NA,1007.8,21.8,49,NA
2021-05-27 19:00:00,1002.5,1006.4,22,51,NA
2021-05-27 20:00:00,1001.7,1005.6,21.8,49,NA
2021-05-27 21:00:00,1001.4,1005.4,20,56,NA
2021-05-27 22:00:00,1001,1005,18.6,61,NA
2021-05-27 23:00:00,1000.8,1004.6,18,66,NA
2021-05-28 00:00:00,NA,1004.1,17.4,67,NA
2021-05-29 00:00:00,1002.6,NA,NA,NA,NA
2021-05-29 11:00:00,1009.3,1013.2,7.2,92,NA
2021-05-29 12:00:00,1010.6,1014.5,8,89,NA
2021-05-29 13:00:00,1012,1015.9,9.8,72,NA
2021-05-29 14:00:00,1013,1016.9,10,54,NA
2021-05-29 15:00:00,1013.2,1017.1,11,55,NA
2021-05-29 16:00:00,1013.3,1017.2,11.8,48,NA
2021-05-29 17:00:00,1013,1016.8,12.1,41,NA
2021-05-29 18:00:00,1012.8,1016.6,12.4,32,NA
2021-05-29 19:00:00,1012.9,1016.7,12.4,30,NA
2021-05-29 20:00:00,1013.6,1017.4,11.6,37,NA
2021-05-29 21:00:00,1013.7,1017.6,9.6,50,NA
2021-05-29 22:00:00,1013.8,1017.7,6.8,60,NA
2021-05-30 00:00:00,NA,1019,5,75,NA
2021-05-31 00:00:00,1014.6,NA,NA,NA,NA
2021-05-31 11:00:00,1012,1015.9,9.4,72,NA
2021-05-31 12:00:00,1012.2,1016.2,11.2,60,NA
2021-05-31 13:00:00,1012.5,1016.5,12.2,61,NA
2021-05-31 14:00:00,NA,1016.7,13.2,58,NA
2021-05-31 15:00:00,1012.2,1016.1,15.2,46,NA
2021-05-31 16:00:00,NA,1015.2,16.2,59,NA
2021-05-31 17:00:00,1010.6,1014.5,18.2,46,NA
2021-05-31 18:00:00,1010.1,1014,18.4,46,NA
2021-05-31 19:00:00,1010.2,1014.1,19,47,NA
2021-05-31 20:00:00,1009.8,1013.7,18.2,46,NA
2021-05-31 21:00:00,1009.6,1013.5,17.2,58,NA
2021-05-31 22:00:00,1009.8,1013.7,16.2,62,NA
2021-05-31 23:00:00,1009.8,1013.8,16,62,NA
2021-06-01 00:00:00,NA,1013.5,15.8,62,NA
2021-06-02 00:00:00,1004.8,NA,NA,NA,NA
2021-06-02 11:00:00,1009.3,1013.2,9.4,95,NA
2021-06-02 12:00:00,1010.2,1014.1,10.2,100,NA
2021-06-02 13:00:00,1011,1015,10.8,95,NA
2021-06-02 14:00:00,1011.7,1015.7,12,88,NA
2021-06-02 15:00:00,1012.1,1016.1,13.8,74,NA
2021-06-02 16:00:00,1012,1015.9,14.4,64,NA
2021-06-02 17:00:00,1011.2,1015.1,16.2,49,NA
2021-06-02 18:00:00,1011.3,1015.2,16.2,49,NA
2021-06-02 19:00:00,NA,1016,15.4,46,NA
2021-06-02 20:00:00,1012,1015.9,15,34,NA
2021-06-02 21:00:00,1012.4,1016.4,12,65,NA
2021-06-02 22:00:00,1012.8,1016.8,10.2,72,NA
2021-06-02 23:00:00,1013.3,1017.2,7.8,78,NA
2021-06-03 00:00:00,NA,1017.7,6.2,88,NA
2021-06-04 00:00:00,1007.8,NA,NA,NA,NA
2021-06-04 11:00:00,1007,1010.9,13.2,80,NA
2021-06-04 12:00:00,1007.4,1011.2,14.4,76,NA
2021-06-04 13:00:00,1007.8,1011.7,15.4,75,NA
2021-06-04 14:00:00,1008,1011.9,16,77,NA
2021-06-04 15:00:00,1007.2,1011.1,17,76,NA
2021-06-04 16:00:00,1005.8,1009.7,18.8,72,NA
2021-06-04 17:00:00,1005.4,1009.4,19.2,71,NA
2021-06-04 18:00:00,1004.6,1008.6,19.2,74,NA
2021-06-04 19:00:00,NA,1007.6,19.4,76,NA
2021-06-04 20:00:00,1003.7,1007.6,19.4,76,NA
2021-06-04 21:00:00,1004,1007.9,18.6,83,NA
2021-06-04 23:00:00,1004.8,1008.6,17.6,86,NA
2021-06-05 00:00:00,NA,1008.3,17.2,90,NA
2021-06-06 00:00:00,1015.6,NA,NA,NA,NA
2021-06-06 11:00:00,1019.4,1023.4,0,96,NA
2021-06-06 12:00:00,1019.4,1023.4,2.5,86,NA
2021-06-06 13:00:00,1020,1024,7.2,70,NA
2021-06-06 14:00:00,1020,1023.9,9.4,72,NA
2021-06-06 15:00:00,1019.6,1023.5,12.6,51,NA
2021-06-06 16:00:00,1018.4,1022.3,13.8,41,NA
2021-06-06 17:00:00,1017.2,1021,14.6,37,NA
2021-06-06 18:00:00,1016.4,1020.2,14.9,40,NA
2021-06-06 19:00:00,1016.8,1020.6,13.9,46,NA
2021-06-06 20:00:00,1017.6,1021.4,12.6,51,NA
2021-06-06 21:00:00,1018.2,1022.1,11.6,64,NA
2021-06-06 22:00:00,1017.8,1021.7,10.3,75,NA
2021-06-06 23:00:00,1018.4,1022.4,8.6,89,NA
2021-06-07 00:00:00,NA,1022.5,9.3,81,NA
2021-06-08 00:00:00,1017.4,NA,NA,NA,NA
2021-06-08 11:00:00,NA,1020.8,8.2,97,NA
2021-06-08 12:00:00,NA,1020.9,9.2,94,NA
2021-06-08 13:00:00,NA,1021.1,13.2,88,NA
2021-06-08 14:00:00,NA,1021,14.9,81,NA
2021-06-08 15:00:00,NA,1020.6,16,76,NA
2021-06-08 16:00:00,NA,1019.5,17.3,72,NA
2021-06-08 17:00:00,NA,1018.8,18.3,70,NA
2021-06-08 18:00:00,NA,1018.2,17.7,70,NA
2021-06-08 19:00:00,NA,1018.2,17.6,73,NA
2021-06-08 20:00:00,NA,1018.2,17.6,74,NA
2021-06-08 21:00:00,NA,1018.3,17,75,NA
2021-06-08 22:00:00,NA,1018.7,16,79,NA
2021-06-08 23:00:00,NA,1018.9,15,86,NA
2021-06-09 00:00:00,NA,1019.4,15.6,85,NA
2021-06-10 00:00:00,1013.3,NA,NA,NA,NA
2021-06-10 11:00:00,1014.5,1018.4,12.6,97,NA
2021-06-10 12:00:00,1015.3,1019.2,12.6,100,NA
2021-06-10 13:00:00,1016,1019.8,13,100,NA
2021-06-10 14:00:00,1016.8,1020.6,15.4,89,NA
2021-06-10 15:00:00,1016.2,1020,16.7,85,NA
2021-06-10 16:00:00,1015.7,1019.5,17.8,81,NA
2021-06-10 17:00:00,1015.6,1019.4,18,78,NA
2021-06-10 18:00:00,1015.7,1019.5,19.3,64,NA
2021-06-10 19:00:00,1015.8,1019.6,19.3,42,NA
2021-06-10 20:00:00,1016.4,1020.2,18,37,NA
2021-06-10 21:00:00,1017.4,1021.2,15,64,NA
2021-06-10 22:00:00,1017.6,1021.4,12.6,55,NA
2021-06-10 23:00:00,1018,1021.9,11,59,NA
2021-06-11 00:00:00,NA,1022.3,11,57,NA
2021-06-12 00:00:00,1014.1,NA,NA,NA,NA
2021-06-12 11:00:00,NA,1016.7,8,86,NA
2021-06-12 12:00:00,1012.9,1016.8,8.9,83,NA
2021-06-12 13:00:00,1013.6,1017.5,11.5,77,NA
2021-06-12 14:00:00,1013.6,1017.5,15,72,NA
2021-06-12 15:00:00,NA,1017.2,17.8,64,NA
2021-06-12 16:00:00,1012.8,1016.6,19.5,58,NA
2021-06-12 17:00:00,1012,1015.7,20.8,57,NA
2021-06-12 18:00:00,1011,1014.7,21.8,52,NA
2021-06-12 19:00:00,1010.8,1014.5,21.8,51,NA
2021-06-12 20:00:00,1010.8,1014.5,21.4,53,NA
2021-06-12 21:00:00,1011,1014.8,19.2,65,NA
2021-06-12 22:00:00,1011,1014.8,16.4,77,NA
2021-06-12 23:00:00,1011.2,1015.1,17.7,71,NA
2021-06-13 00:00:00,NA,1015.4,16.4,78,NA
2021-06-13 23:00:00,1011.8,NA,NA,NA,NA
2021-06-14 00:00:00,1012,NA,NA,NA,NA
2021-06-14 11:00:00,1013.8,1017.8,9.4,92,NA
2021-06-14 12:00:00,1014.5,1018.4,10,92,NA
2021-06-14 13:00:00,1015.4,1019.3,12,89,NA
2021-06-14 14:00:00,1016,1019.9,13.8,80,NA
2021-06-14 15:00:00,1016,1019.8,14.8,77,NA
2021-06-14 16:00:00,1016.1,1019.9,14.6,79,NA
2021-06-14 17:00:00,1016.2,1020,13.8,80,NA
2021-06-14 18:00:00,1016.6,1020.4,14.2,76,NA
2021-06-14 19:00:00,1017.2,1021,15,67,NA
2021-06-14 20:00:00,1018,1021.8,14.5,68,NA
2021-06-14 21:00:00,1018.8,1022.7,13.9,66,NA
2021-06-14 22:00:00,1019.4,1023.3,13,71,NA
2021-06-14 23:00:00,1021,1024.9,11.8,74,NA
2021-06-15 00:00:00,NA,1025.2,10.4,79,NA
2021-06-16 11:00:00,NA,1030.9,1.2,92,NA
2021-06-16 12:00:00,NA,1031.2,1.8,89,NA
2021-06-16 13:00:00,NA,1031.7,4,87,NA
2021-06-16 14:00:00,NA,1032.4,6.2,74,NA
2021-06-16 15:00:00,1028.4,1032.4,7.4,69,NA
2021-06-16 16:00:00,1027.6,1031.6,8.8,66,NA
2021-06-16 17:00:00,1026.9,1030.8,9.2,56,NA
2021-06-16 18:00:00,1026.4,1030.3,9,61,NA
2021-06-16 19:00:00,1026.4,1030.3,8.8,66,NA
2021-06-16 20:00:00,1026.2,1030.1,8.6,68,NA
2021-06-16 21:00:00,1026.5,1030.5,7.6,75,NA
2021-06-16 22:00:00,1026.6,1030.6,6.4,83,NA
2021-06-16 23:00:00,1026.6,1030.7,6.4,80,NA
2021-06-17 00:00:00,NA,1030.9,5.2,88,NA
2021-06-18 00:00:00,1026,NA,NA,NA,NA
2021-06-18 11:00:00,1025.7,1029.8,-3,98,NA
2021-06-18 12:00:00,1026.1,1030.2,-0.6,96,NA
2021-06-18 13:00:00,1026.4,1030.5,2.6,56,NA
2021-06-18 14:00:00,1026.4,1030.4,7.4,69,NA
2021-06-18 15:00:00,1026,1030,9,61,NA
2021-06-18 16:00:00,1025.2,1029.1,9.8,55,NA
2021-06-18 17:00:00,NA,1028,10.2,56,NA
2021-06-18 18:00:00,1024,1027.9,10.2,56,NA
2021-06-18 19:00:00,1023.7,1027.6,10,65,NA
2021-06-18 20:00:00,1023.7,1027.6,9.6,69,NA
2021-06-18 21:00:00,1024,1028,9,71,NA
2021-06-18 22:00:00,NA,1028.2,9,71,NA
2021-06-18 23:00:00,1024.5,1028.5,6.8,85,NA
2021-06-19 00:00:00,NA,1028.9,4.4,90,NA
2021-06-19 23:00:00,1022.2,NA,NA,NA,NA
2021-06-20 00:00:00,1022.4,NA,NA,NA,NA
2021-06-20 11:00:00,1020.9,1025,-2,100,NA
2021-06-20 12:00:00,NA,1025.2,0.2,73,NA
2021-06-20 13:00:00,1021.2,1025.2,2.8,54,NA
2021-06-20 14:00:00,1021.2,1025.1,8,90,NA
2021-06-20 15:00:00,1021,1024.9,11.4,67,NA
2021-06-20 16:00:00,1020.4,1024.3,12.6,55,NA
2021-06-20 17:00:00,NA,1023.2,13.4,57,NA
2021-06-20 18:00:00,1018.8,1022.7,13,55,NA
2021-06-20 19:00:00,1018.4,1022.3,12.6,54,NA
2021-06-20 20:00:00,1018.4,1022.3,11.9,55,NA
2021-06-20 21:00:00,1018.8,1022.8,10.9,67,NA
2021-06-20 22:00:00,1018.8,1022.8,9.1,78,NA
2021-06-20 23:00:00,1018.9,1022.9,8,83,NA
2021-06-21 00:00:00,NA,1023,4,100,NA
2021-06-21 23:00:00,1018.8,NA,NA,NA,NA
2021-06-22 00:00:00,1018.9,NA,NA,NA,NA
2021-06-22 11:00:00,1019.7,1023.6,10.9,86,NA
2021-06-22 12:00:00,1020.1,1024,10.9,85,NA
2021-06-22 13:00:00,1020.4,1024.3,11.5,81,NA
2021-06-22 14:00:00,1020.6,1024.5,13.3,72,NA
2021-06-22 15:00:00,NA,1024.4,14.2,66,NA
2021-06-22 16:00:00,NA,1023.4,14.8,64,NA
2021-06-22 17:00:00,NA,1022.6,15.3,58,NA
2021-06-22 18:00:00,NA,1021.4,15.7,58,NA
2021-06-22 19:00:00,NA,1020.8,15.9,62,NA
2021-06-22 20:00:00,NA,1020.8,15.2,68,NA
2021-06-22 21:00:00,NA,1021.4,14.4,73,NA
2021-06-22 22:00:00,NA,1021.5,12.8,81,NA
2021-06-22 23:00:00,NA,1021,12.6,83,NA
2021-06-23 00:00:00,NA,1020.8,12.8,81,NA
2021-06-24 00:00:00,1007.3,NA,NA,NA,NA
2021-06-24 11:00:00,1005.8,1009.6,12.3,96,NA
2021-06-24 12:00:00,1007,1010.9,12.2,96,NA
2021-06-24 13:00:00,1007,1010.8,12.1,95,NA
2021-06-24 14:00:00,1007.2,1011,12,91,NA
2021-06-24 15:00:00,1007.2,1011,11.7,85,NA
2021-06-24 16:00:00,1006.6,1010.4,12.6,84,NA
2021-06-24 17:00:00,1005.8,1009.6,14.5,74,NA
2021-06-24 18:00:00,1005.6,1009.4,15.7,62,NA
2021-06-24 19:00:00,1005.8,1009.6,16,59,NA
2021-06-24 20:00:00,1006.6,1010.4,15.2,65,NA
2021-06-24 21:00:00,1007.4,1011.2,13.3,68,NA
2021-06-24 22:00:00,1008.1,1011.9,11.4,76,NA
2021-06-24 23:00:00,1008.6,1012.6,11.1,76,NA
2021-06-25 00:00:00,NA,1012.9,10,82,NA
2021-06-26 00:00:00,1010.6,NA,NA,NA,NA
2021-06-26 11:00:00,NA,1014.1,4.4,100,NA
2021-06-26 12:00:00,NA,1014.7,7.7,93,NA
2021-06-26 13:00:00,NA,1014.7,9.9,89,NA
2021-06-26 14:00:00,NA,1015.1,10.9,86,NA
2021-06-26 15:00:00,NA,1015.3,10,87,NA
2021-06-26 16:00:00,NA,1015.1,10.9,78,NA
2021-06-26 17:00:00,NA,1015.2,10.5,85,NA
2021-06-26 18:00:00,NA,1014.9,10.1,86,NA
2021-06-26 19:00:00,NA,1015.3,9.4,73,NA
2021-06-26 20:00:00,NA,1015.6,8.5,81,NA
2021-06-26 21:00:00,NA,1016.7,7.8,83,NA
2021-06-26 22:00:00,NA,1017.6,6.6,94,NA
2021-06-26 23:00:00,NA,1018.1,6.7,90,NA
2021-06-27 00:00:00,NA,1018.6,6.6,92,NA
2021-06-28 11:00:00,NA,1021.9,5.8,94,NA
2021-06-28 12:00:00,NA,1022.8,6.4,91,NA
2021-06-28 13:00:00,NA,1023.2,6.6,88,NA
2021-06-28 14:00:00,NA,1023.5,8,76,NA
2021-06-28 15:00:00,NA,1023.7,8,76,NA
2021-06-28 16:00:00,NA,1022.9,8,70,NA
2021-06-28 17:00:00,NA,1022.5,8.6,68,NA
2021-06-28 18:00:00,NA,1022.5,8.4,63,NA
2021-06-28 19:00:00,NA,1022.7,8.4,63,NA
2021-06-28 20:00:00,NA,1022.7,8.2,65,NA
2021-06-28 21:00:00,NA,1023.2,8,68,NA
2021-06-28 22:00:00,NA,1023.2,7.4,69,NA
2021-06-28 23:00:00,NA,1023.6,7.4,72,NA
2021-06-29 00:00:00,NA,1023.8,7.4,72,NA
2021-06-30 00:00:00,1024.4,NA,NA,NA,NA
2021-06-30 11:00:00,1023.2,1027.2,1.6,93,NA
2021-06-30 12:00:00,1024,1027.9,2.6,95,NA
2021-06-30 13:00:00,1024,1028,5.6,87,NA
2021-06-30 14:00:00,1024.4,1028.4,7.5,75,NA
2021-06-30 15:00:00,1024.4,1028.4,9.3,72,NA
2021-06-30 16:00:00,1023.6,1027.5,9.6,69,NA
2021-06-30 17:00:00,1022.8,1026.7,10.3,69,NA
2021-06-30 18:00:00,1021.3,1025.2,10.6,66,NA
2021-06-30 19:00:00,1020.9,1024.8,10.3,67,NA
2021-06-30 20:00:00,1020.2,1024.1,10.2,63,NA
2021-06-30 21:00:00,1020.5,1024.5,9,79,NA
2021-06-30 22:00:00,1020.5,1024.5,8.6,76,NA
2021-06-30 23:00:00,1020.8,1024.8,7.6,86,NA
2021-07-01 00:00:00,NA,1024.6,7.6,86,NA
