2021-01-07 00:00:00,1003.6,NA,NA,NA,NA
2021-01-07 12:00:00,1004.8,1007.4,21,74,NA
2021-01-07 13:00:00,1004.8,1007.4,23,67,NA
2021-01-07 14:00:00,1004.8,1007.4,23.5,64,NA
2021-01-07 15:00:00,1004.4,1007,25,57,NA
2021-01-07 16:00:00,1003.8,1006.5,27,50,NA
2021-01-07 17:00:00,1003,1005.7,28,45,NA
2021-01-07 18:00:00,1003,1005.7,29.5,38,NA
2021-01-07 19:00:00,1002.5,1005.2,30,37,NA
2021-01-07 20:00:00,1002.5,1005.2,30,42,NA
2021-01-07 21:00:00,1002.5,1005.2,30.5,42,NA
2021-01-07 22:00:00,1002.8,1005.4,30.5,42,NA
2021-01-07 23:00:00,1003,1005.7,29.5,44,NA
2021-01-08 00:00:00,NA,1006.2,27,56,NA
2021-01-09 00:00:00,1010.8,NA,NA,NA,NA
2021-01-09 12:00:00,1011.5,1014,22.5,71,NA
2021-01-09 13:00:00,1010.8,1013.4,24,61,NA
2021-01-09 14:00:00,1010.8,1013.4,24,61,NA
2021-01-09 15:00:00,1011.4,1014.1,23.5,67,NA
2021-01-09 16:00:00,1010.4,1013,24,63,NA
2021-01-09 17:00:00,1010.1,1012.8,24.5,65,NA
2021-01-09 18:00:00,1009.7,1012.4,25,62,NA
2021-01-09 19:00:00,1008.9,1011.6,25,57,NA
2021-01-09 20:00:00,1008.4,1011,24.5,63,NA
2021-01-09 21:00:00,1008.4,1011,24,61,NA
2021-01-09 22:00:00,1008.6,1011.3,22.5,71,NA
2021-01-09 23:00:00,1008.6,1011.3,21.5,91,NA
2021-01-10 00:00:00,NA,1011.8,20.5,81,NA
2021-01-11 00:00:00,1002.1,NA,NA,NA,NA
2021-01-11 12:00:00,1002.1,1004.8,19.8,98,NA
2021-01-11 13:00:00,1003.9,1006.6,20.5,99,NA
2021-01-11 14:00:00,1005.6,1008.2,20.2,93,NA
2021-01-11 15:00:00,1005.8,1008.5,20.2,93,NA
2021-01-11 16:00:00,1004,1006.6,20.2,93,NA
2021-01-11 17:00:00,1003.2,1005.8,20.6,92,NA
2021-01-11 18:00:00,1002.1,1004.8,21.3,88,NA
2021-01-11 19:00:00,1004,1006.6,22.5,79,NA
2021-01-11 20:00:00,1004.2,1006.9,23.6,74,NA
2021-01-11 21:00:00,1004.4,1007,24.2,71,NA
2021-01-11 22:00:00,1004.1,1006.8,24.6,72,NA
2021-01-11 23:00:00,1006.9,1009.6,23.2,83,NA
2021-01-12 00:00:00,NA,1010.5,22,91,NA
2021-01-12 23:00:00,1016.4,NA,NA,NA,NA
2021-01-13 00:00:00,1016.6,NA,NA,NA,NA
2021-01-13 12:00:00,1020.8,1023.4,21,51,NA
2021-01-13 13:00:00,1020.8,1023.4,21.5,54,NA
2021-01-13 14:00:00,1020.6,1023.3,23,45,NA
2021-01-13 15:00:00,1020.6,1023.3,23,45,NA
2021-01-13 16:00:00,1020.6,1023.3,23.5,42,NA
2021-01-13 17:00:00,1020.4,1023,24.5,39,NA
2021-01-13 18:00:00,1020.3,1022.9,24,46,NA
2021-01-13 19:00:00,1019.7,1022.4,24,46,NA
2021-01-13 20:00:00,1019,1021.7,23.5,49,NA
2021-01-13 21:00:00,1019,1021.7,23,52,NA
2021-01-13 22:00:00,1019,1021.7,22.5,55,NA
2021-01-13 23:00:00,1019,1021.7,21,65,NA
2021-01-14 00:00:00,NA,1021.4,19.5,68,NA
2021-01-15 00:00:00,1013.4,NA,NA,NA,NA
2021-01-15 12:00:00,NA,1012.9,22,74,NA
2021-01-15 13:00:00,1009.6,1012.2,23.5,71,NA
2021-01-15 14:00:00,1008.8,1011.4,23.5,69,NA
2021-01-15 15:00:00,1007.3,1010,23.5,71,NA
2021-01-15 16:00:00,1007.3,1010,23.5,71,NA
2021-01-15 17:00:00,1005.2,1007.8,24,68,NA
2021-01-15 18:00:00,1006.2,1008.9,25,69,NA
2021-01-15 19:00:00,1005.8,1008.5,25,62,NA
2021-01-15 20:00:00,1004.9,1007.4,24.5,65,NA
2021-01-15 21:00:00,1003.8,1006.5,23.5,79,NA
2021-01-15 22:00:00,1003.6,1006.2,23,79,NA
2021-01-15 23:00:00,1003,1005.7,23,81,NA
2021-01-16 00:00:00,NA,1005.7,25,68,NA
2021-01-17 00:00:00,1001.3,NA,NA,NA,NA
2021-01-17 12:00:00,1005.3,1008,18.7,78,NA
2021-01-17 13:00:00,1005.6,1008.2,19.5,70,NA
2021-01-17 14:00:00,NA,1008.5,19,72,NA
2021-01-17 15:00:00,1005.8,1008.5,19.5,75,NA
2021-01-17 16:00:00,1005.4,1008.1,20.8,62,NA
2021-01-17 17:00:00,NA,1007.8,22,61,NA
2021-01-17 18:00:00,NA,1007.4,22.4,55,NA
2021-01-17 19:00:00,NA,1007.8,22.5,57,NA
2021-01-17 20:00:00,NA,1008.2,22.6,58,NA
2021-01-17 21:00:00,NA,1008.5,21.5,62,NA
2021-01-17 22:00:00,NA,1009,22.2,60,NA
2021-01-17 23:00:00,NA,1009.8,21.4,64,NA
2021-01-18 00:00:00,NA,1010.6,20.2,69,NA
2021-01-19 12:00:00,NA,1018.2,25,62,NA
2021-01-19 13:00:00,NA,1018.2,27.5,45,NA
2021-01-19 14:00:00,NA,1018.5,29,41,NA
2021-01-19 15:00:00,NA,1018.5,30,42,NA
2021-01-19 16:00:00,NA,1018.2,31,38,NA
2021-01-19 17:00:00,NA,1017.7,32,42,NA
2021-01-19 18:00:00,NA,1017.3,32,42,NA
2021-01-19 19:00:00,NA,1017,31.5,31,NA
2021-01-19 20:00:00,NA,1016.6,30,36,NA
2021-01-19 21:00:00,NA,1016.5,30,31,NA
2021-01-19 22:00:00,NA,1016.9,29,41,NA
2021-01-19 23:00:00,NA,1017.3,27,50,NA
2021-01-20 00:00:00,NA,1017.3,25,62,NA
2021-01-21 12:00:00,NA,1022,24,83,NA
2021-01-21 13:00:00,NA,1021.8,24.7,78,NA
2021-01-21 14:00:00,NA,1021.8,26.2,68,NA
2021-01-21 15:00:00,NA,1021.7,27.2,58,NA
2021-01-21 16:00:00,NA,1021.3,27.5,50,NA
2021-01-21 17:00:00,NA,1020.9,28.2,53,NA
2021-01-21 18:00:00,NA,1020.6,28.2,58,NA
2021-01-21 19:00:00,NA,1020.1,28.5,49,NA
2021-01-21 20:00:00,NA,1019.8,27.6,64,NA
2021-01-21 21:00:00,NA,1019.6,26,75,NA
2021-01-21 22:00:00,NA,1019.6,25.4,79,NA
2021-01-21 23:00:00,NA,1019.8,24.4,80,NA
2021-01-22 00:00:00,NA,1020.8,23.6,86,NA
2021-01-23 12:00:00,NA,1018,25.6,78,NA
2021-01-23 13:00:00,NA,1017.7,26.5,75,NA
2021-01-23 14:00:00,NA,1017.4,27.6,71,NA
2021-01-23 15:00:00,NA,1016.8,28.8,66,NA
2021-01-23 16:00:00,NA,1016.2,30,60,NA
2021-01-23 17:00:00,NA,1015.8,31.2,53,NA
2021-01-23 18:00:00,NA,1014.9,32,42,NA
2021-01-23 19:00:00,NA,1014.5,32.4,44,NA
2021-01-23 20:00:00,NA,1014,31.7,47,NA
2021-01-23 21:00:00,NA,1013.6,30.3,61,NA
2021-01-23 22:00:00,NA,1013.3,28.2,75,NA
2021-01-23 23:00:00,NA,1013.4,26.2,81,NA
2021-01-24 00:00:00,NA,1013.3,25.2,86,NA
2021-01-25 12:00:00,NA,1008.9,26.5,77,NA
2021-01-25 13:00:00,NA,1008.9,27,77,NA
2021-01-25 14:00:00,NA,1008.4,28,71,NA
2021-01-25 15:00:00,NA,1008.2,29,65,NA
2021-01-25 16:00:00,NA,1007.4,30,59,NA
2021-01-25 17:00:00,NA,1006.8,31.5,57,NA
2021-01-25 18:00:00,NA,1006.2,32,49,NA
2021-01-25 19:00:00,NA,1005.7,32,49,NA
2021-01-25 20:00:00,NA,1004.9,31.5,52,NA
2021-01-25 21:00:00,NA,1004.4,31,57,NA
2021-01-25 22:00:00,NA,1004.4,29.5,65,NA
2021-01-25 23:00:00,NA,1004.9,27.5,74,NA
2021-01-26 00:00:00,NA,1004.9,26.5,81,NA
2021-01-26 14:00:00,1001.6,NA,31.8,52,NA
2021-01-26 15:00:00,1000.9,NA,33.6,47,NA
2021-01-26 17:00:00,999.4,NA,32.6,57,NA
2021-01-26 18:00:00,999.1,NA,32.5,52,NA
2021-01-26 19:00:00,999.2,NA,30.6,56,NA
2021-01-26 20:00:00,1000.1,NA,30.5,62,NA
2021-01-27 12:00:00,NA,1007,25.4,62,NA
2021-01-27 13:00:00,NA,1007.7,27,53,NA
2021-01-27 14:00:00,NA,1007.8,26.5,53,NA
2021-01-27 15:00:00,NA,1007.7,26.5,54,NA
2021-01-27 16:00:00,NA,1007.2,26.7,57,NA
2021-01-27 17:00:00,NA,1006.9,28.6,46,NA
2021-01-27 18:00:00,NA,1006.5,27.8,50,NA
2021-01-27 19:00:00,NA,1005.7,27.8,48,NA
2021-01-27 20:00:00,NA,1005.4,26.4,57,NA
2021-01-27 21:00:00,NA,1005.3,25.5,60,NA
2021-01-27 22:00:00,NA,1006,24.3,64,NA
2021-01-27 23:00:00,NA,1006.6,22.5,75,NA
2021-01-28 00:00:00,NA,1006.6,20.8,84,NA
2021-01-29 12:00:00,NA,1007.4,19,91,NA
2021-01-29 13:00:00,NA,1006.2,20,86,NA
2021-01-29 14:00:00,NA,1005.4,21,78,NA
2021-01-29 15:00:00,NA,1005,21.5,78,NA
2021-01-29 16:00:00,NA,1004.9,22,74,NA
2021-01-29 17:00:00,NA,1004.2,25,69,NA
2021-01-29 18:00:00,NA,1004.2,27,56,NA
2021-01-29 19:00:00,NA,1003.4,28,51,NA
2021-01-29 20:00:00,NA,1003.4,29,49,NA
2021-01-29 21:00:00,NA,1003.4,28,54,NA
2021-01-29 22:00:00,NA,1003.4,25.5,73,NA
2021-01-29 23:00:00,NA,1003.7,23.5,83,NA
2021-01-31 00:00:00,1011.8,NA,NA,NA,NA
2021-01-31 12:00:00,1014.1,1016.8,18.6,93,NA
2021-01-31 13:00:00,1014,1016.6,19.5,92,NA
2021-01-31 14:00:00,1013.8,1016.5,20.2,84,NA
2021-01-31 15:00:00,1013.9,1016.5,19.5,93,NA
2021-01-31 16:00:00,1013.8,1016.5,21.2,79,NA
2021-01-31 17:00:00,NA,1015.8,22.6,54,NA
2021-01-31 18:00:00,1013.1,1015.8,21,86,NA
2021-01-31 19:00:00,1012.6,1015.3,21.5,82,NA
2021-01-31 20:00:00,1012.3,1015,21.8,76,NA
2021-01-31 21:00:00,1012.4,1015,19.5,95,NA
2021-01-31 22:00:00,1012.2,1014.9,19.4,96,NA
2021-01-31 23:00:00,1012.2,1014.9,20.3,86,NA
2021-02-01 00:00:00,1012.6,1015.3,20.5,85,NA
2021-02-02 00:00:00,1008.2,NA,NA,NA,NA
2021-02-02 14:00:00,1010.8,1013.4,24,76,NA
2021-02-02 15:00:00,1011,1013.7,23,79,NA
2021-02-02 16:00:00,1011.4,1014.1,24.5,73,NA
2021-02-02 17:00:00,NA,1013.7,25.2,71,NA
2021-02-02 18:00:00,NA,1013.7,25,71,NA
2021-02-02 19:00:00,1011.3,1014,24.5,72,NA
2021-02-02 20:00:00,1011.1,1013.8,24.1,76,NA
2021-02-02 21:00:00,1010.8,1013.4,23.7,78,NA
2021-02-02 22:00:00,1010.9,1013.6,22.6,82,NA
2021-02-02 23:00:00,1011.6,1014.2,22.3,86,NA
2021-02-03 00:00:00,NA,1014.8,21.7,89,NA
2021-02-04 00:00:00,1011.3,NA,NA,NA,NA
2021-02-04 12:00:00,1014.1,1016.8,20.3,75,NA
2021-02-04 13:00:00,1014.5,1017.2,22,88,NA
2021-02-04 14:00:00,1014.9,1017.6,23,56,NA
2021-02-04 15:00:00,1015,1017.7,24,65,NA
2021-02-04 16:00:00,1014.8,1017.4,25.5,44,NA
2021-02-04 17:00:00,1014.6,1017.3,27,40,NA
2021-02-04 18:00:00,1014.4,1017,27,46,NA
2021-02-04 19:00:00,1013.7,1016.4,26.5,53,NA
2021-02-04 20:00:00,1013.9,1016.5,26.8,44,NA
2021-02-04 21:00:00,1013.6,1016.2,25.6,48,NA
2021-02-04 22:00:00,1013.6,1016.2,24,61,NA
2021-02-04 23:00:00,1013.9,1016.5,22,73,NA
2021-02-05 00:00:00,NA,1016.6,20.3,79,NA
2021-02-05 12:00:00,NA,1016.4,19.4,79,NA
2021-02-05 13:00:00,NA,1016.8,20.8,65,NA
2021-02-05 14:00:00,NA,1016.6,21.7,62,NA
2021-02-05 15:00:00,NA,1016.4,22.6,59,NA
2021-02-05 16:00:00,NA,1015.7,23.5,49,NA
2021-02-05 17:00:00,NA,1015.6,24.1,46,NA
2021-02-05 18:00:00,NA,1015.2,24.5,45,NA
2021-02-05 19:00:00,NA,1014.5,24.5,50,NA
2021-02-05 20:00:00,NA,1014,24.5,50,NA
2021-02-05 21:00:00,NA,1013.6,24,57,NA
2021-02-05 22:00:00,NA,1013.6,21.5,70,NA
2021-02-05 23:00:00,NA,1013.7,21,75,NA
2021-02-06 00:00:00,1011.2,1013.9,18.5,76,NA
2021-02-06 12:00:00,1011.8,NA,NA,NA,NA
2021-02-06 13:00:00,1012,NA,NA,NA,NA
2021-02-06 14:00:00,1011.6,NA,NA,NA,NA
2021-02-06 15:00:00,1011.2,NA,NA,NA,NA
2021-02-06 16:00:00,1010.9,NA,NA,NA,NA
2021-02-06 17:00:00,1010.4,NA,NA,NA,NA
2021-02-06 18:00:00,1010.1,NA,NA,NA,NA
2021-02-06 19:00:00,1009.7,NA,NA,NA,NA
2021-02-06 20:00:00,1010.6,NA,NA,NA,NA
2021-02-06 21:00:00,1010.8,NA,NA,NA,NA
2021-02-06 23:00:00,1011.2,NA,NA,NA,NA
2021-02-08 00:00:00,1012.2,NA,NA,NA,NA
2021-02-08 12:00:00,NA,1017.7,19.3,88,NA
2021-02-08 13:00:00,NA,1018.4,18.6,93,NA
2021-02-08 14:00:00,NA,1018.6,20.5,83,NA
2021-02-08 15:00:00,NA,1018.5,21.5,75,NA
2021-02-08 16:00:00,NA,1018.4,21.6,76,NA
2021-02-08 17:00:00,NA,1018.4,21.6,83,NA
2021-02-08 18:00:00,NA,1018.2,22.5,74,NA
2021-02-08 19:00:00,NA,1018.2,21.2,79,NA
2021-02-08 20:00:00,NA,1018.2,19.2,94,NA
2021-02-08 21:00:00,NA,1018.2,18.8,96,NA
2021-02-08 22:00:00,NA,1018.6,19.2,92,NA
2021-02-08 23:00:00,NA,1019.3,19,96,NA
2021-02-09 00:00:00,NA,1020.1,19,96,NA
2021-02-10 12:00:00,NA,1020.8,21.8,78,NA
2021-02-10 13:00:00,NA,1020.5,22.7,75,NA
2021-02-10 14:00:00,NA,1020.6,22.9,76,NA
2021-02-10 15:00:00,NA,1020.2,23.8,74,NA
2021-02-10 16:00:00,NA,1020,23.8,77,NA
2021-02-10 17:00:00,NA,1019.4,23.2,78,NA
2021-02-10 18:00:00,NA,1018.6,21.7,88,NA
2021-02-10 19:00:00,NA,1018,23.6,69,NA
2021-02-10 20:00:00,NA,1017.4,23,79,NA
2021-02-10 21:00:00,NA,1017,23.2,74,NA
2021-02-10 22:00:00,NA,1017,22.1,83,NA
2021-02-10 23:00:00,1014.4,NA,21.7,83,NA
2021-02-11 00:00:00,1014.2,NA,21.5,89,NA
2021-02-11 12:00:00,1013.6,NA,23,83,NA
2021-02-11 13:00:00,1013.7,NA,23.8,81,NA
2021-02-11 14:00:00,1013.7,NA,24.5,78,NA
2021-02-11 15:00:00,1012.8,NA,25,79,NA
2021-02-11 16:00:00,1012.8,NA,25.5,78,NA
2021-02-11 17:00:00,1013,NA,23.5,86,NA
2021-02-11 18:00:00,1012.8,NA,20.6,94,NA
2021-02-11 19:00:00,1012,NA,20.6,94,NA
2021-02-11 20:00:00,1013.4,NA,20.8,90,NA
2021-02-11 21:00:00,1010.5,NA,20.2,92,NA
2021-02-11 22:00:00,1011.3,NA,22,85,NA
2021-02-12 12:00:00,NA,1014.2,23,87,NA
2021-02-12 13:00:00,NA,1014.2,23.5,87,NA
2021-02-12 14:00:00,NA,1014.1,24.5,74,NA
2021-02-12 15:00:00,NA,1013.9,25.3,69,NA
2021-02-12 16:00:00,NA,1014.1,24.5,72,NA
2021-02-12 17:00:00,NA,1013.7,24.5,78,NA
2021-02-12 18:00:00,NA,1013,24.5,NA,NA
2021-02-12 19:00:00,NA,1012.5,24.5,83,NA
2021-02-12 20:00:00,NA,1012.3,24.4,82,NA
2021-02-12 21:00:00,NA,1011.8,23.5,81,NA
2021-02-12 22:00:00,NA,1012,23.2,81,NA
2021-02-12 23:00:00,1009.5,NA,22,91,NA
2021-02-13 00:00:00,1009.7,NA,21.6,90,NA
2021-02-13 12:00:00,1008.9,NA,22.5,86,NA
2021-02-13 13:00:00,1009,NA,23.5,79,NA
2021-02-13 14:00:00,1008.4,NA,24,79,NA
2021-02-13 15:00:00,1007.8,NA,24.3,64,NA
2021-02-13 16:00:00,1007.4,NA,25.6,75,NA
2021-02-13 17:00:00,1006.8,NA,26,73,NA
2021-02-13 18:00:00,1006,NA,25.5,72,NA
2021-02-13 19:00:00,1005.4,NA,26,69,NA
2021-02-13 20:00:00,1004.8,NA,26,71,NA
2021-02-13 21:00:00,1004.9,NA,25,75,NA
2021-02-13 22:00:00,1004.6,NA,24.5,81,NA
2021-02-13 23:00:00,1004.6,NA,22,91,NA
2021-02-14 12:00:00,NA,1007.3,24,82,NA
2021-02-14 13:00:00,NA,1007.4,24.8,77,NA
2021-02-14 14:00:00,NA,1007.6,25.6,74,NA
2021-02-14 15:00:00,NA,1007.3,26,71,NA
2021-02-14 16:00:00,NA,1006.9,27.2,66,NA
2021-02-14 17:00:00,NA,1006.5,26.5,65,NA
2021-02-14 18:00:00,NA,1005.8,20.5,93,NA
2021-02-14 19:00:00,NA,1005.7,20,98,NA
2021-02-14 20:00:00,NA,1004.9,22.5,96,NA
2021-02-14 21:00:00,NA,1005.3,23.2,95,NA
2021-02-14 22:00:00,NA,1005.4,22.8,96,NA
2021-02-14 23:00:00,NA,1005.8,22.5,96,NA
2021-02-15 00:00:00,1003.6,NA,22,98,NA
2021-02-15 12:00:00,1006.3,NA,20.6,87,NA
2021-02-15 13:00:00,1006.9,NA,22.5,80,NA
2021-02-15 14:00:00,1006.9,NA,23.3,76,NA
2021-02-15 15:00:00,1006.8,NA,23.6,74,NA
2021-02-15 16:00:00,1006.5,NA,24.5,71,NA
2021-02-15 17:00:00,1006.2,NA,24.8,72,NA
2021-02-15 18:00:00,1005.8,NA,25.2,71,NA
2021-02-15 19:00:00,1005.3,NA,25.7,67,NA
2021-02-15 20:00:00,1004.6,NA,25.3,71,NA
2021-02-15 21:00:00,1004.8,NA,25.6,65,NA
2021-02-15 22:00:00,1005.1,NA,24.4,69,NA
2021-02-15 23:00:00,1005.5,NA,23.2,74,NA
2021-02-16 12:00:00,NA,1008.2,18.8,89,NA
2021-02-16 13:00:00,NA,1008.5,19,89,NA
2021-02-16 14:00:00,NA,1008.7,20,85,NA
2021-02-16 15:00:00,NA,1008.4,20,88,NA
2021-02-16 16:00:00,NA,1007.8,21.5,82,NA
2021-02-16 17:00:00,NA,1007.3,22.8,78,NA
2021-02-16 18:00:00,NA,1007.4,20.5,93,NA
2021-02-16 19:00:00,NA,1006.5,22,84,NA
2021-02-16 20:00:00,NA,1006.1,22.5,79,NA
2021-02-16 21:00:00,NA,1006,22.5,80,NA
2021-02-16 22:00:00,NA,1006.4,20.5,91,NA
2021-02-16 23:00:00,NA,1006.1,20,95,NA
2021-02-17 00:00:00,1004,NA,20.5,95,NA
2021-02-17 12:00:00,1006,NA,18.5,95,NA
2021-02-17 13:00:00,1006,NA,20,87,NA
2021-02-17 14:00:00,1006.4,NA,25.5,64,NA
2021-02-17 15:00:00,1006.2,NA,22.7,81,NA
2021-02-17 16:00:00,1005.8,NA,24,75,NA
2021-02-17 17:00:00,1005.7,NA,25,66,NA
2021-02-17 18:00:00,1005.6,NA,25,76,NA
2021-02-17 19:00:00,1005.6,NA,24.7,75,NA
2021-02-17 20:00:00,1005,NA,24,79,NA
2021-02-17 21:00:00,1005.4,NA,23.5,79,NA
2021-02-17 22:00:00,1005.6,NA,22.5,81,NA
2021-02-17 23:00:00,1005.7,NA,21.5,89,NA
2021-02-18 12:00:00,NA,1010.2,21.2,87,NA
2021-02-18 13:00:00,NA,1009.7,23,78,NA
2021-02-18 14:00:00,NA,1009.8,24.8,70,NA
2021-02-18 15:00:00,NA,1009.6,26,62,NA
2021-02-18 16:00:00,NA,1008,27.8,61,NA
2021-02-18 17:00:00,NA,1008.6,28.2,54,NA
2021-02-18 18:00:00,NA,1008,29.5,48,NA
2021-02-18 19:00:00,NA,1007.4,27.8,63,NA
2021-02-18 20:00:00,NA,1007.3,26.5,66,NA
2021-02-18 21:00:00,NA,1007.3,25.6,72,NA
2021-02-18 22:00:00,NA,1007.3,24.5,72,NA
2021-02-18 23:00:00,NA,1007.3,22.5,84,NA
2021-02-19 00:00:00,1005.2,NA,22.5,80,NA
2021-02-19 12:00:00,1007.6,NA,23,74,NA
2021-02-19 13:00:00,1007.6,NA,25.7,58,NA
2021-02-19 14:00:00,1007.7,NA,27.3,56,NA
2021-02-19 15:00:00,1008.2,NA,26.8,53,NA
2021-02-19 16:00:00,1008.4,NA,27,52,NA
2021-02-19 17:00:00,1008.7,NA,26.8,57,NA
2021-02-19 18:00:00,1009,NA,27,52,NA
2021-02-19 19:00:00,1009.5,NA,25.5,51,NA
2021-02-19 20:00:00,1009.5,NA,26.6,45,NA
2021-02-19 21:00:00,1009.8,NA,24.7,79,NA
2021-02-19 22:00:00,1010.4,NA,24,88,NA
2021-02-19 23:00:00,1010.7,NA,22,47,NA
2021-02-20 12:00:00,NA,1017.6,20.5,47,NA
2021-02-20 13:00:00,NA,1017.6,21.6,37,NA
2021-02-20 14:00:00,NA,1017.7,22.8,63,NA
2021-02-20 15:00:00,NA,1017.3,24,32,NA
2021-02-20 16:00:00,NA,1016.9,24.1,31,NA
2021-02-20 17:00:00,NA,1016.4,24.3,33,NA
2021-02-20 18:00:00,NA,1015.8,24.6,29,NA
2021-02-20 19:00:00,NA,1015.3,25.2,32,NA
2021-02-20 20:00:00,NA,1014.9,25.3,36,NA
2021-02-20 21:00:00,NA,1014.8,23.8,37,NA
2021-02-20 22:00:00,NA,1014.6,22.2,43,NA
2021-02-20 23:00:00,NA,1014.8,19.1,58,NA
2021-02-21 00:00:00,1012.6,NA,17.3,64,NA
2021-02-21 12:00:00,1013.2,NA,23,64,NA
2021-02-21 13:00:00,1013.3,NA,23.3,68,NA
2021-02-21 14:00:00,1013,NA,24.6,63,NA
2021-02-21 15:00:00,1012.8,NA,25.5,54,NA
2021-02-21 16:00:00,1012.1,NA,27.3,44,NA
2021-02-21 17:00:00,1011.6,NA,27.5,46,NA
2021-02-21 18:00:00,1010.6,NA,28,46,NA
2021-02-21 19:00:00,1010.2,NA,28.4,52,NA
2021-02-21 20:00:00,1009.2,NA,28.4,50,NA
2021-02-21 21:00:00,1008.6,NA,27.7,52,NA
2021-02-21 22:00:00,1008.4,NA,25.6,62,NA
2021-02-21 23:00:00,1008.4,NA,23.3,76,NA
2021-02-22 12:00:00,NA,1012.5,18.5,100,NA
2021-02-22 13:00:00,NA,1013.3,19.3,97,NA
2021-02-22 14:00:00,NA,1013.7,20,95,NA
2021-02-22 15:00:00,NA,1011.8,20.6,95,NA
2021-02-22 16:00:00,NA,1010.9,20.6,89,NA
2021-02-22 17:00:00,NA,1010.9,23.4,77,NA
2021-02-22 18:00:00,NA,1010.1,24.2,78,NA
2021-02-22 19:00:00,NA,1009.3,25.5,76,NA
2021-02-22 20:00:00,NA,1009.3,25.3,74,NA
2021-02-22 21:00:00,NA,1008.9,25.2,78,NA
2021-02-22 22:00:00,NA,1009.4,24.8,80,NA
2021-02-22 23:00:00,NA,1010.4,23.3,87,NA
2021-02-23 00:00:00,1007.6,NA,23,91,NA
2021-02-23 12:00:00,1011.8,NA,22,66,NA
2021-02-23 13:00:00,1011.8,NA,23,63,NA
2021-02-23 14:00:00,1012.4,NA,24,62,NA
2021-02-23 15:00:00,1012.4,NA,25,57,NA
2021-02-23 16:00:00,1012.1,NA,25,61,NA
2021-02-23 17:00:00,1012.4,NA,24.6,60,NA
2021-02-23 18:00:00,1012.2,NA,24.3,60,NA
2021-02-23 19:00:00,1011.6,NA,24.3,56,NA
2021-02-23 20:00:00,1011.6,NA,24.3,56,NA
2021-02-23 21:00:00,1011,NA,23.6,59,NA
2021-02-23 22:00:00,1011.8,NA,23.2,58,NA
2021-02-23 23:00:00,1012.1,NA,20.3,73,NA
2021-02-24 12:00:00,NA,1015.8,21,58,NA
2021-02-24 13:00:00,NA,1016,22.8,76,NA
2021-02-24 14:00:00,NA,1015.8,24,65,NA
2021-02-24 15:00:00,NA,1015.7,25.7,58,NA
2021-02-24 16:00:00,NA,1015.4,26.6,54,NA
2021-02-24 17:00:00,NA,1014.9,27.2,55,NA
2021-02-24 18:00:00,NA,1014.2,26.5,72,NA
2021-02-24 19:00:00,NA,1013.4,26,72,NA
2021-02-24 20:00:00,NA,1013.2,25.5,75,NA
2021-02-24 21:00:00,NA,1013.3,24.8,79,NA
2021-02-24 22:00:00,NA,1013.2,23.7,84,NA
2021-02-24 23:00:00,NA,1013.3,21.8,93,NA
2021-02-25 00:00:00,1011.2,NA,21.5,91,NA
2021-02-25 12:00:00,1013.2,NA,24,78,NA
2021-02-25 13:00:00,1013.4,NA,25.6,67,NA
2021-02-25 14:00:00,1013.4,NA,27.4,58,NA
2021-02-25 16:00:00,1012.6,NA,30.2,49,NA
2021-02-25 18:00:00,1011.9,NA,31,40,NA
2021-02-25 19:00:00,1011.1,NA,31.6,39,NA
2021-02-25 20:00:00,1010.7,NA,29.5,57,NA
2021-02-25 21:00:00,1010.7,NA,28.4,60,NA
2021-02-25 22:00:00,1010.8,NA,26.2,71,NA
2021-02-25 23:00:00,1010.9,NA,24.7,75,NA
2021-02-26 12:00:00,NA,1016.5,25,76,NA
2021-02-26 13:00:00,NA,1016.5,26.5,68,NA
2021-02-26 14:00:00,NA,1016.6,27.6,66,NA
2021-02-26 15:00:00,NA,1016.4,29,60,NA
2021-02-26 16:00:00,NA,1016,29.5,56,NA
2021-02-26 17:00:00,NA,1015.8,30,53,NA
2021-02-26 18:00:00,NA,1015.6,29.5,53,NA
2021-02-26 19:00:00,NA,1015.4,29,49,NA
2021-02-26 20:00:00,NA,1014.9,29.2,47,NA
2021-02-26 21:00:00,NA,1014.9,27.2,61,NA
2021-02-26 22:00:00,NA,1015.2,25.5,69,NA
2021-02-26 23:00:00,1013.1,NA,24.5,71,NA
2021-02-27 00:00:00,1014,NA,24.1,73,NA
2021-02-27 12:00:00,1019.6,NA,23.5,79,NA
2021-02-27 13:00:00,1019.2,NA,24.2,79,NA
2021-02-27 14:00:00,1019,NA,24.5,78,NA
2021-02-27 16:00:00,1018.2,NA,26,70,NA
2021-02-27 17:00:00,1018.4,NA,25.5,77,NA
2021-02-27 18:00:00,1018,NA,25,80,NA
2021-02-27 19:00:00,1017,NA,25.8,76,NA
2021-02-27 20:00:00,1017,NA,25.5,59,NA
2021-02-27 21:00:00,1016.9,NA,25.2,84,NA
2021-02-27 22:00:00,1016.6,NA,24.2,86,NA
2021-02-27 23:00:00,1016.9,NA,23.8,88,NA
2021-02-28 12:00:00,NA,1020.5,23.5,81,NA
2021-02-28 13:00:00,NA,1020.2,24.2,77,NA
2021-02-28 14:00:00,NA,1019.8,25.2,72,NA
2021-02-28 15:00:00,NA,1019,25.5,71,NA
2021-02-28 16:00:00,NA,1018.6,26.5,68,NA
2021-02-28 17:00:00,NA,1017.8,27.6,67,NA
2021-02-28 18:00:00,NA,1017.4,28.1,66,NA
2021-02-28 19:00:00,NA,1017,27,72,NA
2021-02-28 20:00:00,NA,1016.1,27,69,NA
2021-02-28 21:00:00,NA,1015.8,25.2,79,NA
2021-02-28 22:00:00,NA,1015.4,24.5,84,NA
2021-02-28 23:00:00,NA,1015.8,24,88,NA
2021-03-01 00:00:00,NA,1016.1,24,90,NA
2021-03-02 12:00:00,NA,1015.3,25.1,86,NA
2021-03-02 13:00:00,NA,1015.6,25.3,84,NA
2021-03-02 14:00:00,NA,1015.8,25.3,83,NA
2021-03-02 15:00:00,NA,1015.4,26,80,NA
2021-03-02 16:00:00,NA,1015.3,26.6,75,NA
2021-03-02 17:00:00,NA,1015,27.2,76,NA
2021-03-02 18:00:00,1012,1014.6,26.8,77,NA
2021-03-02 19:00:00,1012,1014.6,26.8,80,NA
2021-03-02 20:00:00,1011.6,1014.2,26.5,81,NA
2021-03-02 21:00:00,1011.9,1014.5,25.3,87,NA
2021-03-02 22:00:00,1011.6,1014.2,24.8,89,NA
2021-03-02 23:00:00,1011.9,1014.5,24.1,89,NA
2021-03-03 00:00:00,NA,1015.6,24.1,88,NA
2021-03-04 00:00:00,1013.2,NA,NA,NA,NA
2021-03-04 12:00:00,1011.7,1014.4,24.5,82,NA
2021-03-04 13:00:00,1011.8,1014.5,25,80,NA
2021-03-04 14:00:00,1012.1,1014.8,26,76,NA
2021-03-04 15:00:00,1011.8,1014.5,26.5,73,NA
2021-03-04 16:00:00,1011.4,1014.1,27,70,NA
2021-03-04 17:00:00,1010.9,1013.6,26.7,72,NA
2021-03-04 18:00:00,1010,1012.6,26.5,70,NA
2021-03-04 19:00:00,1009.2,1011.8,27,51,NA
2021-03-04 20:00:00,1008.4,1011,25.7,79,NA
2021-03-04 21:00:00,1008.4,1011,25,79,NA
2021-03-04 22:00:00,NA,1011.2,24.5,83,NA
2021-03-04 23:00:00,1008.8,1011.4,23,91,NA
2021-03-05 00:00:00,NA,1012.1,22,94,NA
2021-03-06 00:00:00,1010.1,NA,NA,NA,NA
2021-03-06 12:00:00,1011.6,1014.2,18.4,73,NA
2021-03-06 13:00:00,1011.8,1014.5,19.8,69,NA
2021-03-06 14:00:00,1012.1,1014.8,20.6,66,NA
2021-03-06 15:00:00,1011.8,1014.5,21.4,64,NA
2021-03-06 16:00:00,1011.4,1014.1,22.2,62,NA
2021-03-06 17:00:00,1011,1013.7,23.4,58,NA
2021-03-06 18:00:00,1010.8,1013.4,23.2,58,NA
2021-03-06 19:00:00,1010.4,1013,23.4,65,NA
2021-03-06 20:00:00,1010.4,1013,22.2,66,NA
2021-03-06 21:00:00,1010.8,1013.4,21.6,66,NA
2021-03-06 22:00:00,1011.4,1013.7,20.4,73,NA
2021-03-06 23:00:00,1011,1013.7,18.6,81,NA
2021-03-07 00:00:00,NA,1014.1,17.2,86,NA
2021-03-08 00:00:00,1006.8,NA,NA,NA,NA
2021-03-08 12:00:00,1010,1012.6,22,91,NA
2021-03-08 13:00:00,1011.2,1013.9,24.5,83,NA
2021-03-08 14:00:00,1011.8,1014.5,26,74,NA
2021-03-08 15:00:00,1012.1,1014.8,28,65,NA
2021-03-08 16:00:00,1011.8,1014.5,29.3,63,NA
2021-03-08 17:00:00,1011.8,1014.5,28,57,NA
2021-03-08 18:00:00,1011.3,1014,29,58,NA
2021-03-08 19:00:00,1011.7,1014.4,28.5,NA,NA
2021-03-08 20:00:00,1012.5,1015.2,24.5,76,NA
2021-03-08 21:00:00,1013.4,1016.1,23,71,NA
2021-03-08 22:00:00,1013.6,1016.2,22,74,NA
2021-03-08 23:00:00,1014.2,1016.9,20,81,NA
2021-03-09 00:00:00,NA,1017.6,19.5,76,NA
2021-03-09 23:00:00,1013.2,NA,NA,NA,NA
2021-03-10 00:00:00,1013.6,NA,NA,NA,NA
2021-03-10 12:00:00,1012.8,1015.4,22.2,71,NA
2021-03-10 13:00:00,1012.6,1015.3,23.2,72,NA
2021-03-10 14:00:00,1012.4,1015,24.2,68,NA
2021-03-10 15:00:00,1011.8,1014.5,24.4,66,NA
2021-03-10 16:00:00,1011,1013.7,25.4,63,NA
2021-03-10 17:00:00,1010.4,1013,25.5,64,NA
2021-03-10 18:00:00,1009.7,1012.4,25.8,64,NA
2021-03-10 19:00:00,1009,1011.7,25.6,67,NA
2021-03-10 20:00:00,1008.5,1011.2,25.4,69,NA
2021-03-10 21:00:00,1008.2,1010.9,24.2,71,NA
2021-03-10 22:00:00,1008.1,1010.8,22.6,79,NA
2021-03-10 23:00:00,1008,1010.6,22.2,81,NA
2021-03-11 00:00:00,NA,1011,22,83,NA
2021-03-12 00:00:00,1009.6,NA,NA,NA,NA
2021-03-12 12:00:00,NA,1015,22.8,84,NA
2021-03-12 13:00:00,1012.9,1015.6,23.3,82,NA
2021-03-12 14:00:00,1013.1,1015.7,23.6,73,NA
2021-03-12 15:00:00,1013.2,1015.8,23.8,76,NA
2021-03-12 16:00:00,1012.9,1015.6,25.6,54,NA
2021-03-12 17:00:00,1012.8,1015.4,25.6,49,NA
2021-03-12 18:00:00,1012.9,1015.6,25.3,51,NA
2021-03-12 19:00:00,1012.6,1015.3,24.8,55,NA
2021-03-12 20:00:00,1012.6,1015.3,23.6,61,NA
2021-03-12 21:00:00,1012.8,1015.4,22.3,63,NA
2021-03-12 22:00:00,1013,1015.7,20.7,86,NA
2021-03-12 23:00:00,1013.4,1016.1,19.2,76,NA
2021-03-13 00:00:00,NA,1016.9,19.1,77,NA
2021-03-14 12:00:00,NA,1018.5,22,74,NA
2021-03-14 13:00:00,NA,1018.9,24.7,60,NA
2021-03-14 14:00:00,NA,1018.9,24.3,58,NA
2021-03-14 15:00:00,NA,1018.9,25.3,49,NA
2021-03-14 16:00:00,NA,1018.5,25.5,45,NA
2021-03-14 17:00:00,NA,1018.5,26.5,44,NA
2021-03-14 18:00:00,NA,1018.1,27,47,NA
2021-03-14 19:00:00,NA,1017.7,26.5,50,NA
2021-03-14 20:00:00,NA,1017.8,25.5,58,NA
2021-03-14 21:00:00,NA,1017.4,24.5,62,NA
2021-03-14 22:00:00,NA,1017.6,22,77,NA
2021-03-14 23:00:00,NA,1017.4,21,82,NA
2021-03-15 00:00:00,NA,1017.8,20.3,79,NA
2021-03-15 12:00:00,1014.8,NA,21.5,76,NA
2021-03-15 13:00:00,1014.6,NA,23.3,70,NA
2021-03-15 14:00:00,1014.8,NA,23,70,NA
2021-03-15 15:00:00,1014.2,NA,24.5,60,NA
2021-03-15 16:00:00,1013.6,NA,25.6,56,NA
2021-03-15 17:00:00,1013.2,NA,25,55,NA
2021-03-15 18:00:00,1012.8,NA,25,61,NA
2021-03-16 12:00:00,NA,1010.9,22.5,81,NA
2021-03-16 13:00:00,NA,1011.4,23,77,NA
2021-03-16 14:00:00,NA,1012.6,23,75,NA
2021-03-16 15:00:00,NA,1011.4,23,83,NA
2021-03-16 16:00:00,NA,1010.2,24,76,NA
2021-03-16 17:00:00,NA,1009.2,24.5,75,NA
2021-03-16 18:00:00,NA,1008.4,24.5,75,NA
2021-03-16 19:00:00,NA,1007.3,23.5,79,NA
2021-03-16 20:00:00,NA,1006.5,23.5,79,NA
2021-03-16 21:00:00,NA,1006,22.5,87,NA
2021-03-16 22:00:00,NA,1006,22,90,NA
2021-03-16 23:00:00,NA,1005.8,21.5,91,NA
2021-03-17 00:00:00,1002.9,NA,21,95,NA
2021-03-17 12:00:00,1005.9,NA,18.5,95,NA
2021-03-18 12:00:00,NA,1019.4,13.2,76,NA
2021-03-18 13:00:00,NA,1019.6,15.8,69,NA
2021-03-18 14:00:00,NA,1019.8,17.4,62,NA
2021-03-18 15:00:00,NA,1019.4,18.4,51,NA
2021-03-18 16:00:00,NA,1019,19,48,NA
2021-03-18 17:00:00,NA,1018.2,19.7,50,NA
2021-03-18 18:00:00,NA,1017.8,19,51,NA
2021-03-18 19:00:00,NA,1017.4,19.5,50,NA
2021-03-18 20:00:00,NA,1017.7,19.4,47,NA
2021-03-18 21:00:00,NA,1017.8,18.7,55,NA
2021-03-18 22:00:00,NA,1018.1,17.5,64,NA
2021-03-18 23:00:00,NA,1018.2,16.5,72,NA
2021-03-19 00:00:00,1016.1,NA,15.5,76,NA
2021-03-19 12:00:00,1015.7,NA,16.8,73,NA
2021-03-19 13:00:00,1015.8,NA,19.8,65,NA
2021-03-19 14:00:00,1016,NA,20.4,63,NA
2021-03-19 15:00:00,1015.7,NA,20.6,61,NA
2021-03-19 16:00:00,1015.3,NA,20.8,60,NA
2021-03-19 17:00:00,1014.4,NA,21.6,59,NA
2021-03-19 18:00:00,1013.3,NA,21.4,57,NA
2021-03-19 19:00:00,1012.6,NA,21.6,59,NA
2021-03-19 20:00:00,1012.8,NA,20.6,69,NA
2021-03-19 21:00:00,1013.2,NA,20.6,69,NA
2021-03-19 22:00:00,1013,NA,19.4,75,NA
2021-03-19 23:00:00,1013.2,NA,19.2,77,NA
2021-03-20 12:00:00,NA,1013.9,19.6,89,NA
2021-03-20 13:00:00,NA,1012.9,20.5,89,NA
2021-03-20 14:00:00,NA,1014.5,20.3,88,NA
2021-03-20 15:00:00,NA,1013.2,19.6,96,NA
2021-03-20 16:00:00,NA,1012.4,20,95,NA
2021-03-20 17:00:00,NA,1012.4,19.1,96,NA
2021-03-20 18:00:00,NA,1011.8,20.1,97,NA
2021-03-20 19:00:00,NA,1011.8,20.2,93,NA
2021-03-20 20:00:00,NA,1011.2,20.3,95,NA
2021-03-20 21:00:00,NA,1012.5,20.3,93,NA
2021-03-20 22:00:00,NA,1013.8,18.1,91,NA
2021-03-20 23:00:00,NA,1013.7,17.5,94,NA
2021-03-21 00:00:00,1011.6,NA,17.6,95,NA
2021-03-21 12:00:00,1016.7,NA,16,95,NA
2021-03-21 13:00:00,1017.6,NA,18.2,87,NA
2021-03-21 14:00:00,1018,NA,20,81,NA
2021-03-21 15:00:00,1018.2,NA,20.8,75,NA
2021-03-21 16:00:00,1018.2,NA,21.2,75,NA
2021-03-21 17:00:00,1018.2,NA,21.5,66,NA
2021-03-21 18:00:00,1018.2,NA,21.8,62,NA
2021-03-21 19:00:00,1018.4,NA,21.5,66,NA
2021-03-21 20:00:00,1018.6,NA,20.8,68,NA
2021-03-21 21:00:00,1018.8,NA,19.8,72,NA
2021-03-21 22:00:00,1018.9,NA,18.4,76,NA
2021-03-22 12:00:00,NA,1022.5,17.6,88,NA
2021-03-22 13:00:00,NA,1022.5,21,75,NA
2021-03-22 14:00:00,NA,1022.2,22.6,65,NA
2021-03-22 15:00:00,NA,1021.6,23.4,63,NA
2021-03-22 16:00:00,NA,1020.9,24.3,58,NA
2021-03-22 17:00:00,NA,1020.8,23.3,65,NA
2021-03-22 18:00:00,NA,1020.6,23.4,61,NA
2021-03-22 19:00:00,NA,1020.2,22.6,67,NA
2021-03-22 20:00:00,NA,1020.2,21.8,74,NA
2021-03-22 21:00:00,NA,1020.4,21.4,72,NA
2021-03-22 22:00:00,NA,1020.1,20.5,81,NA
2021-03-22 23:00:00,NA,1019.7,18.8,90,NA
2021-03-23 00:00:00,1017.3,NA,18.2,89,NA
2021-03-23 12:00:00,1016.1,NA,19.1,95,NA
2021-03-23 13:00:00,1016,NA,21,78,NA
2021-03-23 14:00:00,1016.1,NA,22.6,69,NA
2021-03-23 15:00:00,1015.7,NA,23.6,62,NA
2021-03-23 16:00:00,1015,NA,23.6,66,NA
2021-03-23 17:00:00,1014.5,NA,25,68,NA
2021-03-23 18:00:00,1014.1,NA,24,71,NA
2021-03-23 19:00:00,1013.7,NA,23.7,66,NA
2021-03-23 20:00:00,1013.6,NA,24,67,NA
2021-03-23 21:00:00,1013.6,NA,23.7,67,NA
2021-03-23 22:00:00,1013.7,NA,21,86,NA
2021-03-23 23:00:00,1013.9,NA,19.5,86,NA
2021-03-24 12:00:00,NA,1018,21.5,87,NA
2021-03-24 13:00:00,NA,1018.6,22.5,80,NA
2021-03-24 14:00:00,NA,1018.5,23.8,77,NA
2021-03-24 15:00:00,NA,1018.1,25.6,69,NA
2021-03-24 16:00:00,NA,1017.6,25.4,68,NA
2021-03-24 17:00:00,NA,1017.2,25.2,67,NA
2021-03-24 18:00:00,NA,1016.4,26.5,59,NA
2021-03-24 19:00:00,NA,1016,26,65,NA
2021-03-24 20:00:00,NA,1015.7,25.6,69,NA
2021-03-24 21:00:00,NA,1015.4,23.5,81,NA
2021-03-24 22:00:00,NA,1015.7,22.6,88,NA
2021-03-24 23:00:00,1012.8,NA,22.5,85,NA
2021-03-25 00:00:00,1013,NA,22.8,88,NA
2021-03-25 12:00:00,1011.4,NA,20.4,96,NA
2021-03-25 13:00:00,1011,NA,20,98,NA
2021-03-25 14:00:00,1010.9,NA,20.2,98,NA
2021-03-25 15:00:00,1011.4,NA,20.2,98,NA
2021-03-25 17:00:00,1007.8,NA,20.8,88,NA
2021-03-25 19:00:00,1008.4,NA,21.8,84,NA
2021-03-25 20:00:00,1007.8,NA,21.5,84,NA
2021-03-25 21:00:00,1009,NA,21.2,85,NA
2021-03-25 22:00:00,1009.4,NA,21.2,88,NA
2021-03-25 23:00:00,1009.6,NA,20.2,93,NA
2021-03-26 12:00:00,NA,1011.6,21.5,91,NA
2021-03-26 13:00:00,NA,1011.3,22.5,84,NA
2021-03-26 14:00:00,NA,1011.4,22.5,87,NA
2021-03-26 15:00:00,NA,1010.6,24,81,NA
2021-03-26 16:00:00,NA,1011.3,24.2,78,NA
2021-03-26 17:00:00,NA,1010.5,22,91,NA
2021-03-26 18:00:00,NA,1009.7,22.1,90,NA
2021-03-26 19:00:00,NA,1008.6,23,84,NA
2021-03-26 20:00:00,NA,1008.6,22.5,91,NA
2021-03-26 21:00:00,NA,1008.8,22,91,NA
2021-03-26 22:00:00,NA,1008.4,22,91,NA
2021-03-26 23:00:00,NA,1009.3,22,91,NA
2021-03-27 00:00:00,1008,NA,21,94,NA
2021-03-27 12:00:00,1008.6,NA,21.5,89,NA
2021-03-27 13:00:00,1008.9,NA,22,91,NA
2021-03-27 14:00:00,1009.2,NA,22,91,NA
2021-03-27 15:00:00,1008.6,NA,22.5,86,NA
2021-03-27 16:00:00,1008.2,NA,22.5,86,NA
2021-03-27 17:00:00,1007.6,NA,22.8,86,NA
2021-03-27 18:00:00,1006.9,NA,24,79,NA
2021-03-27 19:00:00,1006.8,NA,23.5,80,NA
2021-03-27 20:00:00,1007.4,NA,23.5,79,NA
2021-03-27 21:00:00,1008,NA,22,82,NA
2021-03-27 22:00:00,1007.4,NA,20,90,NA
2021-03-28 12:00:00,NA,1013,17.6,96,NA
2021-03-28 13:00:00,NA,1012.9,19.6,91,NA
2021-03-28 14:00:00,NA,1012.9,23,72,NA
2021-03-28 15:00:00,NA,1012.6,24,61,NA
2021-03-28 16:00:00,NA,1012.4,24.5,63,NA
2021-03-28 17:00:00,NA,1012.2,23.3,75,NA
2021-03-28 18:00:00,NA,1012.2,22.5,81,NA
2021-03-28 19:00:00,NA,1012.5,22.8,76,NA
2021-03-28 20:00:00,NA,1012.5,22.5,77,NA
2021-03-28 21:00:00,NA,1012.4,22.2,76,NA
2021-03-28 22:00:00,NA,1012.4,21,89,NA
2021-03-28 23:00:00,NA,1013.2,20,91,NA
2021-03-29 00:00:00,1010.9,NA,19.6,98,NA
2021-03-29 12:00:00,1012.8,NA,17.7,98,NA
2021-03-29 13:00:00,1013.2,NA,18.3,90,NA
2021-03-29 14:00:00,1013.4,NA,20,87,NA
2021-03-29 15:00:00,1013.6,NA,21,80,NA
2021-03-29 16:00:00,1013.6,NA,21.3,78,NA
2021-03-29 17:00:00,1013.2,NA,22.3,77,NA
2021-03-29 18:00:00,1013.3,NA,21.5,79,NA
2021-03-29 19:00:00,1013.6,NA,22.8,72,NA
2021-03-29 20:00:00,1013.7,NA,21.2,78,NA
2021-03-29 21:00:00,1013.7,NA,21,77,NA
2021-03-29 22:00:00,1014.1,NA,19.4,83,NA
2021-03-29 23:00:00,1014.4,NA,17.8,88,NA
2021-03-30 12:00:00,NA,1019.4,16.5,94,NA
2021-03-30 13:00:00,NA,1019.7,19.5,81,NA
2021-03-30 14:00:00,NA,1019.7,21,74,NA
2021-03-30 15:00:00,NA,1019.7,21.5,66,NA
2021-03-30 16:00:00,NA,1019.6,21.5,66,NA
2021-03-30 17:00:00,NA,1019.4,22,72,NA
2021-03-30 18:00:00,NA,1018.9,23,67,NA
2021-03-30 19:00:00,NA,1018.9,22,71,NA
2021-03-30 20:00:00,NA,1018.9,21,75,NA
2021-03-30 21:00:00,NA,1019.1,20.5,77,NA
2021-03-30 22:00:00,NA,1019,18.2,88,NA
2021-03-30 23:00:00,NA,1019,17.2,90,NA
2021-03-31 00:00:00,1016.6,NA,16,95,NA
2021-03-31 17:00:00,1017,NA,21.8,66,NA
2021-03-31 18:00:00,1016.6,NA,22,64,NA
2021-03-31 19:00:00,1016.6,NA,21.8,62,NA
2021-03-31 20:00:00,1016.1,NA,21.4,65,NA
2021-03-31 21:00:00,1015.8,NA,20.4,69,NA
2021-03-31 22:00:00,1015.8,NA,18,80,NA
2021-04-01 12:00:00,NA,1020.1,17.2,89,NA
2021-04-01 13:00:00,NA,1020.5,21.6,68,NA
2021-04-01 14:00:00,NA,1020.6,22.6,62,NA
2021-04-01 15:00:00,NA,1020.6,23.1,62,NA
2021-04-01 16:00:00,NA,1020.4,22.7,65,NA
2021-04-01 17:00:00,NA,1019.8,22.3,68,NA
2021-04-01 18:00:00,NA,1019.3,22,67,NA
2021-04-01 19:00:00,NA,1019.3,21.3,75,NA
2021-04-01 20:00:00,NA,1019.3,21,80,NA
2021-04-01 21:00:00,NA,1019.6,20,71,NA
2021-04-01 22:00:00,NA,1019.7,19.3,83,NA
2021-04-01 23:00:00,NA,1019.8,18.3,89,NA
2021-04-02 00:00:00,1017.4,NA,17.7,93,NA
2021-04-02 12:00:00,1019.6,NA,20,72,NA
2021-04-02 13:00:00,1019.8,NA,20,72,NA
2021-04-02 15:00:00,1019.7,NA,23,67,NA
2021-04-02 16:00:00,1018.6,NA,23,59,NA
2021-04-02 17:00:00,1018.3,NA,23.3,56,NA
2021-04-02 19:00:00,1017.7,NA,22.5,66,NA
2021-04-02 20:00:00,1017.5,NA,22.1,68,NA
2021-04-02 21:00:00,1017.5,NA,21.1,74,NA
2021-04-02 22:00:00,1017.5,NA,19.1,79,NA
2021-04-02 23:00:00,1017.8,NA,18.5,86,NA
2021-04-03 12:00:00,NA,1022,21,80,NA
2021-04-03 13:00:00,NA,1022.1,21.6,77,NA
2021-04-03 14:00:00,NA,1022.1,22,76,NA
2021-04-03 15:00:00,NA,1022,22.4,73,NA
2021-04-03 16:00:00,NA,1021.4,23.5,68,NA
2021-04-03 17:00:00,NA,1020.6,23.8,68,NA
2021-04-03 18:00:00,NA,1020.2,23.6,67,NA
2021-04-03 19:00:00,NA,1020,23.2,70,NA
2021-04-03 20:00:00,NA,1019.8,23,70,NA
2021-04-03 21:00:00,NA,1020,21.5,77,NA
2021-04-03 22:00:00,NA,1020,20,87,NA
2021-04-03 23:00:00,NA,1020.2,19.8,89,NA
2021-04-04 00:00:00,1017.8,NA,19.6,90,NA
2021-04-04 12:00:00,1017.8,NA,21.4,80,NA
2021-04-04 14:00:00,1017.2,NA,23,74,NA
2021-04-04 16:00:00,1016.6,NA,23,76,NA
2021-04-04 18:00:00,1014.7,NA,23.6,73,NA
2021-04-04 20:00:00,1013.8,NA,23,77,NA
2021-04-04 22:00:00,1013.7,NA,20.2,90,NA
2021-04-04 23:00:00,1014.2,NA,18.8,92,NA
2021-04-05 12:00:00,NA,1017.4,22,84,NA
2021-04-05 13:00:00,NA,1017.4,23,76,NA
2021-04-05 14:00:00,NA,1017,24.5,72,NA
2021-04-05 15:00:00,NA,1016.6,24.5,75,NA
2021-04-05 16:00:00,NA,1016.2,25,71,NA
2021-04-05 17:00:00,NA,1015.6,25.5,68,NA
2021-04-05 18:00:00,NA,1014.9,26,69,NA
2021-04-05 19:00:00,NA,1014.9,26,69,NA
2021-04-05 20:00:00,NA,1015.3,26.5,66,NA
2021-04-05 21:00:00,NA,1015.8,25.5,68,NA
2021-04-05 22:00:00,NA,1015.8,23,83,NA
2021-04-05 23:00:00,NA,1016.2,22,91,NA
2021-04-06 00:00:00,1014.2,NA,22,91,NA
2021-04-06 12:00:00,1016,NA,21.8,94,NA
2021-04-06 13:00:00,1016.2,NA,23.2,88,NA
2021-04-06 14:00:00,1016.5,NA,23.2,88,NA
2021-04-06 15:00:00,1016.5,NA,23.4,86,NA
2021-04-06 16:00:00,1016.2,NA,23.2,84,NA
2021-04-06 17:00:00,1015.8,NA,23,86,NA
2021-04-06 18:00:00,1015.3,NA,23.2,90,NA
2021-04-06 19:00:00,1014.9,NA,22.8,88,NA
2021-04-06 20:00:00,1014.6,NA,23.2,85,NA
2021-04-06 21:00:00,1014.4,NA,22.4,91,NA
2021-04-06 22:00:00,1014.5,NA,21.5,95,NA
2021-04-06 23:00:00,1014.7,NA,22,98,NA
2021-04-07 12:00:00,NA,1018.5,22,87,NA
2021-04-07 13:00:00,NA,1018.5,23.3,83,NA
2021-04-07 14:00:00,NA,1018.5,24,76,NA
2021-04-07 15:00:00,NA,1018.1,24.7,76,NA
2021-04-07 16:00:00,NA,1017.4,26,69,NA
2021-04-07 17:00:00,NA,1016.9,26,69,NA
2021-04-07 18:00:00,NA,1016.1,26.5,66,NA
2021-04-07 19:00:00,NA,1015.6,27,66,NA
2021-04-07 20:00:00,NA,1015.6,26.7,68,NA
2021-04-07 21:00:00,NA,1015.3,25,79,NA
2021-04-07 22:00:00,NA,1015.3,22.6,83,NA
2021-04-07 23:00:00,NA,1015.4,21.8,93,NA
2021-04-08 00:00:00,NA,1015.4,22,93,NA
2021-04-08 15:00:00,1010.2,NA,24.7,72,NA
2021-04-08 16:00:00,1009.3,NA,24.9,73,NA
2021-04-08 17:00:00,1008.8,NA,25.7,71,NA
2021-04-08 18:00:00,1008.6,NA,25.3,73,NA
2021-04-08 19:00:00,1008.5,NA,25.7,72,NA
2021-04-08 20:00:00,1008.4,NA,25,75,NA
2021-04-08 21:00:00,1008,NA,24,81,NA
2021-04-08 22:00:00,1007.6,NA,23.5,86,NA
2021-04-09 12:00:00,NA,1013,20,100,NA
2021-04-09 13:00:00,NA,1013.3,20.5,97,NA
2021-04-09 14:00:00,NA,1013,20.5,95,NA
2021-04-09 15:00:00,NA,1014.5,21,95,NA
2021-04-09 16:00:00,NA,1014,21.3,90,NA
2021-04-09 17:00:00,NA,1013,22,91,NA
2021-04-09 18:00:00,NA,1013,22.8,89,NA
2021-04-09 19:00:00,NA,1013.4,23,85,NA
2021-04-09 20:00:00,NA,1014.1,23.3,81,NA
2021-04-09 21:00:00,NA,1014.6,22,91,NA
2021-04-09 22:00:00,NA,1014.9,21,91,NA
2021-04-09 23:00:00,NA,1015.6,21,91,NA
2021-04-10 00:00:00,NA,1015.6,20.9,90,NA
2021-04-11 12:00:00,NA,1006.9,15.6,96,NA
2021-04-11 13:00:00,NA,1008.4,15.8,94,NA
2021-04-11 14:00:00,NA,1009.8,17.2,88,NA
2021-04-11 15:00:00,NA,1010.8,17.4,85,NA
2021-04-11 16:00:00,NA,1011.7,19,74,NA
2021-04-11 17:00:00,NA,1012,19.5,70,NA
2021-04-11 18:00:00,NA,1012.4,20,66,NA
2021-04-11 19:00:00,NA,1012.9,20,61,NA
2021-04-11 20:00:00,NA,1013.7,20.6,61,NA
2021-04-11 21:00:00,NA,1014.4,19.5,71,NA
2021-04-11 22:00:00,NA,1015.2,18.5,76,NA
2021-04-11 23:00:00,NA,1016.1,17.5,82,NA
2021-04-12 00:00:00,NA,1016.6,16.5,88,NA
2021-04-13 12:00:00,NA,1022.8,17,80,NA
2021-04-13 13:00:00,1020.2,1022.9,19.8,71,NA
2021-04-13 14:00:00,1020.4,1023,22.4,65,NA
2021-04-13 15:00:00,1020.1,1022.8,23.8,55,NA
2021-04-13 16:00:00,1019.6,1022.2,24.8,49,NA
2021-04-13 17:00:00,1018.9,1021.6,25,49,NA
2021-04-13 18:00:00,1018.4,1021,25.4,50,NA
2021-04-13 19:00:00,1018.1,1020.8,25,50,NA
2021-04-13 20:00:00,1018.4,1021,23.5,51,NA
2021-04-13 21:00:00,1018.2,1020.9,20.6,66,NA
2021-04-13 22:00:00,NA,1020.9,18,80,NA
2021-04-13 23:00:00,1018.5,1021.2,17.5,83,NA
2021-04-14 00:00:00,NA,1021.3,16.6,90,NA
2021-04-15 00:00:00,1013.3,NA,NA,NA,NA
2021-04-15 12:00:00,1012.6,1015.3,20.2,91,NA
2021-04-15 13:00:00,1012.4,1015,22.2,83,NA
2021-04-15 14:00:00,1012.6,1015.3,24,76,NA
2021-04-15 15:00:00,1012.1,1014.8,23.5,73,NA
2021-04-15 16:00:00,1011.3,1014,23.5,67,NA
2021-04-15 17:00:00,1010.6,1013.3,24.2,71,NA
2021-04-15 18:00:00,1010.6,1013.3,24.5,69,NA
2021-04-15 19:00:00,1010.4,1013,24.3,67,NA
2021-04-15 20:00:00,1010.4,1013,23.2,75,NA
2021-04-15 21:00:00,1010.4,1013,22.2,84,NA
2021-04-15 22:00:00,1010.7,1013.4,19.8,92,NA
2021-04-15 23:00:00,1011.2,1013.9,19.2,98,NA
2021-04-16 00:00:00,NA,1014.2,18.6,96,NA
2021-04-17 00:00:00,1013.2,NA,NA,NA,NA
2021-04-17 12:00:00,1016.7,1019.4,17.2,96,NA
2021-04-17 13:00:00,1016.7,1019.4,21.6,89,NA
2021-04-17 14:00:00,1016.7,1019.4,23,80,NA
2021-04-17 15:00:00,1016.6,1019.3,23.7,73,NA
2021-04-17 16:00:00,1016.4,1019,24.2,69,NA
2021-04-17 17:00:00,1015.6,1018.2,24,71,NA
2021-04-17 18:00:00,1015.2,1017.8,24,71,NA
2021-04-17 19:00:00,1015,1017.7,23.5,74,NA
2021-04-17 20:00:00,1015.3,1017.8,22.4,78,NA
2021-04-17 21:00:00,1015.4,1018.1,20.6,89,NA
2021-04-17 22:00:00,1015.3,1018,19.2,91,NA
2021-04-17 23:00:00,1015.6,1018.2,18.8,94,NA
2021-04-18 00:00:00,NA,1018.5,18,95,NA
2021-04-19 00:00:00,1016.6,NA,NA,NA,NA
2021-04-19 12:00:00,1020.4,1023,20,80,NA
2021-04-19 13:00:00,1020.4,1023,20.8,74,NA
2021-04-19 14:00:00,1020.2,1022.9,21.3,79,NA
2021-04-19 16:00:00,1019.3,1022,22.5,69,NA
2021-04-19 17:00:00,1018.8,1021.4,22.8,67,NA
2021-04-19 18:00:00,1018.4,1021,22.6,70,NA
2021-04-19 19:00:00,1018,1020.6,22.6,69,NA
2021-04-19 20:00:00,1018.2,1020.9,22.2,78,NA
2021-04-19 21:00:00,1018,1020.6,20.6,86,NA
2021-04-19 22:00:00,1018.1,1020.8,19.6,91,NA
2021-04-19 23:00:00,1018.2,1020.9,20.3,88,NA
2021-04-20 00:00:00,NA,1021.2,20.5,88,NA
2021-04-21 00:00:00,1017.9,NA,NA,NA,NA
2021-04-21 12:00:00,1018.8,1021.4,20.5,76,NA
2021-04-21 13:00:00,1018.9,1021.6,21.3,72,NA
2021-04-21 14:00:00,1018.4,1021,21.5,73,NA
2021-04-21 15:00:00,1017.6,1020.2,21.8,71,NA
2021-04-21 16:00:00,1016.1,1018.8,23,71,NA
2021-04-21 17:00:00,1015.8,1018.5,23,75,NA
2021-04-21 18:00:00,1015.6,1018.2,23,75,NA
2021-04-21 19:00:00,1015.3,1018,23.5,71,NA
2021-04-21 20:00:00,1013.9,1016.5,23.5,71,NA
2021-04-21 21:00:00,NA,1016.9,22.6,75,NA
2021-04-21 22:00:00,1014.5,1017.2,21.8,79,NA
2021-04-21 23:00:00,NA,1018.9,21.6,80,NA
2021-04-22 00:00:00,NA,1019,21.5,80,NA
2021-04-23 00:00:00,1013,NA,NA,NA,NA
2021-04-23 12:00:00,NA,1016.9,20,81,NA
2021-04-23 13:00:00,NA,1016.4,20.5,77,NA
2021-04-23 14:00:00,NA,1015.8,21.5,73,NA
2021-04-23 15:00:00,NA,1015.4,22.3,71,NA
2021-04-23 16:00:00,NA,1014.6,23,69,NA
2021-04-23 17:00:00,NA,1013.4,23.2,67,NA
2021-04-23 18:00:00,NA,1013.4,24.2,69,NA
2021-04-23 19:00:00,NA,1012.9,23.6,67,NA
2021-04-23 20:00:00,NA,1012.4,23.5,73,NA
2021-04-23 21:00:00,NA,1012.4,23.2,74,NA
2021-04-23 22:00:00,NA,1012.4,20.1,90,NA
2021-04-23 23:00:00,NA,1012.4,20.5,86,NA
2021-04-24 00:00:00,NA,1013,20,91,NA
2021-04-25 12:00:00,NA,1018.5,NA,NA,NA
2021-04-25 13:00:00,NA,1018.9,14.8,83,NA
2021-04-25 14:00:00,NA,1018.9,17.2,79,NA
2021-04-25 15:00:00,NA,1018.8,17.2,86,NA
2021-04-25 16:00:00,NA,1018.4,19.2,79,NA
2021-04-25 17:00:00,NA,1018.1,19.5,73,NA
2021-04-25 18:00:00,NA,1018,18.6,84,NA
2021-04-25 19:00:00,NA,1018,20.4,65,NA
2021-04-25 20:00:00,NA,1018.4,19.5,70,NA
2021-04-25 21:00:00,NA,1018.5,18,75,NA
2021-04-25 22:00:00,NA,1018.6,16,81,NA
2021-04-25 23:00:00,NA,1019.4,15.4,85,NA
2021-04-26 00:00:00,NA,1019.8,15,84,NA
2021-04-27 12:00:00,NA,1021,14,81,NA
2021-04-27 13:00:00,NA,1021.4,16.3,76,NA
2021-04-27 14:00:00,NA,1021.3,19,64,NA
2021-04-27 15:00:00,NA,1020.9,20.5,53,NA
2021-04-27 16:00:00,NA,1020.4,21,51,NA
2021-04-27 17:00:00,NA,1019.4,21.5,48,NA
2021-04-27 18:00:00,NA,1019,20.2,55,NA
2021-04-27 19:00:00,NA,1018.9,18.5,62,NA
2021-04-27 20:00:00,NA,1018.9,19,64,NA
2021-04-27 21:00:00,NA,1018.9,17,83,NA
2021-04-27 22:00:00,NA,1019.2,17,83,NA
2021-04-27 23:00:00,NA,1019.4,14.5,83,NA
2021-04-28 00:00:00,1016.9,NA,13.5,90,NA
2021-04-28 12:00:00,1019.7,NA,15.7,88,NA
2021-04-28 13:00:00,1019.9,NA,17.6,78,NA
2021-04-28 14:00:00,1019.8,NA,20,65,NA
2021-04-28 15:00:00,1019.6,NA,22,59,NA
2021-04-28 16:00:00,1018.6,NA,22.2,56,NA
2021-04-28 17:00:00,1018.2,NA,22.8,54,NA
2021-04-28 18:00:00,1018,NA,23,50,NA
2021-04-28 19:00:00,1017.8,NA,23,50,NA
2021-04-28 20:00:00,1018.4,NA,20.8,55,NA
2021-04-28 21:00:00,1018.6,NA,18.6,64,NA
2021-04-28 22:00:00,1018.9,NA,16,85,NA
2021-04-28 23:00:00,1019.2,NA,15.5,90,NA
2021-04-29 12:00:00,NA,1023.8,15.7,97,NA
2021-04-29 13:00:00,NA,1023.8,18.8,82,NA
2021-04-29 14:00:00,NA,1024,21,65,NA
2021-04-29 15:00:00,NA,1023.6,22.3,63,NA
2021-04-29 16:00:00,NA,1023,23.5,55,NA
2021-04-29 17:00:00,NA,1022.5,24.5,50,NA
2021-04-29 18:00:00,NA,1022.1,23,52,NA
2021-04-29 19:00:00,NA,1021.8,22.5,51,NA
2021-04-29 20:00:00,NA,1021.8,21.8,55,NA
2021-04-29 21:00:00,NA,1021.8,21.2,56,NA
2021-04-29 22:00:00,NA,1021.8,16.4,86,NA
2021-04-29 23:00:00,NA,1022.5,15,91,NA
2021-04-30 00:00:00,1019.8,NA,14.5,89,NA
2021-04-30 12:00:00,1019.2,NA,16.5,89,NA
2021-04-30 13:00:00,1019.3,NA,18.6,78,NA
2021-04-30 14:00:00,1019,NA,20,66,NA
2021-04-30 15:00:00,1018.4,NA,21,60,NA
2021-04-30 16:00:00,1017.8,NA,21.5,60,NA
2021-04-30 17:00:00,1016.9,NA,21.5,60,NA
2021-04-30 18:00:00,1016.2,NA,21.6,60,NA
2021-04-30 19:00:00,1015.8,NA,21.3,64,NA
2021-04-30 20:00:00,1015.8,NA,20.4,63,NA
2021-04-30 21:00:00,1015.3,NA,18.1,79,NA
2021-04-30 22:00:00,1015.2,NA,16,91,NA
2021-04-30 23:00:00,1015.3,NA,16.3,93,NA
2021-05-01 12:00:00,NA,1018.5,17.6,92,NA
2021-05-01 13:00:00,NA,1018.5,20.3,77,NA
2021-05-01 14:00:00,NA,1018.5,21.7,67,NA
2021-05-01 15:00:00,NA,1018.1,23.5,59,NA
2021-05-01 16:00:00,NA,1017.4,24.5,55,NA
2021-05-01 17:00:00,NA,1016.5,24.5,59,NA
2021-05-01 18:00:00,NA,1015.8,23.6,63,NA
2021-05-01 19:00:00,NA,1015.7,23.2,61,NA
2021-05-01 20:00:00,NA,1015.4,23,62,NA
2021-05-01 21:00:00,NA,1015.2,20.8,80,NA
2021-05-01 22:00:00,NA,1015.4,18.4,90,NA
2021-05-01 23:00:00,NA,1015.8,18.4,94,NA
2021-05-02 00:00:00,1013.6,NA,16.2,95,NA
2021-05-02 12:00:00,1013.5,NA,18,89,NA
2021-05-02 13:00:00,1013.3,NA,20.2,83,NA
2021-05-02 14:00:00,1013,NA,22.4,69,NA
2021-05-02 15:00:00,1012.3,NA,24,66,NA
2021-05-02 16:00:00,1011.7,NA,25,57,NA
2021-05-02 17:00:00,1010.7,NA,25,60,NA
2021-05-02 18:00:00,1010.2,NA,25.4,59,NA
2021-05-02 19:00:00,1009.2,NA,25.5,54,NA
2021-05-02 20:00:00,1009.9,NA,24.3,57,NA
2021-05-02 21:00:00,1009.7,NA,21.5,79,NA
2021-05-02 22:00:00,1009.7,NA,19,90,NA
2021-05-02 23:00:00,1010.1,NA,19,90,NA
2021-05-03 12:00:00,NA,1011.3,19.3,89,NA
2021-05-03 13:00:00,NA,1010.5,21.8,79,NA
2021-05-03 14:00:00,NA,1009.8,22.3,73,NA
2021-05-03 15:00:00,NA,1009.7,22.6,73,NA
2021-05-03 16:00:00,NA,1008.2,21.7,82,NA
2021-05-03 17:00:00,NA,1007.8,21.4,82,NA
2021-05-03 18:00:00,NA,1008.2,20.4,93,NA
2021-05-03 19:00:00,NA,1008.2,19.6,98,NA
2021-05-03 20:00:00,NA,1007.7,19.4,96,NA
2021-05-03 21:00:00,NA,1008.6,19,100,NA
2021-05-03 22:00:00,NA,1009.6,19,98,NA
2021-05-03 23:00:00,NA,1010.6,19,95,NA
2021-05-04 00:00:00,1009,NA,19,94,NA
2021-05-04 13:00:00,1018.8,NA,12.3,68,NA
2021-05-04 14:00:00,1019.4,NA,NA,NA,NA
2021-05-04 15:00:00,1019.4,NA,15,62,NA
2021-05-04 16:00:00,1019.2,NA,15.5,57,NA
2021-05-04 17:00:00,1019,NA,16.8,56,NA
2021-05-04 18:00:00,1019.2,NA,15.8,55,NA
2021-05-04 19:00:00,1020,NA,16.2,56,NA
2021-05-04 20:00:00,1021,NA,16,56,NA
2021-05-04 21:00:00,1021.7,NA,13.6,65,NA
2021-05-04 23:00:00,1022.8,NA,11.4,68,NA
2021-05-05 12:00:00,NA,1026.5,7.5,77,NA
2021-05-05 13:00:00,NA,1026.9,9.5,68,NA
2021-05-05 14:00:00,NA,1026.9,10,63,NA
2021-05-05 15:00:00,NA,1026.5,13.5,54,NA
2021-05-05 16:00:00,NA,1025.7,14.4,52,NA
2021-05-05 17:00:00,NA,1024.9,14.6,52,NA
2021-05-05 18:00:00,NA,1024.4,15,51,NA
2021-05-05 19:00:00,NA,1024.2,14.4,54,NA
2021-05-05 20:00:00,NA,1024.2,14.5,50,NA
2021-05-05 21:00:00,NA,1024.2,12.8,63,NA
2021-05-05 22:00:00,NA,1024.8,11,67,NA
2021-05-05 23:00:00,NA,1025.4,11,67,NA
2021-05-06 00:00:00,1022.9,NA,11,69,NA
2021-05-06 12:00:00,1022.5,NA,7,71,NA
2021-05-06 13:00:00,1022.5,NA,10,67,NA
2021-05-06 14:00:00,1022.4,NA,13,68,NA
2021-05-06 15:00:00,1022.2,NA,15.5,67,NA
2021-05-06 16:00:00,1022,NA,16.5,59,NA
2021-05-06 17:00:00,1021.3,NA,16.8,60,NA
2021-05-06 18:00:00,1021,NA,17.6,58,NA
2021-05-06 19:00:00,1021,NA,17.2,57,NA
2021-05-06 20:00:00,1021.2,NA,17.3,58,NA
2021-05-06 21:00:00,1020.8,NA,15.5,70,NA
2021-05-06 22:00:00,1021,NA,14,74,NA
2021-05-06 23:00:00,1021.4,NA,12.5,78,NA
2021-05-07 12:00:00,NA,1026.5,9.8,85,NA
2021-05-07 13:00:00,NA,1027,12.6,79,NA
2021-05-07 14:00:00,NA,1027,15.2,70,NA
2021-05-07 15:00:00,NA,1027,16.5,58,NA
2021-05-07 16:00:00,NA,1026.5,17.2,58,NA
2021-05-07 17:00:00,NA,1026.1,17.4,60,NA
2021-05-07 18:00:00,NA,1025.8,16.6,65,NA
2021-05-07 19:00:00,NA,1026.1,16.5,69,NA
2021-05-07 20:00:00,NA,1026.4,16,70,NA
2021-05-07 21:00:00,NA,1026.6,14.4,73,NA
2021-05-07 22:00:00,NA,1027.2,12.6,86,NA
2021-05-07 23:00:00,1024.5,NA,11.4,88,NA
2021-05-08 00:00:00,1024.6,NA,10.6,87,NA
2021-05-08 12:00:00,1025.8,NA,13.3,82,NA
2021-05-08 13:00:00,1026.1,NA,15.2,76,NA
2021-05-08 14:00:00,1026.1,NA,16,71,NA
2021-05-08 15:00:00,1026,NA,16.1,67,NA
2021-05-08 16:00:00,1025.6,NA,16.3,58,NA
2021-05-08 18:00:00,1024.3,NA,16.3,65,NA
2021-05-08 19:00:00,1024.3,NA,16,70,NA
2021-05-08 20:00:00,1024.1,NA,15.3,73,NA
2021-05-08 21:00:00,1023.9,NA,12.8,87,NA
2021-05-08 22:00:00,1024,NA,11.2,94,NA
2021-05-08 23:00:00,1023.7,NA,10.2,82,NA
2021-05-09 12:00:00,NA,1025.3,14.2,91,NA
2021-05-09 13:00:00,NA,1025.4,14.2,91,NA
2021-05-09 14:00:00,NA,1025,14.2,91,NA
2021-05-09 15:00:00,NA,1024.1,15.8,81,NA
2021-05-09 16:00:00,NA,1023.3,16.2,81,NA
2021-05-09 17:00:00,NA,1022.2,16.5,80,NA
2021-05-09 18:00:00,NA,1021.3,16,83,NA
2021-05-09 19:00:00,NA,1021,16.5,85,NA
2021-05-09 20:00:00,NA,1021.3,16.3,85,NA
2021-05-09 21:00:00,NA,1021.3,14.8,96,NA
2021-05-09 22:00:00,NA,1021.2,14,96,NA
2021-05-09 23:00:00,NA,1020.9,13.5,94,NA
2021-05-10 00:00:00,1018,NA,13,95,NA
2021-05-10 12:00:00,1019,NA,9.4,97,NA
2021-05-10 13:00:00,1019.5,NA,11,98,NA
2021-05-10 14:00:00,1019.7,NA,15,76,NA
2021-05-10 15:00:00,1019.8,NA,16,59,NA
2021-05-10 16:00:00,1018.8,NA,18,41,NA
2021-05-10 18:00:00,1018.6,NA,17.2,42,NA
2021-05-10 20:00:00,1019.2,NA,15.3,56,NA
2021-05-10 22:00:00,1019.6,NA,12.6,68,NA
2021-05-11 12:00:00,NA,1024.1,7.4,75,NA
2021-05-11 13:00:00,NA,1024.1,10,75,NA
2021-05-11 14:00:00,NA,1023.8,13,66,NA
2021-05-11 15:00:00,NA,1023.7,15.2,63,NA
2021-05-11 16:00:00,NA,1023,16,58,NA
2021-05-11 17:00:00,NA,1022.5,16.5,58,NA
2021-05-11 18:00:00,NA,1021.8,17,55,NA
2021-05-11 19:00:00,NA,1021.6,16.5,59,NA
2021-05-11 20:00:00,NA,1021.6,16.5,65,NA
2021-05-11 21:00:00,NA,1021.4,15,71,NA
2021-05-11 22:00:00,NA,1021.4,13.6,77,NA
2021-05-11 23:00:00,NA,1021.8,12.2,80,NA
2021-05-12 00:00:00,1019.3,NA,11.4,83,NA
2021-05-12 12:00:00,1019.9,NA,8,72,NA
2021-05-12 13:00:00,1020,NA,12,65,NA
2021-05-12 14:00:00,1020.1,NA,14.5,53,NA
2021-05-12 16:00:00,1018.2,NA,17,41,NA
2021-05-12 17:00:00,1017.4,NA,17.6,39,NA
2021-05-12 18:00:00,1016.8,NA,18.2,37,NA
2021-05-12 19:00:00,1016.4,NA,18,36,NA
2021-05-12 20:00:00,1016.2,NA,15.8,58,NA
2021-05-12 21:00:00,1016.4,NA,12.5,66,NA
2021-05-12 23:00:00,1016.4,NA,9.5,80,NA
2021-05-13 12:00:00,NA,1021.7,9.3,89,NA
2021-05-13 13:00:00,NA,1022.1,12.7,65,NA
2021-05-13 14:00:00,NA,1022.1,15.6,57,NA
2021-05-13 15:00:00,NA,1021.8,17.2,54,NA
2021-05-13 16:00:00,NA,1021.3,18.6,55,NA
2021-05-13 17:00:00,NA,1021,19.5,51,NA
2021-05-13 18:00:00,NA,1020.8,20,50,NA
2021-05-13 19:00:00,NA,1020.9,20.3,49,NA
2021-05-13 20:00:00,NA,1020.8,19.4,52,NA
2021-05-13 21:00:00,NA,1021.2,13.5,81,NA
2021-05-13 22:00:00,NA,1021.7,11.4,89,NA
2021-05-13 23:00:00,NA,1021.7,10.5,89,NA
2021-05-14 00:00:00,1019.3,NA,10,89,NA
2021-05-14 12:00:00,1020.4,NA,8.6,96,NA
2021-05-14 13:00:00,1020.6,NA,13.4,80,NA
2021-05-14 14:00:00,1020.8,NA,15.4,68,NA
2021-05-14 15:00:00,1020.4,NA,17.5,64,NA
2021-05-14 16:00:00,1019.6,NA,18.6,57,NA
2021-05-14 17:00:00,1018.6,NA,19.5,58,NA
2021-05-14 18:00:00,1017.8,NA,19.5,45,NA
2021-05-14 19:00:00,1017.6,NA,18,67,NA
2021-05-14 20:00:00,1017.4,NA,16.5,74,NA
2021-05-14 21:00:00,1017.6,NA,13.3,90,NA
2021-05-14 22:00:00,1017.7,NA,11.8,96,NA
2021-05-14 23:00:00,1018.2,NA,9.8,98,NA
2021-05-15 12:00:00,NA,1021,6.5,94,NA
2021-05-15 13:00:00,NA,1021.3,13.7,94,NA
2021-05-15 14:00:00,NA,1021.7,14,91,NA
2021-05-15 16:00:00,NA,1020.9,18,62,NA
2021-05-15 17:00:00,NA,1020.1,18.1,57,NA
2021-05-15 18:00:00,NA,1020,18.2,57,NA
2021-05-15 19:00:00,NA,1019.4,18,72,NA
2021-05-15 20:00:00,NA,1019.7,16.5,75,NA
2021-05-15 21:00:00,NA,1019.8,13.5,86,NA
2021-05-15 22:00:00,NA,1019.8,12.9,88,NA
2021-05-15 23:00:00,NA,1020.4,9.5,95,NA
2021-05-16 00:00:00,1017.7,NA,8.5,100,NA
2021-05-16 12:00:00,1018.3,NA,9,94,NA
2021-05-16 14:00:00,1018.2,NA,14.5,71,NA
2021-05-16 16:00:00,1017,NA,19.2,55,NA
2021-05-16 18:00:00,1016.5,NA,19.4,49,NA
2021-05-16 20:00:00,1016.3,NA,15,82,NA
2021-05-16 22:00:00,1016.7,NA,13,88,NA
2021-05-17 12:00:00,NA,1021.7,9,93,NA
2021-05-17 13:00:00,NA,1022.1,11.5,NA,NA
2021-05-17 14:00:00,NA,1022.4,14,75,NA
2021-05-17 15:00:00,NA,1022.1,15.3,64,NA
2021-05-17 16:00:00,NA,1021.7,16.3,57,NA
2021-05-17 17:00:00,NA,1021.4,16.8,58,NA
2021-05-17 18:00:00,NA,1020.9,17,52,NA
2021-05-17 19:00:00,NA,1020.6,17,52,NA
2021-05-17 20:00:00,NA,1020.9,16,63,NA
2021-05-17 21:00:00,NA,1020.9,13.5,67,NA
2021-05-17 22:00:00,NA,1021.4,11.5,80,NA
2021-05-17 23:00:00,NA,1022.1,11,81,NA
2021-05-18 00:00:00,1019.4,NA,10.5,79,NA
2021-05-18 12:00:00,1019.7,NA,7.3,96,NA
2021-05-18 13:00:00,1019.8,NA,11.6,80,NA
2021-05-18 15:00:00,1019.7,NA,14.5,63,NA
2021-05-18 16:00:00,1018.7,NA,14.8,64,NA
2021-05-18 17:00:00,1018,NA,15.3,62,NA
2021-05-18 18:00:00,1017,NA,16.2,60,NA
2021-05-18 19:00:00,1017.2,NA,15.2,64,NA
2021-05-18 20:00:00,1017.3,NA,14,74,NA
2021-05-18 21:00:00,1017,NA,11,82,NA
2021-05-18 22:00:00,1017.2,NA,9.5,85,NA
2021-05-18 23:00:00,1017,NA,8.4,91,NA
2021-05-19 12:00:00,NA,1019.4,7,94,NA
2021-05-19 13:00:00,NA,1019.4,12.3,87,NA
2021-05-19 14:00:00,NA,1019.4,14.5,78,NA
2021-05-19 15:00:00,NA,1019,15.5,69,NA
2021-05-19 16:00:00,NA,1018.1,16.2,65,NA
2021-05-19 17:00:00,NA,1017.4,15.7,69,NA
2021-05-19 18:00:00,NA,1016.6,15.2,70,NA
2021-05-19 19:00:00,NA,1016.4,15.4,69,NA
2021-05-19 20:00:00,NA,1016.9,14,76,NA
2021-05-19 21:00:00,NA,1017.2,12.8,84,NA
2021-05-19 22:00:00,NA,1017.7,13,84,NA
2021-05-19 23:00:00,NA,1018.2,11.2,85,NA
2021-05-20 00:00:00,1015.3,NA,10,89,NA
2021-05-20 13:00:00,1015.4,NA,13,90,NA
2021-05-20 16:00:00,1013.9,NA,16.2,78,NA
2021-05-20 17:00:00,1013,NA,16,81,NA
2021-05-20 18:00:00,1012.7,NA,15.6,85,NA
2021-05-20 19:00:00,1012.2,NA,16.3,80,NA
2021-05-20 20:00:00,1012.4,NA,15,88,NA
2021-05-20 21:00:00,1012.4,NA,13.5,94,NA
2021-05-20 22:00:00,1012.4,NA,13,89,NA
2021-05-20 23:00:00,1012.8,NA,13,95,NA
2021-05-21 12:00:00,NA,1013.4,15.6,94,NA
2021-05-21 13:00:00,NA,1013.4,16.2,89,NA
2021-05-21 14:00:00,NA,1013.9,16.4,90,NA
2021-05-21 15:00:00,NA,1014.5,16.1,86,NA
2021-05-21 16:00:00,NA,1010.9,16.5,85,NA
2021-05-21 17:00:00,NA,1012.8,16.5,85,NA
2021-05-21 18:00:00,NA,1011.6,16.6,84,NA
2021-05-21 19:00:00,NA,1011.2,16.4,84,NA
2021-05-21 20:00:00,NA,1010.9,16.2,86,NA
2021-05-21 21:00:00,NA,1010.2,15.5,78,NA
2021-05-21 22:00:00,NA,1009.8,15.5,93,NA
2021-05-21 23:00:00,NA,1009.4,15.2,92,NA
2021-05-22 00:00:00,1006.4,NA,15.2,92,NA
2021-05-22 12:00:00,995.3,NA,14.6,94,NA
2021-05-22 13:00:00,995.6,NA,14.4,93,NA
2021-05-22 14:00:00,995.2,NA,14.7,91,NA
2021-05-22 15:00:00,995.3,NA,14.4,96,NA
2021-05-22 16:00:00,994.1,NA,14.6,84,NA
2021-05-22 17:00:00,993.2,NA,14.6,96,NA
2021-05-22 18:00:00,992.6,NA,14.7,82,NA
2021-05-22 19:00:00,992.4,NA,14.1,85,NA
2021-05-22 20:00:00,992.3,NA,13.7,87,NA
2021-05-22 21:00:00,991.9,NA,13.1,88,NA
2021-05-22 22:00:00,992.4,NA,13.5,90,NA
2021-05-22 23:00:00,992.6,NA,13.2,94,NA
2021-05-23 12:00:00,NA,1005,12.2,95,NA
2021-05-23 13:00:00,NA,1005.7,12.4,93,NA
2021-05-23 14:00:00,NA,1006.2,12.5,92,NA
2021-05-23 15:00:00,NA,1006.6,13.5,83,NA
2021-05-23 16:00:00,NA,1006.6,14,78,NA
2021-05-23 17:00:00,NA,1007,13.5,81,NA
2021-05-23 18:00:00,NA,1007.4,14,76,NA
2021-05-23 19:00:00,NA,1008.2,14.2,74,NA
2021-05-23 20:00:00,NA,1008.9,14,76,NA
2021-05-23 21:00:00,NA,1009.7,13.8,76,NA
2021-05-23 22:00:00,NA,1010.2,12.6,82,NA
2021-05-23 23:00:00,NA,1010.9,11.8,86,NA
2021-05-24 00:00:00,NA,1011.4,11.6,86,NA
2021-05-25 12:00:00,NA,1013.9,10.8,86,NA
2021-05-25 13:00:00,NA,1014.6,12.1,70,NA
2021-05-25 14:00:00,NA,1015.8,13.6,69,NA
2021-05-25 15:00:00,NA,1016.4,15.2,60,NA
2021-05-25 16:00:00,NA,1016.4,16.7,50,NA
2021-05-25 17:00:00,NA,1016.5,17.1,45,NA
2021-05-25 18:00:00,NA,1016.5,16.8,45,NA
2021-05-25 19:00:00,NA,1016.6,16.6,44,NA
2021-05-25 20:00:00,NA,1017.3,15.3,48,NA
2021-05-25 21:00:00,NA,1017.7,13.2,56,NA
2021-05-25 22:00:00,NA,1017.8,11.5,80,NA
2021-05-25 23:00:00,NA,1018.9,11,70,NA
2021-05-26 00:00:00,NA,1019,9.3,66,NA
2021-05-27 12:00:00,NA,1011.6,11,81,NA
2021-05-27 13:00:00,NA,1012,14.2,72,NA
2021-05-27 14:00:00,NA,1011.7,15.5,69,NA
2021-05-27 15:00:00,NA,1010.9,18.6,67,NA
2021-05-27 16:00:00,NA,1009.7,20.5,58,NA
2021-05-27 17:00:00,1005.4,1008.1,21.2,53,NA
2021-05-27 18:00:00,1004.4,1007,21.6,53,NA
2021-05-27 19:00:00,1003.6,1006.2,19.4,62,NA
2021-05-27 20:00:00,1002.8,1005.4,17.8,71,NA
2021-05-27 21:00:00,1002.2,1004.9,16.4,75,NA
2021-05-27 22:00:00,1002.2,1004.9,15.2,81,NA
2021-05-27 23:00:00,1002,1004.6,15,81,NA
2021-05-28 00:00:00,NA,1004.8,13.3,88,NA
2021-05-29 00:00:00,1001.7,NA,NA,NA,NA
2021-05-29 12:00:00,1009,1011.7,9,87,NA
2021-05-29 13:00:00,1010.4,1013,9,74,NA
2021-05-29 14:00:00,1011.4,1014.1,9,62,NA
2021-05-29 15:00:00,1012,1014.6,9,59,NA
2021-05-29 16:00:00,1012.3,1014.9,10,52,NA
2021-05-29 17:00:00,1012.2,1014.9,10,56,NA
2021-05-29 18:00:00,1012,1014.6,10.3,41,NA
2021-05-29 19:00:00,1012.4,1015,10.5,47,NA
2021-05-29 20:00:00,1013,1015.7,10,51,NA
2021-05-29 21:00:00,1013.9,1016.5,8,61,NA
2021-05-29 22:00:00,1014.2,1016.9,7.1,66,NA
2021-05-29 23:00:00,1014.6,1017.3,6.5,64,NA
2021-05-30 00:00:00,NA,1017.3,6,67,NA
2021-05-31 00:00:00,1014.7,NA,NA,NA,NA
2021-05-31 12:00:00,NA,1013.7,10.6,69,NA
2021-05-31 13:00:00,1011.4,1014.1,13.6,78,NA
2021-05-31 14:00:00,NA,1014.5,14.8,53,NA
2021-05-31 15:00:00,1011.2,1013.9,16,52,NA
2021-05-31 16:00:00,1010.4,1013,17,52,NA
2021-05-31 17:00:00,1010.2,1012.9,17.5,51,NA
2021-05-31 18:00:00,1009.6,1012.2,18.5,53,NA
2021-05-31 19:00:00,1009.8,1012.5,18,49,NA
2021-05-31 20:00:00,1010,1012.6,17.1,63,NA
2021-05-31 21:00:00,1009.8,1012.5,14,73,NA
2021-05-31 22:00:00,1010.1,1012.8,13.8,80,NA
2021-05-31 23:00:00,1010.5,1013.2,13,77,NA
2021-06-01 00:00:00,NA,1012.9,12.5,83,NA
2021-06-02 00:00:00,1004.9,NA,NA,NA,NA
2021-06-02 12:00:00,1010.3,1013,9.2,97,NA
2021-06-02 13:00:00,1011.4,1014.1,10.5,94,NA
2021-06-02 14:00:00,1011.9,1014.6,11.5,82,NA
2021-06-02 15:00:00,1011.7,1014.4,13.5,72,NA
2021-06-02 16:00:00,1011.6,1014.2,14.6,66,NA
2021-06-02 17:00:00,1011,1013.7,15.3,62,NA
2021-06-02 18:00:00,NA,1014.2,15.5,49,NA
2021-06-02 19:00:00,1011.4,1014.1,15.2,45,NA
2021-06-02 20:00:00,1012.1,1014.8,13.9,50,NA
2021-06-02 21:00:00,1013,1015.7,12,67,NA
2021-06-02 22:00:00,1013.6,1016.2,10.5,74,NA
2021-06-02 23:00:00,1014,1016.6,10.5,74,NA
2021-06-03 00:00:00,NA,1016.9,9,82,NA
2021-06-04 00:00:00,1008.9,NA,NA,NA,NA
2021-06-04 12:00:00,1008.9,1011.6,13.5,86,NA
2021-06-04 13:00:00,1009.2,1011.8,15.5,80,NA
2021-06-04 14:00:00,1009.2,1011.8,17.5,77,NA
2021-06-04 15:00:00,1008.6,1011.3,19,72,NA
2021-06-04 16:00:00,1007.7,1010.4,19.8,69,NA
2021-06-04 17:00:00,1006.9,1009.6,20.5,69,NA
2021-06-04 18:00:00,1006.3,1008.9,20.2,73,NA
2021-06-04 19:00:00,1006,1008.6,16.5,94,NA
2021-06-04 20:00:00,1005.9,1008.5,15.5,96,NA
2021-06-04 21:00:00,1006.5,1009.3,15.7,97,NA
2021-06-04 22:00:00,1007.2,1009.8,14.5,96,NA
2021-06-04 23:00:00,1006.6,1009.3,14,94,NA
2021-06-05 00:00:00,NA,1009.3,13.7,93,NA
2021-06-06 00:00:00,1015.6,NA,NA,NA,NA
2021-06-06 12:00:00,1020.6,1023.3,3.6,90,NA
2021-06-06 13:00:00,1021,1023.7,6.8,77,NA
2021-06-06 14:00:00,1021.6,1024.2,9.6,67,NA
2021-06-06 15:00:00,1020.4,1023.6,11.5,68,NA
2021-06-06 16:00:00,1020.6,1023.3,13.2,58,NA
2021-06-06 17:00:00,1019.8,1022.5,13.4,58,NA
2021-06-06 18:00:00,NA,1021.8,13.5,60,NA
2021-06-06 19:00:00,1018.9,1021.6,11.9,70,NA
2021-06-06 20:00:00,1019,1021.7,11.3,77,NA
2021-06-06 21:00:00,1019,1021.7,10,82,NA
2021-06-06 22:00:00,1019,1021.7,8.8,84,NA
2021-06-06 23:00:00,1019.8,1022.5,7.6,86,NA
2021-06-07 00:00:00,NA,1023.3,6.4,88,NA
2021-06-07 23:00:00,1019.9,NA,NA,NA,NA
2021-06-08 00:00:00,1019.8,NA,NA,NA,NA
2021-06-08 12:00:00,NA,1022,12.3,93,NA
2021-06-08 13:00:00,NA,1022.2,13.3,88,NA
2021-06-08 14:00:00,NA,1022,14.3,86,NA
2021-06-08 15:00:00,NA,1021.7,15,79,NA
2021-06-08 16:00:00,NA,1021,15,81,NA
2021-06-08 17:00:00,NA,1020.1,16.2,77,NA
2021-06-08 18:00:00,NA,1019.3,16.4,79,NA
2021-06-08 19:00:00,NA,1019.4,16,83,NA
2021-06-08 20:00:00,NA,1019.4,15.5,86,NA
2021-06-08 21:00:00,NA,1019.7,14.5,92,NA
2021-06-08 22:00:00,NA,1020.1,14.5,94,NA
2021-06-08 23:00:00,NA,1020.2,14.5,94,NA
2021-06-09 00:00:00,NA,1020.6,14.5,94,NA
2021-06-10 00:00:00,1014.8,NA,NA,NA,NA
2021-06-10 12:00:00,1015.4,1018.1,13.5,97,NA
2021-06-10 13:00:00,1015.6,1018.2,13.3,96,NA
2021-06-10 14:00:00,1016,1018.6,14.7,94,NA
2021-06-10 15:00:00,1015.6,1018.2,15.6,91,NA
2021-06-10 16:00:00,1015.2,1017.8,18,73,NA
2021-06-10 17:00:00,1014.9,1017.6,18.9,71,NA
2021-06-10 18:00:00,1015.2,1017.8,19.5,51,NA
2021-06-10 19:00:00,1015.2,1017.8,19.5,51,NA
2021-06-10 20:00:00,1015.8,1018.5,18.4,51,NA
2021-06-10 21:00:00,1016.5,1019.2,15.7,60,NA
2021-06-10 22:00:00,1016.9,1019.6,14.2,58,NA
2021-06-10 23:00:00,1017.7,1020.4,12.1,64,NA
2021-06-11 00:00:00,NA,1020.6,11.6,63,NA
2021-06-12 00:00:00,1013.7,NA,NA,NA,NA
2021-06-12 12:00:00,NA,1015.4,11.5,73,NA
2021-06-12 13:00:00,1013.2,1015.8,14.5,64,NA
2021-06-12 14:00:00,NA,1016.2,16.5,65,NA
2021-06-12 15:00:00,1013.2,1015.8,18.5,66,NA
2021-06-12 16:00:00,NA,1015,20,58,NA
2021-06-12 17:00:00,NA,1014.5,21.2,58,NA
2021-06-12 18:00:00,1011.2,1013.9,22,54,NA
2021-06-12 19:00:00,1011.2,1013.9,21,67,NA
2021-06-12 20:00:00,1011.4,1014.1,18,75,NA
2021-06-12 21:00:00,1011.8,1014.5,15.3,82,NA
2021-06-12 22:00:00,1012.2,1014.9,13.5,88,NA
2021-06-12 23:00:00,NA,1015.4,13.6,89,NA
2021-06-13 00:00:00,NA,1015.6,13.6,89,NA
2021-06-13 23:00:00,1013.7,NA,NA,NA,NA
2021-06-14 00:00:00,1014,NA,NA,NA,NA
2021-06-14 12:00:00,1015.4,1018.1,11.6,91,NA
2021-06-14 13:00:00,1016.5,1019.2,14,81,NA
2021-06-14 14:00:00,1016.8,1019.4,14.3,80,NA
2021-06-14 15:00:00,1016.9,1019.6,13.7,82,NA
2021-06-14 16:00:00,1016.9,1019.6,13.8,82,NA
2021-06-14 17:00:00,1017.2,1019.8,13.3,81,NA
2021-06-14 18:00:00,1017.4,1020.1,13.2,80,NA
2021-06-14 19:00:00,1018,1020.6,13.2,77,NA
2021-06-14 20:00:00,1018.5,1021.2,13.2,78,NA
2021-06-14 21:00:00,1019.6,1022.2,12.7,78,NA
2021-06-14 22:00:00,1020.5,1023.2,11.9,83,NA
2021-06-14 23:00:00,1021.4,1024.1,10.5,85,NA
2021-06-15 00:00:00,NA,1024.9,9.9,89,NA
2021-06-16 12:00:00,NA,1030.2,2.7,92,NA
2021-06-16 13:00:00,NA,1030.8,4,84,NA
2021-06-16 14:00:00,NA,1031.3,6.5,81,NA
2021-06-16 15:00:00,1028.1,1030.8,10,65,NA
2021-06-16 16:00:00,1027.5,1030.1,11.5,60,NA
2021-06-16 17:00:00,1027.2,1029.8,12,54,NA
2021-06-16 18:00:00,1027.2,1029.8,11,58,NA
2021-06-16 19:00:00,1026.9,1029.6,10.5,63,NA
2021-06-16 20:00:00,1026.9,1029.6,10,65,NA
2021-06-16 21:00:00,1027.2,1029.8,8.4,78,NA
2021-06-16 22:00:00,1027.4,1030.1,8.4,78,NA
2021-06-16 23:00:00,1027.4,1030.1,7.2,77,NA
2021-06-17 00:00:00,NA,1030.2,7,77,NA
2021-06-18 00:00:00,1027,NA,NA,NA,NA
2021-06-18 12:00:00,1027.4,1030.1,2.8,91,NA
2021-06-18 13:00:00,1027.6,1030.2,5,87,NA
2021-06-18 14:00:00,1027.8,1030.5,9,79,NA
2021-06-18 15:00:00,1027.2,1029.8,10,60,NA
2021-06-18 16:00:00,1026.4,1029,11.5,57,NA
2021-06-18 17:00:00,1025.8,1028.5,11.5,62,NA
2021-06-18 18:00:00,1025.6,1028.2,9.8,71,NA
2021-06-18 19:00:00,1025.6,1028.2,9.5,74,NA
2021-06-18 20:00:00,1025.6,1028.2,9,75,NA
2021-06-18 21:00:00,1025.7,1028.3,8.7,76,NA
2021-06-18 22:00:00,NA,1028.8,5.1,83,NA
2021-06-18 23:00:00,1026.3,1029,4.9,82,NA
2021-06-19 00:00:00,NA,1029.2,4.5,84,NA
2021-06-19 23:00:00,1023.6,NA,NA,NA,NA
2021-06-20 00:00:00,1023.8,NA,NA,NA,NA
2021-06-20 12:00:00,1022.4,1025,0.8,93,NA
2021-06-20 13:00:00,1022.8,1025.4,5.7,89,NA
2021-06-20 14:00:00,1022.7,1025.3,10,65,NA
2021-06-20 15:00:00,1022.7,1025.3,12,57,NA
2021-06-20 16:00:00,1021.8,1024.5,12.4,53,NA
2021-06-20 17:00:00,1021.2,1023.8,13.1,52,NA
2021-06-20 18:00:00,1020.5,1023.2,13.1,52,NA
2021-06-20 19:00:00,1020.4,1023,11.9,58,NA
2021-06-20 20:00:00,1020.5,1023.2,10.6,71,NA
2021-06-20 21:00:00,1020.8,1023.4,8,89,NA
2021-06-20 22:00:00,1020.9,1023.6,6.7,91,NA
2021-06-20 23:00:00,1021,1023.7,5.8,95,NA
2021-06-21 00:00:00,NA,1023.8,4.7,91,NA
2021-06-22 00:00:00,1021,NA,NA,NA,NA
2021-06-22 12:00:00,1022.4,1025,6,92,NA
2021-06-22 13:00:00,1022.5,1025.2,10.7,91,NA
2021-06-22 14:00:00,1022.8,1025.4,12,85,NA
2021-06-22 15:00:00,NA,1025.3,12.6,79,NA
2021-06-22 16:00:00,NA,1024.6,13.2,77,NA
2021-06-22 17:00:00,NA,1023.8,13.8,80,NA
2021-06-22 18:00:00,NA,1023.2,13.5,79,NA
2021-06-22 19:00:00,NA,1022.8,13.9,79,NA
2021-06-22 20:00:00,NA,1022.9,12.8,86,NA
2021-06-22 21:00:00,NA,1022.9,10.5,96,NA
2021-06-22 22:00:00,NA,1023.2,11,97,NA
2021-06-22 23:00:00,NA,1023.3,11.5,96,NA
2021-06-23 00:00:00,NA,1022.8,11.8,92,NA
2021-06-24 00:00:00,1008.6,NA,NA,NA,NA
2021-06-24 12:00:00,1004.9,1007.6,13,100,NA
2021-06-24 13:00:00,1004.9,1007.6,13,94,NA
2021-06-24 14:00:00,NA,1007.8,12.5,97,NA
2021-06-24 15:00:00,1005.2,1007.3,12.6,94,NA
2021-06-24 16:00:00,1004.2,1006.9,12.5,92,NA
2021-06-24 17:00:00,NA,1006.5,13.8,84,NA
2021-06-24 18:00:00,NA,1006.1,16,70,NA
2021-06-24 19:00:00,NA,1006.5,16.4,59,NA
2021-06-24 20:00:00,1004.8,1007.4,15.6,61,NA
2021-06-24 21:00:00,1005.8,1008.5,14.5,64,NA
2021-06-24 22:00:00,1006.6,1009.3,13.4,65,NA
2021-06-24 23:00:00,1007.2,1009.8,12,69,NA
2021-06-25 00:00:00,NA,1010.1,10.6,75,NA
2021-06-26 00:00:00,1012.8,NA,NA,NA,NA
2021-06-26 12:00:00,NA,1015.4,7.2,94,NA
2021-06-26 13:00:00,NA,1015.8,10.5,91,NA
2021-06-26 14:00:00,NA,1016.2,12.5,87,NA
2021-06-26 15:00:00,NA,1015.4,13.3,83,NA
2021-06-26 16:00:00,NA,1014.6,13.6,78,NA
2021-06-26 17:00:00,NA,1013.9,13,77,NA
2021-06-26 18:00:00,NA,1013.4,12.8,79,NA
2021-06-26 19:00:00,NA,1013.7,12.3,80,NA
2021-06-26 20:00:00,NA,1013.7,11.5,82,NA
2021-06-26 21:00:00,NA,1014.2,11,80,NA
2021-06-26 22:00:00,NA,1014.6,9.6,84,NA
2021-06-26 23:00:00,NA,1015.3,9.4,82,NA
2021-06-27 00:00:00,NA,1015.3,9,82,NA
2021-06-30 00:00:00,1024.2,NA,NA,NA,NA
2021-06-30 12:00:00,1025.2,1027.8,1.8,95,NA
2021-06-30 13:00:00,1025.8,1028.5,6,90,NA
2021-06-30 14:00:00,1025.8,1028.5,9,74,NA
2021-06-30 15:00:00,1025.6,1028.2,9.5,75,NA
2021-06-30 16:00:00,1025,1027.7,9.5,78,NA
2021-06-30 17:00:00,1024.4,1027,9.6,77,NA
2021-06-30 18:00:00,1024,1026.6,9.2,74,NA
2021-06-30 19:00:00,1023.2,1025.8,9.2,74,NA
2021-06-30 20:00:00,1022.8,1025.4,9,76,NA
2021-06-30 21:00:00,1022.6,1025.3,7.1,87,NA
2021-06-30 22:00:00,1022.9,1025.6,6.9,90,NA
2021-06-30 23:00:00,1022.8,1025.4,8.2,90,NA
2021-07-01 00:00:00,NA,1025.4,8.2,96,NA
