2021-01-07 00:00:00,1004.1,NA,NA,NA,NA
2021-01-07 09:00:00,1005,1007.7,16.8,97,NA
2021-01-07 10:00:00,1005.6,1008.3,18.1,87,NA
2021-01-07 11:00:00,1005.7,1008.4,20,77,NA
2021-01-07 12:00:00,1006.1,1008.8,20.7,75,NA
2021-01-07 13:00:00,1006,1008.7,23.2,60,NA
2021-01-07 14:00:00,1006,1008.7,24.2,56,NA
2021-01-07 15:00:00,1005.7,1008.3,26.2,48,NA
2021-01-07 16:00:00,1005,1007.6,28.2,35,NA
2021-01-07 17:00:00,1004.1,1006.7,29.9,31,NA
2021-01-07 18:00:00,1004.1,1006.7,30.8,28,NA
2021-01-07 19:00:00,1003.4,1006.1,31.8,26,NA
2021-01-07 20:00:00,1002.9,1005.5,32.2,26,NA
2021-01-07 21:00:00,1002.9,1005.5,32,26,NA
2021-01-07 22:00:00,1003,1005.7,31.8,29,NA
2021-01-07 23:00:00,1003.4,1006,29.6,38,NA
2021-01-08 00:00:00,NA,1006.4,26,49,NA
2021-01-09 00:00:00,1009.7,NA,NA,NA,NA
2021-01-09 09:00:00,1010.4,1013.1,19.9,82,NA
2021-01-09 10:00:00,1010.6,1013.3,19.5,77,NA
2021-01-09 11:00:00,1011,1013.8,21.1,64,NA
2021-01-09 12:00:00,1011.4,1014.2,21.8,66,NA
2021-01-09 13:00:00,1011.2,1013.9,20.7,80,NA
2021-01-09 14:00:00,1012.1,1014.8,21.3,78,NA
2021-01-09 15:00:00,1010.9,1013.6,23.9,63,NA
2021-01-09 16:00:00,1010.4,1013.1,24.4,62,NA
2021-01-09 17:00:00,1010.1,1012.8,25.4,59,NA
2021-01-09 18:00:00,1009.3,1012,25.6,57,NA
2021-01-09 19:00:00,1008.4,1011.1,26,51,NA
2021-01-09 20:00:00,1008.2,1011,25.2,54,NA
2021-01-09 21:00:00,1008.1,1010.8,24.2,58,NA
2021-01-09 22:00:00,1008.2,1010.9,23.3,66,NA
2021-01-09 23:00:00,1008.4,1011.1,22.2,73,NA
2021-01-10 00:00:00,NA,1011.6,20.8,82,NA
2021-01-11 00:00:00,1001.4,NA,NA,NA,NA
2021-01-11 09:00:00,1004.4,1007.1,18,99,NA
2021-01-11 10:00:00,1003.8,1006.6,18.4,93,NA
2021-01-11 11:00:00,1001.8,1004.5,18.8,97,NA
2021-01-11 12:00:00,1003,1005.8,18.6,99,NA
2021-01-11 13:00:00,1005.3,1008,19.4,99,NA
2021-01-11 14:00:00,1006.9,1009.6,19.7,97,NA
2021-01-11 15:00:00,1006.5,1009.2,19.4,97,NA
2021-01-11 16:00:00,1005,1007.7,20.2,93,NA
2021-01-11 17:00:00,1003.8,1006.6,20.4,90,NA
2021-01-11 18:00:00,1001,1003.7,21.5,85,NA
2021-01-11 19:00:00,1003.3,1006,23.9,74,NA
2021-01-11 20:00:00,1004.6,1007.4,22.5,77,NA
2021-01-11 21:00:00,1004.4,1007.1,24.2,68,NA
2021-01-11 22:00:00,1005.3,1008,23.9,66,NA
2021-01-11 23:00:00,1006.9,1009.6,23.1,76,NA
2021-01-12 00:00:00,NA,1010.7,20.9,88,NA
2021-01-13 00:00:00,1016.2,NA,NA,NA,NA
2021-01-13 09:00:00,1019.4,1022.1,15.6,74,NA
2021-01-13 10:00:00,1020,1022.6,17.3,76,NA
2021-01-13 11:00:00,1020.8,1023.4,20.1,58,NA
2021-01-13 12:00:00,1020.6,1023.3,21.3,49,NA
2021-01-13 13:00:00,1020.4,1023.1,22.5,37,NA
2021-01-13 14:00:00,1020.4,1023,23.4,31,NA
2021-01-13 15:00:00,1020.4,1023,24.6,25,NA
2021-01-13 16:00:00,1020,1022.6,24.5,32,NA
2021-01-13 17:00:00,1019.7,1022.4,25.3,32,NA
2021-01-13 18:00:00,1019.6,1022.2,25.2,29,NA
2021-01-13 19:00:00,NA,1021.9,25,18,NA
2021-01-13 20:00:00,1018.4,1021.1,25,20,NA
2021-01-13 21:00:00,1018.2,1020.9,24.2,31,NA
2021-01-13 22:00:00,1018.4,1021,22.8,35,NA
2021-01-13 23:00:00,1018.8,1021.4,21,55,NA
2021-01-14 00:00:00,NA,1021.5,19.2,66,NA
2021-01-15 00:00:00,1012.4,NA,NA,NA,NA
2021-01-15 09:00:00,1009.8,1012.6,20.4,76,NA
2021-01-15 10:00:00,1011.4,1014.1,20.6,76,NA
2021-01-15 11:00:00,1012,1014.7,20.2,82,NA
2021-01-15 12:00:00,1009.8,1012.6,22,72,NA
2021-01-15 13:00:00,1009.4,1012.1,23.2,68,NA
2021-01-15 14:00:00,1008.5,1011.2,22.7,70,NA
2021-01-15 15:00:00,1008.4,1011.1,22.3,73,NA
2021-01-15 16:00:00,1006.6,1009.3,23.3,70,NA
2021-01-15 17:00:00,1005,1007.7,23.5,70,NA
2021-01-15 18:00:00,1006.1,1008.8,23.8,71,NA
2021-01-15 19:00:00,1005.6,1008.3,23.9,71,NA
2021-01-15 20:00:00,1004.8,1007.5,23.9,70,NA
2021-01-15 21:00:00,1003,1005.8,23.7,71,NA
2021-01-15 22:00:00,NA,1005.8,23.4,75,NA
2021-01-15 23:00:00,1003.3,1006,22.5,84,NA
2021-01-16 00:00:00,NA,1005.6,22.2,85,NA
2021-01-17 00:00:00,1002.6,NA,NA,NA,NA
2021-01-17 09:00:00,1005.6,1008.3,14.4,97,NA
2021-01-17 10:00:00,1006,1008.7,15.9,93,NA
2021-01-17 11:00:00,1006.6,1009.4,18.2,80,NA
2021-01-17 12:00:00,1006.9,1009.6,19.1,72,NA
2021-01-17 13:00:00,1007.2,1009.9,20.2,67,NA
2021-01-17 14:00:00,1007.2,1009.9,20.7,59,NA
2021-01-17 15:00:00,1007,1009.8,22.4,51,NA
2021-01-17 16:00:00,1006.2,1009,22.8,48,NA
2021-01-17 17:00:00,NA,1008.8,23.2,45,NA
2021-01-17 18:00:00,NA,1008.7,24.1,45,NA
2021-01-17 19:00:00,NA,1009.4,23,48,NA
2021-01-17 20:00:00,NA,1009.6,23.2,45,NA
2021-01-17 21:00:00,NA,1009.7,22.5,52,NA
2021-01-17 22:00:00,NA,1010.1,22,49,NA
2021-01-17 23:00:00,NA,1010.7,21.2,55,NA
2021-01-18 00:00:00,NA,1011.3,20,60,NA
2021-01-19 09:00:00,NA,1017.2,19.5,74,NA
2021-01-19 10:00:00,NA,1017.9,22,68,NA
2021-01-19 11:00:00,NA,1018.4,24,61,NA
2021-01-19 12:00:00,NA,1018.8,25.4,51,NA
2021-01-19 13:00:00,NA,1018.8,26.6,48,NA
2021-01-19 14:00:00,NA,1019.1,28.4,41,NA
2021-01-19 15:00:00,NA,1018.9,29.2,38,NA
2021-01-19 16:00:00,NA,1018.6,30.3,31,NA
2021-01-19 17:00:00,NA,1018.1,31.3,32,NA
2021-01-19 18:00:00,NA,1017.7,31.5,27,NA
2021-01-19 19:00:00,NA,1017.3,31.7,26,NA
2021-01-19 20:00:00,NA,1016.9,31.9,25,NA
2021-01-19 21:00:00,NA,1016.6,31.8,22,NA
2021-01-19 22:00:00,NA,1016.8,31,24,NA
2021-01-19 23:00:00,NA,1017.1,27.5,36,NA
2021-01-20 00:00:00,NA,1017.3,25.3,51,NA
2021-01-21 09:00:00,NA,1020.3,19.7,85,NA
2021-01-21 10:00:00,NA,1021,21,82,NA
2021-01-21 11:00:00,NA,1021.7,22.8,76,NA
2021-01-21 12:00:00,NA,1021.8,24.2,70,NA
2021-01-21 13:00:00,NA,1021.8,25.4,64,NA
2021-01-21 14:00:00,NA,1021.6,25.8,59,NA
2021-01-21 15:00:00,NA,1021.4,27.6,52,NA
2021-01-21 16:00:00,NA,1021,28.5,40,NA
2021-01-21 17:00:00,NA,1020.4,29.7,41,NA
2021-01-21 18:00:00,NA,1019.8,30.7,38,NA
2021-01-21 19:00:00,NA,1019.4,30.4,41,NA
2021-01-21 20:00:00,NA,1019.1,30.3,39,NA
2021-01-21 21:00:00,NA,1018.8,29.1,44,NA
2021-01-21 22:00:00,NA,1019,26.8,64,NA
2021-01-21 23:00:00,NA,1019.4,24.6,81,NA
2021-01-22 00:00:00,NA,1019.8,23.5,88,NA
2021-01-23 09:00:00,NA,1017.3,22.5,88,NA
2021-01-23 10:00:00,NA,1017.6,23.2,85,NA
2021-01-23 11:00:00,NA,1017.7,24.8,80,NA
2021-01-23 12:00:00,NA,1017.8,26,73,NA
2021-01-23 13:00:00,NA,1017.4,27.1,69,NA
2021-01-23 14:00:00,NA,1017,30,59,NA
2021-01-23 15:00:00,NA,1016.5,30.6,55,NA
2021-01-23 16:00:00,NA,1015.8,32,50,NA
2021-01-23 17:00:00,NA,1015.3,32.5,49,NA
2021-01-23 18:00:00,NA,1014.7,32.7,38,NA
2021-01-23 19:00:00,NA,1013.5,33.6,36,NA
2021-01-23 20:00:00,NA,1013.5,33.2,37,NA
2021-01-23 21:00:00,NA,1012.9,32.4,38,NA
2021-01-23 22:00:00,NA,1012.8,30.2,49,NA
2021-01-23 23:00:00,NA,1012.9,28.1,57,NA
2021-01-24 00:00:00,NA,1013.2,25.8,74,NA
2021-01-25 09:00:00,NA,1008.3,22.6,85,NA
2021-01-25 10:00:00,NA,1008.6,23.7,83,NA
2021-01-25 11:00:00,NA,1009,26.4,72,NA
2021-01-25 12:00:00,NA,1008.7,27.5,67,NA
2021-01-25 13:00:00,NA,1008.5,29.4,60,NA
2021-01-25 14:00:00,NA,1008.3,30.6,57,NA
2021-01-25 15:00:00,NA,1007.8,32.3,49,NA
2021-01-25 16:00:00,NA,1007.3,33.1,42,NA
2021-01-25 17:00:00,NA,1006.6,33.7,38,NA
2021-01-25 18:00:00,NA,1006,34.2,33,NA
2021-01-25 19:00:00,NA,1005.2,34.4,35,NA
2021-01-25 20:00:00,NA,1004.5,33.4,39,NA
2021-01-25 21:00:00,NA,1004,32.5,41,NA
2021-01-25 22:00:00,NA,1004,31.4,48,NA
2021-01-25 23:00:00,NA,1004.4,28.8,64,NA
2021-01-26 00:00:00,NA,1004.9,26.7,73,NA
2021-01-26 15:00:00,1000.8,NA,34.4,36,NA
2021-01-26 16:00:00,1000.2,NA,32,55,NA
2021-01-26 17:00:00,999.8,NA,32,53,NA
2021-01-26 18:00:00,1000,NA,28,51,NA
2021-01-26 19:00:00,999,NA,29.4,47,NA
2021-01-26 20:00:00,999.3,NA,32.4,32,NA
2021-01-27 09:00:00,NA,1005.7,20,88,NA
2021-01-27 10:00:00,NA,1006.5,20,89,NA
2021-01-27 11:00:00,NA,1007.1,22.8,81,NA
2021-01-27 12:00:00,NA,1007.2,26,52,NA
2021-01-27 13:00:00,NA,1007.4,27.5,38,NA
2021-01-27 15:00:00,NA,1007.4,30,33,NA
2021-01-27 16:00:00,NA,1007,29.8,29,NA
2021-01-27 17:00:00,NA,1006.5,31,23,NA
2021-01-27 18:00:00,NA,1006,31.2,19,NA
2021-01-27 19:00:00,NA,1005.4,29.4,45,NA
2021-01-27 20:00:00,NA,1004.9,28.2,50,NA
2021-01-27 21:00:00,NA,1005.2,26.7,47,NA
2021-01-27 22:00:00,NA,1005.8,25.5,56,NA
2021-01-27 23:00:00,NA,1006.4,23.5,64,NA
2021-01-28 00:00:00,NA,1006.6,22,72,NA
2021-01-29 09:00:00,NA,1007.3,17.8,98,NA
2021-01-29 10:00:00,NA,1008.3,17.7,98,NA
2021-01-29 11:00:00,NA,1008.2,17.8,99,NA
2021-01-29 12:00:00,NA,1007.1,18.1,98,NA
2021-01-29 13:00:00,NA,1006.8,18.6,95,NA
2021-01-29 14:00:00,NA,1006.1,19.7,95,NA
2021-01-29 15:00:00,NA,1006.1,21.7,83,NA
2021-01-29 16:00:00,NA,1005.5,24.7,67,NA
2021-01-29 17:00:00,NA,1005,25.7,59,NA
2021-01-29 18:00:00,NA,1004.5,27.4,60,NA
2021-01-29 19:00:00,NA,1004,27.2,60,NA
2021-01-29 20:00:00,NA,1003.5,26.9,66,NA
2021-01-29 21:00:00,NA,1003.8,26.5,64,NA
2021-01-29 22:00:00,NA,1003.7,26.2,65,NA
2021-01-29 23:00:00,NA,1004.8,24.4,75,NA
2021-01-30 00:00:00,NA,1005.5,22.8,84,NA
2021-01-31 00:00:00,1012,NA,NA,NA,NA
2021-01-31 09:00:00,1013,1015.9,14.2,88,NA
2021-01-31 10:00:00,1013.4,1016.2,14,92,NA
2021-01-31 11:00:00,1014.2,1017,14.6,97,NA
2021-01-31 12:00:00,1014.1,1016.9,15,93,NA
2021-01-31 13:00:00,1014.1,1016.9,17.2,87,NA
2021-01-31 14:00:00,1013.7,1016.4,18.6,85,NA
2021-01-31 15:00:00,1013.6,1016.3,19.9,81,NA
2021-01-31 16:00:00,1013.7,1016.4,20,85,NA
2021-01-31 17:00:00,1012.8,1015.4,22.4,74,NA
2021-01-31 18:00:00,1012.9,1015.6,19.2,92,NA
2021-01-31 19:00:00,1012.8,1015.4,20.4,82,NA
2021-01-31 20:00:00,1011.4,1014.2,20.8,83,NA
2021-01-31 21:00:00,1011.7,1014.4,20.3,80,NA
2021-01-31 22:00:00,1011.4,1014.1,20.6,74,NA
2021-01-31 23:00:00,1012,1014.7,19.4,83,NA
2021-02-01 00:00:00,1012,1014.7,18.7,90,NA
2021-02-02 00:00:00,1008.6,NA,NA,NA,NA
2021-02-02 09:00:00,1009.8,1012.6,18,97,NA
2021-02-02 10:00:00,1009.8,1012.5,17.6,99,NA
2021-02-02 11:00:00,1010.6,1013.3,18.2,95,NA
2021-02-02 12:00:00,1010.5,1013.2,19.1,94,NA
2021-02-02 13:00:00,1011,1013.7,20.8,86,NA
2021-02-02 14:00:00,1011.8,1014.5,21.6,82,NA
2021-02-02 15:00:00,1011.4,1014.1,23.3,75,NA
2021-02-02 16:00:00,1011,1013.8,24.4,72,NA
2021-02-02 17:00:00,1010.9,1013.6,25.4,65,NA
2021-02-02 18:00:00,NA,1013.7,25.2,61,NA
2021-02-02 19:00:00,1011.4,1014.1,25.5,60,NA
2021-02-02 20:00:00,1011.2,1013.9,25.2,60,NA
2021-02-02 21:00:00,1010.8,1013.5,25.4,64,NA
2021-02-02 22:00:00,1011,1013.7,23.4,71,NA
2021-02-02 23:00:00,1011.8,1014.5,22.2,79,NA
2021-02-03 00:00:00,NA,1014.7,21,85,NA
2021-02-04 00:00:00,1011,NA,NA,NA,NA
2021-02-04 09:00:00,1013.3,1016,16,98,NA
2021-02-04 10:00:00,1014,1016.7,15.4,99,NA
2021-02-04 11:00:00,1014.4,1017.1,17,91,NA
2021-02-04 12:00:00,1015.2,1017.8,19.9,74,NA
2021-02-04 13:00:00,1015.4,1018.1,21.1,57,NA
2021-02-04 14:00:00,1015.6,1018.3,23.4,44,NA
2021-02-04 15:00:00,1015.4,1018.1,25,41,NA
2021-02-04 16:00:00,1015.2,1017.9,26,40,NA
2021-02-04 17:00:00,1014.6,1017.4,26.5,41,NA
2021-02-04 18:00:00,1014.6,1017.4,27.4,38,NA
2021-02-04 19:00:00,1014.4,1017.1,27.9,36,NA
2021-02-04 20:00:00,1014,1016.7,28.1,33,NA
2021-02-04 21:00:00,1013.7,1016.4,27.6,36,NA
2021-02-04 22:00:00,1013.6,1016.3,26.8,39,NA
2021-02-04 23:00:00,1013.8,1016.5,23.6,54,NA
2021-02-05 00:00:00,NA,1017,21.3,60,NA
2021-02-05 09:00:00,NA,1016,12.6,99,NA
2021-02-05 10:00:00,NA,1016.5,13.2,97,NA
2021-02-05 11:00:00,NA,1016.9,15.6,89,NA
2021-02-05 12:00:00,NA,1017.2,17.4,81,NA
2021-02-05 13:00:00,NA,1017.1,19.4,70,NA
2021-02-05 14:00:00,NA,1016.9,21,58,NA
2021-02-05 15:00:00,NA,1016.6,22.8,51,NA
2021-02-05 16:00:00,NA,1016,24.4,38,NA
2021-02-05 17:00:00,NA,1015.3,25.4,34,NA
2021-02-05 18:00:00,NA,1015,26,32,NA
2021-02-05 19:00:00,NA,1014.4,27,27,NA
2021-02-05 20:00:00,NA,1014.2,24.4,59,NA
2021-02-05 21:00:00,NA,1013.8,23.6,62,NA
2021-02-05 22:00:00,NA,1013.7,22.6,57,NA
2021-02-05 23:00:00,NA,1014,21.2,71,NA
2021-02-06 00:00:00,1011.4,1014.2,20,79,NA
2021-02-06 09:00:00,1010.8,NA,NA,NA,NA
2021-02-06 10:00:00,1011.4,NA,NA,NA,NA
2021-02-06 11:00:00,1012,NA,NA,NA,NA
2021-02-06 12:00:00,1012.5,NA,NA,NA,NA
2021-02-06 13:00:00,1012.6,NA,NA,NA,NA
2021-02-06 14:00:00,1012.6,NA,NA,NA,NA
2021-02-06 15:00:00,1012.2,NA,NA,NA,NA
2021-02-06 16:00:00,1011.8,NA,NA,NA,NA
2021-02-06 17:00:00,1011.2,NA,NA,NA,NA
2021-02-06 18:00:00,1010.8,NA,NA,NA,NA
2021-02-06 19:00:00,1010.2,NA,NA,NA,NA
2021-02-06 20:00:00,1010,NA,NA,NA,NA
2021-02-06 21:00:00,1009.7,NA,NA,NA,NA
2021-02-06 22:00:00,1009.4,NA,NA,NA,NA
2021-02-06 23:00:00,1010.4,NA,NA,NA,NA
2021-02-08 00:00:00,1011.2,NA,NA,NA,NA
2021-02-08 09:00:00,NA,1014.7,19.1,91,NA
2021-02-08 10:00:00,NA,1015.9,19.4,89,NA
2021-02-08 11:00:00,NA,1016.5,18.8,95,NA
2021-02-08 12:00:00,NA,1017.3,19.2,84,NA
2021-02-08 13:00:00,NA,1017.8,20,85,NA
2021-02-08 14:00:00,NA,1018.2,20.4,84,NA
2021-02-08 15:00:00,NA,1018.1,21,76,NA
2021-02-08 16:00:00,NA,1017.9,21.6,77,NA
2021-02-08 17:00:00,NA,1017.7,22.8,70,NA
2021-02-08 18:00:00,NA,1017.5,22.9,71,NA
2021-02-08 19:00:00,NA,1017.5,22,72,NA
2021-02-08 20:00:00,NA,1017.7,22.3,71,NA
2021-02-08 21:00:00,NA,1017.9,21.1,78,NA
2021-02-08 22:00:00,NA,1018.3,19.5,89,NA
2021-02-08 23:00:00,NA,1018.9,19,92,NA
2021-02-09 00:00:00,NA,1019.2,18.8,90,NA
2021-02-10 09:00:00,NA,1019.3,18.2,92,NA
2021-02-10 10:00:00,NA,1019.8,17.9,93,NA
2021-02-10 11:00:00,NA,1020,20.2,84,NA
2021-02-10 12:00:00,NA,1020.2,22.1,75,NA
2021-02-10 13:00:00,NA,1020.2,23.6,66,NA
2021-02-10 14:00:00,NA,1020.3,23.9,66,NA
2021-02-10 15:00:00,NA,1019.6,24.6,62,NA
2021-02-10 16:00:00,NA,1019.2,25.1,63,NA
2021-02-10 17:00:00,NA,1018.5,24.4,68,NA
2021-02-10 18:00:00,NA,1018.3,23.2,74,NA
2021-02-10 19:00:00,NA,1017.8,23,76,NA
2021-02-10 20:00:00,NA,1016.8,23.5,74,NA
2021-02-10 21:00:00,NA,1016.6,23.4,67,NA
2021-02-10 23:00:00,NA,1016.7,21.4,87,NA
2021-02-10 22:00:00,1013.7,NA,22.7,75,NA
2021-02-11 00:00:00,1014.1,NA,20.4,90,NA
2021-02-11 09:00:00,1012.5,NA,20.3,92,NA
2021-02-11 10:00:00,1012.9,NA,20.4,91,NA
2021-02-11 11:00:00,1013,NA,21.1,90,NA
2021-02-11 12:00:00,1013,NA,22.2,83,NA
2021-02-11 13:00:00,1013.4,NA,23.2,77,NA
2021-02-11 14:00:00,1013.4,NA,23.8,77,NA
2021-02-11 15:00:00,1012.8,NA,24.8,70,NA
2021-02-11 16:00:00,1012,NA,25,69,NA
2021-02-11 17:00:00,1012.1,NA,25.8,65,NA
2021-02-11 18:00:00,1012.5,NA,21.4,86,NA
2021-02-11 19:00:00,1012,NA,20.2,96,NA
2021-02-11 20:00:00,1010.9,NA,21.2,92,NA
2021-02-11 21:00:00,1011,NA,21.3,92,NA
2021-02-11 22:00:00,1011,NA,21,93,NA
2021-02-11 23:00:00,1011,NA,21,91,NA
2021-02-12 09:00:00,NA,1013.4,20.2,97,NA
2021-02-12 10:00:00,NA,1013.6,20.2,99,NA
2021-02-12 11:00:00,NA,1014,20.8,97,NA
2021-02-12 12:00:00,NA,1014.3,22,90,NA
2021-02-12 13:00:00,NA,1014.3,22,87,NA
2021-02-12 14:00:00,NA,1014.1,23,84,NA
2021-02-12 15:00:00,NA,1014.1,23.8,79,NA
2021-02-12 16:00:00,NA,1013.9,24.6,75,NA
2021-02-12 17:00:00,NA,1013.4,25.1,73,NA
2021-02-12 18:00:00,NA,1012.6,26,68,NA
2021-02-12 19:00:00,NA,1011.9,25.9,63,NA
2021-02-12 20:00:00,NA,1011.9,24.8,72,NA
2021-02-12 21:00:00,NA,1011.3,24.5,77,NA
2021-02-12 22:00:00,NA,1011.8,24,80,NA
2021-02-12 23:00:00,NA,1012.3,22.5,80,NA
2021-02-13 00:00:00,1009.4,NA,21.6,88,NA
2021-02-13 09:00:00,1008.5,NA,19.2,96,NA
2021-02-13 10:00:00,1008.4,NA,19.8,96,NA
2021-02-13 11:00:00,1008.6,NA,20.8,94,NA
2021-02-13 12:00:00,1008.6,NA,22.2,86,NA
2021-02-13 13:00:00,1008.8,NA,23.4,77,NA
2021-02-13 14:00:00,1008.4,NA,24.4,71,NA
2021-02-13 15:00:00,1007.8,NA,25.4,71,NA
2021-02-13 16:00:00,1007.2,NA,25.3,71,NA
2021-02-13 17:00:00,1006.5,NA,26,64,NA
2021-02-13 18:00:00,1005.8,NA,25.9,60,NA
2021-02-13 19:00:00,1005.3,NA,25.8,58,NA
2021-02-13 20:00:00,1004.5,NA,26.2,54,NA
2021-02-13 21:00:00,1004.6,NA,24.6,64,NA
2021-02-13 22:00:00,1004.4,NA,23.6,71,NA
2021-02-13 23:00:00,1004.2,NA,22.4,85,NA
2021-02-14 09:00:00,NA,1006.6,18.7,100,NA
2021-02-14 10:00:00,NA,1007.2,18.9,99,NA
2021-02-14 11:00:00,NA,1007.5,21.6,95,NA
2021-02-14 12:00:00,NA,1007.8,23.1,80,NA
2021-02-14 13:00:00,NA,1007.5,24.9,69,NA
2021-02-14 14:00:00,NA,1007.7,25,69,NA
2021-02-14 15:00:00,NA,1007.3,26.9,62,NA
2021-02-14 16:00:00,NA,1007.1,26.9,60,NA
2021-02-14 17:00:00,NA,1006.5,25.6,70,NA
2021-02-14 18:00:00,NA,1005.3,27.5,60,NA
2021-02-14 19:00:00,NA,1005,27.7,58,NA
2021-02-14 20:00:00,NA,1004.4,26.4,68,NA
2021-02-14 21:00:00,NA,1005.3,23.7,76,NA
2021-02-14 22:00:00,NA,1005.8,21.8,91,NA
2021-02-15 00:00:00,NA,1006.6,21.7,95,NA
2021-02-14 23:00:00,1003,NA,22,95,NA
2021-02-15 09:00:00,1005.7,NA,17.2,98,NA
2021-02-15 10:00:00,1006.4,NA,17.5,95,NA
2021-02-15 11:00:00,1007,NA,19.2,90,NA
2021-02-15 12:00:00,1007.3,NA,20.7,82,NA
2021-02-15 13:00:00,1007.8,NA,21.6,78,NA
2021-02-15 14:00:00,1007.8,NA,22.3,74,NA
2021-02-15 15:00:00,1007.8,NA,23.1,68,NA
2021-02-15 16:00:00,1007.4,NA,24.3,66,NA
2021-02-15 17:00:00,1007.2,NA,26.2,63,NA
2021-02-15 18:00:00,1006.5,NA,26.4,57,NA
2021-02-15 19:00:00,1005.8,NA,27,55,NA
2021-02-15 20:00:00,1005.4,NA,26.4,51,NA
2021-02-15 21:00:00,1005.2,NA,26.8,51,NA
2021-02-15 23:00:00,1006.2,NA,23.2,63,NA
2021-02-16 09:00:00,NA,1009.2,17.7,89,NA
2021-02-16 10:00:00,NA,1009.5,17,95,NA
2021-02-16 11:00:00,NA,1009.5,17.6,91,NA
2021-02-16 12:00:00,NA,1009.7,18,87,NA
2021-02-16 13:00:00,NA,1009.8,18.8,84,NA
2021-02-16 14:00:00,NA,1009.7,20.4,76,NA
2021-02-16 15:00:00,NA,1009.7,20.5,76,NA
2021-02-16 16:00:00,NA,1009.2,22,70,NA
2021-02-16 17:00:00,NA,1008.9,22.1,72,NA
2021-02-16 18:00:00,NA,1008.8,21.1,77,NA
2021-02-16 19:00:00,NA,1008,21.3,76,NA
2021-02-16 20:00:00,NA,1007.6,22.9,70,NA
2021-02-16 21:00:00,NA,1007.4,22.1,73,NA
2021-02-16 22:00:00,NA,1007.9,21.3,78,NA
2021-02-16 23:00:00,NA,1007.6,19.5,95,NA
2021-02-17 00:00:00,1005.3,NA,19.9,89,NA
2021-02-17 09:00:00,1005.8,NA,17.1,98,NA
2021-02-17 10:00:00,1006.5,NA,17.1,98,NA
2021-02-17 11:00:00,1006.9,NA,17.4,95,NA
2021-02-17 12:00:00,1007.4,NA,17.6,96,NA
2021-02-17 13:00:00,1007.2,NA,18.2,91,NA
2021-02-17 14:00:00,1007.4,NA,20,84,NA
2021-02-17 15:00:00,1007.2,NA,21,78,NA
2021-02-17 16:00:00,1007,NA,21.4,75,NA
2021-02-17 17:00:00,1006.6,NA,22.9,72,NA
2021-02-17 18:00:00,1006,NA,25.3,61,NA
2021-02-17 19:00:00,1005.4,NA,25.5,58,NA
2021-02-17 20:00:00,1005.4,NA,26.2,51,NA
2021-02-17 21:00:00,1005.4,NA,25.7,53,NA
2021-02-17 22:00:00,1005.4,NA,24.9,58,NA
2021-02-17 23:00:00,1006,NA,23,78,NA
2021-02-18 09:00:00,NA,1009.4,15.4,100,NA
2021-02-18 10:00:00,NA,1010.2,15.3,100,NA
2021-02-18 11:00:00,NA,1010.5,17.6,99,NA
2021-02-18 12:00:00,NA,1010.4,21.1,81,NA
2021-02-18 13:00:00,NA,1010.4,23.5,68,NA
2021-02-18 14:00:00,NA,1010.3,25.8,56,NA
2021-02-18 15:00:00,NA,1009.8,27.4,46,NA
2021-02-18 16:00:00,NA,1009.3,28.8,43,NA
2021-02-18 17:00:00,NA,1008.6,29.1,51,NA
2021-02-18 18:00:00,NA,1008,29.5,50,NA
2021-02-18 19:00:00,NA,1007.4,29.9,51,NA
2021-02-18 20:00:00,NA,1007.3,28.5,55,NA
2021-02-18 21:00:00,NA,1007.3,28.1,51,NA
2021-02-18 22:00:00,NA,1007.3,26.6,52,NA
2021-02-18 23:00:00,NA,1007.6,24.4,70,NA
2021-02-19 00:00:00,1005.4,NA,23.3,82,NA
2021-02-19 09:00:00,1006.9,NA,22.6,65,NA
2021-02-19 10:00:00,1007.6,NA,21,70,NA
2021-02-19 11:00:00,1008.2,NA,22.2,68,NA
2021-02-19 12:00:00,1008.8,NA,23.6,60,NA
2021-02-19 13:00:00,1008.6,NA,25.8,50,NA
2021-02-19 14:00:00,1008.9,NA,26.3,48,NA
2021-02-19 15:00:00,1009.3,NA,27.6,41,NA
2021-02-19 16:00:00,1009.3,NA,27.6,42,NA
2021-02-19 17:00:00,1009,NA,28,39,NA
2021-02-19 18:00:00,1009.8,NA,26.8,41,NA
2021-02-19 19:00:00,1009.8,NA,27,42,NA
2021-02-19 20:00:00,1010.2,NA,26.2,37,NA
2021-02-19 21:00:00,1010.2,NA,25.5,35,NA
2021-02-19 22:00:00,1010.5,NA,24.4,29,NA
2021-02-19 23:00:00,1011.2,NA,21.4,44,NA
2021-02-20 09:00:00,NA,1017.1,9.2,83,NA
2021-02-20 10:00:00,NA,1017.7,9.1,84,NA
2021-02-20 11:00:00,NA,1018.1,13.4,73,NA
2021-02-20 12:00:00,NA,1018.3,19.2,55,NA
2021-02-20 13:00:00,NA,1018.3,21.9,28,NA
2021-02-20 14:00:00,NA,1018.3,22.9,21,NA
2021-02-20 15:00:00,NA,1017.9,23.9,22,NA
2021-02-20 16:00:00,NA,1017.2,24.4,20,NA
2021-02-20 17:00:00,NA,1016.7,24.8,19,NA
2021-02-20 18:00:00,NA,1016,25.6,18,NA
2021-02-20 19:00:00,NA,1015.4,26,21,NA
2021-02-20 20:00:00,NA,1014.9,25.4,29,NA
2021-02-20 21:00:00,NA,1014.8,23.9,35,NA
2021-02-20 22:00:00,NA,1014.8,22.4,39,NA
2021-02-20 23:00:00,NA,1015,20.6,47,NA
2021-02-21 00:00:00,1012.8,NA,19,55,NA
2021-02-21 09:00:00,1013,NA,16.2,80,NA
2021-02-21 10:00:00,1013.4,NA,16.5,80,NA
2021-02-21 11:00:00,1013.6,NA,19.8,76,NA
2021-02-21 12:00:00,1013.8,NA,21.5,77,NA
2021-02-21 13:00:00,1013.8,NA,23,64,NA
2021-02-21 14:00:00,1013,NA,26,40,NA
2021-02-21 15:00:00,1012.8,NA,27,40,NA
2021-02-21 16:00:00,1012.1,NA,28.2,38,NA
2021-02-21 17:00:00,1011.6,NA,28.7,39,NA
2021-02-21 18:00:00,1010.8,NA,29,41,NA
2021-02-21 19:00:00,1010,NA,29.3,41,NA
2021-02-21 20:00:00,1009.2,NA,29.6,41,NA
2021-02-21 21:00:00,1008.8,NA,28.9,43,NA
2021-02-21 22:00:00,1008.4,NA,27.8,50,NA
2021-02-21 23:00:00,1008.5,NA,25.5,61,NA
2021-02-22 09:00:00,NA,1012.3,17.3,100,NA
2021-02-22 10:00:00,NA,1013.7,17.2,100,NA
2021-02-22 11:00:00,NA,1012.5,17,100,NA
2021-02-22 12:00:00,NA,1013,17.2,100,NA
2021-02-22 13:00:00,NA,1014,17.9,100,NA
2021-02-22 14:00:00,NA,1013,18.6,100,NA
2021-02-22 15:00:00,NA,1012.3,20.1,99,NA
2021-02-22 16:00:00,NA,1011.8,21.5,95,NA
2021-02-22 17:00:00,NA,1011.2,22.6,87,NA
2021-02-22 18:00:00,NA,1010.6,23.7,85,NA
2021-02-22 19:00:00,NA,1009.9,24.7,79,NA
2021-02-22 20:00:00,NA,1009.8,24.6,79,NA
2021-02-22 21:00:00,NA,1008.8,25,79,NA
2021-02-22 22:00:00,NA,1009.4,24,85,NA
2021-02-22 23:00:00,NA,1010.2,21.2,88,NA
2021-02-23 00:00:00,1007.8,NA,20.5,98,NA
2021-02-23 09:00:00,1010.9,NA,15.8,88,NA
2021-02-23 10:00:00,1011.2,NA,15.2,92,NA
2021-02-23 11:00:00,1011.7,NA,18.2,81,NA
2021-02-23 12:00:00,1012.2,NA,20.8,73,NA
2021-02-23 13:00:00,1012,NA,23,67,NA
2021-02-23 14:00:00,1012.4,NA,24,62,NA
2021-02-23 15:00:00,1012.4,NA,25,55,NA
2021-02-23 16:00:00,1012.5,NA,24.6,60,NA
2021-02-23 17:00:00,1012.4,NA,24,66,NA
2021-02-23 18:00:00,1012.1,NA,25,63,NA
2021-02-23 19:00:00,1011.4,NA,25.2,62,NA
2021-02-23 20:00:00,1011.4,NA,24.6,63,NA
2021-02-23 21:00:00,1011.8,NA,24,61,NA
2021-02-23 22:00:00,1012,NA,23,67,NA
2021-02-23 23:00:00,1012.1,NA,21.6,69,NA
2021-02-24 09:00:00,NA,1015.2,17.4,97,NA
2021-02-24 10:00:00,NA,1015.5,16.3,99,NA
2021-02-24 11:00:00,NA,1016,19.5,78,NA
2021-02-24 12:00:00,NA,1016.4,21.8,66,NA
2021-02-24 13:00:00,NA,1016.5,23.9,54,NA
2021-02-24 14:00:00,NA,1016.4,25.6,47,NA
2021-02-24 15:00:00,NA,1016.2,27.1,45,NA
2021-02-24 16:00:00,NA,1015.7,27.8,41,NA
2021-02-24 17:00:00,NA,1015.1,28.7,41,NA
2021-02-24 18:00:00,NA,1014.4,29.3,39,NA
2021-02-24 19:00:00,NA,1013.6,29.9,37,NA
2021-02-24 20:00:00,NA,1013.3,29.8,38,NA
2021-02-24 21:00:00,NA,1013.2,28.1,53,NA
2021-02-24 22:00:00,NA,1013.3,27.3,57,NA
2021-02-24 23:00:00,NA,1013.4,24.6,70,NA
2021-02-25 00:00:00,1011,NA,22.5,76,NA
2021-02-25 09:00:00,1011.7,NA,16,98,NA
2021-02-25 10:00:00,1012.4,NA,16,100,NA
2021-02-25 11:00:00,1013,NA,20.2,93,NA
2021-02-25 12:00:00,1013.6,NA,23.3,68,NA
2021-02-25 13:00:00,1013.7,NA,25.8,50,NA
2021-02-25 14:00:00,1013.8,NA,27.8,45,NA
2021-02-25 15:00:00,1013.6,NA,28.6,43,NA
2021-02-25 16:00:00,1013,NA,25.6,58,NA
2021-02-25 17:00:00,1012.5,NA,30.2,41,NA
2021-02-25 18:00:00,1012.1,NA,30.5,36,NA
2021-02-25 19:00:00,1011.4,NA,30.5,50,NA
2021-02-25 20:00:00,1011,NA,29.8,50,NA
2021-02-25 21:00:00,1011,NA,28.6,52,NA
2021-02-25 22:00:00,1010.8,NA,27,55,NA
2021-02-25 23:00:00,1011.2,NA,24.5,66,NA
2021-02-26 09:00:00,NA,1015.2,17.3,94,NA
2021-02-26 10:00:00,NA,1015.7,17.1,97,NA
2021-02-26 11:00:00,NA,1016.1,21.6,86,NA
2021-02-26 12:00:00,NA,1016.5,24.7,73,NA
2021-02-26 13:00:00,NA,1016.7,27,62,NA
2021-02-26 14:00:00,NA,1016.5,28.2,57,NA
2021-02-26 15:00:00,NA,1016.1,29,49,NA
2021-02-26 16:00:00,NA,1015.7,29.3,47,NA
2021-02-26 17:00:00,NA,1015.5,29.6,41,NA
2021-02-26 18:00:00,NA,1015.1,29.5,42,NA
2021-02-26 19:00:00,NA,1014.6,29.5,44,NA
2021-02-26 20:00:00,NA,1014.3,28.7,43,NA
2021-02-26 21:00:00,NA,1014.3,27.8,50,NA
2021-02-26 22:00:00,NA,1014.8,26.1,51,NA
2021-02-26 23:00:00,NA,1015.2,24.2,65,NA
2021-02-27 00:00:00,1013.4,NA,24.1,67,NA
2021-02-27 09:00:00,1016.8,NA,21.5,84,NA
2021-02-27 10:00:00,1018.1,NA,21.2,84,NA
2021-02-27 11:00:00,1018.8,NA,21.6,83,NA
2021-02-27 12:00:00,1018.8,NA,22.8,77,NA
2021-02-27 13:00:00,1018.8,NA,23.6,72,NA
2021-02-27 14:00:00,1018.8,NA,24.2,70,NA
2021-02-27 15:00:00,1018.6,NA,25,67,NA
2021-02-27 16:00:00,1018,NA,26,63,NA
2021-02-27 17:00:00,1017.8,NA,26.2,63,NA
2021-02-27 18:00:00,1017,NA,27.2,59,NA
2021-02-27 19:00:00,1016.2,NA,27,67,NA
2021-02-27 20:00:00,1016.1,NA,26.5,69,NA
2021-02-27 21:00:00,1016,NA,25.6,73,NA
2021-02-27 22:00:00,1016,NA,24.2,84,NA
2021-02-27 23:00:00,1016,NA,23.4,92,NA
2021-02-28 09:00:00,NA,1019.4,22.1,85,NA
2021-02-28 10:00:00,NA,1019.8,21.9,86,NA
2021-02-28 11:00:00,NA,1019.8,22.1,85,NA
2021-02-28 12:00:00,NA,1020,22.9,80,NA
2021-02-28 13:00:00,NA,1019.7,23.3,79,NA
2021-02-28 14:00:00,NA,1019.7,24.1,77,NA
2021-02-28 15:00:00,NA,1018.9,25.4,71,NA
2021-02-28 16:00:00,NA,1018.3,26.4,68,NA
2021-02-28 17:00:00,NA,1017.5,27.8,60,NA
2021-02-28 18:00:00,NA,1016.8,28.3,55,NA
2021-02-28 19:00:00,NA,1016.1,28.5,55,NA
2021-02-28 20:00:00,NA,1014.9,27.9,58,NA
2021-02-28 21:00:00,NA,1015,27.3,61,NA
2021-02-28 22:00:00,NA,1015,25.2,73,NA
2021-02-28 23:00:00,NA,1015,23.8,82,NA
2021-03-01 00:00:00,NA,1015.2,23.8,82,NA
2021-03-02 09:00:00,NA,1014.2,22.1,95,NA
2021-03-02 10:00:00,NA,1014.9,22.8,93,NA
2021-03-02 11:00:00,NA,1015.1,23.8,88,NA
2021-03-02 12:00:00,NA,1015.1,23.9,88,NA
2021-03-02 13:00:00,NA,1015.5,24.1,85,NA
2021-03-02 14:00:00,NA,1015.8,24.9,81,NA
2021-03-02 15:00:00,NA,1015.3,26,76,NA
2021-03-02 16:00:00,NA,1015,26.9,73,NA
2021-03-02 17:00:00,NA,1014.5,27.4,71,NA
2021-03-02 18:00:00,1011.6,1014.3,27.8,69,NA
2021-03-02 19:00:00,1011,1013.8,28.2,65,NA
2021-03-02 20:00:00,1011,1013.7,28,65,NA
2021-03-02 21:00:00,1011,1013.7,27.6,68,NA
2021-03-02 22:00:00,1011,1013.7,26,75,NA
2021-03-02 23:00:00,1011.4,1014.2,23.9,89,NA
2021-03-03 00:00:00,NA,1015,23.3,94,NA
2021-03-04 00:00:00,1012.8,NA,NA,NA,NA
2021-03-04 09:00:00,1011.7,1014.4,22.2,90,NA
2021-03-04 10:00:00,1011.6,1014.3,22.4,89,NA
2021-03-04 11:00:00,1011.8,1014.5,23,86,NA
2021-03-04 12:00:00,1011.7,1014.4,23.5,85,NA
2021-03-04 13:00:00,1011.7,1014.4,24.5,79,NA
2021-03-04 14:00:00,1012.1,1014.8,25,77,NA
2021-03-04 15:00:00,1012,1014.6,26.1,71,NA
2021-03-04 16:00:00,1011.4,1014.2,26,71,NA
2021-03-04 17:00:00,1010.5,1013.1,27,69,NA
2021-03-04 18:00:00,1009.7,1012.3,27.1,68,NA
2021-03-04 19:00:00,1008.8,1011.4,27.7,68,NA
2021-03-04 20:00:00,1008.4,1011.1,24.9,85,NA
2021-03-04 21:00:00,1008.2,1011,25.4,79,NA
2021-03-04 22:00:00,1008.4,1011.1,24.3,83,NA
2021-03-04 23:00:00,1009,1011.8,22.6,90,NA
2021-03-05 00:00:00,NA,1012.2,22.1,92,NA
2021-03-06 00:00:00,1010.4,NA,NA,NA,NA
2021-03-06 09:00:00,1010.6,1013.3,11,97,NA
2021-03-06 10:00:00,1011,1013.8,11,97,NA
2021-03-06 11:00:00,1011.8,1014.5,14,89,NA
2021-03-06 12:00:00,1012,1014.7,16.5,82,NA
2021-03-06 13:00:00,1012.4,1015.1,19.1,69,NA
2021-03-06 14:00:00,1012.4,1015.1,20.2,61,NA
2021-03-06 15:00:00,1012,1014.7,22.1,56,NA
2021-03-06 16:00:00,1011.4,1014.1,22.4,56,NA
2021-03-06 17:00:00,1010.9,1013.6,23.7,52,NA
2021-03-06 18:00:00,1010.6,1013.4,23.5,59,NA
2021-03-06 19:00:00,1010.2,1012.9,23.2,59,NA
2021-03-06 20:00:00,1010.1,1012.8,23.4,59,NA
2021-03-06 21:00:00,1010.5,1013.2,23.2,55,NA
2021-03-06 22:00:00,NA,1013.5,21.1,65,NA
2021-03-06 23:00:00,1011,1013.7,18.8,76,NA
2021-03-07 00:00:00,NA,1014.1,17.5,82,NA
2021-03-08 00:00:00,1006.6,NA,NA,NA,NA
2021-03-08 09:00:00,1010.8,1013.5,21.2,87,NA
2021-03-08 10:00:00,1011,1013.8,20.4,95,NA
2021-03-08 11:00:00,1011.2,1013.9,20.1,95,NA
2021-03-08 12:00:00,1011.4,1014.2,23.3,83,NA
2021-03-08 13:00:00,1011.6,1014.3,23.6,77,NA
2021-03-08 14:00:00,1012,1014.6,27.7,53,NA
2021-03-08 15:00:00,1012.2,1014.9,29.6,43,NA
2021-03-08 16:00:00,1012,1014.7,30.4,40,NA
2021-03-08 17:00:00,1011.7,1014.4,30.2,42,NA
2021-03-08 18:00:00,1011.2,1013.9,31.5,38,NA
2021-03-08 19:00:00,1010.6,1013.2,31,37,NA
2021-03-08 20:00:00,1010.4,1013,29.4,47,NA
2021-03-08 21:00:00,1011.7,1014.4,25.4,64,NA
2021-03-08 22:00:00,1012.9,1015.6,22.9,67,NA
2021-03-08 23:00:00,1013.6,1016.3,20.3,76,NA
2021-03-09 00:00:00,NA,1017.5,19.2,80,NA
2021-03-10 00:00:00,1013.4,NA,NA,NA,NA
2021-03-10 09:00:00,1012.6,1015.3,19.1,88,NA
2021-03-10 10:00:00,1012.8,1015.4,18.9,89,NA
2021-03-10 11:00:00,1012.9,1015.6,20.4,85,NA
2021-03-10 12:00:00,1012.8,1015.5,21.8,77,NA
2021-03-10 13:00:00,1012.5,1015.2,22.4,75,NA
2021-03-10 14:00:00,1012.1,1014.8,23.7,72,NA
2021-03-10 15:00:00,1011.4,1014.2,24,71,NA
2021-03-10 16:00:00,1010.8,1013.5,25.2,68,NA
2021-03-10 17:00:00,1010.1,1012.8,25.8,61,NA
2021-03-10 18:00:00,1009.3,1012,26.7,52,NA
2021-03-10 19:00:00,1008.6,1011.3,26.9,55,NA
2021-03-10 20:00:00,1008,1010.7,26.5,54,NA
2021-03-10 21:00:00,1007.8,1010.5,25.7,57,NA
2021-03-10 22:00:00,1007.8,1010.5,23.3,76,NA
2021-03-10 23:00:00,1007.7,1010.4,21.9,83,NA
2021-03-11 00:00:00,NA,1010.5,21.6,87,NA
2021-03-12 00:00:00,1009.8,NA,NA,NA,NA
2021-03-12 09:00:00,1011.6,1014.3,18.4,97,NA
2021-03-12 10:00:00,1011.7,1014.4,17.4,99,NA
2021-03-12 11:00:00,1012.4,1015.1,18.3,96,NA
2021-03-12 12:00:00,1012.8,1015.5,21,88,NA
2021-03-12 13:00:00,1013,1015.7,23,82,NA
2021-03-12 14:00:00,1013,1015.8,25,72,NA
2021-03-12 15:00:00,1012.9,1015.6,25.1,65,NA
2021-03-12 16:00:00,1012.5,1015.2,26.2,57,NA
2021-03-12 17:00:00,1012.2,1015,26.1,69,NA
2021-03-12 18:00:00,1012.2,1014.9,25.6,73,NA
2021-03-12 19:00:00,1011.7,1014.4,25.8,67,NA
2021-03-12 20:00:00,1011.8,1014.5,25.3,57,NA
2021-03-12 21:00:00,1012.2,1014.9,24,53,NA
2021-03-12 22:00:00,1012.6,1015.3,21.8,65,NA
2021-03-12 23:00:00,1013.2,1015.9,19.7,72,NA
2021-03-13 00:00:00,NA,1016.6,18.3,80,NA
2021-03-14 09:00:00,NA,1018,16,86,NA
2021-03-14 10:00:00,NA,1018.1,16.4,84,NA
2021-03-14 11:00:00,NA,1018.6,19.7,69,NA
2021-03-14 12:00:00,NA,1018.9,22.5,58,NA
2021-03-14 13:00:00,NA,1018.9,23.5,42,NA
2021-03-14 14:00:00,NA,1019.1,25,44,NA
2021-03-14 15:00:00,NA,1018.9,25.6,35,NA
2021-03-14 16:00:00,NA,1018.7,26.6,29,NA
2021-03-14 17:00:00,NA,1018.5,27.7,29,NA
2021-03-14 18:00:00,NA,1018.3,27.8,28,NA
2021-03-14 19:00:00,NA,1017.8,28.3,27,NA
2021-03-14 20:00:00,NA,1017.6,24.7,41,NA
2021-03-14 21:00:00,NA,1017.5,25.9,33,NA
2021-03-14 22:00:00,NA,1017.5,23.6,52,NA
2021-03-14 23:00:00,NA,1017.4,22.4,70,NA
2021-03-15 00:00:00,NA,1017.7,22.4,74,NA
2021-03-15 12:00:00,1014.6,NA,21.4,73,NA
2021-03-15 13:00:00,1014.8,NA,22.5,68,NA
2021-03-15 14:00:00,1014.4,NA,23.9,61,NA
2021-03-15 15:00:00,1014.2,NA,24.7,57,NA
2021-03-15 16:00:00,1013.6,NA,25.2,55,NA
2021-03-15 17:00:00,1013.3,NA,26,50,NA
2021-03-15 18:00:00,1012.2,NA,25.6,51,NA
2021-03-16 09:00:00,NA,1010.1,21.1,84,NA
2021-03-16 10:00:00,NA,1010.4,21.2,84,NA
2021-03-16 11:00:00,NA,1011,21.8,82,NA
2021-03-16 12:00:00,NA,1011.1,22.4,80,NA
2021-03-16 13:00:00,NA,1012.5,22.2,79,NA
2021-03-16 14:00:00,NA,1011.6,22.6,77,NA
2021-03-16 15:00:00,NA,1010.7,23.5,73,NA
2021-03-16 16:00:00,NA,1009.5,23.9,69,NA
2021-03-16 17:00:00,NA,1009.1,22.4,79,NA
2021-03-16 18:00:00,NA,1008.1,22.5,80,NA
2021-03-16 19:00:00,NA,1006.8,22.5,83,NA
2021-03-16 20:00:00,NA,1006.1,21.7,87,NA
2021-03-16 21:00:00,NA,1006.2,21.2,93,NA
2021-03-16 22:00:00,NA,1005.6,20.5,95,NA
2021-03-16 23:00:00,NA,1005.7,20.2,99,NA
2021-03-17 00:00:00,1003.4,NA,20.2,100,NA
2021-03-17 09:00:00,1003.8,NA,18.6,95,NA
2021-03-17 10:00:00,1005.3,NA,17.6,90,NA
2021-03-17 11:00:00,1006.4,NA,18,91,NA
2021-03-17 12:00:00,1007.3,NA,18.6,87,NA
2021-03-18 09:00:00,NA,1019.5,8.4,92,NA
2021-03-18 10:00:00,NA,1019.8,8.2,92,NA
2021-03-18 11:00:00,NA,1020.2,9.2,90,NA
2021-03-18 12:00:00,NA,1020.4,11.4,83,NA
2021-03-18 13:00:00,NA,1020.7,14.3,73,NA
2021-03-18 14:00:00,NA,1020.6,16.4,64,NA
2021-03-18 15:00:00,NA,1020.1,18.2,52,NA
2021-03-18 16:00:00,NA,1019.6,18,49,NA
2021-03-18 17:00:00,NA,1019,19.1,45,NA
2021-03-18 18:00:00,NA,1018.1,19.4,47,NA
2021-03-18 19:00:00,NA,1018,20,44,NA
2021-03-18 20:00:00,NA,1018,19.7,51,NA
2021-03-18 21:00:00,NA,1018.2,18.6,59,NA
2021-03-18 22:00:00,NA,1018.5,17.6,64,NA
2021-03-18 23:00:00,NA,1018.5,15.6,77,NA
2021-03-19 00:00:00,1015.8,NA,15.2,79,NA
2021-03-19 09:00:00,1015.7,NA,9.3,98,NA
2021-03-19 10:00:00,1016.1,NA,9.2,98,NA
2021-03-19 11:00:00,1016.1,NA,11.3,93,NA
2021-03-19 12:00:00,1016.2,NA,15.7,72,NA
2021-03-19 13:00:00,1016.1,NA,19.2,63,NA
2021-03-19 14:00:00,1016,NA,19.8,58,NA
2021-03-19 15:00:00,1015.6,NA,20.7,53,NA
2021-03-19 16:00:00,1015.2,NA,20.8,55,NA
2021-03-19 17:00:00,1013.8,NA,21.5,54,NA
2021-03-19 18:00:00,1013.2,NA,22,51,NA
2021-03-19 19:00:00,1012.8,NA,21.2,57,NA
2021-03-19 20:00:00,1012.8,NA,21,58,NA
2021-03-19 21:00:00,1012.5,NA,20,65,NA
2021-03-19 22:00:00,1012.4,NA,19.2,71,NA
2021-03-19 23:00:00,1012.6,NA,17.5,89,NA
2021-03-20 09:00:00,NA,1013.1,17.4,96,NA
2021-03-20 10:00:00,NA,1012.8,17.2,99,NA
2021-03-20 11:00:00,NA,1013.4,18,95,NA
2021-03-20 12:00:00,NA,1013.1,18.6,92,NA
2021-03-20 13:00:00,NA,1013.5,17,96,NA
2021-03-20 14:00:00,NA,1014.1,18.6,94,NA
2021-03-20 15:00:00,NA,1014.3,17.4,99,NA
2021-03-20 16:00:00,NA,1013.8,16.6,97,NA
2021-03-20 17:00:00,NA,1012.7,16.9,98,NA
2021-03-20 18:00:00,NA,1012.7,17.4,94,NA
2021-03-20 19:00:00,NA,1012.4,17.7,96,NA
2021-03-20 20:00:00,NA,1012.7,17.6,99,NA
2021-03-20 21:00:00,NA,1013.6,17.6,100,NA
2021-03-20 22:00:00,NA,1014,17.7,98,NA
2021-03-20 23:00:00,NA,1014.6,17.4,99,NA
2021-03-21 00:00:00,1012.2,NA,17,96,NA
2021-03-21 09:00:00,1015.6,NA,15,96,NA
2021-03-21 10:00:00,1016,NA,15,96,NA
2021-03-21 11:00:00,1016.6,NA,15,96,NA
2021-03-21 12:00:00,1017.2,NA,15.2,96,NA
2021-03-21 13:00:00,1018,NA,17.3,89,NA
2021-03-21 14:00:00,1018.4,NA,19.4,80,NA
2021-03-21 15:00:00,1018.6,NA,20.6,76,NA
2021-03-21 16:00:00,1018.6,NA,21.4,67,NA
2021-03-21 17:00:00,1018.4,NA,22,62,NA
2021-03-21 18:00:00,1018.1,NA,22.7,63,NA
2021-03-21 19:00:00,1018.1,NA,22.7,63,NA
2021-03-21 20:00:00,1018.2,NA,22.6,59,NA
2021-03-21 21:00:00,1018.4,NA,21.3,62,NA
2021-03-21 22:00:00,1018.8,NA,18.7,71,NA
2021-03-21 23:00:00,1019.2,NA,16.8,83,NA
2021-03-22 09:00:00,NA,1022.1,10.5,100,NA
2021-03-22 10:00:00,NA,1022.6,10.1,100,NA
2021-03-22 11:00:00,NA,1023,12.4,99,NA
2021-03-22 12:00:00,NA,1022.7,15.9,90,NA
2021-03-22 13:00:00,NA,1022.7,19.7,77,NA
2021-03-22 14:00:00,NA,1022.4,21.2,71,NA
2021-03-22 15:00:00,NA,1021.8,22.2,63,NA
2021-03-22 16:00:00,NA,1021.4,22.1,63,NA
2021-03-22 17:00:00,NA,1021.2,22.1,63,NA
2021-03-22 18:00:00,NA,1021,22.9,62,NA
2021-03-22 19:00:00,NA,1020.3,22.7,61,NA
2021-03-22 20:00:00,NA,1020.5,22.3,55,NA
2021-03-22 21:00:00,NA,1020.5,21.8,68,NA
2021-03-22 22:00:00,NA,1020.1,20.1,75,NA
2021-03-22 23:00:00,NA,1019.7,18.9,83,NA
2021-03-23 00:00:00,1017.2,NA,17.9,82,NA
2021-03-23 09:00:00,1016,NA,12.7,100,NA
2021-03-23 10:00:00,1016.1,NA,12.6,100,NA
2021-03-23 11:00:00,1016.4,NA,14,99,NA
2021-03-23 12:00:00,1016.6,NA,17.1,93,NA
2021-03-23 13:00:00,1016.4,NA,20.1,83,NA
2021-03-23 14:00:00,1016.2,NA,22.3,62,NA
2021-03-23 15:00:00,1015.8,NA,23.9,54,NA
2021-03-23 16:00:00,1015.2,NA,24.7,52,NA
2021-03-23 17:00:00,1014.6,NA,24.4,59,NA
2021-03-23 18:00:00,1014.1,NA,25,51,NA
2021-03-23 19:00:00,1013.7,NA,25,51,NA
2021-03-23 20:00:00,1013.6,NA,24.4,49,NA
2021-03-23 21:00:00,1013.6,NA,23.4,51,NA
2021-03-23 22:00:00,1013.7,NA,21,67,NA
2021-03-23 23:00:00,1013.7,NA,18.5,82,NA
2021-03-24 09:00:00,NA,1017,18.1,99,NA
2021-03-24 10:00:00,NA,1017.6,18,99,NA
2021-03-24 11:00:00,NA,1017.9,19.3,89,NA
2021-03-24 12:00:00,NA,1018.4,21.2,87,NA
2021-03-24 13:00:00,NA,1018.6,22.8,76,NA
2021-03-24 14:00:00,NA,1018.4,23.8,72,NA
2021-03-24 15:00:00,NA,1018.2,24.3,70,NA
2021-03-24 16:00:00,NA,1017.5,26.4,63,NA
2021-03-24 17:00:00,NA,1016.9,26.2,59,NA
2021-03-24 18:00:00,NA,1016.3,26.4,60,NA
2021-03-24 19:00:00,NA,1015.8,25.5,64,NA
2021-03-24 20:00:00,NA,1015.1,25.4,60,NA
2021-03-24 21:00:00,NA,1015.2,24.7,66,NA
2021-03-24 22:00:00,NA,1015.4,23.4,75,NA
2021-03-24 23:00:00,NA,1015.4,22.5,79,NA
2021-03-25 00:00:00,1013,NA,22.2,86,NA
2021-03-25 09:00:00,1011,NA,20,96,NA
2021-03-25 10:00:00,1010.2,NA,20.2,98,NA
2021-03-25 11:00:00,1010.6,NA,20.2,98,NA
2021-03-25 12:00:00,1011.3,NA,20,98,NA
2021-03-25 13:00:00,1012.2,NA,19.8,96,NA
2021-03-25 14:00:00,1012.8,NA,19.6,98,NA
2021-03-25 15:00:00,1011.3,NA,19.8,96,NA
2021-03-25 16:00:00,1010.1,NA,20,96,NA
2021-03-25 17:00:00,1008.9,NA,20.1,93,NA
2021-03-25 18:00:00,1007.6,NA,20.4,92,NA
2021-03-25 19:00:00,1008.2,NA,20.3,95,NA
2021-03-25 20:00:00,1008.1,NA,20.8,91,NA
2021-03-25 21:00:00,1009.4,NA,20.4,92,NA
2021-03-25 22:00:00,1009.3,NA,19.6,98,NA
2021-03-25 23:00:00,1008.6,NA,19.3,96,NA
2021-03-26 09:00:00,NA,1011,16.5,100,NA
2021-03-26 10:00:00,NA,1011,17,100,NA
2021-03-26 11:00:00,NA,1011.1,17.5,100,NA
2021-03-26 12:00:00,NA,1011.2,19.8,89,NA
2021-03-26 13:00:00,NA,1011.1,21.4,90,NA
2021-03-26 14:00:00,NA,1011.2,22.4,85,NA
2021-03-26 15:00:00,NA,1011.3,22.5,84,NA
2021-03-26 16:00:00,NA,1011.1,23.4,75,NA
2021-03-26 17:00:00,NA,1010.5,23.3,79,NA
2021-03-26 18:00:00,NA,1009.7,23.7,77,NA
2021-03-26 19:00:00,NA,1008.9,24,79,NA
2021-03-26 20:00:00,NA,1008.8,23.4,80,NA
2021-03-26 21:00:00,NA,1009,23.3,78,NA
2021-03-26 22:00:00,NA,1009.5,22.2,86,NA
2021-03-26 23:00:00,NA,1009.7,21.5,90,NA
2021-03-27 00:00:00,1007.8,NA,20.4,90,NA
2021-03-27 09:00:00,1008,NA,18.4,100,NA
2021-03-27 10:00:00,1008.2,NA,18,100,NA
2021-03-27 11:00:00,1009,NA,18.3,100,NA
2021-03-27 12:00:00,1009.1,NA,19.5,100,NA
2021-03-27 13:00:00,1009.2,NA,21.5,89,NA
2021-03-27 14:00:00,1009,NA,23.5,79,NA
2021-03-27 15:00:00,1009,NA,23.5,77,NA
2021-03-27 16:00:00,1008.6,NA,24.6,75,NA
2021-03-27 17:00:00,1008,NA,24.6,73,NA
2021-03-27 18:00:00,1007.4,NA,24.6,67,NA
2021-03-27 19:00:00,1007.4,NA,22.5,75,NA
2021-03-27 20:00:00,1007.8,NA,23,71,NA
2021-03-27 21:00:00,1008.1,NA,23,70,NA
2021-03-27 22:00:00,1008.2,NA,21.5,83,NA
2021-03-27 23:00:00,1008.1,NA,20.6,82,NA
2021-03-28 09:00:00,NA,1011.5,15.3,98,NA
2021-03-28 10:00:00,NA,1012.4,14.7,100,NA
2021-03-28 11:00:00,NA,1012.9,15.5,100,NA
2021-03-28 12:00:00,NA,1013.3,15.8,100,NA
2021-03-28 13:00:00,NA,1013.7,16.6,100,NA
2021-03-28 14:00:00,NA,1013.9,19.1,89,NA
2021-03-28 15:00:00,NA,1013.4,21.2,79,NA
2021-03-28 16:00:00,NA,1013.2,23,70,NA
2021-03-28 17:00:00,NA,1012.8,22.4,67,NA
2021-03-28 18:00:00,NA,1012.4,24.1,60,NA
2021-03-28 19:00:00,NA,1012.1,24,61,NA
2021-03-28 20:00:00,NA,1012.6,22,72,NA
2021-03-28 21:00:00,NA,1012.6,19.9,92,NA
2021-03-28 22:00:00,NA,1013,19.5,94,NA
2021-03-28 23:00:00,NA,1013.4,18.4,100,NA
2021-03-29 00:00:00,1011,NA,17.9,100,NA
2021-03-29 09:00:00,1012,NA,17,96,NA
2021-03-29 10:00:00,1012.5,NA,17,96,NA
2021-03-29 11:00:00,1013.2,NA,16.8,95,NA
2021-03-29 12:00:00,1013.8,NA,16.6,95,NA
2021-03-29 13:00:00,1014.2,NA,17,92,NA
2021-03-29 14:00:00,1014.5,NA,18.2,87,NA
2021-03-29 15:00:00,1014.4,NA,19.4,83,NA
2021-03-29 16:00:00,1014.4,NA,20.1,81,NA
2021-03-29 17:00:00,1014,NA,21.4,75,NA
2021-03-29 18:00:00,1013.6,NA,22.6,70,NA
2021-03-29 19:00:00,1013.8,NA,22,72,NA
2021-03-29 20:00:00,1013.8,NA,22,69,NA
2021-03-29 21:00:00,1014,NA,22,72,NA
2021-03-29 22:00:00,1014.4,NA,19.7,83,NA
2021-03-29 23:00:00,1014.6,NA,17.9,92,NA
2021-03-30 09:00:00,NA,1018.7,11.4,99,NA
2021-03-30 10:00:00,NA,1019.1,11,100,NA
2021-03-30 11:00:00,NA,1019.6,12.4,100,NA
2021-03-30 12:00:00,NA,1020.1,15,93,NA
2021-03-30 13:00:00,NA,1020.1,17,91,NA
2021-03-30 14:00:00,NA,1020.1,20,74,NA
2021-03-30 16:00:00,NA,1019.7,22.2,58,NA
2021-03-30 17:00:00,NA,1019.3,22.2,56,NA
2021-03-30 18:00:00,NA,1018.8,22.9,54,NA
2021-03-30 19:00:00,NA,1018.7,21.8,68,NA
2021-03-30 20:00:00,NA,1018.7,21.9,67,NA
2021-03-30 21:00:00,NA,1018.9,20.8,68,NA
2021-03-30 22:00:00,NA,1018.9,18.7,83,NA
2021-03-30 23:00:00,NA,1019.2,16.8,91,NA
2021-03-31 00:00:00,1016.6,NA,16.2,92,NA
2021-03-31 09:00:00,1016.9,NA,10.9,100,NA
2021-03-31 10:00:00,1017.2,NA,11.1,99,NA
2021-03-31 11:00:00,1017.7,NA,12.6,98,NA
2021-03-31 17:00:00,1016.9,NA,21.3,56,NA
2021-03-31 18:00:00,1016.4,NA,21.2,53,NA
2021-03-31 19:00:00,1016,NA,22.2,53,NA
2021-03-31 20:00:00,1015.4,NA,21.4,61,NA
2021-03-31 21:00:00,1015.6,NA,20.2,63,NA
2021-03-31 22:00:00,1015.8,NA,17.8,74,NA
2021-03-31 23:00:00,1016,NA,15.6,83,NA
2021-04-01 09:00:00,NA,1019.5,13,90,NA
2021-04-01 10:00:00,NA,1019.8,13.2,97,NA
2021-04-01 11:00:00,NA,1020.1,13.6,97,NA
2021-04-01 12:00:00,NA,1020.5,16.6,91,NA
2021-04-01 13:00:00,NA,1020.6,20.2,74,NA
2021-04-01 14:00:00,NA,1020.5,21.4,63,NA
2021-04-01 15:00:00,NA,1020.5,22.2,54,NA
2021-04-01 16:00:00,NA,1020.4,22.6,52,NA
2021-04-01 17:00:00,NA,1019.8,22.4,57,NA
2021-04-01 18:00:00,NA,1019.2,22.6,60,NA
2021-04-01 19:00:00,NA,1018.9,22.6,59,NA
2021-04-01 20:00:00,NA,1018.8,21.8,63,NA
2021-04-01 21:00:00,NA,1019.1,20.8,69,NA
2021-04-01 22:00:00,NA,1019.4,18.9,78,NA
2021-04-01 23:00:00,NA,1019.5,17.8,84,NA
2021-04-02 00:00:00,1017,NA,17.8,83,NA
2021-04-02 09:00:00,1018.5,NA,15.2,94,NA
2021-04-02 10:00:00,1018.8,NA,13.9,95,NA
2021-04-02 11:00:00,1019.2,NA,16.2,92,NA
2021-04-02 12:00:00,1019.6,NA,19.6,82,NA
2021-04-02 13:00:00,1019.7,NA,20.6,74,NA
2021-04-02 14:00:00,1019.7,NA,21.3,67,NA
2021-04-02 15:00:00,1019.3,NA,22.4,65,NA
2021-04-02 16:00:00,1018.9,NA,22.1,63,NA
2021-04-02 17:00:00,1018.4,NA,22.6,57,NA
2021-04-02 18:00:00,1017.8,NA,22.4,54,NA
2021-04-02 19:00:00,1017.3,NA,22.9,54,NA
2021-04-02 20:00:00,1017.2,NA,22.2,55,NA
2021-04-02 21:00:00,1017.4,NA,21.2,65,NA
2021-04-02 22:00:00,1017.4,NA,19.2,79,NA
2021-04-02 23:00:00,1017.6,NA,18,87,NA
2021-04-03 09:00:00,NA,1020.5,17.5,91,NA
2021-04-03 10:00:00,NA,1020.8,16.7,95,NA
2021-04-03 11:00:00,NA,1021.4,17.8,91,NA
2021-04-03 12:00:00,NA,1021.8,20,85,NA
2021-04-03 13:00:00,NA,1022,21.2,76,NA
2021-04-03 14:00:00,NA,1021.9,22.1,71,NA
2021-04-03 15:00:00,NA,1021.7,22.6,68,NA
2021-04-03 16:00:00,NA,1021.4,23.1,63,NA
2021-04-03 17:00:00,NA,1020.5,23,65,NA
2021-04-03 18:00:00,NA,1019.9,23.6,59,NA
2021-04-03 19:00:00,NA,1019.4,23.4,52,NA
2021-04-03 20:00:00,NA,1019.4,23.5,54,NA
2021-04-03 21:00:00,NA,1019.5,21.6,75,NA
2021-04-03 22:00:00,NA,1019.6,20,85,NA
2021-04-03 23:00:00,NA,1019.9,19,89,NA
2021-04-04 00:00:00,1017.6,NA,19,91,NA
2021-04-04 09:00:00,1016.8,NA,17,98,NA
2021-04-04 10:00:00,1017,NA,17.2,96,NA
2021-04-04 11:00:00,1017.3,NA,18.4,93,NA
2021-04-04 12:00:00,1017.6,NA,20,88,NA
2021-04-04 13:00:00,1017.6,NA,20.2,85,NA
2021-04-04 14:00:00,1017.4,NA,21.2,83,NA
2021-04-04 15:00:00,1017.2,NA,21.8,80,NA
2021-04-04 16:00:00,1016.2,NA,23.2,70,NA
2021-04-04 17:00:00,1015.2,NA,23.6,69,NA
2021-04-04 18:00:00,1014.4,NA,24.2,64,NA
2021-04-04 19:00:00,1013.8,NA,23.8,63,NA
2021-04-04 20:00:00,1013.4,NA,23.6,65,NA
2021-04-04 21:00:00,1013.4,NA,22,75,NA
2021-04-04 22:00:00,1013.4,NA,20,91,NA
2021-04-04 23:00:00,1013.8,NA,19.1,93,NA
2021-04-05 09:00:00,NA,1016.1,18.6,99,NA
2021-04-05 10:00:00,NA,1016.6,17.6,100,NA
2021-04-05 11:00:00,NA,1017,18.6,97,NA
2021-04-05 12:00:00,NA,1017.5,21.2,90,NA
2021-04-05 13:00:00,NA,1017.4,22.5,83,NA
2021-04-05 14:00:00,NA,1016.7,23.5,77,NA
2021-04-05 15:00:00,NA,1016.1,24.5,74,NA
2021-04-05 16:00:00,NA,1016.1,24.4,73,NA
2021-04-05 17:00:00,NA,1014.8,25.5,71,NA
2021-04-05 18:00:00,NA,1014.8,26.6,66,NA
2021-04-05 19:00:00,NA,1014.7,26.8,64,NA
2021-04-05 20:00:00,NA,1015,26.4,65,NA
2021-04-05 21:00:00,NA,1015.3,25.5,70,NA
2021-04-05 22:00:00,NA,1015.6,22.9,81,NA
2021-04-05 23:00:00,NA,1016,21.5,88,NA
2021-04-06 00:00:00,1013.7,NA,21,92,NA
2021-04-06 09:00:00,1014.4,NA,18.4,100,NA
2021-04-06 10:00:00,1014.8,NA,18.8,100,NA
2021-04-06 11:00:00,1015.2,NA,20,100,NA
2021-04-06 12:00:00,1015.6,NA,21.8,93,NA
2021-04-06 13:00:00,1016,NA,23.2,85,NA
2021-04-06 14:00:00,1016.2,NA,24.2,80,NA
2021-04-06 15:00:00,1016,NA,24.8,76,NA
2021-04-06 16:00:00,1016,NA,25.4,72,NA
2021-04-06 17:00:00,1015.2,NA,25.8,70,NA
2021-04-06 18:00:00,1014.5,NA,25.8,67,NA
2021-04-06 19:00:00,1014.2,NA,25.1,70,NA
2021-04-06 20:00:00,1013.8,NA,25,67,NA
2021-04-06 21:00:00,1013.7,NA,23.4,82,NA
2021-04-06 22:00:00,1014.1,NA,21.5,91,NA
2021-04-06 23:00:00,1014.4,NA,20.5,98,NA
2021-04-07 09:00:00,NA,1017.6,20.2,93,NA
2021-04-07 10:00:00,NA,1017.7,20,93,NA
2021-04-07 11:00:00,NA,1017.9,20.6,93,NA
2021-04-07 12:00:00,NA,1018.2,22,94,NA
2021-04-07 13:00:00,NA,1018.5,23.2,74,NA
2021-04-07 14:00:00,NA,1018.4,23.6,81,NA
2021-04-07 15:00:00,NA,1018,25,74,NA
2021-04-07 16:00:00,NA,1017.3,26,70,NA
2021-04-07 17:00:00,NA,1016.4,27,66,NA
2021-04-07 18:00:00,NA,1015.5,27.5,66,NA
2021-04-07 19:00:00,NA,1015.2,27.3,62,NA
2021-04-07 20:00:00,NA,1014.8,27.2,59,NA
2021-04-07 21:00:00,NA,1014.5,26,64,NA
2021-04-07 22:00:00,NA,1014.7,23.6,77,NA
2021-04-07 23:00:00,NA,1015,22.4,85,NA
2021-04-08 00:00:00,NA,1015,22,86,NA
2021-04-08 15:00:00,1009.7,NA,25.2,65,NA
2021-04-08 16:00:00,1009.2,NA,25.2,72,NA
2021-04-08 17:00:00,1009.2,NA,25.5,69,NA
2021-04-08 18:00:00,1008.2,NA,25.5,68,NA
2021-04-08 19:00:00,1008.6,NA,25.5,71,NA
2021-04-08 20:00:00,1008,NA,24.4,78,NA
2021-04-08 21:00:00,1007.6,NA,23.3,84,NA
2021-04-08 22:00:00,1007.8,NA,24.4,74,NA
2021-04-08 23:00:00,1008.6,NA,21,98,NA
2021-04-09 09:00:00,NA,1012.2,19.5,99,NA
2021-04-09 10:00:00,NA,1013.2,19.2,100,NA
2021-04-09 11:00:00,NA,1013.1,19,100,NA
2021-04-09 12:00:00,NA,1013.6,19.4,100,NA
2021-04-09 13:00:00,NA,1013.9,19.8,97,NA
2021-04-09 14:00:00,NA,1013.6,20.1,96,NA
2021-04-09 15:00:00,NA,1015.3,20.4,97,NA
2021-04-09 16:00:00,NA,1014,21.2,95,NA
2021-04-09 17:00:00,NA,1013.1,21.4,93,NA
2021-04-09 18:00:00,NA,1013.2,21,97,NA
2021-04-09 19:00:00,NA,1013.4,20.8,97,NA
2021-04-09 20:00:00,NA,1014.5,21,98,NA
2021-04-09 21:00:00,NA,1014.6,20.6,98,NA
2021-04-09 22:00:00,NA,1015.1,20.4,100,NA
2021-04-09 23:00:00,NA,1015.5,20.4,100,NA
2021-04-10 00:00:00,NA,1015.7,20,100,NA
2021-04-11 09:00:00,NA,1004.3,16.8,98,NA
2021-04-11 10:00:00,NA,1005.3,16.2,97,NA
2021-04-11 11:00:00,NA,1007,15,99,NA
2021-04-11 12:00:00,NA,1008.9,15.4,97,NA
2021-04-11 13:00:00,NA,1010.4,15.2,91,NA
2021-04-11 14:00:00,NA,1011.4,16.8,85,NA
2021-04-11 15:00:00,NA,1012.6,17.6,80,NA
2021-04-11 16:00:00,NA,1013.4,18,74,NA
2021-04-11 17:00:00,NA,1013.7,18.1,71,NA
2021-04-11 18:00:00,NA,1013.7,18.8,66,NA
2021-04-11 19:00:00,NA,1014.1,20.2,59,NA
2021-04-11 20:00:00,NA,1014.9,20,59,NA
2021-04-11 21:00:00,NA,1015.5,19,64,NA
2021-04-11 22:00:00,NA,1016.3,17,81,NA
2021-04-11 23:00:00,NA,1017,16,85,NA
2021-04-12 00:00:00,NA,1017.6,14.6,90,NA
2021-04-13 09:00:00,NA,1021.7,11.6,96,NA
2021-04-13 10:00:00,NA,1022.3,12,94,NA
2021-04-13 11:00:00,NA,1022.7,13.4,74,NA
2021-04-13 12:00:00,NA,1023.3,16.3,79,NA
2021-04-13 13:00:00,1020.8,1023.5,19.6,64,NA
2021-04-13 14:00:00,1020.8,1023.5,22.2,55,NA
2021-04-13 15:00:00,1020.8,1023.4,23,53,NA
2021-04-13 16:00:00,1020.1,1022.8,24,49,NA
2021-04-13 17:00:00,1019.3,1022,24.4,58,NA
2021-04-13 18:00:00,1018.8,1021.5,25,38,NA
2021-04-13 19:00:00,1018.8,1021.4,24.6,41,NA
2021-04-13 20:00:00,1018.6,1021.3,23.5,43,NA
2021-04-13 21:00:00,1018.5,1021.3,21.9,50,NA
2021-04-13 22:00:00,1018.4,1021.2,18.4,71,NA
2021-04-13 23:00:00,1018.6,1021.4,16.2,83,NA
2021-04-14 00:00:00,NA,1021.6,14.6,91,NA
2021-04-15 00:00:00,1013.2,NA,NA,NA,NA
2021-04-15 09:00:00,1011.8,1014.5,14.2,100,NA
2021-04-15 10:00:00,1012.2,1015.1,13.2,99,NA
2021-04-15 11:00:00,1012.5,1015.3,14.6,100,NA
2021-04-15 12:00:00,1012.6,1015.3,18.3,97,NA
2021-04-15 13:00:00,1012.8,1015.5,21.4,82,NA
2021-04-15 14:00:00,1012.8,1015.5,22.6,74,NA
2021-04-15 15:00:00,1012.4,1015.1,22.9,71,NA
2021-04-15 16:00:00,1012.6,1015.3,24.8,64,NA
2021-04-15 17:00:00,1010.9,1013.6,24.7,60,NA
2021-04-15 18:00:00,1010.8,1013.5,25.4,64,NA
2021-04-15 19:00:00,1010.6,1013.4,24.8,65,NA
2021-04-15 20:00:00,1010.5,1013.2,24.3,63,NA
2021-04-15 21:00:00,1010.4,1013.1,22.4,75,NA
2021-04-15 22:00:00,1010.9,1013.6,19.6,89,NA
2021-04-15 23:00:00,1011.4,1014.1,18,99,NA
2021-04-16 00:00:00,NA,1014.5,16.9,99,NA
2021-04-17 00:00:00,1013,NA,NA,NA,NA
2021-04-17 09:00:00,1015.3,1018,12.6,100,NA
2021-04-17 10:00:00,1016,1018.7,12,100,NA
2021-04-17 11:00:00,1016.4,1019.2,12.7,100,NA
2021-04-17 12:00:00,1016.9,1019.7,16.4,99,NA
2021-04-17 13:00:00,1016.9,1019.6,20.7,93,NA
2021-04-17 14:00:00,1016.8,1019.4,21.6,82,NA
2021-04-17 15:00:00,1016.6,1019.3,23,70,NA
2021-04-17 16:00:00,1016.1,1018.8,24.6,60,NA
2021-04-17 17:00:00,1015.6,1018.3,23.8,65,NA
2021-04-17 18:00:00,1015.2,1017.9,23.6,69,NA
2021-04-17 19:00:00,1014.8,1017.5,23.2,63,NA
2021-04-17 20:00:00,1014.9,1017.6,22,76,NA
2021-04-17 21:00:00,1015.2,1017.9,20.6,84,NA
2021-04-17 22:00:00,1015.2,1017.9,18.9,93,NA
2021-04-17 23:00:00,1015.2,1018,18.2,95,NA
2021-04-18 00:00:00,NA,1018.2,17.8,96,NA
2021-04-19 00:00:00,1016.5,NA,NA,NA,NA
2021-04-19 09:00:00,1018.5,1021.2,17.3,88,NA
2021-04-19 10:00:00,1018.6,1021.4,16.6,91,NA
2021-04-19 11:00:00,1019.3,1022.1,17.1,89,NA
2021-04-19 12:00:00,1020.1,1022.9,19.1,83,NA
2021-04-19 13:00:00,1020.4,1023.1,20.3,78,NA
2021-04-19 14:00:00,1020.2,1022.9,21.1,75,NA
2021-04-19 15:00:00,1019.7,1022.4,21.4,71,NA
2021-04-19 16:00:00,1019.2,1021.8,22.5,68,NA
2021-04-19 17:00:00,1018.2,1020.9,22.4,64,NA
2021-04-19 18:00:00,1017.8,1020.5,23.2,60,NA
2021-04-19 19:00:00,1017.6,1020.2,23.2,60,NA
2021-04-19 20:00:00,1017.6,1020.2,22.6,60,NA
2021-04-19 21:00:00,1017.3,1020,21,75,NA
2021-04-19 22:00:00,1017.6,1020.2,19.2,86,NA
2021-04-19 23:00:00,1017.7,1020.4,18.5,92,NA
2021-04-20 00:00:00,NA,1020.6,18.2,94,NA
2021-04-21 00:00:00,1017.2,NA,NA,NA,NA
2021-04-21 09:00:00,1017.4,1020.1,18.5,88,NA
2021-04-21 10:00:00,1017.8,1020.5,18.6,88,NA
2021-04-21 11:00:00,1018.1,1020.8,18.7,86,NA
2021-04-21 12:00:00,1018.5,1021.2,19.8,78,NA
2021-04-21 13:00:00,1018.4,1021.1,20.5,75,NA
2021-04-21 14:00:00,1017.7,1020.4,20.7,75,NA
2021-04-21 15:00:00,1016.5,1019.2,21.8,72,NA
2021-04-21 16:00:00,1015.6,1018.2,23,70,NA
2021-04-21 17:00:00,1015.3,1018,23.6,65,NA
2021-04-21 18:00:00,1014.6,1017.3,24.4,63,NA
2021-04-21 19:00:00,1013.6,1016.2,24,63,NA
2021-04-21 20:00:00,1013.6,1016.2,24,64,NA
2021-04-21 21:00:00,1013.5,1016.2,22,77,NA
2021-04-21 22:00:00,1015,1017.7,21.4,78,NA
2021-04-21 23:00:00,1015.8,1018.5,20.4,85,NA
2021-04-22 00:00:00,NA,1018.5,20,88,NA
2021-04-23 00:00:00,1012.8,NA,NA,NA,NA
2021-04-23 09:00:00,NA,1016.1,17.7,90,NA
2021-04-23 10:00:00,NA,1016.2,17.5,89,NA
2021-04-23 11:00:00,NA,1016.5,17.6,88,NA
2021-04-23 12:00:00,NA,1016.6,19.6,85,NA
2021-04-23 13:00:00,NA,1016.1,20.9,80,NA
2021-04-23 14:00:00,NA,1015.6,21.5,73,NA
2021-04-23 15:00:00,NA,1015.2,22.6,73,NA
2021-04-23 16:00:00,NA,1014.3,23.2,68,NA
2021-04-23 17:00:00,NA,1013.3,23.7,63,NA
2021-04-23 18:00:00,NA,1013.1,24.6,59,NA
2021-04-23 19:00:00,NA,1012.2,25,57,NA
2021-04-23 20:00:00,NA,1011.4,24,61,NA
2021-04-23 21:00:00,NA,1011.9,22,70,NA
2021-04-23 22:00:00,NA,1012.2,20.7,82,NA
2021-04-23 23:00:00,NA,1012.2,20.3,85,NA
2021-04-24 00:00:00,NA,1014.3,17.6,92,NA
2021-04-25 09:00:00,NA,1018.6,9.3,95,NA
2021-04-25 10:00:00,NA,1019.1,9,97,NA
2021-04-25 11:00:00,NA,1019.2,9.3,97,NA
2021-04-25 12:00:00,NA,1019.9,11,92,NA
2021-04-25 13:00:00,NA,1020.1,13.6,84,NA
2021-04-25 14:00:00,NA,1020.1,15.6,80,NA
2021-04-25 15:00:00,NA,1019.9,17.9,74,NA
2021-04-25 16:00:00,NA,1019.4,18.4,72,NA
2021-04-25 17:00:00,NA,1018.7,18.6,73,NA
2021-04-25 18:00:00,NA,1018.4,18.6,74,NA
2021-04-25 19:00:00,NA,1018.6,19.1,72,NA
2021-04-25 20:00:00,NA,1018.8,18.4,81,NA
2021-04-25 21:00:00,NA,1018.9,17.4,81,NA
2021-04-25 22:00:00,NA,1019.4,16.6,88,NA
2021-04-25 23:00:00,NA,1020,16.2,90,NA
2021-04-26 00:00:00,NA,1020.3,16.4,86,NA
2021-04-27 09:00:00,NA,1020.2,9.7,99,NA
2021-04-27 10:00:00,NA,1020.5,9.6,99,NA
2021-04-27 11:00:00,NA,1021.1,9.4,100,NA
2021-04-27 12:00:00,NA,1021.6,12.3,96,NA
2021-04-27 13:00:00,NA,1021.8,17.4,73,NA
2021-04-27 14:00:00,NA,1021.8,19.2,64,NA
2021-04-27 15:00:00,NA,1021.5,19.8,61,NA
2021-04-27 16:00:00,NA,1020.8,20,58,NA
2021-04-27 17:00:00,NA,1020.1,19.5,64,NA
2021-04-27 18:00:00,NA,1019.4,19.4,63,NA
2021-04-27 19:00:00,NA,1019.3,20.3,56,NA
2021-04-27 20:00:00,NA,1019.1,19.3,61,NA
2021-04-27 21:00:00,NA,1019.3,17.8,71,NA
2021-04-27 22:00:00,NA,1019.5,15.3,85,NA
2021-04-27 23:00:00,NA,1019.8,13.2,94,NA
2021-04-28 00:00:00,1017.3,NA,12.5,98,NA
2021-04-28 09:00:00,1018,NA,10.8,100,NA
2021-04-28 10:00:00,1018.8,NA,11.1,99,NA
2021-04-28 11:00:00,1019.7,NA,12.3,100,NA
2021-04-28 12:00:00,1020.4,NA,15.8,90,NA
2021-04-28 13:00:00,1020.4,NA,18.3,67,NA
2021-04-28 14:00:00,1020.4,NA,20.3,64,NA
2021-04-28 15:00:00,1020.1,NA,21.4,56,NA
2021-04-28 16:00:00,1019.6,NA,22.1,51,NA
2021-04-28 17:00:00,1018.8,NA,22.8,49,NA
2021-04-28 18:00:00,1018.4,NA,22.1,60,NA
2021-04-28 19:00:00,1018.4,NA,22.3,56,NA
2021-04-28 20:00:00,1018.8,NA,21,59,NA
2021-04-28 21:00:00,1018.9,NA,19.9,66,NA
2021-04-28 22:00:00,1019.2,NA,17.4,84,NA
2021-04-28 23:00:00,1019.6,NA,15.6,91,NA
2021-04-29 09:00:00,NA,1023.4,12.4,100,NA
2021-04-29 10:00:00,NA,1023.5,12.7,100,NA
2021-04-29 11:00:00,NA,1024,16,100,NA
2021-04-29 12:00:00,NA,1024.4,16.6,88,NA
2021-04-29 13:00:00,NA,1024.5,19.4,73,NA
2021-04-29 14:00:00,NA,1024.2,21.2,63,NA
2021-04-29 15:00:00,NA,1024.1,22,56,NA
2021-04-29 16:00:00,NA,1023.6,22.6,51,NA
2021-04-29 17:00:00,NA,1023,22.8,48,NA
2021-04-29 18:00:00,NA,1022.5,22.7,47,NA
2021-04-29 19:00:00,NA,1022.3,22.3,48,NA
2021-04-29 20:00:00,NA,1022.2,21.9,53,NA
2021-04-29 21:00:00,NA,1022,20.3,61,NA
2021-04-29 22:00:00,NA,1022.2,17.7,75,NA
2021-04-29 23:00:00,NA,1022.5,16.3,82,NA
2021-04-30 00:00:00,1020,NA,14.1,97,NA
2021-04-30 09:00:00,1019.2,NA,15,86,NA
2021-04-30 10:00:00,1019.2,NA,14.2,91,NA
2021-04-30 11:00:00,1019.2,NA,14.5,90,NA
2021-04-30 12:00:00,1019.4,NA,17.4,79,NA
2021-04-30 13:00:00,1019.3,NA,18.6,71,NA
2021-04-30 14:00:00,1019.2,NA,20,65,NA
2021-04-30 15:00:00,1018.6,NA,20.2,63,NA
2021-04-30 16:00:00,1018,NA,21,58,NA
2021-04-30 17:00:00,1016.9,NA,22,54,NA
2021-04-30 18:00:00,1016,NA,21.6,54,NA
2021-04-30 19:00:00,1015.7,NA,22,53,NA
2021-04-30 20:00:00,1015.6,NA,21.4,54,NA
2021-04-30 21:00:00,1015.2,NA,18.3,75,NA
2021-04-30 22:00:00,1014.9,NA,15.6,90,NA
2021-04-30 23:00:00,1015,NA,15.4,90,NA
2021-05-01 03:00:00,NA,1018.2,16.3,86,NA
2021-05-01 04:00:00,NA,1018,16.1,90,NA
2021-05-01 05:00:00,NA,1017.9,15.8,89,NA
2021-05-01 06:00:00,NA,1017.7,15.2,93,NA
2021-05-01 07:00:00,NA,1017.5,15.8,89,NA
2021-05-01 08:00:00,NA,1017.6,13.5,97,NA
2021-05-01 09:00:00,NA,1017.8,12,100,NA
2021-05-01 10:00:00,NA,1018,11.4,100,NA
2021-05-01 11:00:00,NA,1018.5,10.8,100,NA
2021-05-01 12:00:00,NA,1018.7,15.3,94,NA
2021-05-01 13:00:00,NA,1018.7,19.9,74,NA
2021-05-01 14:00:00,NA,1018.6,21.2,65,NA
2021-05-01 15:00:00,NA,1018.2,22.8,56,NA
2021-05-01 16:00:00,NA,1017.5,23.8,54,NA
2021-05-01 17:00:00,NA,1016.6,23.9,49,NA
2021-05-01 18:00:00,NA,1015.7,23,53,NA
2021-05-01 20:00:00,NA,1015.1,24.6,49,NA
2021-05-01 21:00:00,NA,1015.2,20.8,71,NA
2021-05-01 22:00:00,NA,1015.6,18.4,84,NA
2021-05-01 23:00:00,NA,1015.8,16.4,91,NA
2021-05-02 00:00:00,1013.6,NA,15.6,94,NA
2021-05-02 01:00:00,1013.3,NA,15.4,93,NA
2021-05-02 02:00:00,1013.8,NA,15.3,94,NA
2021-05-02 03:00:00,1013.8,NA,15.2,98,NA
2021-05-02 05:00:00,1013.2,NA,14.2,100,NA
2021-05-02 06:00:00,1013,NA,13.5,98,NA
2021-05-02 07:00:00,1012.6,NA,13.2,95,NA
2021-05-02 08:00:00,1012.5,NA,13.1,98,NA
2021-05-02 09:00:00,1012.6,NA,13.1,98,NA
2021-05-02 10:00:00,1013,NA,11.8,100,NA
2021-05-02 11:00:00,1013.6,NA,12.4,100,NA
2021-05-02 12:00:00,1013.6,NA,17.7,87,NA
2021-05-02 13:00:00,1013.6,NA,20.8,73,NA
2021-05-02 14:00:00,1013.3,NA,22.2,64,NA
2021-05-02 15:00:00,1012.5,NA,24.2,57,NA
2021-05-02 16:00:00,1012,NA,23.5,59,NA
2021-05-02 17:00:00,1011,NA,24.5,54,NA
2021-05-02 18:00:00,1010.2,NA,25.2,51,NA
2021-05-02 19:00:00,1009.8,NA,26,49,NA
2021-05-02 20:00:00,1009.8,NA,25.6,53,NA
2021-05-02 21:00:00,1009.7,NA,22.2,75,NA
2021-05-02 22:00:00,1009.8,NA,20,82,NA
2021-05-02 23:00:00,1010,NA,20,82,NA
2021-05-03 03:00:00,NA,1011.3,20.6,76,NA
2021-05-03 04:00:00,NA,1011.3,19.3,85,NA
2021-05-03 05:00:00,NA,1011.2,18.8,89,NA
2021-05-03 06:00:00,NA,1010.9,19,86,NA
2021-05-03 07:00:00,NA,1010.4,20,81,NA
2021-05-03 08:00:00,NA,1010.4,20.1,84,NA
2021-05-03 09:00:00,NA,1010.2,20.1,81,NA
2021-05-03 10:00:00,NA,1010.5,19.9,81,NA
2021-05-03 11:00:00,NA,1010.5,19.9,81,NA
2021-05-03 12:00:00,NA,1010.8,20.5,77,NA
2021-05-03 13:00:00,NA,1010.6,21.5,73,NA
2021-05-03 14:00:00,NA,1010.3,21.5,76,NA
2021-05-03 15:00:00,NA,1009.3,21.9,75,NA
2021-05-03 16:00:00,NA,1008.2,22,78,NA
2021-05-03 17:00:00,NA,1008.4,21.4,83,NA
2021-05-03 18:00:00,NA,1008.9,20,95,NA
2021-05-03 19:00:00,NA,1008.3,19.5,99,NA
2021-05-03 20:00:00,NA,1007.6,19.8,97,NA
2021-05-03 21:00:00,NA,1008.7,18.7,97,NA
2021-05-03 22:00:00,NA,1009.7,18.1,95,NA
2021-05-03 23:00:00,NA,1010.8,18.3,100,NA
2021-05-04 01:00:00,NA,1012.9,16.8,96,NA
2021-05-04 00:00:00,1009.2,NA,17.3,98,NA
2021-05-04 02:00:00,1011,NA,15.8,94,NA
2021-05-04 03:00:00,1011.4,NA,14.4,98,NA
2021-05-04 04:00:00,1012.5,NA,13.7,93,NA
2021-05-04 06:00:00,1013.8,NA,12.4,84,NA
2021-05-04 07:00:00,1014.6,NA,11.4,86,NA
2021-05-04 08:00:00,1015.6,NA,10.7,97,NA
2021-05-04 09:00:00,1016.8,NA,9.9,84,NA
2021-05-04 10:00:00,1018,NA,9.1,88,NA
2021-05-04 11:00:00,1019,NA,8.7,83,NA
2021-05-04 13:00:00,1020.5,NA,11.5,71,NA
2021-05-04 14:00:00,1020.8,NA,12.9,66,NA
2021-05-04 15:00:00,1020.6,NA,14.4,58,NA
2021-05-04 16:00:00,1020.2,NA,15.1,49,NA
2021-05-04 17:00:00,1020,NA,15.1,57,NA
2021-05-04 18:00:00,1019.7,NA,16.2,50,NA
2021-05-04 19:00:00,1020.8,NA,15,54,NA
2021-05-04 20:00:00,1021.7,NA,14.8,53,NA
2021-05-04 21:00:00,1022.1,NA,12.6,67,NA
2021-05-04 22:00:00,1022.4,NA,11,79,NA
2021-05-04 23:00:00,1023.7,NA,10.2,81,NA
2021-05-05 03:00:00,NA,1027.8,7.8,86,NA
2021-05-05 04:00:00,NA,1028.2,7.6,86,NA
2021-05-05 05:00:00,NA,1028,7.6,86,NA
2021-05-05 06:00:00,NA,1027.7,6.8,87,NA
2021-05-05 07:00:00,NA,1027.6,6.2,88,NA
2021-05-05 08:00:00,NA,1027.6,5.2,92,NA
2021-05-05 09:00:00,NA,1027.4,4.2,95,NA
2021-05-05 10:00:00,NA,1027.6,3.9,95,NA
2021-05-05 11:00:00,NA,1027.5,3.8,93,NA
2021-05-05 12:00:00,NA,1027.7,6,84,NA
2021-05-05 13:00:00,NA,1028,8.3,80,NA
2021-05-05 14:00:00,NA,1027.7,11.7,66,NA
2021-05-05 15:00:00,NA,1027.6,12.5,57,NA
2021-05-05 16:00:00,NA,1026.6,13.5,50,NA
2021-05-05 17:00:00,NA,1025.9,13.6,49,NA
2021-05-05 18:00:00,NA,1025.2,14.1,47,NA
2021-05-05 19:00:00,NA,1025.2,14,48,NA
2021-05-05 20:00:00,NA,1025.1,13.7,49,NA
2021-05-05 21:00:00,NA,1025.1,12.3,58,NA
2021-05-05 22:00:00,NA,1025.5,10.5,64,NA
2021-05-05 23:00:00,NA,1026.4,9.5,68,NA
2021-05-06 00:00:00,1023.8,NA,9.1,71,NA
2021-05-06 01:00:00,1023.8,NA,8.6,78,NA
2021-05-06 02:00:00,1024,NA,8.4,77,NA
2021-05-06 03:00:00,1024,NA,7.2,80,NA
2021-05-06 04:00:00,1023.6,NA,5.5,94,NA
2021-05-06 06:00:00,1023.2,NA,4.6,92,NA
2021-05-06 08:00:00,1022.8,NA,4,91,NA
2021-05-06 09:00:00,1023.2,NA,3.9,93,NA
2021-05-06 10:00:00,1023.2,NA,3.4,95,NA
2021-05-06 11:00:00,1023.3,NA,3.6,95,NA
2021-05-06 12:00:00,1023.6,NA,6.2,80,NA
2021-05-06 13:00:00,1023.7,NA,9.6,60,NA
2021-05-06 14:00:00,1023.6,NA,11.9,56,NA
2021-05-06 15:00:00,1023.3,NA,14.4,56,NA
2021-05-06 16:00:00,1023,NA,15.8,54,NA
2021-05-06 17:00:00,1022.4,NA,16.2,53,NA
2021-05-06 18:00:00,1022,NA,17.5,52,NA
2021-05-06 19:00:00,1022,NA,17,53,NA
2021-05-06 20:00:00,1021.8,NA,16.5,53,NA
2021-05-06 21:00:00,1021.6,NA,14.4,60,NA
2021-05-06 22:00:00,1021.6,NA,11.8,71,NA
2021-05-06 23:00:00,1022.1,NA,10,78,NA
2021-05-07 03:00:00,NA,1025.7,6.9,85,NA
2021-05-07 04:00:00,NA,1025.7,6.1,87,NA
2021-05-07 05:00:00,NA,1025.6,6.4,85,NA
2021-05-07 06:00:00,NA,1025.7,5.8,87,NA
2021-05-07 07:00:00,NA,1025.5,6.7,80,NA
2021-05-07 08:00:00,NA,1025.6,5.9,84,NA
2021-05-07 09:00:00,NA,1025.9,6,82,NA
2021-05-07 10:00:00,NA,1026.2,3.7,93,NA
2021-05-07 11:00:00,NA,1026.7,3.2,95,NA
2021-05-07 12:00:00,NA,1027.4,7.2,88,NA
2021-05-07 13:00:00,NA,1027.7,10.7,81,NA
2021-05-07 14:00:00,NA,1027.7,14.4,66,NA
2021-05-07 15:00:00,NA,1027.5,15.7,60,NA
2021-05-07 16:00:00,NA,1026.9,16.7,53,NA
2021-05-07 17:00:00,NA,1026.8,17.5,51,NA
2021-05-07 18:00:00,NA,1026.3,17.7,51,NA
2021-05-07 19:00:00,NA,1026.4,17,54,NA
2021-05-07 20:00:00,NA,1026.6,16.2,57,NA
2021-05-07 21:00:00,NA,1026.5,14.1,71,NA
2021-05-07 22:00:00,NA,1027.3,11.2,85,NA
2021-05-07 23:00:00,NA,1027.5,9,92,NA
2021-05-08 00:00:00,1024.5,NA,8.7,93,NA
2021-05-08 01:00:00,1024.9,NA,8.1,97,NA
2021-05-08 02:00:00,1025.2,NA,6.8,98,NA
2021-05-08 03:00:00,1025.3,NA,7.3,99,NA
2021-05-08 04:00:00,1025.4,NA,7.2,100,NA
2021-05-08 06:00:00,1025.3,NA,6.5,99,NA
2021-05-08 07:00:00,1024.9,NA,6.8,92,NA
2021-05-08 08:00:00,1025.2,NA,5.8,100,NA
2021-05-08 09:00:00,1025.2,NA,7.6,97,NA
2021-05-08 10:00:00,1025.3,NA,8.4,98,NA
2021-05-08 11:00:00,1025.6,NA,9.6,97,NA
2021-05-08 12:00:00,1026,NA,12.6,88,NA
2021-05-08 13:00:00,1026.1,NA,14.7,74,NA
2021-05-08 14:00:00,1026.4,NA,15.6,59,NA
2021-05-08 15:00:00,1025.8,NA,16.4,66,NA
2021-05-08 16:00:00,1025.7,NA,16.5,68,NA
2021-05-08 17:00:00,1024.6,NA,17,61,NA
2021-05-08 18:00:00,1024.1,NA,17,61,NA
2021-05-08 19:00:00,1023.8,NA,17.2,63,NA
2021-05-08 20:00:00,1023.6,NA,15.9,70,NA
2021-05-08 21:00:00,1023.7,NA,13.5,83,NA
2021-05-08 22:00:00,1023.6,NA,11.5,88,NA
2021-05-08 23:00:00,1022.9,NA,12.2,85,NA
2021-05-09 03:00:00,NA,1025.7,12.8,92,NA
2021-05-09 04:00:00,NA,1025.7,13.2,86,NA
2021-05-09 05:00:00,NA,1025.6,11,96,NA
2021-05-09 06:00:00,NA,1025.3,11.8,92,NA
2021-05-09 07:00:00,NA,1025,11.4,99,NA
2021-05-09 08:00:00,NA,1024.9,10.2,99,NA
2021-05-09 09:00:00,NA,1024.6,9.4,100,NA
2021-05-09 10:00:00,NA,1024.3,9.3,100,NA
2021-05-09 11:00:00,NA,1024.6,11.4,100,NA
2021-05-09 12:00:00,NA,1025.2,13.6,96,NA
2021-05-09 13:00:00,NA,1025.2,13.3,94,NA
2021-05-09 14:00:00,NA,1024.9,14.1,88,NA
2021-05-09 15:00:00,NA,1024.8,14.7,85,NA
2021-05-09 16:00:00,NA,1023.6,15.5,82,NA
2021-05-09 17:00:00,NA,1022.1,15.7,81,NA
2021-05-09 18:00:00,NA,1021.6,15.7,79,NA
2021-05-09 19:00:00,NA,1021.7,16.2,78,NA
2021-05-09 20:00:00,NA,1021.3,15.7,79,NA
2021-05-09 21:00:00,NA,1021.6,14.2,88,NA
2021-05-09 22:00:00,NA,1021.3,12.3,96,NA
2021-05-09 23:00:00,NA,1021,12,96,NA
2021-05-10 00:00:00,1018.1,NA,11.6,98,NA
2021-05-10 01:00:00,1018,NA,10.6,98,NA
2021-05-10 02:00:00,1018.4,NA,9.6,98,NA
2021-05-10 03:00:00,1018.8,NA,8.9,100,NA
2021-05-10 04:00:00,1018.6,NA,10.1,100,NA
2021-05-10 05:00:00,1018.6,NA,9.3,100,NA
2021-05-10 06:00:00,1018.6,NA,9.8,98,NA
2021-05-10 07:00:00,1018.2,NA,9.6,100,NA
2021-05-10 08:00:00,1017.7,NA,8.8,100,NA
2021-05-10 09:00:00,1018.2,NA,8.7,98,NA
2021-05-10 10:00:00,1018.5,NA,9.6,100,NA
2021-05-10 11:00:00,1019.3,NA,9.9,100,NA
2021-05-10 12:00:00,1020,NA,9.5,100,NA
2021-05-10 13:00:00,1020.4,NA,11.1,96,NA
2021-05-10 14:00:00,1020.8,NA,13.3,84,NA
2021-05-10 15:00:00,1020.8,NA,15,70,NA
2021-05-10 16:00:00,1020.4,NA,16.6,53,NA
2021-05-10 17:00:00,1020,NA,17.2,47,NA
2021-05-10 18:00:00,1019.6,NA,17,41,NA
2021-05-10 19:00:00,1019.3,NA,16.8,35,NA
2021-05-10 20:00:00,1019.7,NA,16.2,39,NA
2021-05-10 21:00:00,1020.1,NA,13.6,55,NA
2021-05-10 22:00:00,1020.5,NA,11.2,70,NA
2021-05-10 23:00:00,1020.9,NA,10.2,71,NA
2021-05-11 03:00:00,NA,1025.2,7,84,NA
2021-05-11 04:00:00,NA,1024.9,5.8,90,NA
2021-05-11 05:00:00,NA,1024.7,5.2,94,NA
2021-05-11 06:00:00,NA,1024.4,4.4,99,NA
2021-05-11 07:00:00,NA,1024.1,4.2,99,NA
2021-05-11 08:00:00,NA,1024.1,3.8,95,NA
2021-05-11 09:00:00,NA,1024.2,3.6,95,NA
2021-05-11 10:00:00,NA,1024.4,3.5,91,NA
2021-05-11 11:00:00,NA,1024.9,3.8,87,NA
2021-05-11 12:00:00,NA,1025.3,5.5,77,NA
2021-05-11 13:00:00,NA,1024.9,8.6,70,NA
2021-05-11 14:00:00,NA,1025.2,11.4,67,NA
2021-05-11 15:00:00,NA,1024.8,14,63,NA
2021-05-11 16:00:00,NA,1024.3,15.3,60,NA
2021-05-11 17:00:00,NA,1023.4,15.7,59,NA
2021-05-11 18:00:00,NA,1022.7,16.1,53,NA
2021-05-11 19:00:00,NA,1022.5,16.6,52,NA
2021-05-11 20:00:00,NA,1022.4,16.2,55,NA
2021-05-11 21:00:00,NA,1022.4,14.7,62,NA
2021-05-11 23:00:00,NA,1022.7,10,85,NA
2021-05-12 02:00:00,NA,1023.5,8,89,NA
2021-05-12 00:00:00,1020.1,NA,9.1,88,NA
2021-05-12 01:00:00,1020.4,NA,9,85,NA
2021-05-12 03:00:00,1020.9,NA,7,92,NA
2021-05-12 04:00:00,1020.8,NA,6.2,92,NA
2021-05-12 06:00:00,1020,NA,5.4,95,NA
2021-05-12 07:00:00,1019.4,NA,5.2,96,NA
2021-05-12 08:00:00,1019.3,NA,5,95,NA
2021-05-12 09:00:00,1019.6,NA,5,92,NA
2021-05-12 10:00:00,1020,NA,4.2,92,NA
2021-05-12 11:00:00,1020,NA,5,85,NA
2021-05-12 12:00:00,1020.8,NA,7,78,NA
2021-05-12 13:00:00,1020.9,NA,12,57,NA
2021-05-12 14:00:00,1020.9,NA,14.4,41,NA
2021-05-12 15:00:00,1020.4,NA,15.8,35,NA
2021-05-12 16:00:00,1019,NA,17,34,NA
2021-05-12 17:00:00,1018,NA,18,29,NA
2021-05-12 18:00:00,1017.7,NA,17.5,40,NA
2021-05-12 19:00:00,1017.2,NA,17,44,NA
2021-05-12 20:00:00,1017,NA,16.2,44,NA
2021-05-12 21:00:00,1016.9,NA,14.4,58,NA
2021-05-12 23:00:00,1017.2,NA,13.2,70,NA
2021-05-13 03:00:00,NA,1020.2,12.2,79,NA
2021-05-13 04:00:00,NA,1020,12.8,74,NA
2021-05-13 05:00:00,NA,1020.1,10.9,85,NA
2021-05-13 06:00:00,NA,1020.3,11.6,72,NA
2021-05-13 07:00:00,NA,1020.3,11.7,62,NA
2021-05-13 08:00:00,NA,1020.8,10.2,67,NA
2021-05-13 09:00:00,NA,1021,7.8,82,NA
2021-05-13 10:00:00,NA,1021.5,6.6,85,NA
2021-05-13 11:00:00,NA,1022,6.4,85,NA
2021-05-13 12:00:00,NA,1022.5,10.8,65,NA
2021-05-13 13:00:00,NA,1022.8,13.8,59,NA
2021-05-13 14:00:00,NA,1022.8,15.9,54,NA
2021-05-13 15:00:00,NA,1022.7,17.7,47,NA
2021-05-13 16:00:00,NA,1022,19.1,44,NA
2021-05-13 17:00:00,NA,1021.4,20.5,35,NA
2021-05-13 18:00:00,NA,1021.2,19.7,55,NA
2021-05-13 19:00:00,NA,1021.3,18.1,56,NA
2021-05-13 20:00:00,NA,1021.2,17.1,60,NA
2021-05-13 21:00:00,NA,1021.8,15.5,66,NA
2021-05-13 22:00:00,NA,1022.2,12.2,86,NA
2021-05-13 23:00:00,NA,1022.4,11,92,NA
2021-05-14 00:00:00,1019.8,NA,9.5,92,NA
2021-05-14 01:00:00,1020.1,NA,9,100,NA
2021-05-14 02:00:00,1020.1,NA,7.8,98,NA
2021-05-14 03:00:00,1020,NA,7.6,100,NA
2021-05-14 04:00:00,1019.7,NA,10.2,94,NA
2021-05-14 05:00:00,1019.3,NA,10.8,97,NA
2021-05-14 06:00:00,1019.2,NA,10.4,96,NA
2021-05-14 08:00:00,1019.2,NA,5.7,90,NA
2021-05-14 09:00:00,1019.2,NA,3.8,90,NA
2021-05-14 10:00:00,1019.3,NA,3.4,100,NA
2021-05-14 11:00:00,1020.2,NA,2.2,100,NA
2021-05-14 12:00:00,1020.8,NA,4.8,95,NA
2021-05-14 13:00:00,1021.2,NA,10.8,97,NA
2021-05-14 14:00:00,1021.2,NA,15.4,65,NA
2021-05-14 15:00:00,1020.6,NA,18,54,NA
2021-05-14 16:00:00,1019.7,NA,19.2,46,NA
2021-05-14 17:00:00,1018.8,NA,20,41,NA
2021-05-14 18:00:00,1018,NA,19.3,58,NA
2021-05-14 19:00:00,1017.7,NA,18.2,57,NA
2021-05-14 20:00:00,1017.7,NA,17.2,58,NA
2021-05-14 21:00:00,1017.7,NA,14.6,65,NA
2021-05-14 22:00:00,1017.8,NA,10.7,88,NA
2021-05-15 03:00:00,NA,1021.3,4.6,100,NA
2021-05-15 04:00:00,NA,1021.4,4,100,NA
2021-05-15 05:00:00,NA,1021.2,3.4,100,NA
2021-05-15 06:00:00,NA,1020.9,3,100,NA
2021-05-15 07:00:00,NA,1020.7,2.8,100,NA
2021-05-15 08:00:00,NA,1020.6,2,100,NA
2021-05-15 09:00:00,NA,1020.5,1.4,100,NA
2021-05-15 10:00:00,NA,1021.2,1.4,100,NA
2021-05-15 11:00:00,NA,1021.6,1.3,100,NA
2021-05-15 12:00:00,NA,1021.7,3.2,100,NA
2021-05-15 13:00:00,NA,1022.1,10.9,99,NA
2021-05-15 14:00:00,NA,1022,15,81,NA
2021-05-15 15:00:00,NA,1021.7,17.2,58,NA
2021-05-15 16:00:00,NA,1021.3,18,53,NA
2021-05-15 17:00:00,NA,1020.5,18.4,48,NA
2021-05-15 18:00:00,NA,1020.1,18.2,63,NA
2021-05-15 19:00:00,NA,1019.7,17.8,67,NA
2021-05-15 20:00:00,NA,1019.9,17,66,NA
2021-05-15 21:00:00,NA,1020.1,14,77,NA
2021-05-15 22:00:00,NA,1020.2,11,89,NA
2021-05-15 23:00:00,NA,1020.8,9,95,NA
2021-05-16 00:00:00,1018,NA,8.4,78,NA
2021-05-16 01:00:00,1018.1,NA,8.9,98,NA
2021-05-16 02:00:00,1018.4,NA,5.7,100,NA
2021-05-16 03:00:00,1018.4,NA,6.1,98,NA
2021-05-16 05:00:00,1017.7,NA,3.8,99,NA
2021-05-16 06:00:00,1017.4,NA,3.6,99,NA
2021-05-16 07:00:00,1017.2,NA,3.6,99,NA
2021-05-16 08:00:00,1016.9,NA,3.5,100,NA
2021-05-16 09:00:00,1017.3,NA,3.9,100,NA
2021-05-16 10:00:00,1017.2,NA,5.2,100,NA
2021-05-16 11:00:00,1018.2,NA,5.1,100,NA
2021-05-16 12:00:00,1018.6,NA,7.2,97,NA
2021-05-16 13:00:00,1018.5,NA,11.2,98,NA
2021-05-16 14:00:00,1018.5,NA,14.2,85,NA
2021-05-16 15:00:00,1018.2,NA,15.4,77,NA
2021-05-16 16:00:00,1017.6,NA,16.1,73,NA
2021-05-16 17:00:00,1017.3,NA,16.5,72,NA
2021-05-16 18:00:00,1016.4,NA,16.4,72,NA
2021-05-16 19:00:00,1016.4,NA,16.6,73,NA
2021-05-16 20:00:00,1016.6,NA,15.7,77,NA
2021-05-16 21:00:00,1016.2,NA,14,84,NA
2021-05-16 22:00:00,1017.4,NA,12.2,91,NA
2021-05-16 23:00:00,1017.6,NA,11.2,93,NA
2021-05-17 03:00:00,NA,1020.5,5.4,100,NA
2021-05-17 04:00:00,NA,1020.6,5,100,NA
2021-05-17 05:00:00,NA,1020.9,6.5,100,NA
2021-05-17 06:00:00,NA,1021.1,7.4,99,NA
2021-05-17 07:00:00,NA,1021.2,7.4,99,NA
2021-05-17 08:00:00,NA,1021.1,6.4,100,NA
2021-05-17 09:00:00,NA,1021.3,7.2,100,NA
2021-05-17 10:00:00,NA,1021.7,6.9,99,NA
2021-05-17 11:00:00,NA,1022.2,8.2,100,NA
2021-05-17 12:00:00,NA,1022.6,8.5,100,NA
2021-05-17 13:00:00,NA,1023,11.3,91,NA
2021-05-17 14:00:00,NA,1023.2,13.5,79,NA
2021-05-17 15:00:00,NA,1023,14.7,67,NA
2021-05-17 16:00:00,NA,1022.6,15.9,52,NA
2021-05-17 17:00:00,NA,1022.1,16.1,53,NA
2021-05-17 18:00:00,NA,1021.7,16.8,49,NA
2021-05-17 19:00:00,NA,1021.4,16.7,49,NA
2021-05-17 20:00:00,NA,1021.5,15.7,55,NA
2021-05-17 21:00:00,NA,1021.7,14,66,NA
2021-05-17 22:00:00,NA,1021.8,10.9,83,NA
2021-05-17 23:00:00,NA,1022.6,9.1,88,NA
2021-05-18 00:00:00,1020,NA,7.4,91,NA
2021-05-18 01:00:00,1020,NA,7.2,95,NA
2021-05-18 02:00:00,1019.6,NA,6.4,98,NA
2021-05-18 03:00:00,1019.6,NA,6.2,98,NA
2021-05-18 06:00:00,1019.3,NA,4.4,100,NA
2021-05-18 07:00:00,1019.3,NA,3,100,NA
2021-05-18 08:00:00,1018.8,NA,3.6,98,NA
2021-05-18 09:00:00,1019.3,NA,3.2,99,NA
2021-05-18 10:00:00,1019.6,NA,2.6,100,NA
2021-05-18 11:00:00,1019.6,NA,2.6,100,NA
2021-05-18 12:00:00,1020,NA,5.3,96,NA
2021-05-18 13:00:00,1020.2,NA,10.6,91,NA
2021-05-18 14:00:00,1020.2,NA,13.4,74,NA
2021-05-18 15:00:00,1020,NA,15.2,65,NA
2021-05-18 16:00:00,1019,NA,16.3,62,NA
2021-05-18 18:00:00,1017.3,NA,16.2,63,NA
2021-05-18 20:00:00,1017.3,NA,14,70,NA
2021-05-18 21:00:00,1017,NA,12.6,78,NA
2021-05-18 22:00:00,1017.2,NA,10.4,88,NA
2021-05-18 23:00:00,1017.2,NA,8.6,97,NA
2021-05-19 03:00:00,NA,1020.1,6,99,NA
2021-05-19 04:00:00,NA,1020.3,5.6,100,NA
2021-05-19 05:00:00,NA,1019.9,5.2,100,NA
2021-05-19 06:00:00,NA,1019.9,6.2,100,NA
2021-05-19 07:00:00,NA,1019.5,5,100,NA
2021-05-19 08:00:00,NA,1019.2,4.8,100,NA
2021-05-19 09:00:00,NA,1019.1,4.6,100,NA
2021-05-19 10:00:00,NA,1019.3,5.3,100,NA
2021-05-19 11:00:00,NA,1019.4,5.6,100,NA
2021-05-19 12:00:00,NA,1019.6,7.5,99,NA
2021-05-19 13:00:00,NA,1019.6,11.2,90,NA
2021-05-19 14:00:00,NA,1019.3,14.3,73,NA
2021-05-19 15:00:00,NA,1019,14.8,70,NA
2021-05-19 16:00:00,NA,1018,15.4,69,NA
2021-05-19 17:00:00,NA,1017.4,15.3,70,NA
2021-05-19 18:00:00,NA,1016.6,15.1,72,NA
2021-05-19 19:00:00,NA,1016.9,14.5,74,NA
2021-05-19 20:00:00,NA,1017.2,14.2,74,NA
2021-05-19 21:00:00,NA,1017.3,12.1,97,NA
2021-05-19 22:00:00,NA,1017.4,11.4,88,NA
2021-05-19 23:00:00,NA,1017.7,10.9,89,NA
2021-05-20 00:00:00,1015.4,NA,11.2,88,NA
2021-05-20 01:00:00,1015.3,NA,11.1,91,NA
2021-05-20 02:00:00,1015.2,NA,10.6,94,NA
2021-05-20 03:00:00,1015.3,NA,10.4,97,NA
2021-05-20 04:00:00,1015.2,NA,9.7,94,NA
2021-05-20 06:00:00,1013.7,NA,11.5,87,NA
2021-05-20 07:00:00,1014.6,NA,11.2,93,NA
2021-05-20 08:00:00,1014.5,NA,12,91,NA
2021-05-20 09:00:00,1012.9,NA,12.4,87,NA
2021-05-20 10:00:00,1014.4,NA,12,89,NA
2021-05-20 11:00:00,1014.4,NA,11,93,NA
2021-05-20 12:00:00,1015,NA,11.2,92,NA
2021-05-20 13:00:00,1015.2,NA,14,79,NA
2021-05-20 16:00:00,1013.6,NA,16.6,52,NA
2021-05-20 17:00:00,1012.5,NA,16.2,55,NA
2021-05-20 18:00:00,1012.5,NA,15.8,62,NA
2021-05-20 19:00:00,1012,NA,14.9,70,NA
2021-05-20 20:00:00,1012,NA,14.3,77,NA
2021-05-20 21:00:00,1012.1,NA,13.5,88,NA
2021-05-20 22:00:00,1011.6,NA,13.5,93,NA
2021-05-20 23:00:00,1012.2,NA,13.8,94,NA
2021-05-21 03:00:00,NA,1017.1,13.8,99,NA
2021-05-21 04:00:00,NA,1015.8,14,97,NA
2021-05-21 05:00:00,NA,1014.8,14,97,NA
2021-05-21 06:00:00,NA,1014.5,13.6,99,NA
2021-05-21 07:00:00,NA,1014.5,13.8,97,NA
2021-05-21 08:00:00,NA,1013,13.4,97,NA
2021-05-21 09:00:00,NA,1013,13.2,99,NA
2021-05-21 10:00:00,NA,1012.4,14,93,NA
2021-05-21 11:00:00,NA,1012.7,14.5,90,NA
2021-05-21 12:00:00,NA,1012.7,14.6,89,NA
2021-05-21 13:00:00,NA,1013.1,15.1,86,NA
2021-05-21 14:00:00,NA,1014.9,15.1,88,NA
2021-05-21 15:00:00,NA,1013.9,14.9,94,NA
2021-05-21 16:00:00,NA,1012.9,15.1,93,NA
2021-05-21 17:00:00,NA,1011.7,15.1,93,NA
2021-05-21 18:00:00,NA,1010.9,15,93,NA
2021-05-21 19:00:00,NA,1010.4,14.5,94,NA
2021-05-21 20:00:00,NA,1010.2,14.3,96,NA
2021-05-21 21:00:00,NA,1009.9,14.2,97,NA
2021-05-21 22:00:00,NA,1009.4,14.4,97,NA
2021-05-21 23:00:00,NA,1008.7,14.2,97,NA
2021-05-22 00:00:00,1005.6,NA,14.2,97,NA
2021-05-22 01:00:00,1005.4,NA,14.2,97,NA
2021-05-22 02:00:00,1004.6,NA,13.6,94,NA
2021-05-22 03:00:00,1003,NA,13,100,NA
2021-05-22 04:00:00,1001.3,NA,13.4,98,NA
2021-05-22 05:00:00,999.3,NA,14.7,95,NA
2021-05-22 06:00:00,997.6,NA,14.2,100,NA
2021-05-22 08:00:00,994.6,NA,14,98,NA
2021-05-22 09:00:00,993,NA,14,98,NA
2021-05-22 10:00:00,992.2,NA,13.9,100,NA
2021-05-22 11:00:00,991.8,NA,13.5,100,NA
2021-05-22 12:00:00,991.4,NA,12.9,98,NA
2021-05-22 13:00:00,991,NA,12.8,100,NA
2021-05-22 14:00:00,990.6,NA,13.2,100,NA
2021-05-22 15:00:00,990.8,NA,13.3,98,NA
2021-05-22 16:00:00,990.9,NA,12.7,97,NA
2021-05-22 17:00:00,990.9,NA,12.5,98,NA
2021-05-22 18:00:00,991,NA,12.4,96,NA
2021-05-22 19:00:00,991.7,NA,12.3,97,NA
2021-05-22 20:00:00,992.2,NA,12.3,95,NA
2021-05-22 21:00:00,992.6,NA,12.8,94,NA
2021-05-22 22:00:00,993.4,NA,13,89,NA
2021-05-22 23:00:00,994.8,NA,12.8,94,NA
2021-05-23 03:00:00,NA,1000.4,12.6,90,NA
2021-05-23 04:00:00,NA,1001.3,12.2,94,NA
2021-05-23 05:00:00,NA,1002.2,12.2,94,NA
2021-05-23 06:00:00,NA,1002.8,12.2,89,NA
2021-05-23 07:00:00,NA,1003.4,12,92,NA
2021-05-23 08:00:00,NA,1003.6,11.6,94,NA
2021-05-23 09:00:00,NA,1004.3,11,96,NA
2021-05-23 10:00:00,NA,1005.4,11,95,NA
2021-05-23 11:00:00,NA,1006.8,10.9,95,NA
2021-05-23 12:00:00,NA,1007.8,10.9,96,NA
2021-05-23 13:00:00,NA,1008.6,10.9,94,NA
2021-05-23 14:00:00,NA,1009.5,11.3,91,NA
2021-05-23 15:00:00,NA,1009.6,13.1,83,NA
2021-05-23 16:00:00,NA,1009.5,13.3,77,NA
2021-05-23 17:00:00,NA,1009.5,13.7,74,NA
2021-05-23 18:00:00,NA,1010.2,14.4,71,NA
2021-05-23 19:00:00,NA,1010.3,14.2,67,NA
2021-05-23 20:00:00,NA,1010.9,13.7,69,NA
2021-05-23 21:00:00,NA,1011.6,12.5,77,NA
2021-05-23 22:00:00,NA,1012.1,11.5,89,NA
2021-05-23 23:00:00,NA,1013,12,80,NA
2021-05-24 00:00:00,NA,1013.3,11.7,83,NA
2021-05-24 01:00:00,NA,1013.9,10.8,86,NA
2021-05-24 02:00:00,NA,1014.3,10.2,90,NA
2021-05-25 03:00:00,NA,1013.5,12.4,77,NA
2021-05-25 04:00:00,NA,1013.6,12.5,71,NA
2021-05-25 05:00:00,NA,1013.2,12.7,64,NA
2021-05-25 06:00:00,NA,1013,12.4,65,NA
2021-05-25 07:00:00,NA,1012.9,12.3,64,NA
2021-05-25 08:00:00,NA,1012.6,12,67,NA
2021-05-25 09:00:00,NA,1012.6,12.4,63,NA
2021-05-25 10:00:00,NA,1013.2,12.3,62,NA
2021-05-25 11:00:00,NA,1014,11.9,63,NA
2021-05-25 12:00:00,NA,1015.1,11.5,66,NA
2021-05-25 13:00:00,NA,1016.2,12.9,63,NA
2021-05-25 14:00:00,NA,1017.1,14.2,58,NA
2021-05-25 15:00:00,NA,1017.4,15.6,58,NA
2021-05-25 16:00:00,NA,1017.8,16.6,47,NA
2021-05-25 17:00:00,NA,1017.7,17.2,41,NA
2021-05-25 18:00:00,NA,1017.6,17.5,39,NA
2021-05-25 19:00:00,NA,1017.5,17.2,40,NA
2021-05-25 20:00:00,NA,1017.8,16.5,45,NA
2021-05-25 21:00:00,NA,1017.3,13.3,53,NA
2021-05-25 22:00:00,NA,1018.6,9.7,69,NA
2021-05-25 23:00:00,NA,1019.6,7.5,79,NA
2021-05-26 00:00:00,NA,1019.9,7.2,79,NA
2021-05-26 01:00:00,NA,1019.8,5.9,81,NA
2021-05-26 02:00:00,NA,1020.5,5,89,NA
2021-05-27 03:00:00,NA,1014,13.4,76,NA
2021-05-27 04:00:00,NA,1014,13,76,NA
2021-05-27 05:00:00,NA,1013.9,12.2,78,NA
2021-05-27 06:00:00,NA,1013.9,12.2,78,NA
2021-05-27 07:00:00,NA,1013.4,12.3,76,NA
2021-05-27 08:00:00,NA,1013,12.2,76,NA
2021-05-27 09:00:00,NA,1012.6,11.9,75,NA
2021-05-27 10:00:00,NA,1012.5,11.8,76,NA
2021-05-27 11:00:00,NA,1012.5,11.2,79,NA
2021-05-27 12:00:00,NA,1012.5,12.9,76,NA
2021-05-27 13:00:00,NA,1012.8,15.4,67,NA
2021-05-27 14:00:00,NA,1012.4,17.2,62,NA
2021-05-27 15:00:00,NA,1011.7,19.8,51,NA
2021-05-27 16:00:00,NA,1010.4,21,51,NA
2021-05-27 17:00:00,1006.4,1009.1,20.7,55,NA
2021-05-27 18:00:00,1005.3,1008,19.3,59,NA
2021-05-27 19:00:00,1004.1,1006.8,19.1,64,NA
2021-05-27 20:00:00,1003,1005.7,18.2,68,NA
2021-05-27 21:00:00,1003,1005.7,18.1,64,NA
2021-05-27 22:00:00,1002.6,1005.4,17.7,65,NA
2021-05-27 23:00:00,1002.6,1005.3,17.9,65,NA
2021-05-28 00:00:00,NA,1004.9,17.4,68,NA
2021-05-28 01:00:00,NA,1004.7,16.3,74,NA
2021-05-28 02:00:00,NA,1004.6,15.2,78,NA
2021-05-29 00:00:00,1002.9,NA,NA,NA,NA
2021-05-29 01:00:00,1003.4,NA,NA,NA,NA
2021-05-29 02:00:00,1004.4,NA,NA,NA,NA
2021-05-29 03:00:00,1005.2,1007.9,11.2,69,NA
2021-05-29 04:00:00,1005.6,1008.3,10.6,74,NA
2021-05-29 05:00:00,NA,1008.5,10.2,79,NA
2021-05-29 06:00:00,1006.2,1008.9,10,81,NA
2021-05-29 07:00:00,1006.8,1009.6,9.2,88,NA
2021-05-29 08:00:00,1007.2,1010,9,84,NA
2021-05-29 09:00:00,1007.8,1010.7,8.2,93,NA
2021-05-29 10:00:00,1008.6,1011.4,7.9,96,NA
2021-05-29 11:00:00,1009.8,1012.6,7.9,96,NA
2021-05-29 12:00:00,1010.8,1013.6,8.9,83,NA
2021-05-29 13:00:00,1011.8,1014.6,9.7,79,NA
2021-05-29 14:00:00,1013.3,1016.1,9.5,62,NA
2021-05-29 15:00:00,1013.7,1016.5,10.5,48,NA
2021-05-29 16:00:00,1013.7,1016.5,11.1,44,NA
2021-05-29 17:00:00,1013.3,1016.1,11.3,39,NA
2021-05-29 18:00:00,1013.3,1016.1,11.5,38,NA
2021-05-29 19:00:00,1013.7,1016.5,11.2,37,NA
2021-05-29 20:00:00,1014.4,1017.1,10.4,41,NA
2021-05-29 21:00:00,1014.9,1017.7,8.2,53,NA
2021-05-29 22:00:00,1015.2,1018,6.4,65,NA
2021-05-29 23:00:00,1015.3,1018.2,5.2,69,NA
2021-05-30 00:00:00,NA,1018.7,4,75,NA
2021-05-30 01:00:00,NA,1019.1,3.8,75,NA
2021-05-30 02:00:00,NA,1019.4,3.9,79,NA
2021-05-31 00:00:00,1015.6,NA,NA,NA,NA
2021-05-31 01:00:00,1015.2,NA,NA,NA,NA
2021-05-31 02:00:00,1015.2,NA,NA,NA,NA
2021-05-31 03:00:00,1014.8,1017.6,10.5,67,NA
2021-05-31 04:00:00,1014.2,1017,10.7,60,NA
2021-05-31 05:00:00,1013.8,1016.7,11.2,57,NA
2021-05-31 06:00:00,1013.2,1016,11.2,64,NA
2021-05-31 07:00:00,1012.6,1015.4,11,63,NA
2021-05-31 08:00:00,1012.5,1015.3,11.4,57,NA
2021-05-31 09:00:00,1012.1,1014.9,12,56,NA
2021-05-31 10:00:00,1012,1014.8,11.9,58,NA
2021-05-31 11:00:00,1012.2,1015.1,12.3,58,NA
2021-05-31 12:00:00,NA,1015,13,54,NA
2021-05-31 13:00:00,1012.2,1015.1,14.1,53,NA
2021-05-31 14:00:00,NA,1015.6,15.9,46,NA
2021-05-31 15:00:00,1011.8,1014.6,14.2,58,NA
2021-05-31 16:00:00,1011.7,1014.5,17.8,46,NA
2021-05-31 17:00:00,1011,1013.9,18.4,44,NA
2021-05-31 18:00:00,1010.8,1013.6,17.9,47,NA
2021-05-31 19:00:00,1010.8,1013.6,18.4,48,NA
2021-05-31 20:00:00,1010.6,1013.4,17.8,52,NA
2021-05-31 21:00:00,1010.6,1013.4,16.8,56,NA
2021-05-31 22:00:00,1010.8,1013.6,16.2,57,NA
2021-05-31 23:00:00,1011,1013.8,16.2,59,NA
2021-06-01 00:00:00,NA,1013.3,15.3,64,NA
2021-06-01 01:00:00,NA,1013.2,15.4,62,NA
2021-06-01 02:00:00,NA,1012.7,15.2,64,NA
2021-06-02 00:00:00,1006,NA,NA,NA,NA
2021-06-02 01:00:00,1006,NA,NA,NA,NA
2021-06-02 02:00:00,1006.2,NA,NA,NA,NA
2021-06-02 03:00:00,1006.6,1009.3,13.2,85,NA
2021-06-02 04:00:00,1007.2,1009.9,12.9,86,NA
2021-06-02 05:00:00,1007.4,1010.2,12.5,84,NA
2021-06-02 06:00:00,1007.7,1010.5,12,89,NA
2021-06-02 07:00:00,1008.2,1011,11.6,94,NA
2021-06-02 08:00:00,1008.5,1011.3,11,94,NA
2021-06-02 09:00:00,1008.6,1011.5,11,94,NA
2021-06-02 10:00:00,1009.4,1012.3,11.3,95,NA
2021-06-02 11:00:00,1010.4,1013.2,11.4,95,NA
2021-06-02 12:00:00,1011.2,1014,11.1,94,NA
2021-06-02 13:00:00,1012,1014.7,11.2,89,NA
2021-06-02 14:00:00,1012.6,1015.4,12.7,73,NA
2021-06-02 15:00:00,1012.8,1015.6,13.5,72,NA
2021-06-02 16:00:00,1012.8,1015.5,14.1,69,NA
2021-06-02 17:00:00,1012,1014.8,14.7,65,NA
2021-06-02 18:00:00,1012.4,1015.2,15.6,54,NA
2021-06-02 19:00:00,1012.5,1015.3,15.4,46,NA
2021-06-02 20:00:00,1013.2,1016,14.4,47,NA
2021-06-02 21:00:00,1013.8,1016.6,12.1,54,NA
2021-06-02 22:00:00,1014.2,1017,10.5,60,NA
2021-06-02 23:00:00,1014.6,1017.4,8.9,71,NA
2021-06-03 00:00:00,NA,1017.9,7.7,79,NA
2021-06-03 01:00:00,NA,1017.8,7.1,81,NA
2021-06-03 02:00:00,NA,1018,7.6,79,NA
2021-06-04 00:00:00,1009.3,NA,NA,NA,NA
2021-06-04 01:00:00,1009,NA,NA,NA,NA
2021-06-04 02:00:00,1008.6,NA,NA,NA,NA
2021-06-04 03:00:00,1008.8,1011.6,15.2,70,NA
2021-06-04 04:00:00,1008.6,1011.4,15,69,NA
2021-06-04 05:00:00,1008.2,1011,14.8,74,NA
2021-06-04 06:00:00,1008,1010.7,14.3,81,NA
2021-06-04 07:00:00,1007.8,1010.6,14.6,78,NA
2021-06-04 08:00:00,1008.2,1011,14.6,78,NA
2021-06-04 09:00:00,1008.2,1011,14.4,80,NA
2021-06-04 10:00:00,1008.5,1011.3,13.4,88,NA
2021-06-04 11:00:00,1009.8,1012.7,13.8,81,NA
2021-06-04 12:00:00,1009.2,1011.9,14.4,81,NA
2021-06-04 13:00:00,1009.4,1012.2,16.7,74,NA
2021-06-04 14:00:00,1009.6,1012.3,18,70,NA
2021-06-04 15:00:00,1009.2,1011.9,17.6,72,NA
2021-06-04 16:00:00,1007.8,1010.6,19.2,66,NA
2021-06-04 17:00:00,1006.5,1009.2,20.3,65,NA
2021-06-04 18:00:00,1006.9,1009.6,19.5,60,NA
2021-06-04 19:00:00,1006.2,1008.9,16.6,88,NA
2021-06-04 20:00:00,1005.8,1008.5,16.4,91,NA
2021-06-04 21:00:00,1006.2,1008.9,15.9,94,NA
2021-06-04 22:00:00,1006.8,1009.6,15.5,93,NA
2021-06-04 23:00:00,1006.2,1009,14.5,96,NA
2021-06-05 00:00:00,NA,1009.6,14.8,96,NA
2021-06-05 01:00:00,NA,1009.6,14.4,94,NA
2021-06-05 02:00:00,NA,1010.2,13.4,99,NA
2021-06-06 00:00:00,1016.4,NA,NA,NA,NA
2021-06-06 01:00:00,1017.2,NA,NA,NA,NA
2021-06-06 02:00:00,1018.1,NA,NA,NA,NA
2021-06-06 03:00:00,1018.6,1021.4,5.5,91,NA
2021-06-06 04:00:00,1018.8,1021.6,6.1,82,NA
2021-06-06 05:00:00,NA,1021.8,6.5,80,NA
2021-06-06 06:00:00,1018.9,1021.7,4.9,83,NA
2021-06-06 07:00:00,1018.5,1021.3,4.5,84,NA
2021-06-06 08:00:00,1019.2,1021.9,3.2,90,NA
2021-06-06 09:00:00,1019.8,1022.7,2.8,91,NA
2021-06-06 10:00:00,1020.4,1023.2,2.3,95,NA
2021-06-06 11:00:00,1020.8,1023.6,2.2,95,NA
2021-06-06 12:00:00,1021.3,1024.2,3.5,88,NA
2021-06-06 13:00:00,1021.4,1024.3,7.4,78,NA
2021-06-06 14:00:00,1021.6,1024.4,9.9,68,NA
2021-06-06 15:00:00,1021.4,1024.2,12.4,58,NA
2021-06-06 16:00:00,1020.8,1023.6,13.3,52,NA
2021-06-06 17:00:00,1019.4,1022.2,13.9,46,NA
2021-06-06 18:00:00,NA,1021.6,14.4,45,NA
2021-06-06 19:00:00,1018.5,1021.3,13.2,59,NA
2021-06-06 20:00:00,1018.9,1021.8,11.1,74,NA
2021-06-06 21:00:00,1019.7,1022.6,9.9,85,NA
2021-06-06 22:00:00,1020.1,1023,6.8,95,NA
2021-06-06 23:00:00,1020,1022.9,6,99,NA
2021-06-07 00:00:00,NA,1023.6,6.2,95,NA
2021-06-07 01:00:00,NA,1023.5,5.2,94,NA
2021-06-07 02:00:00,NA,1023.8,5.9,97,NA
2021-06-08 00:00:00,1019.7,NA,NA,NA,NA
2021-06-08 01:00:00,1019.6,NA,NA,NA,NA
2021-06-08 02:00:00,1019.8,NA,NA,NA,NA
2021-06-08 03:00:00,1019.6,1022.4,11.2,94,NA
2021-06-08 04:00:00,1019.7,1022.5,11,94,NA
2021-06-08 05:00:00,1019.6,1022.4,10.6,96,NA
2021-06-08 06:00:00,1019.2,1022,10.2,99,NA
2021-06-08 07:00:00,1018.6,1021.4,10,99,NA
2021-06-08 08:00:00,1018.4,1021.2,11,96,NA
2021-06-08 09:00:00,1018.2,1021,11.4,96,NA
2021-06-08 10:00:00,1018.6,1021.4,11.7,96,NA
2021-06-08 11:00:00,NA,1021.6,11.8,97,NA
2021-06-08 12:00:00,NA,1021.9,12.1,96,NA
2021-06-08 13:00:00,NA,1022.3,13,94,NA
2021-06-08 14:00:00,NA,1022.3,13.3,92,NA
2021-06-08 15:00:00,NA,1021.9,14.4,88,NA
2021-06-08 16:00:00,NA,1020.9,14.7,86,NA
2021-06-08 17:00:00,NA,1019.7,16.1,80,NA
2021-06-08 18:00:00,NA,1019.2,16.3,79,NA
2021-06-08 19:00:00,NA,1019.2,16.4,80,NA
2021-06-08 20:00:00,NA,1019.6,15.7,83,NA
2021-06-08 21:00:00,NA,1019.5,15.5,83,NA
2021-06-08 22:00:00,NA,1019.8,15.2,86,NA
2021-06-08 23:00:00,NA,1020.1,14.8,93,NA
2021-06-09 00:00:00,NA,1020.5,14.6,91,NA
2021-06-09 01:00:00,NA,1020.5,14.8,93,NA
2021-06-09 02:00:00,NA,1020.3,15,93,NA
2021-06-10 00:00:00,1014.8,NA,NA,NA,NA
2021-06-10 01:00:00,1014.4,NA,NA,NA,NA
2021-06-10 02:00:00,1014.1,NA,NA,NA,NA
2021-06-10 03:00:00,1014.4,1017.2,14.2,99,NA
2021-06-10 04:00:00,1014.4,1017.2,14,99,NA
2021-06-10 05:00:00,1014.4,1017.2,13.4,100,NA
2021-06-10 06:00:00,1014.5,1017.3,13.4,100,NA
2021-06-10 07:00:00,NA,1016.8,13.8,100,NA
2021-06-10 08:00:00,1013.6,1016.4,13.6,100,NA
2021-06-10 09:00:00,1013.8,1016.7,12.8,99,NA
2021-06-10 10:00:00,1014.6,1017.4,12.6,100,NA
2021-06-10 11:00:00,1015.7,1018.5,12.3,100,NA
2021-06-10 12:00:00,1016.4,1019.1,12.7,100,NA
2021-06-10 13:00:00,1016.8,1019.5,13.1,100,NA
2021-06-10 14:00:00,1017,1019.8,14.9,90,NA
2021-06-10 15:00:00,1016.6,1019.4,17.1,81,NA
2021-06-10 16:00:00,1016,1018.8,17.6,80,NA
2021-06-10 17:00:00,1016.1,1018.9,18.6,73,NA
2021-06-10 18:00:00,1016.4,1019.1,19.4,60,NA
2021-06-10 19:00:00,1016.2,1019,19.7,55,NA
2021-06-10 20:00:00,1016.8,1019.6,18.4,47,NA
2021-06-10 21:00:00,1017.7,1020.5,15.5,48,NA
2021-06-10 22:00:00,1018,1020.7,13,59,NA
2021-06-10 23:00:00,1018.8,1021.6,11.7,62,NA
2021-06-11 00:00:00,NA,1021.8,10.7,65,NA
2021-06-11 01:00:00,NA,1022.2,9.3,70,NA
2021-06-11 02:00:00,NA,1022.3,8.2,74,NA
2021-06-12 00:00:00,1014.8,NA,NA,NA,NA
2021-06-12 01:00:00,1014.6,NA,NA,NA,NA
2021-06-12 02:00:00,1014.2,NA,NA,NA,NA
2021-06-12 03:00:00,1014.1,1016.9,12.1,58,NA
2021-06-12 04:00:00,1013.6,1016.3,11.8,61,NA
2021-06-12 05:00:00,1013.2,1016,12.3,58,NA
2021-06-12 06:00:00,1012.9,1015.7,11.7,62,NA
2021-06-12 07:00:00,1012.8,1015.6,11.5,61,NA
2021-06-12 08:00:00,1012.6,1015.4,11.2,65,NA
2021-06-12 09:00:00,1012.8,1015.5,11.7,64,NA
2021-06-12 10:00:00,1013,1015.8,11.7,67,NA
2021-06-12 11:00:00,1013.4,1016.2,11.4,69,NA
2021-06-12 12:00:00,1013.6,1016.4,12.1,67,NA
2021-06-12 13:00:00,1014.4,1017.1,14.3,61,NA
2021-06-12 14:00:00,1014.5,1017.3,16.7,57,NA
2021-06-12 15:00:00,NA,1017,18.6,54,NA
2021-06-12 16:00:00,1013.4,1016.2,20.6,51,NA
2021-06-12 17:00:00,1012.8,1015.5,20.3,59,NA
2021-06-12 18:00:00,1012.2,1015,20,60,NA
2021-06-12 19:00:00,1012.1,1014.9,19.8,56,NA
2021-06-12 20:00:00,1012,1014.8,18,67,NA
2021-06-12 21:00:00,1012.2,1015.1,16.7,74,NA
2021-06-12 22:00:00,1012.4,1015.2,16.2,78,NA
2021-06-12 23:00:00,1012.8,1015.6,16,83,NA
2021-06-13 00:00:00,NA,1016,16.3,83,NA
2021-06-13 01:00:00,NA,1015.9,15.4,86,NA
2021-06-13 02:00:00,NA,1016.1,15.6,86,NA
2021-06-14 00:00:00,1014.1,NA,NA,NA,NA
2021-06-14 01:00:00,1014.1,NA,NA,NA,NA
2021-06-14 02:00:00,1014.4,NA,NA,NA,NA
2021-06-14 03:00:00,1013.8,1016.6,15.7,71,NA
2021-06-14 04:00:00,1014.6,1017.4,14.9,73,NA
2021-06-14 05:00:00,1015,1017.8,13.3,83,NA
2021-06-14 06:00:00,1014.6,1017.4,12.7,87,NA
2021-06-14 07:00:00,NA,1017.4,11.7,95,NA
2021-06-14 08:00:00,1014.8,1017.6,10.2,99,NA
2021-06-14 09:00:00,1014.8,1017.6,9.2,97,NA
2021-06-14 10:00:00,1015.2,1018,12.3,93,NA
2021-06-14 11:00:00,1015.6,1018.3,12.1,94,NA
2021-06-14 12:00:00,1016.1,1018.9,12.6,93,NA
2021-06-14 13:00:00,1016.6,1019.4,14.9,83,NA
2021-06-14 14:00:00,1017.2,1019.9,14.6,80,NA
2021-06-14 15:00:00,1017.2,1019.9,14.9,80,NA
2021-06-14 16:00:00,1017.3,1020.1,14.1,81,NA
2021-06-14 17:00:00,1017.4,1020.2,13.5,86,NA
2021-06-14 18:00:00,1017.6,1020.3,13.9,78,NA
2021-06-14 19:00:00,1018.4,1021.1,13.8,73,NA
2021-06-14 20:00:00,1019,1021.8,12.8,78,NA
2021-06-14 21:00:00,1020.1,1022.9,12.5,80,NA
2021-06-14 22:00:00,1020.9,1023.7,11.8,83,NA
2021-06-14 23:00:00,1021.8,1024.6,11,80,NA
2021-06-15 00:00:00,NA,1025.3,9.3,89,NA
2021-06-15 01:00:00,NA,1025.8,7.6,94,NA
2021-06-15 02:00:00,NA,1026,7.6,90,NA
2021-06-16 03:00:00,NA,1030.6,2.4,91,NA
2021-06-16 04:00:00,NA,1030.5,2.6,91,NA
2021-06-16 05:00:00,NA,1030.5,1.4,98,NA
2021-06-16 06:00:00,NA,1030.3,1.6,98,NA
2021-06-16 07:00:00,NA,1030.5,0.6,98,NA
2021-06-16 08:00:00,NA,1030.6,0,98,NA
2021-06-16 09:00:00,NA,1030.6,0.2,98,NA
2021-06-16 10:00:00,NA,1030.4,-0.1,100,NA
2021-06-16 11:00:00,NA,1030.7,0.2,100,NA
2021-06-16 12:00:00,NA,1031.2,0.9,98,NA
2021-06-16 13:00:00,NA,1031.8,3,95,NA
2021-06-16 14:00:00,NA,1032.1,5.2,88,NA
2021-06-16 15:00:00,1029.2,1032.1,7,81,NA
2021-06-16 16:00:00,1028.6,1031.5,9.3,75,NA
2021-06-16 17:00:00,1028,1030.9,9.7,66,NA
2021-06-16 18:00:00,1027.3,1030.2,10.1,64,NA
2021-06-16 19:00:00,1027.4,1030.3,9.8,63,NA
2021-06-16 20:00:00,1027.4,1030.3,9.7,62,NA
2021-06-16 21:00:00,1027.6,1030.5,8.1,74,NA
2021-06-16 22:00:00,1028,1030.9,7.7,77,NA
2021-06-16 23:00:00,1028.1,1031,6.2,82,NA
2021-06-17 00:00:00,NA,1031.1,5.1,86,NA
2021-06-17 01:00:00,NA,1031.1,4.6,83,NA
2021-06-17 02:00:00,NA,1031.2,4.6,79,NA
2021-06-18 00:00:00,1027.4,NA,NA,NA,NA
2021-06-18 01:00:00,1027.6,NA,NA,NA,NA
2021-06-18 02:00:00,1027.3,NA,NA,NA,NA
2021-06-18 03:00:00,1027.4,1030.3,1.7,93,NA
2021-06-18 04:00:00,1027.4,1030.3,0.1,100,NA
2021-06-18 05:00:00,1027.4,1030.3,-0.4,100,NA
2021-06-18 06:00:00,1027.3,1030.2,-0.6,100,NA
2021-06-18 07:00:00,1027.2,1030,-0.6,100,NA
2021-06-18 08:00:00,1026.9,1029.8,-1.1,100,NA
2021-06-18 09:00:00,1027,1029.9,0.2,100,NA
2021-06-18 10:00:00,1027.2,1030,-0.3,100,NA
2021-06-18 11:00:00,1027.3,1030.2,-0.2,100,NA
2021-06-18 12:00:00,1027.7,1030.6,0.2,96,NA
2021-06-18 13:00:00,1028,1030.9,3.2,91,NA
2021-06-18 14:00:00,1028,1030.9,7.4,76,NA
2021-06-18 15:00:00,1027.6,1030.4,9.4,61,NA
2021-06-18 16:00:00,1026.8,1029.6,10.2,56,NA
2021-06-18 17:00:00,1026.1,1029,10.5,54,NA
2021-06-18 18:00:00,1025.7,1028.6,10,54,NA
2021-06-18 19:00:00,1025.6,1028.4,9.8,56,NA
2021-06-18 20:00:00,1025.6,1028.5,9,67,NA
2021-06-18 21:00:00,1025.7,1028.6,8.6,75,NA
2021-06-18 22:00:00,NA,1028.9,6,84,NA
2021-06-18 23:00:00,1026.4,1029.3,4,95,NA
2021-06-19 00:00:00,NA,1029.6,3.4,91,NA
2021-06-19 01:00:00,NA,1029.6,2,100,NA
2021-06-19 02:00:00,NA,1029.5,1.4,98,NA
2021-06-20 00:00:00,1024.2,NA,NA,NA,NA
2021-06-20 01:00:00,1024.1,NA,NA,NA,NA
2021-06-20 02:00:00,1023.8,NA,NA,NA,NA
2021-06-20 03:00:00,1023.8,1026.7,2.4,100,NA
2021-06-20 04:00:00,1023.3,1026.2,1.9,100,NA
2021-06-20 05:00:00,1023.2,1026,0.8,100,NA
2021-06-20 06:00:00,1022.6,1025.5,0.5,100,NA
2021-06-20 07:00:00,1022.2,1025.1,0,98,NA
2021-06-20 08:00:00,1021.8,1024.7,-0.6,100,NA
2021-06-20 09:00:00,1022,1024.9,-1,100,NA
2021-06-20 10:00:00,1022.2,1025.1,-1.4,100,NA
2021-06-20 11:00:00,1022.4,1025.3,-2,100,NA
2021-06-20 12:00:00,1022.8,1025.7,-0.8,99,NA
2021-06-20 13:00:00,1023,1025.9,5.7,92,NA
2021-06-20 14:00:00,1022.8,1025.7,10.3,76,NA
2021-06-20 15:00:00,1022.4,1025.2,11.8,54,NA
2021-06-20 16:00:00,1022,1024.8,12.8,50,NA
2021-06-20 17:00:00,1021.2,1024.1,13.3,46,NA
2021-06-20 18:00:00,1020.8,1023.6,11.8,51,NA
2021-06-20 19:00:00,1020.8,1023.6,12.3,50,NA
2021-06-20 20:00:00,1020.5,1023.4,10.8,63,NA
2021-06-20 21:00:00,1020.9,1023.8,8.4,77,NA
2021-06-20 22:00:00,1020.8,1023.6,6,87,NA
2021-06-20 23:00:00,1021,1023.9,4.6,97,NA
2021-06-21 00:00:00,NA,1023.9,4,95,NA
2021-06-21 01:00:00,NA,1023.9,3.6,99,NA
2021-06-21 02:00:00,NA,1024.1,3.2,99,NA
2021-06-22 00:00:00,1021,NA,NA,NA,NA
2021-06-22 01:00:00,1021.2,NA,NA,NA,NA
2021-06-22 02:00:00,1021.4,NA,NA,NA,NA
2021-06-22 03:00:00,NA,1024.4,8.7,92,NA
2021-06-22 04:00:00,1021.7,1024.5,9,96,NA
2021-06-22 05:00:00,1021.8,1024.6,9.1,97,NA
2021-06-22 06:00:00,1021.6,1024.3,8.6,100,NA
2021-06-22 07:00:00,1021.2,1023.9,8.2,100,NA
2021-06-22 08:00:00,1021.2,1024.1,7.3,100,NA
2021-06-22 09:00:00,1021.7,1024.6,6,100,NA
2021-06-22 10:00:00,1022.1,1025,6.3,95,NA
2021-06-22 11:00:00,1022,1024.9,5.3,100,NA
2021-06-22 12:00:00,1022.2,1025.1,6.5,99,NA
2021-06-22 13:00:00,1022.6,1025.4,10.8,88,NA
2021-06-22 14:00:00,1022.6,1025.4,12.3,76,NA
2021-06-22 15:00:00,NA,1025.2,12.9,70,NA
2021-06-22 16:00:00,NA,1024.7,13,73,NA
2021-06-22 17:00:00,NA,1023.9,13.9,70,NA
2021-06-22 18:00:00,NA,1023.2,13.5,70,NA
2021-06-22 19:00:00,NA,1022.6,13.9,72,NA
2021-06-22 20:00:00,NA,1022.3,13.3,76,NA
2021-06-22 21:00:00,NA,1022.5,12.5,84,NA
2021-06-22 22:00:00,NA,1023.1,10.1,91,NA
2021-06-22 23:00:00,NA,1022.9,10,96,NA
2021-06-23 00:00:00,NA,1022.5,9.8,97,NA
2021-06-23 01:00:00,NA,1022.2,9.8,96,NA
2021-06-23 02:00:00,NA,1021.9,11.7,89,NA
2021-06-24 00:00:00,1008.8,NA,NA,NA,NA
2021-06-24 01:00:00,1008.6,NA,NA,NA,NA
2021-06-24 02:00:00,1007.8,NA,NA,NA,NA
2021-06-24 03:00:00,1007.2,1010,13.2,100,NA
2021-06-24 04:00:00,1005.7,1008.5,13.2,100,NA
2021-06-24 05:00:00,NA,1008.7,13.3,100,NA
2021-06-24 06:00:00,1005.6,1008.4,13.1,100,NA
2021-06-24 07:00:00,1005,1007.8,12.8,100,NA
2021-06-24 08:00:00,1004.6,1007.5,12.5,100,NA
2021-06-24 09:00:00,1004.8,1007.6,12.5,100,NA
2021-06-24 10:00:00,1004.5,1007.1,12.6,100,NA
2021-06-24 11:00:00,NA,1007.5,12.7,97,NA
2021-06-24 12:00:00,1006.1,1008.9,12.6,97,NA
2021-06-24 13:00:00,1006.6,1009.5,12.5,96,NA
2021-06-24 14:00:00,1006.6,1009.4,12.3,93,NA
2021-06-24 15:00:00,1006.6,1009.4,12.3,88,NA
2021-06-24 16:00:00,1006.2,1009.1,14,81,NA
2021-06-24 17:00:00,1005.4,1008.2,15,75,NA
2021-06-24 18:00:00,1005.3,1008,16.2,62,NA
2021-06-24 19:00:00,1005.6,1008.3,16.7,51,NA
2021-06-24 20:00:00,1006.4,1009.2,16.2,52,NA
2021-06-24 21:00:00,1007.3,1010.1,14.3,59,NA
2021-06-24 22:00:00,1008.2,1011,11.9,71,NA
2021-06-24 23:00:00,1008.9,1011.7,11.2,79,NA
2021-06-25 01:00:00,NA,1012.4,10.5,85,NA
2021-06-25 02:00:00,NA,1012.8,9.9,75,NA
2021-06-26 00:00:00,1013,NA,NA,NA,NA
2021-06-26 01:00:00,1013,NA,NA,NA,NA
2021-06-26 02:00:00,1013,NA,NA,NA,NA
2021-06-26 03:00:00,1013.6,1016.4,9.6,88,NA
2021-06-26 04:00:00,1013.7,1016.5,8.8,96,NA
2021-06-26 05:00:00,1013,1015.9,9.2,94,NA
2021-06-26 06:00:00,1013,1015.9,8.4,99,NA
2021-06-26 07:00:00,1012.5,1015.3,6,100,NA
2021-06-26 08:00:00,1012,1014.8,6.4,100,NA
2021-06-26 09:00:00,1011.7,1014.5,5,100,NA
2021-06-26 10:00:00,NA,1014.6,5.5,100,NA
2021-06-26 11:00:00,NA,1014.9,6.2,100,NA
2021-06-26 12:00:00,NA,1015.2,6.5,100,NA
2021-06-26 13:00:00,NA,1015.7,9.5,97,NA
2021-06-26 14:00:00,NA,1015.6,12,81,NA
2021-06-26 15:00:00,NA,1015.3,12.7,83,NA
2021-06-26 16:00:00,NA,1014.5,13.7,75,NA
2021-06-26 17:00:00,NA,1014.4,13.8,74,NA
2021-06-26 18:00:00,NA,1013.9,13.2,74,NA
2021-06-26 19:00:00,NA,1014.1,11.8,80,NA
2021-06-26 20:00:00,NA,1015,8.8,90,NA
2021-06-26 21:00:00,NA,1015.6,8,96,NA
2021-06-26 22:00:00,NA,1016,7.7,86,NA
2021-06-26 23:00:00,NA,1016.3,7.4,84,NA
2021-06-27 00:00:00,NA,1016.8,7.4,84,NA
2021-06-27 01:00:00,NA,1017.5,6.7,92,NA
2021-06-27 02:00:00,NA,1018.3,6.6,94,NA
2021-06-28 03:00:00,NA,1019.8,5.5,92,NA
2021-06-28 04:00:00,NA,1019.7,5.7,92,NA
2021-06-28 05:00:00,NA,1019.5,6,91,NA
2021-06-28 06:00:00,NA,1019.5,5.8,90,NA
2021-06-28 07:00:00,NA,1019.5,5.5,95,NA
2021-06-28 08:00:00,NA,1019.1,5.6,94,NA
2021-06-28 09:00:00,NA,1019.1,5.7,97,NA
2021-06-28 10:00:00,NA,1019.3,5.9,95,NA
2021-06-28 11:00:00,NA,1019.6,6.2,94,NA
2021-06-28 12:00:00,NA,1020.1,6.7,87,NA
2021-06-28 13:00:00,NA,1020.6,7.3,78,NA
2021-06-28 14:00:00,NA,1020.9,7.5,76,NA
2021-06-28 15:00:00,NA,1021,7.3,79,NA
2021-06-28 16:00:00,NA,1020.5,7.9,76,NA
2021-06-28 17:00:00,NA,1019.9,8.8,71,NA
2021-06-28 18:00:00,NA,1019.8,9.1,66,NA
2021-06-28 19:00:00,NA,1020.2,9.1,68,NA
2021-06-28 20:00:00,NA,1020.4,8.6,75,NA
2021-06-28 21:00:00,NA,1020.6,8.5,75,NA
2021-06-28 22:00:00,NA,1021,8.5,76,NA
2021-06-28 23:00:00,NA,1021.6,8.5,72,NA
2021-06-29 00:00:00,NA,1021.7,8.2,69,NA
2021-06-29 01:00:00,NA,1021.8,7.6,73,NA
2021-06-29 02:00:00,NA,1022.2,7.4,78,NA
2021-06-30 00:00:00,1025.2,NA,NA,NA,NA
2021-06-30 01:00:00,1025.6,NA,NA,NA,NA
2021-06-30 02:00:00,1025.6,NA,NA,NA,NA
2021-06-30 03:00:00,1025.4,1028.3,4.7,93,NA
2021-06-30 04:00:00,1025.2,1028.1,4.1,97,NA
2021-06-30 05:00:00,1025.2,1028,3.4,99,NA
2021-06-30 06:00:00,NA,1028,3.1,97,NA
2021-06-30 07:00:00,1024.9,1027.8,1,100,NA
2021-06-30 08:00:00,1024.9,1027.8,0.8,100,NA
2021-06-30 09:00:00,1024.6,1027.5,0.1,100,NA
2021-06-30 10:00:00,1024.8,1027.7,-0.6,97,NA
2021-06-30 11:00:00,1024.9,1027.8,-0.3,98,NA
2021-06-30 12:00:00,1024.5,1027.4,-0.2,98,NA
2021-06-30 13:00:00,1026,1028.8,4.3,99,NA
2021-06-30 14:00:00,1026.1,1029,7.6,86,NA
2021-06-30 15:00:00,1026.1,1029,9.3,75,NA
2021-06-30 16:00:00,1025.2,1028.1,9.5,72,NA
2021-06-30 17:00:00,1024.9,1027.8,8.7,79,NA
2021-06-30 18:00:00,1024,1026.8,9.2,74,NA
2021-06-30 19:00:00,1022.9,1025.8,9.4,73,NA
2021-06-30 20:00:00,1022.9,1025.8,9,80,NA
2021-06-30 21:00:00,1022.8,1025.6,8.5,85,NA
2021-06-30 22:00:00,1022.8,1025.7,8.3,88,NA
2021-06-30 23:00:00,1022.8,1025.7,7.7,93,NA
2021-07-01 00:00:00,NA,1025.7,8.7,90,NA
2021-07-01 01:00:00,NA,1025.5,8.3,93,NA
2021-07-01 02:00:00,NA,1025.8,8.7,88,NA
