2021-01-06 18:00:00,976.9,NA,NA,NA,NA
2021-01-07 00:00:00,974.2,NA,NA,NA,NA
2021-01-07 12:00:00,974.1,1009.7,22.6,50,NA
2021-01-07 18:00:00,972.6,1008.2,31,25,NA
2021-01-08 00:00:00,NA,1008.4,25.2,59,NA
2021-01-09 00:00:00,974.7,NA,NA,NA,NA
2021-01-09 12:00:00,975.4,1011.8,18.4,73,NA
2021-01-09 18:00:00,971.8,1007.7,28.8,40,NA
2021-01-10 00:00:00,NA,1004.9,25.3,48,NA
2021-01-11 00:00:00,965.8,NA,NA,NA,NA
2021-01-11 12:00:00,973.1,1008.5,19.6,51,NA
2021-01-11 18:00:00,976.6,1012.6,24,23,NA
2021-01-12 00:00:00,NA,1016.2,17.6,40,NA
2021-01-13 00:00:00,978,NA,NA,NA,NA
2021-01-13 12:00:00,981.3,1017.2,21.1,65,NA
2021-01-13 18:00:00,979.2,1015,28.9,45,NA
2021-01-14 00:00:00,NA,1012.7,26.2,47,NA
2021-01-15 00:00:00,969,NA,NA,NA,NA
2021-01-15 12:00:00,973.8,1009.4,18.3,97,NA
2021-01-15 18:00:00,970.1,1005.6,28.2,47,NA
2021-01-16 00:00:00,NA,1004.2,25.6,57,NA
2021-01-17 00:00:00,976.6,NA,NA,NA,NA
2021-01-17 12:00:00,979,1015.3,18.8,62,NA
2021-01-17 18:00:00,NA,1013,28.3,24,NA
2021-01-18 00:00:00,NA,1011,24.6,32,NA
2021-01-19 12:00:00,NA,1012.9,23.9,58,NA
2021-01-19 18:00:00,NA,1011.3,34.2,25,NA
2021-01-20 00:00:00,NA,1010.9,29.2,37,NA
2021-01-21 12:00:00,NA,1014.2,24.6,51,NA
2021-01-21 18:00:00,NA,1012.3,35.1,27,NA
2021-01-22 00:00:00,NA,1012.5,29.2,40,NA
2021-01-23 12:00:00,NA,1010.4,27,61,NA
2021-01-23 18:00:00,NA,1007,37.7,25,NA
2021-01-24 00:00:00,NA,1006.4,31.6,35,NA
2021-01-25 12:00:00,NA,1004.1,29.5,51,NA
2021-01-25 18:00:00,NA,1003,33.1,29,NA
2021-01-26 00:00:00,NA,1003.3,25.3,51,NA
2021-01-26 12:00:00,972.6,NA,21.3,31,NA
2021-01-26 18:00:00,969.8,NA,32,16,NA
2021-01-27 12:00:00,NA,1010.2,21.5,29,NA
2021-01-27 18:00:00,NA,1004.6,32.2,19,NA
2021-01-28 00:00:00,NA,1004.6,25.3,24,NA
2021-01-29 12:00:00,NA,1006.6,20.9,52,NA
2021-01-29 18:00:00,NA,1003.3,29.3,31,NA
2021-01-30 00:00:00,NA,1006.7,17.7,91,NA
2021-01-31 00:00:00,979.8,NA,NA,NA,NA
2021-01-31 12:00:00,982.6,1019.5,13.8,82,NA
2021-01-31 18:00:00,981.4,1018.2,17.5,52,NA
2021-02-01 00:00:00,981.2,1018.1,14.3,91,NA
2021-02-02 00:00:00,979,NA,NA,NA,NA
2021-02-02 12:00:00,980.9,1017.5,16.1,74,NA
2021-02-02 13:00:00,980.9,NA,NA,NA,NA
2021-02-02 18:00:00,979.4,1015.9,24.2,42,NA
2021-02-03 00:00:00,NA,1015.3,20.8,64,NA
2021-02-04 00:00:00,980,NA,NA,NA,NA
2021-02-04 12:00:00,982.8,1018.8,19.9,69,NA
2021-02-04 18:00:00,980.4,1016.1,32.6,26,NA
2021-02-05 00:00:00,NA,1015.5,26.6,40,NA
2021-02-05 12:00:00,NA,1015.8,21.3,63,NA
2021-02-05 18:00:00,NA,1011.9,32.1,30,NA
2021-02-06 00:00:00,975.4,1010.9,26.6,45,NA
2021-02-06 12:00:00,977.3,NA,NA,NA,NA
2021-02-06 18:00:00,974.2,NA,NA,NA,NA
2021-02-08 00:00:00,981.4,NA,NA,NA,NA
2021-02-08 12:00:00,NA,1021.5,14.3,77,NA
2021-02-08 18:00:00,NA,1020.8,21.2,54,NA
2021-02-09 00:00:00,NA,1021.1,15.4,84,NA
2021-02-10 12:00:00,NA,1020.8,17.7,77,NA
2021-02-10 18:00:00,NA,1017.7,26.5,40,NA
2021-02-11 00:00:00,978.8,NA,22.8,56,NA
2021-02-11 12:00:00,978.9,NA,20.4,75,NA
2021-02-11 18:00:00,976,NA,28.8,39,NA
2021-02-12 12:00:00,NA,1012.9,20.5,75,NA
2021-02-12 18:00:00,NA,1010.9,30.8,37,NA
2021-02-13 00:00:00,974.2,NA,25.8,56,NA
2021-02-13 12:00:00,973.8,NA,19.1,86,NA
2021-02-13 18:00:00,970.2,NA,32.2,37,NA
2021-02-14 12:00:00,NA,1006.6,22.4,43,NA
2021-02-14 18:00:00,970.2,NA,34.5,21,NA
2021-02-15 12:00:00,980.1,NA,17.3,78,NA
2021-02-15 18:00:00,980.8,NA,20.6,61,NA
2021-02-16 12:00:00,NA,1015.4,15.1,86,NA
2021-02-16 18:00:00,NA,1011.3,29.7,32,NA
2021-02-17 00:00:00,973.6,NA,24.5,49,NA
2021-02-17 12:00:00,975.7,NA,19.8,68,NA
2021-02-17 18:00:00,972.4,NA,32.8,27,NA
2021-02-18 12:00:00,NA,1010.4,21,66,NA
2021-02-18 18:00:00,NA,1006.8,30.2,38,NA
2021-02-19 00:00:00,975.4,NA,17.1,89,NA
2021-02-19 12:00:00,983.3,NA,13,44,NA
2021-02-19 18:00:00,981.2,NA,21.2,26,NA
2021-02-20 12:00:00,NA,1017.3,14.1,63,NA
2021-02-20 18:00:00,NA,1012,27.2,36,NA
2021-02-21 00:00:00,974.8,NA,23.9,59,NA
2021-02-21 12:00:00,976.1,NA,19,88,NA
2021-02-21 18:00:00,972.1,NA,32.8,38,NA
2021-02-22 12:00:00,NA,1012.9,16.6,64,NA
2021-02-22 18:00:00,NA,1012.5,26.3,35,NA
2021-02-23 00:00:00,976.8,NA,21,57,NA
2021-02-23 12:00:00,979.8,NA,17.3,58,NA
2021-02-23 18:00:00,978.9,NA,29.5,27,NA
2021-02-24 12:00:00,NA,1015.5,18.7,66,NA
2021-02-24 18:00:00,NA,1012.4,32.3,27,NA
2021-02-25 00:00:00,975.3,NA,26.3,38,NA
2021-02-25 12:00:00,977,NA,23.6,67,NA
2021-02-25 18:00:00,974.2,NA,35.1,20,NA
2021-02-26 12:00:00,NA,1008.7,23.6,75,NA
2021-02-26 18:00:00,969.8,NA,34.9,39,NA
2021-02-27 00:00:00,975,NA,19.2,92,NA
2021-02-27 12:00:00,978.1,NA,18.6,85,NA
2021-02-27 18:00:00,976,NA,31.2,47,NA
2021-02-28 12:00:00,NA,1011.8,21.4,80,NA
2021-02-28 18:00:00,NA,1010.4,29.9,51,NA
2021-03-01 00:00:00,NA,1009.5,25.9,61,NA
2021-03-02 12:00:00,NA,1012.5,24.2,85,NA
2021-03-02 18:00:00,975.8,1011,32.4,44,NA
2021-03-03 00:00:00,NA,1010.7,27.4,62,NA
2021-03-04 00:00:00,976.6,NA,NA,NA,NA
2021-03-04 12:00:00,977.7,1013.2,22.9,81,NA
2021-03-04 18:00:00,976.4,1011.7,32.9,44,NA
2021-03-05 00:00:00,NA,1014.1,23.1,89,NA
2021-03-06 00:00:00,974.6,NA,NA,NA,NA
2021-03-06 12:00:00,974.8,1010.4,21,76,NA
2021-03-06 18:00:00,972.4,1007.5,34.5,43,NA
2021-03-07 00:00:00,NA,1006.9,29.5,53,NA
2021-03-08 00:00:00,973,NA,NA,NA,NA
2021-03-08 12:00:00,983.4,1019.3,19.1,53,NA
2021-03-08 18:00:00,981.8,1017.9,28.8,33,NA
2021-03-09 00:00:00,NA,1016.1,22.8,46,NA
2021-03-10 00:00:00,972.9,NA,NA,NA,NA
2021-03-10 12:00:00,972.1,1007.3,23,70,NA
2021-03-10 18:00:00,968.5,1003.5,33,40,NA
2021-03-11 00:00:00,NA,1003.8,28.8,52,NA
2021-03-12 00:00:00,978.2,NA,NA,NA,NA
2021-03-12 12:00:00,979.6,1015.9,15.8,68,NA
2021-03-12 18:00:00,977.2,1013.2,31.1,38,NA
2021-03-13 00:00:00,NA,1012.6,25.1,59,NA
2021-03-14 12:00:00,NA,1017.8,17.5,94,NA
2021-03-14 18:00:00,NA,NA,26.8,55,NA
2021-03-15 00:00:00,NA,1014.4,21.5,86,NA
2021-03-15 12:00:00,976.6,NA,20,93,NA
2021-03-15 18:00:00,973.9,NA,25.1,72,NA
2021-03-16 12:00:00,NA,1009.2,17.3,96,NA
2021-03-16 18:00:00,NA,1009.8,22.6,56,NA
2021-03-17 00:00:00,976.4,NA,18.7,86,NA
2021-03-17 12:00:00,987.5,NA,12.3,79,NA
2021-03-18 12:00:00,NA,1022.6,9.3,91,NA
2021-03-18 18:00:00,NA,1019.3,14.9,68,NA
2021-03-19 00:00:00,980.9,NA,13.7,71,NA
2021-03-19 12:00:00,978.1,NA,11.9,84,NA
2021-03-19 18:00:00,974.6,NA,17.9,76,NA
2021-03-20 12:00:00,NA,1016.5,13.6,93,NA
2021-03-20 18:00:00,NA,1016.8,24,37,NA
2021-03-21 00:00:00,982.8,NA,16.2,69,NA
2021-03-21 12:00:00,987,NA,12.9,68,NA
2021-03-21 18:00:00,984.8,NA,25.3,36,NA
2021-03-21 19:00:00,1004.6,NA,16.3,50,NA
2021-03-22 12:00:00,NA,1021.4,14.7,76,NA
2021-03-22 18:00:00,NA,1018.9,25.2,49,NA
2021-03-23 00:00:00,981.2,NA,19.3,62,NA
2021-03-23 12:00:00,977.8,NA,16.1,80,NA
2021-03-23 18:00:00,974.6,NA,29.4,37,NA
2021-03-24 12:00:00,NA,1013.3,15.4,87,NA
2021-03-24 18:00:00,NA,1010.6,27.8,49,NA
2021-03-25 00:00:00,974.8,NA,23.3,66,NA
2021-03-25 12:00:00,980.4,NA,15.2,81,NA
2021-03-25 18:00:00,980.1,NA,15.1,96,NA
2021-03-26 12:00:00,NA,1020.5,12.1,99,NA
2021-03-26 18:00:00,NA,1019.9,15,66,NA
2021-03-27 00:00:00,983.4,NA,13.2,77,NA
2021-03-27 12:00:00,984.2,NA,12.1,96,NA
2021-03-27 18:00:00,982.9,NA,19.8,43,NA
2021-03-28 12:00:00,NA,1019.4,10.2,86,NA
2021-03-28 18:00:00,NA,1017.2,23.2,33,NA
2021-03-29 00:00:00,979.8,NA,16.9,60,NA
2021-03-29 12:00:00,982.5,NA,13.3,90,NA
2021-03-29 18:00:00,981,NA,23.8,50,NA
2021-03-30 12:00:00,NA,1017.7,13.9,88,NA
2021-03-30 18:00:00,NA,1014.8,26.2,47,NA
2021-03-31 00:00:00,978.6,NA,19.1,70,NA
2021-03-31 12:00:00,979.4,NA,13.6,83,NA
2021-03-31 18:00:00,978.1,NA,26.6,49,NA
2021-04-01 12:00:00,NA,1016.3,13.4,91,NA
2021-04-01 18:00:00,NA,1014.3,24.9,48,NA
2021-04-02 00:00:00,978.6,NA,18.5,68,NA
2021-04-02 12:00:00,979.8,NA,15.9,77,NA
2021-04-02 18:00:00,977.4,NA,26.3,50,NA
2021-04-03 12:00:00,NA,1016.6,16.6,81,NA
2021-04-03 18:00:00,NA,1013.4,27.2,49,NA
2021-04-04 00:00:00,978.1,NA,21.7,66,NA
2021-04-04 12:00:00,977.4,NA,17.3,80,NA
2021-04-04 18:00:00,973.6,NA,29.6,42,NA
2021-04-05 12:00:00,NA,1011.3,18.9,78,NA
2021-04-05 18:00:00,NA,1008.8,30.5,43,NA
2021-04-06 00:00:00,975.8,NA,24.4,62,NA
2021-04-06 12:00:00,976.6,NA,21.7,74,NA
2021-04-06 18:00:00,973.6,NA,29.4,46,NA
2021-04-07 12:00:00,NA,1011,19.6,84,NA
2021-04-07 18:00:00,NA,1008.1,29.2,50,NA
2021-04-08 00:00:00,NA,1009.2,23.8,77,NA
2021-04-08 12:00:00,974.4,NA,16.8,83,NA
2021-04-08 18:00:00,973.6,NA,22.9,63,NA
2021-04-09 12:00:00,NA,1018.1,13.7,71,NA
2021-04-09 18:00:00,NA,1015.6,23.3,38,NA
2021-04-10 00:00:00,NA,1016.3,16.4,76,NA
2021-04-11 12:00:00,NA,1020.3,10.1,92,NA
2021-04-11 18:00:00,NA,1018.6,21.9,42,NA
2021-04-12 00:00:00,NA,1018.5,15.8,62,NA
2021-04-13 12:00:00,982.6,1019.3,13.9,71,NA
2021-04-13 18:00:00,980.2,1016.6,27.3,37,NA
2021-04-14 00:00:00,NA,1016.5,18.1,65,NA
2021-04-15 00:00:00,974.4,NA,NA,NA,NA
2021-04-15 12:00:00,977.4,1013.9,13.2,97,NA
2021-04-15 18:00:00,975.7,1011.9,28,43,NA
2021-04-16 00:00:00,NA,1012.8,20.3,75,NA
2021-04-17 00:00:00,977.2,NA,NA,NA,NA
2021-04-17 12:00:00,978.9,1015,17,90,NA
2021-04-17 18:00:00,976.1,1011.9,27.2,61,NA
2021-04-18 00:00:00,NA,1014.3,17,96,NA
2021-04-19 00:00:00,976.5,NA,NA,NA,NA
2021-04-19 12:00:00,976.9,1013.1,18.3,92,NA
2021-04-19 18:00:00,974.2,1009.9,28.2,60,NA
2021-04-20 00:00:00,NA,1010.4,22.8,72,NA
2021-04-21 00:00:00,972.2,NA,NA,NA,NA
2021-04-21 12:00:00,976.2,1012.6,13.1,97,NA
2021-04-21 18:00:00,974,1010.7,14.9,93,NA
2021-04-22 00:00:00,NA,1014.6,12.4,96,NA
2021-04-23 00:00:00,977,NA,NA,NA,NA
2021-04-23 12:00:00,NA,1013.5,15.9,98,NA
2021-04-23 18:00:00,NA,1014.2,15.9,96,NA
2021-04-24 00:00:00,NA,1016.5,13.5,NA,NA
2021-04-25 12:00:00,NA,1023.9,6.8,95,NA
2021-04-25 18:00:00,NA,1021.3,19.5,50,NA
2021-04-26 00:00:00,NA,1020.8,13.6,72,NA
2021-04-27 12:00:00,NA,1016.9,12,85,NA
2021-04-27 18:00:00,NA,1014.5,24.8,49,NA
2021-04-28 00:00:00,978.4,NA,17.4,77,NA
2021-04-28 12:00:00,982.6,NA,12.5,80,NA
2021-04-28 18:00:00,981.7,NA,26.5,42,NA
2021-04-29 12:00:00,NA,1018.4,11,88,NA
2021-04-29 18:00:00,NA,1015.5,26.1,50,NA
2021-04-30 00:00:00,978.5,NA,17.3,79,NA
2021-04-30 12:00:00,977.8,NA,10.2,87,NA
2021-04-30 18:00:00,974.1,NA,24.3,38,NA
2021-05-01 12:00:00,NA,1013.1,11.1,91,NA
2021-05-01 18:00:00,NA,1010.9,24.6,47,NA
2021-05-02 00:00:00,976.6,NA,16.5,66,NA
2021-05-02 12:00:00,976.4,NA,8.8,94,NA
2021-05-02 18:00:00,974,NA,22.4,56,NA
2021-05-03 12:00:00,NA,1013.1,10.7,89,NA
2021-05-03 18:00:00,NA,1014,18.5,44,NA
2021-05-04 00:00:00,983.4,NA,9.4,64,NA
2021-05-04 12:00:00,992.1,NA,4.6,62,NA
2021-05-04 18:00:00,991.4,NA,14.1,38,NA
2021-05-05 12:00:00,NA,1028.9,2.8,81,NA
2021-05-05 18:00:00,NA,1026.7,17.2,37,NA
2021-05-06 00:00:00,989.8,NA,9.6,63,NA
2021-05-06 12:00:00,989.4,NA,4.7,75,NA
2021-05-06 18:00:00,986.2,NA,20.1,34,NA
2021-05-07 12:00:00,NA,1023.1,5.1,83,NA
2021-05-07 18:00:00,NA,1020.9,18.8,50,NA
2021-05-08 00:00:00,983.8,NA,14,61,NA
2021-05-08 12:00:00,983.2,NA,6.3,83,NA
2021-05-08 18:00:00,981.8,NA,16.4,46,NA
2021-05-09 12:00:00,NA,1022.3,6.2,93,NA
2021-05-09 18:00:00,NA,1019.1,16.4,47,NA
2021-05-10 00:00:00,985.7,NA,9.5,86,NA
2021-05-10 12:00:00,990.6,NA,1.9,80,NA
2021-05-10 18:00:00,989.4,NA,16.6,34,NA
2021-05-11 12:00:00,NA,1026.5,3.6,66,NA
2021-05-11 18:00:00,984.4,NA,17.6,40,NA
2021-05-12 00:00:00,983.2,NA,11,58,NA
2021-05-12 12:00:00,981.8,NA,8.3,71,NA
2021-05-12 18:00:00,979.3,NA,22.1,34,NA
2021-05-13 12:00:00,NA,1019.4,2.8,95,NA
2021-05-13 18:00:00,979.8,NA,23.2,29,NA
2021-05-14 00:00:00,980.9,NA,15,54,NA
2021-05-14 12:00:00,980.9,NA,7.6,80,NA
2021-05-14 18:00:00,978.5,NA,23.4,38,NA
2021-05-15 12:00:00,NA,1018.6,4.2,95,NA
2021-05-15 18:00:00,NA,1016.6,20.4,45,NA
2021-05-16 00:00:00,981.4,NA,12.5,76,NA
2021-05-16 12:00:00,983.7,NA,6.4,95,NA
2021-05-16 18:00:00,982.6,NA,21.2,41,NA
2021-05-17 12:00:00,NA,1023.8,5.3,100,NA
2021-05-17 18:00:00,NA,1020,19.1,42,NA
2021-05-18 00:00:00,982.2,NA,12.9,77,NA
2021-05-18 12:00:00,979.4,NA,9.2,88,NA
2021-05-18 18:00:00,975.7,NA,21.6,55,NA
2021-05-19 12:00:00,NA,1011,12.7,88,NA
2021-05-19 18:00:00,973.8,NA,16.9,66,NA
2021-05-20 12:00:00,975.8,NA,9.3,93,NA
2021-05-20 18:00:00,974.6,NA,10.5,96,NA
2021-05-21 12:00:00,NA,1015.9,9.7,100,NA
2021-05-21 18:00:00,NA,1015.7,10.4,97,NA
2021-05-22 00:00:00,978.6,NA,8.8,90,NA
2021-05-22 12:00:00,978.1,NA,8.6,81,NA
2021-05-22 18:00:00,979.2,NA,9.8,91,NA
2021-05-23 12:00:00,NA,1021.7,3.2,88,NA
2021-05-23 18:00:00,NA,1018.6,15.7,44,NA
2021-05-24 00:00:00,NA,1017.8,9.8,68,NA
2021-05-25 12:00:00,NA,1019.2,7.4,78,NA
2021-05-25 18:00:00,NA,1018.7,18,41,NA
2021-05-26 00:00:00,NA,1018,11.9,64,NA
2021-05-27 12:00:00,973,1010,9.3,72,NA
2021-05-27 18:00:00,966.2,1002.5,22.7,56,NA
2021-05-28 00:00:00,NA,1001.4,16.5,57,NA
2021-05-29 00:00:00,973.7,NA,NA,NA,NA
2021-05-29 12:00:00,982.6,1020.6,2.6,88,NA
2021-05-29 18:00:00,981.4,1019.3,12.6,33,NA
2021-05-30 00:00:00,NA,1020.7,6.4,68,NA
2021-05-30 18:00:00,980.9,NA,NA,NA,NA
2021-05-31 12:00:00,979.7,1017.1,9,69,NA
2021-05-31 18:00:00,976,1012.9,17.9,43,NA
2021-06-01 00:00:00,NA,1011,15.8,51,NA
2021-06-02 00:00:00,974.5,NA,NA,NA,NA
2021-06-02 12:00:00,982.1,1019.8,4.1,95,NA
2021-06-02 18:00:00,979,1016.5,16.2,43,NA
2021-06-04 00:00:00,970.6,NA,NA,NA,NA
2021-06-04 12:00:00,973.7,1010.7,9.1,86,NA
2021-06-04 18:00:00,973,1009.9,17.8,55,NA
2021-06-05 00:00:00,NA,1013.7,13,69,NA
2021-06-06 00:00:00,984.5,NA,NA,NA,NA
2021-06-06 12:00:00,982.4,1020.3,5.1,69,NA
2021-06-06 18:00:00,979.4,1017,13.4,33,NA
2021-06-07 00:00:00,NA,1017.6,9.7,57,NA
2021-06-08 00:00:00,981.8,NA,NA,NA,NA
2021-06-08 12:00:00,NA,1016.6,5.9,84,NA
2021-06-08 18:00:00,NA,1012.8,18.3,50,NA
2021-06-09 00:00:00,NA,1014.4,12.1,74,NA
2021-06-10 00:00:00,978.5,NA,NA,NA,NA
2021-06-10 12:00:00,987.8,1026,2.8,100,NA
2021-06-10 18:00:00,987.6,1025.4,15.6,31,NA
2021-06-11 00:00:00,NA,1025.5,7.1,70,NA
2021-06-12 00:00:00,980.2,NA,NA,NA,NA
2021-06-12 12:00:00,976.2,1013.3,8.2,93,NA
2021-06-12 18:00:00,974.1,1010.6,22.6,45,NA
2021-06-13 00:00:00,NA,1011.5,15.2,70,NA
2021-06-14 00:00:00,980.5,NA,NA,NA,NA
2021-06-14 12:00:00,988.8,1026.8,2.3,91,NA
2021-06-14 18:00:00,990.5,1029,9.1,49,NA
2021-06-15 00:00:00,NA,1032.4,3,76,NA
2021-06-16 12:00:00,994.6,1033.7,2,74,NA
2021-06-16 18:00:00,993.3,1032.2,7.4,49,NA
2021-06-17 00:00:00,NA,1033.2,2.6,81,NA
2021-06-18 00:00:00,991,NA,NA,NA,NA
2021-06-18 12:00:00,989.8,1028.4,3.4,88,NA
2021-06-18 18:00:00,987.6,1026,6.7,71,NA
2021-06-19 00:00:00,NA,1027.4,5.6,76,NA
2021-06-20 00:00:00,986.2,NA,NA,NA,NA
2021-06-20 12:00:00,983.3,1021.9,-2.4,64,NA
2021-06-20 18:00:00,981,1019.2,12.5,50,NA
2021-06-21 00:00:00,NA,1021.1,6.4,76,NA
2021-06-22 00:00:00,981,NA,NA,NA,NA
2021-06-22 12:00:00,980.6,1018.5,6.7,94,NA
2021-06-22 18:00:00,NA,1014.8,11.2,82,NA
2021-06-23 00:00:00,NA,1013.5,11,85,NA
2021-06-23 18:00:00,974.4,NA,NA,NA,NA
2021-06-24 00:00:00,978.9,NA,NA,NA,NA
2021-06-24 12:00:00,979.6,1017.5,1.6,95,NA
2021-06-24 18:00:00,977.3,1014.9,16,39,NA
2021-06-25 00:00:00,NA,1013.1,8.7,74,NA
2021-06-26 00:00:00,979.6,NA,NA,NA,NA
2021-06-26 12:00:00,NA,1024.8,-0.5,84,NA
2021-06-26 18:00:00,NA,1025.4,9.6,42,NA
2021-06-27 00:00:00,NA,1028.6,2.2,74,NA
2021-06-28 12:00:00,NA,1033.1,-4.4,90,NA
2021-06-28 18:00:00,NA,1030.5,10.3,28,NA
2021-06-29 00:00:00,NA,1031.2,2.2,63,NA
2021-06-30 00:00:00,986.2,NA,NA,NA,NA
2021-06-30 12:00:00,982,1020.4,0.3,82,NA
2021-06-30 18:00:00,978.5,1016.5,10.2,32,NA
2021-07-01 00:00:00,NA,1016.8,5.8,59,NA
