2021-01-07 00:00:00,982.5,NA,NA,NA,NA
2021-01-07 09:00:00,980.5,1007.9,14.4,96,NA
2021-01-07 12:00:00,980.2,1007.3,19,77,NA
2021-01-07 15:00:00,978.8,1005.7,26.4,43,NA
2021-01-07 18:00:00,977.6,1004.3,30.9,31,NA
2021-01-07 21:00:00,978.2,1004.8,29.6,34,NA
2021-01-08 00:00:00,NA,1008.3,22.2,68,NA
2021-01-09 00:00:00,984.4,NA,NA,NA,NA
2021-01-09 09:00:00,983.8,1010.8,14.9,85,NA
2021-01-09 12:00:00,984.1,1011,21.2,62,NA
2021-01-09 15:00:00,982.8,1009.6,24.8,54,NA
2021-01-09 18:00:00,981.7,1008.4,27.1,46,NA
2021-01-09 21:00:00,980.1,1006.9,27.5,42,NA
2021-01-10 00:00:00,NA,1007.2,21.6,69,NA
2021-01-11 00:00:00,977.7,NA,NA,NA,NA
2021-01-11 09:00:00,977.8,1005,15.6,91,NA
2021-01-11 12:00:00,979.4,1006.6,16.8,95,NA
2021-01-11 15:00:00,981.4,1008.2,23.3,37,NA
2021-01-11 18:00:00,982,1008.9,24.2,29,NA
2021-01-11 21:00:00,984.1,1011.2,22.7,17,NA
2021-01-12 00:00:00,NA,1015.1,15.7,31,NA
2021-01-13 00:00:00,989.6,NA,NA,NA,NA
2021-01-13 09:00:00,992.4,1019.9,11,78,NA
2021-01-13 12:00:00,994.1,1021.5,19,56,NA
2021-01-13 15:00:00,993.7,1021.1,24.5,33,NA
2021-01-13 18:00:00,992.5,1019.8,26.7,29,NA
2021-01-13 21:00:00,991.3,1018.5,26.7,29,NA
2021-01-14 00:00:00,NA,1018.6,20.2,56,NA
2021-01-15 00:00:00,983.7,NA,NA,NA,NA
2021-01-15 12:00:00,982.2,1009.1,18.6,89,NA
2021-01-15 15:00:00,981.3,1008.2,21.6,74,NA
2021-01-15 18:00:00,979.2,1005.9,25.5,63,NA
2021-01-15 21:00:00,978.1,1004.7,27.1,56,NA
2021-01-16 00:00:00,NA,1005.3,23,78,NA
2021-01-17 00:00:00,983,NA,NA,NA,NA
2021-01-17 09:00:00,982.4,1009.6,13.1,67,NA
2021-01-17 12:00:00,983.6,1010.9,16.5,38,NA
2021-01-17 15:00:00,984.4,1011.6,21,32,NA
2021-01-17 18:00:00,NA,1010.7,25.1,25,NA
2021-01-17 21:00:00,NA,1010.4,25.8,29,NA
2021-01-18 00:00:00,NA,1011.1,20,59,NA
2021-01-19 09:00:00,NA,1014.4,13.9,88,NA
2021-01-19 12:00:00,NA,1015.5,21.9,51,NA
2021-01-19 15:00:00,NA,1015.9,27.7,37,NA
2021-01-19 18:00:00,NA,1014.4,29.9,28,NA
2021-01-19 21:00:00,NA,1013.1,30,30,NA
2021-01-20 00:00:00,NA,1014.3,21.9,62,NA
2021-01-21 09:00:00,NA,1017.3,16.9,90,NA
2021-01-21 12:00:00,NA,1018.6,22.7,62,NA
2021-01-21 15:00:00,NA,1017.5,28.7,48,NA
2021-01-21 18:00:00,NA,1016.3,31.2,34,NA
2021-01-21 21:00:00,NA,1015.1,31.3,34,NA
2021-01-22 00:00:00,NA,1015.5,24,57,NA
2021-01-23 09:00:00,NA,1013.5,17.2,96,NA
2021-01-23 12:00:00,NA,1013.2,24.9,64,NA
2021-01-23 15:00:00,NA,1012.7,31,49,NA
2021-01-23 18:00:00,NA,1009.6,33,45,NA
2021-01-23 21:00:00,NA,1008.9,33,44,NA
2021-01-24 00:00:00,NA,1008.6,27,67,NA
2021-01-25 09:00:00,NA,1005.3,20.2,98,NA
2021-01-25 12:00:00,NA,1004.8,26.2,71,NA
2021-01-25 15:00:00,NA,1004.2,31.9,56,NA
2021-01-25 18:00:00,NA,1003.1,33.2,43,NA
2021-01-25 21:00:00,NA,1001.6,28.8,50,NA
2021-01-26 00:00:00,NA,1004.2,22.1,61,NA
2021-01-26 15:00:00,978.1,NA,29.1,44,NA
2021-01-26 18:00:00,976.8,NA,33,17,NA
2021-01-27 09:00:00,NA,1007.7,14.1,96,NA
2021-01-27 12:00:00,NA,1008.6,17,95,NA
2021-01-27 15:00:00,NA,1008.8,24,49,NA
2021-01-27 18:00:00,NA,1005.7,28.3,35,NA
2021-01-27 19:00:00,NA,1004.6,28.2,39,NA
2021-01-27 20:00:00,NA,1003.9,28.2,35,NA
2021-01-27 21:00:00,NA,1003.3,28.2,32,NA
2021-01-27 22:00:00,NA,1003.2,28.6,30,NA
2021-01-28 00:00:00,NA,1004.6,23.9,37,NA
2021-01-29 09:00:00,NA,1004.3,17.3,74,NA
2021-01-29 12:00:00,NA,1003.6,22,63,NA
2021-01-29 15:00:00,NA,1003.8,24.3,42,NA
2021-01-29 18:00:00,NA,1003.6,26.8,31,NA
2021-01-29 21:00:00,NA,1004,23.8,38,NA
2021-01-30 00:00:00,NA,1005.3,20,59,NA
2021-01-31 00:00:00,990.2,NA,NA,NA,NA
2021-01-31 09:00:00,992.5,1020.4,6.4,91,NA
2021-01-31 12:00:00,993.4,1021.1,13.6,70,NA
2021-01-31 15:00:00,992.8,1020.5,18.6,47,NA
2021-01-31 18:00:00,990.5,1018.2,21.6,37,NA
2021-01-31 21:00:00,989.3,1016.9,22.2,36,NA
2021-02-01 00:00:00,990.1,1017.7,16.4,55,NA
2021-02-02 00:00:00,987.2,NA,NA,NA,NA
2021-02-02 09:00:00,987.6,1015,12.2,97,NA
2021-02-02 12:00:00,988.2,1015.5,18,82,NA
2021-02-02 15:00:00,988.5,1015.7,22.3,55,NA
2021-02-02 18:00:00,988.4,1015.5,23.9,46,NA
2021-02-02 21:00:00,987.6,1014.8,24.9,42,NA
2021-02-03 00:00:00,NA,1015.9,19.8,66,NA
2021-02-04 00:00:00,988.8,NA,NA,NA,NA
2021-02-04 09:00:00,991.4,1018.6,12,95,NA
2021-02-04 12:00:00,992.6,1019.8,18.3,71,NA
2021-02-04 15:00:00,991.8,1019,26.4,36,NA
2021-02-04 18:00:00,991.3,1018.4,29.2,26,NA
2021-02-04 21:00:00,990.6,1017.7,29.9,26,NA
2021-02-05 00:00:00,NA,1017.7,21.5,53,NA
2021-02-05 09:00:00,NA,1015.9,11,95,NA
2021-02-05 12:00:00,NA,1016,20.8,60,NA
2021-02-05 15:00:00,NA,1015.1,28.3,41,NA
2021-02-05 18:00:00,NA,1013.7,31.6,27,NA
2021-02-05 21:00:00,NA,1012.3,30.7,27,NA
2021-02-06 00:00:00,985.2,1012,22.3,55,NA
2021-02-06 09:00:00,985.4,NA,NA,NA,NA
2021-02-06 12:00:00,987.6,NA,NA,NA,NA
2021-02-06 15:00:00,987.2,NA,NA,NA,NA
2021-02-06 18:00:00,985.3,NA,NA,NA,NA
2021-02-06 21:00:00,983.7,NA,NA,NA,NA
2021-02-08 00:00:00,992.6,NA,NA,NA,NA
2021-02-08 09:00:00,NA,1021.6,10.1,95,NA
2021-02-08 12:00:00,NA,1022.6,14.5,78,NA
2021-02-08 15:00:00,NA,1022.3,18.8,54,NA
2021-02-08 18:00:00,NA,1022,20.6,48,NA
2021-02-08 21:00:00,NA,1020,21.2,45,NA
2021-02-09 00:00:00,NA,1020.8,18,52,NA
2021-02-10 09:00:00,NA,1022.1,10.9,97,NA
2021-02-10 12:00:00,NA,1023.5,14.6,98,NA
2021-02-10 15:00:00,NA,1022,20.9,64,NA
2021-02-10 18:00:00,NA,1019.8,23.5,48,NA
2021-02-10 21:00:00,NA,1017.9,24,47,NA
2021-02-11 00:00:00,990,NA,22,84,NA
2021-02-11 09:00:00,990.1,NA,16.6,91,NA
2021-02-11 12:00:00,990.2,NA,18.5,83,NA
2021-02-11 15:00:00,989.2,NA,22.1,68,NA
2021-02-11 18:00:00,987.3,NA,26,48,NA
2021-02-11 21:00:00,985.6,NA,26.8,50,NA
2021-02-12 09:00:00,NA,1014.3,17.3,96,NA
2021-02-12 12:00:00,NA,1014.9,18.3,98,NA
2021-02-12 15:00:00,NA,1014.1,25.1,62,NA
2021-02-12 18:00:00,NA,1011.9,26.2,55,NA
2021-02-12 21:00:00,NA,1010.4,25.8,50,NA
2021-02-13 00:00:00,984.5,NA,22.8,74,NA
2021-02-13 09:00:00,983.4,NA,19.8,96,NA
2021-02-13 12:00:00,983.3,NA,20.3,94,NA
2021-02-13 15:00:00,983.3,NA,23,73,NA
2021-02-13 18:00:00,980.6,NA,26.2,57,NA
2021-02-13 21:00:00,978.9,NA,23.2,67,NA
2021-02-14 09:00:00,NA,1005.3,17.9,98,NA
2021-02-14 12:00:00,NA,1005.1,20.8,91,NA
2021-02-14 15:00:00,NA,1005.1,25.2,67,NA
2021-02-14 18:00:00,NA,1004.4,30,46,NA
2021-02-14 21:00:00,NA,1004.1,25,69,NA
2021-02-15 00:00:00,981.8,NA,22.2,80,NA
2021-02-15 09:00:00,984.4,NA,17.2,95,NA
2021-02-15 12:00:00,986.2,NA,20.2,75,NA
2021-02-15 15:00:00,986.9,NA,22.1,57,NA
2021-02-15 18:00:00,986.8,NA,24.1,45,NA
2021-02-15 21:00:00,985.3,NA,21.3,45,NA
2021-02-16 09:00:00,NA,1013,8,95,NA
2021-02-16 12:00:00,NA,1013.4,15,71,NA
2021-02-16 15:00:00,NA,1012.6,22.2,26,NA
2021-02-16 18:00:00,NA,1011.4,26.2,25,NA
2021-02-16 21:00:00,NA,1010.5,25.7,28,NA
2021-02-17 00:00:00,984,NA,17.9,52,NA
2021-02-17 09:00:00,983.7,NA,8.6,94,NA
2021-02-17 12:00:00,984.2,NA,16.3,72,NA
2021-02-17 15:00:00,982.8,NA,27.3,35,NA
2021-02-17 18:00:00,981.3,NA,31.2,22,NA
2021-02-17 21:00:00,980,NA,32.2,22,NA
2021-02-18 09:00:00,NA,1006.2,15.2,96,NA
2021-02-18 12:00:00,NA,1007.7,22.6,61,NA
2021-02-18 15:00:00,NA,1007.2,30.8,25,NA
2021-02-18 18:00:00,NA,1005.2,32.9,24,NA
2021-02-18 21:00:00,NA,1004.4,32.8,19,NA
2021-02-19 00:00:00,978.8,NA,22.7,46,NA
2021-02-19 09:00:00,983.4,NA,16.6,48,NA
2021-02-19 12:00:00,987,NA,15.2,61,NA
2021-02-19 15:00:00,987.3,NA,19,18,NA
2021-02-19 18:00:00,987.4,NA,20.6,16,NA
2021-02-19 21:00:00,986.6,NA,21.3,15,NA
2021-02-20 09:00:00,NA,1016.4,4.8,75,NA
2021-02-20 12:00:00,NA,1017.4,16.2,33,NA
2021-02-20 15:00:00,NA,1016,23.6,19,NA
2021-02-20 18:00:00,NA,1014,25.6,20,NA
2021-02-20 21:00:00,NA,1012.2,25.8,20,NA
2021-02-21 00:00:00,985.3,NA,17.2,49,NA
2021-02-21 09:00:00,985.3,NA,11.6,77,NA
2021-02-21 12:00:00,985.2,NA,19.6,65,NA
2021-02-21 15:00:00,984,NA,26.8,56,NA
2021-02-21 18:00:00,982.1,NA,31.1,34,NA
2021-02-21 21:00:00,979.7,NA,30.2,28,NA
2021-02-22 09:00:00,NA,1008.3,16.9,85,NA
2021-02-22 12:00:00,NA,1010.4,18.9,65,NA
2021-02-22 15:00:00,NA,1011.8,22.9,42,NA
2021-02-22 18:00:00,NA,1010.6,25.9,33,NA
2021-02-22 21:00:00,NA,1009.9,26.6,21,NA
2021-02-23 00:00:00,984.1,NA,20.4,44,NA
2021-02-23 09:00:00,986.9,NA,8.6,83,NA
2021-02-23 12:00:00,988,NA,15.5,71,NA
2021-02-23 15:00:00,987.8,NA,25,35,NA
2021-02-23 18:00:00,986,NA,29.8,17,NA
2021-02-23 21:00:00,985.2,NA,30.1,14,NA
2021-02-24 09:00:00,NA,1015.7,9.8,90,NA
2021-02-24 12:00:00,NA,1016.5,15.8,77,NA
2021-02-24 15:00:00,NA,1015.7,24.7,39,NA
2021-02-24 18:00:00,NA,1013.3,28.8,27,NA
2021-02-24 21:00:00,NA,1011.3,30,25,NA
2021-02-25 00:00:00,983,NA,22,52,NA
2021-02-25 09:00:00,985.8,NA,14.1,85,NA
2021-02-25 12:00:00,987.4,NA,21.8,57,NA
2021-02-25 15:00:00,987.3,NA,29.5,36,NA
2021-02-25 18:00:00,984.8,NA,32.7,26,NA
2021-02-25 21:00:00,983.7,NA,31.7,24,NA
2021-02-26 09:00:00,NA,1011.3,16,81,NA
2021-02-26 12:00:00,NA,1012.1,22.2,69,NA
2021-02-26 15:00:00,NA,1012.3,29.3,34,NA
2021-02-26 18:00:00,NA,1011.1,31.7,28,NA
2021-02-26 21:00:00,NA,1011.8,29.6,34,NA
2021-02-27 00:00:00,988.6,NA,21.7,71,NA
2021-02-27 09:00:00,990.8,NA,16.8,79,NA
2021-02-27 12:00:00,991.4,NA,22.7,62,NA
2021-02-27 15:00:00,990.9,NA,29.5,39,NA
2021-02-27 18:00:00,989,NA,31.2,34,NA
2021-02-27 21:00:00,988.4,NA,30.3,30,NA
2021-02-28 09:00:00,NA,1015.1,19.6,96,NA
2021-02-28 12:00:00,NA,1015.9,22.3,81,NA
2021-02-28 15:00:00,NA,1014.5,28.4,53,NA
2021-02-28 18:00:00,NA,1012.8,30,46,NA
2021-02-28 21:00:00,NA,1011.3,27.5,53,NA
2021-03-01 00:00:00,NA,1012.9,24.4,76,NA
2021-03-02 09:00:00,NA,1014.3,17.8,97,NA
2021-03-02 12:00:00,NA,1015.2,22,83,NA
2021-03-02 15:00:00,NA,1014.4,28.8,54,NA
2021-03-02 18:00:00,986.8,1013.4,30.9,39,NA
2021-03-02 21:00:00,985.2,1011.8,30.6,35,NA
2021-03-03 00:00:00,NA,1014,24.2,59,NA
2021-03-04 00:00:00,986.9,NA,NA,NA,NA
2021-03-04 09:00:00,987.6,1014.3,19.7,97,NA
2021-03-04 12:00:00,988.1,1014.9,20.8,91,NA
2021-03-04 15:00:00,990.1,1017.3,18.7,97,NA
2021-03-04 18:00:00,987.3,1014.1,24.2,69,NA
2021-03-04 21:00:00,986.5,1013.3,24.5,71,NA
2021-03-05 00:00:00,NA,1014.8,20.2,86,NA
2021-03-06 00:00:00,985.6,NA,NA,NA,NA
2021-03-06 09:00:00,985.6,1012.9,8.3,96,NA
2021-03-06 12:00:00,986.1,1013.6,13.2,85,NA
2021-03-06 15:00:00,985.8,1013.1,22.6,50,NA
2021-03-06 18:00:00,984,1011.1,28.2,27,NA
2021-03-06 21:00:00,982.9,1010,28.2,27,NA
2021-03-07 00:00:00,NA,1011.3,21.1,64,NA
2021-03-08 00:00:00,983.2,NA,NA,NA,NA
2021-03-08 09:00:00,986.6,1013.4,17.5,76,NA
2021-03-08 12:00:00,990.2,1017.5,17.4,84,NA
2021-03-08 15:00:00,991.6,1018.6,22,45,NA
2021-03-08 18:00:00,990.9,1018,24.5,28,NA
2021-03-08 21:00:00,990.4,1017.4,23.9,28,NA
2021-03-09 00:00:00,NA,1019,16.4,65,NA
2021-03-10 00:00:00,986.5,NA,NA,NA,NA
2021-03-10 09:00:00,984,1011,14,97,NA
2021-03-10 12:00:00,984.6,1012,16.3,93,NA
2021-03-10 15:00:00,983,1010.2,24,53,NA
2021-03-10 18:00:00,980.4,1007,29,42,NA
2021-03-10 21:00:00,978.9,1005.5,30.2,39,NA
2021-03-11 00:00:00,NA,1006.9,23.1,66,NA
2021-03-12 00:00:00,986.6,NA,NA,NA,NA
2021-03-12 09:00:00,987.7,1015,9.4,95,NA
2021-03-12 12:00:00,988.9,1016.3,14.8,70,NA
2021-03-12 15:00:00,988.8,1016.3,22.2,43,NA
2021-03-12 18:00:00,987.2,1014.3,27.1,29,NA
2021-03-12 21:00:00,986.4,1013.6,27.9,30,NA
2021-03-13 00:00:00,NA,1014.6,19.7,62,NA
2021-03-14 09:00:00,NA,1015.8,17.9,87,NA
2021-03-14 12:00:00,NA,1017.9,17.2,94,NA
2021-03-14 15:00:00,NA,1017.9,17.6,85,NA
2021-03-14 18:00:00,NA,1018,19,83,NA
2021-03-14 21:00:00,NA,1017.1,19.6,72,NA
2021-03-15 00:00:00,NA,1016.8,18.1,88,NA
2021-03-15 12:00:00,987.2,NA,19.2,78,NA
2021-03-15 15:00:00,986.4,NA,23.4,58,NA
2021-03-15 18:00:00,984.2,NA,26,54,NA
2021-03-16 09:00:00,NA,1009.1,16.2,93,NA
2021-03-16 12:00:00,NA,1010.1,17,87,NA
2021-03-16 15:00:00,NA,1011.1,17,94,NA
2021-03-16 18:00:00,NA,1008.9,17.9,95,NA
2021-03-16 21:00:00,NA,1009.3,18.2,96,NA
2021-03-17 00:00:00,984,NA,17.8,89,NA
2021-03-17 09:00:00,990.1,NA,12.5,73,NA
2021-03-17 12:00:00,992.5,NA,14,69,NA
2021-03-18 09:00:00,NA,1022.4,4.8,84,NA
2021-03-18 12:00:00,NA,1022.3,9.3,74,NA
2021-03-18 15:00:00,NA,1021.5,15,44,NA
2021-03-18 18:00:00,NA,1018.9,17.4,43,NA
2021-03-18 21:00:00,NA,1018.3,16.8,46,NA
2021-03-19 00:00:00,990.2,NA,10.5,82,NA
2021-03-19 09:00:00,988.4,NA,8.3,96,NA
2021-03-19 12:00:00,989,NA,11.9,80,NA
2021-03-19 15:00:00,988.5,NA,16.4,57,NA
2021-03-19 18:00:00,985.8,NA,18,52,NA
2021-03-19 21:00:00,984.5,NA,17.3,58,NA
2021-03-20 09:00:00,NA,1012.9,14.3,91,NA
2021-03-20 12:00:00,NA,1014.2,14.6,96,NA
2021-03-20 15:00:00,NA,1014.2,18.6,79,NA
2021-03-20 18:00:00,NA,1013.4,24.5,30,NA
2021-03-20 21:00:00,NA,1014.7,24.1,25,NA
2021-03-21 00:00:00,990.4,NA,16.3,57,NA
2021-03-21 09:00:00,993.6,NA,9.2,94,NA
2021-03-21 12:00:00,995.6,NA,14,90,NA
2021-03-21 15:00:00,996.2,NA,19.4,45,NA
2021-03-21 18:00:00,994.8,NA,21.9,38,NA
2021-03-21 21:00:00,994.1,NA,21.7,39,NA
2021-03-22 09:00:00,NA,1022.4,7.8,97,NA
2021-03-22 12:00:00,NA,1023.7,11,95,NA
2021-03-22 15:00:00,NA,1023,17.3,74,NA
2021-03-22 18:00:00,NA,1020.2,20.4,55,NA
2021-03-22 21:00:00,NA,1018.8,20.4,47,NA
2021-03-23 00:00:00,991.8,NA,13.8,85,NA
2021-03-23 09:00:00,989.7,NA,6.7,94,NA
2021-03-23 12:00:00,989.7,NA,13.6,89,NA
2021-03-23 15:00:00,988.8,NA,22.8,56,NA
2021-03-23 18:00:00,985.8,NA,26.2,42,NA
2021-03-23 21:00:00,984.1,NA,25.9,43,NA
2021-03-24 09:00:00,NA,1013.8,12.2,96,NA
2021-03-24 12:00:00,NA,1015.2,16.5,84,NA
2021-03-24 15:00:00,NA,1014.9,24.2,59,NA
2021-03-24 18:00:00,NA,1012.8,26.8,44,NA
2021-03-24 21:00:00,NA,1012.3,26.3,47,NA
2021-03-25 00:00:00,987,NA,19.8,72,NA
2021-03-25 09:00:00,989.3,NA,14,89,NA
2021-03-25 12:00:00,987.6,NA,15.8,78,NA
2021-03-25 15:00:00,987.6,NA,21.2,57,NA
2021-03-25 18:00:00,986.8,NA,21.2,59,NA
2021-03-25 21:00:00,986.6,NA,20.4,60,NA
2021-03-26 09:00:00,NA,1015,15.6,94,NA
2021-03-26 12:00:00,NA,1015.5,15.6,96,NA
2021-03-26 15:00:00,NA,1015.9,16.6,92,NA
2021-03-26 18:00:00,NA,1014.6,17.8,81,NA
2021-03-26 21:00:00,NA,1015.2,15.5,97,NA
2021-03-27 00:00:00,989.2,NA,15,98,NA
2021-03-27 09:00:00,988.4,NA,13,98,NA
2021-03-27 12:00:00,989.4,NA,12.7,91,NA
2021-03-27 15:00:00,990.8,NA,14.8,82,NA
2021-03-27 18:00:00,989.6,NA,17,68,NA
2021-03-27 21:00:00,988.6,NA,18.6,57,NA
2021-03-28 09:00:00,NA,1016.4,13.2,96,NA
2021-03-28 12:00:00,NA,1017.9,14.2,82,NA
2021-03-28 15:00:00,NA,1017.9,17.8,81,NA
2021-03-28 18:00:00,NA,1016.2,20.2,71,NA
2021-03-28 21:00:00,NA,1015.3,20.1,70,NA
2021-03-29 00:00:00,988.6,NA,14.8,93,NA
2021-03-29 09:00:00,990,NA,6.6,94,NA
2021-03-29 12:00:00,991.3,NA,11.2,97,NA
2021-03-29 15:00:00,991.3,NA,21.4,45,NA
2021-03-29 18:00:00,990.6,NA,24.5,29,NA
2021-03-29 21:00:00,990.1,NA,24,36,NA
2021-03-30 09:00:00,NA,1018.7,8.3,96,NA
2021-03-30 12:00:00,NA,1019.7,12.2,96,NA
2021-03-30 15:00:00,NA,1019.3,21.4,49,NA
2021-03-30 18:00:00,NA,1018,24.1,38,NA
2021-03-30 21:00:00,NA,1017.5,24.1,39,NA
2021-03-31 00:00:00,990.1,NA,17.3,66,NA
2021-03-31 09:00:00,991.3,NA,8.1,98,NA
2021-03-31 15:00:00,992.1,NA,19.9,68,NA
2021-03-31 18:00:00,991,NA,21,56,NA
2021-03-31 21:00:00,990.5,NA,20.2,57,NA
2021-04-01 09:00:00,NA,1018.4,9.2,97,NA
2021-04-01 12:00:00,NA,1020.4,13,93,NA
2021-04-01 15:00:00,NA,1019.7,19.8,61,NA
2021-04-01 18:00:00,NA,1018.4,22.6,47,NA
2021-04-01 21:00:00,NA,1018.4,20.6,48,NA
2021-04-02 00:00:00,991.3,NA,13.9,79,NA
2021-04-02 09:00:00,991.7,NA,14.3,96,NA
2021-04-02 12:00:00,992.6,NA,15.3,96,NA
2021-04-02 15:00:00,992,NA,20.5,69,NA
2021-04-02 18:00:00,990.6,NA,22.4,55,NA
2021-04-02 21:00:00,989.8,NA,22.8,51,NA
2021-04-03 09:00:00,NA,1018.7,14,93,NA
2021-04-03 12:00:00,NA,1020,15,93,NA
2021-04-03 15:00:00,NA,1018.9,22.1,64,NA
2021-04-03 18:00:00,NA,1016.7,23.9,48,NA
2021-04-03 21:00:00,NA,1016.8,22.7,54,NA
2021-04-04 00:00:00,989.4,NA,18,77,NA
2021-04-04 09:00:00,989.6,NA,15.1,89,NA
2021-04-04 12:00:00,990.5,NA,15.7,91,NA
2021-04-04 15:00:00,989.6,NA,23.2,55,NA
2021-04-04 18:00:00,987,NA,25.6,47,NA
2021-04-04 21:00:00,986.4,NA,24.8,47,NA
2021-04-05 09:00:00,NA,1015.1,11.9,97,NA
2021-04-05 12:00:00,NA,1016.1,14.7,97,NA
2021-04-05 15:00:00,NA,1015,24,65,NA
2021-04-05 18:00:00,NA,1012.6,27.1,50,NA
2021-04-05 21:00:00,NA,1013.6,26,54,NA
2021-04-06 00:00:00,988.4,NA,20.6,76,NA
2021-04-06 09:00:00,988.9,NA,16.8,96,NA
2021-04-06 12:00:00,990.1,NA,17.8,98,NA
2021-04-06 15:00:00,989.2,NA,26.2,57,NA
2021-04-06 18:00:00,986.5,NA,27.9,46,NA
2021-04-06 21:00:00,986.1,NA,26.5,56,NA
2021-04-07 09:00:00,NA,1013.4,17.6,98,NA
2021-04-07 12:00:00,NA,1014.6,18.4,100,NA
2021-04-07 15:00:00,NA,1013.3,25.4,67,NA
2021-04-07 18:00:00,NA,1010.2,28.6,49,NA
2021-04-07 21:00:00,NA,1010.1,26.4,59,NA
2021-04-08 00:00:00,NA,1010.8,22,79,NA
2021-04-08 15:00:00,984.1,NA,16.1,98,NA
2021-04-08 18:00:00,984,NA,17.7,92,NA
2021-04-08 21:00:00,983.6,NA,18.5,87,NA
2021-04-09 09:00:00,NA,1015.1,14.9,94,NA
2021-04-09 12:00:00,NA,1016,15.8,98,NA
2021-04-09 15:00:00,NA,1016.6,20,74,NA
2021-04-09 18:00:00,NA,1015.1,22.5,54,NA
2021-04-09 21:00:00,NA,1015.8,20.4,74,NA
2021-04-10 00:00:00,NA,1017.1,15.9,90,NA
2021-04-11 09:00:00,NA,1014.9,11.4,85,NA
2021-04-11 12:00:00,NA,1016.2,13.6,80,NA
2021-04-11 15:00:00,NA,1016.1,18.9,62,NA
2021-04-11 18:00:00,NA,1014.9,21.8,42,NA
2021-04-11 21:00:00,NA,1015.6,19.5,54,NA
2021-04-12 00:00:00,NA,1017,13.9,76,NA
2021-04-13 09:00:00,NA,1019.6,7.3,94,NA
2021-04-13 12:00:00,992.8,1020.6,12.9,85,NA
2021-04-13 15:00:00,992.5,1020,22.2,53,NA
2021-04-13 18:00:00,991.2,1018.6,23,45,NA
2021-04-13 21:00:00,990.2,1017.8,23,50,NA
2021-04-15 00:00:00,985,NA,NA,NA,NA
2021-04-15 09:00:00,985.3,1012.7,10.6,95,NA
2021-04-15 12:00:00,985.6,1013.3,13,96,NA
2021-04-15 15:00:00,985.6,1012.8,21.8,58,NA
2021-04-15 18:00:00,984.1,1011.1,26.7,35,NA
2021-04-15 21:00:00,984.1,1011.4,24.4,39,NA
2021-04-16 00:00:00,NA,1012.9,15.2,81,NA
2021-04-17 00:00:00,986.8,NA,NA,NA,NA
2021-04-17 09:00:00,988.4,1015.6,13.4,96,NA
2021-04-17 12:00:00,989.7,1017.2,15.3,99,NA
2021-04-17 15:00:00,989.6,1016.8,20,85,NA
2021-04-17 18:00:00,990,1017.4,19.2,62,NA
2021-04-17 21:00:00,986.9,1014.4,18.1,74,NA
2021-04-18 00:00:00,NA,1016.6,14.3,91,NA
2021-04-19 00:00:00,988.1,NA,NA,NA,NA
2021-04-19 09:00:00,989,1016.2,16.3,99,NA
2021-04-19 12:00:00,990,1017.4,16.3,99,NA
2021-04-19 15:00:00,989.6,1016.7,23,70,NA
2021-04-19 18:00:00,988.1,1015.1,25.6,61,NA
2021-04-19 21:00:00,987.8,1014.9,23.9,61,NA
2021-04-20 00:00:00,NA,1016.7,18.6,80,NA
2021-04-21 00:00:00,988.9,NA,NA,NA,NA
2021-04-21 09:00:00,987.4,1014.7,15.2,98,NA
2021-04-21 12:00:00,987.2,1014.5,16.3,91,NA
2021-04-21 15:00:00,988.8,1016.1,20.1,74,NA
2021-04-21 18:00:00,985.4,1012.6,21.8,67,NA
2021-04-21 21:00:00,985.4,1012.8,16.9,90,NA
2021-04-22 00:00:00,NA,1013.1,17.8,94,NA
2021-04-23 00:00:00,987.3,NA,NA,NA,NA
2021-04-23 09:00:00,NA,1014.2,16.8,97,NA
2021-04-23 12:00:00,NA,1012.5,16,87,NA
2021-04-23 15:00:00,NA,1013.7,17.2,86,NA
2021-04-23 18:00:00,NA,1012.6,17.8,83,NA
2021-04-23 21:00:00,NA,1012,17.9,82,NA
2021-04-24 00:00:00,NA,1013.7,15.3,90,NA
2021-04-25 09:00:00,NA,1021.9,8.6,87,NA
2021-04-25 12:00:00,NA,1023.1,10.4,86,NA
2021-04-25 15:00:00,NA,1023.1,15.8,64,NA
2021-04-25 18:00:00,NA,1021.3,16.8,64,NA
2021-04-25 21:00:00,NA,1020.9,16.7,64,NA
2021-04-26 00:00:00,NA,1021.7,10.2,91,NA
2021-04-27 09:00:00,NA,1018.4,4.6,93,NA
2021-04-27 12:00:00,NA,1019.5,8.1,95,NA
2021-04-27 15:00:00,NA,1018.6,18.9,60,NA
2021-04-27 18:00:00,NA,1015.9,22.6,46,NA
2021-04-27 21:00:00,NA,1015.9,20.5,56,NA
2021-04-28 00:00:00,989,NA,12.9,86,NA
2021-04-28 09:00:00,990.8,NA,7.2,84,NA
2021-04-28 12:00:00,992.6,NA,10,94,NA
2021-04-28 15:00:00,992.4,NA,19.6,65,NA
2021-04-28 18:00:00,990.8,NA,24.3,48,NA
2021-04-28 21:00:00,991,NA,20.5,69,NA
2021-04-29 09:00:00,NA,1019.9,9.1,95,NA
2021-04-29 12:00:00,NA,1020.9,11.1,96,NA
2021-04-29 15:00:00,NA,1020.1,19.9,65,NA
2021-04-29 18:00:00,NA,1017.7,23.2,52,NA
2021-04-29 21:00:00,NA,1017.9,20.4,59,NA
2021-04-30 00:00:00,990.6,NA,13.3,80,NA
2021-04-30 09:00:00,990.5,NA,7.4,96,NA
2021-04-30 12:00:00,990,NA,9,94,NA
2021-04-30 15:00:00,989.4,NA,17.7,63,NA
2021-04-30 18:00:00,986.1,NA,21.1,48,NA
2021-04-30 21:00:00,985.8,NA,17.9,65,NA
2021-05-01 09:00:00,NA,1014.3,8.4,92,NA
2021-05-01 12:00:00,NA,1015.6,8.4,96,NA
2021-05-01 15:00:00,NA,1013.6,18.2,59,NA
2021-05-01 18:00:00,NA,1012.2,21.2,50,NA
2021-05-01 21:00:00,NA,1012.7,17.9,71,NA
2021-05-02 00:00:00,985.8,NA,10.8,89,NA
2021-05-02 09:00:00,984.6,NA,7.6,94,NA
2021-05-02 12:00:00,985.2,NA,9.2,94,NA
2021-05-02 15:00:00,985.3,NA,17.9,77,NA
2021-05-02 18:00:00,982.9,NA,21,61,NA
2021-05-02 21:00:00,983.3,NA,18.7,69,NA
2021-05-03 09:00:00,NA,1010.2,9.2,89,NA
2021-05-03 12:00:00,NA,1012.4,10.2,92,NA
2021-05-03 15:00:00,NA,1012,15.5,73,NA
2021-05-03 18:00:00,NA,1011,18.2,38,NA
2021-05-03 21:00:00,NA,1013,15.8,41,NA
2021-05-04 00:00:00,988.5,NA,10.1,67,NA
2021-05-04 09:00:00,995,NA,5.7,71,NA
2021-05-04 12:00:00,997.7,NA,7.3,73,NA
2021-05-04 15:00:00,999.3,NA,11.4,56,NA
2021-05-04 18:00:00,998,NA,13,45,NA
2021-05-04 21:00:00,999.7,NA,10.2,69,NA
2021-05-05 09:00:00,NA,1028,0.2,96,NA
2021-05-05 12:00:00,NA,1028.8,1.8,91,NA
2021-05-05 15:00:00,NA,1028.6,12,49,NA
2021-05-05 18:00:00,NA,1025.7,13.2,36,NA
2021-05-05 21:00:00,NA,1025.8,12.4,43,NA
2021-05-06 00:00:00,997.6,NA,8,49,NA
2021-05-06 09:00:00,997.8,NA,-0.8,85,NA
2021-05-06 12:00:00,998.2,NA,0.3,87,NA
2021-05-06 15:00:00,998,NA,14.9,47,NA
2021-05-06 18:00:00,995.7,NA,17.4,32,NA
2021-05-06 21:00:00,995.3,NA,15,47,NA
2021-05-07 09:00:00,NA,1025.6,-0.4,92,NA
2021-05-07 12:00:00,NA,1026.9,1.4,89,NA
2021-05-07 15:00:00,NA,1026.3,14.2,55,NA
2021-05-07 18:00:00,NA,1024.8,16.4,39,NA
2021-05-07 21:00:00,996,NA,13.2,55,NA
2021-05-08 00:00:00,996.6,NA,7.8,77,NA
2021-05-08 09:00:00,995.7,NA,5.1,90,NA
2021-05-08 12:00:00,997.3,NA,6,87,NA
2021-05-08 15:00:00,997.4,NA,14.5,56,NA
2021-05-08 18:00:00,994.6,NA,17,47,NA
2021-05-08 21:00:00,993.8,NA,13.6,62,NA
2021-05-09 09:00:00,NA,1022.1,6.5,93,NA
2021-05-09 12:00:00,NA,1023.5,6.8,94,NA
2021-05-09 15:00:00,NA,1023,10.8,88,NA
2021-05-09 18:00:00,NA,1020,16.3,61,NA
2021-05-09 21:00:00,NA,1019.9,14.8,68,NA
2021-05-10 00:00:00,993.2,NA,9.3,85,NA
2021-05-10 09:00:00,996,NA,5,73,NA
2021-05-10 12:00:00,998,NA,5.3,80,NA
2021-05-10 15:00:00,998.4,NA,12.2,46,NA
2021-05-10 18:00:00,996.9,NA,13.9,38,NA
2021-05-10 21:00:00,997,NA,11.8,39,NA
2021-05-11 09:00:00,NA,1024.9,-0.5,88,NA
2021-05-11 12:00:00,NA,1026.7,0.8,77,NA
2021-05-11 15:00:00,NA,1025.2,13.9,36,NA
2021-05-11 18:00:00,NA,1023.1,15.7,31,NA
2021-05-11 21:00:00,NA,1022.4,12.1,45,NA
2021-05-12 00:00:00,994,NA,4.4,74,NA
2021-05-12 09:00:00,991.3,NA,0.6,80,NA
2021-05-12 12:00:00,991.2,NA,1.6,83,NA
2021-05-12 15:00:00,990.5,NA,13.6,54,NA
2021-05-12 18:00:00,988.5,NA,19.1,43,NA
2021-05-12 21:00:00,988,NA,17.6,51,NA
2021-05-13 09:00:00,NA,1017.3,6.8,88,NA
2021-05-13 12:00:00,NA,1019.9,4.5,92,NA
2021-05-13 15:00:00,NA,1020,15,59,NA
2021-05-13 18:00:00,NA,1018.4,20.9,43,NA
2021-05-13 21:00:00,NA,1019.2,16.1,66,NA
2021-05-14 00:00:00,991.8,NA,11.3,79,NA
2021-05-14 09:00:00,991.7,NA,2.6,93,NA
2021-05-14 12:00:00,992.4,NA,2.1,94,NA
2021-05-14 15:00:00,991.7,NA,14.9,57,NA
2021-05-14 18:00:00,989.8,NA,16.1,60,NA
2021-05-14 21:00:00,990.2,NA,14.4,72,NA
2021-05-15 09:00:00,NA,1018.7,7.4,80,NA
2021-05-15 12:00:00,NA,1019.1,6.1,85,NA
2021-05-15 15:00:00,NA,1019.5,16.6,50,NA
2021-05-15 18:00:00,NA,1017.6,19.6,43,NA
2021-05-15 21:00:00,NA,1018.5,15.6,62,NA
2021-05-16 00:00:00,991.4,NA,8.9,82,NA
2021-05-16 09:00:00,991.4,NA,5,90,NA
2021-05-16 12:00:00,992.1,NA,5.1,88,NA
2021-05-16 15:00:00,992.8,NA,15.5,66,NA
2021-05-16 18:00:00,991.4,NA,18,53,NA
2021-05-16 21:00:00,992.5,NA,15.2,64,NA
2021-05-17 09:00:00,NA,1023.8,2.5,97,NA
2021-05-17 12:00:00,NA,1024.6,1.5,98,NA
2021-05-17 15:00:00,NA,1024,14.3,64,NA
2021-05-17 18:00:00,NA,1022.1,15.7,50,NA
2021-05-17 21:00:00,NA,1022,12.8,62,NA
2021-05-18 00:00:00,993.8,NA,7.1,84,NA
2021-05-18 09:00:00,992.1,NA,0.6,94,NA
2021-05-18 12:00:00,993.4,NA,2.4,93,NA
2021-05-18 15:00:00,992.9,NA,11.3,76,NA
2021-05-18 18:00:00,989.3,NA,15.2,63,NA
2021-05-18 21:00:00,989.3,NA,12.5,79,NA
2021-05-19 09:00:00,NA,1016.7,8.7,87,NA
2021-05-19 12:00:00,NA,1017.4,9,87,NA
2021-05-19 15:00:00,NA,1017.6,12.6,76,NA
2021-05-19 18:00:00,NA,1015.8,12.2,79,NA
2021-05-19 21:00:00,NA,1016.2,9.9,90,NA
2021-05-20 00:00:00,989.3,NA,9.7,96,NA
2021-05-20 09:00:00,989,NA,8.6,97,NA
2021-05-20 12:00:00,990,NA,8.2,94,NA
2021-05-20 15:00:00,988.9,NA,11.6,82,NA
2021-05-20 18:00:00,986.9,NA,13.7,68,NA
2021-05-20 21:00:00,987.2,NA,11.8,85,NA
2021-05-21 09:00:00,NA,1013.6,10.3,96,NA
2021-05-21 12:00:00,NA,1014.8,10.3,97,NA
2021-05-21 15:00:00,NA,1014.3,11.4,95,NA
2021-05-21 18:00:00,NA,1012.9,11.4,92,NA
2021-05-21 21:00:00,NA,1013,11.1,96,NA
2021-05-22 00:00:00,984.8,NA,10.7,96,NA
2021-05-22 09:00:00,982.2,NA,9.8,94,NA
2021-05-22 12:00:00,983,NA,9.7,92,NA
2021-05-22 15:00:00,983,NA,10.9,88,NA
2021-05-22 18:00:00,982,NA,11.4,84,NA
2021-05-22 21:00:00,982.9,NA,10.6,88,NA
2021-05-23 09:00:00,NA,1013.6,9.4,82,NA
2021-05-23 12:00:00,NA,1014.3,9.1,88,NA
2021-05-23 15:00:00,NA,1014.9,12.5,74,NA
2021-05-23 18:00:00,NA,1013.7,12.9,62,NA
2021-05-23 21:00:00,NA,1014.3,12,65,NA
2021-05-24 00:00:00,NA,1014.9,9.2,72,NA
2021-05-25 09:00:00,NA,1012.7,8.1,70,NA
2021-05-25 12:00:00,NA,1016,8.9,55,NA
2021-05-25 15:00:00,NA,1018.4,12.4,34,NA
2021-05-25 18:00:00,NA,1016.9,12.9,28,NA
2021-05-25 21:00:00,NA,1017.3,8.6,57,NA
2021-05-26 00:00:00,NA,1017.9,5,72,NA
2021-05-27 09:00:00,NA,1009.4,9,83,NA
2021-05-27 12:00:00,NA,1009.5,7.9,86,NA
2021-05-27 15:00:00,978.8,1006.4,16,58,NA
2021-05-27 18:00:00,975.8,1003.3,19.1,48,NA
2021-05-27 21:00:00,973.3,1000.6,17.2,52,NA
2021-05-28 00:00:00,NA,1001.4,12,77,NA
2021-05-29 00:00:00,978.6,NA,NA,NA,NA
2021-05-29 09:00:00,985.6,1013.7,4,72,NA
2021-05-29 12:00:00,987.7,1016.3,2.3,86,NA
2021-05-29 15:00:00,988.8,1017.2,8.3,50,NA
2021-05-29 18:00:00,987.6,1015.9,10,42,NA
2021-05-29 21:00:00,987.2,1015.6,7.3,58,NA
2021-05-30 00:00:00,NA,1017.7,3.8,71,NA
2021-05-31 00:00:00,986,NA,NA,NA,NA
2021-05-31 09:00:00,983.6,1011.7,5.5,90,NA
2021-05-31 12:00:00,986.1,1014.4,5.2,80,NA
2021-05-31 15:00:00,985.6,1013.5,14.3,55,NA
2021-05-31 18:00:00,984.9,1012.9,13.5,62,NA
2021-05-31 21:00:00,983.7,1011.8,12.6,66,NA
2021-06-01 00:00:00,NA,1010.5,10.7,90,NA
2021-06-02 00:00:00,980.4,NA,NA,NA,NA
2021-06-02 09:00:00,985.4,1013.5,4.1,90,NA
2021-06-02 12:00:00,988.6,1017,5.2,83,NA
2021-06-02 15:00:00,988.5,1016.8,11.2,50,NA
2021-06-02 18:00:00,987.3,1015.4,13.1,42,NA
2021-06-02 21:00:00,987.4,1015.8,9.5,62,NA
2021-06-03 00:00:00,NA,1017.2,8.6,71,NA
2021-06-04 00:00:00,979.8,NA,NA,NA,NA
2021-06-04 09:00:00,980.5,1008.1,10.6,80,NA
2021-06-04 12:00:00,982.9,1010.8,9.4,85,NA
2021-06-04 15:00:00,984,1011.7,12.8,75,NA
2021-06-04 18:00:00,982.2,1010,15.7,51,NA
2021-06-04 21:00:00,983,1010.7,13.2,62,NA
2021-06-05 00:00:00,NA,1013.1,8.7,71,NA
2021-06-06 00:00:00,992.6,NA,NA,NA,NA
2021-06-06 09:00:00,993.8,1022.6,-2,70,NA
2021-06-06 12:00:00,994.2,1023.2,-1.8,92,NA
2021-06-06 15:00:00,993.7,1022.4,9.9,57,NA
2021-06-06 18:00:00,992.5,1021.1,10.9,49,NA
2021-06-06 21:00:00,992.5,1021.3,8.5,64,NA
2021-06-07 00:00:00,NA,1021.2,7.7,71,NA
2021-06-08 00:00:00,992.5,NA,NA,NA,NA
2021-06-08 09:00:00,991.3,1020.1,-0.5,98,NA
2021-06-08 12:00:00,NA,1019.8,2,91,NA
2021-06-08 15:00:00,NA,1019.3,9.1,99,NA
2021-06-08 18:00:00,NA,1017.1,10.7,96,NA
2021-06-08 21:00:00,NA,1017.5,10.6,96,NA
2021-06-09 00:00:00,NA,1018.4,7.5,97,NA
2021-06-10 00:00:00,988.1,NA,NA,NA,NA
2021-06-10 09:00:00,990,1017.9,9.7,95,NA
2021-06-10 12:00:00,992.4,1020.5,8,62,NA
2021-06-10 15:00:00,994,1022,11.5,48,NA
2021-06-10 18:00:00,993,1021,13.2,41,NA
2021-06-10 21:00:00,994.4,1022.6,10.1,44,NA
2021-06-11 00:00:00,NA,1023.2,3.1,72,NA
2021-06-12 00:00:00,986.8,NA,NA,NA,NA
2021-06-12 09:00:00,984.6,1012.2,12.9,69,NA
2021-06-12 12:00:00,985,1012.9,9.4,85,NA
2021-06-12 15:00:00,986,1013.8,15.4,67,NA
2021-06-12 18:00:00,983.4,1011,19.8,52,NA
2021-06-12 21:00:00,984.4,1011.8,16.6,64,NA
2021-06-13 00:00:00,NA,1012.8,10.1,84,NA
2021-06-14 00:00:00,986.9,NA,NA,NA,NA
2021-06-14 09:00:00,991.8,1019.8,7.6,86,NA
2021-06-14 12:00:00,994.9,1023.2,6.3,84,NA
2021-06-14 15:00:00,996.4,1024.7,9.7,59,NA
2021-06-14 18:00:00,996.4,1024.7,10.2,48,NA
2021-06-14 21:00:00,998,1026.6,6.2,51,NA
2021-06-15 00:00:00,NA,1028.7,3.9,72,NA
2021-06-16 09:00:00,NA,1032.6,0.5,92,NA
2021-06-16 12:00:00,NA,1033.8,1.8,87,NA
2021-06-16 15:00:00,1005,1034.1,7.6,67,NA
2021-06-16 18:00:00,1003.3,1032.3,7.8,62,NA
2021-06-16 21:00:00,1003.6,1032.8,4.6,75,NA
2021-06-17 00:00:00,NA,1033.4,1,85,NA
2021-06-18 00:00:00,1002.1,NA,NA,NA,NA
2021-06-18 09:00:00,1001.3,1030.5,-0.4,94,NA
2021-06-18 12:00:00,1002,1031.3,-0.6,96,NA
2021-06-18 15:00:00,1001.8,1030.9,4.9,83,NA
2021-06-18 18:00:00,999.6,1028.5,7.2,69,NA
2021-06-18 21:00:00,999.2,1028.3,6.2,75,NA
2021-06-19 00:00:00,NA,1029.4,4.6,83,NA
2021-06-20 00:00:00,995.4,NA,NA,NA,NA
2021-06-20 09:00:00,993.7,1022.4,5.1,86,NA
2021-06-20 12:00:00,994.4,1023.2,2.1,97,NA
2021-06-20 15:00:00,994.2,1022.7,10.3,60,NA
2021-06-20 18:00:00,992.2,1020.6,11,55,NA
2021-06-20 21:00:00,992.2,1020.8,7.1,70,NA
2021-06-21 00:00:00,NA,1022.4,4,80,NA
2021-06-22 00:00:00,992.5,NA,NA,NA,NA
2021-06-22 09:00:00,993.7,1022.2,6.8,99,NA
2021-06-22 12:00:00,994.1,1022.7,6.4,100,NA
2021-06-22 15:00:00,NA,1023,8.2,99,NA
2021-06-22 18:00:00,NA,1020.5,9.8,87,NA
2021-06-22 21:00:00,NA,1019.3,9.6,85,NA
2021-06-23 00:00:00,NA,1018.9,8.8,89,NA
2021-06-24 00:00:00,986,NA,NA,NA,NA
2021-06-24 09:00:00,984,1011.9,8.2,86,NA
2021-06-24 12:00:00,985.8,1014.1,4.2,93,NA
2021-06-24 15:00:00,985.2,1012.9,14,55,NA
2021-06-24 18:00:00,982.5,1010.2,16.8,22,NA
2021-06-24 21:00:00,983.4,1011.3,13.8,47,NA
2021-06-25 00:00:00,NA,1011.6,10.5,55,NA
2021-06-26 00:00:00,987.7,NA,NA,NA,NA
2021-06-26 09:00:00,988.5,1016.9,5.3,91,NA
2021-06-26 12:00:00,NA,1019.3,5.1,72,NA
2021-06-26 15:00:00,NA,1021.1,8.3,63,NA
2021-06-26 18:00:00,NA,1020.4,9.4,50,NA
2021-06-26 21:00:00,NA,1021.9,7.7,59,NA
2021-06-27 00:00:00,NA,1022.5,5,70,NA
2021-06-28 09:00:00,NA,1025.4,4.1,87,NA
2021-06-28 12:00:00,NA,1026.8,2.8,84,NA
2021-06-28 15:00:00,NA,1026.5,6.7,68,NA
2021-06-28 18:00:00,NA,1026.3,7.1,62,NA
2021-06-28 21:00:00,NA,1026.9,6.6,65,NA
2021-06-29 00:00:00,NA,1028,2.4,81,NA
2021-06-30 00:00:00,998.6,NA,NA,NA,NA
2021-06-30 09:00:00,995.4,1024.5,-1.4,94,NA
2021-06-30 12:00:00,995.4,1024.7,-1,91,NA
2021-06-30 15:00:00,995.2,1024.2,5.7,79,NA
2021-06-30 18:00:00,992.4,1021.1,9.2,53,NA
2021-06-30 21:00:00,990.9,1019.8,6.6,71,NA
2021-07-01 00:00:00,NA,1020.8,4.9,79,NA
