2021-01-07 00:00:00,982.6,NA,NA,NA,NA
2021-01-07 12:00:00,981.4,1005.5,17,88,NA
2021-01-07 18:00:00,980.6,1004.3,26,51,NA
2021-01-08 00:00:00,NA,1006.7,19.4,82,NA
2021-01-09 00:00:00,987.8,NA,NA,NA,NA
2021-01-09 12:00:00,987.4,1011.7,18.8,68,NA
2021-01-09 18:00:00,984.9,1008.7,27.8,41,NA
2021-01-10 00:00:00,983.3,NA,NA,NA,NA
2021-01-11 12:00:00,981.2,1005.3,18,90,NA
2021-01-11 13:00:00,981.3,1005.4,19.5,79,NA
2021-01-11 14:00:00,981.8,1005.8,21.2,75,NA
2021-01-11 15:00:00,982.1,1006,22.7,53,NA
2021-01-11 16:00:00,982.8,1006.5,24.2,51,NA
2021-01-11 17:00:00,982.6,1006.4,23.9,42,NA
2021-01-11 18:00:00,983.2,1006.9,24.2,43,NA
2021-01-12 00:00:00,NA,1013.6,14.8,77,NA
2021-01-13 00:00:00,993.4,NA,NA,NA,NA
2021-01-13 12:00:00,997.6,1022,19.2,60,NA
2021-01-13 13:00:00,997.6,1022,22,51,NA
2021-01-13 14:00:00,997.6,1021.9,23.3,42,NA
2021-01-13 15:00:00,997.4,1021.8,24.6,36,NA
2021-01-13 16:00:00,997.7,1022.1,26,36,NA
2021-01-13 17:00:00,996.9,1021.3,25.8,32,NA
2021-01-13 18:00:00,997,1021.3,26.8,34,NA
2021-01-14 00:00:00,NA,1020.4,21,50,NA
2021-01-15 00:00:00,988.8,NA,NA,NA,NA
2021-01-15 12:00:00,NA,1010,18.2,90,NA
2021-01-15 13:00:00,985.7,1009.7,19.5,85,NA
2021-01-15 14:00:00,984.6,1008.6,22.3,73,NA
2021-01-15 15:00:00,984.1,1008.1,22.1,73,NA
2021-01-15 16:00:00,984.5,1008.5,22.6,73,NA
2021-01-15 17:00:00,983,1007,24.2,67,NA
2021-01-15 18:00:00,982.2,1006.1,25.6,63,NA
2021-01-16 00:00:00,NA,1005.6,23.1,75,NA
2021-01-17 00:00:00,984,NA,15.8,98,NA
2021-01-19 12:00:00,NA,1015.8,23.7,47,NA
2021-01-19 13:00:00,NA,1016.1,27,36,NA
2021-01-19 14:00:00,NA,1015.9,28.5,33,NA
2021-01-19 15:00:00,NA,1016.7,29.4,29,NA
2021-01-19 16:00:00,NA,1016.7,30.3,27,NA
2021-01-19 17:00:00,NA,1016,30.9,28,NA
2021-01-19 18:00:00,NA,1015.7,30.7,26,NA
2021-01-20 00:00:00,NA,1015.8,24.9,47,NA
2021-01-21 12:00:00,NA,1019.4,23.6,65,NA
2021-01-21 13:00:00,NA,1019.5,26,57,NA
2021-01-21 14:00:00,NA,1019.3,27.9,47,NA
2021-01-21 15:00:00,NA,1018.8,29.5,46,NA
2021-01-21 16:00:00,NA,1018.3,30.3,39,NA
2021-01-21 17:00:00,NA,1018.2,31.2,34,NA
2021-01-21 18:00:00,NA,1017.7,31.9,30,NA
2021-01-21 19:00:00,NA,1017.5,31.6,30,NA
2021-01-21 20:00:00,NA,1017.8,31.4,32,NA
2021-01-21 21:00:00,NA,1017.4,30.6,35,NA
2021-01-21 22:00:00,NA,1017.3,29.6,40,NA
2021-01-21 23:00:00,NA,1017.7,27.8,47,NA
2021-01-22 00:00:00,NA,1017.4,25.1,57,NA
2021-01-23 12:00:00,NA,1013.8,24.7,71,NA
2021-01-23 18:00:00,NA,1011.3,34,35,NA
2021-01-24 00:00:00,NA,1010,28,54,NA
2021-01-25 12:00:00,NA,1005.7,26.2,60,NA
2021-01-25 18:00:00,NA,1002.6,34,38,NA
2021-01-26 00:00:00,NA,1003.9,22.7,75,NA
2021-01-26 12:00:00,980.1,NA,21,87,NA
2021-01-26 18:00:00,978.9,NA,29.2,52,NA
2021-01-27 12:00:00,NA,1008,18,84,NA
2021-01-27 18:00:00,NA,1005.3,26.4,44,NA
2021-01-28 00:00:00,NA,1003.5,20.6,53,NA
2021-01-29 12:00:00,NA,1003.5,21.1,59,NA
2021-01-29 18:00:00,NA,1001.8,27.6,34,NA
2021-01-30 00:00:00,NA,1004,19.7,63,NA
2021-01-31 00:00:00,993.3,NA,14.5,63,NA
2021-02-02 00:00:00,990,NA,NA,NA,NA
2021-02-02 12:00:00,991.3,1015.7,14.8,99,NA
2021-02-02 18:00:00,990.8,1015.1,23.9,51,NA
2021-02-03 00:00:00,NA,1015.5,19.4,66,NA
2021-02-04 00:00:00,991.2,NA,NA,NA,NA
2021-02-04 12:00:00,994.9,1019.3,15.4,99,NA
2021-02-04 18:00:00,993.7,1017.9,29.2,33,NA
2021-02-05 00:00:00,NA,1017.6,18.9,62,NA
2021-02-05 12:00:00,NA,1016.1,19.2,59,NA
2021-02-05 18:00:00,NA,1013.2,31.3,24,NA
2021-02-06 00:00:00,986.9,1010.8,24.4,42,NA
2021-02-06 12:00:00,989.4,NA,NA,NA,NA
2021-02-06 18:00:00,988.4,NA,NA,NA,NA
2021-02-07 00:00:00,987.6,NA,NA,NA,NA
2021-02-08 12:00:00,NA,1021.3,15.2,81,NA
2021-02-08 18:00:00,NA,1020.6,19.5,54,NA
2021-02-09 00:00:00,NA,1021.4,15.6,80,NA
2021-02-10 12:00:00,NA,1022.8,17.3,85,NA
2021-02-10 18:00:00,NA,1019.7,25,43,NA
2021-02-11 00:00:00,994,NA,19,75,NA
2021-02-11 12:00:00,992.6,NA,18.7,95,NA
2021-02-11 18:00:00,989.4,NA,26.6,57,NA
2021-02-12 12:00:00,NA,1014.9,20,93,NA
2021-02-12 18:00:00,NA,1012.6,21.4,87,NA
2021-02-13 00:00:00,988,NA,19.6,88,NA
2021-02-13 12:00:00,986.6,NA,20.5,92,NA
2021-02-13 18:00:00,983.2,NA,23.5,79,NA
2021-02-14 00:00:00,981.7,NA,18.1,98,NA
2021-02-15 12:00:00,986.2,NA,17.4,95,NA
2021-02-15 18:00:00,986.9,NA,21.2,76,NA
2021-02-16 12:00:00,NA,1013.2,15.1,96,NA
2021-02-16 18:00:00,NA,1012.7,19,80,NA
2021-02-17 00:00:00,985.6,NA,15.3,93,NA
2021-02-17 12:00:00,986.5,NA,12.5,100,NA
2021-02-17 18:00:00,984.6,NA,26,46,NA
2021-02-18 12:00:00,NA,1006.8,22.4,58,NA
2021-02-18 18:00:00,NA,1004.3,32.3,30,NA
2021-02-19 00:00:00,981,NA,23.5,62,NA
2021-02-19 12:00:00,986.1,NA,16,64,NA
2021-02-19 18:00:00,987.6,NA,20.4,22,NA
2021-02-20 12:00:00,NA,1016.1,15.2,52,NA
2021-02-20 18:00:00,NA,1013.5,24.8,24,NA
2021-02-21 00:00:00,988.5,NA,14.8,62,NA
2021-02-22 12:00:00,NA,1009.5,19,77,NA
2021-02-22 18:00:00,NA,1009.5,24.8,41,NA
2021-02-23 00:00:00,986.9,NA,15.7,67,NA
2021-02-23 12:00:00,989.7,NA,17.4,61,NA
2021-02-23 18:00:00,988.2,NA,27.5,25,NA
2021-02-24 12:00:00,NA,1015.5,13.8,91,NA
2021-02-24 18:00:00,NA,1012.5,27.6,30,NA
2021-02-25 00:00:00,986.9,NA,23.6,44,NA
2021-02-25 12:00:00,989.3,NA,23.8,52,NA
2021-02-25 18:00:00,988.6,NA,33.4,26,NA
2021-02-26 12:00:00,NA,1012.9,23.4,56,NA
2021-02-26 18:00:00,NA,1012.3,31.8,29,NA
2021-02-27 00:00:00,991.3,NA,23.8,53,NA
2021-02-27 12:00:00,995.6,NA,21.5,80,NA
2021-02-27 18:00:00,993.1,NA,29.7,37,NA
2021-03-02 12:00:00,NA,1015,20.8,91,NA
2021-03-02 15:00:00,NA,1014.5,26.7,62,NA
2021-03-02 18:00:00,989.8,1013.7,27.9,55,NA
2021-03-02 21:00:00,988.9,1012.6,29.7,40,NA
2021-03-03 00:00:00,NA,1014.3,22.8,56,NA
2021-03-04 00:00:00,990.6,NA,NA,NA,NA
2021-03-04 12:00:00,990.4,1014.3,20.5,91,NA
2021-03-04 15:00:00,990.4,1014.3,23.5,68,NA
2021-03-04 18:00:00,989.2,1013.1,25.2,59,NA
2021-03-04 21:00:00,988.8,1012.7,23.7,66,NA
2021-03-05 00:00:00,NA,1013.7,20.4,81,NA
2021-03-06 00:00:00,989,NA,NA,NA,NA
2021-03-06 12:00:00,989.2,1013.8,13,86,NA
2021-03-06 18:00:00,987.4,1011.8,27.6,34,NA
2021-03-07 00:00:00,NA,1011,21.4,61,NA
2021-03-08 00:00:00,983,NA,NA,NA,NA
2021-03-08 12:00:00,991.3,1015.3,17.2,78,NA
2021-03-08 15:00:00,993.3,1017.4,21.6,50,NA
2021-03-08 18:00:00,993,1017.1,22.7,47,NA
2021-03-08 21:00:00,993.2,1017.5,19.9,53,NA
2021-03-09 00:00:00,NA,1019.3,13.2,75,NA
2021-03-10 00:00:00,990,NA,NA,NA,NA
2021-03-10 12:00:00,988.2,1012.6,17,81,NA
2021-03-10 15:00:00,986.9,1011,25,48,NA
2021-03-10 18:00:00,983.8,1007.8,27.7,43,NA
2021-03-10 21:00:00,982.5,1006.4,28,40,NA
2021-03-11 00:00:00,NA,1006.9,21.6,60,NA
2021-03-12 00:00:00,989,NA,NA,NA,NA
2021-03-12 12:00:00,990.6,1015.1,16.4,64,NA
2021-03-12 15:00:00,991,1015.3,24,38,NA
2021-03-12 18:00:00,990.3,1014.5,27,31,NA
2021-03-12 21:00:00,989,1013.1,27.5,34,NA
2021-03-13 00:00:00,NA,1014.4,18.1,63,NA
2021-03-14 12:00:00,NA,1017,19.8,81,NA
2021-03-14 18:00:00,NA,1016.3,26.4,49,NA
2021-03-15 00:00:00,NA,1016.1,17.6,87,NA
2021-03-15 12:00:00,990.1,NA,18.4,73,NA
2021-03-15 15:00:00,989.7,NA,24.4,48,NA
2021-03-15 18:00:00,988.1,NA,27.6,37,NA
2021-03-16 12:00:00,NA,1009.9,17.5,83,NA
2021-03-16 15:00:00,NA,1009.6,19.5,94,NA
2021-03-16 18:00:00,NA,1007.4,19.2,95,NA
2021-03-16 21:00:00,NA,1007.3,17.5,98,NA
2021-03-17 00:00:00,984.1,NA,17.7,98,NA
2021-03-17 12:00:00,992,NA,13,86,NA
2021-03-18 12:00:00,NA,1020.4,11.5,82,NA
2021-03-18 15:00:00,NA,1019.9,14.8,57,NA
2021-03-18 18:00:00,NA,1018.1,17,47,NA
2021-03-18 21:00:00,NA,1017.3,16.5,53,NA
2021-03-19 00:00:00,992.5,NA,12,82,NA
2021-03-19 12:00:00,991.8,NA,11.2,89,NA
2021-03-19 15:00:00,991.4,NA,17.4,51,NA
2021-03-19 18:00:00,989.2,NA,21,48,NA
2021-03-19 21:00:00,988,NA,19,51,NA
2021-03-20 12:00:00,NA,1013.7,15.4,89,NA
2021-03-20 18:00:00,NA,1013.1,19.6,74,NA
2021-03-21 00:00:00,991.4,NA,15.8,83,NA
2021-03-21 12:00:00,996.4,NA,12.4,95,NA
2021-03-21 18:00:00,997.6,NA,20.4,54,NA
2021-03-22 12:00:00,NA,1022.6,12,89,NA
2021-03-22 15:00:00,NA,1021.9,20,54,NA
2021-03-22 18:00:00,NA,1020.2,21.5,41,NA
2021-03-22 21:00:00,NA,1019.1,20.2,55,NA
2021-03-23 00:00:00,994.4,NA,15.4,81,NA
2021-03-23 12:00:00,992.6,NA,14.2,80,NA
2021-03-23 15:00:00,992,NA,22.2,54,NA
2021-03-23 18:00:00,990.1,NA,24.4,48,NA
2021-03-23 21:00:00,989,NA,24.2,48,NA
2021-03-24 12:00:00,NA,1015.3,17.2,82,NA
2021-03-24 18:00:00,NA,1013.1,26.8,46,NA
2021-03-25 00:00:00,989.4,NA,20.4,75,NA
2021-03-25 12:00:00,991.3,NA,15.6,98,NA
2021-03-25 15:00:00,989.8,NA,17,92,NA
2021-03-25 18:00:00,988.6,NA,21,80,NA
2021-03-25 21:00:00,988.4,NA,18.8,88,NA
2021-03-26 12:00:00,NA,1014.1,16.3,97,NA
2021-03-26 15:00:00,NA,1014.7,16.5,95,NA
2021-03-26 18:00:00,NA,1013.4,16.9,94,NA
2021-03-26 21:00:00,NA,1013.6,16,98,NA
2021-03-27 00:00:00,990.4,NA,15,98,NA
2021-03-27 12:00:00,991.3,NA,13.4,97,NA
2021-03-27 18:00:00,991.6,NA,16.7,82,NA
2021-03-28 12:00:00,NA,1016.1,15.3,97,NA
2021-03-28 18:00:00,NA,1014.6,21.5,71,NA
2021-03-29 00:00:00,991.1,NA,15.7,90,NA
2021-03-29 12:00:00,993,NA,10.4,97,NA
2021-03-29 15:00:00,993.8,NA,17.2,74,NA
2021-03-29 18:00:00,992.6,NA,22,43,NA
2021-03-29 21:00:00,992.1,NA,22.4,48,NA
2021-03-30 12:00:00,NA,1019.8,10,97,NA
2021-03-30 15:00:00,NA,1019.2,18.8,67,NA
2021-03-30 18:00:00,NA,1017.9,21.8,57,NA
2021-03-30 21:00:00,NA,1017.6,21.6,53,NA
2021-03-31 00:00:00,993.6,NA,15.7,77,NA
2021-03-31 15:00:00,995.6,NA,17,85,NA
2021-03-31 18:00:00,994,NA,21.6,44,NA
2021-03-31 21:00:00,993,NA,20.2,51,NA
2021-04-01 12:00:00,NA,1019.8,14.2,89,NA
2021-04-01 18:00:00,NA,1018.8,20.1,53,NA
2021-04-02 00:00:00,994.5,NA,14,85,NA
2021-04-02 12:00:00,996.1,NA,15.8,91,NA
2021-04-02 18:00:00,994.6,NA,21.8,52,NA
2021-04-03 12:00:00,NA,1019.8,16.4,98,NA
2021-04-03 18:00:00,994.1,NA,22.4,63,NA
2021-04-04 00:00:00,993.4,NA,18,84,NA
2021-04-04 12:00:00,993.8,NA,17.4,95,NA
2021-04-04 18:00:00,991.6,NA,25.2,42,NA
2021-04-05 12:00:00,NA,1016.1,15.3,99,NA
2021-04-05 15:00:00,NA,1015.2,24,64,NA
2021-04-05 18:00:00,NA,1013.7,26.1,50,NA
2021-04-05 21:00:00,NA,1013.6,24.5,59,NA
2021-04-06 00:00:00,991.6,NA,19,81,NA
2021-04-06 12:00:00,993.4,NA,17.2,95,NA
2021-04-06 15:00:00,993.6,NA,23.6,78,NA
2021-04-06 18:00:00,991.2,NA,26,61,NA
2021-04-06 21:00:00,990.4,NA,25.4,61,NA
2021-04-07 12:00:00,NA,1015.1,20.1,92,NA
2021-04-07 15:00:00,NA,1014.5,25.3,72,NA
2021-04-07 18:00:00,NA,1011.9,28,49,NA
2021-04-07 21:00:00,NA,1010.4,26.5,58,NA
2021-04-08 00:00:00,NA,1011.9,22.3,79,NA
2021-04-08 15:00:00,987.8,NA,18.8,100,NA
2021-04-08 18:00:00,988,NA,15.2,99,NA
2021-04-08 21:00:00,985.6,NA,16.4,95,NA
2021-04-09 12:00:00,NA,1013.8,15.3,99,NA
2021-04-09 15:00:00,NA,1015.5,17.2,89,NA
2021-04-09 18:00:00,NA,1014.6,20,71,NA
2021-04-09 21:00:00,NA,1015.3,19.8,72,NA
2021-04-10 00:00:00,NA,1016.6,16.3,86,NA
2021-04-11 12:00:00,NA,1012.7,13.4,96,NA
2021-04-11 18:00:00,NA,1012.9,20.6,48,NA
2021-04-12 00:00:00,NA,1015.2,14.8,76,NA
2021-04-13 12:00:00,994.9,1019.5,14.6,74,NA
2021-04-13 15:00:00,995.6,1020,22.4,54,NA
2021-04-13 18:00:00,994.5,1018.8,24.4,50,NA
2021-04-13 21:00:00,994,1018.3,23,52,NA
2021-04-14 00:00:00,NA,1018.7,15.8,81,NA
2021-04-15 00:00:00,988.6,NA,NA,NA,NA
2021-04-15 12:00:00,988.2,1012.7,14,87,NA
2021-04-15 15:00:00,988.4,1012.6,21.8,66,NA
2021-04-15 18:00:00,987,1011.1,24.8,60,NA
2021-04-15 21:00:00,987,1011.2,23.4,65,NA
2021-04-16 00:00:00,NA,1012.2,19.2,85,NA
2021-04-17 00:00:00,989.8,NA,NA,NA,NA
2021-04-17 12:00:00,992.6,1017.1,15.6,91,NA
2021-04-17 18:00:00,991.4,1015.6,24.4,62,NA
2021-04-18 00:00:00,NA,1016.3,16,96,NA
2021-04-18 18:00:00,992.5,NA,NA,NA,NA
2021-04-19 00:00:00,992.1,NA,NA,NA,NA
2021-04-19 12:00:00,994.5,1019,16.3,95,NA
2021-04-19 15:00:00,994.1,1018.4,21,78,NA
2021-04-19 18:00:00,992.4,1016.5,23.9,60,NA
2021-04-19 21:00:00,992.4,1016.7,21.9,65,NA
2021-04-20 00:00:00,NA,1018,17,82,NA
2021-04-21 00:00:00,993.8,NA,NA,NA,NA
2021-04-21 12:00:00,992.4,1016.8,16.9,89,NA
2021-04-21 15:00:00,991.6,1015.8,20.9,68,NA
2021-04-21 18:00:00,990.8,1014.9,22.9,54,NA
2021-04-21 21:00:00,990,1014.2,20.3,70,NA
2021-04-22 00:00:00,NA,1014.4,18.1,88,NA
2021-04-23 00:00:00,989.8,NA,NA,NA,NA
2021-04-23 12:00:00,NA,1015.1,14.4,99,NA
2021-04-23 15:00:00,NA,1013.3,17.5,86,NA
2021-04-23 18:00:00,NA,1010.9,21.2,81,NA
2021-04-23 21:00:00,NA,1010.6,17.4,97,NA
2021-04-24 00:00:00,NA,1012.7,16.6,99,NA
2021-04-25 12:00:00,NA,1020.6,10.7,97,NA
2021-04-25 18:00:00,NA,1019.6,17.2,71,NA
2021-04-26 00:00:00,NA,1020.6,12.5,88,NA
2021-04-27 12:00:00,NA,1018.8,11.3,89,NA
2021-04-27 15:00:00,NA,1018.1,18.8,62,NA
2021-04-27 18:00:00,NA,1016.6,21,52,NA
2021-04-27 21:00:00,NA,1015.8,19.4,60,NA
2021-04-28 00:00:00,992.2,NA,13.7,85,NA
2021-04-28 12:00:00,994.2,NA,14.2,72,NA
2021-04-28 15:00:00,994.2,NA,20.6,63,NA
2021-04-28 18:00:00,993.3,NA,22.6,56,NA
2021-04-28 21:00:00,993.7,NA,20,71,NA
2021-04-29 12:00:00,NA,1020.2,14.8,78,NA
2021-04-29 15:00:00,NA,1019.7,20.3,63,NA
2021-04-29 18:00:00,NA,1018,22,54,NA
2021-04-29 21:00:00,NA,1017.8,19.7,65,NA
2021-04-30 00:00:00,993.6,NA,14.5,80,NA
2021-04-30 12:00:00,992.8,NA,12.2,80,NA
2021-04-30 15:00:00,992.8,NA,18.4,64,NA
2021-04-30 18:00:00,990.2,NA,20.8,52,NA
2021-04-30 21:00:00,989.4,NA,18.8,63,NA
2021-05-01 12:00:00,NA,1014.5,10.6,90,NA
2021-05-01 18:00:00,NA,1012.3,21.2,48,NA
2021-05-02 00:00:00,988.5,NA,13.4,82,NA
2021-05-02 12:00:00,988,NA,14.2,86,NA
2021-05-02 18:00:00,986,NA,20.4,76,NA
2021-05-03 12:00:00,NA,1011.4,11.3,96,NA
2021-05-03 15:00:00,NA,1010.7,15.9,66,NA
2021-05-03 18:00:00,NA,1010.2,15,72,NA
2021-05-03 21:00:00,986.5,NA,14.5,71,NA
2021-05-04 00:00:00,989.7,NA,10,78,NA
2021-05-04 12:00:00,996.2,NA,6.2,90,NA
2021-05-04 15:00:00,998.4,NA,11.6,74,NA
2021-05-04 18:00:00,998.8,NA,13,55,NA
2021-05-04 21:00:00,1000.4,NA,11,66,NA
2021-05-05 12:00:00,NA,1027.2,3.4,93,NA
2021-05-05 15:00:00,NA,1026.5,11.4,63,NA
2021-05-05 18:00:00,NA,1024.8,11.5,49,NA
2021-05-05 21:00:00,NA,1024.6,8.3,77,NA
2021-05-06 00:00:00,999.6,NA,2.3,91,NA
2021-05-06 12:00:00,999.2,NA,3.2,90,NA
2021-05-06 15:00:00,999.8,NA,12.4,78,NA
2021-05-06 18:00:00,998.4,NA,15.6,57,NA
2021-05-06 21:00:00,997.7,NA,14,63,NA
2021-05-07 12:00:00,NA,1026.2,3.4,93,NA
2021-05-07 15:00:00,NA,1025.8,14.7,59,NA
2021-05-07 18:00:00,NA,1024.7,16.2,43,NA
2021-05-07 21:00:00,NA,1025,13.7,58,NA
2021-05-08 00:00:00,1000.5,NA,7.4,83,NA
2021-05-08 12:00:00,1000.9,NA,5.9,98,NA
2021-05-08 18:00:00,999.2,NA,16.5,53,NA
2021-05-09 12:00:00,NA,1023,9.5,100,NA
2021-05-09 18:00:00,NA,1020,13.7,79,NA
2021-05-10 00:00:00,995.3,NA,10.2,94,NA
2021-05-10 12:00:00,998.1,NA,4.2,93,NA
2021-05-10 15:00:00,998.4,NA,12.4,72,NA
2021-05-10 18:00:00,997.4,NA,13.6,54,NA
2021-05-10 21:00:00,997.4,NA,11,45,NA
2021-05-11 12:00:00,NA,1023.9,3.5,80,NA
2021-05-11 15:00:00,NA,1023.4,13.7,46,NA
2021-05-11 18:00:00,NA,1021.4,15,35,NA
2021-05-11 21:00:00,995.3,NA,11.9,60,NA
2021-05-12 00:00:00,995.7,NA,5,80,NA
2021-05-12 12:00:00,993.8,NA,6,59,NA
2021-05-12 15:00:00,992.6,NA,14.2,49,NA
2021-05-12 18:00:00,990.6,NA,19,48,NA
2021-05-12 21:00:00,989.8,NA,16.4,64,NA
2021-05-13 12:00:00,NA,1018.5,8.2,76,NA
2021-05-13 15:00:00,NA,1019.1,17.3,54,NA
2021-05-13 18:00:00,NA,1018,20.9,49,NA
2021-05-13 21:00:00,NA,1018.4,17.7,60,NA
2021-05-14 00:00:00,994.6,NA,12.5,80,NA
2021-05-14 12:00:00,995.3,NA,8.6,70,NA
2021-05-14 15:00:00,995.4,NA,16.6,53,NA
2021-05-14 18:00:00,992.9,NA,18.2,39,NA
2021-05-14 21:00:00,992.9,NA,15.8,54,NA
2021-05-15 12:00:00,NA,1018.6,9.8,72,NA
2021-05-15 18:00:00,NA,1017.3,19.8,46,NA
2021-05-16 00:00:00,993.2,NA,12.6,74,NA
2021-05-16 12:00:00,994.2,NA,6,94,NA
2021-05-16 18:00:00,993.6,NA,17.2,67,NA
2021-05-17 12:00:00,NA,1022.2,4.8,97,NA
2021-05-17 15:00:00,NA,1022.4,13.4,77,NA
2021-05-17 18:00:00,NA,1020.8,14.6,67,NA
2021-05-17 21:00:00,NA,1021.4,11.8,87,NA
2021-05-18 00:00:00,996,NA,7,97,NA
2021-05-18 12:00:00,995.7,NA,4.6,93,NA
2021-05-18 15:00:00,995.8,NA,14,71,NA
2021-05-18 18:00:00,993.3,NA,15.6,61,NA
2021-05-18 21:00:00,992.6,NA,13.2,70,NA
2021-05-19 12:00:00,NA,1018.3,6.3,95,NA
2021-05-19 15:00:00,NA,1017.9,13.6,69,NA
2021-05-19 18:00:00,NA,1015.4,15.8,59,NA
2021-05-19 21:00:00,NA,1016.7,12,80,NA
2021-05-20 00:00:00,991.8,NA,10.4,86,NA
2021-05-20 12:00:00,992.2,NA,8.6,94,NA
2021-05-20 15:00:00,992,NA,13,75,NA
2021-05-20 18:00:00,990.2,NA,15.8,58,NA
2021-05-20 21:00:00,990.4,NA,12,76,NA
2021-05-21 12:00:00,NA,1014.5,10.7,100,NA
2021-05-21 15:00:00,NA,1015.4,11.3,96,NA
2021-05-21 18:00:00,NA,1012.6,13.3,86,NA
2021-05-21 21:00:00,NA,1012.7,12.3,85,NA
2021-05-22 00:00:00,987.7,NA,10.9,93,NA
2021-05-22 12:00:00,982.6,NA,11.1,98,NA
2021-05-22 18:00:00,980.8,NA,11.8,96,NA
2021-05-23 12:00:00,NA,1010,9,94,NA
2021-05-23 18:00:00,NA,1009.9,13,72,NA
2021-05-24 00:00:00,NA,1012.4,9.3,97,NA
2021-05-25 12:00:00,NA,1012.2,7.6,72,NA
2021-05-25 18:00:00,NA,1015.5,11.2,40,NA
2021-05-26 00:00:00,NA,1018,2.8,84,NA
2021-05-27 12:00:00,NA,1007.1,11.8,71,NA
2021-05-27 15:00:00,981.3,1005.9,17.1,54,NA
2021-05-27 18:00:00,977.7,1002.1,17.3,57,NA
2021-05-27 21:00:00,976.1,1000.4,16.4,66,NA
2021-05-28 00:00:00,NA,1000.5,13.9,81,NA
2021-05-29 00:00:00,979.2,NA,NA,NA,NA
2021-05-29 12:00:00,987.3,1012.7,2.2,83,NA
2021-05-29 18:00:00,988,1013.2,8.8,39,NA
2021-05-30 00:00:00,NA,1015.6,1.2,89,NA
2021-05-31 00:00:00,987.6,NA,NA,NA,NA
2021-05-31 12:00:00,986,1011,7.1,77,NA
2021-05-31 15:00:00,987.2,1012,12.7,64,NA
2021-05-31 18:00:00,986.2,1011.1,13.1,62,NA
2021-05-31 21:00:00,985.2,1010.1,11.5,76,NA
2021-06-01 00:00:00,NA,1009.3,11,81,NA
2021-06-02 00:00:00,980.6,NA,NA,NA,NA
2021-06-02 12:00:00,987.8,1013,4.7,91,NA
2021-06-02 15:00:00,989.7,1014.8,9.5,74,NA
2021-06-02 18:00:00,988.9,1014.1,11.3,55,NA
2021-06-02 21:00:00,989.7,1015,8.6,74,NA
2021-06-03 00:00:00,NA,1015.9,6.8,81,NA
2021-06-04 00:00:00,981.4,NA,NA,NA,NA
2021-06-04 12:00:00,984.5,1009.1,7.9,94,NA
2021-06-04 15:00:00,986,1010.6,13.2,83,NA
2021-06-04 18:00:00,984.4,1008.9,15.7,72,NA
2021-06-04 21:00:00,985.4,1010.3,11.9,89,NA
2021-06-05 00:00:00,NA,1012,10.1,94,NA
2021-06-06 00:00:00,993.7,NA,NA,NA,NA
2021-06-06 12:00:00,996.5,1022.3,-0.3,86,NA
2021-06-06 18:00:00,996,1021.4,11.5,45,NA
2021-06-07 00:00:00,NA,1021.6,7.7,66,NA
2021-06-07 21:00:00,994.6,NA,NA,NA,NA
2021-06-08 00:00:00,995.3,NA,NA,NA,NA
2021-06-08 12:00:00,NA,1019.7,7.2,100,NA
2021-06-08 15:00:00,NA,1019.7,10.6,97,NA
2021-06-08 18:00:00,NA,1016.8,15,77,NA
2021-06-08 21:00:00,NA,1017,14.8,79,NA
2021-06-09 00:00:00,NA,1017.7,11.6,92,NA
2021-06-10 00:00:00,990.6,NA,NA,NA,NA
2021-06-10 12:00:00,992.2,1017.1,9.5,85,NA
2021-06-10 15:00:00,993.7,1018.6,11,56,NA
2021-06-10 18:00:00,993.3,1018.1,12.6,52,NA
2021-06-10 21:00:00,994.2,1019.3,9,67,NA
2021-06-11 00:00:00,NA,1020.7,2.9,88,NA
2021-06-12 00:00:00,988.5,NA,NA,NA,NA
2021-06-12 12:00:00,986.8,1011.7,9.4,79,NA
2021-06-12 18:00:00,986.1,1010.6,20.4,54,NA
2021-06-13 00:00:00,NA,1012,13.2,86,NA
2021-06-13 18:00:00,985.7,NA,NA,NA,NA
2021-06-14 00:00:00,988,NA,NA,NA,NA
2021-06-14 12:00:00,994.9,1019.9,8.5,99,NA
2021-06-14 15:00:00,996.2,1021.3,10.7,77,NA
2021-06-14 18:00:00,996.5,1021.6,11.3,52,NA
2021-06-14 21:00:00,999,1024.5,7,81,NA
2021-06-15 00:00:00,NA,1026.1,2.2,89,NA
2021-06-16 12:00:00,NA,1031.5,3.4,91,NA
2021-06-16 15:00:00,1006.4,1032.1,8.8,64,NA
2021-06-16 18:00:00,1005.8,1030.9,9.6,56,NA
2021-06-16 21:00:00,1005.2,1031.1,5.5,77,NA
2021-06-17 00:00:00,NA,1032.1,0.3,90,NA
2021-06-18 00:00:00,1004.4,NA,NA,NA,NA
2021-06-18 12:00:00,1004.2,1030.5,-3.5,95,NA
2021-06-18 15:00:00,1004.1,1030,6,66,NA
2021-06-18 18:00:00,1002.2,1028.2,6.6,74,NA
2021-06-18 21:00:00,1001.8,1027.9,5.6,77,NA
2021-06-19 00:00:00,NA,1028.7,4,84,NA
2021-06-20 00:00:00,999,NA,NA,NA,NA
2021-06-20 12:00:00,996.9,1022.4,5.9,72,NA
2021-06-20 18:00:00,995.7,1020.9,12.7,48,NA
2021-06-21 00:00:00,NA,1021.6,4,82,NA
2021-06-21 18:00:00,995,NA,NA,NA,NA
2021-06-22 00:00:00,995.7,NA,NA,NA,NA
2021-06-22 12:00:00,997.2,1022.6,7.3,99,NA
2021-06-22 15:00:00,NA,1023.6,8.2,95,NA
2021-06-22 18:00:00,NA,1021.5,10.6,77,NA
2021-06-22 21:00:00,NA,1020.9,9.7,80,NA
2021-06-23 00:00:00,NA,1020.4,6,94,NA
2021-06-24 00:00:00,988.5,NA,NA,NA,NA
2021-06-24 12:00:00,986.2,1011.2,5.6,99,NA
2021-06-24 15:00:00,985.6,1010.3,12.3,59,NA
2021-06-24 18:00:00,983.2,1007.9,15.5,36,NA
2021-06-24 21:00:00,983.6,1008.5,11.8,48,NA
2021-06-25 00:00:00,NA,1009.9,7.9,68,NA
2021-06-26 00:00:00,988.2,NA,NA,NA,NA
2021-06-26 12:00:00,NA,1016.6,5.2,94,NA
2021-06-26 18:00:00,NA,1017.6,9.8,67,NA
2021-06-27 00:00:00,NA,1019,5,94,NA
2021-06-28 12:00:00,NA,1020.6,3.9,89,NA
2021-06-28 15:00:00,NA,1021.9,6.6,93,NA
2021-06-28 18:00:00,NA,1020,7.5,78,NA
2021-06-28 21:00:00,NA,1022.3,5.6,88,NA
2021-06-29 00:00:00,NA,1023.8,4.7,93,NA
2021-06-30 00:00:00,1000.8,NA,NA,NA,NA
2021-06-30 12:00:00,998.6,1024.5,1.3,94,NA
2021-06-30 15:00:00,998.4,1024.2,7.3,75,NA
2021-06-30 18:00:00,996.1,1021.7,7.9,70,NA
2021-06-30 21:00:00,994.8,1020.4,6.6,81,NA
2021-07-01 00:00:00,NA,1020.4,6,85,NA
