2021-01-07 00:00:00,998,NA,NA,NA,NA
2021-01-07 09:00:00,997.4,1008.5,13.2,97,NA
2021-01-07 10:00:00,997.8,1008.9,14,97,NA
2021-01-07 11:00:00,997.8,1008.9,17,90,NA
2021-01-07 12:00:00,997.4,1008.5,19.5,77,NA
2021-01-07 13:00:00,997.3,1008.2,22.7,62,NA
2021-01-07 14:00:00,996.9,1007.6,25.1,47,NA
2021-01-07 15:00:00,996.2,1006.8,27.2,43,NA
2021-01-07 16:00:00,995.7,1006.3,29,41,NA
2021-01-07 17:00:00,995.2,1005.7,30.8,39,NA
2021-01-07 18:00:00,994.9,1005.3,31.8,35,NA
2021-01-07 19:00:00,994.5,1005.2,32.3,34,NA
2021-01-07 20:00:00,994.2,1004.9,32.5,35,NA
2021-01-07 21:00:00,994,1004.8,32,36,NA
2021-01-07 22:00:00,NA,1005.2,30.7,34,NA
2021-01-07 23:00:00,994.8,1005.6,27.8,40,NA
2021-01-08 00:00:00,NA,1006.4,26,48,NA
2021-01-09 00:00:00,1000.2,NA,NA,NA,NA
2021-01-09 09:00:00,1001,1012,15.6,94,NA
2021-01-09 10:00:00,1000.8,1011.8,16,94,NA
2021-01-09 11:00:00,1001.3,1012.3,17.8,90,NA
2021-01-09 12:00:00,1001.8,1012.9,20.7,72,NA
2021-01-09 13:00:00,1001.8,1012.7,22.5,68,NA
2021-01-09 14:00:00,1001.6,1012.4,24,60,NA
2021-01-09 15:00:00,1001.2,1011.9,25,57,NA
2021-01-09 16:00:00,1000.6,1011.3,26,56,NA
2021-01-09 17:00:00,999.6,1010.2,27.6,39,NA
2021-01-09 18:00:00,999,1009.6,28.4,39,NA
2021-01-09 19:00:00,998.5,1009.3,29,39,NA
2021-01-09 20:00:00,997.6,1008.4,29,42,NA
2021-01-09 21:00:00,997,1007.9,29.2,42,NA
2021-01-09 22:00:00,996.6,1007.6,29,46,NA
2021-01-09 23:00:00,996.9,1007.8,27.5,55,NA
2021-01-10 00:00:00,NA,1008.3,24.2,61,NA
2021-01-11 00:00:00,995.8,NA,NA,NA,NA
2021-01-11 09:00:00,NA,1006.7,17.6,92,NA
2021-01-11 10:00:00,996.6,1007.5,18,92,NA
2021-01-11 11:00:00,994,1005,17.6,92,NA
2021-01-11 12:00:00,996,1007.1,18,94,NA
2021-01-11 13:00:00,995.8,1006.7,19.4,87,NA
2021-01-11 14:00:00,996.2,1007.1,20,85,NA
2021-01-11 15:00:00,996.2,1007,21.8,72,NA
2021-01-11 16:00:00,996.6,1007.4,23.8,74,NA
2021-01-11 17:00:00,996.8,1007.5,25.6,59,NA
2021-01-11 18:00:00,997,1007.6,26.8,52,NA
2021-01-11 19:00:00,997.3,1008.1,27.2,37,NA
2021-01-11 20:00:00,997.6,1008.4,26.6,40,NA
2021-01-11 21:00:00,998.5,1009.4,25.8,36,NA
2021-01-11 22:00:00,999.8,1010.8,24,33,NA
2021-01-11 23:00:00,1001.4,1012.4,21.8,34,NA
2021-01-12 00:00:00,NA,1013.9,20,33,NA
2021-01-13 00:00:00,1006.9,NA,NA,NA,NA
2021-01-13 09:00:00,NA,1020.5,14.6,93,NA
2021-01-13 10:00:00,1010.2,1021.4,15.4,91,NA
2021-01-13 11:00:00,1010.6,1021.8,16,81,NA
2021-01-13 12:00:00,1010.9,1022,19.8,54,NA
2021-01-13 13:00:00,1011,1022,21.2,50,NA
2021-01-13 14:00:00,1010.8,1021.7,23.6,41,NA
2021-01-13 15:00:00,1010.5,1021.4,24.8,39,NA
2021-01-13 16:00:00,1010.5,1021.3,26,37,NA
2021-01-13 17:00:00,1010.1,1020.9,26.8,34,NA
2021-01-13 18:00:00,1009.8,1020.5,27.2,27,NA
2021-01-13 19:00:00,1008.6,1019.5,28.2,30,NA
2021-01-13 20:00:00,1008.2,1019.1,28.2,27,NA
2021-01-13 21:00:00,1007.8,1018.9,27.4,28,NA
2021-01-13 22:00:00,1007.7,1018.7,26.4,31,NA
2021-01-13 23:00:00,1008.2,1019.3,22.4,52,NA
2021-01-14 00:00:00,NA,1019.5,20.2,55,NA
2021-01-15 00:00:00,1000.6,NA,NA,NA,NA
2021-01-15 09:00:00,997.7,1008.6,17.4,99,NA
2021-01-15 10:00:00,998,1008.9,17.6,98,NA
2021-01-15 11:00:00,999,1009.9,18.4,94,NA
2021-01-15 12:00:00,999.4,1010.3,20.2,89,NA
2021-01-15 13:00:00,999.2,1010.1,21.4,86,NA
2021-01-15 15:00:00,998,1008.8,24,74,NA
2021-01-15 16:00:00,996.6,1007.3,24.8,72,NA
2021-01-15 17:00:00,996.6,1007.3,26.4,68,NA
2021-01-15 18:00:00,995.7,1006.3,27,66,NA
2021-01-15 19:00:00,995.3,1006,27.4,63,NA
2021-01-15 20:00:00,995,1005.7,27.8,62,NA
2021-01-15 21:00:00,994.1,1004.9,27.8,61,NA
2021-01-15 22:00:00,994,1004.8,27.8,58,NA
2021-01-15 23:00:00,994.2,1005.1,25.6,70,NA
2021-01-16 00:00:00,NA,1005.3,23.8,80,NA
2021-01-17 00:00:00,998.6,NA,NA,NA,NA
2021-01-17 09:00:00,999,1010.3,13,88,NA
2021-01-17 10:00:00,1000.1,1011.3,13.1,87,NA
2021-01-17 11:00:00,1000.9,1012.1,14.8,70,NA
2021-01-17 12:00:00,1001.2,1012.4,17.1,69,NA
2021-01-17 13:00:00,1001.2,1012.2,18.9,47,NA
2021-01-17 14:00:00,1001,1011.9,20.3,47,NA
2021-01-17 15:00:00,1001,1011.9,21,35,NA
2021-01-17 16:00:00,1000.6,1011.4,22.7,27,NA
2021-01-17 17:00:00,NA,1011,23.5,23,NA
2021-01-17 18:00:00,NA,1010.7,25.3,22,NA
2021-01-17 19:00:00,NA,1010.7,25.8,24,NA
2021-01-17 20:00:00,NA,1011,26.3,24,NA
2021-01-17 21:00:00,NA,1010.9,26,28,NA
2021-01-17 22:00:00,NA,1011.1,25,32,NA
2021-01-17 23:00:00,NA,1011.4,23,38,NA
2021-01-18 00:00:00,NA,1012.1,20.2,47,NA
2021-01-19 09:00:00,NA,1015.6,14.4,96,NA
2021-01-19 10:00:00,NA,1016.3,14.8,81,NA
2021-01-19 11:00:00,NA,1016.8,18.8,74,NA
2021-01-19 12:00:00,NA,1017,23.6,53,NA
2021-01-19 13:00:00,NA,1017,26.8,45,NA
2021-01-19 14:00:00,NA,1017.1,28,36,NA
2021-01-19 15:00:00,NA,1017.2,29.6,36,NA
2021-01-19 16:00:00,NA,1017,30.2,38,NA
2021-01-19 17:00:00,NA,1016.4,30.6,33,NA
2021-01-19 18:00:00,NA,1015.5,31,35,NA
2021-01-19 19:00:00,NA,1015.6,31.2,34,NA
2021-01-19 20:00:00,NA,1015.2,31,32,NA
2021-01-19 21:00:00,NA,1015.3,31,33,NA
2021-01-19 22:00:00,NA,1015,30,35,NA
2021-01-19 23:00:00,NA,1015.4,26.6,55,NA
2021-01-20 00:00:00,NA,1015.7,22.8,65,NA
2021-01-21 09:00:00,NA,1018.5,16.6,86,NA
2021-01-21 10:00:00,NA,1018.6,16.4,86,NA
2021-01-21 11:00:00,NA,1019.3,20.6,73,NA
2021-01-21 12:00:00,NA,1019.6,23.4,65,NA
2021-01-21 13:00:00,NA,1019.2,26.4,53,NA
2021-01-21 14:00:00,NA,1018.9,28.6,48,NA
2021-01-21 15:00:00,NA,1018.6,30.2,44,NA
2021-01-21 16:00:00,NA,1018.2,31.2,39,NA
2021-01-21 17:00:00,NA,1017.7,32,37,NA
2021-01-21 18:00:00,NA,1017.1,32.6,34,NA
2021-01-21 19:00:00,NA,1017.3,32.6,31,NA
2021-01-21 20:00:00,NA,1017,32.2,29,NA
2021-01-21 21:00:00,NA,1016.8,31.6,30,NA
2021-01-21 22:00:00,NA,1016.9,30.8,35,NA
2021-01-21 23:00:00,NA,1017,27.4,48,NA
2021-01-22 00:00:00,NA,1017.4,24.8,52,NA
2021-01-23 09:00:00,NA,1015.1,16.3,86,NA
2021-01-23 10:00:00,NA,1015.1,18,85,NA
2021-01-23 11:00:00,NA,1015.1,21.4,79,NA
2021-01-23 12:00:00,NA,1015,25,69,NA
2021-01-23 13:00:00,NA,1014.7,28.3,57,NA
2021-01-23 14:00:00,NA,1014.4,30.5,51,NA
2021-01-23 15:00:00,NA,1013.9,32,44,NA
2021-01-23 16:00:00,NA,1013.3,32.7,41,NA
2021-01-23 17:00:00,NA,1012.4,33.5,38,NA
2021-01-23 18:00:00,NA,1011.8,34,38,NA
2021-01-23 19:00:00,NA,1011.6,34.8,35,NA
2021-01-23 20:00:00,NA,1010.9,34,38,NA
2021-01-23 21:00:00,NA,1010.9,33.8,37,NA
2021-01-23 22:00:00,NA,1010.7,32.8,41,NA
2021-01-23 23:00:00,NA,1011,30,49,NA
2021-01-24 00:00:00,NA,1011.2,26.7,58,NA
2021-01-25 09:00:00,NA,1006.4,20,91,NA
2021-01-25 10:00:00,NA,1006.6,19,91,NA
2021-01-25 11:00:00,NA,1006.8,22.8,76,NA
2021-01-25 12:00:00,NA,1006.7,26.2,65,NA
2021-01-25 13:00:00,NA,1006,29,59,NA
2021-01-25 14:00:00,NA,1005.9,32,50,NA
2021-01-25 15:00:00,NA,1005.4,33,47,NA
2021-01-25 16:00:00,NA,1004.9,33.6,45,NA
2021-01-25 17:00:00,NA,1004.3,35,41,NA
2021-01-25 18:00:00,NA,1003.5,35.6,36,NA
2021-01-25 19:00:00,NA,1003,35.6,37,NA
2021-01-25 20:00:00,NA,1002.1,35,37,NA
2021-01-25 21:00:00,NA,1001.6,34.2,39,NA
2021-01-25 22:00:00,NA,1001.9,34.4,40,NA
2021-01-25 23:00:00,NA,1002.5,32.2,55,NA
2021-01-26 00:00:00,NA,1002.8,29.6,55,NA
2021-01-26 15:00:00,994.9,NA,25,76,NA
2021-01-26 16:00:00,994.1,NA,28.7,59,NA
2021-01-26 17:00:00,993.4,NA,29.8,48,NA
2021-01-26 18:00:00,993,NA,30.5,45,NA
2021-01-26 19:00:00,992.4,NA,31.5,46,NA
2021-01-26 20:00:00,992,NA,32,46,NA
2021-01-27 09:00:00,NA,1007.8,16,90,NA
2021-01-27 10:00:00,NA,1008.6,16.6,86,NA
2021-01-27 11:00:00,NA,1009.2,17.8,81,NA
2021-01-27 12:00:00,NA,1009,20.8,62,NA
2021-01-27 13:00:00,NA,1008.6,23.4,50,NA
2021-01-27 14:00:00,NA,1008.5,25.2,44,NA
2021-01-27 15:00:00,NA,1008.5,26,40,NA
2021-01-27 16:00:00,NA,1007.9,27.4,35,NA
2021-01-27 17:00:00,NA,1007.9,27.4,35,NA
2021-01-27 18:00:00,NA,1007.2,28.6,31,NA
2021-01-27 19:00:00,NA,1005.3,30.4,30,NA
2021-01-27 20:00:00,NA,1004.4,30.2,33,NA
2021-01-27 21:00:00,NA,1003.8,30,33,NA
2021-01-27 22:00:00,NA,1003.9,28.8,47,NA
2021-01-27 23:00:00,NA,1003.9,26.4,53,NA
2021-01-28 00:00:00,NA,1004.4,24.2,63,NA
2021-01-29 09:00:00,NA,1005.1,16.8,84,NA
2021-01-29 10:00:00,NA,1005.2,16,90,NA
2021-01-29 11:00:00,NA,1005.4,17.2,83,NA
2021-01-29 12:00:00,NA,1005.1,21.2,76,NA
2021-01-29 13:00:00,NA,1004.9,24.3,59,NA
2021-01-29 14:00:00,NA,1005.3,25.1,58,NA
2021-01-29 15:00:00,NA,1004.8,27.3,39,NA
2021-01-29 16:00:00,NA,1004.6,28.5,33,NA
2021-01-29 17:00:00,NA,1003.9,28.6,30,NA
2021-01-29 18:00:00,NA,1003.5,29.2,29,NA
2021-01-29 19:00:00,NA,1003.3,30,29,NA
2021-01-29 20:00:00,NA,1003.1,29.8,29,NA
2021-01-29 21:00:00,NA,1002.8,29.8,29,NA
2021-01-29 22:00:00,NA,1003.4,28.7,34,NA
2021-01-29 23:00:00,NA,1003.9,25.7,44,NA
2021-01-30 00:00:00,NA,1004.7,23,60,NA
2021-01-31 00:00:00,1005.2,NA,NA,NA,NA
2021-01-31 09:00:00,1008.5,1019.8,9,95,NA
2021-01-31 10:00:00,1008.9,1020.2,10,82,NA
2021-01-31 11:00:00,1008.8,1020.1,11.8,79,NA
2021-01-31 12:00:00,1009,1020.3,14.4,70,NA
2021-01-31 13:00:00,1008.8,1020,16.6,59,NA
2021-01-31 14:00:00,1008.4,1019.5,18.6,51,NA
2021-01-31 15:00:00,1007.4,1018.4,20,45,NA
2021-01-31 16:00:00,1007.2,1018.2,21.6,39,NA
2021-01-31 17:00:00,1006.6,1017.5,22.6,36,NA
2021-01-31 18:00:00,1006.2,1017,22.8,35,NA
2021-01-31 19:00:00,1005.3,1016.4,23.2,37,NA
2021-01-31 20:00:00,1005,1016.1,22.8,35,NA
2021-01-31 21:00:00,1004.5,1015.7,22.4,37,NA
2021-01-31 22:00:00,1004.2,1015.4,22.2,41,NA
2021-01-31 23:00:00,1004.6,1015.8,20.6,49,NA
2021-02-01 00:00:00,1005.2,1016.4,19.4,57,NA
2021-02-01 23:00:00,1003,NA,NA,NA,NA
2021-02-02 00:00:00,1003.4,NA,NA,NA,NA
2021-02-02 09:00:00,NA,1015.3,14,97,NA
2021-02-02 10:00:00,1004.4,1015.6,14.6,96,NA
2021-02-02 11:00:00,1004.9,1016.1,16,94,NA
2021-02-02 12:00:00,1005,1016.2,17.4,90,NA
2021-02-02 13:00:00,1005.4,1016.4,19.6,85,NA
2021-02-02 14:00:00,1005.4,1016.3,20.4,78,NA
2021-02-02 15:00:00,1005.3,1016.2,22.4,71,NA
2021-02-02 16:00:00,1005.6,1016.4,22,65,NA
2021-02-02 17:00:00,NA,1016.6,22.2,62,NA
2021-02-02 18:00:00,1005.3,1016.2,22.4,57,NA
2021-02-02 19:00:00,1004.2,1015.2,24.6,53,NA
2021-02-02 20:00:00,1004.2,1015.1,24.2,52,NA
2021-02-02 21:00:00,1004,1015.1,24,52,NA
2021-02-02 22:00:00,1004.2,1015.3,23.4,59,NA
2021-02-02 23:00:00,1004.6,1015.7,23,64,NA
2021-02-03 00:00:00,NA,1015.6,20.8,75,NA
2021-02-04 00:00:00,1004.6,NA,NA,NA,NA
2021-02-04 09:00:00,1007.4,1018.6,14.3,97,NA
2021-02-04 10:00:00,1008.2,1019.3,14.9,93,NA
2021-02-04 11:00:00,1008.6,1019.7,16.9,91,NA
2021-02-04 12:00:00,1009.2,1020.3,18.7,84,NA
2021-02-04 13:00:00,1009,1020,21.2,71,NA
2021-02-04 14:00:00,1009.2,1020.1,23.1,62,NA
2021-02-04 15:00:00,1009,1019.9,25,51,NA
2021-02-04 16:00:00,1009,1019.8,26.2,42,NA
2021-02-04 17:00:00,1008.4,1019.1,27,38,NA
2021-02-04 18:00:00,1008.1,1018.8,28,32,NA
2021-02-04 19:00:00,1007.6,1018.5,27.9,34,NA
2021-02-04 20:00:00,1007.3,1018.2,27.9,34,NA
2021-02-04 21:00:00,1007,1018,27.8,34,NA
2021-02-04 22:00:00,1006.8,1017.8,27,38,NA
2021-02-04 23:00:00,1006.6,1017.7,25,48,NA
2021-02-05 00:00:00,NA,1017.8,23,52,NA
2021-02-05 09:00:00,NA,1017,12.4,88,NA
2021-02-05 10:00:00,NA,1017,13,88,NA
2021-02-05 11:00:00,NA,1017.3,16.2,81,NA
2021-02-05 12:00:00,NA,1017.7,18.4,75,NA
2021-02-05 13:00:00,NA,1017.6,21.2,67,NA
2021-02-05 14:00:00,NA,1017.3,24,62,NA
2021-02-05 15:00:00,NA,1016.8,25.8,50,NA
2021-02-05 16:00:00,NA,1016.3,26.6,46,NA
2021-02-05 17:00:00,NA,1015.7,27.2,44,NA
2021-02-05 18:00:00,NA,1015.6,28,39,NA
2021-02-05 19:00:00,NA,1014.1,29.4,31,NA
2021-02-05 20:00:00,NA,1013.7,30,30,NA
2021-02-05 21:00:00,NA,1013.2,30,30,NA
2021-02-05 22:00:00,NA,1013.1,29,30,NA
2021-02-05 23:00:00,NA,1013,26.2,56,NA
2021-02-06 00:00:00,1002.1,1013.1,23.6,69,NA
2021-02-06 09:00:00,1002.2,NA,NA,NA,NA
2021-02-06 10:00:00,1002.6,NA,NA,NA,NA
2021-02-06 11:00:00,1003,NA,NA,NA,NA
2021-02-06 12:00:00,1004,NA,NA,NA,NA
2021-02-06 13:00:00,1004.2,NA,NA,NA,NA
2021-02-06 14:00:00,1004.2,NA,NA,NA,NA
2021-02-06 15:00:00,1003.8,NA,NA,NA,NA
2021-02-06 16:00:00,1003.7,NA,NA,NA,NA
2021-02-06 18:00:00,1002.6,NA,NA,NA,NA
2021-02-06 19:00:00,1002.1,NA,NA,NA,NA
2021-02-06 20:00:00,1001.4,NA,NA,NA,NA
2021-02-06 21:00:00,1000.9,NA,NA,NA,NA
2021-02-06 22:00:00,1000.6,NA,NA,NA,NA
2021-02-06 23:00:00,1000.6,NA,NA,NA,NA
2021-02-08 00:00:00,1005.7,NA,NA,NA,NA
2021-02-08 09:00:00,NA,1020,13.4,91,NA
2021-02-08 10:00:00,NA,1020.6,14,89,NA
2021-02-08 11:00:00,NA,1020.9,14.4,85,NA
2021-02-08 12:00:00,NA,1020.8,15.2,77,NA
2021-02-08 13:00:00,NA,1021,16,70,NA
2021-02-08 14:00:00,NA,1021.1,18.2,64,NA
2021-02-08 15:00:00,NA,1020.4,20.8,53,NA
2021-02-08 16:00:00,NA,1020.3,21.8,49,NA
2021-02-08 17:00:00,NA,1020.1,22.6,47,NA
2021-02-08 18:00:00,NA,1019.9,23.4,40,NA
2021-02-08 19:00:00,NA,1019.2,23.4,36,NA
2021-02-08 20:00:00,NA,1019,23.2,47,NA
2021-02-08 21:00:00,NA,1019.1,21.8,58,NA
2021-02-08 22:00:00,NA,1019.7,21,60,NA
2021-02-08 23:00:00,NA,1020.1,20.2,65,NA
2021-02-09 00:00:00,NA,1020.5,19.2,67,NA
2021-02-10 09:00:00,NA,1021.1,14.7,94,NA
2021-02-10 10:00:00,NA,1021.9,14.1,97,NA
2021-02-10 11:00:00,NA,1022.2,15.5,94,NA
2021-02-10 12:00:00,NA,1022.5,18.1,88,NA
2021-02-10 13:00:00,NA,1022.3,21.2,73,NA
2021-02-10 14:00:00,NA,1021.5,22,66,NA
2021-02-10 15:00:00,NA,1021.1,24.7,56,NA
2021-02-10 16:00:00,NA,1020.4,24.8,56,NA
2021-02-10 17:00:00,NA,1019.8,24.8,56,NA
2021-02-10 18:00:00,NA,1019.4,25,48,NA
2021-02-10 19:00:00,NA,1018.8,26,49,NA
2021-02-10 20:00:00,NA,1017.9,25,48,NA
2021-02-10 21:00:00,NA,1017.9,25,48,NA
2021-02-10 22:00:00,NA,1017.3,23.5,56,NA
2021-02-10 23:00:00,1006.2,NA,21.1,66,NA
2021-02-11 00:00:00,1006.2,NA,20,73,NA
2021-02-11 10:00:00,1005.6,NA,17.8,95,NA
2021-02-11 11:00:00,1005.8,NA,18.6,93,NA
2021-02-11 12:00:00,1005.8,NA,19.4,90,NA
2021-02-11 13:00:00,1005.4,NA,22,79,NA
2021-02-11 14:00:00,1005.3,NA,22.2,74,NA
2021-02-11 15:00:00,1005,NA,22.8,69,NA
2021-02-11 16:00:00,1004.6,NA,24,66,NA
2021-02-11 17:00:00,1004,NA,24.6,59,NA
2021-02-11 18:00:00,1003.4,NA,25.4,55,NA
2021-02-11 19:00:00,1002,NA,27,54,NA
2021-02-11 20:00:00,1001.4,NA,26.8,53,NA
2021-02-11 21:00:00,1001.3,NA,25.8,54,NA
2021-02-11 22:00:00,1001.3,NA,25.2,61,NA
2021-02-11 23:00:00,1001.7,NA,23.2,76,NA
2021-02-12 09:00:00,NA,1013.8,17,96,NA
2021-02-12 10:00:00,NA,1014,17,96,NA
2021-02-12 11:00:00,NA,1014,18.6,94,NA
2021-02-12 12:00:00,NA,1014.3,20.4,92,NA
2021-02-12 13:00:00,NA,1014.2,22.6,83,NA
2021-02-12 14:00:00,NA,1013.7,23,80,NA
2021-02-12 15:00:00,NA,1013.3,23.6,77,NA
2021-02-12 16:00:00,NA,1013,24.6,73,NA
2021-02-12 17:00:00,NA,1012.1,26.6,62,NA
2021-02-12 18:00:00,NA,1011.2,26.4,61,NA
2021-02-12 19:00:00,NA,1010.6,26,62,NA
2021-02-12 20:00:00,NA,1010.1,28,55,NA
2021-02-12 21:00:00,NA,1009.9,27.4,56,NA
2021-02-12 22:00:00,NA,1010.8,24.4,68,NA
2021-02-12 23:00:00,NA,1011.4,19.4,91,NA
2021-02-13 00:00:00,1000,NA,20,96,NA
2021-02-13 09:00:00,999.4,NA,17,100,NA
2021-02-13 10:00:00,999.7,NA,18,100,NA
2021-02-13 11:00:00,999.8,NA,19,99,NA
2021-02-13 12:00:00,1000,NA,20,98,NA
2021-02-13 13:00:00,999.8,NA,21,90,NA
2021-02-13 14:00:00,999.7,NA,22.5,86,NA
2021-02-13 15:00:00,999.2,NA,24,71,NA
2021-02-13 16:00:00,998.6,NA,24.8,69,NA
2021-02-13 17:00:00,997.4,NA,25.6,64,NA
2021-02-13 18:00:00,996.4,NA,26.1,61,NA
2021-02-13 19:00:00,995.6,NA,27.1,55,NA
2021-02-13 20:00:00,994.6,NA,27.2,55,NA
2021-02-13 21:00:00,995.2,NA,25.5,65,NA
2021-02-13 22:00:00,996.2,NA,19,91,NA
2021-02-13 23:00:00,995.3,NA,18.6,93,NA
2021-02-14 09:00:00,NA,1006.3,16.6,100,NA
2021-02-14 10:00:00,NA,1006.2,17,100,NA
2021-02-14 11:00:00,NA,1007,18.4,98,NA
2021-02-14 12:00:00,NA,1006.9,19.4,96,NA
2021-02-14 13:00:00,NA,1006.7,22,87,NA
2021-02-14 14:00:00,NA,1006.5,24.2,78,NA
2021-02-14 15:00:00,NA,1006.3,25.8,68,NA
2021-02-14 16:00:00,NA,1006,27.4,63,NA
2021-02-14 17:00:00,NA,1005.8,28,61,NA
2021-02-14 18:00:00,NA,1005.4,28.6,57,NA
2021-02-14 19:00:00,NA,1005.3,28.6,54,NA
2021-02-14 20:00:00,NA,1004.4,28.8,51,NA
2021-02-14 21:00:00,NA,1004.5,29,52,NA
2021-02-14 22:00:00,NA,1006.5,21.6,69,NA
2021-02-14 23:00:00,NA,1008.6,19.2,83,NA
2021-02-15 00:00:00,996.6,NA,18,88,NA
2021-02-15 09:00:00,1000.6,NA,17.6,92,NA
2021-02-15 10:00:00,1000.9,NA,17,95,NA
2021-02-15 11:00:00,1001.4,NA,18.6,90,NA
2021-02-15 12:00:00,1001.8,NA,20,87,NA
2021-02-15 13:00:00,1002.5,NA,20.2,87,NA
2021-02-15 14:00:00,1002.8,NA,21,80,NA
2021-02-15 15:00:00,1002.6,NA,22.4,74,NA
2021-02-15 16:00:00,1002.6,NA,23.4,68,NA
2021-02-15 17:00:00,1002.2,NA,24.4,63,NA
2021-02-15 18:00:00,1002.2,NA,29.4,35,NA
2021-02-15 19:00:00,1001.4,NA,24.6,61,NA
2021-02-15 20:00:00,1000.8,NA,24,59,NA
2021-02-15 21:00:00,1000.5,NA,24.4,52,NA
2021-02-15 22:00:00,1000.4,NA,23,53,NA
2021-02-15 23:00:00,1000.9,NA,20.6,65,NA
2021-02-16 09:00:00,NA,1012.8,12.3,96,NA
2021-02-16 10:00:00,NA,1013.1,12,99,NA
2021-02-16 11:00:00,NA,1013.3,13.2,92,NA
2021-02-16 12:00:00,NA,1013.5,15.7,81,NA
2021-02-16 13:00:00,NA,1013.5,18.1,73,NA
2021-02-16 14:00:00,NA,1013.4,19.3,64,NA
2021-02-16 15:00:00,NA,1013.1,20.6,58,NA
2021-02-16 16:00:00,NA,1012.7,22,51,NA
2021-02-16 17:00:00,NA,1012.2,22.8,46,NA
2021-02-16 18:00:00,NA,1011.4,24,40,NA
2021-02-16 19:00:00,NA,1010.7,25,35,NA
2021-02-16 20:00:00,NA,1010.2,25.2,34,NA
2021-02-16 21:00:00,NA,1009.6,25,35,NA
2021-02-16 22:00:00,NA,1009.7,24,40,NA
2021-02-16 23:00:00,NA,1010,21.3,52,NA
2021-02-17 00:00:00,999.2,NA,19,63,NA
2021-02-17 10:00:00,1000.4,NA,10.2,92,NA
2021-02-17 11:00:00,1000.6,NA,13.2,88,NA
2021-02-17 12:00:00,1001,NA,17.4,78,NA
2021-02-17 13:00:00,1000.8,NA,19.2,75,NA
2021-02-17 14:00:00,1000.9,NA,21.8,49,NA
2021-02-17 15:00:00,1000.4,NA,24,43,NA
2021-02-17 16:00:00,1000.1,NA,25.4,38,NA
2021-02-17 17:00:00,1000,NA,26.2,36,NA
2021-02-17 18:00:00,999.6,NA,27,34,NA
2021-02-17 19:00:00,998,NA,29.2,28,NA
2021-02-17 20:00:00,997.6,NA,29.8,23,NA
2021-02-17 21:00:00,997.3,NA,29.6,28,NA
2021-02-17 22:00:00,997,NA,28.4,44,NA
2021-02-17 23:00:00,997,NA,22.8,69,NA
2021-02-18 09:00:00,NA,1008.5,15,85,NA
2021-02-18 10:00:00,NA,1008.6,14.6,85,NA
2021-02-18 11:00:00,NA,1008.8,17.2,84,NA
2021-02-18 12:00:00,NA,1009.2,21,72,NA
2021-02-18 13:00:00,NA,1008.9,24,66,NA
2021-02-18 14:00:00,NA,1008.9,27.4,53,NA
2021-02-18 15:00:00,NA,1008.3,28,52,NA
2021-02-18 16:00:00,NA,1007.5,29.6,47,NA
2021-02-18 17:00:00,NA,1007.4,30.4,42,NA
2021-02-18 18:00:00,NA,1006.7,31,40,NA
2021-02-18 19:00:00,NA,1006.4,31,40,NA
2021-02-18 20:00:00,NA,1005.9,31.4,38,NA
2021-02-18 21:00:00,NA,1006,31.2,34,NA
2021-02-18 22:00:00,NA,1006.1,29.6,42,NA
2021-02-18 23:00:00,995.2,NA,27,59,NA
2021-02-19 00:00:00,995.4,NA,24.4,60,NA
2021-02-19 09:00:00,999,NA,18,98,NA
2021-02-19 11:00:00,1001.3,NA,18,69,NA
2021-02-19 12:00:00,1002.2,NA,19,61,NA
2021-02-19 13:00:00,1002.6,NA,19.2,59,NA
2021-02-19 14:00:00,1003.4,NA,19.7,42,NA
2021-02-19 15:00:00,1004,NA,21,39,NA
2021-02-19 16:00:00,1003.8,NA,21.7,26,NA
2021-02-19 17:00:00,1004,NA,22.2,23,NA
2021-02-19 18:00:00,1004.2,NA,22.7,20,NA
2021-02-19 19:00:00,1003.8,NA,23,18,NA
2021-02-19 20:00:00,1003.6,NA,22.6,20,NA
2021-02-19 21:00:00,1003.8,NA,22,20,NA
2021-02-19 22:00:00,1003.8,NA,21,21,NA
2021-02-19 23:00:00,1004.2,NA,17.1,36,NA
2021-02-20 09:00:00,NA,1017.2,5.8,91,NA
2021-02-20 10:00:00,NA,1017.5,6.2,76,NA
2021-02-20 11:00:00,NA,1018.1,9.6,69,NA
2021-02-20 12:00:00,NA,1018.1,16.4,47,NA
2021-02-20 13:00:00,NA,1017.7,19.6,40,NA
2021-02-20 14:00:00,NA,1017.9,22,23,NA
2021-02-20 15:00:00,NA,1017.5,23.2,22,NA
2021-02-20 16:00:00,NA,1016.6,24,22,NA
2021-02-20 17:00:00,NA,1016.2,24.6,21,NA
2021-02-20 18:00:00,NA,1015.8,25.4,20,NA
2021-02-20 19:00:00,NA,1014.5,26,20,NA
2021-02-20 20:00:00,NA,1014,26.2,18,NA
2021-02-20 21:00:00,NA,1013.7,25.6,19,NA
2021-02-20 22:00:00,NA,1013.4,23.4,29,NA
2021-02-20 23:00:00,NA,1013.5,18.8,60,NA
2021-02-21 00:00:00,1002.4,NA,15.8,71,NA
2021-02-21 09:00:00,1002.4,NA,12,76,NA
2021-02-21 10:00:00,1002.6,NA,11.2,85,NA
2021-02-21 11:00:00,1003,NA,14.2,82,NA
2021-02-21 12:00:00,1003,NA,19,59,NA
2021-02-21 13:00:00,1002.9,NA,22.6,47,NA
2021-02-21 14:00:00,1002.6,NA,25.6,42,NA
2021-02-21 15:00:00,1002,NA,27.4,44,NA
2021-02-21 16:00:00,1001.4,NA,28.2,47,NA
2021-02-21 17:00:00,1000.6,NA,29.8,47,NA
2021-02-21 18:00:00,999.6,NA,30.4,46,NA
2021-02-21 19:00:00,998.6,NA,31,43,NA
2021-02-21 20:00:00,997.6,NA,30,46,NA
2021-02-21 21:00:00,997,NA,30.6,43,NA
2021-02-21 22:00:00,996.8,NA,29.8,44,NA
2021-02-21 23:00:00,996.6,NA,25.4,67,NA
2021-02-22 09:00:00,NA,1009.3,17,94,NA
2021-02-22 10:00:00,NA,1009.2,17.7,93,NA
2021-02-22 11:00:00,NA,1009,18.1,97,NA
2021-02-22 12:00:00,NA,1010,19.7,88,NA
2021-02-22 13:00:00,NA,1010.7,20.7,87,NA
2021-02-22 14:00:00,NA,1010.9,22.3,81,NA
2021-02-22 15:00:00,NA,1010.6,24,71,NA
2021-02-22 16:00:00,NA,1010.3,25,69,NA
2021-02-22 17:00:00,NA,1010.1,26.5,59,NA
2021-02-22 18:00:00,NA,1009.9,27.7,59,NA
2021-02-22 19:00:00,NA,1009.7,28,57,NA
2021-02-22 20:00:00,NA,1009.6,27.3,56,NA
2021-02-22 21:00:00,NA,1009.9,26.3,60,NA
2021-02-22 22:00:00,NA,1010.1,25.3,59,NA
2021-02-22 23:00:00,NA,1010.6,22.2,65,NA
2021-02-23 00:00:00,999.8,NA,21,65,NA
2021-02-23 09:00:00,1003.4,NA,12.2,97,NA
2021-02-23 10:00:00,1003.4,NA,12.4,96,NA
2021-02-23 11:00:00,1003.6,NA,14.6,89,NA
2021-02-23 12:00:00,1004,NA,17.8,76,NA
2021-02-23 13:00:00,1004.6,NA,20.4,69,NA
2021-02-23 14:00:00,1004.9,NA,23,62,NA
2021-02-23 15:00:00,1004.6,NA,25.6,52,NA
2021-02-23 16:00:00,1004.2,NA,26.5,42,NA
2021-02-23 17:00:00,1003.8,NA,28,37,NA
2021-02-23 18:00:00,1003.6,NA,28.8,25,NA
2021-02-23 19:00:00,1003.2,NA,28.8,27,NA
2021-02-23 20:00:00,1002.6,NA,29.2,28,NA
2021-02-23 21:00:00,1002.6,NA,28.4,32,NA
2021-02-23 22:00:00,1002.9,NA,28,35,NA
2021-02-23 23:00:00,1002.9,NA,21.6,64,NA
2021-02-24 09:00:00,NA,1016,11.6,95,NA
2021-02-24 10:00:00,NA,1016.4,11.3,95,NA
2021-02-24 11:00:00,NA,1017,13,91,NA
2021-02-24 12:00:00,NA,1017,16.6,81,NA
2021-02-24 13:00:00,NA,1016.9,19,71,NA
2021-02-24 14:00:00,NA,1016.8,20.8,63,NA
2021-02-24 15:00:00,NA,1016.3,23.5,59,NA
2021-02-24 16:00:00,NA,1015.3,25.8,55,NA
2021-02-24 17:00:00,NA,1014.7,26.6,50,NA
2021-02-24 18:00:00,NA,1013.9,28.6,41,NA
2021-02-24 19:00:00,NA,1013.3,28.9,41,NA
2021-02-24 20:00:00,NA,1012.6,29.4,37,NA
2021-02-24 21:00:00,NA,1012.3,29.2,37,NA
2021-02-24 22:00:00,NA,1012.4,28.5,39,NA
2021-02-24 23:00:00,NA,1012.6,25,63,NA
2021-02-25 00:00:00,1001.8,NA,22,68,NA
2021-02-25 10:00:00,1003.4,NA,15,85,NA
2021-02-25 11:00:00,1004,NA,17.6,78,NA
2021-02-25 12:00:00,1004.2,NA,20.4,69,NA
2021-02-25 13:00:00,1004.5,NA,25,55,NA
2021-02-25 14:00:00,1004.6,NA,27.8,45,NA
2021-02-25 15:00:00,1004.5,NA,29,43,NA
2021-02-25 16:00:00,1003.8,NA,30.4,39,NA
2021-02-25 17:00:00,1003,NA,31,38,NA
2021-02-25 18:00:00,1003,NA,31.6,35,NA
2021-02-25 19:00:00,1001.8,NA,32,32,NA
2021-02-25 20:00:00,1001,NA,31.4,33,NA
2021-02-25 21:00:00,1000.9,NA,30.2,35,NA
2021-02-25 22:00:00,1000.6,NA,28.2,46,NA
2021-02-25 23:00:00,1000.9,NA,24,67,NA
2021-02-26 09:00:00,NA,1013.2,15,87,NA
2021-02-26 10:00:00,NA,1013.3,14.6,89,NA
2021-02-26 11:00:00,NA,1014,17,86,NA
2021-02-26 12:00:00,NA,1014.2,20.4,76,NA
2021-02-26 13:00:00,NA,1014.2,24.6,61,NA
2021-02-26 14:00:00,NA,1014,28.2,49,NA
2021-02-26 15:00:00,NA,1013.6,30,41,NA
2021-02-26 16:00:00,NA,1013,30.6,35,NA
2021-02-26 17:00:00,NA,1012.6,31.6,37,NA
2021-02-26 18:00:00,NA,1011.9,32,34,NA
2021-02-26 19:00:00,NA,1011.2,32,30,NA
2021-02-26 20:00:00,NA,1011.4,30.8,33,NA
2021-02-26 21:00:00,NA,1012.1,28.4,43,NA
2021-02-26 22:00:00,NA,1013,26.8,51,NA
2021-02-26 23:00:00,1003,NA,25,55,NA
2021-02-27 00:00:00,1004.2,NA,23.2,64,NA
2021-02-27 09:00:00,1006.6,NA,16.9,95,NA
2021-02-27 10:00:00,1007.3,NA,17.2,89,NA
2021-02-27 11:00:00,1007.8,NA,19,83,NA
2021-02-27 12:00:00,1008.2,NA,22.7,72,NA
2021-02-27 13:00:00,1008.2,NA,25.2,60,NA
2021-02-27 15:00:00,1008.1,NA,28.6,54,NA
2021-02-27 16:00:00,1007.4,NA,29.1,48,NA
2021-02-27 18:00:00,1006,NA,30.3,42,NA
2021-02-27 19:00:00,1005.4,NA,31,39,NA
2021-02-27 20:00:00,1005,NA,30.2,40,NA
2021-02-27 21:00:00,1005,NA,29,42,NA
2021-02-27 22:00:00,1005,NA,28,45,NA
2021-02-27 23:00:00,1005.4,NA,25,51,NA
2021-02-28 09:00:00,NA,1016.3,19.1,97,NA
2021-02-28 10:00:00,NA,1016.4,18.8,96,NA
2021-02-28 11:00:00,NA,1016.6,20.2,92,NA
2021-02-28 12:00:00,NA,1016.3,22,83,NA
2021-02-28 13:00:00,NA,1016.5,25.2,76,NA
2021-02-28 14:00:00,NA,1016.3,26.8,66,NA
2021-02-28 15:00:00,NA,1015.7,27,67,NA
2021-02-28 16:00:00,NA,1014.8,29.2,56,NA
2021-02-28 17:00:00,NA,1014.4,29.4,57,NA
2021-02-28 18:00:00,NA,1013.6,29.2,59,NA
2021-02-28 19:00:00,NA,1013.3,29,58,NA
2021-02-28 20:00:00,NA,1012.5,28.2,64,NA
2021-02-28 21:00:00,NA,1012.8,27.8,64,NA
2021-02-28 22:00:00,NA,1012.9,26.6,67,NA
2021-02-28 23:00:00,NA,1013.2,24.5,79,NA
2021-03-01 00:00:00,NA,1013.9,24,86,NA
2021-03-02 09:00:00,NA,1014.4,18.4,98,NA
2021-03-02 10:00:00,NA,1014.4,18.8,98,NA
2021-03-02 11:00:00,NA,1014.9,19.6,98,NA
2021-03-02 12:00:00,NA,1015.3,20.4,100,NA
2021-03-02 13:00:00,NA,1015.3,21.8,98,NA
2021-03-02 14:00:00,NA,1015.5,25.6,79,NA
2021-03-02 15:00:00,NA,1014.8,26.4,75,NA
2021-03-02 16:00:00,NA,1014.3,29,59,NA
2021-03-02 17:00:00,NA,1014,29.8,51,NA
2021-03-02 18:00:00,1003,1013.5,30,49,NA
2021-03-02 19:00:00,1002.4,1013.1,29.4,47,NA
2021-03-02 20:00:00,1002,1012.8,29.4,53,NA
2021-03-02 21:00:00,1002,1012.9,29,53,NA
2021-03-02 22:00:00,1002.2,1013.1,27.4,57,NA
2021-03-02 23:00:00,1002.6,1013.6,24.6,69,NA
2021-03-03 00:00:00,NA,1014.2,23.8,82,NA
2021-03-04 00:00:00,1003.6,NA,NA,NA,NA
2021-03-04 09:00:00,1003.7,1014.5,20.5,98,NA
2021-03-04 10:00:00,1003.4,1014.4,20.4,99,NA
2021-03-04 11:00:00,1003.6,1014.5,20.6,99,NA
2021-03-04 12:00:00,NA,1014.9,21,99,NA
2021-03-04 13:00:00,1004.2,1015.1,21.5,98,NA
2021-03-04 14:00:00,1004.5,1015.4,23.6,82,NA
2021-03-04 15:00:00,1004.5,1015.3,26,71,NA
2021-03-04 16:00:00,1004.1,1014.8,26.7,68,NA
2021-03-04 17:00:00,1003.2,1013.9,29,58,NA
2021-03-04 18:00:00,1002.5,1013.1,29.6,52,NA
2021-03-04 19:00:00,1001.4,1012.1,30.1,51,NA
2021-03-04 20:00:00,1001,1011.7,30.6,47,NA
2021-03-04 21:00:00,1001,1011.8,30.6,48,NA
2021-03-04 22:00:00,1001.2,1012.1,27.5,51,NA
2021-03-04 23:00:00,1001.8,1012.7,24.8,60,NA
2021-03-05 00:00:00,NA,1013.3,22.9,68,NA
2021-03-06 00:00:00,1001.8,NA,NA,NA,NA
2021-03-06 09:00:00,1002.8,1013.8,14.2,89,NA
2021-03-06 10:00:00,1003,1014.1,13.4,96,NA
2021-03-06 11:00:00,1003.4,1014.7,11.6,95,NA
2021-03-06 12:00:00,1003.7,1014.9,14.4,85,NA
2021-03-06 13:00:00,1003.8,1014.9,17.8,71,NA
2021-03-06 14:00:00,1003.7,1014.7,20.6,65,NA
2021-03-06 15:00:00,1003.3,1014.2,23.4,57,NA
2021-03-06 16:00:00,1002.5,1013.3,24.8,49,NA
2021-03-06 17:00:00,1001.8,1012.5,25.8,46,NA
2021-03-06 18:00:00,1001.7,1012.4,27.4,41,NA
2021-03-06 19:00:00,1000.9,1011.8,27.8,37,NA
2021-03-06 20:00:00,1000.4,1011.2,28.2,38,NA
2021-03-06 21:00:00,1000,1011,27.6,40,NA
2021-03-06 22:00:00,1000.2,1011.2,25.6,48,NA
2021-03-06 23:00:00,1000.2,1011.3,21,65,NA
2021-03-07 00:00:00,NA,1011.9,18,71,NA
2021-03-08 00:00:00,998.4,NA,NA,NA,NA
2021-03-08 09:00:00,1002.2,1013,18.8,94,NA
2021-03-08 10:00:00,1003.3,1014.2,18,93,NA
2021-03-08 11:00:00,1004,1015,19.1,85,NA
2021-03-08 12:00:00,1004.8,1015.8,20,81,NA
2021-03-08 13:00:00,1005.6,1016.5,21.5,72,NA
2021-03-08 14:00:00,1006.2,1017.1,22.6,64,NA
2021-03-08 15:00:00,1006.9,1017.8,24.8,54,NA
2021-03-08 16:00:00,1006.6,1017.4,25.7,47,NA
2021-03-08 17:00:00,1006.2,1016.9,26.4,42,NA
2021-03-08 18:00:00,1006,1016.7,27.8,39,NA
2021-03-08 19:00:00,1005.7,1016.5,27.3,38,NA
2021-03-08 20:00:00,1005.4,1016.2,27.4,38,NA
2021-03-08 21:00:00,1005.2,1016.1,26.6,39,NA
2021-03-08 22:00:00,1005.6,1016.6,24.5,43,NA
2021-03-08 23:00:00,1006,1017,22.7,44,NA
2021-03-09 00:00:00,NA,1017.7,20,58,NA
2021-03-10 00:00:00,1003.2,NA,NA,NA,NA
2021-03-10 09:00:00,1002,1013,13.8,96,NA
2021-03-10 10:00:00,1002.2,1013.3,13.6,93,NA
2021-03-10 11:00:00,1002.6,1013.7,14.4,93,NA
2021-03-10 12:00:00,1002.2,1013.3,17.2,86,NA
2021-03-10 13:00:00,1001.8,1012.8,21.2,72,NA
2021-03-10 14:00:00,1001.4,1012.2,24.8,57,NA
2021-03-10 15:00:00,1000.8,1011.5,27.2,48,NA
2021-03-10 16:00:00,NA,1009.9,29.2,43,NA
2021-03-10 17:00:00,998.2,1008.7,30.6,40,NA
2021-03-10 18:00:00,997.6,1008.1,31,38,NA
2021-03-10 19:00:00,996.8,1007.6,31.2,35,NA
2021-03-10 20:00:00,996.2,1006.9,31.2,34,NA
2021-03-10 21:00:00,996.1,1007,30.4,36,NA
2021-03-10 22:00:00,996.4,1007.3,26.8,50,NA
2021-03-10 23:00:00,996.2,1007.3,22,61,NA
2021-03-11 00:00:00,NA,1007.5,19.2,72,NA
2021-03-12 00:00:00,1002.2,NA,NA,NA,NA
2021-03-12 09:00:00,1004.2,1015.4,9.6,94,NA
2021-03-12 10:00:00,1004.6,1015.7,9.8,91,NA
2021-03-12 11:00:00,1005,1016.3,11.5,88,NA
2021-03-12 12:00:00,1005.8,1017,15.2,81,NA
2021-03-12 13:00:00,1005.6,1016.7,19.3,69,NA
2021-03-12 14:00:00,1006,1017,20.8,59,NA
2021-03-12 15:00:00,1005.4,1016.3,23.6,52,NA
2021-03-12 16:00:00,1004.6,1015.4,25.3,47,NA
2021-03-12 17:00:00,1004.5,1015.2,27.9,37,NA
2021-03-12 18:00:00,1004.2,1014.8,29.4,34,NA
2021-03-12 19:00:00,1003.6,1014.5,29.2,32,NA
2021-03-12 20:00:00,1003,1013.9,28.7,30,NA
2021-03-12 21:00:00,1003,1014.2,28.3,31,NA
2021-03-12 22:00:00,1003.4,1014.6,26.8,37,NA
2021-03-12 23:00:00,1003.4,1014.7,21.8,54,NA
2021-03-13 00:00:00,NA,1015,19,65,NA
2021-03-14 09:00:00,NA,1016.4,13,91,NA
2021-03-14 10:00:00,NA,1016.9,13.4,88,NA
2021-03-14 11:00:00,NA,1017.4,15,77,NA
2021-03-14 12:00:00,NA,1017.9,17.2,73,NA
2021-03-14 13:00:00,NA,1019.3,19.4,59,NA
2021-03-14 14:00:00,NA,1019.1,21,50,NA
2021-03-14 15:00:00,NA,1019.1,22.6,55,NA
2021-03-14 16:00:00,NA,1019.1,23.4,42,NA
2021-03-14 17:00:00,NA,1019.1,24.2,39,NA
2021-03-14 18:00:00,NA,1018.9,25,38,NA
2021-03-14 19:00:00,NA,1018.4,24.6,46,NA
2021-03-14 20:00:00,NA,1017.5,24.2,49,NA
2021-03-14 21:00:00,NA,1017.2,22.8,58,NA
2021-03-14 22:00:00,NA,1016.9,22.2,60,NA
2021-03-14 23:00:00,NA,1016.8,20,71,NA
2021-03-15 00:00:00,NA,1017.1,20,71,NA
2021-03-15 12:00:00,1004,NA,20.4,66,NA
2021-03-15 13:00:00,1003.8,NA,24,49,NA
2021-03-15 14:00:00,1004.2,NA,25.2,42,NA
2021-03-15 15:00:00,1004,NA,26.2,42,NA
2021-03-15 16:00:00,1003.4,NA,26.2,40,NA
2021-03-15 17:00:00,1002.6,NA,27.2,40,NA
2021-03-15 18:00:00,1002.6,NA,26.6,41,NA
2021-03-16 09:00:00,NA,1010.4,17.1,99,NA
2021-03-16 10:00:00,NA,1010.6,16.9,100,NA
2021-03-16 11:00:00,NA,1010.7,16.7,100,NA
2021-03-16 12:00:00,NA,1010.7,16.7,100,NA
2021-03-16 13:00:00,NA,1010.3,17.1,99,NA
2021-03-16 14:00:00,NA,1010,18,99,NA
2021-03-16 15:00:00,NA,1009.1,18.6,99,NA
2021-03-16 16:00:00,NA,1008.1,18.8,99,NA
2021-03-16 17:00:00,NA,1006.3,18.6,100,NA
2021-03-16 18:00:00,NA,1006.7,18.4,100,NA
2021-03-16 19:00:00,NA,1007.1,18,100,NA
2021-03-16 20:00:00,NA,1006.6,18,100,NA
2021-03-16 21:00:00,NA,1006.7,17.6,100,NA
2021-03-16 22:00:00,NA,1007.7,17.5,99,NA
2021-03-16 23:00:00,NA,1008,17.3,98,NA
2021-03-17 00:00:00,997.3,NA,17,98,NA
2021-03-17 09:00:00,1003.3,NA,15.5,88,NA
2021-03-17 10:00:00,1004.2,NA,15.4,89,NA
2021-03-17 11:00:00,1006.1,NA,14.6,82,NA
2021-03-17 12:00:00,1006.6,NA,15,78,NA
2021-03-18 09:00:00,NA,1021.9,6,93,NA
2021-03-18 10:00:00,NA,1022.1,5,89,NA
2021-03-18 11:00:00,NA,1022.4,6,88,NA
2021-03-18 12:00:00,NA,1022.9,9.5,83,NA
2021-03-18 13:00:00,NA,1022.7,12,77,NA
2021-03-18 14:00:00,NA,1022.5,14.9,59,NA
2021-03-18 15:00:00,NA,1021.7,15.2,52,NA
2021-03-18 16:00:00,NA,1021,16.5,49,NA
2021-03-18 17:00:00,NA,1019.7,17.1,49,NA
2021-03-18 18:00:00,NA,1019.6,17.1,49,NA
2021-03-18 19:00:00,NA,1019.7,16.5,49,NA
2021-03-18 20:00:00,NA,1018.9,16.1,51,NA
2021-03-18 21:00:00,NA,1019.2,16,52,NA
2021-03-18 22:00:00,NA,1019.4,14.8,55,NA
2021-03-18 23:00:00,NA,1018.8,13.4,68,NA
2021-03-19 00:00:00,1007.7,NA,12,76,NA
2021-03-19 10:00:00,1006.4,NA,7.4,99,NA
2021-03-19 11:00:00,1006.6,NA,8.8,94,NA
2021-03-19 12:00:00,1006.8,NA,12.2,85,NA
2021-03-19 13:00:00,1006.9,NA,15,70,NA
2021-03-19 14:00:00,1006.6,NA,16.6,64,NA
2021-03-19 15:00:00,1006.2,NA,19.4,55,NA
2021-03-19 16:00:00,1005.8,NA,19.8,51,NA
2021-03-19 17:00:00,1005.2,NA,20.4,48,NA
2021-03-19 18:00:00,1004.2,NA,21,48,NA
2021-03-19 19:00:00,1003,NA,20.4,64,NA
2021-03-19 20:00:00,1002.6,NA,20.4,58,NA
2021-03-19 21:00:00,1002.4,NA,20,56,NA
2021-03-19 22:00:00,1002.2,NA,17.8,67,NA
2021-03-19 23:00:00,1002.6,NA,17.6,70,NA
2021-03-20 09:00:00,NA,1013.5,15.2,98,NA
2021-03-20 10:00:00,NA,1014,15,98,NA
2021-03-20 11:00:00,NA,1014.9,15.2,96,NA
2021-03-20 12:00:00,NA,1014.3,16,94,NA
2021-03-20 13:00:00,NA,1015.2,16.8,94,NA
2021-03-20 14:00:00,NA,1015,17.8,90,NA
2021-03-20 15:00:00,NA,1014.8,18.2,88,NA
2021-03-20 16:00:00,NA,1015,19.4,78,NA
2021-03-20 17:00:00,NA,1014.9,20.2,73,NA
2021-03-20 18:00:00,NA,1014.7,20.4,71,NA
2021-03-20 19:00:00,NA,1014.7,22.6,62,NA
2021-03-20 20:00:00,NA,1014.8,22.6,62,NA
2021-03-20 21:00:00,NA,1015.2,22.8,53,NA
2021-03-20 22:00:00,NA,1015.6,21.2,62,NA
2021-03-20 23:00:00,NA,1016.1,18.4,73,NA
2021-03-21 00:00:00,1005.4,NA,17,75,NA
2021-03-21 09:00:00,1009.7,NA,10.2,97,NA
2021-03-21 10:00:00,1010.5,NA,9.8,96,NA
2021-03-21 11:00:00,1011.2,NA,11.5,94,NA
2021-03-21 12:00:00,1011.4,NA,13.4,82,NA
2021-03-21 13:00:00,1012,NA,15.6,73,NA
2021-03-21 14:00:00,1012.5,NA,18,71,NA
2021-03-21 15:00:00,1012.2,NA,19.6,68,NA
2021-03-21 16:00:00,1011.8,NA,21,61,NA
2021-03-21 17:00:00,1011.4,NA,21.8,55,NA
2021-03-21 18:00:00,1010.8,NA,22.6,48,NA
2021-03-21 20:00:00,1010.1,NA,23.5,42,NA
2021-03-21 21:00:00,1010.1,NA,22.7,46,NA
2021-03-21 22:00:00,1010.2,NA,20,60,NA
2021-03-21 23:00:00,1010.6,NA,18,65,NA
2021-03-22 09:00:00,NA,1022.6,9.4,95,NA
2021-03-22 10:00:00,NA,1022.8,8.8,97,NA
2021-03-22 11:00:00,NA,1023.1,9.9,94,NA
2021-03-22 12:00:00,NA,1023.5,13.2,88,NA
2021-03-22 13:00:00,NA,1023.9,15,83,NA
2021-03-22 14:00:00,NA,1023.4,18.2,77,NA
2021-03-22 15:00:00,NA,1023.1,20.2,66,NA
2021-03-22 16:00:00,NA,1022.2,21.4,61,NA
2021-03-22 17:00:00,NA,1021.7,21.5,51,NA
2021-03-22 18:00:00,NA,1020.7,21.5,53,NA
2021-03-22 19:00:00,NA,1020.1,22,54,NA
2021-03-22 20:00:00,NA,1019.7,22,58,NA
2021-03-22 21:00:00,NA,1019.6,21.4,59,NA
2021-03-22 22:00:00,NA,1019.8,20,66,NA
2021-03-22 23:00:00,NA,1019.6,18.6,70,NA
2021-03-23 00:00:00,1008.6,NA,17.4,74,NA
2021-03-23 09:00:00,1007,NA,10.2,97,NA
2021-03-23 10:00:00,1007.2,NA,11,93,NA
2021-03-23 11:00:00,1007,NA,11,93,NA
2021-03-23 12:00:00,1007,NA,15.7,92,NA
2021-03-23 13:00:00,1006.8,NA,18.9,86,NA
2021-03-23 14:00:00,1006.6,NA,22.2,71,NA
2021-03-23 15:00:00,1006.2,NA,24.9,49,NA
2021-03-23 16:00:00,1005.6,NA,25,48,NA
2021-03-23 17:00:00,1004.6,NA,26,43,NA
2021-03-23 18:00:00,1004,NA,26,43,NA
2021-03-23 19:00:00,1003.4,NA,26.8,44,NA
2021-03-23 20:00:00,1003,NA,26.3,47,NA
2021-03-23 21:00:00,1002.9,NA,25.8,48,NA
2021-03-23 22:00:00,1003,NA,22.8,56,NA
2021-03-23 23:00:00,1003,NA,19,63,NA
2021-03-24 09:00:00,NA,1015.4,12.4,96,NA
2021-03-24 10:00:00,NA,1015.7,12.2,96,NA
2021-03-24 11:00:00,NA,1016.3,13.4,96,NA
2021-03-24 12:00:00,NA,1016.2,17,92,NA
2021-03-24 13:00:00,NA,1016,20,81,NA
2021-03-24 14:00:00,NA,1015.9,24,66,NA
2021-03-24 15:00:00,NA,1015.4,25.6,55,NA
2021-03-24 16:00:00,NA,1014.9,27,50,NA
2021-03-24 17:00:00,NA,1014.5,27.8,47,NA
2021-03-24 18:00:00,NA,1014,28,46,NA
2021-03-24 19:00:00,NA,1013.1,28.2,44,NA
2021-03-24 20:00:00,NA,1012.6,27,53,NA
2021-03-24 21:00:00,NA,1012.5,26,57,NA
2021-03-24 22:00:00,NA,1013.3,23,81,NA
2021-03-24 23:00:00,NA,1013.9,21.2,89,NA
2021-03-25 00:00:00,1003,NA,20.8,90,NA
2021-03-25 09:00:00,1001.8,NA,18.6,93,NA
2021-03-25 10:00:00,1002.5,NA,18.8,93,NA
2021-03-25 11:00:00,1003.4,NA,18,92,NA
2021-03-25 12:00:00,1003.6,NA,16.8,93,NA
2021-03-25 13:00:00,1003.4,NA,17.6,89,NA
2021-03-25 14:00:00,1002.8,NA,19.8,79,NA
2021-03-25 15:00:00,1001.8,NA,20.2,79,NA
2021-03-25 16:00:00,1001.6,NA,22.6,69,NA
2021-03-25 17:00:00,1001.4,NA,23,69,NA
2021-03-25 18:00:00,1001.4,NA,23.2,70,NA
2021-03-25 19:00:00,1001.6,NA,22.6,71,NA
2021-03-25 20:00:00,1000.8,NA,22.8,71,NA
2021-03-25 21:00:00,1000.6,NA,23,71,NA
2021-03-25 22:00:00,1000.6,NA,21.4,79,NA
2021-03-25 23:00:00,1001,NA,20,81,NA
2021-03-26 09:00:00,NA,1011.6,17,100,NA
2021-03-26 10:00:00,NA,1012.3,16.8,100,NA
2021-03-26 11:00:00,NA,1012.7,17,100,NA
2021-03-26 12:00:00,NA,1013,17.2,100,NA
2021-03-26 13:00:00,NA,1013.6,17.3,100,NA
2021-03-26 14:00:00,NA,1013.9,17.2,100,NA
2021-03-26 15:00:00,NA,1013.9,17.2,98,NA
2021-03-26 16:00:00,NA,1013.5,17.6,95,NA
2021-03-26 17:00:00,NA,1013,18,95,NA
2021-03-26 18:00:00,NA,1012.7,18.3,94,NA
2021-03-26 19:00:00,NA,1012.7,18.6,93,NA
2021-03-26 20:00:00,NA,1012.7,18.2,93,NA
2021-03-26 21:00:00,NA,1013.1,17.7,95,NA
2021-03-26 22:00:00,NA,1013.7,17.2,96,NA
2021-03-26 23:00:00,NA,1014,17,96,NA
2021-03-27 00:00:00,1003.4,NA,16.8,96,NA
2021-03-27 09:00:00,1001.4,NA,15.1,98,NA
2021-03-27 10:00:00,1001.8,NA,14.9,98,NA
2021-03-27 11:00:00,1002.1,NA,15,96,NA
2021-03-27 12:00:00,1002.9,NA,15.2,99,NA
2021-03-27 13:00:00,1003.4,NA,15,100,NA
2021-03-27 14:00:00,1004,NA,14.8,98,NA
2021-03-27 15:00:00,1004.2,NA,15.6,98,NA
2021-03-27 16:00:00,1004.1,NA,15,98,NA
2021-03-27 17:00:00,1003.2,NA,14.6,98,NA
2021-03-27 18:00:00,1003.8,NA,16,93,NA
2021-03-27 19:00:00,1003.6,NA,16.6,93,NA
2021-03-27 20:00:00,1003.7,NA,16,95,NA
2021-03-27 21:00:00,1003.7,NA,16,93,NA
2021-03-27 22:00:00,1003.8,NA,16,95,NA
2021-03-27 23:00:00,1003.8,NA,15.8,95,NA
2021-03-28 09:00:00,NA,1015.2,14.9,93,NA
2021-03-28 10:00:00,NA,1015.6,14.9,93,NA
2021-03-28 11:00:00,NA,1015.9,15,91,NA
2021-03-28 12:00:00,NA,1016.3,15.2,96,NA
2021-03-28 13:00:00,NA,1016.5,16,93,NA
2021-03-28 14:00:00,NA,1016.9,16.7,93,NA
2021-03-28 15:00:00,NA,1016.5,18,90,NA
2021-03-28 16:00:00,NA,1016.2,19,84,NA
2021-03-28 17:00:00,NA,1015.9,18,90,NA
2021-03-28 18:00:00,NA,1015.5,19.8,83,NA
2021-03-28 19:00:00,NA,1015,20,83,NA
2021-03-28 20:00:00,NA,1014.8,21,81,NA
2021-03-28 21:00:00,NA,1014.8,20.8,84,NA
2021-03-28 22:00:00,NA,1015,19.2,91,NA
2021-03-28 23:00:00,1004.2,NA,18,89,NA
2021-03-29 00:00:00,1004.8,NA,18,89,NA
2021-03-29 09:00:00,1006.6,NA,12.2,100,NA
2021-03-29 10:00:00,1006.8,NA,11.6,100,NA
2021-03-29 11:00:00,1007.6,NA,12.4,97,NA
2021-03-29 12:00:00,1007.8,NA,14.6,98,NA
2021-03-29 13:00:00,1008.4,NA,17.4,89,NA
2021-03-29 14:00:00,1008.4,NA,19.6,77,NA
2021-03-29 15:00:00,1008.2,NA,21,68,NA
2021-03-29 16:00:00,1008.2,NA,22,61,NA
2021-03-29 17:00:00,1007.7,NA,23.2,53,NA
2021-03-29 18:00:00,1007.2,NA,23.4,46,NA
2021-03-29 19:00:00,1007,NA,23.4,44,NA
2021-03-29 20:00:00,1006.8,NA,23.4,43,NA
2021-03-29 21:00:00,1006.6,NA,22.2,43,NA
2021-03-29 22:00:00,1006.9,NA,20.8,53,NA
2021-03-29 23:00:00,1007.2,NA,18,62,NA
2021-03-30 09:00:00,NA,1019.1,10,100,NA
2021-03-30 10:00:00,NA,1019.4,9.6,100,NA
2021-03-30 11:00:00,NA,1019.8,9.2,97,NA
2021-03-30 12:00:00,NA,1020,13.8,91,NA
2021-03-30 13:00:00,NA,1020.1,18,71,NA
2021-03-30 14:00:00,NA,1019.9,20.6,60,NA
2021-03-30 15:00:00,NA,1019.7,23,45,NA
2021-03-30 16:00:00,NA,1019.3,23.6,43,NA
2021-03-30 17:00:00,NA,1018.9,24,42,NA
2021-03-30 18:00:00,NA,1018.6,24.4,39,NA
2021-03-30 19:00:00,NA,1018,25,38,NA
2021-03-30 20:00:00,NA,1017.6,24.4,39,NA
2021-03-30 21:00:00,NA,1017.7,23.6,45,NA
2021-03-30 22:00:00,NA,1017.9,19.8,59,NA
2021-03-30 23:00:00,NA,1018,17,74,NA
2021-03-31 00:00:00,1006.9,NA,15.6,87,NA
2021-03-31 09:00:00,1008.2,NA,9.7,97,NA
2021-03-31 10:00:00,1008.5,NA,9.5,98,NA
2021-03-31 11:00:00,1008.6,NA,9.6,98,NA
2021-03-31 17:00:00,1007.8,NA,22.8,52,NA
2021-03-31 18:00:00,1007,NA,22.6,52,NA
2021-03-31 19:00:00,1006.8,NA,23,49,NA
2021-03-31 20:00:00,1006.6,NA,22.1,53,NA
2021-03-31 21:00:00,1006.2,NA,21,56,NA
2021-03-31 22:00:00,1006.6,NA,19.5,64,NA
2021-03-31 23:00:00,1007,NA,16.6,77,NA
2021-04-01 09:00:00,NA,1019.2,10.2,97,NA
2021-04-01 10:00:00,NA,1019.6,9.6,99,NA
2021-04-01 11:00:00,NA,1020.1,11.4,97,NA
2021-04-01 12:00:00,NA,1020.3,14.8,91,NA
2021-04-01 13:00:00,NA,1020.5,18,82,NA
2021-04-01 14:00:00,NA,1020.1,19.6,71,NA
2021-04-01 15:00:00,NA,1019.8,22,53,NA
2021-04-01 16:00:00,NA,1019.5,21.4,53,NA
2021-04-01 17:00:00,NA,1018.9,21.6,50,NA
2021-04-01 18:00:00,NA,1017.9,22.2,48,NA
2021-04-01 19:00:00,NA,1017.7,22.6,47,NA
2021-04-01 20:00:00,NA,1017.5,22.2,53,NA
2021-04-01 21:00:00,NA,1017.6,22,60,NA
2021-04-01 22:00:00,NA,1018,18.8,72,NA
2021-04-01 23:00:00,NA,1018.3,16.8,82,NA
2021-04-02 00:00:00,1007.3,NA,15.7,86,NA
2021-04-02 09:00:00,1008.8,NA,13.8,96,NA
2021-04-02 10:00:00,1008.9,NA,14,95,NA
2021-04-02 11:00:00,1009.3,NA,14,95,NA
2021-04-02 12:00:00,1009.6,NA,15.7,94,NA
2021-04-02 13:00:00,1009.8,NA,18.5,82,NA
2021-04-02 14:00:00,1009.6,NA,20.9,67,NA
2021-04-02 15:00:00,1009.2,NA,25.5,42,NA
2021-04-02 16:00:00,1008.6,NA,24,45,NA
2021-04-02 17:00:00,1008.2,NA,24,45,NA
2021-04-02 18:00:00,1007.6,NA,23.9,45,NA
2021-04-02 19:00:00,1007,NA,24.7,46,NA
2021-04-02 20:00:00,1006.6,NA,24,46,NA
2021-04-02 21:00:00,1006.8,NA,23.5,47,NA
2021-04-02 22:00:00,1006.9,NA,20.3,54,NA
2021-04-02 23:00:00,1007.4,NA,18,62,NA
2021-04-03 09:00:00,NA,1019.2,12.4,97,NA
2021-04-03 10:00:00,NA,1019.5,12.2,97,NA
2021-04-03 11:00:00,NA,1019.8,13.6,97,NA
2021-04-03 12:00:00,NA,1020.2,15.2,98,NA
2021-04-03 13:00:00,NA,1020.6,18,87,NA
2021-04-03 14:00:00,NA,1020.3,22.2,69,NA
2021-04-03 15:00:00,NA,1019.7,24.4,58,NA
2021-04-03 16:00:00,NA,1019.2,24.8,54,NA
2021-04-03 17:00:00,NA,1018.9,25.2,51,NA
2021-04-03 18:00:00,NA,1018.4,25.6,47,NA
2021-04-03 19:00:00,NA,1017,25.4,46,NA
2021-04-03 20:00:00,NA,1016.8,25.8,48,NA
2021-04-03 21:00:00,NA,1017.1,24.4,54,NA
2021-04-03 22:00:00,NA,1017.2,21.6,64,NA
2021-04-03 23:00:00,NA,1017.8,19.8,69,NA
2021-04-04 00:00:00,1007,NA,18.6,71,NA
2021-04-04 09:00:00,1006.6,NA,12.6,97,NA
2021-04-04 10:00:00,1006.8,NA,12.8,97,NA
2021-04-04 11:00:00,1007.2,NA,14.6,98,NA
2021-04-04 12:00:00,1007.6,NA,16.2,95,NA
2021-04-04 13:00:00,1007.6,NA,19.4,81,NA
2021-04-04 14:00:00,1007.4,NA,22.8,66,NA
2021-04-04 15:00:00,1006.9,NA,24.8,57,NA
2021-04-04 16:00:00,1006,NA,25.8,52,NA
2021-04-04 17:00:00,1004.9,NA,26.2,42,NA
2021-04-04 18:00:00,1004.1,NA,26.6,43,NA
2021-04-04 19:00:00,1003.6,NA,25.6,43,NA
2021-04-04 20:00:00,1003.3,NA,26,43,NA
2021-04-04 21:00:00,1003,NA,25.2,44,NA
2021-04-04 22:00:00,1003,NA,22,55,NA
2021-04-04 23:00:00,1003.4,NA,19,71,NA
2021-04-05 09:00:00,NA,1015.3,13.5,97,NA
2021-04-05 10:00:00,NA,1015.7,13.4,97,NA
2021-04-05 11:00:00,NA,1015.9,14.7,97,NA
2021-04-05 12:00:00,NA,1016,16.7,96,NA
2021-04-05 13:00:00,NA,1016,20.6,86,NA
2021-04-05 14:00:00,NA,1015.4,23.5,73,NA
2021-04-05 15:00:00,NA,1014.6,25.7,66,NA
2021-04-05 16:00:00,NA,1014.1,26.8,56,NA
2021-04-05 17:00:00,NA,1013.6,27.7,50,NA
2021-04-05 18:00:00,NA,1013.2,28.5,48,NA
2021-04-05 19:00:00,NA,1013,28.8,46,NA
2021-04-05 20:00:00,NA,1013.3,28,48,NA
2021-04-05 21:00:00,NA,1013.7,27.5,49,NA
2021-04-05 22:00:00,NA,1014.2,24.2,61,NA
2021-04-05 23:00:00,NA,1014.7,21,75,NA
2021-04-06 00:00:00,1004.2,NA,19.4,83,NA
2021-04-06 09:00:00,1005.4,NA,16,98,NA
2021-04-06 10:00:00,1005.8,NA,15.8,98,NA
2021-04-06 11:00:00,1006.1,NA,16.2,98,NA
2021-04-06 12:00:00,1006.4,NA,17.6,98,NA
2021-04-06 13:00:00,1006.8,NA,20.5,91,NA
2021-04-06 14:00:00,1006.5,NA,22.8,81,NA
2021-04-06 15:00:00,1006.4,NA,25.4,64,NA
2021-04-06 16:00:00,1005.4,NA,27.2,62,NA
2021-04-06 17:00:00,1004.5,NA,27.8,57,NA
2021-04-06 18:00:00,1003.6,NA,28.8,50,NA
2021-04-06 19:00:00,1003.3,NA,29.4,50,NA
2021-04-06 20:00:00,1002.9,NA,29.2,48,NA
2021-04-06 21:00:00,1002.9,NA,28.4,55,NA
2021-04-06 22:00:00,1002.9,NA,25.2,62,NA
2021-04-06 23:00:00,1003,NA,23.2,71,NA
2021-04-07 09:00:00,NA,1014.8,17.7,93,NA
2021-04-07 10:00:00,NA,1015,17.5,95,NA
2021-04-07 11:00:00,NA,1015.4,18,95,NA
2021-04-07 12:00:00,NA,1015.7,19,97,NA
2021-04-07 13:00:00,NA,1016,20.3,95,NA
2021-04-07 14:00:00,NA,1015.5,24.5,77,NA
2021-04-07 15:00:00,NA,1014.8,27.3,62,NA
2021-04-07 16:00:00,NA,1013.6,28.8,54,NA
2021-04-07 17:00:00,NA,1013,29,55,NA
2021-04-07 18:00:00,NA,1012.2,29.7,48,NA
2021-04-07 19:00:00,NA,1011.6,28.3,51,NA
2021-04-07 20:00:00,NA,1011,30,50,NA
2021-04-07 21:00:00,NA,1010.9,28.8,53,NA
2021-04-07 22:00:00,NA,1011,25,69,NA
2021-04-07 23:00:00,NA,1011.5,23,75,NA
2021-04-08 00:00:00,NA,1012,22.8,75,NA
2021-04-08 15:00:00,1000.5,NA,19,99,NA
2021-04-08 16:00:00,1000.5,NA,18,100,NA
2021-04-08 17:00:00,1000.2,NA,18.4,100,NA
2021-04-08 18:00:00,1000.6,NA,18.4,100,NA
2021-04-08 19:00:00,999.4,NA,17.6,98,NA
2021-04-08 20:00:00,998.6,NA,18,95,NA
2021-04-08 21:00:00,999.4,NA,17.4,98,NA
2021-04-08 22:00:00,999.4,NA,16.6,95,NA
2021-04-08 23:00:00,999.4,NA,16.6,100,NA
2021-04-09 09:00:00,NA,1012.4,15.4,96,NA
2021-04-09 10:00:00,NA,1013.3,14.6,98,NA
2021-04-09 11:00:00,NA,1014.6,15,98,NA
2021-04-09 12:00:00,NA,1015.1,16.2,96,NA
2021-04-09 13:00:00,NA,1015.3,17,96,NA
2021-04-09 14:00:00,NA,1015.9,18.2,90,NA
2021-04-09 15:00:00,NA,1016,19.2,85,NA
2021-04-09 16:00:00,NA,1015.8,19.6,85,NA
2021-04-09 17:00:00,NA,1014.9,20.6,82,NA
2021-04-09 18:00:00,NA,1014.7,20.2,85,NA
2021-04-09 19:00:00,NA,1015.2,19.6,85,NA
2021-04-09 20:00:00,NA,1015.4,19.6,85,NA
2021-04-09 21:00:00,NA,1015.4,19.8,85,NA
2021-04-09 22:00:00,NA,1015.6,19.2,85,NA
2021-04-09 23:00:00,NA,1016.1,18,81,NA
2021-04-10 00:00:00,NA,1016.4,18,87,NA
2021-04-11 09:00:00,NA,1013.4,12.8,96,NA
2021-04-11 10:00:00,NA,1014.5,12.2,96,NA
2021-04-11 11:00:00,NA,1015.2,12.8,96,NA
2021-04-11 12:00:00,NA,1016.1,13.8,87,NA
2021-04-11 13:00:00,NA,1016.5,15.5,82,NA
2021-04-11 14:00:00,NA,1016.7,17.4,67,NA
2021-04-11 15:00:00,NA,1016.8,19.2,62,NA
2021-04-11 16:00:00,NA,1016.4,20.4,55,NA
2021-04-11 17:00:00,NA,1015.9,21.2,58,NA
2021-04-11 18:00:00,NA,1015.9,22,47,NA
2021-04-11 19:00:00,NA,1015.8,22.2,47,NA
2021-04-11 20:00:00,NA,1015.9,22.2,45,NA
2021-04-11 21:00:00,NA,1016.2,21.4,50,NA
2021-04-11 22:00:00,NA,1016.6,18.2,61,NA
2021-04-11 23:00:00,NA,1017.2,15.2,77,NA
2021-04-12 00:00:00,NA,1017.7,14.4,80,NA
2021-04-13 09:00:00,NA,1020.8,10,90,NA
2021-04-13 10:00:00,NA,1021.1,9.8,90,NA
2021-04-13 11:00:00,NA,1021.2,11,88,NA
2021-04-13 12:00:00,NA,1021.8,13,86,NA
2021-04-13 13:00:00,1010.8,1022.1,17,73,NA
2021-04-13 14:00:00,1011,1022.1,20,63,NA
2021-04-13 15:00:00,1011,1022,22,54,NA
2021-04-13 16:00:00,1010.6,1021.5,23.2,50,NA
2021-04-13 17:00:00,1010.5,1021.4,23.8,45,NA
2021-04-13 18:00:00,1010.1,1020.9,24.4,41,NA
2021-04-13 19:00:00,1009.1,1020.2,25,38,NA
2021-04-13 20:00:00,1008.2,1019.3,25.2,37,NA
2021-04-13 21:00:00,1008.2,1019.4,22.6,43,NA
2021-04-13 22:00:00,1008.2,1019.5,18,68,NA
2021-04-13 23:00:00,1008.2,1019.6,16.8,72,NA
2021-04-14 00:00:00,NA,1019.7,15.8,84,NA
2021-04-15 00:00:00,1002.4,NA,NA,NA,NA
2021-04-15 09:00:00,1002.6,1013.8,11.2,97,NA
2021-04-15 10:00:00,1002.9,1014.1,11,97,NA
2021-04-15 11:00:00,1002.6,1014,11.4,97,NA
2021-04-15 12:00:00,1003,1014.4,13.3,97,NA
2021-04-15 13:00:00,1003.3,1014.5,17,85,NA
2021-04-15 14:00:00,1003.4,1014.4,19.8,69,NA
2021-04-15 16:00:00,1002.6,1013.5,24.5,57,NA
2021-04-15 17:00:00,1001.8,1012.5,26,56,NA
2021-04-15 18:00:00,1001.2,1011.9,26.9,53,NA
2021-04-15 19:00:00,1001,1011.9,27.1,48,NA
2021-04-15 20:00:00,1001,1011.9,26.3,47,NA
2021-04-15 21:00:00,1001,1012.2,25.5,55,NA
2021-04-15 22:00:00,1001.6,1012.8,21.5,74,NA
2021-04-15 23:00:00,1001.8,1013.1,18.1,84,NA
2021-04-16 00:00:00,NA,1013.4,16.3,87,NA
2021-04-17 00:00:00,1003.4,NA,NA,NA,NA
2021-04-17 09:00:00,1005.4,1016.5,15,93,NA
2021-04-17 10:00:00,1005.7,1016.8,14.8,93,NA
2021-04-17 11:00:00,1006.4,1017.6,13.9,91,NA
2021-04-17 12:00:00,1007,1018.2,16.9,91,NA
2021-04-17 13:00:00,1007.4,1018.5,19.3,80,NA
2021-04-17 14:00:00,1007.4,1018.4,22,74,NA
2021-04-17 15:00:00,1007.3,1018.2,24.3,66,NA
2021-04-17 16:00:00,1006.2,1017,26.5,53,NA
2021-04-17 17:00:00,1005.4,1016.1,27,50,NA
2021-04-17 18:00:00,1005.4,1016.1,27.3,49,NA
2021-04-17 19:00:00,1005.4,1016.3,27,50,NA
2021-04-17 20:00:00,1005.2,1016.1,26.2,51,NA
2021-04-17 21:00:00,1004.5,1015.5,25,53,NA
2021-04-17 22:00:00,1004.5,1015.6,22,66,NA
2021-04-17 23:00:00,1005.3,1016.5,19.7,75,NA
2021-04-18 00:00:00,NA,1017,18.5,76,NA
2021-04-19 00:00:00,1004.6,NA,NA,NA,NA
2021-04-19 09:00:00,1007,1018.2,17,94,NA
2021-04-19 10:00:00,1007.2,1018.3,15.6,96,NA
2021-04-19 11:00:00,1007.4,1018.7,15.6,96,NA
2021-04-19 12:00:00,1007.8,1018.9,17.2,92,NA
2021-04-19 13:00:00,1008.1,1019.2,20,81,NA
2021-04-19 14:00:00,1007.8,1018.8,22.6,71,NA
2021-04-19 15:00:00,1007.6,1018.5,25,61,NA
2021-04-19 16:00:00,1006.8,1017.6,26.2,56,NA
2021-04-19 17:00:00,1006.1,1016.8,27,51,NA
2021-04-19 18:00:00,1005.4,1016.1,27.2,46,NA
2021-04-19 19:00:00,1005.2,1016.1,27.2,46,NA
2021-04-19 20:00:00,1005.3,1016.2,26.8,44,NA
2021-04-19 21:00:00,1005.3,1016.3,25,48,NA
2021-04-19 22:00:00,1005.6,1016.7,22,58,NA
2021-04-20 00:00:00,NA,1017.7,19.8,68,NA
2021-04-21 00:00:00,1005.6,NA,NA,NA,NA
2021-04-21 09:00:00,1005.2,1016.3,15.8,98,NA
2021-04-21 10:00:00,1005.3,1016.4,15.6,98,NA
2021-04-21 11:00:00,1005.4,1016.6,16,96,NA
2021-04-21 12:00:00,1005.7,1016.8,17.3,87,NA
2021-04-21 13:00:00,1004.4,1015.4,18.6,84,NA
2021-04-21 14:00:00,1003.8,1014.8,21,74,NA
2021-04-21 15:00:00,1003.7,1014.6,22.8,58,NA
2021-04-21 16:00:00,1003.8,1014.6,24,55,NA
2021-04-21 17:00:00,1003,1013.8,24.2,52,NA
2021-04-21 18:00:00,1002.4,1013.1,25.5,48,NA
2021-04-21 19:00:00,1001.4,1012.3,25.4,49,NA
2021-04-21 20:00:00,1001.2,1012.1,24,53,NA
2021-04-21 21:00:00,1001.4,1012.4,23,61,NA
2021-04-21 22:00:00,1003.8,1014.9,19.5,93,NA
2021-04-21 23:00:00,1003.6,1014.7,18.6,97,NA
2021-04-22 00:00:00,NA,1014.1,17.9,99,NA
2021-04-23 00:00:00,1003.3,NA,NA,NA,NA
2021-04-23 09:00:00,NA,1014.2,17.2,98,NA
2021-04-23 10:00:00,NA,1014.6,17,98,NA
2021-04-23 11:00:00,NA,1014.7,16.2,96,NA
2021-04-23 12:00:00,NA,1015,16.4,94,NA
2021-04-23 13:00:00,NA,1014.5,19,83,NA
2021-04-23 14:00:00,NA,1014.4,19,85,NA
2021-04-23 15:00:00,NA,1013.4,20.4,80,NA
2021-04-23 16:00:00,NA,1013.1,20.8,78,NA
2021-04-23 17:00:00,NA,1012.9,20.8,82,NA
2021-04-23 18:00:00,NA,1012.6,20.4,91,NA
2021-04-23 19:00:00,NA,1013.1,15.2,100,NA
2021-04-23 20:00:00,NA,1012.7,15,100,NA
2021-04-23 21:00:00,NA,1011.6,15,100,NA
2021-04-23 22:00:00,NA,1013.4,15,100,NA
2021-04-23 23:00:00,NA,1014.1,15,100,NA
2021-04-24 00:00:00,NA,1013.7,15,100,NA
2021-04-25 09:00:00,NA,1021.2,9,92,NA
2021-04-25 10:00:00,NA,1021.8,8.7,97,NA
2021-04-25 11:00:00,NA,1022.3,8.4,96,NA
2021-04-25 12:00:00,NA,1022.7,10.5,95,NA
2021-04-25 13:00:00,NA,1023.1,12.2,86,NA
2021-04-25 14:00:00,NA,1022.7,15,66,NA
2021-04-25 15:00:00,NA,1022.5,16.9,62,NA
2021-04-25 16:00:00,NA,1022.1,17,61,NA
2021-04-25 17:00:00,NA,1021.3,17.5,60,NA
2021-04-25 18:00:00,NA,1020.7,18.6,58,NA
2021-04-25 19:00:00,NA,1020.5,19.6,55,NA
2021-04-25 20:00:00,NA,1020.2,18.8,58,NA
2021-04-25 21:00:00,NA,1020.6,18.2,61,NA
2021-04-25 22:00:00,NA,1020.9,16.4,79,NA
2021-04-25 23:00:00,NA,1021.5,13.8,82,NA
2021-04-26 00:00:00,NA,1021.3,13.6,84,NA
2021-04-27 09:00:00,NA,1018.9,7.3,96,NA
2021-04-27 10:00:00,NA,1019.3,7.2,95,NA
2021-04-27 11:00:00,NA,1019.7,7,93,NA
2021-04-27 12:00:00,NA,1020,10.2,85,NA
2021-04-27 13:00:00,NA,1020.3,14.1,79,NA
2021-04-27 14:00:00,NA,1020.2,18.2,64,NA
2021-04-27 15:00:00,NA,1019.6,20.3,54,NA
2021-04-27 16:00:00,NA,1018.7,21.8,52,NA
2021-04-27 17:00:00,NA,1017.8,22.7,47,NA
2021-04-27 18:00:00,NA,1017,23.1,44,NA
2021-04-27 19:00:00,NA,1016.9,23,45,NA
2021-04-27 20:00:00,NA,1016.9,23,45,NA
2021-04-27 21:00:00,NA,1017.1,21.5,53,NA
2021-04-27 22:00:00,NA,1017.4,18,62,NA
2021-04-27 23:00:00,NA,1017.8,15,74,NA
2021-04-28 00:00:00,1006.8,NA,13,82,NA
2021-04-28 10:00:00,1009,NA,9,100,NA
2021-04-28 11:00:00,1009.2,NA,8,100,NA
2021-04-28 12:00:00,1010.2,NA,11.6,92,NA
2021-04-28 13:00:00,1010.5,NA,16.2,77,NA
2021-04-28 14:00:00,1010.5,NA,18.8,66,NA
2021-04-28 15:00:00,1010.2,NA,21.4,56,NA
2021-04-28 16:00:00,1009.7,NA,23,56,NA
2021-04-28 17:00:00,1009.4,NA,23.4,52,NA
2021-04-28 18:00:00,1009.2,NA,23.8,47,NA
2021-04-28 19:00:00,1008.5,NA,24.6,41,NA
2021-04-28 20:00:00,1008.5,NA,24.6,38,NA
2021-04-28 21:00:00,1008.5,NA,22.4,48,NA
2021-04-28 22:00:00,1008.6,NA,18,73,NA
2021-04-28 23:00:00,1008.9,NA,16,77,NA
2021-04-29 09:00:00,NA,1021.1,10,95,NA
2021-04-29 10:00:00,NA,1021.6,9.4,95,NA
2021-04-29 11:00:00,NA,1022.1,8.2,97,NA
2021-04-29 12:00:00,NA,1022.5,12,88,NA
2021-04-29 13:00:00,NA,1022.5,16,81,NA
2021-04-29 14:00:00,NA,1022.4,19.4,65,NA
2021-04-29 15:00:00,NA,1021.6,21.6,55,NA
2021-04-29 16:00:00,NA,1020.9,23,49,NA
2021-04-29 17:00:00,NA,1020.3,23.4,49,NA
2021-04-29 18:00:00,NA,1019.6,24,44,NA
2021-04-29 19:00:00,NA,1019.7,24.4,43,NA
2021-04-29 20:00:00,NA,1019.3,23.8,55,NA
2021-04-29 21:00:00,NA,1019.2,21.4,56,NA
2021-04-29 22:00:00,NA,1019.5,16.4,76,NA
2021-04-29 23:00:00,NA,1019.7,14,76,NA
2021-04-30 00:00:00,1008.4,NA,12.2,80,NA
2021-04-30 09:00:00,1007.8,NA,10.2,96,NA
2021-04-30 10:00:00,1008,NA,10,97,NA
2021-04-30 11:00:00,1008.1,NA,9.9,98,NA
2021-04-30 12:00:00,1008.2,NA,10.1,96,NA
2021-04-30 13:00:00,1008.2,NA,13.2,81,NA
2021-04-30 14:00:00,1008.2,NA,16.5,74,NA
2021-04-30 15:00:00,1007.3,NA,19,63,NA
2021-04-30 16:00:00,1006.8,NA,20.6,56,NA
2021-04-30 17:00:00,1005.7,NA,21.8,52,NA
2021-04-30 18:00:00,1004.5,NA,23,47,NA
2021-04-30 19:00:00,1004,NA,23.3,44,NA
2021-04-30 20:00:00,1003.6,NA,22.7,46,NA
2021-04-30 21:00:00,1003.4,NA,20.5,52,NA
2021-04-30 22:00:00,1003.4,NA,16,67,NA
2021-04-30 23:00:00,1003.4,NA,14.3,75,NA
2021-05-01 09:00:00,NA,1015.5,6.6,97,NA
2021-05-01 10:00:00,NA,1015.7,7.4,97,NA
2021-05-01 11:00:00,NA,1015.5,6.8,95,NA
2021-05-01 12:00:00,NA,1016.1,10.4,85,NA
2021-05-01 13:00:00,NA,1016.5,14.4,76,NA
2021-05-01 14:00:00,NA,1016.1,18.2,61,NA
2021-05-01 15:00:00,NA,1015.2,21.4,55,NA
2021-05-01 16:00:00,NA,1014.1,21.9,56,NA
2021-05-01 17:00:00,NA,1013.3,23.6,52,NA
2021-05-01 18:00:00,NA,1012.6,25,46,NA
2021-05-01 19:00:00,NA,1012.8,24.2,48,NA
2021-05-01 20:00:00,NA,1012.7,23.8,50,NA
2021-05-01 21:00:00,NA,1012.9,21.4,58,NA
2021-05-01 22:00:00,NA,1013,18.4,75,NA
2021-05-01 23:00:00,NA,1013.7,17.2,78,NA
2021-05-02 00:00:00,1002.5,NA,16.4,83,NA
2021-05-02 09:00:00,1001.8,NA,14.1,90,NA
2021-05-02 10:00:00,1001.8,NA,13.7,91,NA
2021-05-02 11:00:00,1002.1,NA,13.2,89,NA
2021-05-02 12:00:00,1002.2,NA,15,89,NA
2021-05-02 13:00:00,1002.2,NA,18,71,NA
2021-05-02 14:00:00,1001.8,NA,20,68,NA
2021-05-02 15:00:00,1001.4,NA,22.3,64,NA
2021-05-02 16:00:00,1000.8,NA,23.2,58,NA
2021-05-02 17:00:00,1000.2,NA,23.5,56,NA
2021-05-02 18:00:00,999.2,NA,24,56,NA
2021-05-02 19:00:00,998.4,NA,25.3,56,NA
2021-05-02 20:00:00,998.1,NA,25.1,57,NA
2021-05-02 21:00:00,998.2,NA,23.7,62,NA
2021-05-02 22:00:00,998.5,NA,20,81,NA
2021-05-02 23:00:00,998.9,NA,19,90,NA
2021-05-03 09:00:00,NA,1010,14.4,91,NA
2021-05-03 10:00:00,NA,1010.2,14,91,NA
2021-05-03 11:00:00,NA,1010.9,14,91,NA
2021-05-03 12:00:00,NA,1010.8,14.6,85,NA
2021-05-03 13:00:00,NA,1010.9,15,77,NA
2021-05-03 14:00:00,NA,1011.7,14.8,91,NA
2021-05-03 15:00:00,NA,1011.3,17,73,NA
2021-05-03 16:00:00,NA,1011.4,17.6,75,NA
2021-05-03 17:00:00,NA,1011.2,18,73,NA
2021-05-03 18:00:00,NA,1011.4,18.2,71,NA
2021-05-03 19:00:00,NA,1011.5,16.2,81,NA
2021-05-03 20:00:00,NA,1011.7,16.2,72,NA
2021-05-03 21:00:00,NA,1012.8,15.6,73,NA
2021-05-03 22:00:00,NA,1013.6,15,77,NA
2021-05-03 23:00:00,NA,1014.5,14.4,78,NA
2021-05-04 00:00:00,1004.4,NA,14,78,NA
2021-05-04 09:00:00,1010.8,NA,6.4,90,NA
2021-05-04 10:00:00,1011.6,NA,7.2,63,NA
2021-05-04 11:00:00,1012.8,NA,6.4,68,NA
2021-05-04 12:00:00,1014,NA,7.8,67,NA
2021-05-04 13:00:00,1015,NA,9.6,64,NA
2021-05-04 14:00:00,1015.4,NA,11.4,62,NA
2021-05-04 15:00:00,1015.4,NA,12.8,59,NA
2021-05-04 16:00:00,1015.4,NA,14.2,57,NA
2021-05-04 17:00:00,1014.6,NA,14.2,57,NA
2021-05-04 18:00:00,1014.5,NA,13.8,57,NA
2021-05-04 19:00:00,1014.9,NA,14,57,NA
2021-05-04 20:00:00,1015.7,NA,13.8,51,NA
2021-05-04 21:00:00,1016.5,NA,12,65,NA
2021-05-04 22:00:00,1017,NA,9.6,74,NA
2021-05-04 23:00:00,1017.2,NA,8.6,78,NA
2021-05-05 09:00:00,NA,1028.8,2.3,98,NA
2021-05-05 10:00:00,NA,1028.5,1.2,100,NA
2021-05-05 11:00:00,NA,1028.7,0.7,100,NA
2021-05-05 12:00:00,NA,1029.1,3.7,99,NA
2021-05-05 13:00:00,NA,1029.3,7.8,90,NA
2021-05-05 14:00:00,NA,1029.3,10.5,75,NA
2021-05-05 15:00:00,NA,1029,11.8,64,NA
2021-05-05 16:00:00,NA,1028.2,13.1,54,NA
2021-05-05 17:00:00,NA,1026.9,13.8,47,NA
2021-05-05 18:00:00,NA,1026.3,14,46,NA
2021-05-05 19:00:00,NA,1026.3,14.6,54,NA
2021-05-05 20:00:00,NA,1026.3,13.2,56,NA
2021-05-05 21:00:00,NA,1026.2,12.9,62,NA
2021-05-05 22:00:00,NA,1026.8,10.2,63,NA
2021-05-05 23:00:00,NA,1027.4,8,70,NA
2021-05-06 00:00:00,1015.6,NA,7.4,69,NA
2021-05-06 09:00:00,1015.6,NA,2.2,91,NA
2021-05-06 10:00:00,1015.6,NA,0.9,92,NA
2021-05-06 11:00:00,1016,NA,0.5,88,NA
2021-05-06 12:00:00,1016,NA,3.8,85,NA
2021-05-06 13:00:00,1016.2,NA,8.7,77,NA
2021-05-06 14:00:00,1016,NA,12,58,NA
2021-05-06 15:00:00,1016,NA,15.3,42,NA
2021-05-06 16:00:00,1015.6,NA,16.2,40,NA
2021-05-06 17:00:00,1014.6,NA,17.6,35,NA
2021-05-06 18:00:00,1013.6,NA,17.4,34,NA
2021-05-06 19:00:00,1013.3,NA,17.6,34,NA
2021-05-06 20:00:00,1013.3,NA,17.6,36,NA
2021-05-06 21:00:00,1013,NA,16,48,NA
2021-05-06 22:00:00,1013.3,NA,10.6,70,NA
2021-05-06 23:00:00,1013.6,NA,9,73,NA
2021-05-07 09:00:00,NA,1025.9,4,84,NA
2021-05-07 10:00:00,NA,1026.1,3.2,83,NA
2021-05-07 11:00:00,NA,1026.4,2.5,83,NA
2021-05-07 12:00:00,NA,1026.8,4.2,81,NA
2021-05-07 13:00:00,NA,1027.3,9,74,NA
2021-05-07 14:00:00,NA,1026.9,12.7,67,NA
2021-05-07 15:00:00,NA,1026.9,14.9,57,NA
2021-05-07 16:00:00,NA,1026.2,17,43,NA
2021-05-07 17:00:00,NA,1025.5,17.5,40,NA
2021-05-07 18:00:00,NA,1024.7,18.2,40,NA
2021-05-07 19:00:00,NA,1025,18.2,36,NA
2021-05-07 20:00:00,NA,1025,17.8,38,NA
2021-05-07 21:00:00,NA,1025.1,14.5,44,NA
2021-05-07 22:00:00,NA,1025.6,11.5,59,NA
2021-05-07 23:00:00,1014,NA,9.9,69,NA
2021-05-08 00:00:00,1014.5,NA,8.7,71,NA
2021-05-08 10:00:00,1014.4,NA,7.4,91,NA
2021-05-08 11:00:00,1014.2,NA,7,91,NA
2021-05-08 12:00:00,1014.9,NA,8.2,89,NA
2021-05-08 13:00:00,1015.6,NA,11.2,78,NA
2021-05-08 14:00:00,1015.6,NA,14.2,55,NA
2021-05-08 15:00:00,1015.4,NA,16,45,NA
2021-05-08 16:00:00,1014.9,NA,16.6,46,NA
2021-05-08 17:00:00,1014.6,NA,17,46,NA
2021-05-08 18:00:00,1014.1,NA,17.4,46,NA
2021-05-08 19:00:00,1012.9,NA,18.6,43,NA
2021-05-08 20:00:00,1012,NA,17.2,50,NA
2021-05-08 21:00:00,1011.4,NA,14.8,62,NA
2021-05-08 22:00:00,1011.7,NA,13.4,66,NA
2021-05-08 23:00:00,1012.1,NA,11.4,76,NA
2021-05-09 09:00:00,NA,1023.1,6.8,94,NA
2021-05-09 10:00:00,NA,1022.9,6.6,97,NA
2021-05-09 11:00:00,NA,1023.4,6.6,97,NA
2021-05-09 12:00:00,NA,1024,7.2,97,NA
2021-05-09 13:00:00,NA,1024.1,9,97,NA
2021-05-09 14:00:00,NA,1023.9,10.6,92,NA
2021-05-09 15:00:00,NA,1023.4,12.2,88,NA
2021-05-09 16:00:00,NA,1022.7,13.4,82,NA
2021-05-09 17:00:00,NA,1021.4,14,80,NA
2021-05-09 18:00:00,NA,1020.9,15.2,77,NA
2021-05-09 19:00:00,NA,1020.6,15.2,77,NA
2021-05-09 20:00:00,NA,1020.3,15.4,75,NA
2021-05-09 21:00:00,NA,1021,14.8,79,NA
2021-05-09 22:00:00,NA,1021.4,13,86,NA
2021-05-09 23:00:00,NA,1022,11.4,90,NA
2021-05-10 00:00:00,1010.6,NA,9,94,NA
2021-05-10 09:00:00,1012,NA,7.1,97,NA
2021-05-10 10:00:00,1012.8,NA,6.4,94,NA
2021-05-10 11:00:00,1013.6,NA,6,90,NA
2021-05-10 12:00:00,1014.2,NA,7,85,NA
2021-05-10 13:00:00,1014.8,NA,9.5,77,NA
2021-05-10 14:00:00,1015.2,NA,11.3,71,NA
2021-05-10 15:00:00,1015.2,NA,13.1,60,NA
2021-05-10 16:00:00,1015.3,NA,14.4,50,NA
2021-05-10 17:00:00,1014.1,NA,16,41,NA
2021-05-10 18:00:00,1013.6,NA,15.8,40,NA
2021-05-10 20:00:00,1013.2,NA,14.8,40,NA
2021-05-10 21:00:00,1013.4,NA,13.7,42,NA
2021-05-10 22:00:00,1014,NA,10.5,57,NA
2021-05-10 23:00:00,1014.5,NA,8.3,69,NA
2021-05-11 09:00:00,NA,1025.7,0.6,92,NA
2021-05-11 10:00:00,NA,1026,-0.6,96,NA
2021-05-11 11:00:00,NA,1026.2,1,92,NA
2021-05-11 12:00:00,NA,1026.7,3.4,86,NA
2021-05-11 13:00:00,NA,1026.9,7.7,68,NA
2021-05-11 14:00:00,NA,1026.7,12,52,NA
2021-05-11 15:00:00,NA,1026,14.2,45,NA
2021-05-11 16:00:00,NA,1025.1,15.5,33,NA
2021-05-11 17:00:00,NA,1024.1,16,31,NA
2021-05-11 18:00:00,NA,1023.3,16.8,28,NA
2021-05-11 19:00:00,NA,1022.8,16.9,26,NA
2021-05-11 20:00:00,NA,1022.7,16.6,36,NA
2021-05-11 21:00:00,NA,1022.9,14.5,42,NA
2021-05-11 22:00:00,NA,1023,11.4,65,NA
2021-05-11 23:00:00,NA,1023,7.6,69,NA
2021-05-12 00:00:00,1011.4,NA,7.8,67,NA
2021-05-12 09:00:00,1009.7,NA,3,66,NA
2021-05-12 10:00:00,1009.8,NA,2,68,NA
2021-05-12 11:00:00,1010,NA,2.8,66,NA
2021-05-12 12:00:00,1010.1,NA,4.7,62,NA
2021-05-12 13:00:00,1009.6,NA,8.5,60,NA
2021-05-12 14:00:00,1009.7,NA,12.8,47,NA
2021-05-12 15:00:00,1009,NA,16.2,40,NA
2021-05-12 16:00:00,1008,NA,18.3,40,NA
2021-05-12 17:00:00,1007,NA,19.5,38,NA
2021-05-12 18:00:00,1006.6,NA,21,35,NA
2021-05-12 19:00:00,1006.2,NA,21.7,34,NA
2021-05-12 20:00:00,1006,NA,20.5,37,NA
2021-05-12 21:00:00,1005.8,NA,17.6,48,NA
2021-05-12 23:00:00,1006.2,NA,13,55,NA
2021-05-13 09:00:00,NA,1019.3,5.4,94,NA
2021-05-13 10:00:00,NA,1019.6,5,94,NA
2021-05-13 11:00:00,NA,1020,3,93,NA
2021-05-13 12:00:00,NA,1020.6,6,82,NA
2021-05-13 13:00:00,NA,1021.3,9.8,75,NA
2021-05-13 14:00:00,NA,1021.2,12.8,62,NA
2021-05-13 15:00:00,NA,1021,15,55,NA
2021-05-13 16:00:00,NA,1020.6,17,52,NA
2021-05-13 17:00:00,NA,1020.4,17.8,48,NA
2021-05-13 18:00:00,NA,1020.1,18.6,45,NA
2021-05-13 19:00:00,NA,1019.4,21,38,NA
2021-05-13 20:00:00,NA,1019.4,21,42,NA
2021-05-13 21:00:00,NA,1019.9,17,58,NA
2021-05-13 22:00:00,NA,1020.3,12,72,NA
2021-05-13 23:00:00,NA,1020.8,10,82,NA
2021-05-14 00:00:00,1009.2,NA,9.6,86,NA
2021-05-14 09:00:00,1009.3,NA,3.2,96,NA
2021-05-14 10:00:00,1009.6,NA,3.2,96,NA
2021-05-14 11:00:00,1009.8,NA,3,93,NA
2021-05-14 12:00:00,1010.4,NA,3.8,93,NA
2021-05-14 13:00:00,1010.6,NA,7.6,86,NA
2021-05-14 14:00:00,1010.8,NA,10.6,75,NA
2021-05-14 15:00:00,1010.5,NA,13.2,66,NA
2021-05-14 16:00:00,1009.4,NA,15.8,59,NA
2021-05-14 17:00:00,1008.2,NA,18,48,NA
2021-05-14 18:00:00,1007.3,NA,19,43,NA
2021-05-14 19:00:00,1007,NA,19.8,41,NA
2021-05-14 20:00:00,1006.9,NA,19,40,NA
2021-05-14 21:00:00,1007,NA,15.4,61,NA
2021-05-14 22:00:00,1007.3,NA,13.6,65,NA
2021-05-14 23:00:00,1007.8,NA,10.8,75,NA
2021-05-15 09:00:00,NA,1019.5,5.4,91,NA
2021-05-15 10:00:00,NA,1019.7,4.9,94,NA
2021-05-15 11:00:00,NA,1020.3,4.3,92,NA
2021-05-15 12:00:00,NA,1019.9,6.4,87,NA
2021-05-15 13:00:00,NA,1020.5,9.2,82,NA
2021-05-15 14:00:00,NA,1020.7,12.9,70,NA
2021-05-15 15:00:00,NA,1020.3,14.7,61,NA
2021-05-15 16:00:00,NA,1019.8,18,49,NA
2021-05-15 17:00:00,NA,1018.8,20,42,NA
2021-05-15 18:00:00,NA,1018,21.3,38,NA
2021-05-15 19:00:00,NA,1018.1,19.7,40,NA
2021-05-15 20:00:00,NA,1018.4,19.6,43,NA
2021-05-15 21:00:00,NA,1019,15.8,49,NA
2021-05-15 22:00:00,NA,1019.3,13.9,60,NA
2021-05-15 23:00:00,NA,1019.8,11,74,NA
2021-05-16 00:00:00,1008.4,NA,9.7,80,NA
2021-05-16 09:00:00,1008.2,NA,6,90,NA
2021-05-16 10:00:00,1008.2,NA,6.8,91,NA
2021-05-16 11:00:00,1008.8,NA,5,93,NA
2021-05-16 13:00:00,1009.4,NA,9,92,NA
2021-05-16 14:00:00,1009.4,NA,12.8,77,NA
2021-05-16 15:00:00,1009.8,NA,15.6,65,NA
2021-05-16 16:00:00,1008.5,NA,17.7,55,NA
2021-05-16 17:00:00,1008.2,NA,19.2,50,NA
2021-05-16 18:00:00,1008.2,NA,18.8,49,NA
2021-05-16 19:00:00,1008.2,NA,19,48,NA
2021-05-16 20:00:00,1008.1,NA,18,57,NA
2021-05-16 21:00:00,1008.4,NA,16.2,66,NA
2021-05-16 22:00:00,1008.9,NA,13.3,70,NA
2021-05-16 23:00:00,1009.2,NA,12.4,74,NA
2021-05-17 09:00:00,NA,1023.2,5,100,NA
2021-05-17 10:00:00,NA,1023.8,4.5,97,NA
2021-05-17 11:00:00,NA,1024,4.2,97,NA
2021-05-17 12:00:00,NA,1023.9,5.7,94,NA
2021-05-17 13:00:00,NA,1024.4,8.9,88,NA
2021-05-17 14:00:00,NA,1024.3,11.3,84,NA
2021-05-17 15:00:00,NA,1024.3,13.8,70,NA
2021-05-17 16:00:00,NA,1023.5,14.9,59,NA
2021-05-17 17:00:00,NA,1023,16,55,NA
2021-05-17 18:00:00,NA,1021.9,16,52,NA
2021-05-17 19:00:00,NA,1022,16.3,50,NA
2021-05-17 20:00:00,NA,1022,16,51,NA
2021-05-17 21:00:00,NA,1022.4,14,57,NA
2021-05-17 22:00:00,NA,1022.2,10,63,NA
2021-05-17 23:00:00,NA,1022.4,10,65,NA
2021-05-18 00:00:00,1010.5,NA,8.7,77,NA
2021-05-18 10:00:00,1009.7,NA,3.2,96,NA
2021-05-18 11:00:00,1009.7,NA,3,96,NA
2021-05-18 12:00:00,1010.1,NA,5.6,94,NA
2021-05-18 13:00:00,1010.5,NA,9.8,82,NA
2021-05-18 14:00:00,1010.5,NA,12,76,NA
2021-05-18 15:00:00,1010.1,NA,14.8,64,NA
2021-05-18 16:00:00,1009,NA,16.2,60,NA
2021-05-18 17:00:00,1008.8,NA,17,57,NA
2021-05-18 18:00:00,1008.4,NA,18.2,54,NA
2021-05-18 19:00:00,1006.6,NA,17.8,56,NA
2021-05-18 20:00:00,1006.4,NA,16.8,61,NA
2021-05-18 21:00:00,1006.4,NA,14.8,68,NA
2021-05-18 22:00:00,1006.6,NA,11.6,80,NA
2021-05-18 23:00:00,1006.9,NA,11.2,83,NA
2021-05-19 09:00:00,NA,1017.3,8.6,92,NA
2021-05-19 10:00:00,NA,1017.4,7.8,94,NA
2021-05-19 11:00:00,NA,1017.3,7.2,94,NA
2021-05-19 12:00:00,NA,1017.5,8,97,NA
2021-05-19 13:00:00,NA,1018,10.2,88,NA
2021-05-19 14:00:00,NA,1017.9,11.8,81,NA
2021-05-19 15:00:00,NA,1017.5,13.8,74,NA
2021-05-19 16:00:00,NA,1016.5,15.4,67,NA
2021-05-19 17:00:00,NA,1016.1,15,67,NA
2021-05-19 18:00:00,NA,1016,14.4,70,NA
2021-05-19 19:00:00,NA,1016.2,13,86,NA
2021-05-19 20:00:00,NA,1015.8,12.4,91,NA
2021-05-19 21:00:00,NA,1015.9,11.8,91,NA
2021-05-19 22:00:00,NA,1016,11.6,91,NA
2021-05-19 23:00:00,NA,1016.1,11.8,88,NA
2021-05-20 00:00:00,1004.9,NA,11.6,83,NA
2021-05-20 09:00:00,1004.9,NA,7.5,97,NA
2021-05-20 10:00:00,1005,NA,7.4,97,NA
2021-05-20 11:00:00,1005.4,NA,7.4,97,NA
2021-05-20 12:00:00,1005.7,NA,8.3,96,NA
2021-05-20 14:00:00,1005.7,NA,10.9,91,NA
2021-05-20 16:00:00,1003.6,NA,14.8,80,NA
2021-05-20 17:00:00,1003.2,NA,15.6,77,NA
2021-05-20 18:00:00,1002.4,NA,16,69,NA
2021-05-20 19:00:00,1003.3,NA,15.4,76,NA
2021-05-20 20:00:00,1004.8,NA,14.6,80,NA
2021-05-20 21:00:00,1005,NA,13,86,NA
2021-05-20 22:00:00,1004.5,NA,12.4,93,NA
2021-05-20 23:00:00,1003.4,NA,12.6,90,NA
2021-05-21 09:00:00,NA,1012.1,10.1,99,NA
2021-05-21 10:00:00,NA,1013.2,10,100,NA
2021-05-21 11:00:00,NA,1014.3,9.8,100,NA
2021-05-21 12:00:00,NA,1014.6,10.5,100,NA
2021-05-21 13:00:00,NA,1013.4,10.9,99,NA
2021-05-21 14:00:00,NA,1011.6,12.2,97,NA
2021-05-21 15:00:00,NA,1012.8,11.8,99,NA
2021-05-21 16:00:00,NA,1013.2,11.6,97,NA
2021-05-21 17:00:00,NA,1012.9,11.2,95,NA
2021-05-21 18:00:00,NA,1012.1,11.2,95,NA
2021-05-21 19:00:00,NA,1011.8,11,95,NA
2021-05-21 20:00:00,NA,1011.7,11.2,95,NA
2021-05-21 21:00:00,NA,1011.5,11,95,NA
2021-05-21 22:00:00,NA,1010.8,11,97,NA
2021-05-21 23:00:00,NA,1010.8,11.2,97,NA
2021-05-22 00:00:00,999.7,NA,11.2,97,NA
2021-05-22 09:00:00,995.2,NA,11,100,NA
2021-05-22 10:00:00,994.8,NA,10.9,98,NA
2021-05-22 11:00:00,995,NA,10.9,98,NA
2021-05-22 12:00:00,995,NA,11,96,NA
2021-05-22 13:00:00,995.4,NA,11.2,97,NA
2021-05-22 14:00:00,995.7,NA,11.3,98,NA
2021-05-22 15:00:00,995.6,NA,11.8,96,NA
2021-05-22 16:00:00,995.4,NA,11.5,97,NA
2021-05-22 17:00:00,995.2,NA,12,97,NA
2021-05-22 18:00:00,994.9,NA,11.6,97,NA
2021-05-22 19:00:00,995.4,NA,11.5,98,NA
2021-05-22 20:00:00,995.8,NA,11.3,97,NA
2021-05-22 21:00:00,996.5,NA,11.1,98,NA
2021-05-22 22:00:00,997.2,NA,11,98,NA
2021-05-22 23:00:00,998,NA,11,98,NA
2021-05-23 09:00:00,NA,1013,9.6,87,NA
2021-05-23 10:00:00,NA,1013.4,9.4,87,NA
2021-05-23 11:00:00,NA,1014,9,89,NA
2021-05-23 12:00:00,NA,1014.2,9.4,95,NA
2021-05-23 13:00:00,NA,1014.7,10,87,NA
2021-05-23 14:00:00,NA,1014.9,12,81,NA
2021-05-23 15:00:00,NA,1014.8,13.6,75,NA
2021-05-23 16:00:00,NA,1014.6,14,74,NA
2021-05-23 17:00:00,NA,1014.1,14.4,72,NA
2021-05-23 18:00:00,NA,1014.1,15,71,NA
2021-05-23 19:00:00,NA,1014.2,13.4,65,NA
2021-05-23 20:00:00,NA,1014.2,13.4,73,NA
2021-05-23 21:00:00,NA,1015.4,12,74,NA
2021-05-23 22:00:00,NA,1015.7,10.2,80,NA
2021-05-23 23:00:00,NA,1016,8,89,NA
2021-05-24 00:00:00,NA,1016.1,7.4,92,NA
2021-05-25 09:00:00,NA,1013.2,7.5,90,NA
2021-05-25 10:00:00,NA,1013.9,7.2,92,NA
2021-05-25 11:00:00,NA,1015.3,7,92,NA
2021-05-25 12:00:00,NA,1016.3,7.3,88,NA
2021-05-25 13:00:00,NA,1017.5,9.6,81,NA
2021-05-25 14:00:00,NA,1018.4,12.9,66,NA
2021-05-25 15:00:00,NA,1018.6,14.2,58,NA
2021-05-25 16:00:00,NA,1018.9,15.4,46,NA
2021-05-25 17:00:00,NA,1018.4,15.8,45,NA
2021-05-25 18:00:00,NA,1018,16,36,NA
2021-05-25 19:00:00,NA,1017.9,15.7,35,NA
2021-05-25 20:00:00,NA,1017.9,15.3,37,NA
2021-05-25 21:00:00,NA,1018.6,11.1,55,NA
2021-05-25 22:00:00,NA,1018.8,10,68,NA
2021-05-25 23:00:00,NA,1019.3,8.4,73,NA
2021-05-26 00:00:00,NA,1019.9,7.1,77,NA
2021-05-27 09:00:00,NA,1011.2,7.3,96,NA
2021-05-27 10:00:00,NA,1011.2,8,86,NA
2021-05-27 11:00:00,NA,1011.3,6.7,87,NA
2021-05-27 12:00:00,NA,1011,9,80,NA
2021-05-27 13:00:00,NA,1010.5,11.8,74,NA
2021-05-27 14:00:00,NA,1010.2,16,60,NA
2021-05-27 15:00:00,NA,1009.2,18.4,51,NA
2021-05-27 16:00:00,NA,1007.1,20.8,43,NA
2021-05-27 17:00:00,994.2,1005,21,46,NA
2021-05-27 18:00:00,993,1003.8,23,42,NA
2021-05-27 19:00:00,992.5,1003.5,21,50,NA
2021-05-27 20:00:00,991.8,1002.8,20.8,51,NA
2021-05-27 21:00:00,991.4,1002.7,18.8,63,NA
2021-05-27 22:00:00,991,1002.3,17.7,65,NA
2021-05-27 23:00:00,991.3,1002.5,16,70,NA
2021-05-28 00:00:00,NA,1001.9,16,70,NA
2021-05-29 00:00:00,995.8,NA,NA,NA,NA
2021-05-29 09:00:00,1002.8,1014.2,6.4,85,NA
2021-05-29 10:00:00,1003.4,1014.9,4.8,91,NA
2021-05-29 11:00:00,1004.6,1016.2,3.8,90,NA
2021-05-29 12:00:00,1005.6,1017.1,4.4,90,NA
2021-05-29 13:00:00,1006.5,1018.1,6.2,79,NA
2021-05-29 14:00:00,1007,1018.5,8,65,NA
2021-05-29 15:00:00,1007.4,1018.8,9.4,57,NA
2021-05-29 16:00:00,1007,1018.4,10.4,47,NA
2021-05-29 17:00:00,1006.1,1017.4,11.4,43,NA
2021-05-29 18:00:00,1005.8,1017.1,11.4,38,NA
2021-05-29 19:00:00,1005.4,1016.8,11.8,46,NA
2021-05-29 20:00:00,1005.4,1016.8,11.2,42,NA
2021-05-29 21:00:00,1005.8,1017.4,8.4,55,NA
2021-05-29 22:00:00,1006.1,1017.7,6.6,60,NA
2021-05-29 23:00:00,1006.5,1018.2,4.6,75,NA
2021-05-30 00:00:00,NA,1018.3,5.4,73,NA
2021-05-31 00:00:00,1005.3,NA,NA,NA,NA
2021-05-31 09:00:00,1002.2,1013.8,7.6,94,NA
2021-05-31 10:00:00,1002.4,1013.9,7.4,96,NA
2021-05-31 11:00:00,1002.6,1014.2,8,83,NA
2021-05-31 12:00:00,1003.4,1015,9.4,67,NA
2021-05-31 13:00:00,1004,1015.3,12.4,64,NA
2021-05-31 14:00:00,1004.2,1015.4,14.8,49,NA
2021-05-31 15:00:00,NA,1014.9,15.4,52,NA
2021-05-31 16:00:00,1003.3,1014.4,16.6,46,NA
2021-05-31 17:00:00,1002.8,1013.8,17.2,52,NA
2021-05-31 18:00:00,1002.4,1013.4,17,52,NA
2021-05-31 19:00:00,1001.7,1012.9,17,54,NA
2021-05-31 20:00:00,1001.7,1012.9,16.2,57,NA
2021-05-31 21:00:00,1001.3,1012.6,15,61,NA
2021-05-31 22:00:00,1001.8,1013.2,14.4,68,NA
2021-05-31 23:00:00,1000.8,1012.2,13.3,72,NA
2021-06-01 00:00:00,NA,1011.7,13.6,75,NA
2021-06-02 00:00:00,997.4,NA,NA,NA,NA
2021-06-02 09:00:00,NA,1013.9,3.6,100,NA
2021-06-02 10:00:00,1003,1014.5,3.6,100,NA
2021-06-02 11:00:00,1004.1,1015.6,3.2,100,NA
2021-06-02 12:00:00,1005.3,1016.8,5.2,100,NA
2021-06-02 13:00:00,1006.2,1017.7,8.2,84,NA
2021-06-02 14:00:00,1007,1018.4,10.2,72,NA
2021-06-02 15:00:00,1006.2,1017.5,12.8,62,NA
2021-06-02 16:00:00,1006,1017.2,13.4,53,NA
2021-06-02 17:00:00,1005.8,1017,14,45,NA
2021-06-02 18:00:00,1005.6,1016.8,14.6,39,NA
2021-06-02 19:00:00,1005.3,1016.7,14.4,37,NA
2021-06-02 20:00:00,1005.3,1016.7,14.4,46,NA
2021-06-02 21:00:00,1005.4,1017,12.2,59,NA
2021-06-02 22:00:00,1005.3,1016.9,9.6,69,NA
2021-06-02 23:00:00,1005.8,1017.4,9.2,79,NA
2021-06-03 00:00:00,NA,1017.8,8.6,87,NA
2021-06-04 00:00:00,997.8,NA,NA,NA,NA
2021-06-04 09:00:00,998,1009.3,8,96,NA
2021-06-04 10:00:00,998.1,1009.4,7.8,97,NA
2021-06-04 11:00:00,998.5,1009.8,8.1,95,NA
2021-06-04 12:00:00,999.2,1010.5,7.9,92,NA
2021-06-04 13:00:00,999.6,1010.9,9.8,89,NA
2021-06-04 14:00:00,999.6,1010.9,13.5,81,NA
2021-06-04 15:00:00,999.6,1010.7,14,78,NA
2021-06-04 16:00:00,998.6,1009.7,15.2,71,NA
2021-06-04 17:00:00,998.4,1009.4,15.9,71,NA
2021-06-04 18:00:00,997.4,1008.4,16.2,70,NA
2021-06-04 19:00:00,997.6,1008.8,15.9,72,NA
2021-06-04 20:00:00,997.4,1008.6,15.5,78,NA
2021-06-04 21:00:00,998.4,1009.7,15,82,NA
2021-06-04 22:00:00,998.9,1010.2,14.8,84,NA
2021-06-04 23:00:00,999.6,1010.9,14.5,86,NA
2021-06-05 00:00:00,NA,1011.7,14,91,NA
2021-06-06 00:00:00,1009.8,NA,NA,NA,NA
2021-06-06 09:00:00,1011,1022.8,0.1,92,NA
2021-06-06 10:00:00,1011,1022.8,-0.5,90,NA
2021-06-06 11:00:00,1011.4,1023.2,-1,90,NA
2021-06-06 12:00:00,1011.6,1023.4,0.7,89,NA
2021-06-06 13:00:00,1011.6,1023.4,4.3,87,NA
2021-06-06 14:00:00,1012,1023.6,7.5,76,NA
2021-06-06 15:00:00,1011.2,1022.7,10.8,63,NA
2021-06-06 16:00:00,1010.6,1022,12,51,NA
2021-06-06 17:00:00,1010.2,1021.5,11.3,52,NA
2021-06-06 18:00:00,1010.1,1021.4,11.3,52,NA
2021-06-06 19:00:00,1010,1021.6,11.2,53,NA
2021-06-06 20:00:00,1009.8,1021.4,10.7,58,NA
2021-06-06 21:00:00,1010.5,1022.2,10,63,NA
2021-06-06 22:00:00,1010.2,1022,9,74,NA
2021-06-06 23:00:00,1010.2,1022,8.8,74,NA
2021-06-07 00:00:00,NA,1022,8.8,74,NA
2021-06-08 00:00:00,1010.1,NA,NA,NA,NA
2021-06-08 09:00:00,1008.6,1020.2,2.6,100,NA
2021-06-08 10:00:00,1008.6,1020.2,3,100,NA
2021-06-08 11:00:00,NA,1020.6,3.4,100,NA
2021-06-08 12:00:00,NA,1020.8,4.8,100,NA
2021-06-08 13:00:00,NA,1020.8,7,97,NA
2021-06-08 14:00:00,NA,1020.5,8.8,97,NA
2021-06-08 15:00:00,NA,1020,10.2,100,NA
2021-06-08 16:00:00,NA,1019.1,11.4,97,NA
2021-06-08 17:00:00,NA,1018.2,12.6,97,NA
2021-06-08 18:00:00,NA,1017,16.8,70,NA
2021-06-08 19:00:00,NA,1017.1,17,67,NA
2021-06-08 20:00:00,NA,1017.1,16.6,68,NA
2021-06-08 21:00:00,NA,1017.6,14,78,NA
2021-06-08 22:00:00,NA,1017.7,12,91,NA
2021-06-08 23:00:00,NA,1018.3,11.4,92,NA
2021-06-09 00:00:00,NA,1018.4,10.2,92,NA
2021-06-10 00:00:00,1005.2,NA,NA,NA,NA
2021-06-10 09:00:00,1006.6,1018,11.4,97,NA
2021-06-10 10:00:00,1007.3,1018.7,10,97,NA
2021-06-10 11:00:00,1007.8,1019.3,10.4,97,NA
2021-06-10 12:00:00,1009,1020.5,11.2,90,NA
2021-06-10 13:00:00,1010.1,1021.4,12.4,70,NA
2021-06-10 14:00:00,1011,1022.3,13.6,55,NA
2021-06-10 15:00:00,1011,1022.2,14,47,NA
2021-06-10 16:00:00,1011,1022.2,14.4,42,NA
2021-06-10 17:00:00,1010.9,1022.1,15.2,43,NA
2021-06-10 18:00:00,1010.6,1021.8,15.5,44,NA
2021-06-10 19:00:00,1010.6,1021.8,15,44,NA
2021-06-10 20:00:00,1011,1022.3,13.4,46,NA
2021-06-10 21:00:00,1011,1022.5,10.5,60,NA
2021-06-10 22:00:00,1011.6,1023.2,7.8,65,NA
2021-06-10 23:00:00,1012.2,1023.8,6.8,63,NA
2021-06-11 00:00:00,NA,1023.7,6.4,63,NA
2021-06-12 00:00:00,1004.6,NA,NA,NA,NA
2021-06-12 09:00:00,NA,1014.9,6.2,91,NA
2021-06-12 10:00:00,1003.3,1014.8,5.8,91,NA
2021-06-12 11:00:00,1003.6,1015.1,5.4,94,NA
2021-06-12 12:00:00,1003.8,1015.4,7,92,NA
2021-06-12 13:00:00,1004,1015.4,11.2,80,NA
2021-06-12 14:00:00,1004.1,1015.4,15.6,69,NA
2021-06-12 15:00:00,NA,1015.3,18.2,61,NA
2021-06-12 16:00:00,1003.4,1014.4,20,59,NA
2021-06-12 17:00:00,1003,1013.9,21.2,54,NA
2021-06-12 18:00:00,1002.8,1013.7,22.4,49,NA
2021-06-12 19:00:00,1001.6,1012.7,22.6,45,NA
2021-06-12 20:00:00,1001.6,1012.7,21,50,NA
2021-06-12 21:00:00,1001.7,1013,16.6,66,NA
2021-06-12 22:00:00,1001.6,1013,14.4,74,NA
2021-06-12 23:00:00,1002,1013.5,11.4,83,NA
2021-06-13 00:00:00,NA,1013.7,11.2,85,NA
2021-06-13 23:00:00,1003,NA,NA,NA,NA
2021-06-14 00:00:00,1003.6,NA,NA,NA,NA
2021-06-14 09:00:00,1007.8,1019.1,9.4,94,NA
2021-06-14 10:00:00,1008.2,1019.6,9.2,94,NA
2021-06-14 11:00:00,1009.4,1020.9,8.9,92,NA
2021-06-14 12:00:00,1010.2,1021.7,9.3,87,NA
2021-06-14 13:00:00,1011,1022.4,9.6,85,NA
2021-06-14 14:00:00,1012,1023.4,10.1,80,NA
2021-06-14 15:00:00,1012.5,1023.9,11.3,70,NA
2021-06-14 16:00:00,1012.8,1024.2,12.5,63,NA
2021-06-14 17:00:00,1012.8,1024.1,12.9,57,NA
2021-06-14 18:00:00,1012.8,1024.1,13.1,55,NA
2021-06-14 19:00:00,1013,1024.4,12.4,63,NA
2021-06-14 20:00:00,1013.7,1025.1,11.5,69,NA
2021-06-14 21:00:00,1014.6,1026.2,10,85,NA
2021-06-14 22:00:00,1015.4,1027,8.2,89,NA
2021-06-14 23:00:00,1016.4,1028,6.5,90,NA
2021-06-15 00:00:00,NA,1028.7,5.1,92,NA
2021-06-16 09:00:00,NA,1032,2.5,91,NA
2021-06-16 10:00:00,NA,1032.5,2,82,NA
2021-06-16 11:00:00,NA,1032.7,0.7,81,NA
2021-06-16 12:00:00,NA,1033.1,1.1,81,NA
2021-06-16 13:00:00,NA,1033.9,2,82,NA
2021-06-16 14:00:00,NA,1034.3,5.2,82,NA
2021-06-16 15:00:00,1022.4,1034.1,7.5,69,NA
2021-06-16 16:00:00,1021.8,1033.4,8.2,61,NA
2021-06-16 17:00:00,1021,1032.6,8.8,61,NA
2021-06-16 18:00:00,1020.6,1032.2,9,59,NA
2021-06-16 19:00:00,1020.4,1032.1,8.7,58,NA
2021-06-16 20:00:00,1020.4,1032.1,8,59,NA
2021-06-16 21:00:00,1020.6,1032.4,7.9,61,NA
2021-06-16 22:00:00,1020.8,1032.6,7,72,NA
2021-06-16 23:00:00,1020.8,1032.7,5.7,75,NA
2021-06-17 00:00:00,NA,1033,5.7,75,NA
2021-06-18 00:00:00,1019.4,NA,NA,NA,NA
2021-06-18 09:00:00,1018.5,1030.4,-1.6,94,NA
2021-06-18 10:00:00,1018.5,1030.4,-2,96,NA
2021-06-18 11:00:00,1019,1030.9,-0.4,88,NA
2021-06-18 12:00:00,1019.2,1031.2,-0.4,96,NA
2021-06-18 13:00:00,1019.4,1031.3,1.6,78,NA
2021-06-18 14:00:00,1019.6,1031.4,4.6,87,NA
2021-06-18 15:00:00,1019.2,1030.9,7.4,72,NA
2021-06-18 16:00:00,1018.6,1030.2,8.4,60,NA
2021-06-18 17:00:00,1017.7,1029.2,8.8,54,NA
2021-06-18 18:00:00,1017,1028.5,8.8,48,NA
2021-06-18 19:00:00,1016.8,1028.5,9.4,52,NA
2021-06-18 20:00:00,1016.9,1028.6,8.8,51,NA
2021-06-18 21:00:00,1016.9,1028.8,7,66,NA
2021-06-18 22:00:00,1017.2,1029.1,4.2,81,NA
2021-06-18 23:00:00,1017.6,1029.5,3.4,80,NA
2021-06-19 00:00:00,NA,1030,3,80,NA
2021-06-19 23:00:00,1014.4,NA,NA,NA,NA
2021-06-20 00:00:00,1014.2,NA,NA,NA,NA
2021-06-20 09:00:00,1012.4,1024,5.4,86,NA
2021-06-20 10:00:00,1012.4,1024.1,5,89,NA
2021-06-20 11:00:00,1012.8,1024.5,5,85,NA
2021-06-20 12:00:00,1013,1024.8,5.5,80,NA
2021-06-20 13:00:00,1013,1024.6,6.8,74,NA
2021-06-20 14:00:00,1013,1024.5,7.7,68,NA
2021-06-20 15:00:00,1012.8,1024.3,10.1,62,NA
2021-06-20 16:00:00,1012,1023.4,11.7,55,NA
2021-06-20 17:00:00,1011,1022.3,13.4,44,NA
2021-06-20 18:00:00,1010.4,1021.6,13.8,47,NA
2021-06-20 19:00:00,1010,1021.4,13.9,44,NA
2021-06-20 20:00:00,NA,1021.2,11.6,49,NA
2021-06-20 21:00:00,1010.2,1021.8,10,63,NA
2021-06-20 22:00:00,1010.6,1022.4,6.2,79,NA
2021-06-20 23:00:00,1011,1022.7,5,88,NA
2021-06-21 00:00:00,NA,1023,4.2,87,NA
2021-06-22 00:00:00,1010.8,NA,NA,NA,NA
2021-06-22 09:00:00,1011.3,1022.9,6.8,100,NA
2021-06-22 10:00:00,1011.4,1023,6.4,100,NA
2021-06-22 11:00:00,1012,1023.6,5.6,100,NA
2021-06-22 12:00:00,1012,1023.6,5.8,100,NA
2021-06-22 13:00:00,1012.2,1023.8,6.2,100,NA
2021-06-22 14:00:00,1012.8,1024.4,7,100,NA
2021-06-22 15:00:00,NA,1024,7.8,97,NA
2021-06-22 16:00:00,NA,1022.9,9.2,95,NA
2021-06-22 17:00:00,NA,1022,10.2,90,NA
2021-06-22 18:00:00,NA,1021.2,11.2,83,NA
2021-06-22 19:00:00,NA,1020.3,12,81,NA
2021-06-22 20:00:00,NA,1020.4,12.8,75,NA
2021-06-22 21:00:00,NA,1019.8,11.4,81,NA
2021-06-22 22:00:00,NA,1019.5,10.6,85,NA
2021-06-22 23:00:00,NA,1019.6,9.6,90,NA
2021-06-23 00:00:00,NA,1019.5,9.4,92,NA
2021-06-24 00:00:00,1002.2,NA,NA,NA,NA
2021-06-24 09:00:00,1001,1012.5,9,97,NA
2021-06-24 10:00:00,1001.8,1013.3,8.8,99,NA
2021-06-24 11:00:00,1002.2,1013.7,8.8,99,NA
2021-06-24 12:00:00,1002.6,1014.1,9.1,97,NA
2021-06-24 13:00:00,1002.9,1014.2,9.2,97,NA
2021-06-24 14:00:00,1002.6,1013.9,9.9,92,NA
2021-06-24 15:00:00,1002.1,1013.4,11.7,82,NA
2021-06-24 16:00:00,1001,1012.2,14.6,68,NA
2021-06-24 17:00:00,1000.2,1011.3,17.6,34,NA
2021-06-24 18:00:00,1000,1011,17.4,36,NA
2021-06-24 19:00:00,999.7,1010.8,17.3,32,NA
2021-06-24 20:00:00,999.8,1010.9,16.4,39,NA
2021-06-24 21:00:00,NA,1011.6,13,56,NA
2021-06-24 22:00:00,1000.9,1012.3,11.3,61,NA
2021-06-25 00:00:00,NA,1012.9,9.5,75,NA
2021-06-26 00:00:00,1003,NA,NA,NA,NA
2021-06-26 09:00:00,1005.2,1016.7,6.8,92,NA
2021-06-26 10:00:00,NA,1016.7,6.5,93,NA
2021-06-26 11:00:00,NA,1017.6,6,93,NA
2021-06-26 12:00:00,NA,1018.6,6,93,NA
2021-06-26 13:00:00,NA,1018.9,7,90,NA
2021-06-26 14:00:00,NA,1019.6,8.3,85,NA
2021-06-26 15:00:00,NA,1020.3,8.7,77,NA
2021-06-26 16:00:00,NA,1020.6,9.3,70,NA
2021-06-26 17:00:00,NA,1019.6,11,64,NA
2021-06-26 18:00:00,NA,1019.1,11.5,56,NA
2021-06-26 19:00:00,NA,1019.2,11,53,NA
2021-06-26 20:00:00,NA,1020,10,48,NA
2021-06-26 21:00:00,NA,1020.8,8,57,NA
2021-06-26 22:00:00,NA,1021.2,7,62,NA
2021-06-26 23:00:00,NA,1021.6,5.7,75,NA
2021-06-27 00:00:00,NA,1022.1,5,85,NA
2021-06-28 09:00:00,NA,1024.9,5,88,NA
2021-06-28 10:00:00,NA,1025,4.8,88,NA
2021-06-28 11:00:00,NA,1025.4,4,80,NA
2021-06-28 12:00:00,NA,1026.3,3.6,80,NA
2021-06-28 13:00:00,NA,1026.1,4.8,84,NA
2021-06-28 14:00:00,NA,1026.3,6.6,77,NA
2021-06-28 15:00:00,NA,1026.6,7,69,NA
2021-06-28 16:00:00,NA,1026,7.2,66,NA
2021-06-28 17:00:00,NA,1025.7,8,62,NA
2021-06-28 18:00:00,NA,1025.7,7.8,65,NA
2021-06-28 19:00:00,NA,1026,8.2,63,NA
2021-06-28 20:00:00,NA,1026,7.8,65,NA
2021-06-28 21:00:00,NA,1026.1,7.6,62,NA
2021-06-28 22:00:00,NA,1026.4,7.4,62,NA
2021-06-28 23:00:00,NA,1026.9,7.4,62,NA
2021-06-29 00:00:00,NA,1027.4,6.8,69,NA
2021-06-30 00:00:00,1016.8,NA,NA,NA,NA
2021-06-30 09:00:00,1014.1,1025.9,-1,95,NA
2021-06-30 10:00:00,1013.8,1025.7,-1.6,94,NA
2021-06-30 11:00:00,1014.5,1026.4,-1.8,96,NA
2021-06-30 12:00:00,1014.2,1026.1,0,92,NA
2021-06-30 13:00:00,1014.4,1026.3,2.6,79,NA
2021-06-30 14:00:00,1014.4,1026.1,5.6,79,NA
2021-06-30 15:00:00,1013.8,1025.4,7.9,74,NA
2021-06-30 16:00:00,1013,1024.5,9.4,64,NA
2021-06-30 17:00:00,1012,1023.4,10,60,NA
2021-06-30 18:00:00,1011,1022.4,10.4,61,NA
2021-06-30 19:00:00,1010.6,1022.2,10.4,58,NA
2021-06-30 20:00:00,1010.2,1021.8,9.4,72,NA
2021-06-30 21:00:00,1010,1021.8,8.6,71,NA
2021-06-30 22:00:00,1009.8,1021.7,7.7,74,NA
2021-06-30 23:00:00,1010.2,1022.1,6.6,83,NA
2021-07-01 00:00:00,NA,1022.2,5.8,85,NA
