2021-01-07 00:00:00,988.9,NA,NA,NA,NA
2021-01-07 12:00:00,988.6,1008,17.6,83,NA
2021-01-07 13:00:00,988.1,1007.4,20.1,71,NA
2021-01-07 14:00:00,987.7,1006.9,21.6,67,NA
2021-01-07 15:00:00,987.7,1006.9,22.8,61,NA
2021-01-07 16:00:00,987.4,1006.6,24.8,52,NA
2021-01-07 17:00:00,986.8,1005.9,26.4,49,NA
2021-01-07 18:00:00,986.2,1005.3,28.4,43,NA
2021-01-07 19:00:00,985.8,1004.9,30.2,40,NA
2021-01-07 20:00:00,985.3,1004.3,30.8,37,NA
2021-01-07 21:00:00,985,1004,30.9,35,NA
2021-01-07 22:00:00,985.3,1004.4,29.9,36,NA
2021-01-07 23:00:00,985.7,1004.8,28.4,47,NA
2021-01-08 00:00:00,NA,1006.6,25.2,58,NA
2021-01-09 00:00:00,992.8,NA,NA,NA,NA
2021-01-09 12:00:00,994.1,1013.6,18.8,82,NA
2021-01-09 13:00:00,993.6,1012.9,21.2,71,NA
2021-01-09 14:00:00,993.4,1012.8,22.8,53,NA
2021-01-09 15:00:00,992.9,1012.3,24.4,46,NA
2021-01-09 16:00:00,992.4,1011.7,25.1,52,NA
2021-01-09 17:00:00,991.8,1011.1,26.4,44,NA
2021-01-09 18:00:00,991.2,1010.4,26.4,50,NA
2021-01-09 19:00:00,990.2,1009.4,27.6,47,NA
2021-01-09 20:00:00,989.8,1009,27.9,44,NA
2021-01-09 21:00:00,989.3,1008.5,27.6,44,NA
2021-01-09 22:00:00,988.9,1008,27.4,43,NA
2021-01-09 23:00:00,988.9,1008.1,26.1,46,NA
2021-01-10 00:00:00,NA,1008.7,23.4,59,NA
2021-01-11 00:00:00,989,NA,NA,NA,NA
2021-01-11 12:00:00,987.2,1006.6,17.1,94,NA
2021-01-11 13:00:00,987.3,1006.6,17.8,92,NA
2021-01-11 14:00:00,987.4,1006.8,19.8,82,NA
2021-01-11 15:00:00,987.4,1006.8,21.1,73,NA
2021-01-11 16:00:00,987.7,1007,23.2,60,NA
2021-01-11 18:00:00,NA,1007,26.2,37,NA
2021-01-11 19:00:00,988.6,1007.8,25.8,36,NA
2021-01-11 20:00:00,989,1008.3,25.2,35,NA
2021-01-11 21:00:00,989.6,1008.8,24.6,43,NA
2021-01-11 22:00:00,990.9,1010.2,22.9,41,NA
2021-01-11 23:00:00,NA,1011,22.1,33,NA
2021-01-12 00:00:00,NA,1012.7,19.4,39,NA
2021-01-13 00:00:00,998.6,NA,NA,NA,NA
2021-01-13 12:00:00,1002.9,1022.6,18.8,67,NA
2021-01-13 13:00:00,NA,1022.7,22.1,48,NA
2021-01-13 14:00:00,1002.9,1022.6,23.5,42,NA
2021-01-13 15:00:00,1002.9,1022.6,24.3,38,NA
2021-01-13 16:00:00,1002.5,1022.2,25.4,37,NA
2021-01-13 17:00:00,1002.2,1021.8,26.5,34,NA
2021-01-13 18:00:00,1002.1,1021.6,26.5,30,NA
2021-01-13 19:00:00,1001.6,1021.1,26.7,31,NA
2021-01-13 20:00:00,1001,1020.6,26.5,28,NA
2021-01-13 21:00:00,1000.6,1020.2,26.2,29,NA
2021-01-13 22:00:00,1000.5,1020,25.2,30,NA
2021-01-13 23:00:00,1000.9,1020.3,23.8,37,NA
2021-01-14 00:00:00,NA,1020.6,19.5,53,NA
2021-01-15 00:00:00,993.8,NA,NA,NA,NA
2021-01-15 12:00:00,991,1010.4,17.3,92,NA
2021-01-15 13:00:00,991,1010.4,18.8,86,NA
2021-01-15 14:00:00,990.6,1010,19.9,84,NA
2021-01-15 15:00:00,989.6,1008.8,22.3,74,NA
2021-01-15 16:00:00,989.4,1008.7,23.8,71,NA
2021-01-15 17:00:00,987.7,1006.9,25.3,69,NA
2021-01-15 18:00:00,987.8,1007,25.9,73,NA
2021-01-15 19:00:00,987.3,1006.4,26.6,64,NA
2021-01-15 20:00:00,986.9,1006,26.3,62,NA
2021-01-15 21:00:00,986.4,1005.4,26.9,58,NA
2021-01-15 22:00:00,986,1005,26.4,61,NA
2021-01-15 23:00:00,986.2,1005.4,24.5,73,NA
2021-01-16 00:00:00,NA,1005.7,24.3,76,NA
2021-01-17 00:00:00,988.9,NA,NA,NA,NA
2021-01-17 12:00:00,990.5,1010.1,15.8,71,NA
2021-01-17 13:00:00,990.9,1010.5,17.2,62,NA
2021-01-17 14:00:00,990.8,1010.2,18.6,60,NA
2021-01-17 15:00:00,991,1010.5,19.4,44,NA
2021-01-17 16:00:00,990.9,1010.3,19.8,51,NA
2021-01-17 17:00:00,NA,1010,21.4,49,NA
2021-01-17 18:00:00,NA,1010,22.1,45,NA
2021-01-17 19:00:00,NA,1010,22.6,42,NA
2021-01-17 20:00:00,NA,1010.2,23.4,42,NA
2021-01-17 21:00:00,NA,1010.3,23.1,37,NA
2021-01-17 22:00:00,NA,1010.7,22.6,34,NA
2021-01-17 23:00:00,NA,1011,21.2,40,NA
2021-01-18 00:00:00,NA,1011.4,18.6,50,NA
2021-01-19 12:00:00,NA,1017,22.9,53,NA
2021-01-19 13:00:00,NA,1017.1,26.4,44,NA
2021-01-19 14:00:00,NA,1017.4,27.6,38,NA
2021-01-19 15:00:00,NA,1017.4,28.4,35,NA
2021-01-19 16:00:00,NA,1017.2,29.2,33,NA
2021-01-19 17:00:00,NA,1016.6,29.8,35,NA
2021-01-19 18:00:00,NA,1016.4,30.8,35,NA
2021-01-19 19:00:00,NA,1015.9,31.2,31,NA
2021-01-19 20:00:00,NA,1015.5,30.9,32,NA
2021-01-19 21:00:00,NA,1015.3,30.4,32,NA
2021-01-19 22:00:00,NA,1015.2,29.9,34,NA
2021-01-19 23:00:00,NA,1015.4,28.4,35,NA
2021-01-20 00:00:00,NA,1015.9,24.2,58,NA
2021-01-21 12:00:00,NA,1020.4,22.4,72,NA
2021-01-21 13:00:00,NA,1020.2,25.6,57,NA
2021-01-21 14:00:00,NA,1019.7,27.7,51,NA
2021-01-21 15:00:00,NA,1019.3,28.9,46,NA
2021-01-21 16:00:00,NA,1018.8,29.8,42,NA
2021-01-21 17:00:00,NA,1018.4,30.8,36,NA
2021-01-21 18:00:00,NA,1018.4,31.4,33,NA
2021-01-21 19:00:00,NA,1018,31.8,34,NA
2021-01-21 20:00:00,NA,1017.7,31.8,32,NA
2021-01-21 21:00:00,NA,1017.2,31.3,34,NA
2021-01-21 22:00:00,NA,1017.4,30.4,38,NA
2021-01-21 23:00:00,NA,1017.8,29.3,42,NA
2021-01-22 00:00:00,NA,1018.1,25.3,58,NA
2021-01-23 12:00:00,NA,1015.8,23.1,78,NA
2021-01-23 13:00:00,NA,1015.3,26.5,66,NA
2021-01-23 14:00:00,NA,1015,29.5,53,NA
2021-01-23 15:00:00,NA,1014.6,31.2,49,NA
2021-01-23 16:00:00,NA,1014,32.4,43,NA
2021-01-23 17:00:00,NA,1013.4,32.6,41,NA
2021-01-23 18:00:00,NA,1012.7,33.1,39,NA
2021-01-23 19:00:00,NA,1012.3,34.1,34,NA
2021-01-23 20:00:00,NA,1011.8,33.8,35,NA
2021-01-23 21:00:00,NA,1011.2,33.4,35,NA
2021-01-23 22:00:00,NA,1010.9,32.8,35,NA
2021-01-23 23:00:00,NA,1011.3,30.8,45,NA
2021-01-24 00:00:00,NA,1011.6,26.4,63,NA
2021-01-25 12:00:00,NA,1007,25.1,64,NA
2021-01-25 13:00:00,NA,1006.4,28.1,54,NA
2021-01-25 14:00:00,NA,1006,30.1,51,NA
2021-01-25 15:00:00,NA,1005.7,32.5,47,NA
2021-01-25 16:00:00,NA,1005.4,33.8,41,NA
2021-01-25 17:00:00,NA,1004.5,33.8,38,NA
2021-01-25 18:00:00,NA,1004.3,34.2,43,NA
2021-01-25 19:00:00,NA,1003.6,35.1,37,NA
2021-01-25 20:00:00,NA,1002.6,35.2,33,NA
2021-01-25 21:00:00,NA,1002.4,34.8,35,NA
2021-01-25 22:00:00,NA,1001.7,34.1,37,NA
2021-01-25 23:00:00,NA,1002.4,32.4,47,NA
2021-01-26 00:00:00,NA,1002.8,29.1,56,NA
2021-01-26 15:00:00,986,NA,24.3,73,NA
2021-01-26 16:00:00,985.8,NA,25.1,71,NA
2021-01-26 17:00:00,984.9,NA,26.4,65,NA
2021-01-26 18:00:00,985.1,NA,30.4,52,NA
2021-01-26 19:00:00,983.7,NA,31.8,44,NA
2021-01-26 20:00:00,983.4,NA,31.8,46,NA
2021-01-27 12:00:00,NA,1008.7,17.9,74,NA
2021-01-27 13:00:00,NA,1009,20.9,58,NA
2021-01-27 14:00:00,NA,1008.9,23.1,54,NA
2021-01-27 15:00:00,NA,1008.3,24.4,52,NA
2021-01-27 16:00:00,NA,1008,26.9,43,NA
2021-01-27 17:00:00,NA,1006.5,28.8,34,NA
2021-01-27 18:00:00,NA,1005.6,29.4,33,NA
2021-01-27 19:00:00,NA,1005,29.8,28,NA
2021-01-27 20:00:00,NA,1004.4,30.1,30,NA
2021-01-27 21:00:00,NA,1003.7,29.2,34,NA
2021-01-27 22:00:00,NA,1003.7,27.8,36,NA
2021-01-27 23:00:00,NA,1004,25.7,47,NA
2021-01-28 00:00:00,NA,1004.8,24.7,50,NA
2021-01-29 12:00:00,NA,1005.3,19.6,73,NA
2021-01-29 13:00:00,NA,1004.6,24.4,50,NA
2021-01-29 14:00:00,NA,1004.3,26.4,34,NA
2021-01-29 15:00:00,NA,1004.3,27.5,36,NA
2021-01-29 16:00:00,NA,1003.9,27.8,32,NA
2021-01-29 17:00:00,NA,1003.1,28.1,29,NA
2021-01-29 18:00:00,NA,1003.2,29.1,29,NA
2021-01-29 19:00:00,NA,1003.2,28.2,30,NA
2021-01-29 20:00:00,NA,1002.7,29.4,28,NA
2021-01-29 21:00:00,NA,1003,28.4,32,NA
2021-01-29 22:00:00,NA,1003,27.8,32,NA
2021-01-29 23:00:00,NA,1003.8,25.4,35,NA
2021-01-30 00:00:00,NA,1005,22.5,47,NA
2021-01-31 00:00:00,996.9,NA,NA,NA,NA
2021-01-31 12:00:00,1000.9,1020.6,14.4,61,NA
2021-01-31 13:00:00,1000.6,1020.5,16.1,53,NA
2021-01-31 15:00:00,1000.1,1019.8,18.4,44,NA
2021-01-31 16:00:00,999.6,1019.3,18.8,42,NA
2021-01-31 17:00:00,999.2,1018.9,21.2,39,NA
2021-01-31 18:00:00,998.5,1018.2,21.1,38,NA
2021-01-31 19:00:00,998,1017.7,22.2,39,NA
2021-01-31 20:00:00,997.3,1017.1,22.4,37,NA
2021-01-31 21:00:00,996.9,1016.5,22.6,38,NA
2021-01-31 22:00:00,996.8,1016.4,21.2,45,NA
2021-01-31 23:00:00,997.2,1016.8,19.4,55,NA
2021-02-01 00:00:00,997.7,1017.5,17.4,65,NA
2021-02-01 23:00:00,994.5,NA,NA,NA,NA
2021-02-02 00:00:00,994.9,NA,NA,NA,NA
2021-02-02 12:00:00,996.8,1016.3,18.1,82,NA
2021-02-02 13:00:00,996.8,1016.3,19.4,72,NA
2021-02-02 14:00:00,997.2,1016.6,21.4,57,NA
2021-02-02 15:00:00,996.9,1016.4,22.1,53,NA
2021-02-02 16:00:00,996.8,1016.2,22.4,52,NA
2021-02-02 17:00:00,NA,1015.9,23.2,49,NA
2021-02-02 18:00:00,996.4,1015.8,23.7,47,NA
2021-02-02 19:00:00,996.1,1015.5,23.9,46,NA
2021-02-02 20:00:00,995.7,1015.2,24.9,43,NA
2021-02-02 21:00:00,995.3,1014.7,24.6,43,NA
2021-02-02 22:00:00,995.4,1014.9,23.9,48,NA
2021-02-02 23:00:00,995.7,1015.2,21.9,66,NA
2021-02-03 00:00:00,NA,1015.6,21.8,61,NA
2021-02-04 00:00:00,995.8,NA,NA,NA,NA
2021-02-04 12:00:00,1000.5,1019.9,17.9,77,NA
2021-02-04 13:00:00,1000.4,1019.8,21.1,51,NA
2021-02-04 14:00:00,1000.6,1020.1,22.8,39,NA
2021-02-04 15:00:00,1000.6,1020.1,24.6,36,NA
2021-02-04 16:00:00,1000.9,1020.3,25.9,33,NA
2021-02-04 17:00:00,999.8,1019.3,27.1,31,NA
2021-02-04 18:00:00,999.3,1018.7,28.4,29,NA
2021-02-04 19:00:00,998.8,1018.1,28.9,28,NA
2021-02-04 20:00:00,998.5,1017.8,28.9,26,NA
2021-02-04 21:00:00,998,1017.4,29.2,26,NA
2021-02-04 22:00:00,997.7,1017.1,28.8,28,NA
2021-02-04 23:00:00,997.8,1017.2,26.1,38,NA
2021-02-05 00:00:00,NA,1017.7,23.1,47,NA
2021-02-05 12:00:00,NA,1017.5,17.1,76,NA
2021-02-05 13:00:00,NA,1017.5,19.8,68,NA
2021-02-05 14:00:00,NA,1017.2,23.1,53,NA
2021-02-05 15:00:00,NA,1016.9,25.2,48,NA
2021-02-05 16:00:00,NA,1016.3,27.3,44,NA
2021-02-05 17:00:00,NA,1015.5,29.3,36,NA
2021-02-05 18:00:00,NA,1015.6,30.2,33,NA
2021-02-05 19:00:00,NA,1013.8,31.1,29,NA
2021-02-05 20:00:00,NA,1013.3,30.9,30,NA
2021-02-05 21:00:00,NA,1012.7,31.4,28,NA
2021-02-05 22:00:00,NA,1012.2,30.2,34,NA
2021-02-05 23:00:00,NA,1012.3,27.8,40,NA
2021-02-06 00:00:00,993.4,1012.7,24.8,49,NA
2021-02-06 12:00:00,995.4,NA,NA,NA,NA
2021-02-06 13:00:00,995.2,NA,NA,NA,NA
2021-02-06 14:00:00,995.3,NA,NA,NA,NA
2021-02-06 15:00:00,995.2,NA,NA,NA,NA
2021-02-06 16:00:00,994.6,NA,NA,NA,NA
2021-02-06 17:00:00,994.1,NA,NA,NA,NA
2021-02-06 18:00:00,993.7,NA,NA,NA,NA
2021-02-06 19:00:00,992.9,NA,NA,NA,NA
2021-02-06 20:00:00,992.5,NA,NA,NA,NA
2021-02-06 21:00:00,991.8,NA,NA,NA,NA
2021-02-06 22:00:00,991.7,NA,NA,NA,NA
2021-02-06 23:00:00,992.1,NA,NA,NA,NA
2021-02-07 23:00:00,997.3,NA,NA,NA,NA
2021-02-08 12:00:00,NA,1021.3,15.2,76,NA
2021-02-08 13:00:00,NA,1021.3,16.8,66,NA
2021-02-08 14:00:00,NA,1021.4,18.2,60,NA
2021-02-08 15:00:00,NA,1021.4,19.4,55,NA
2021-02-08 16:00:00,NA,1021,21.1,51,NA
2021-02-08 17:00:00,NA,1021,20.4,53,NA
2021-02-08 18:00:00,NA,1020.4,20.8,50,NA
2021-02-08 19:00:00,NA,1020,22.2,45,NA
2021-02-08 20:00:00,NA,1019.8,22.6,45,NA
2021-02-08 21:00:00,NA,1019.9,22.8,46,NA
2021-02-08 22:00:00,NA,1020,20.8,48,NA
2021-02-08 23:00:00,NA,1020.7,19.4,55,NA
2021-02-09 00:00:00,NA,1021.5,17.6,67,NA
2021-02-10 12:00:00,NA,1022.9,18.1,80,NA
2021-02-10 13:00:00,NA,1022.8,19.9,68,NA
2021-02-10 14:00:00,NA,1022.5,21.8,59,NA
2021-02-10 15:00:00,NA,1022,22.6,54,NA
2021-02-10 16:00:00,NA,1021.4,23.4,49,NA
2021-02-10 17:00:00,NA,1021,23.4,54,NA
2021-02-10 18:00:00,NA,1020.4,23.9,48,NA
2021-02-10 19:00:00,NA,1019.4,24.4,49,NA
2021-02-10 20:00:00,NA,1018.9,24.6,45,NA
2021-02-10 21:00:00,NA,1018.4,25.6,38,NA
2021-02-10 22:00:00,NA,1017.8,25.1,40,NA
2021-02-10 23:00:00,NA,1017.8,22.9,51,NA
2021-02-11 00:00:00,998.6,NA,20.6,72,NA
2021-02-11 12:00:00,997.7,NA,19.4,86,NA
2021-02-11 13:00:00,997.6,NA,20.9,78,NA
2021-02-11 14:00:00,997.2,NA,21.8,72,NA
2021-02-11 15:00:00,997,NA,22.2,75,NA
2021-02-11 16:00:00,996.5,NA,22.2,78,NA
2021-02-11 17:00:00,995.6,NA,24.8,61,NA
2021-02-11 18:00:00,995.2,NA,24.7,62,NA
2021-02-11 19:00:00,994.5,NA,26.8,56,NA
2021-02-11 20:00:00,993.8,NA,25.8,56,NA
2021-02-11 21:00:00,994,NA,24.2,60,NA
2021-02-11 22:00:00,994.1,NA,23.8,68,NA
2021-02-11 23:00:00,994.4,NA,21.3,81,NA
2021-02-12 12:00:00,NA,1014.8,19.8,95,NA
2021-02-12 13:00:00,NA,1014.5,20.6,92,NA
2021-02-12 14:00:00,NA,1014.2,22.1,83,NA
2021-02-12 15:00:00,NA,1014.1,22.2,77,NA
2021-02-12 16:00:00,NA,1013.8,24.1,69,NA
2021-02-12 17:00:00,NA,1013.1,24.6,63,NA
2021-02-12 18:00:00,NA,1012.4,25.1,64,NA
2021-02-12 19:00:00,NA,1011.8,23.6,77,NA
2021-02-12 20:00:00,NA,1011.1,25.1,70,NA
2021-02-12 21:00:00,NA,1011.4,22.6,80,NA
2021-02-12 22:00:00,NA,1011.9,20.7,89,NA
2021-02-12 23:00:00,992.5,NA,21.1,90,NA
2021-02-13 00:00:00,992.9,NA,20.2,96,NA
2021-02-13 12:00:00,992.4,NA,20.4,95,NA
2021-02-13 13:00:00,991.7,NA,21.4,86,NA
2021-02-13 14:00:00,991.8,NA,22.2,80,NA
2021-02-13 15:00:00,991.3,NA,23.8,68,NA
2021-02-13 16:00:00,991.3,NA,23.8,73,NA
2021-02-13 17:00:00,989.7,NA,25.4,60,NA
2021-02-13 18:00:00,988.5,NA,26.2,56,NA
2021-02-13 19:00:00,988,NA,26.3,55,NA
2021-02-13 20:00:00,987.4,NA,23.1,69,NA
2021-02-13 21:00:00,987,NA,21.3,79,NA
2021-02-13 22:00:00,987,NA,22.4,78,NA
2021-02-13 23:00:00,987.3,NA,21.8,83,NA
2021-02-14 12:00:00,NA,1006.9,19.2,94,NA
2021-02-14 13:00:00,NA,1006.9,20.9,87,NA
2021-02-14 14:00:00,NA,1006.8,22.8,78,NA
2021-02-14 15:00:00,NA,1006.8,23.6,77,NA
2021-02-14 16:00:00,NA,1006.5,24.4,68,NA
2021-02-14 17:00:00,NA,1006.3,25.8,60,NA
2021-02-14 18:00:00,NA,1005.6,25.9,60,NA
2021-02-14 19:00:00,NA,1005.1,26.1,57,NA
2021-02-14 20:00:00,NA,1004.4,26.4,58,NA
2021-02-14 21:00:00,NA,1005.1,26.6,57,NA
2021-02-14 22:00:00,NA,1006.8,21.8,86,NA
2021-02-14 23:00:00,NA,1006.9,20.6,83,NA
2021-02-15 00:00:00,988.1,NA,20.4,86,NA
2021-02-15 05:00:00,990.6,NA,17.3,89,NA
2021-02-15 06:00:00,990.9,NA,17.7,89,NA
2021-02-15 12:00:00,992.1,NA,18.8,80,NA
2021-02-15 13:00:00,992.2,NA,20.8,70,NA
2021-02-15 14:00:00,993,NA,21.6,64,NA
2021-02-15 15:00:00,992.9,NA,22.4,62,NA
2021-02-15 16:00:00,992.9,NA,23.6,55,NA
2021-02-15 17:00:00,992.8,NA,24.3,53,NA
2021-02-15 18:00:00,992.6,NA,25.6,50,NA
2021-02-15 19:00:00,992.4,NA,23.8,53,NA
2021-02-15 20:00:00,992,NA,23.4,53,NA
2021-02-15 21:00:00,991.8,NA,23.1,49,NA
2021-02-15 22:00:00,991.7,NA,21.3,67,NA
2021-02-15 23:00:00,992.1,NA,20.1,66,NA
2021-02-16 12:00:00,NA,1011.7,16.4,76,NA
2021-02-16 13:00:00,NA,1011.6,18.6,67,NA
2021-02-16 14:00:00,NA,1012.2,19.2,65,NA
2021-02-16 15:00:00,NA,1012,20.6,62,NA
2021-02-16 16:00:00,NA,1011.5,20.2,68,NA
2021-02-16 17:00:00,NA,1010.9,22.8,55,NA
2021-02-16 18:00:00,NA,1010.4,23.6,50,NA
2021-02-16 19:00:00,NA,1009.7,25.6,42,NA
2021-02-16 20:00:00,NA,1009.5,24.8,39,NA
2021-02-16 21:00:00,NA,1009.1,24.6,38,NA
2021-02-16 22:00:00,NA,1009.1,23.6,37,NA
2021-02-16 23:00:00,NA,1009.3,21.8,46,NA
2021-02-17 00:00:00,990.5,NA,17.8,61,NA
2021-02-17 12:00:00,992.2,NA,12.9,98,NA
2021-02-17 13:00:00,992.1,NA,16.8,76,NA
2021-02-17 14:00:00,992.1,NA,21.8,53,NA
2021-02-17 15:00:00,991.7,NA,24.8,39,NA
2021-02-17 16:00:00,991,NA,27.2,32,NA
2021-02-17 17:00:00,990.5,NA,28.8,26,NA
2021-02-17 18:00:00,990.1,NA,29.4,27,NA
2021-02-17 19:00:00,989.4,NA,31.1,24,NA
2021-02-17 21:00:00,988.5,NA,29.6,27,NA
2021-02-17 22:00:00,988.5,NA,28.8,28,NA
2021-02-17 23:00:00,988.8,NA,25.8,36,NA
2021-02-18 12:00:00,NA,1008.8,20.1,66,NA
2021-02-18 13:00:00,NA,1008.5,24.9,53,NA
2021-02-18 14:00:00,NA,1008.3,28.6,43,NA
2021-02-18 15:00:00,NA,1007.6,30.4,35,NA
2021-02-18 16:00:00,NA,1006.9,32.3,30,NA
2021-02-18 17:00:00,NA,1006.6,32.3,30,NA
2021-02-18 18:00:00,NA,1005.9,32.8,31,NA
2021-02-18 19:00:00,NA,1005.5,33.4,29,NA
2021-02-18 20:00:00,NA,1005.3,32.6,27,NA
2021-02-18 21:00:00,NA,1005.3,32.2,28,NA
2021-02-18 22:00:00,NA,1005.3,30.5,53,NA
2021-02-18 23:00:00,986.5,NA,27.8,43,NA
2021-02-19 00:00:00,986.9,NA,23.4,58,NA
2021-02-19 13:00:00,992.9,NA,18.2,43,NA
2021-02-19 14:00:00,993,NA,19.8,36,NA
2021-02-19 15:00:00,994.1,NA,20.6,33,NA
2021-02-19 16:00:00,994.1,NA,22.1,28,NA
2021-02-19 17:00:00,994.2,NA,22.2,25,NA
2021-02-19 18:00:00,994.1,NA,22.8,21,NA
2021-02-19 19:00:00,993.7,NA,23.8,24,NA
2021-02-19 20:00:00,994.1,NA,23.1,20,NA
2021-02-19 21:00:00,994.4,NA,21.8,25,NA
2021-02-19 22:00:00,994.6,NA,20.8,30,NA
2021-02-19 23:00:00,994.9,NA,18.9,33,NA
2021-02-20 12:00:00,NA,1017.9,14.4,40,NA
2021-02-20 13:00:00,NA,1017.8,18.8,26,NA
2021-02-20 14:00:00,NA,1017.6,22.1,18,NA
2021-02-20 15:00:00,NA,1017.2,23.6,19,NA
2021-02-20 16:00:00,NA,1016.2,24.6,15,NA
2021-02-20 17:00:00,NA,1015.7,25.7,15,NA
2021-02-20 18:00:00,NA,1015,26.2,20,NA
2021-02-20 19:00:00,NA,1014.2,27.2,14,NA
2021-02-20 20:00:00,NA,1013.6,26.8,18,NA
2021-02-20 21:00:00,NA,1013.4,25.8,16,NA
2021-02-20 22:00:00,NA,1013.2,24.6,20,NA
2021-02-20 23:00:00,NA,1013.3,20.2,34,NA
2021-02-21 00:00:00,994.1,NA,18.4,38,NA
2021-02-21 12:00:00,995,NA,17.2,53,NA
2021-02-21 13:00:00,994.5,NA,22.1,42,NA
2021-02-21 14:00:00,994.4,NA,24.7,35,NA
2021-02-21 15:00:00,994,NA,27.2,33,NA
2021-02-21 16:00:00,992.9,NA,28.2,41,NA
2021-02-21 18:00:00,991.3,NA,30.5,37,NA
2021-02-21 20:00:00,989.4,NA,31.3,32,NA
2021-02-21 21:00:00,988.9,NA,29.1,42,NA
2021-02-21 22:00:00,988.5,NA,29.8,39,NA
2021-02-21 23:00:00,988.6,NA,27.1,52,NA
2021-02-22 12:00:00,NA,1010.6,17.4,93,NA
2021-02-22 13:00:00,NA,1011.2,18.6,92,NA
2021-02-22 14:00:00,NA,1011.4,19.2,87,NA
2021-02-22 15:00:00,NA,1011.6,19.4,86,NA
2021-02-22 16:00:00,NA,1011.2,19.4,92,NA
2021-02-22 17:00:00,NA,1010.8,23.4,70,NA
2021-02-22 18:00:00,NA,1009.8,25.1,62,NA
2021-02-22 19:00:00,NA,1009.9,25.4,59,NA
2021-02-22 20:00:00,NA,1009.7,26.4,38,NA
2021-02-22 21:00:00,NA,1009.8,25.9,34,NA
2021-02-22 22:00:00,NA,1009.9,25.2,34,NA
2021-02-22 23:00:00,NA,1010.1,23.6,47,NA
2021-02-23 00:00:00,991.6,NA,18.8,71,NA
2021-02-23 12:00:00,996,NA,15.8,83,NA
2021-02-23 13:00:00,996.2,NA,18.2,66,NA
2021-02-23 14:00:00,996.4,NA,21.1,50,NA
2021-02-23 15:00:00,996.4,NA,22.4,47,NA
2021-02-23 16:00:00,996,NA,24.2,42,NA
2021-02-23 17:00:00,995.4,NA,26.2,36,NA
2021-02-23 18:00:00,995.2,NA,27.4,31,NA
2021-02-23 19:00:00,994.5,NA,28.4,36,NA
2021-02-23 20:00:00,994.1,NA,28.4,26,NA
2021-02-23 21:00:00,993.7,NA,28.4,27,NA
2021-02-23 23:00:00,993.7,NA,23.8,47,NA
2021-02-24 12:00:00,NA,1016.8,15.1,83,NA
2021-02-24 13:00:00,NA,1016.7,19.5,64,NA
2021-02-24 14:00:00,NA,1016.6,21.9,44,NA
2021-02-24 15:00:00,NA,1016.3,23.8,36,NA
2021-02-24 16:00:00,NA,1015.5,25.2,34,NA
2021-02-24 17:00:00,NA,1014.9,26.2,35,NA
2021-02-24 18:00:00,NA,1014.2,27.6,35,NA
2021-02-24 19:00:00,NA,1013.2,28.6,34,NA
2021-02-24 20:00:00,NA,1012.7,28.8,32,NA
2021-02-24 21:00:00,NA,1012.6,28.4,32,NA
2021-02-24 22:00:00,NA,1012.6,27.9,36,NA
2021-02-24 23:00:00,NA,1012.8,23.4,57,NA
2021-02-25 00:00:00,993.4,NA,21.6,66,NA
2021-02-25 12:00:00,995.7,NA,20.4,69,NA
2021-02-25 13:00:00,996,NA,24.4,53,NA
2021-02-25 14:00:00,996,NA,26.8,43,NA
2021-02-25 15:00:00,996.1,NA,29.2,38,NA
2021-02-25 16:00:00,995.7,NA,30.4,35,NA
2021-02-25 17:00:00,994.9,NA,31.3,33,NA
2021-02-25 18:00:00,994.6,NA,31.8,29,NA
2021-02-25 19:00:00,994,NA,31.8,28,NA
2021-02-25 20:00:00,994.1,NA,31.8,29,NA
2021-02-25 21:00:00,992.8,NA,31.6,29,NA
2021-02-25 22:00:00,992.8,NA,30.8,33,NA
2021-02-25 23:00:00,992.8,NA,26.9,50,NA
2021-02-26 12:00:00,NA,1014.8,20.6,72,NA
2021-02-26 13:00:00,NA,1014.9,24.2,58,NA
2021-02-26 14:00:00,NA,1014.7,28.1,42,NA
2021-02-26 15:00:00,NA,1014.6,29.6,36,NA
2021-02-26 16:00:00,NA,1014.9,30.6,33,NA
2021-02-26 17:00:00,NA,1013.6,31.8,28,NA
2021-02-26 18:00:00,NA,1013,31.8,28,NA
2021-02-26 19:00:00,NA,1012.6,32.1,28,NA
2021-02-26 20:00:00,NA,1012.4,31.4,30,NA
2021-02-26 21:00:00,NA,1012.6,30.2,35,NA
2021-02-26 22:00:00,NA,1013.5,28.4,34,NA
2021-02-26 23:00:00,995.3,NA,24.8,52,NA
2021-02-27 00:00:00,996.1,NA,22.6,61,NA
2021-02-27 13:00:00,1001.3,NA,23.8,74,NA
2021-02-27 14:00:00,1001,NA,25.8,64,NA
2021-02-27 15:00:00,1000.9,NA,27.2,58,NA
2021-02-27 16:00:00,1000,NA,28.2,51,NA
2021-02-27 17:00:00,999.6,NA,28.8,45,NA
2021-02-27 18:00:00,998.9,NA,29.7,41,NA
2021-02-27 19:00:00,998.2,NA,29.8,34,NA
2021-02-27 20:00:00,997.8,NA,29.4,38,NA
2021-02-27 21:00:00,998.1,NA,28.8,37,NA
2021-02-27 22:00:00,997.8,NA,27.5,43,NA
2021-02-27 23:00:00,998.2,NA,25.1,50,NA
2021-02-28 12:00:00,NA,1018,21.1,87,NA
2021-02-28 13:00:00,NA,1017.8,23.6,75,NA
2021-02-28 14:00:00,NA,1017.7,25.2,67,NA
2021-02-28 15:00:00,NA,1016.9,26.4,62,NA
2021-02-28 16:00:00,NA,1016.2,26.8,62,NA
2021-02-28 17:00:00,NA,1015.5,27.9,64,NA
2021-02-28 18:00:00,NA,1015.1,28.1,62,NA
2021-02-28 19:00:00,NA,1014.4,28.6,56,NA
2021-02-28 20:00:00,NA,1013.9,28.2,58,NA
2021-02-28 21:00:00,NA,1013.6,27.6,59,NA
2021-02-28 22:00:00,NA,1013.3,26.8,63,NA
2021-02-28 23:00:00,NA,1014.1,25.3,66,NA
2021-03-01 00:00:00,NA,1014.4,25.1,66,NA
2021-03-02 09:00:00,NA,1014.9,19.6,100,NA
2021-03-02 10:00:00,NA,1015.2,19.8,100,NA
2021-03-02 11:00:00,NA,1015.5,20.1,99,NA
2021-03-02 12:00:00,NA,1015.8,20.4,99,NA
2021-03-02 13:00:00,NA,1016,22.1,92,NA
2021-03-02 14:00:00,NA,1016.3,23.8,79,NA
2021-03-02 15:00:00,NA,1016.1,25.1,75,NA
2021-03-02 16:00:00,NA,1015.5,27.6,66,NA
2021-03-02 17:00:00,NA,1015.1,28.2,57,NA
2021-03-02 18:00:00,995.6,1014.7,29.3,53,NA
2021-03-02 19:00:00,994.9,1014,29.8,50,NA
2021-03-02 20:00:00,994.5,1013.5,30.1,46,NA
2021-03-02 21:00:00,994.2,1013.3,29.6,49,NA
2021-03-02 22:00:00,994.5,1013.5,28.8,41,NA
2021-03-02 23:00:00,994.8,1013.9,26.1,53,NA
2021-03-03 00:00:00,NA,1014.5,24.8,57,NA
2021-03-04 00:00:00,995.7,NA,NA,NA,NA
2021-03-04 09:00:00,996.1,1015.2,20.1,95,NA
2021-03-04 10:00:00,995.8,1015,20.2,93,NA
2021-03-04 11:00:00,995.8,1015,20.4,93,NA
2021-03-04 12:00:00,NA,1015.3,20.6,95,NA
2021-03-04 13:00:00,996.1,1015.3,21.1,95,NA
2021-03-04 14:00:00,996.6,1015.9,23.2,85,NA
2021-03-04 15:00:00,996.5,1015.7,26.2,66,NA
2021-03-04 16:00:00,995.7,1014.9,26.9,59,NA
2021-03-04 17:00:00,994.6,1013.8,28.4,44,NA
2021-03-04 18:00:00,993.8,1012.9,29.2,41,NA
2021-03-04 19:00:00,993.7,1012.8,29.1,36,NA
2021-03-04 20:00:00,993.3,1012.4,28.8,39,NA
2021-03-04 21:00:00,993.3,1012.5,27.4,45,NA
2021-03-04 22:00:00,993.6,1012.7,25.8,55,NA
2021-03-05 00:00:00,NA,1013.6,22.4,66,NA
2021-03-06 00:00:00,993.7,NA,NA,NA,NA
2021-03-06 09:00:00,994.5,1014.2,8.6,95,NA
2021-03-06 10:00:00,994.8,1014.4,8.4,95,NA
2021-03-06 11:00:00,995.3,1014.9,10.8,94,NA
2021-03-06 12:00:00,995.3,1015,14.4,79,NA
2021-03-06 13:00:00,995.4,1015.1,16.8,67,NA
2021-03-06 14:00:00,995.6,1015.1,19.1,60,NA
2021-03-06 15:00:00,995.2,1014.7,21.1,53,NA
2021-03-06 16:00:00,994.6,1014.2,23.6,50,NA
2021-03-06 17:00:00,993.8,1013.3,24.6,43,NA
2021-03-06 18:00:00,993.7,1013.1,26.1,42,NA
2021-03-06 19:00:00,992.9,1012.4,26.4,36,NA
2021-03-06 20:00:00,992.8,1012.2,27.2,36,NA
2021-03-06 21:00:00,992.2,1011.7,26.8,36,NA
2021-03-06 22:00:00,992.1,1011.7,25.4,39,NA
2021-03-06 23:00:00,992.5,1012,21.4,54,NA
2021-03-07 00:00:00,NA,1012.4,18.2,63,NA
2021-03-08 00:00:00,990,NA,NA,NA,NA
2021-03-08 09:00:00,992.6,1011.7,18.6,51,NA
2021-03-08 10:00:00,993.7,1012.8,17.4,76,NA
2021-03-08 11:00:00,995,1014.4,17.6,83,NA
2021-03-08 12:00:00,995.8,1015.2,18.3,87,NA
2021-03-08 13:00:00,996.5,1015.8,19.1,67,NA
2021-03-08 14:00:00,997.8,1017.2,21.1,53,NA
2021-03-08 15:00:00,998.2,1017.6,23.1,44,NA
2021-03-08 16:00:00,998.1,1017.5,24.1,39,NA
2021-03-08 17:00:00,997.8,1017.1,24.8,35,NA
2021-03-08 18:00:00,997.8,1017.1,25.1,37,NA
2021-03-08 19:00:00,997.6,1016.8,25.8,31,NA
2021-03-08 20:00:00,997.6,1016.9,25.3,35,NA
2021-03-08 21:00:00,997.7,1017.1,24.1,39,NA
2021-03-08 22:00:00,998.1,1017.6,22.4,43,NA
2021-03-08 23:00:00,998.5,1018,20.1,49,NA
2021-03-09 00:00:00,NA,1018.6,18.3,54,NA
2021-03-10 00:00:00,995.7,NA,NA,NA,NA
2021-03-10 09:00:00,994.5,1014,13.1,93,NA
2021-03-10 10:00:00,994.9,1014.5,12.6,96,NA
2021-03-10 11:00:00,995.2,1014.8,13.8,94,NA
2021-03-10 12:00:00,995,1014.7,15.7,87,NA
2021-03-10 13:00:00,994.6,1014.2,19.5,78,NA
2021-03-10 14:00:00,994,1013.4,22.8,58,NA
2021-03-10 15:00:00,993.7,1013,25.1,48,NA
2021-03-10 16:00:00,992.4,1011.6,27.3,42,NA
2021-03-10 17:00:00,990.6,1009.8,29.7,36,NA
2021-03-10 18:00:00,989.7,1008.9,30.1,34,NA
2021-03-10 19:00:00,989.2,1008.3,30.4,36,NA
2021-03-10 20:00:00,988.6,1007.8,29.9,35,NA
2021-03-10 21:00:00,988.4,1007.5,30.1,34,NA
2021-03-10 22:00:00,988.4,1007.6,27.9,39,NA
2021-03-10 23:00:00,988.4,1007.6,25.7,42,NA
2021-03-11 00:00:00,NA,1008,22.1,53,NA
2021-03-12 00:00:00,993.3,NA,NA,NA,NA
2021-03-12 09:00:00,995.7,1015.1,10.1,86,NA
2021-03-12 10:00:00,996.1,1015.6,10.2,88,NA
2021-03-12 11:00:00,996.8,1016.4,11.4,89,NA
2021-03-12 12:00:00,997.2,1016.7,16.2,76,NA
2021-03-12 13:00:00,997.3,1016.7,19.9,50,NA
2021-03-12 14:00:00,998,1017.4,22.6,41,NA
2021-03-12 15:00:00,997,1016.5,24.2,37,NA
2021-03-12 16:00:00,996.8,1016.2,25.4,35,NA
2021-03-12 17:00:00,996.9,1016.4,26.4,31,NA
2021-03-12 18:00:00,996.1,1015.5,27.2,31,NA
2021-03-12 19:00:00,995.6,1015,27.4,39,NA
2021-03-12 20:00:00,995.2,1014.6,28.1,31,NA
2021-03-12 21:00:00,994.9,1014.4,27.9,36,NA
2021-03-12 22:00:00,995,1014.6,25.8,36,NA
2021-03-12 23:00:00,995.3,1014.8,22.4,46,NA
2021-03-13 00:00:00,NA,1015,19.8,54,NA
2021-03-14 09:00:00,NA,1017.8,17.8,66,NA
2021-03-14 10:00:00,NA,1017.6,16.1,73,NA
2021-03-14 11:00:00,NA,1017.9,14.8,78,NA
2021-03-14 12:00:00,NA,1018.7,18.8,71,NA
2021-03-14 13:00:00,NA,1018.7,22.4,55,NA
2021-03-14 14:00:00,NA,1018.9,23.1,54,NA
2021-03-14 15:00:00,NA,1018.5,23.4,49,NA
2021-03-14 16:00:00,NA,1018.4,23.8,47,NA
2021-03-14 17:00:00,NA,1018.7,24.1,47,NA
2021-03-14 18:00:00,NA,1018.7,21.8,51,NA
2021-03-14 19:00:00,NA,1018.3,23.1,47,NA
2021-03-14 20:00:00,NA,1017.7,22.4,52,NA
2021-03-14 21:00:00,NA,1017.4,23.1,48,NA
2021-03-14 22:00:00,NA,1017.2,23.1,51,NA
2021-03-14 23:00:00,NA,1017.1,21.9,55,NA
2021-03-15 00:00:00,NA,1017,19.1,64,NA
2021-03-15 12:00:00,996.2,NA,18.8,72,NA
2021-03-15 13:00:00,996.1,NA,21.2,71,NA
2021-03-15 14:00:00,996.1,NA,21.2,66,NA
2021-03-15 15:00:00,995.8,NA,25.9,43,NA
2021-03-15 16:00:00,995.8,NA,27.2,38,NA
2021-03-15 17:00:00,994.8,NA,27.8,39,NA
2021-03-15 18:00:00,994,NA,28.1,34,NA
2021-03-16 09:00:00,NA,1010.1,16.9,86,NA
2021-03-16 10:00:00,NA,1010.1,18.1,81,NA
2021-03-16 11:00:00,NA,1010.4,18.2,87,NA
2021-03-16 12:00:00,NA,1010.5,19.8,85,NA
2021-03-16 13:00:00,NA,1011.1,19.4,92,NA
2021-03-16 14:00:00,NA,1011.2,18.6,97,NA
2021-03-16 15:00:00,NA,1010.8,18.6,97,NA
2021-03-16 16:00:00,NA,1009.9,18.9,96,NA
2021-03-16 17:00:00,NA,1008.7,19.2,95,NA
2021-03-16 18:00:00,NA,1007.7,19.1,94,NA
2021-03-16 19:00:00,NA,1007.2,18.2,95,NA
2021-03-16 20:00:00,NA,1007.1,17.7,94,NA
2021-03-16 21:00:00,NA,1007.2,17.1,98,NA
2021-03-16 22:00:00,NA,1007.4,17.1,99,NA
2021-03-16 23:00:00,NA,1007.4,17.1,98,NA
2021-03-17 00:00:00,988.8,NA,17.1,98,NA
2021-03-17 09:00:00,993.8,NA,14.4,94,NA
2021-03-17 10:00:00,993.7,NA,13.8,90,NA
2021-03-17 11:00:00,996,NA,13.1,97,NA
2021-03-17 12:00:00,996.5,NA,13.8,79,NA
2021-03-18 09:00:00,NA,1021.3,6.4,83,NA
2021-03-18 10:00:00,NA,1021.6,6.1,97,NA
2021-03-18 11:00:00,NA,1021.7,6.6,97,NA
2021-03-18 12:00:00,NA,1021.6,11.1,85,NA
2021-03-18 13:00:00,NA,1022,13.4,63,NA
2021-03-18 14:00:00,NA,1021,14.6,55,NA
2021-03-18 15:00:00,NA,1021.1,15.8,48,NA
2021-03-18 16:00:00,NA,1020.6,16.4,45,NA
2021-03-18 17:00:00,NA,1019.9,16.4,52,NA
2021-03-18 18:00:00,NA,1019,17.4,43,NA
2021-03-18 19:00:00,NA,1018.7,16.8,44,NA
2021-03-18 20:00:00,NA,1018.7,16.8,51,NA
2021-03-18 21:00:00,NA,1018.8,16.8,49,NA
2021-03-18 22:00:00,NA,1018.9,15.8,57,NA
2021-03-18 23:00:00,NA,1018.7,14.1,63,NA
2021-03-19 00:00:00,998.8,NA,12.6,78,NA
2021-03-19 09:00:00,998,NA,8.4,87,NA
2021-03-19 10:00:00,997.8,NA,6.6,92,NA
2021-03-19 11:00:00,998.1,NA,6.9,94,NA
2021-03-19 12:00:00,998.1,NA,11.4,84,NA
2021-03-19 13:00:00,998.2,NA,15.1,62,NA
2021-03-19 14:00:00,998.1,NA,16.8,53,NA
2021-03-19 15:00:00,997.7,NA,18.8,48,NA
2021-03-19 16:00:00,996.9,NA,19.1,47,NA
2021-03-19 17:00:00,996.1,NA,19.9,46,NA
2021-03-19 18:00:00,995.7,NA,20.1,46,NA
2021-03-19 19:00:00,995,NA,19.1,50,NA
2021-03-19 20:00:00,994.8,NA,18.2,58,NA
2021-03-19 21:00:00,994.6,NA,18.6,57,NA
2021-03-19 22:00:00,994.5,NA,17.4,68,NA
2021-03-19 23:00:00,994.4,NA,16.6,74,NA
2021-03-20 09:00:00,NA,1013.9,15.3,96,NA
2021-03-20 10:00:00,NA,1014,15.1,93,NA
2021-03-20 11:00:00,NA,1014.4,15.1,96,NA
2021-03-20 12:00:00,NA,1014.6,15.4,98,NA
2021-03-20 13:00:00,NA,1014.8,16.2,91,NA
2021-03-20 14:00:00,NA,1014.7,16.8,87,NA
2021-03-20 15:00:00,NA,1015,18.6,78,NA
2021-03-20 16:00:00,NA,1014.2,19.1,75,NA
2021-03-20 17:00:00,NA,1014.3,20.4,69,NA
2021-03-20 18:00:00,NA,1014.3,21.4,62,NA
2021-03-20 19:00:00,NA,1014.5,21.4,65,NA
2021-03-20 20:00:00,NA,1014.6,21.3,63,NA
2021-03-20 21:00:00,NA,1015,21.1,68,NA
2021-03-20 22:00:00,NA,1015.3,21.1,71,NA
2021-03-20 23:00:00,NA,1015.5,19.4,79,NA
2021-03-21 00:00:00,996.2,NA,16.9,82,NA
2021-03-21 09:00:00,1000.1,NA,12.2,91,NA
2021-03-21 10:00:00,1000.6,NA,11.8,90,NA
2021-03-21 11:00:00,1001.8,NA,12.1,90,NA
2021-03-21 12:00:00,1002.5,NA,13.6,89,NA
2021-03-21 13:00:00,1003,NA,15.9,77,NA
2021-03-21 14:00:00,1003.4,NA,17.8,62,NA
2021-03-21 15:00:00,1003.4,NA,19.8,55,NA
2021-03-21 16:00:00,1002.9,NA,21.4,44,NA
2021-03-21 17:00:00,1002.8,NA,22.1,41,NA
2021-03-21 18:00:00,1002.1,NA,22.6,42,NA
2021-03-21 19:00:00,1002,NA,23.2,41,NA
2021-03-21 20:00:00,1001.7,NA,22.9,40,NA
2021-03-21 21:00:00,1001.7,NA,22.4,39,NA
2021-03-21 22:00:00,1002,NA,20.2,49,NA
2021-03-21 23:00:00,1002.4,NA,17.4,60,NA
2021-03-22 09:00:00,NA,1023,9.1,97,NA
2021-03-22 10:00:00,NA,1023.1,8.4,99,NA
2021-03-22 11:00:00,NA,1023.5,10.2,94,NA
2021-03-22 12:00:00,NA,1023.7,12.4,86,NA
2021-03-22 13:00:00,NA,1023.7,14.9,75,NA
2021-03-22 14:00:00,NA,1023.8,17.1,60,NA
2021-03-22 15:00:00,NA,1023.4,18.3,52,NA
2021-03-22 16:00:00,NA,1022.6,20.1,49,NA
2021-03-22 17:00:00,NA,1022.2,21.1,45,NA
2021-03-22 18:00:00,NA,1021.7,21.9,39,NA
2021-03-22 19:00:00,NA,1020.7,21.7,35,NA
2021-03-22 20:00:00,NA,1020.4,22.1,36,NA
2021-03-22 21:00:00,NA,1019.9,21.5,35,NA
2021-03-22 22:00:00,NA,1020.3,19.4,52,NA
2021-03-22 23:00:00,NA,1020.3,16.2,65,NA
2021-03-23 00:00:00,1000.5,NA,15.9,65,NA
2021-03-23 09:00:00,998.8,NA,10.8,86,NA
2021-03-23 10:00:00,998.6,NA,10.1,92,NA
2021-03-23 11:00:00,998.9,NA,10.4,91,NA
2021-03-23 12:00:00,998.9,NA,15.2,86,NA
2021-03-23 13:00:00,998.5,NA,17.9,80,NA
2021-03-23 14:00:00,998.2,NA,20.8,66,NA
2021-03-23 15:00:00,998.1,NA,22.4,57,NA
2021-03-23 16:00:00,997.6,NA,23.2,50,NA
2021-03-23 17:00:00,996.9,NA,24.4,47,NA
2021-03-23 18:00:00,996.1,NA,25.1,44,NA
2021-03-23 19:00:00,995.6,NA,25.1,45,NA
2021-03-23 20:00:00,995.2,NA,24.8,48,NA
2021-03-23 21:00:00,994.9,NA,24.6,49,NA
2021-03-23 22:00:00,995.2,NA,22.6,59,NA
2021-03-23 23:00:00,995.2,NA,19.9,73,NA
2021-03-24 09:00:00,NA,1015.9,12.2,96,NA
2021-03-24 10:00:00,NA,1016.3,12.2,94,NA
2021-03-24 11:00:00,NA,1016.7,12.6,96,NA
2021-03-24 12:00:00,NA,1016.9,15.9,90,NA
2021-03-24 13:00:00,NA,1016.7,18.8,67,NA
2021-03-24 14:00:00,NA,1016.8,22.1,69,NA
2021-03-24 15:00:00,NA,1016.2,24.9,61,NA
2021-03-24 16:00:00,NA,1015.8,25.4,54,NA
2021-03-24 17:00:00,NA,1015.2,27.2,49,NA
2021-03-24 18:00:00,NA,1014.4,27.2,45,NA
2021-03-24 19:00:00,NA,1013.9,26.9,44,NA
2021-03-24 20:00:00,NA,1013.5,27.6,45,NA
2021-03-24 21:00:00,NA,1013.4,25.9,54,NA
2021-03-24 22:00:00,NA,1013.6,23.8,61,NA
2021-03-24 23:00:00,NA,1013.9,21.8,70,NA
2021-03-25 00:00:00,994.9,NA,20.1,83,NA
2021-03-25 09:00:00,994.9,NA,17.4,88,NA
2021-03-25 10:00:00,994.9,NA,16.6,82,NA
2021-03-25 11:00:00,995.4,NA,16.4,90,NA
2021-03-25 12:00:00,995.4,NA,16.4,91,NA
2021-03-25 13:00:00,995.2,NA,16.8,90,NA
2021-03-25 14:00:00,995.2,NA,17.8,85,NA
2021-03-25 15:00:00,994.5,NA,19.8,75,NA
2021-03-25 16:00:00,993.3,NA,22.4,67,NA
2021-03-25 17:00:00,993,NA,21.6,73,NA
2021-03-25 18:00:00,993.3,NA,23.4,63,NA
2021-03-25 19:00:00,993.6,NA,22.6,66,NA
2021-03-25 20:00:00,992.9,NA,22.8,66,NA
2021-03-25 21:00:00,992.6,NA,21.1,77,NA
2021-03-25 22:00:00,992.9,NA,20.2,77,NA
2021-03-25 23:00:00,993.2,NA,19.8,80,NA
2021-03-26 09:00:00,NA,1013.3,17.1,96,NA
2021-03-26 10:00:00,NA,1012.9,16.8,96,NA
2021-03-26 11:00:00,NA,1013.2,16.8,96,NA
2021-03-26 12:00:00,NA,1013.5,16.4,93,NA
2021-03-26 13:00:00,NA,1013.8,16.4,95,NA
2021-03-26 14:00:00,NA,1014.3,16.4,95,NA
2021-03-26 15:00:00,NA,1014.8,16.8,95,NA
2021-03-26 16:00:00,NA,1013.8,16.8,95,NA
2021-03-26 17:00:00,NA,1013.6,17.1,91,NA
2021-03-26 18:00:00,NA,1012.7,17.4,88,NA
2021-03-26 19:00:00,NA,1012.4,18.4,93,NA
2021-03-26 20:00:00,NA,1011.7,18.8,80,NA
2021-03-26 21:00:00,NA,1012.7,17.8,87,NA
2021-03-26 22:00:00,NA,1012.9,17.2,91,NA
2021-03-26 23:00:00,NA,1013.2,16.8,89,NA
2021-03-27 00:00:00,994.1,NA,16.4,92,NA
2021-03-27 09:00:00,993.8,NA,14.4,94,NA
2021-03-27 10:00:00,994.4,NA,14,95,NA
2021-03-27 11:00:00,994.8,NA,13.6,98,NA
2021-03-27 12:00:00,994.8,NA,13.6,97,NA
2021-03-27 14:00:00,995.8,NA,14.1,97,NA
2021-03-27 15:00:00,994.9,NA,14.1,95,NA
2021-03-27 16:00:00,994.9,NA,14.1,97,NA
2021-03-27 17:00:00,996.2,NA,14.1,97,NA
2021-03-27 18:00:00,994.9,NA,14.5,96,NA
2021-03-27 19:00:00,995.2,NA,15.6,91,NA
2021-03-27 20:00:00,995.3,NA,15.5,93,NA
2021-03-27 21:00:00,994.5,NA,15.1,93,NA
2021-03-27 22:00:00,995,NA,15.1,95,NA
2021-03-27 23:00:00,995.3,NA,14.9,93,NA
2021-03-28 09:00:00,NA,1014.8,15.2,97,NA
2021-03-28 10:00:00,NA,1015.3,15.4,94,NA
2021-03-28 11:00:00,NA,1015.7,15.4,96,NA
2021-03-28 12:00:00,NA,1015.9,15.4,97,NA
2021-03-28 13:00:00,NA,1016.4,16.4,97,NA
2021-03-28 14:00:00,NA,1016.3,18.1,84,NA
2021-03-28 15:00:00,NA,1016.3,18.8,84,NA
2021-03-28 16:00:00,NA,1015.8,20.1,80,NA
2021-03-28 17:00:00,NA,1015.6,20.8,79,NA
2021-03-28 18:00:00,NA,1015,21.4,73,NA
2021-03-28 19:00:00,NA,1014.6,21.9,72,NA
2021-03-28 20:00:00,NA,1014.4,22.1,68,NA
2021-03-28 21:00:00,NA,1014.6,21.4,68,NA
2021-03-28 22:00:00,NA,1014.9,19.8,75,NA
2021-03-28 23:00:00,995.7,NA,18.4,81,NA
2021-03-29 00:00:00,996.5,NA,17.1,92,NA
2021-03-29 09:00:00,997.7,NA,9.4,97,NA
2021-03-29 10:00:00,998.1,NA,9.1,98,NA
2021-03-29 11:00:00,998.6,NA,10.3,100,NA
2021-03-29 12:00:00,999,NA,11.1,99,NA
2021-03-29 13:00:00,999.4,NA,12.6,100,NA
2021-03-29 14:00:00,999.7,NA,15.8,86,NA
2021-03-29 15:00:00,999.7,NA,18.6,65,NA
2021-03-29 16:00:00,999.7,NA,20.1,53,NA
2021-03-29 17:00:00,999.2,NA,21.8,36,NA
2021-03-29 18:00:00,998.6,NA,22.6,35,NA
2021-03-29 19:00:00,998.4,NA,23.1,33,NA
2021-03-29 21:00:00,998.1,NA,22.9,34,NA
2021-03-29 22:00:00,998.2,NA,21.1,48,NA
2021-03-29 23:00:00,998.5,NA,18.9,59,NA
2021-03-30 09:00:00,NA,1019.2,10.4,97,NA
2021-03-30 10:00:00,NA,1019.6,10.2,99,NA
2021-03-30 11:00:00,NA,1019.9,10.6,96,NA
2021-03-30 12:00:00,NA,1020.4,13.4,94,NA
2021-03-30 13:00:00,NA,1020.8,15.1,90,NA
2021-03-30 14:00:00,NA,1021,15.2,93,NA
2021-03-30 15:00:00,NA,1020.7,16.8,81,NA
2021-03-30 16:00:00,NA,1020.5,18.2,76,NA
2021-03-30 17:00:00,NA,1019.9,20.4,66,NA
2021-03-30 18:00:00,NA,1019.1,21.6,59,NA
2021-03-30 19:00:00,NA,1018.6,22.1,57,NA
2021-03-30 20:00:00,NA,1018.7,21.9,54,NA
2021-03-30 21:00:00,NA,1018.7,21.6,55,NA
2021-03-30 22:00:00,NA,1018.8,18.8,71,NA
2021-03-30 23:00:00,NA,1019.1,15.2,80,NA
2021-03-31 00:00:00,999.4,NA,14.2,85,NA
2021-03-31 09:00:00,1000.2,NA,10.4,98,NA
2021-03-31 10:00:00,1000.6,NA,11.6,98,NA
2021-03-31 11:00:00,1000.9,NA,11.9,99,NA
2021-03-31 17:00:00,1000.6,NA,20.2,62,NA
2021-03-31 18:00:00,1000,NA,20.6,61,NA
2021-03-31 19:00:00,999.3,NA,20.9,54,NA
2021-03-31 20:00:00,998.9,NA,21.1,53,NA
2021-03-31 21:00:00,998.9,NA,20.2,54,NA
2021-03-31 22:00:00,999.3,NA,17.8,70,NA
2021-03-31 23:00:00,999.3,NA,16.2,74,NA
2021-04-01 09:00:00,NA,1019.8,13.6,94,NA
2021-04-01 10:00:00,NA,1020.2,12.8,94,NA
2021-04-01 11:00:00,NA,1020.4,12.2,96,NA
2021-04-01 12:00:00,NA,1020.8,14.4,90,NA
2021-04-01 13:00:00,NA,1021.1,16.8,81,NA
2021-04-01 14:00:00,NA,1021.1,18.6,73,NA
2021-04-01 15:00:00,NA,1020.9,19.8,55,NA
2021-04-01 16:00:00,NA,1020.7,20.1,55,NA
2021-04-01 17:00:00,NA,1020.6,20.1,55,NA
2021-04-01 18:00:00,NA,1019.8,20.2,54,NA
2021-04-01 19:00:00,NA,1019.2,21.3,53,NA
2021-04-01 20:00:00,NA,1018.7,21.1,51,NA
2021-04-01 21:00:00,NA,1018.6,20.4,61,NA
2021-04-01 22:00:00,NA,1018.8,18.3,70,NA
2021-04-01 23:00:00,NA,1019.1,16.1,80,NA
2021-04-02 00:00:00,999.7,NA,14.1,87,NA
2021-04-02 09:00:00,1001.4,NA,13.8,95,NA
2021-04-02 10:00:00,1001.2,NA,13.8,95,NA
2021-04-02 11:00:00,1001.4,NA,13.4,97,NA
2021-04-02 12:00:00,1001.8,NA,15.1,92,NA
2021-04-02 13:00:00,1002.2,NA,17.6,88,NA
2021-04-02 14:00:00,1002.1,NA,19.3,80,NA
2021-04-02 15:00:00,1001.7,NA,20.8,70,NA
2021-04-02 16:00:00,1001.4,NA,21.4,69,NA
2021-04-02 17:00:00,1000.6,NA,23.1,62,NA
2021-04-02 18:00:00,1000.2,NA,22.2,53,NA
2021-04-02 19:00:00,999.7,NA,23.2,48,NA
2021-04-02 20:00:00,999.3,NA,22.6,54,NA
2021-04-02 21:00:00,999.3,NA,22.2,53,NA
2021-04-02 22:00:00,999.4,NA,19.6,71,NA
2021-04-02 23:00:00,999.6,NA,17.4,83,NA
2021-04-03 09:00:00,NA,1020.3,14.8,94,NA
2021-04-03 10:00:00,NA,1020.3,14.8,97,NA
2021-04-03 11:00:00,NA,1020.9,15.1,96,NA
2021-04-03 12:00:00,NA,1021.1,15.6,94,NA
2021-04-03 13:00:00,NA,1021.2,16.9,90,NA
2021-04-03 14:00:00,NA,1021.1,18.4,84,NA
2021-04-03 15:00:00,NA,1020.9,20.1,78,NA
2021-04-03 16:00:00,NA,1020.5,21.1,69,NA
2021-04-03 17:00:00,NA,1019.5,23.2,60,NA
2021-04-03 18:00:00,NA,1018.7,24.6,53,NA
2021-04-03 19:00:00,NA,1018.3,24.2,54,NA
2021-04-03 20:00:00,NA,1018.1,23.9,58,NA
2021-04-03 21:00:00,NA,1017.9,23.1,61,NA
2021-04-03 22:00:00,NA,1018.2,21.9,61,NA
2021-04-03 23:00:00,998.8,NA,18.1,78,NA
2021-04-04 00:00:00,999,NA,16.2,89,NA
2021-04-04 09:00:00,999,NA,15.6,79,NA
2021-04-04 10:00:00,999.2,NA,16.2,98,NA
2021-04-04 11:00:00,999.6,NA,16.2,98,NA
2021-04-04 12:00:00,999.7,NA,16.4,98,NA
2021-04-04 13:00:00,1000.1,NA,17.2,96,NA
2021-04-04 14:00:00,1000,NA,19.2,87,NA
2021-04-04 15:00:00,999.4,NA,21.8,74,NA
2021-04-04 16:00:00,998.9,NA,23.4,60,NA
2021-04-04 17:00:00,997.8,NA,24.8,51,NA
2021-04-04 18:00:00,996.9,NA,25.1,49,NA
2021-04-04 19:00:00,996.2,NA,25.2,49,NA
2021-04-04 20:00:00,996,NA,24.8,48,NA
2021-04-04 21:00:00,995.7,NA,24.1,52,NA
2021-04-04 22:00:00,995.7,NA,21.9,68,NA
2021-04-04 23:00:00,995.7,NA,19.1,79,NA
2021-04-05 09:00:00,NA,1016,14.8,99,NA
2021-04-05 10:00:00,NA,1016.5,15.1,99,NA
2021-04-05 11:00:00,NA,1016.7,14.4,99,NA
2021-04-05 12:00:00,NA,1016.9,17.1,98,NA
2021-04-05 13:00:00,NA,1017.2,18.2,93,NA
2021-04-05 14:00:00,NA,1016.7,20.6,87,NA
2021-04-05 15:00:00,NA,1016.1,23.2,71,NA
2021-04-05 16:00:00,NA,1015.6,25.2,62,NA
2021-04-05 17:00:00,NA,1015,25.8,56,NA
2021-04-05 18:00:00,NA,1014.3,26.8,53,NA
2021-04-05 19:00:00,NA,1014.1,26.9,58,NA
2021-04-05 20:00:00,NA,1014.3,26.6,52,NA
2021-04-05 21:00:00,NA,1014.5,25.8,55,NA
2021-04-05 22:00:00,NA,1015.3,23.4,68,NA
2021-04-05 23:00:00,NA,1015.5,20.4,78,NA
2021-04-06 00:00:00,996.5,NA,19.9,81,NA
2021-04-06 09:00:00,997.7,NA,17.2,96,NA
2021-04-06 10:00:00,997.8,NA,16.2,96,NA
2021-04-06 11:00:00,998.5,NA,16.2,100,NA
2021-04-06 12:00:00,998.8,NA,16.8,100,NA
2021-04-06 13:00:00,998.9,NA,18.4,100,NA
2021-04-06 14:00:00,999.3,NA,19.2,100,NA
2021-04-06 15:00:00,999,NA,21.5,91,NA
2021-04-06 16:00:00,998.4,NA,23.8,79,NA
2021-04-06 17:00:00,997.7,NA,25.1,74,NA
2021-04-06 18:00:00,996.9,NA,26.3,66,NA
2021-04-06 19:00:00,996.1,NA,27.1,60,NA
2021-04-06 20:00:00,995.4,NA,26.8,63,NA
2021-04-06 21:00:00,995.6,NA,26.1,67,NA
2021-04-06 22:00:00,995.7,NA,24.4,74,NA
2021-04-06 23:00:00,995.7,NA,22.4,83,NA
2021-04-07 09:00:00,NA,1015.7,19.1,96,NA
2021-04-07 10:00:00,NA,1015.7,19.2,98,NA
2021-04-07 11:00:00,NA,1016,19.2,98,NA
2021-04-07 12:00:00,NA,1016.3,19.6,97,NA
2021-04-07 13:00:00,NA,1016.6,22.1,87,NA
2021-04-07 14:00:00,NA,1016,23.2,81,NA
2021-04-07 15:00:00,NA,1015.5,24.8,77,NA
2021-04-07 16:00:00,NA,1014.6,27.4,59,NA
2021-04-07 17:00:00,NA,1014,28.4,55,NA
2021-04-07 18:00:00,NA,1012.7,28.3,55,NA
2021-04-07 19:00:00,NA,1012.5,27.8,54,NA
2021-04-07 20:00:00,NA,1011.8,28.6,52,NA
2021-04-07 21:00:00,NA,1011.7,27.4,58,NA
2021-04-07 22:00:00,NA,1011.8,24.6,71,NA
2021-04-07 23:00:00,NA,1012.4,22.9,80,NA
2021-04-08 00:00:00,NA,1012.5,22.6,80,NA
2021-04-08 15:00:00,991.4,NA,17.1,93,NA
2021-04-08 16:00:00,992.4,NA,15.1,100,NA
2021-04-08 17:00:00,992.1,NA,16.1,93,NA
2021-04-08 18:00:00,992,NA,16.3,95,NA
2021-04-08 19:00:00,990.4,NA,16.8,95,NA
2021-04-08 20:00:00,991.7,NA,16.8,95,NA
2021-04-08 21:00:00,991.2,NA,16.6,95,NA
2021-04-08 22:00:00,991.7,NA,16.4,95,NA
2021-04-08 23:00:00,991.8,NA,16.4,95,NA
2021-04-09 09:00:00,NA,1013.1,15.2,93,NA
2021-04-09 10:00:00,NA,1013.3,15.2,93,NA
2021-04-09 11:00:00,NA,1013.3,15.2,93,NA
2021-04-09 12:00:00,NA,1014.5,16.2,91,NA
2021-04-09 13:00:00,NA,1015.1,16.8,91,NA
2021-04-09 14:00:00,NA,1015.8,17.9,84,NA
2021-04-09 15:00:00,NA,1015.9,18.4,85,NA
2021-04-09 16:00:00,NA,1015.8,19.4,80,NA
2021-04-09 17:00:00,NA,1015.4,20.2,81,NA
2021-04-09 18:00:00,NA,1014.6,20.2,79,NA
2021-04-09 19:00:00,NA,1015.1,20.1,78,NA
2021-04-09 20:00:00,NA,1015.6,20.1,78,NA
2021-04-09 21:00:00,NA,1015.8,19.8,79,NA
2021-04-09 22:00:00,NA,1016,18.4,85,NA
2021-04-09 23:00:00,NA,1016.5,17.2,81,NA
2021-04-10 00:00:00,NA,1016.8,16.8,91,NA
2021-04-11 09:00:00,NA,1011.2,12.8,94,NA
2021-04-11 10:00:00,NA,1012.4,12.4,94,NA
2021-04-11 11:00:00,NA,1013.6,12.1,95,NA
2021-04-11 12:00:00,NA,1014,12.8,96,NA
2021-04-11 13:00:00,NA,1015,14.8,83,NA
2021-04-11 14:00:00,NA,1015.3,16.6,76,NA
2021-04-11 15:00:00,NA,1015.2,17.8,68,NA
2021-04-11 16:00:00,NA,1015.4,19.1,62,NA
2021-04-11 17:00:00,NA,1015.8,20.1,58,NA
2021-04-11 18:00:00,NA,1015.4,20.1,50,NA
2021-04-11 19:00:00,NA,1014.7,21.1,51,NA
2021-04-11 20:00:00,NA,1015.5,21.1,51,NA
2021-04-11 21:00:00,NA,1015.4,20.8,53,NA
2021-04-11 22:00:00,NA,1015.7,18.6,66,NA
2021-04-11 23:00:00,NA,1016.1,16.8,75,NA
2021-04-12 00:00:00,NA,1016.7,15.6,82,NA
2021-04-13 09:00:00,NA,1020.1,10.8,89,NA
2021-04-13 10:00:00,NA,1021.1,9.6,88,NA
2021-04-13 11:00:00,NA,1021.3,9.4,91,NA
2021-04-13 12:00:00,NA,1021.6,12.7,91,NA
2021-04-13 13:00:00,1002.1,1021.9,16.3,72,NA
2021-04-13 14:00:00,1002.2,1021.8,19.3,63,NA
2021-04-13 15:00:00,1002.2,1021.6,21.6,56,NA
2021-04-13 16:00:00,1001.8,1021,23.2,51,NA
2021-04-13 17:00:00,1001,1020.1,24.2,47,NA
2021-04-13 18:00:00,1000.9,1019.9,23.8,44,NA
2021-04-13 19:00:00,1000.4,1020,23.9,49,NA
2021-04-13 21:00:00,1000.1,1019.9,22.4,54,NA
2021-04-13 22:00:00,1000,1019.8,18.9,70,NA
2021-04-13 23:00:00,1000,1019.9,16.8,74,NA
2021-04-14 00:00:00,NA,1020.1,15.6,82,NA
2021-04-15 00:00:00,994.2,NA,NA,NA,NA
2021-04-15 09:00:00,994.4,1014,10.8,94,NA
2021-04-15 10:00:00,994.8,1014.5,10.8,96,NA
2021-04-15 11:00:00,994.5,1014.3,10.4,97,NA
2021-04-15 12:00:00,994.8,1014.5,13.5,93,NA
2021-04-15 13:00:00,995.2,1014.9,16.8,81,NA
2021-04-15 14:00:00,995.2,1014.8,19.4,75,NA
2021-04-15 15:00:00,994.8,1014.3,21.6,65,NA
2021-04-15 16:00:00,994.2,1013.8,23.2,60,NA
2021-04-15 17:00:00,993.4,1012.9,24.6,56,NA
2021-04-15 18:00:00,992.9,1012.4,25.1,58,NA
2021-04-15 19:00:00,992.8,1012.2,25.4,57,NA
2021-04-15 20:00:00,992.9,1012.4,25.1,55,NA
2021-04-15 21:00:00,993.2,1012.7,24.2,58,NA
2021-04-15 22:00:00,993.4,1013.1,21.4,73,NA
2021-04-15 23:00:00,993.7,1013.4,19.1,81,NA
2021-04-16 00:00:00,NA,1013.5,17.4,79,NA
2021-04-17 00:00:00,995.6,NA,NA,NA,NA
2021-04-17 09:00:00,997.4,1016.9,16.1,91,NA
2021-04-17 10:00:00,997.7,1017.2,15.2,93,NA
2021-04-17 11:00:00,997.8,1017.5,14.8,90,NA
2021-04-17 12:00:00,998.5,1018.1,17.8,89,NA
2021-04-17 13:00:00,999.4,1018.8,18.3,87,NA
2021-04-17 14:00:00,999.4,1018.8,19.9,81,NA
2021-04-17 15:00:00,999.4,1018.7,22.6,72,NA
2021-04-17 16:00:00,998.9,1018,23.9,64,NA
2021-04-17 17:00:00,997.7,1016.7,25.2,57,NA
2021-04-17 18:00:00,996.9,1015.8,25.3,56,NA
2021-04-17 19:00:00,997.8,1017,24.8,59,NA
2021-04-17 20:00:00,998.1,1017.3,24.8,59,NA
2021-04-17 21:00:00,997.7,1017.2,23.6,71,NA
2021-04-17 22:00:00,997.3,1016.8,22.1,73,NA
2021-04-17 23:00:00,997,1016.7,18.8,78,NA
2021-04-18 00:00:00,NA,1017.2,16.9,83,NA
2021-04-18 23:00:00,996.8,NA,NA,NA,NA
2021-04-19 00:00:00,996.9,NA,NA,NA,NA
2021-04-19 09:00:00,999.6,1019.2,14.8,98,NA
2021-04-19 10:00:00,999.8,1019.5,14.6,97,NA
2021-04-19 11:00:00,1000.1,1019.8,14.6,98,NA
2021-04-19 12:00:00,1000.5,1020.2,15.2,100,NA
2021-04-19 13:00:00,1000.9,1020.5,16.4,99,NA
2021-04-19 14:00:00,1000.5,1020,19.2,86,NA
2021-04-19 15:00:00,1000.2,1019.8,21.8,73,NA
2021-04-19 16:00:00,999.7,1018.9,23.2,67,NA
2021-04-19 17:00:00,998.9,1018,24.1,63,NA
2021-04-19 18:00:00,998.4,1017.4,24.6,62,NA
2021-04-19 19:00:00,998.1,1017.4,24.9,57,NA
2021-04-19 20:00:00,998.2,1017.5,24.2,57,NA
2021-04-19 21:00:00,998.1,1017.7,22.6,64,NA
2021-04-19 22:00:00,998.5,1018.1,19.8,75,NA
2021-04-19 23:00:00,998.9,1018.5,19.1,78,NA
2021-04-20 00:00:00,NA,1018.8,18.4,79,NA
2021-04-21 00:00:00,998.8,NA,NA,NA,NA
2021-04-21 09:00:00,998.5,1018,15.8,94,NA
2021-04-21 10:00:00,998.6,1018.2,16.2,93,NA
2021-04-21 11:00:00,998.9,1018.5,16.2,93,NA
2021-04-21 12:00:00,999.3,1018.9,16.4,91,NA
2021-04-21 13:00:00,999,1018.5,17.1,92,NA
2021-04-21 14:00:00,997.7,1017.1,19.2,78,NA
2021-04-21 15:00:00,996.8,1016.1,20.8,69,NA
2021-04-21 16:00:00,996.6,1015.8,22.6,64,NA
2021-04-21 17:00:00,996.2,1015.2,22.9,61,NA
2021-04-21 18:00:00,996,1015,23.4,56,NA
2021-04-21 19:00:00,995.3,1014.5,22.8,60,NA
2021-04-21 20:00:00,994.8,1014,22.2,64,NA
2021-04-21 21:00:00,995,1014.5,21.2,68,NA
2021-04-21 22:00:00,994.6,1014.2,19.8,77,NA
2021-04-21 23:00:00,995.6,1015.1,19.2,78,NA
2021-04-22 00:00:00,NA,1016,19.2,78,NA
2021-04-23 00:00:00,995.3,NA,NA,NA,NA
2021-04-23 09:00:00,NA,1014.4,17.6,97,NA
2021-04-23 10:00:00,NA,1014.3,16.8,97,NA
2021-04-23 11:00:00,NA,1014.4,16.9,99,NA
2021-04-23 12:00:00,NA,1015,16.8,99,NA
2021-04-23 13:00:00,NA,1015.2,16.8,100,NA
2021-04-23 14:00:00,NA,1014.8,17.8,97,NA
2021-04-23 15:00:00,NA,1014.3,19.3,87,NA
2021-04-23 16:00:00,NA,1013,21.4,78,NA
2021-04-23 17:00:00,NA,1012.4,21.3,79,NA
2021-04-23 18:00:00,NA,1012.1,20.9,82,NA
2021-04-23 19:00:00,NA,1011.8,18.8,89,NA
2021-04-23 20:00:00,NA,1012.7,16.8,91,NA
2021-04-23 21:00:00,NA,1012.5,15.8,94,NA
2021-04-23 23:00:00,NA,1011.4,15.3,94,NA
2021-04-24 00:00:00,NA,1013.4,15.4,94,NA
2021-04-25 09:00:00,NA,1020.2,9.9,92,NA
2021-04-25 10:00:00,NA,1020.7,9.6,94,NA
2021-04-25 11:00:00,NA,1021.2,9.1,92,NA
2021-04-25 12:00:00,NA,1021.7,10.4,92,NA
2021-04-25 13:00:00,NA,1022.1,14.2,83,NA
2021-04-25 14:00:00,NA,1021.8,15.1,81,NA
2021-04-25 15:00:00,NA,1021.8,17.4,72,NA
2021-04-25 16:00:00,NA,1021.3,17.1,69,NA
2021-04-25 17:00:00,NA,1020.5,17.4,62,NA
2021-04-25 18:00:00,NA,1020,19.1,61,NA
2021-04-25 19:00:00,NA,1020.1,18.1,66,NA
2021-04-25 20:00:00,NA,1020.2,18.2,76,NA
2021-04-25 21:00:00,NA,1020.4,17.8,78,NA
2021-04-25 22:00:00,NA,1020.6,16.4,79,NA
2021-04-25 23:00:00,NA,1021.1,14.4,83,NA
2021-04-26 00:00:00,NA,1021.4,12.5,88,NA
2021-04-27 09:00:00,NA,1019.4,8.2,96,NA
2021-04-27 10:00:00,NA,1019.6,8.2,96,NA
2021-04-27 11:00:00,NA,1020,7.4,96,NA
2021-04-27 12:00:00,NA,1020.4,9.2,96,NA
2021-04-27 13:00:00,NA,1020.7,12.6,85,NA
2021-04-27 14:00:00,NA,1020.3,15.4,78,NA
2021-04-27 15:00:00,NA,1019.7,18.2,60,NA
2021-04-27 16:00:00,NA,1018.7,20.2,51,NA
2021-04-27 17:00:00,NA,1017.7,21.2,48,NA
2021-04-27 18:00:00,NA,1017.2,21.6,47,NA
2021-04-27 19:00:00,NA,1017.3,21.9,49,NA
2021-04-27 20:00:00,NA,1017.2,21.6,50,NA
2021-04-27 21:00:00,NA,1017.4,19.8,60,NA
2021-04-27 22:00:00,NA,1017.6,16.2,76,NA
2021-04-27 23:00:00,NA,1018,14.2,81,NA
2021-04-28 00:00:00,998.5,NA,13.4,83,NA
2021-04-28 09:00:00,999.4,NA,9.6,91,NA
2021-04-28 10:00:00,1000.2,NA,9.1,89,NA
2021-04-28 11:00:00,1000.8,NA,8.2,96,NA
2021-04-28 12:00:00,1001.3,NA,9.7,93,NA
2021-04-28 13:00:00,1001.8,NA,14.1,80,NA
2021-04-28 14:00:00,1001.8,NA,17.1,74,NA
2021-04-28 15:00:00,1001.2,NA,21.1,62,NA
2021-04-28 16:00:00,1000.8,NA,22.2,55,NA
2021-04-28 17:00:00,1000.5,NA,22.7,50,NA
2021-04-28 18:00:00,1000.1,NA,23.1,48,NA
2021-04-28 19:00:00,1000.1,NA,23.4,49,NA
2021-04-28 20:00:00,999.8,NA,23.1,49,NA
2021-04-28 21:00:00,1000.2,NA,20.9,60,NA
2021-04-28 22:00:00,1000.1,NA,17.8,74,NA
2021-04-28 23:00:00,1000.5,NA,15.9,82,NA
2021-04-29 09:00:00,NA,1020.9,9.4,99,NA
2021-04-29 10:00:00,NA,1021.5,8.9,100,NA
2021-04-29 11:00:00,NA,1021.9,8.6,97,NA
2021-04-29 12:00:00,NA,1022.3,9.8,99,NA
2021-04-29 13:00:00,NA,1022.5,13.9,82,NA
2021-04-29 14:00:00,NA,1022.4,17.2,74,NA
2021-04-29 15:00:00,NA,1022,20.3,61,NA
2021-04-29 16:00:00,NA,1021,21.8,51,NA
2021-04-29 17:00:00,NA,1020.4,22.3,51,NA
2021-04-29 18:00:00,NA,1019.6,22.4,55,NA
2021-04-29 19:00:00,NA,1019.7,23.1,48,NA
2021-04-29 20:00:00,NA,1019.6,22.8,49,NA
2021-04-29 21:00:00,NA,1019.7,21.6,53,NA
2021-04-29 22:00:00,NA,1019.8,17.3,71,NA
2021-04-29 23:00:00,NA,1019.9,14.4,78,NA
2021-04-30 00:00:00,1000.1,NA,12.9,82,NA
2021-04-30 09:00:00,999.6,NA,7.2,95,NA
2021-04-30 10:00:00,999.7,NA,6.8,95,NA
2021-04-30 11:00:00,999.7,NA,5.4,98,NA
2021-04-30 12:00:00,999.8,NA,8.4,96,NA
2021-04-30 13:00:00,1000.1,NA,12.2,89,NA
2021-04-30 14:00:00,999.8,NA,15.8,80,NA
2021-04-30 15:00:00,999.3,NA,18.2,63,NA
2021-04-30 16:00:00,998.6,NA,19.6,54,NA
2021-04-30 17:00:00,997.7,NA,20.4,56,NA
2021-04-30 18:00:00,996.5,NA,21.2,47,NA
2021-04-30 19:00:00,996.1,NA,20.9,51,NA
2021-04-30 20:00:00,995.8,NA,20.6,51,NA
2021-04-30 21:00:00,995.4,NA,18.6,62,NA
2021-04-30 22:00:00,995.3,NA,14.2,79,NA
2021-04-30 23:00:00,995.7,NA,12.9,86,NA
2021-05-01 09:00:00,NA,1016,6.9,97,NA
2021-05-01 10:00:00,NA,1016.4,7.1,97,NA
2021-05-01 11:00:00,NA,1016.7,6.4,99,NA
2021-05-01 12:00:00,NA,1016.6,9.3,100,NA
2021-05-01 13:00:00,NA,1017.2,13.2,85,NA
2021-05-01 14:00:00,NA,1017,15.8,71,NA
2021-05-01 15:00:00,NA,1016,19.1,57,NA
2021-05-01 16:00:00,NA,1015,20.9,47,NA
2021-05-01 17:00:00,NA,1014,22.1,40,NA
2021-05-01 18:00:00,NA,1013.9,22.2,39,NA
2021-05-01 19:00:00,NA,1013.5,22.4,46,NA
2021-05-01 20:00:00,NA,1013.3,21.4,46,NA
2021-05-01 21:00:00,NA,1013.7,20.1,58,NA
2021-05-01 22:00:00,NA,1013.8,17.4,68,NA
2021-05-01 23:00:00,NA,1014.5,15.2,76,NA
2021-05-02 00:00:00,994.5,NA,14.9,79,NA
2021-05-02 09:00:00,994,NA,13.8,90,NA
2021-05-02 10:00:00,993.8,NA,13.1,90,NA
2021-05-02 11:00:00,994.1,NA,13.1,90,NA
2021-05-02 12:00:00,994.4,NA,13.8,90,NA
2021-05-02 13:00:00,994.2,NA,15.3,85,NA
2021-05-02 14:00:00,994.1,NA,18.1,77,NA
2021-05-02 15:00:00,993.7,NA,20.8,66,NA
2021-05-02 16:00:00,993.6,NA,22.4,62,NA
2021-05-02 17:00:00,992.5,NA,23.4,62,NA
2021-05-02 18:00:00,991.7,NA,22.6,68,NA
2021-05-02 19:00:00,990.9,NA,22.6,69,NA
2021-05-02 20:00:00,990.5,NA,22.8,70,NA
2021-05-02 21:00:00,990.8,NA,22.1,73,NA
2021-05-02 22:00:00,990.5,NA,20.2,84,NA
2021-05-02 23:00:00,991,NA,19.6,88,NA
2021-05-03 09:00:00,NA,1010,14.6,84,NA
2021-05-03 10:00:00,NA,1010.6,14.6,82,NA
2021-05-03 11:00:00,NA,1011.4,14.2,75,NA
2021-05-03 12:00:00,NA,1011.2,13.2,87,NA
2021-05-03 13:00:00,NA,1011.8,14.6,80,NA
2021-05-03 14:00:00,NA,1010,15.4,72,NA
2021-05-03 15:00:00,NA,1012.8,14.4,88,NA
2021-05-03 16:00:00,NA,1010.7,16.2,74,NA
2021-05-03 17:00:00,NA,1011,16.4,71,NA
2021-05-03 18:00:00,NA,1009.8,16.4,65,NA
2021-05-03 19:00:00,NA,1011.1,16.6,69,NA
2021-05-03 20:00:00,NA,1011.4,15.8,65,NA
2021-05-03 21:00:00,NA,1011.9,15.2,66,NA
2021-05-03 22:00:00,NA,1012.6,14.6,71,NA
2021-05-03 23:00:00,994.5,NA,13.8,81,NA
2021-05-04 00:00:00,995.3,NA,12.2,89,NA
2021-05-04 09:00:00,1000.9,NA,5.6,79,NA
2021-05-04 10:00:00,1002,NA,5.8,76,NA
2021-05-04 11:00:00,1002.8,NA,5.2,80,NA
2021-05-04 12:00:00,1004,NA,5.7,84,NA
2021-05-04 13:00:00,1005.2,NA,9.4,77,NA
2021-05-04 14:00:00,1005.4,NA,11.1,68,NA
2021-05-04 15:00:00,1005.8,NA,12.4,62,NA
2021-05-04 16:00:00,1005.7,NA,12.6,60,NA
2021-05-04 17:00:00,1005.3,NA,13.2,59,NA
2021-05-04 18:00:00,1004.9,NA,13.8,51,NA
2021-05-04 19:00:00,1005.3,NA,13.6,45,NA
2021-05-04 20:00:00,1005.7,NA,12.2,58,NA
2021-05-04 21:00:00,1006.8,NA,10.8,64,NA
2021-05-04 22:00:00,1007.4,NA,8.8,72,NA
2021-05-04 23:00:00,1008.1,NA,6.4,86,NA
2021-05-05 09:00:00,NA,1028.6,0.4,98,NA
2021-05-05 10:00:00,NA,1028.5,0.6,98,NA
2021-05-05 11:00:00,NA,1028.8,0.1,96,NA
2021-05-05 12:00:00,NA,1028.7,0.8,94,NA
2021-05-05 13:00:00,NA,1028.9,4.8,94,NA
2021-05-05 14:00:00,NA,1028.8,9.2,76,NA
2021-05-05 15:00:00,NA,1028.6,11.3,75,NA
2021-05-05 16:00:00,NA,1028.1,11.3,63,NA
2021-05-05 17:00:00,NA,1027.2,12.4,53,NA
2021-05-05 18:00:00,NA,1026.4,12.8,50,NA
2021-05-05 19:00:00,NA,1026.2,12.4,50,NA
2021-05-05 20:00:00,NA,1026.2,12.2,51,NA
2021-05-05 21:00:00,NA,1026,11.4,59,NA
2021-05-05 22:00:00,NA,1026.2,10.1,65,NA
2021-05-05 23:00:00,NA,1026.5,8.1,74,NA
2021-05-06 00:00:00,1006.1,NA,6.4,78,NA
2021-05-06 09:00:00,1005.8,NA,1.4,87,NA
2021-05-06 10:00:00,1006.2,NA,0.2,90,NA
2021-05-06 11:00:00,1006.2,NA,0.7,84,NA
2021-05-06 12:00:00,1006.1,NA,2.8,77,NA
2021-05-06 13:00:00,1006.5,NA,7.8,75,NA
2021-05-06 14:00:00,1006.5,NA,10.5,80,NA
2021-05-06 15:00:00,1006.4,NA,14.2,55,NA
2021-05-06 16:00:00,1006,NA,15.1,49,NA
2021-05-06 17:00:00,1005.3,NA,15.8,42,NA
2021-05-06 18:00:00,1004.8,NA,16.7,38,NA
2021-05-06 19:00:00,1004.6,NA,16.4,43,NA
2021-05-06 20:00:00,1004.5,NA,15.8,43,NA
2021-05-06 21:00:00,1004.2,NA,14.6,52,NA
2021-05-06 22:00:00,1004.6,NA,11.8,59,NA
2021-05-06 23:00:00,1004.6,NA,8.6,72,NA
2021-05-07 09:00:00,NA,1025.9,3.8,90,NA
2021-05-07 10:00:00,NA,1026.3,1.8,91,NA
2021-05-07 11:00:00,NA,1026.8,3.4,95,NA
2021-05-07 12:00:00,NA,1027,3.8,92,NA
2021-05-07 13:00:00,NA,1027.5,10.6,84,NA
2021-05-07 14:00:00,NA,1027.5,13.1,73,NA
2021-05-07 15:00:00,NA,1027.2,14.4,63,NA
2021-05-07 16:00:00,NA,1026.8,15.2,58,NA
2021-05-07 17:00:00,NA,1026.4,15.8,55,NA
2021-05-07 18:00:00,NA,1025.6,16.2,50,NA
2021-05-07 19:00:00,NA,1025.7,16.2,48,NA
2021-05-07 20:00:00,NA,1026.2,15.6,53,NA
2021-05-07 21:00:00,NA,1026.2,13.4,66,NA
2021-05-07 22:00:00,NA,1026.5,9.6,78,NA
2021-05-07 23:00:00,1006.1,NA,7.8,87,NA
2021-05-08 00:00:00,1006.5,NA,6.9,88,NA
2021-05-08 09:00:00,1006.6,NA,4.2,98,NA
2021-05-08 13:00:00,1007.3,NA,9.2,98,NA
2021-05-08 14:00:00,1007.3,NA,12.4,84,NA
2021-05-08 15:00:00,1007.3,NA,15.1,59,NA
2021-05-08 16:00:00,1007,NA,16.2,55,NA
2021-05-08 17:00:00,1006.1,NA,16.4,55,NA
2021-05-08 18:00:00,1005.4,NA,16.9,51,NA
2021-05-08 19:00:00,1004.9,NA,16.8,54,NA
2021-05-08 20:00:00,1004.5,NA,16.2,56,NA
2021-05-08 21:00:00,1004.1,NA,13.4,72,NA
2021-05-08 22:00:00,1003.7,NA,11.2,79,NA
2021-05-08 23:00:00,1004.4,NA,11.1,83,NA
2021-05-09 09:00:00,NA,1024,6.3,99,NA
2021-05-09 10:00:00,NA,1023.8,7.8,99,NA
2021-05-09 11:00:00,NA,1024,8.3,100,NA
2021-05-09 12:00:00,NA,1024.1,8.6,100,NA
2021-05-09 13:00:00,NA,1024.4,8.9,100,NA
2021-05-09 14:00:00,NA,1024.6,9.6,99,NA
2021-05-09 15:00:00,NA,1023.8,10.6,97,NA
2021-05-09 16:00:00,NA,1023.6,11.6,91,NA
2021-05-09 17:00:00,NA,1022.5,12.8,87,NA
2021-05-09 18:00:00,NA,1022,14.6,82,NA
2021-05-09 19:00:00,NA,1021.4,14.6,80,NA
2021-05-09 20:00:00,NA,1020.9,14.3,80,NA
2021-05-09 21:00:00,NA,1020.5,13.9,81,NA
2021-05-09 22:00:00,NA,1021,12.4,92,NA
2021-05-09 23:00:00,NA,1021.8,11.2,91,NA
2021-05-10 00:00:00,1001.8,NA,10.3,94,NA
2021-05-10 09:00:00,1002.8,NA,7.1,97,NA
2021-05-10 10:00:00,1003.3,NA,7.2,83,NA
2021-05-10 11:00:00,1004.1,NA,6.4,86,NA
2021-05-10 12:00:00,1004.9,NA,7.6,82,NA
2021-05-10 13:00:00,1005.3,NA,9.4,77,NA
2021-05-10 14:00:00,1005.2,NA,11.6,70,NA
2021-05-10 15:00:00,1005.2,NA,12.6,61,NA
2021-05-10 16:00:00,1004.8,NA,13.5,58,NA
2021-05-10 17:00:00,1004.4,NA,14.1,48,NA
2021-05-10 18:00:00,1003.8,NA,14.2,48,NA
2021-05-10 19:00:00,1003.7,NA,14.2,45,NA
2021-05-10 20:00:00,1003.7,NA,13.8,42,NA
2021-05-10 21:00:00,1004.2,NA,11.9,54,NA
2021-05-10 22:00:00,1004.6,NA,9.2,62,NA
2021-05-10 23:00:00,1004.9,NA,6.9,71,NA
2021-05-11 09:00:00,NA,1025.1,0.6,81,NA
2021-05-11 10:00:00,NA,1025.3,1.1,83,NA
2021-05-11 11:00:00,NA,1025.7,1.2,81,NA
2021-05-11 12:00:00,NA,1026,1.8,80,NA
2021-05-11 13:00:00,NA,1026.2,6.2,66,NA
2021-05-11 14:00:00,NA,1026.1,9.8,56,NA
2021-05-11 15:00:00,NA,1025.5,13.4,41,NA
2021-05-11 16:00:00,NA,1024.9,15.4,36,NA
2021-05-11 17:00:00,NA,1024,15.8,37,NA
2021-05-11 18:00:00,NA,1023,16.2,34,NA
2021-05-11 19:00:00,NA,1022.6,16.1,37,NA
2021-05-11 20:00:00,NA,1022.4,15.8,39,NA
2021-05-11 21:00:00,NA,1022.6,12.9,50,NA
2021-05-11 22:00:00,NA,1022.5,11.4,50,NA
2021-05-11 23:00:00,NA,1022.7,9.2,63,NA
2021-05-12 00:00:00,1002.4,NA,6.8,70,NA
2021-05-12 10:00:00,1002.4,NA,2.4,66,NA
2021-05-12 11:00:00,1002.4,NA,1.8,76,NA
2021-05-12 12:00:00,1002.4,NA,3.8,69,NA
2021-05-12 13:00:00,1002.4,NA,8.8,57,NA
2021-05-12 14:00:00,1000.6,NA,12.4,43,NA
2021-05-12 15:00:00,1000.5,NA,11.5,71,NA
2021-05-12 16:00:00,1000.5,NA,16.2,44,NA
2021-05-12 17:00:00,1000.5,NA,18.4,45,NA
2021-05-12 18:00:00,1000.5,NA,18.8,44,NA
2021-05-12 19:00:00,1000.6,NA,19.2,44,NA
2021-05-12 20:00:00,1000.5,NA,18.5,47,NA
2021-05-12 21:00:00,1000.5,NA,15.4,58,NA
2021-05-12 23:00:00,1000.5,NA,10.7,80,NA
2021-05-13 09:00:00,NA,1019,8.3,68,NA
2021-05-13 10:00:00,NA,1019.6,6.1,76,NA
2021-05-13 11:00:00,NA,1020.2,6.8,88,NA
2021-05-13 12:00:00,NA,1020.5,6.8,87,NA
2021-05-13 13:00:00,NA,1021,10.9,67,NA
2021-05-13 14:00:00,NA,1020.8,13.4,62,NA
2021-05-13 15:00:00,NA,1020.8,15.9,56,NA
2021-05-13 16:00:00,NA,1020.1,18.6,52,NA
2021-05-13 17:00:00,NA,1019.5,19.8,47,NA
2021-05-13 18:00:00,NA,1019.1,20.8,46,NA
2021-05-13 19:00:00,NA,1019.4,20.1,49,NA
2021-05-13 20:00:00,NA,1019.5,19.3,50,NA
2021-05-13 21:00:00,NA,1020,17.1,62,NA
2021-05-13 22:00:00,NA,1020.6,13.4,76,NA
2021-05-13 23:00:00,NA,1020.9,10.8,84,NA
2021-05-14 00:00:00,1000.9,NA,9.2,90,NA
2021-05-14 09:00:00,1001,NA,4.2,85,NA
2021-05-14 10:00:00,1001.3,NA,5.1,78,NA
2021-05-14 11:00:00,1001.7,NA,4.3,82,NA
2021-05-14 12:00:00,1001.7,NA,5.6,80,NA
2021-05-14 13:00:00,1002.1,NA,9.2,80,NA
2021-05-14 14:00:00,1002.2,NA,11.8,69,NA
2021-05-14 15:00:00,1002.1,NA,14.2,60,NA
2021-05-14 16:00:00,1001.3,NA,15.6,52,NA
2021-05-14 17:00:00,999.8,NA,15.9,51,NA
2021-05-14 18:00:00,999.3,NA,16.8,40,NA
2021-05-14 19:00:00,998.9,NA,17.4,40,NA
2021-05-14 20:00:00,999,NA,16.6,41,NA
2021-05-14 21:00:00,999.4,NA,13.4,70,NA
2021-05-14 22:00:00,999.4,NA,10.4,76,NA
2021-05-14 23:00:00,1000,NA,9.9,80,NA
2021-05-15 09:00:00,NA,1020,6.2,84,NA
2021-05-15 10:00:00,NA,1020.4,5.8,87,NA
2021-05-15 11:00:00,NA,1020.5,5.8,79,NA
2021-05-15 12:00:00,NA,1020.9,7.1,80,NA
2021-05-15 13:00:00,NA,1020.7,11.2,68,NA
2021-05-15 14:00:00,NA,1020.8,13.8,62,NA
2021-05-15 15:00:00,NA,1020.7,16.2,52,NA
2021-05-15 16:00:00,NA,1020.1,17.1,49,NA
2021-05-15 17:00:00,NA,1019.6,18.4,47,NA
2021-05-15 18:00:00,NA,1019.1,19.2,40,NA
2021-05-15 19:00:00,NA,1018.8,19.2,38,NA
2021-05-15 20:00:00,NA,1019,17.8,47,NA
2021-05-15 21:00:00,NA,1019.4,15.4,62,NA
2021-05-15 22:00:00,NA,1019.5,13.2,70,NA
2021-05-15 23:00:00,NA,1020,11.2,86,NA
2021-05-16 00:00:00,1000,NA,10.8,76,NA
2021-05-16 09:00:00,1000.1,NA,7.6,82,NA
2021-05-16 10:00:00,1000.2,NA,6.1,85,NA
2021-05-16 11:00:00,1000.5,NA,7.1,88,NA
2021-05-16 12:00:00,1000.6,NA,8.2,85,NA
2021-05-16 13:00:00,1001,NA,12.1,77,NA
2021-05-16 14:00:00,1000.5,NA,12.2,75,NA
2021-05-16 15:00:00,1000.9,NA,14.9,62,NA
2021-05-16 16:00:00,1000.5,NA,17.1,52,NA
2021-05-16 17:00:00,999.7,NA,16.8,51,NA
2021-05-16 18:00:00,999.4,NA,18.6,45,NA
2021-05-16 19:00:00,999,NA,18.6,48,NA
2021-05-16 20:00:00,999.3,NA,18.8,50,NA
2021-05-16 21:00:00,999.7,NA,15.2,71,NA
2021-05-16 22:00:00,1000.1,NA,12.6,82,NA
2021-05-16 23:00:00,1000.6,NA,11.7,85,NA
2021-05-17 09:00:00,NA,1022.6,3.9,100,NA
2021-05-17 10:00:00,NA,1023.1,5.4,86,NA
2021-05-17 11:00:00,NA,1023.5,2.4,98,NA
2021-05-17 12:00:00,NA,1023.7,2.8,98,NA
2021-05-17 13:00:00,NA,1023.8,7.4,93,NA
2021-05-17 14:00:00,NA,1024.1,11.4,86,NA
2021-05-17 15:00:00,NA,1023.8,13.8,64,NA
2021-05-17 16:00:00,NA,1023.4,15.3,59,NA
2021-05-17 17:00:00,NA,1022.8,15.2,56,NA
2021-05-17 18:00:00,NA,1022,15.8,52,NA
2021-05-17 19:00:00,NA,1021.5,16.1,57,NA
2021-05-17 20:00:00,NA,1022.1,15.6,53,NA
2021-05-17 21:00:00,NA,1022.4,14.2,63,NA
2021-05-17 22:00:00,NA,1022.5,11.6,69,NA
2021-05-17 23:00:00,NA,1022.6,8.6,77,NA
2021-05-18 00:00:00,1002.1,NA,7.8,84,NA
2021-05-18 09:00:00,1001.3,NA,5.2,95,NA
2021-05-18 10:00:00,1001.4,NA,4.4,98,NA
2021-05-18 11:00:00,1001.7,NA,3.4,98,NA
2021-05-18 12:00:00,1001.8,NA,5.8,95,NA
2021-05-18 13:00:00,1002.5,NA,9.1,86,NA
2021-05-18 14:00:00,1002.4,NA,10.8,81,NA
2021-05-18 15:00:00,1001.7,NA,13.4,70,NA
2021-05-18 16:00:00,1001.3,NA,14.4,63,NA
2021-05-18 17:00:00,999.8,NA,15.7,59,NA
2021-05-18 18:00:00,999.4,NA,15.7,59,NA
2021-05-18 19:00:00,998.8,NA,15.9,54,NA
2021-05-18 20:00:00,999.7,NA,14.8,61,NA
2021-05-18 21:00:00,998.8,NA,11.8,75,NA
2021-05-18 22:00:00,998.9,NA,9.6,83,NA
2021-05-18 23:00:00,998.9,NA,8.6,85,NA
2021-05-19 09:00:00,NA,1018.5,6.8,93,NA
2021-05-19 10:00:00,NA,1018.8,6.4,95,NA
2021-05-19 11:00:00,NA,1018.8,5.8,95,NA
2021-05-19 12:00:00,NA,1018.9,6.9,94,NA
2021-05-19 13:00:00,NA,1019.3,9.4,88,NA
2021-05-19 14:00:00,NA,1019,11.2,84,NA
2021-05-19 15:00:00,NA,1018.7,13.2,72,NA
2021-05-19 16:00:00,NA,1017.8,14.8,64,NA
2021-05-19 17:00:00,NA,1017.1,15.1,63,NA
2021-05-19 18:00:00,NA,1016.8,15.1,63,NA
2021-05-19 19:00:00,NA,1016.9,14.2,67,NA
2021-05-19 20:00:00,NA,1017,13.2,74,NA
2021-05-19 21:00:00,NA,1017.4,12.2,80,NA
2021-05-19 22:00:00,NA,1018.1,11.4,89,NA
2021-05-19 23:00:00,NA,1017.7,11.1,90,NA
2021-05-20 00:00:00,997.6,NA,10.8,93,NA
2021-05-20 09:00:00,997.6,NA,7.6,98,NA
2021-05-20 10:00:00,997.7,NA,7.1,91,NA
2021-05-20 11:00:00,997.8,NA,6.9,94,NA
2021-05-20 12:00:00,998.5,NA,7.4,96,NA
2021-05-20 13:00:00,998.1,NA,9.7,93,NA
2021-05-20 14:00:00,998.1,NA,11.4,88,NA
2021-05-20 16:00:00,996.6,NA,13.9,73,NA
2021-05-20 17:00:00,996,NA,14.4,67,NA
2021-05-20 18:00:00,995.4,NA,14.6,69,NA
2021-05-20 19:00:00,995.3,NA,14.4,67,NA
2021-05-20 20:00:00,995.4,NA,13.9,71,NA
2021-05-20 21:00:00,996.2,NA,13.4,76,NA
2021-05-20 22:00:00,996.9,NA,12.4,84,NA
2021-05-20 23:00:00,996.9,NA,12.2,84,NA
2021-05-21 09:00:00,NA,1014.1,11.5,90,NA
2021-05-21 10:00:00,NA,1012.6,10.8,95,NA
2021-05-21 11:00:00,NA,1014.1,11.6,91,NA
2021-05-21 12:00:00,NA,1015.1,11.4,97,NA
2021-05-21 13:00:00,NA,1015.8,11.6,99,NA
2021-05-21 14:00:00,NA,1015.5,11.8,96,NA
2021-05-21 15:00:00,NA,1014.2,11.9,95,NA
2021-05-21 16:00:00,NA,1013.3,12.1,95,NA
2021-05-21 17:00:00,NA,1013,11.8,93,NA
2021-05-21 18:00:00,NA,1012.2,12.4,94,NA
2021-05-21 19:00:00,NA,1011.9,12.8,96,NA
2021-05-21 20:00:00,NA,1012.1,12.6,96,NA
2021-05-21 21:00:00,NA,1012.1,12.6,96,NA
2021-05-21 22:00:00,NA,1012.3,12.2,100,NA
2021-05-21 23:00:00,NA,1012.3,12.1,97,NA
2021-05-22 00:00:00,992.2,NA,11.8,93,NA
2021-05-22 09:00:00,987.3,NA,10.6,93,NA
2021-05-22 10:00:00,986.5,NA,10.2,96,NA
2021-05-22 11:00:00,986.8,NA,10.8,96,NA
2021-05-22 12:00:00,986.9,NA,11.1,94,NA
2021-05-22 13:00:00,987.2,NA,11.1,98,NA
2021-05-22 14:00:00,986.9,NA,11.8,93,NA
2021-05-22 15:00:00,986.5,NA,12.1,93,NA
2021-05-22 16:00:00,986.4,NA,11.4,88,NA
2021-05-22 17:00:00,985.8,NA,11.8,84,NA
2021-05-22 19:00:00,985.3,NA,11.8,93,NA
2021-05-22 20:00:00,985.7,NA,11.8,93,NA
2021-05-22 21:00:00,986.1,NA,11.8,93,NA
2021-05-22 22:00:00,986.5,NA,11.3,94,NA
2021-05-22 23:00:00,987,NA,11.2,93,NA
2021-05-23 09:00:00,NA,1010.5,9.1,87,NA
2021-05-23 10:00:00,NA,1010.8,9.2,88,NA
2021-05-23 11:00:00,NA,1011.5,9.2,88,NA
2021-05-23 12:00:00,NA,1011.7,9.1,90,NA
2021-05-23 13:00:00,NA,1012.8,10.2,86,NA
2021-05-23 14:00:00,NA,1012.8,10.2,86,NA
2021-05-23 15:00:00,NA,1012.8,11.9,81,NA
2021-05-23 16:00:00,NA,1012.5,12.6,74,NA
2021-05-23 17:00:00,NA,1012.1,12.9,73,NA
2021-05-23 18:00:00,NA,1011.8,13.2,74,NA
2021-05-23 19:00:00,NA,1012.6,12.9,73,NA
2021-05-23 20:00:00,NA,1013.1,10.8,91,NA
2021-05-23 21:00:00,NA,1013.9,10.6,94,NA
2021-05-23 22:00:00,NA,1014.2,10.2,96,NA
2021-05-23 23:00:00,NA,1014.4,10.2,96,NA
2021-05-24 00:00:00,NA,1014.3,10.1,92,NA
2021-05-25 09:00:00,NA,1011.4,8.9,80,NA
2021-05-25 10:00:00,NA,1012.5,7.8,74,NA
2021-05-25 11:00:00,NA,1013.8,4.8,92,NA
2021-05-25 12:00:00,NA,1015,5.8,87,NA
2021-05-25 13:00:00,NA,1015.9,8.8,76,NA
2021-05-25 14:00:00,NA,1017.2,10.8,65,NA
2021-05-25 15:00:00,NA,1017.9,11.8,49,NA
2021-05-25 16:00:00,NA,1017.9,12.4,48,NA
2021-05-25 17:00:00,NA,1018.3,12.4,37,NA
2021-05-25 18:00:00,NA,1017.5,12.8,40,NA
2021-05-25 19:00:00,NA,1017.6,12.6,38,NA
2021-05-25 20:00:00,NA,1017.7,12.1,40,NA
2021-05-25 21:00:00,NA,1018.4,10.8,55,NA
2021-05-25 22:00:00,NA,1018.5,7.8,65,NA
2021-05-25 23:00:00,NA,1018.9,6.1,75,NA
2021-05-26 00:00:00,NA,1019.1,4.8,75,NA
2021-05-27 09:00:00,NA,1010.8,4.9,97,NA
2021-05-27 10:00:00,NA,1010.6,6.8,95,NA
2021-05-27 11:00:00,NA,1010.6,7.6,93,NA
2021-05-27 12:00:00,NA,1010.1,8.4,90,NA
2021-05-27 13:00:00,NA,1009.8,11.8,84,NA
2021-05-27 14:00:00,NA,1009.7,14.6,61,NA
2021-05-27 15:00:00,NA,1008.6,17.6,50,NA
2021-05-27 16:00:00,NA,1006.7,18.4,47,NA
2021-05-27 17:00:00,986,1005.6,18.6,51,NA
2021-05-27 18:00:00,984.6,1004.3,19.2,53,NA
2021-05-27 19:00:00,984.1,1003.9,18.6,59,NA
2021-05-27 20:00:00,983.6,1003.2,18.6,64,NA
2021-05-27 21:00:00,982.9,1002.7,16.1,73,NA
2021-05-27 22:00:00,982.6,1002.5,13.6,81,NA
2021-05-27 23:00:00,982.2,1002,13.6,79,NA
2021-05-28 00:00:00,NA,1002.6,12.4,87,NA
2021-05-29 00:00:00,985.7,NA,NA,NA,NA
2021-05-29 09:00:00,992.4,1012.4,4.6,95,NA
2021-05-29 10:00:00,992.8,1012.9,3.6,85,NA
2021-05-29 11:00:00,993.6,1013.8,2.8,91,NA
2021-05-29 12:00:00,NA,1014.6,2.6,88,NA
2021-05-29 13:00:00,995.2,1015.5,3.9,83,NA
2021-05-29 14:00:00,996.1,1016.4,6.1,68,NA
2021-05-29 15:00:00,996.4,1016.6,7.6,45,NA
2021-05-29 16:00:00,NA,1016.5,9.1,42,NA
2021-05-29 17:00:00,996.1,1016.2,10.1,42,NA
2021-05-29 18:00:00,995.7,1015.8,10.4,39,NA
2021-05-29 19:00:00,995.4,1015.7,10.2,45,NA
2021-05-29 20:00:00,995.8,1016.1,9.6,49,NA
2021-05-29 21:00:00,995.7,1016.1,8.1,61,NA
2021-05-29 22:00:00,996.1,1016.5,6.8,67,NA
2021-05-29 23:00:00,996.5,1017,6.1,69,NA
2021-05-30 00:00:00,NA,1017.4,4.4,76,NA
2021-05-31 00:00:00,995.7,NA,NA,NA,NA
2021-05-31 09:00:00,991.3,1011.3,9.4,68,NA
2021-05-31 10:00:00,991.4,1011.6,9.6,63,NA
2021-05-31 11:00:00,992.4,1012.6,8.8,70,NA
2021-05-31 12:00:00,993.4,1013.7,8.4,72,NA
2021-05-31 13:00:00,994.1,1014.2,10.2,64,NA
2021-05-31 14:00:00,NA,1014.8,11.4,63,NA
2021-05-31 15:00:00,994.4,1014.4,13.1,62,NA
2021-05-31 16:00:00,993.6,1013.4,14.8,54,NA
2021-05-31 17:00:00,993.4,1013.3,15.6,54,NA
2021-05-31 18:00:00,993.3,1013.2,15.1,57,NA
2021-05-31 19:00:00,992.5,1012.3,14.8,55,NA
2021-05-31 20:00:00,992.2,1012.1,14.4,61,NA
2021-05-31 21:00:00,992.1,1012.1,13.2,68,NA
2021-05-31 22:00:00,992.4,1012.3,12.4,73,NA
2021-05-31 23:00:00,991.7,1011.7,11.2,79,NA
2021-06-01 00:00:00,NA,1011.3,11.1,80,NA
2021-06-02 00:00:00,987.7,NA,NA,NA,NA
2021-06-02 09:00:00,992.9,1013,4.8,91,NA
2021-06-02 10:00:00,993.3,1013.5,4.4,92,NA
2021-06-02 11:00:00,994.5,1014.7,3.6,93,NA
2021-06-02 12:00:00,995.4,1015.7,5.1,88,NA
2021-06-02 13:00:00,996.1,1016.4,7.2,84,NA
2021-06-02 14:00:00,996.9,1017.3,8.6,75,NA
2021-06-02 15:00:00,996.9,1017.1,10.1,68,NA
2021-06-02 16:00:00,996.5,1016.7,11.1,62,NA
2021-06-02 17:00:00,996.2,1016.4,12.4,45,NA
2021-06-02 18:00:00,995.6,1015.7,12.9,43,NA
2021-06-02 19:00:00,995.6,1015.7,12.9,40,NA
2021-06-02 20:00:00,996.1,1016.3,12.1,50,NA
2021-06-02 21:00:00,996.1,1016.3,10.4,61,NA
2021-06-02 22:00:00,NA,1016.9,8.8,70,NA
2021-06-02 23:00:00,996.5,1016.9,8.1,72,NA
2021-06-03 00:00:00,NA,1017,6.8,81,NA
2021-06-04 00:00:00,988.8,NA,NA,NA,NA
2021-06-04 09:00:00,988.9,1008.5,9.9,80,NA
2021-06-04 10:00:00,989.3,1009.1,9.4,83,NA
2021-06-04 11:00:00,990.1,1010,7.9,90,NA
2021-06-04 12:00:00,990.8,1010.9,6.2,95,NA
2021-06-04 13:00:00,991.4,1011.5,8.9,90,NA
2021-06-04 14:00:00,991.4,1011.4,12.2,85,NA
2021-06-04 15:00:00,991.4,1011.2,16.1,58,NA
2021-06-04 16:00:00,990.9,1010.6,17.8,46,NA
2021-06-04 17:00:00,989.7,1009.4,18.2,50,NA
2021-06-04 18:00:00,989.8,1009.5,17.9,50,NA
2021-06-04 19:00:00,989.7,1009.3,17.6,56,NA
2021-06-04 20:00:00,989.7,1009.4,16.8,58,NA
2021-06-04 21:00:00,990.2,1010,15.4,66,NA
2021-06-04 22:00:00,NA,1011.2,14.6,71,NA
2021-06-04 23:00:00,992,1011.9,14.1,76,NA
2021-06-05 00:00:00,NA,1012.5,13.6,81,NA
2021-06-06 00:00:00,1000.2,NA,NA,NA,NA
2021-06-06 09:00:00,1002.4,1022.9,0.1,84,NA
2021-06-06 10:00:00,1002.2,1022.8,1.1,83,NA
2021-06-06 11:00:00,1002.5,1023.3,-0.4,86,NA
2021-06-06 12:00:00,1002.5,1023.3,0.4,90,NA
2021-06-06 13:00:00,1002.8,1023.4,5.1,75,NA
2021-06-06 14:00:00,1003.2,1023.7,10.4,69,NA
2021-06-06 15:00:00,1003.4,1023.9,11.8,54,NA
2021-06-06 16:00:00,1002.9,1023.3,12.6,39,NA
2021-06-06 17:00:00,1002.1,1022.5,12.3,36,NA
2021-06-06 18:00:00,1001.3,1021.8,12.3,45,NA
2021-06-06 19:00:00,1001.4,1022,11.6,47,NA
2021-06-06 20:00:00,1001.7,1022.3,10.4,57,NA
2021-06-06 21:00:00,1001.6,1022.2,9.1,69,NA
2021-06-06 22:00:00,1001.7,1022.2,8.8,70,NA
2021-06-06 23:00:00,1002.1,1022.7,8.2,74,NA
2021-06-07 00:00:00,NA,1022.9,7.6,82,NA
2021-06-07 23:00:00,1000.8,NA,NA,NA,NA
2021-06-08 00:00:00,1001.6,NA,NA,NA,NA
2021-06-08 09:00:00,1000.4,1020.7,5.1,97,NA
2021-06-08 10:00:00,1000.5,1020.9,5.2,99,NA
2021-06-08 11:00:00,NA,1021.2,6.1,97,NA
2021-06-08 12:00:00,NA,1021.4,6.1,97,NA
2021-06-08 13:00:00,NA,1021.6,7.1,97,NA
2021-06-08 14:00:00,NA,1021.4,8.8,99,NA
2021-06-08 15:00:00,NA,1021.1,10.4,97,NA
2021-06-08 16:00:00,NA,1019.8,11.2,96,NA
2021-06-08 17:00:00,NA,1018.6,14.9,83,NA
2021-06-08 18:00:00,NA,1017.7,16.6,73,NA
2021-06-08 19:00:00,NA,1017.6,16.2,72,NA
2021-06-08 20:00:00,NA,1018,15.8,76,NA
2021-06-08 21:00:00,NA,1018.2,14.2,86,NA
2021-06-08 22:00:00,NA,1018.2,12.4,89,NA
2021-06-08 23:00:00,NA,1018.9,10.6,95,NA
2021-06-09 00:00:00,NA,1019.1,10.6,99,NA
2021-06-10 00:00:00,996.8,NA,NA,NA,NA
2021-06-10 09:00:00,998.1,1018.1,12.4,97,NA
2021-06-10 10:00:00,997.6,1017.6,10.6,97,NA
2021-06-10 11:00:00,998.1,1018.2,9.8,99,NA
2021-06-10 12:00:00,999.4,1019.5,10.2,99,NA
2021-06-10 13:00:00,999.6,1019.6,11.1,97,NA
2021-06-10 14:00:00,1000.5,1020.4,12.6,69,NA
2021-06-10 15:00:00,1000.6,1020.4,13.2,52,NA
2021-06-10 16:00:00,1000.6,1020.6,13.6,46,NA
2021-06-10 17:00:00,1000.6,1020.3,13.4,45,NA
2021-06-10 18:00:00,1000.4,1020.1,13.8,44,NA
2021-06-10 19:00:00,1000.4,1020.2,13.4,45,NA
2021-06-10 20:00:00,1000.4,1020.4,12.8,50,NA
2021-06-10 21:00:00,1001,1021.1,10.8,57,NA
2021-06-10 22:00:00,1001.7,1021.9,8.2,69,NA
2021-06-10 23:00:00,1002.1,1022.4,6.8,74,NA
2021-06-11 00:00:00,NA,1022.7,5.2,80,NA
2021-06-12 00:00:00,995.3,NA,NA,NA,NA
2021-06-12 09:00:00,993.4,1013.5,6.8,87,NA
2021-06-12 10:00:00,993.7,1013.7,7.4,93,NA
2021-06-12 11:00:00,994.2,1014.5,3.9,97,NA
2021-06-12 12:00:00,994.2,1014.6,4.1,97,NA
2021-06-12 13:00:00,994.5,1014.9,8.9,87,NA
2021-06-12 14:00:00,994.6,1014.6,13.1,80,NA
2021-06-12 15:00:00,NA,1014.3,16.4,69,NA
2021-06-12 16:00:00,994.1,1013.5,19.2,59,NA
2021-06-12 17:00:00,993.7,1012.9,20.4,54,NA
2021-06-12 18:00:00,993,1012.1,21.1,53,NA
2021-06-12 19:00:00,992.9,1012.5,21.2,52,NA
2021-06-12 20:00:00,993,1012.6,20.6,58,NA
2021-06-12 21:00:00,993.2,1013,17.2,68,NA
2021-06-12 22:00:00,993.2,1013.1,15.8,74,NA
2021-06-12 23:00:00,993.6,1013.7,14.2,79,NA
2021-06-13 00:00:00,NA,1013.7,13.9,80,NA
2021-06-13 23:00:00,994.5,NA,NA,NA,NA
2021-06-14 00:00:00,994.9,NA,NA,NA,NA
2021-06-14 09:00:00,998.1,1018.2,9.1,90,NA
2021-06-14 10:00:00,998.5,1018.6,8.6,90,NA
2021-06-14 11:00:00,999.4,1019.6,8.1,90,NA
2021-06-14 12:00:00,1000.5,1020.6,7.6,94,NA
2021-06-14 13:00:00,1001,1021.2,8.8,85,NA
2021-06-14 14:00:00,1001.7,1021.8,9.8,82,NA
2021-06-14 15:00:00,1002.6,1022.7,10.1,79,NA
2021-06-14 16:00:00,1002.6,1022.6,11.4,70,NA
2021-06-14 17:00:00,1002.9,1022.8,12.1,63,NA
2021-06-14 18:00:00,1002.9,1023.4,11.6,51,NA
2021-06-14 19:00:00,1003,1023,11.8,53,NA
2021-06-14 20:00:00,1003.7,1023.7,11.1,50,NA
2021-06-14 21:00:00,1005,1025.4,9.1,60,NA
2021-06-14 22:00:00,1006,1026.4,7.1,69,NA
2021-06-14 23:00:00,1006.5,1027,5.8,79,NA
2021-06-15 00:00:00,NA,1027.5,4.8,86,NA
2021-06-16 09:00:00,NA,1032.3,1.8,91,NA
2021-06-16 10:00:00,NA,1031.9,3.8,92,NA
2021-06-16 11:00:00,NA,1032.8,4.2,89,NA
2021-06-16 12:00:00,NA,1033.3,2.4,87,NA
2021-06-16 13:00:00,NA,1033.6,4.9,88,NA
2021-06-16 14:00:00,NA,1033.9,7.1,66,NA
2021-06-16 15:00:00,1013,1033.8,8.2,60,NA
2021-06-16 16:00:00,1012.8,1033.5,7.8,61,NA
2021-06-16 17:00:00,1012.1,1032.8,8.4,59,NA
2021-06-16 18:00:00,1011.6,1032.3,8.4,57,NA
2021-06-16 19:00:00,1011.3,1032.1,8.8,50,NA
2021-06-16 20:00:00,1011.3,1032.1,8.6,49,NA
2021-06-16 21:00:00,1011.4,1032.3,6.8,59,NA
2021-06-16 22:00:00,1011.4,1032.3,5.2,68,NA
2021-06-16 23:00:00,1011.4,1032.3,4.8,70,NA
2021-06-17 00:00:00,NA,1032.4,3.2,78,NA
2021-06-18 00:00:00,1010.9,NA,NA,NA,NA
2021-06-18 09:00:00,1009.8,1030.7,1.6,95,NA
2021-06-18 10:00:00,1009.7,1030.6,1.9,91,NA
2021-06-18 11:00:00,1010.1,1030.9,1.6,93,NA
2021-06-18 12:00:00,1010.2,1031.3,0.4,90,NA
2021-06-18 13:00:00,1010.2,1031.1,2.4,91,NA
2021-06-18 14:00:00,1010.4,1031.1,6.8,70,NA
2021-06-18 15:00:00,1010.4,1031,6.8,65,NA
2021-06-18 16:00:00,1009.7,1030.4,7.4,65,NA
2021-06-18 17:00:00,NA,1029.6,7.4,58,NA
2021-06-18 18:00:00,1008.2,1028.9,8.1,57,NA
2021-06-18 19:00:00,1008,1028.6,7.8,62,NA
2021-06-18 20:00:00,1008,1028.7,7.3,61,NA
2021-06-18 21:00:00,1007.8,1028.6,6.8,66,NA
2021-06-18 22:00:00,1007.8,1028.6,5.8,73,NA
2021-06-18 23:00:00,1008.4,1029.2,5.4,77,NA
2021-06-19 00:00:00,NA,1029.7,4.4,78,NA
2021-06-19 23:00:00,1005.7,NA,NA,NA,NA
2021-06-20 00:00:00,1005.4,NA,NA,NA,NA
2021-06-20 09:00:00,1003.3,1023.8,4.2,85,NA
2021-06-20 10:00:00,1003.3,1023.9,4.2,85,NA
2021-06-20 11:00:00,1003.3,1023.9,4.4,86,NA
2021-06-20 12:00:00,1003.7,1024.4,4.4,86,NA
2021-06-20 13:00:00,1004,1024.5,6.6,75,NA
2021-06-20 14:00:00,1004,1024.5,7.8,69,NA
2021-06-20 15:00:00,1004,1024.4,9.6,59,NA
2021-06-20 16:00:00,1003.4,1023.8,11.2,56,NA
2021-06-20 17:00:00,1002.5,1022.7,12.8,46,NA
2021-06-20 18:00:00,1002.1,1022.4,12.1,46,NA
2021-06-20 19:00:00,1001.4,1021.8,12.4,48,NA
2021-06-20 20:00:00,1001.3,1021.7,12.2,47,NA
2021-06-20 21:00:00,1001.7,1022.1,9.6,61,NA
2021-06-20 22:00:00,1002,1022.5,5.6,80,NA
2021-06-20 23:00:00,1002.4,1023,3.4,85,NA
2021-06-21 00:00:00,NA,1023.2,3.2,82,NA
2021-06-22 00:00:00,1003,NA,NA,NA,NA
2021-06-22 09:00:00,1003.3,1023.6,7.8,100,NA
2021-06-22 10:00:00,1002.9,1023.3,7.8,100,NA
2021-06-22 11:00:00,1003.3,1023.7,7.8,100,NA
2021-06-22 12:00:00,1003.3,1023.7,7.8,100,NA
2021-06-22 13:00:00,1004,1024.2,7.6,99,NA
2021-06-22 14:00:00,1004.5,1024.7,7.8,100,NA
2021-06-22 15:00:00,NA,1024.7,7.9,100,NA
2021-06-22 16:00:00,NA,1024.3,8.8,94,NA
2021-06-22 17:00:00,NA,1023,10.6,84,NA
2021-06-22 18:00:00,NA,1022.1,11.1,77,NA
2021-06-22 19:00:00,NA,1021.7,11.3,77,NA
2021-06-22 20:00:00,NA,1021.3,10.9,76,NA
2021-06-22 21:00:00,NA,1021.6,10.8,77,NA
2021-06-22 22:00:00,NA,1021.4,10.4,81,NA
2021-06-22 23:00:00,NA,1021.4,8.2,90,NA
2021-06-23 00:00:00,NA,1021,7.3,92,NA
2021-06-24 00:00:00,994,NA,NA,NA,NA
2021-06-24 09:00:00,991.8,1011.9,8.1,97,NA
2021-06-24 10:00:00,992.5,1012.6,7.8,96,NA
2021-06-24 11:00:00,992.2,1012.3,6.8,95,NA
2021-06-24 12:00:00,992.9,1012.9,7.4,96,NA
2021-06-24 13:00:00,992.9,1012.9,9.8,79,NA
2021-06-24 14:00:00,992.5,1012.3,10.1,80,NA
2021-06-24 15:00:00,992.1,1011.9,12.2,64,NA
2021-06-24 16:00:00,991.3,1011,14.6,50,NA
2021-06-24 17:00:00,990.5,1010,16.2,39,NA
2021-06-24 18:00:00,990,1009.3,16.2,36,NA
2021-06-24 19:00:00,989.8,1009.4,16.6,40,NA
2021-06-24 20:00:00,989.8,1009.4,15.8,39,NA
2021-06-24 21:00:00,990.6,1010.6,13.1,46,NA
2021-06-24 22:00:00,990.9,1010.9,9.2,63,NA
2021-06-24 23:00:00,991.3,1011.4,8.8,67,NA
2021-06-25 00:00:00,NA,1011.8,8.4,67,NA
2021-06-26 00:00:00,994.6,NA,NA,NA,NA
2021-06-26 09:00:00,996.4,1016.5,6.6,90,NA
2021-06-26 10:00:00,NA,1016,6.8,87,NA
2021-06-26 11:00:00,NA,1017.3,6.4,93,NA
2021-06-26 12:00:00,NA,1018,6.2,90,NA
2021-06-26 13:00:00,NA,1017.9,7.4,76,NA
2021-06-26 14:00:00,NA,NA,7.2,79,NA
2021-06-26 15:00:00,NA,1019.4,8.1,78,NA
2021-06-26 16:00:00,NA,1019.5,8.8,80,NA
2021-06-26 17:00:00,NA,1020.2,8.8,77,NA
2021-06-26 18:00:00,NA,1018.5,9.2,70,NA
2021-06-26 19:00:00,NA,1018.6,9.4,63,NA
2021-06-26 20:00:00,NA,1019,9.1,61,NA
2021-06-26 21:00:00,NA,1019.5,7.4,65,NA
2021-06-26 22:00:00,NA,1020,5.9,73,NA
2021-06-26 23:00:00,NA,1020.2,5.4,80,NA
2021-06-27 00:00:00,NA,1020.8,4.4,82,NA
2021-06-28 09:00:00,NA,1022.1,5.4,92,NA
2021-06-28 10:00:00,NA,1022.2,4.2,95,NA
2021-06-28 11:00:00,NA,1022.9,4.9,97,NA
2021-06-28 12:00:00,NA,1023.3,4.9,94,NA
2021-06-28 13:00:00,NA,1023.2,4.9,91,NA
2021-06-28 14:00:00,NA,1023.7,5.8,87,NA
2021-06-28 15:00:00,NA,1023.7,7.3,75,NA
2021-06-28 16:00:00,NA,1023.2,7.4,73,NA
2021-06-28 17:00:00,NA,1022.8,7.6,77,NA
2021-06-28 18:00:00,NA,1023.3,8.4,67,NA
2021-06-28 19:00:00,NA,1023.5,7.6,73,NA
2021-06-28 20:00:00,NA,1023.6,6.8,79,NA
2021-06-28 21:00:00,NA,1024.3,6.1,79,NA
2021-06-28 22:00:00,NA,1024.5,5.2,80,NA
2021-06-28 23:00:00,NA,1025.1,5.2,80,NA
2021-06-29 00:00:00,NA,1025.3,4.8,83,NA
2021-06-30 00:00:00,1007.4,NA,NA,NA,NA
2021-06-30 09:00:00,1005.4,1026.2,-1.6,98,NA
2021-06-30 10:00:00,1005.3,1026.2,-1.8,94,NA
2021-06-30 11:00:00,1005.7,1026.6,-1.4,92,NA
2021-06-30 12:00:00,1005.7,1026.7,-1.4,96,NA
2021-06-30 13:00:00,1005.7,1026.6,1.1,79,NA
2021-06-30 14:00:00,1006.1,1026.8,4.2,92,NA
2021-06-30 15:00:00,1005.6,1026.3,6.2,78,NA
2021-06-30 16:00:00,1004.8,1025.5,7.2,76,NA
2021-06-30 17:00:00,1003.7,1024.3,8.1,70,NA
2021-06-30 18:00:00,1002.9,1023.5,8.4,72,NA
2021-06-30 19:00:00,1002.5,1023.1,8.4,72,NA
2021-06-30 20:00:00,1002.2,1022.9,8.4,72,NA
2021-06-30 21:00:00,1001.7,1022.5,6.8,84,NA
2021-06-30 22:00:00,1001.4,1022.2,5.9,87,NA
2021-06-30 23:00:00,1002,1022.8,5.4,89,NA
2021-07-01 00:00:00,NA,1023,4.9,91,NA
