2021-01-07 00:00:00,1003.6,NA,NA,NA,NA
2021-01-07 11:00:00,1002.6,1003.5,18.3,87,NA
2021-01-07 12:00:00,1002.2,1003.1,18,90,NA
2021-01-07 13:00:00,1002.1,1003,18.6,88,NA
2021-01-07 14:00:00,1002.5,1003.4,19,94,NA
2021-01-07 15:00:00,1002.4,1003.2,20.4,85,NA
2021-01-07 16:00:00,NA,1003.4,20.4,95,NA
2021-01-07 17:00:00,1002.4,1003.2,23.2,71,NA
2021-01-07 18:00:00,1002.5,1003.4,25.2,60,NA
2021-01-07 19:00:00,1002.5,1003.4,25.4,61,NA
2021-01-07 20:00:00,1002.6,1003.5,26,57,NA
2021-01-07 21:00:00,1003,1003.9,25.4,61,NA
2021-01-07 22:00:00,1004,1004.8,24.8,63,NA
2021-01-07 23:00:00,1004.4,1005.2,21.2,79,NA
2021-01-08 00:00:00,NA,1006,19.6,89,NA
2021-01-09 00:00:00,1012.1,NA,NA,NA,NA
2021-01-09 11:00:00,1015.3,1016.2,15,89,NA
2021-01-09 12:00:00,1014.2,1015.1,16.4,87,NA
2021-01-09 13:00:00,1013.2,1014,18.4,70,NA
2021-01-09 14:00:00,1012.9,1013.7,21,63,NA
2021-01-09 15:00:00,1012.5,1013.3,22.2,59,NA
2021-01-09 16:00:00,1011.7,1012.5,23,57,NA
2021-01-09 17:00:00,1011.3,1012.1,20.6,74,NA
2021-01-09 18:00:00,1010.9,1011.7,25.3,53,NA
2021-01-09 19:00:00,1010.5,1011.4,25.6,52,NA
2021-01-09 20:00:00,1009.8,1010.6,24.6,53,NA
2021-01-09 21:00:00,1009.7,1010.5,22.4,63,NA
2021-01-09 22:00:00,1010.1,1010.9,21.6,67,NA
2021-01-09 23:00:00,1010.1,1010.9,19.6,74,NA
2021-01-10 00:00:00,NA,1012.1,17.6,83,NA
2021-01-11 00:00:00,1004.6,NA,NA,NA,NA
2021-01-11 11:00:00,1003.7,1004.5,19.6,95,NA
2021-01-11 12:00:00,1003.2,1004,20,95,NA
2021-01-11 13:00:00,1003.7,1004.6,19.8,92,NA
2021-01-11 14:00:00,1004.6,1005.5,20.2,91,NA
2021-01-11 15:00:00,1004,1004.8,21.2,84,NA
2021-01-11 16:00:00,1004.6,1005.5,22,83,NA
2021-01-11 17:00:00,1004.1,1005,23,77,NA
2021-01-11 18:00:00,1004.2,1005.1,24.2,74,NA
2021-01-11 19:00:00,1004.5,1005.3,25,66,NA
2021-01-11 20:00:00,1004.8,1005.6,26.6,55,NA
2021-01-11 21:00:00,1005.8,1006.6,23,62,NA
2021-01-11 22:00:00,1007,1007.9,21.1,79,NA
2021-01-11 23:00:00,1009,1009.8,19.4,85,NA
2021-01-12 00:00:00,NA,1011.5,18.4,77,NA
2021-01-13 00:00:00,1017.8,NA,NA,NA,NA
2021-01-13 11:00:00,1021.6,1022.4,18.4,77,NA
2021-01-13 12:00:00,1022.2,1023,20.8,59,NA
2021-01-13 13:00:00,1021.8,1022.7,23,48,NA
2021-01-13 14:00:00,1021.8,1022.7,24.4,42,NA
2021-01-13 15:00:00,1022,1022.8,25.8,38,NA
2021-01-13 16:00:00,1021.7,1022.5,25.7,36,NA
2021-01-13 17:00:00,1021.7,1022.5,25.8,44,NA
2021-01-13 18:00:00,1021.6,1022.4,25,43,NA
2021-01-13 19:00:00,1021.3,1022.2,23.4,57,NA
2021-01-13 20:00:00,1021.4,1022.2,22.3,60,NA
2021-01-13 21:00:00,1021.4,1022.3,21,60,NA
2021-01-13 22:00:00,1021.6,1022.4,19.6,78,NA
2021-01-13 23:00:00,1021.8,1022.7,18,77,NA
2021-01-14 00:00:00,NA,1023.1,17.6,71,NA
2021-01-15 00:00:00,1016.3,NA,NA,NA,NA
2021-01-15 11:00:00,1014.1,1015,20.8,91,NA
2021-01-15 12:00:00,1012.9,1013.8,22.8,84,NA
2021-01-15 13:00:00,1010.9,1011.8,24.6,64,NA
2021-01-15 14:00:00,1010.5,1011.4,24.2,66,NA
2021-01-15 15:00:00,1009.3,1010.1,25.5,65,NA
2021-01-15 16:00:00,1009,1009.9,23.7,70,NA
2021-01-15 17:00:00,1008.2,1009,23.6,75,NA
2021-01-15 18:00:00,1008.2,1009.1,24.3,72,NA
2021-01-15 19:00:00,1007.6,1008.4,23.4,75,NA
2021-01-15 20:00:00,1007.4,1008.3,24.2,82,NA
2021-01-15 21:00:00,1006.1,1006.9,23.6,83,NA
2021-01-15 22:00:00,1006.1,1006.9,23,80,NA
2021-01-15 23:00:00,1006.5,1007.3,22.2,84,NA
2021-01-16 00:00:00,NA,1007.3,21.4,91,NA
2021-01-17 00:00:00,1003.8,NA,NA,NA,NA
2021-01-17 11:00:00,1004.1,1005,15.8,91,NA
2021-01-17 12:00:00,1004.6,1005.5,16.3,93,NA
2021-01-17 13:00:00,1004.5,1005.3,17.8,82,NA
2021-01-17 14:00:00,1004.6,1005.5,18.4,77,NA
2021-01-17 15:00:00,1004.5,1005.3,20,72,NA
2021-01-17 16:00:00,1004.8,1005.7,20.2,75,NA
2021-01-17 17:00:00,NA,1005.4,17.8,84,NA
2021-01-17 18:00:00,NA,1005.8,19,81,NA
2021-01-17 19:00:00,NA,1006.1,19.5,79,NA
2021-01-17 20:00:00,NA,1006.5,20.6,64,NA
2021-01-17 21:00:00,NA,1006.9,19.4,69,NA
2021-01-17 22:00:00,NA,1007.7,19,67,NA
2021-01-17 23:00:00,NA,1008.3,17.6,73,NA
2021-01-18 00:00:00,NA,1009.5,17,80,NA
2021-01-19 11:00:00,NA,1016.2,22.2,67,NA
2021-01-19 12:00:00,NA,1016.6,24.8,59,NA
2021-01-19 13:00:00,NA,1016.5,27.1,57,NA
2021-01-19 14:00:00,NA,1016.6,28.9,56,NA
2021-01-19 15:00:00,NA,1016.9,30,39,NA
2021-01-19 16:00:00,NA,1016.7,30.5,38,NA
2021-01-19 17:00:00,NA,1016.4,28.6,57,NA
2021-01-19 18:00:00,NA,1016.5,27,59,NA
2021-01-19 19:00:00,NA,1016.4,25.8,62,NA
2021-01-19 20:00:00,NA,1016.4,24.7,68,NA
2021-01-19 21:00:00,NA,1016.5,23.4,60,NA
2021-01-19 22:00:00,NA,1016.6,22.6,62,NA
2021-01-19 23:00:00,NA,1017.1,21,74,NA
2021-01-20 00:00:00,NA,1017.4,20.1,78,NA
2021-01-21 11:00:00,NA,1022,22.8,88,NA
2021-01-21 12:00:00,NA,1022.1,24.3,78,NA
2021-01-21 13:00:00,NA,1021.4,26.3,66,NA
2021-01-21 14:00:00,NA,1021.7,27.6,60,NA
2021-01-21 15:00:00,NA,1021.1,29,59,NA
2021-01-21 16:00:00,NA,1020.6,30.4,53,NA
2021-01-21 17:00:00,NA,1020.5,30.8,44,NA
2021-01-21 18:00:00,NA,1020.1,30.2,58,NA
2021-01-21 19:00:00,NA,1020,29,53,NA
2021-01-21 20:00:00,NA,1020,28.3,55,NA
2021-01-21 21:00:00,NA,1020,26.7,58,NA
2021-01-21 22:00:00,NA,1020.3,25.4,64,NA
2021-01-21 23:00:00,NA,1020.4,22.4,88,NA
2021-01-22 00:00:00,NA,1020.7,20.8,93,NA
2021-01-23 11:00:00,NA,1017.6,23.2,90,NA
2021-01-23 12:00:00,NA,1017.7,25.2,82,NA
2021-01-23 13:00:00,NA,1016.6,27,78,NA
2021-01-23 14:00:00,NA,1016.2,29,71,NA
2021-01-23 15:00:00,NA,1016,29.6,68,NA
2021-01-23 16:00:00,NA,1015.6,30.6,64,NA
2021-01-23 17:00:00,NA,1015.1,30.6,64,NA
2021-01-23 18:00:00,NA,1014.7,31,64,NA
2021-01-23 19:00:00,NA,1014.1,31.4,62,NA
2021-01-23 20:00:00,NA,1013.6,31,60,NA
2021-01-23 21:00:00,NA,1013,28.8,72,NA
2021-01-23 22:00:00,NA,1013.2,27.4,77,NA
2021-01-23 23:00:00,NA,1013.3,25.2,82,NA
2021-01-24 00:00:00,NA,1013.6,23.4,88,NA
2021-01-25 11:00:00,NA,1008.6,23.7,89,NA
2021-01-25 12:00:00,NA,1008.5,25.5,83,NA
2021-01-25 13:00:00,NA,1008.1,27.4,77,NA
2021-01-25 14:00:00,NA,1007.8,28.6,73,NA
2021-01-25 15:00:00,NA,1007.3,30.4,65,NA
2021-01-25 16:00:00,NA,1006.6,31.2,61,NA
2021-01-25 17:00:00,NA,1005.8,32.4,61,NA
2021-01-25 18:00:00,NA,1005.3,31.8,60,NA
2021-01-25 19:00:00,NA,1004.6,33,61,NA
2021-01-25 20:00:00,NA,1004.2,32.3,57,NA
2021-01-25 21:00:00,NA,1003.9,30.4,70,NA
2021-01-25 22:00:00,NA,1003.7,28.4,75,NA
2021-01-25 23:00:00,NA,1003.9,26,83,NA
2021-01-26 00:00:00,NA,1004.2,24.2,90,NA
2021-01-26 15:00:00,1003,NA,26.5,74,NA
2021-01-26 16:00:00,1003.8,NA,24.6,92,NA
2021-01-26 17:00:00,1002,NA,22.5,89,NA
2021-01-26 18:00:00,1002.5,NA,22.8,88,NA
2021-01-26 19:00:00,1001.4,NA,22.9,85,NA
2021-01-26 20:00:00,1001.4,NA,22.6,86,NA
2021-01-27 11:00:00,NA,1007.5,19.8,78,NA
2021-01-27 12:00:00,NA,1007.9,20.2,76,NA
2021-01-27 13:00:00,NA,1008,21,72,NA
2021-01-27 14:00:00,NA,1008.5,21.2,72,NA
2021-01-27 15:00:00,NA,1008,22,71,NA
2021-01-27 16:00:00,NA,1007.4,22,74,NA
2021-01-27 17:00:00,NA,1007.3,22.4,68,NA
2021-01-27 18:00:00,NA,1006.6,22.4,66,NA
2021-01-27 19:00:00,NA,1006.5,22,58,NA
2021-01-27 20:00:00,NA,1006.6,21.6,57,NA
2021-01-27 21:00:00,NA,1006.4,21,59,NA
2021-01-27 22:00:00,NA,1006.3,20.4,68,NA
2021-01-27 23:00:00,NA,1006.7,18.6,82,NA
2021-01-28 00:00:00,NA,1007.3,17.8,70,NA
2021-01-29 11:00:00,NA,1005.7,20,82,NA
2021-01-29 12:00:00,NA,1005.8,21.1,84,NA
2021-01-29 13:00:00,NA,1005.7,21.6,82,NA
2021-01-29 14:00:00,NA,1005.6,23.4,74,NA
2021-01-29 15:00:00,NA,1005,23.9,70,NA
2021-01-29 16:00:00,NA,1004.5,25.6,61,NA
2021-01-29 17:00:00,NA,1003.7,27.1,45,NA
2021-01-29 18:00:00,NA,1003,29.2,40,NA
2021-01-29 19:00:00,NA,1002.4,28.3,44,NA
2021-01-29 20:00:00,NA,1002.2,28.6,44,NA
2021-01-29 21:00:00,NA,1002,26.5,54,NA
2021-01-29 22:00:00,NA,1002.2,25.5,61,NA
2021-01-29 23:00:00,NA,1002.5,24.4,65,NA
2021-01-30 00:00:00,NA,1003.5,23.2,64,NA
2021-01-31 00:00:00,1015.7,NA,NA,NA,NA
2021-01-31 11:00:00,1017.7,1018.6,16.2,72,NA
2021-01-31 12:00:00,1018.1,1019,16.8,72,NA
2021-01-31 13:00:00,1018.1,1019,16.8,72,NA
2021-01-31 14:00:00,1018.2,1019.1,17,75,NA
2021-01-31 15:00:00,1018,1018.8,19,70,NA
2021-01-31 16:00:00,1018,1018.8,19,70,NA
2021-01-31 17:00:00,1017.7,1018.6,19.2,71,NA
2021-01-31 18:00:00,1017.4,1018.3,20,69,NA
2021-01-31 19:00:00,1017,1017.9,20.2,69,NA
2021-01-31 20:00:00,1016.8,1017.7,20,66,NA
2021-01-31 21:00:00,1016.6,1017.6,19.2,65,NA
2021-01-31 22:00:00,1016.6,1017.5,18.8,69,NA
2021-01-31 23:00:00,1016.8,1017.6,18,75,NA
2021-02-01 00:00:00,1017,1017.9,18.3,71,NA
2021-02-01 23:00:00,1012.2,NA,NA,NA,NA
2021-02-02 00:00:00,1012.5,NA,NA,NA,NA
2021-02-02 11:00:00,1013.2,1014,19.7,88,NA
2021-02-02 12:00:00,1013.3,1014.2,20.3,86,NA
2021-02-02 13:00:00,1013.4,1014.2,20.4,85,NA
2021-02-02 14:00:00,1013.3,1014.1,21.6,82,NA
2021-02-02 15:00:00,1013.8,1014.7,21.2,83,NA
2021-02-02 16:00:00,1014.1,1014.9,21,84,NA
2021-02-02 17:00:00,NA,1015.2,22.2,79,NA
2021-02-02 18:00:00,1013.8,1014.6,22.2,78,NA
2021-02-02 19:00:00,1014.1,1014.9,21.8,81,NA
2021-02-02 20:00:00,1014.1,1014.9,21.1,82,NA
2021-02-02 21:00:00,1014.6,1015.4,20.2,85,NA
2021-02-02 22:00:00,1014.6,1015.5,20.1,85,NA
2021-02-02 23:00:00,1014.8,1015.6,19.4,87,NA
2021-02-03 00:00:00,NA,1015.4,19.2,87,NA
2021-02-04 00:00:00,1015,NA,NA,NA,NA
2021-02-04 11:00:00,1016,1016.8,17.8,69,NA
2021-02-04 12:00:00,1016,1016.9,19,70,NA
2021-02-04 13:00:00,1016.6,1017.5,22.2,54,NA
2021-02-04 14:00:00,1016.2,1017.1,22.6,47,NA
2021-02-04 15:00:00,1016.8,1017.6,23.6,46,NA
2021-02-04 16:00:00,1017.2,1018,23.4,44,NA
2021-02-04 17:00:00,1016.8,1017.6,22.6,55,NA
2021-02-04 18:00:00,1016.9,1017.7,21.6,61,NA
2021-02-04 19:00:00,1016.6,1017.4,21.4,71,NA
2021-02-04 20:00:00,1016.6,1017.4,20.7,70,NA
2021-02-04 21:00:00,1016,1016.9,20,73,NA
2021-02-04 22:00:00,1016.5,1017.4,19,74,NA
2021-02-04 23:00:00,1016.5,1017.4,17.6,77,NA
2021-02-05 00:00:00,NA,1017.7,17.2,82,NA
2021-02-05 11:00:00,NA,1016,16.5,85,NA
2021-02-05 12:00:00,NA,1016.2,18.7,75,NA
2021-02-05 13:00:00,NA,1016.2,20,64,NA
2021-02-05 14:00:00,NA,1016.3,21,57,NA
2021-02-05 15:00:00,NA,1016,22.2,54,NA
2021-02-05 16:00:00,NA,1015.8,22.1,51,NA
2021-02-05 17:00:00,NA,1015.5,22.8,46,NA
2021-02-05 18:00:00,NA,1015.2,23.1,45,NA
2021-02-05 19:00:00,NA,1015.1,23.6,42,NA
2021-02-05 20:00:00,NA,1015.2,23,42,NA
2021-02-05 21:00:00,NA,1014.9,23,38,NA
2021-02-05 22:00:00,NA,1014.6,22.1,40,NA
2021-02-05 23:00:00,NA,1014.6,20.6,58,NA
2021-02-06 00:00:00,1014.1,1015,19.1,76,NA
2021-02-06 11:00:00,1011.3,NA,NA,NA,NA
2021-02-06 12:00:00,1010.9,NA,NA,NA,NA
2021-02-06 13:00:00,1011.3,NA,NA,NA,NA
2021-02-06 14:00:00,1012,NA,NA,NA,NA
2021-02-06 15:00:00,1012.6,NA,NA,NA,NA
2021-02-06 16:00:00,1012.9,NA,NA,NA,NA
2021-02-06 17:00:00,1013.3,NA,NA,NA,NA
2021-02-06 18:00:00,1012.9,NA,NA,NA,NA
2021-02-06 19:00:00,1013.2,NA,NA,NA,NA
2021-02-06 20:00:00,1013.3,NA,NA,NA,NA
2021-02-06 21:00:00,1013.6,NA,NA,NA,NA
2021-02-06 22:00:00,1013.3,NA,NA,NA,NA
2021-02-06 23:00:00,1013,NA,NA,NA,NA
2021-02-08 00:00:00,1018.1,NA,NA,NA,NA
2021-02-08 11:00:00,NA,1019.8,17,80,NA
2021-02-08 12:00:00,NA,1020.3,18.4,70,NA
2021-02-08 13:00:00,NA,1020.7,18.6,70,NA
2021-02-08 14:00:00,NA,1021,19,72,NA
2021-02-08 15:00:00,NA,1021,19.8,69,NA
2021-02-08 16:00:00,NA,1020.9,19.4,72,NA
2021-02-08 17:00:00,NA,1021.2,19,72,NA
2021-02-08 18:00:00,NA,1021.1,19.6,71,NA
2021-02-08 19:00:00,NA,1021,19.9,69,NA
2021-02-08 20:00:00,NA,1020.6,19.9,65,NA
2021-02-08 21:00:00,NA,1020.8,19,64,NA
2021-02-08 22:00:00,NA,1021.4,18.4,63,NA
2021-02-08 23:00:00,NA,1021.9,17.6,65,NA
2021-02-09 00:00:00,NA,1022.2,17.2,65,NA
2021-02-10 11:00:00,NA,1022.7,19.5,79,NA
2021-02-10 12:00:00,NA,1022.7,20.8,75,NA
2021-02-10 13:00:00,NA,1022.7,21.4,75,NA
2021-02-10 14:00:00,NA,1022.6,20.4,82,NA
2021-02-10 15:00:00,NA,1022.2,22.4,73,NA
2021-02-10 16:00:00,NA,1022,22,74,NA
2021-02-10 17:00:00,NA,1021.6,22.3,74,NA
2021-02-10 18:00:00,NA,1021.3,21.8,76,NA
2021-02-10 19:00:00,NA,1020.5,21.5,77,NA
2021-02-10 20:00:00,NA,1020.2,20.6,80,NA
2021-02-10 21:00:00,NA,1019.9,20.4,82,NA
2021-02-10 23:00:00,NA,1019.4,20.2,82,NA
2021-02-10 22:00:00,1018.4,NA,20.4,81,NA
2021-02-11 00:00:00,1018.6,NA,20,85,NA
2021-02-11 11:00:00,1016.5,NA,20.6,96,NA
2021-02-11 12:00:00,1016.8,NA,21.6,91,NA
2021-02-11 13:00:00,1017.2,NA,21.3,91,NA
2021-02-11 14:00:00,1016.8,NA,21.5,93,NA
2021-02-11 15:00:00,1016.6,NA,19.2,93,NA
2021-02-11 16:00:00,1016.4,NA,21.5,91,NA
2021-02-11 17:00:00,1015.7,NA,22.2,88,NA
2021-02-11 18:00:00,1016.7,NA,22.8,85,NA
2021-02-11 19:00:00,1015,NA,22.5,85,NA
2021-02-11 20:00:00,1014.8,NA,22.5,81,NA
2021-02-11 21:00:00,1014.6,NA,22.2,85,NA
2021-02-11 22:00:00,1014.9,NA,22.1,85,NA
2021-02-11 23:00:00,1015,NA,20.9,96,NA
2021-02-12 11:00:00,NA,1015,21,96,NA
2021-02-12 12:00:00,NA,1015.7,21,96,NA
2021-02-12 13:00:00,NA,1016.4,21.2,98,NA
2021-02-12 14:00:00,NA,1016.4,18.4,96,NA
2021-02-12 15:00:00,NA,1016.7,18,98,NA
2021-02-12 16:00:00,NA,1016.5,18.2,98,NA
2021-02-12 17:00:00,NA,1016,18.8,94,NA
2021-02-12 18:00:00,NA,1015.1,19.2,94,NA
2021-02-12 19:00:00,NA,1013.7,21.2,96,NA
2021-02-12 20:00:00,NA,1013.1,22,93,NA
2021-02-12 21:00:00,NA,1013.1,21.8,93,NA
2021-02-12 22:00:00,NA,1013.4,21.6,93,NA
2021-02-12 23:00:00,1012.2,NA,21.2,92,NA
2021-02-13 00:00:00,1012.8,NA,21,95,NA
2021-02-13 11:00:00,1011.2,NA,21,95,NA
2021-02-13 12:00:00,1011.2,NA,21.5,91,NA
2021-02-13 13:00:00,1011.2,NA,20.9,96,NA
2021-02-13 15:00:00,1010.2,NA,21,90,NA
2021-02-13 16:00:00,1009.8,NA,21.8,88,NA
2021-02-13 17:00:00,1009.6,NA,21.8,84,NA
2021-02-13 18:00:00,1009.2,NA,21.5,86,NA
2021-02-13 19:00:00,1008.5,NA,21.8,84,NA
2021-02-13 20:00:00,1008.1,NA,21.8,85,NA
2021-02-13 21:00:00,1006.5,NA,21.5,87,NA
2021-02-13 22:00:00,1006,NA,21,91,NA
2021-02-13 23:00:00,1006,NA,20.9,94,NA
2021-02-14 11:00:00,NA,1006.8,21.4,98,NA
2021-02-14 12:00:00,NA,1006.8,22.6,95,NA
2021-02-14 13:00:00,NA,1007,23.8,84,NA
2021-02-14 14:00:00,NA,1006.9,25.4,73,NA
2021-02-14 15:00:00,NA,1006.4,26,69,NA
2021-02-14 16:00:00,NA,1006,26.4,71,NA
2021-02-14 17:00:00,NA,1005.7,26.8,67,NA
2021-02-14 18:00:00,NA,1005.2,25,78,NA
2021-02-14 19:00:00,NA,1004.6,25.5,73,NA
2021-02-14 20:00:00,NA,1004.2,26,69,NA
2021-02-14 21:00:00,NA,1004.1,24.7,73,NA
2021-02-14 22:00:00,NA,1004.5,23.4,80,NA
2021-02-14 23:00:00,NA,1005.7,21,85,NA
2021-02-15 00:00:00,1006.1,NA,18.5,98,NA
2021-02-15 11:00:00,1006.6,NA,18.6,100,NA
2021-02-15 12:00:00,1006.9,NA,19.7,93,NA
2021-02-15 13:00:00,1007,NA,21.2,88,NA
2021-02-15 14:00:00,1007.3,NA,21.6,78,NA
2021-02-15 15:00:00,1007,NA,22,74,NA
2021-02-15 16:00:00,1006.9,NA,24.5,74,NA
2021-02-15 17:00:00,1006.8,NA,22.8,84,NA
2021-02-15 18:00:00,1006.5,NA,22.5,86,NA
2021-02-15 19:00:00,1006.2,NA,23.3,78,NA
2021-02-15 20:00:00,1005.8,NA,22.5,81,NA
2021-02-15 21:00:00,1005.8,NA,22.2,82,NA
2021-02-15 22:00:00,1006,NA,21.3,92,NA
2021-02-15 23:00:00,1006.4,NA,20.8,91,NA
2021-02-16 11:00:00,NA,1006.8,20.5,97,NA
2021-02-16 12:00:00,NA,1007.1,19.8,97,NA
2021-02-16 13:00:00,NA,1006.9,21,93,NA
2021-02-16 14:00:00,NA,1007.1,22.2,87,NA
2021-02-16 15:00:00,NA,1006.8,22.7,85,NA
2021-02-16 16:00:00,NA,1006.8,23.4,81,NA
2021-02-16 17:00:00,NA,1007.2,22.8,83,NA
2021-02-16 18:00:00,NA,1006.5,21.4,93,NA
2021-02-16 19:00:00,NA,1006.9,20.7,93,NA
2021-02-16 20:00:00,NA,1006.4,20.8,95,NA
2021-02-16 21:00:00,NA,1006.8,20.6,95,NA
2021-02-16 22:00:00,NA,1007.3,20.6,93,NA
2021-02-16 23:00:00,NA,1007.6,20,95,NA
2021-02-17 00:00:00,1006.9,NA,20,95,NA
2021-02-17 11:00:00,1007.3,NA,19.5,95,NA
2021-02-17 12:00:00,1007.6,NA,19.8,93,NA
2021-02-17 13:00:00,1007.6,NA,20.1,91,NA
2021-02-17 14:00:00,1007.7,NA,21,92,NA
2021-02-17 15:00:00,1007.7,NA,22,81,NA
2021-02-17 16:00:00,1007.7,NA,22.8,76,NA
2021-02-17 17:00:00,1007.6,NA,23,73,NA
2021-02-17 18:00:00,1007.6,NA,23.5,69,NA
2021-02-17 19:00:00,1006.9,NA,21.8,67,NA
2021-02-17 20:00:00,1006.6,NA,21.5,66,NA
2021-02-17 21:00:00,1006.8,NA,20.5,70,NA
2021-02-17 22:00:00,1006.8,NA,20.1,76,NA
2021-02-17 23:00:00,1007,NA,19.5,81,NA
2021-02-18 11:00:00,NA,1009.1,17.9,99,NA
2021-02-18 12:00:00,NA,1008.8,19,98,NA
2021-02-18 13:00:00,NA,1008.8,20.8,87,NA
2021-02-18 14:00:00,NA,1008.3,21.8,81,NA
2021-02-18 15:00:00,NA,1008.1,23.5,71,NA
2021-02-18 16:00:00,NA,1007.8,25,74,NA
2021-02-18 17:00:00,NA,1007.3,26,62,NA
2021-02-18 18:00:00,NA,1006.4,25.6,65,NA
2021-02-18 19:00:00,NA,1005.7,24.8,71,NA
2021-02-18 20:00:00,NA,1005.8,25,74,NA
2021-02-18 21:00:00,NA,1005.8,23.2,81,NA
2021-02-18 22:00:00,NA,1006,22.9,84,NA
2021-02-18 23:00:00,1005.4,NA,22,89,NA
2021-02-19 00:00:00,1006,NA,21.4,94,NA
2021-02-19 11:00:00,1006.1,NA,21.4,62,NA
2021-02-19 12:00:00,1007.7,NA,22.3,59,NA
2021-02-19 13:00:00,1007,NA,21.8,65,NA
2021-02-19 14:00:00,1008.2,NA,21.2,69,NA
2021-02-19 15:00:00,1008.8,NA,21.5,65,NA
2021-02-19 16:00:00,1009.6,NA,22.1,61,NA
2021-02-19 17:00:00,1010.1,NA,22.4,59,NA
2021-02-19 18:00:00,1010.2,NA,22.2,61,NA
2021-02-19 19:00:00,1010.2,NA,21.8,59,NA
2021-02-19 20:00:00,1010.5,NA,21.3,40,NA
2021-02-19 21:00:00,1010.8,NA,20.9,41,NA
2021-02-19 22:00:00,1011.4,NA,18.8,45,NA
2021-02-19 23:00:00,1012.1,NA,15.9,61,NA
2021-02-20 11:00:00,NA,1015.3,13.8,89,NA
2021-02-20 12:00:00,NA,1015.6,17.1,66,NA
2021-02-20 13:00:00,NA,1015.7,19,64,NA
2021-02-20 14:00:00,NA,1015.9,21.2,57,NA
2021-02-20 15:00:00,NA,1015.4,22.2,55,NA
2021-02-20 16:00:00,NA,1014.9,22.8,37,NA
2021-02-20 17:00:00,NA,1014.5,23.4,38,NA
2021-02-20 18:00:00,NA,1014.1,23.8,28,NA
2021-02-20 19:00:00,NA,1013.9,24.2,29,NA
2021-02-20 20:00:00,NA,1013.8,24,32,NA
2021-02-20 21:00:00,NA,1013.7,20.4,46,NA
2021-02-20 22:00:00,NA,1013.5,19,64,NA
2021-02-20 23:00:00,NA,1013.8,16.4,78,NA
2021-02-21 00:00:00,1013.6,NA,15.8,77,NA
2021-02-21 12:00:00,1014,NA,20,62,NA
2021-02-21 13:00:00,1013.7,NA,21.3,55,NA
2021-02-21 14:00:00,1013.8,NA,23.5,49,NA
2021-02-21 15:00:00,1013.6,NA,25,42,NA
2021-02-21 16:00:00,1013.3,NA,26.8,35,NA
2021-02-21 17:00:00,1012.6,NA,27,42,NA
2021-02-21 18:00:00,1012,NA,27.5,41,NA
2021-02-21 19:00:00,1011,NA,27.8,40,NA
2021-02-21 20:00:00,1010.2,NA,27.8,45,NA
2021-02-21 21:00:00,1009.3,NA,27.2,49,NA
2021-02-21 22:00:00,1008.8,NA,25.2,60,NA
2021-02-22 11:00:00,NA,1007.7,20.3,97,NA
2021-02-22 12:00:00,NA,1008.5,21,95,NA
2021-02-22 13:00:00,NA,1008.8,22,76,NA
2021-02-22 14:00:00,NA,1009.8,22.1,74,NA
2021-02-22 15:00:00,NA,1009.7,23,76,NA
2021-02-22 16:00:00,NA,1009.6,23.9,71,NA
2021-02-22 17:00:00,NA,1009.8,23,75,NA
2021-02-22 18:00:00,NA,1009.7,21.7,61,NA
2021-02-22 19:00:00,NA,1009.7,20,56,NA
2021-02-22 20:00:00,NA,1009.5,21,59,NA
2021-02-22 21:00:00,NA,1009.9,19.6,60,NA
2021-02-22 22:00:00,NA,1009.8,19,64,NA
2021-02-22 23:00:00,NA,1010.1,17.2,78,NA
2021-02-23 00:00:00,1010.2,NA,16.2,81,NA
2021-02-23 10:00:00,1012.9,NA,14.3,93,NA
2021-02-23 12:00:00,1013,NA,17.3,79,NA
2021-02-23 13:00:00,1013.4,NA,20.1,67,NA
2021-02-23 14:00:00,1013.3,NA,21.3,53,NA
2021-02-23 15:00:00,1012.9,NA,22.8,47,NA
2021-02-23 16:00:00,1012.6,NA,23.8,42,NA
2021-02-23 17:00:00,1012.8,NA,25.1,38,NA
2021-02-23 18:00:00,1013,NA,25.8,36,NA
2021-02-23 19:00:00,1013.3,NA,25,38,NA
2021-02-23 20:00:00,1011.6,NA,24.3,45,NA
2021-02-23 21:00:00,1011.3,NA,22.9,56,NA
2021-02-23 22:00:00,1011.6,NA,21.1,62,NA
2021-02-23 23:00:00,1012,NA,18.2,83,NA
2021-02-24 11:00:00,NA,1015.5,17.8,82,NA
2021-02-24 12:00:00,NA,1015.7,18,62,NA
2021-02-24 13:00:00,NA,1016.1,18.3,64,NA
2021-02-24 14:00:00,NA,1015.9,20,63,NA
2021-02-24 15:00:00,NA,1015.1,21,59,NA
2021-02-24 16:00:00,NA,1014.7,22.4,56,NA
2021-02-24 17:00:00,NA,1014.5,23.4,54,NA
2021-02-24 18:00:00,NA,1013.8,24,49,NA
2021-02-24 19:00:00,NA,1013.4,23,60,NA
2021-02-24 20:00:00,NA,1012.9,22.5,63,NA
2021-02-24 21:00:00,NA,1012.7,21.8,66,NA
2021-02-24 22:00:00,NA,1013.3,20.6,74,NA
2021-02-24 23:00:00,NA,1012.8,17.4,91,NA
2021-02-25 00:00:00,1012,NA,16.8,91,NA
2021-02-25 11:00:00,1011.8,NA,19,82,NA
2021-02-25 12:00:00,1012.5,NA,21,73,NA
2021-02-25 13:00:00,1012.6,NA,24,60,NA
2021-02-25 14:00:00,1012.9,NA,27,59,NA
2021-02-25 15:00:00,1012.9,NA,28.1,50,NA
2021-02-25 16:00:00,1015.3,NA,29.2,48,NA
2021-02-25 17:00:00,1012,NA,31,40,NA
2021-02-25 18:00:00,1011.7,NA,31.8,39,NA
2021-02-25 19:00:00,1011.6,NA,29,40,NA
2021-02-25 20:00:00,1010.8,NA,27,50,NA
2021-02-25 21:00:00,1010.2,NA,25.5,51,NA
2021-02-25 22:00:00,1010.2,NA,23.2,65,NA
2021-02-25 23:00:00,1010.6,NA,22,74,NA
2021-02-26 11:00:00,NA,1014.9,21.3,82,NA
2021-02-26 12:00:00,NA,1015.3,23.2,74,NA
2021-02-26 13:00:00,NA,1015.8,26.7,62,NA
2021-02-26 14:00:00,NA,1015.9,29,56,NA
2021-02-26 15:00:00,NA,1015.8,30,47,NA
2021-02-26 16:00:00,NA,1015.4,30.8,47,NA
2021-02-26 17:00:00,NA,1015.4,31.7,39,NA
2021-02-26 18:00:00,NA,1015,30,53,NA
2021-02-26 19:00:00,NA,1014.5,29,52,NA
2021-02-26 20:00:00,NA,1014.8,28.6,53,NA
2021-02-26 21:00:00,NA,1014.9,27.1,57,NA
2021-02-26 22:00:00,NA,1015.6,24,64,NA
2021-02-26 23:00:00,1015.7,NA,21.6,72,NA
2021-02-27 00:00:00,1016.8,NA,20,83,NA
2021-02-27 11:00:00,1021.6,NA,22.4,89,NA
2021-02-27 12:00:00,1021.6,NA,23.9,82,NA
2021-02-27 13:00:00,1021.6,NA,25.5,73,NA
2021-02-27 14:00:00,1021.6,NA,25.9,70,NA
2021-02-27 15:00:00,1021.3,NA,25.4,74,NA
2021-02-27 16:00:00,1020.8,NA,26.1,72,NA
2021-02-27 17:00:00,1020.1,NA,26.3,72,NA
2021-02-27 18:00:00,1019.6,NA,25.7,73,NA
2021-02-27 20:00:00,1020.4,NA,23.2,83,NA
2021-02-27 21:00:00,1020.6,NA,21.5,88,NA
2021-02-27 22:00:00,1020.2,NA,21.5,90,NA
2021-02-27 23:00:00,1020.1,NA,21.2,91,NA
2021-02-28 11:00:00,NA,1020.9,21.8,90,NA
2021-02-28 12:00:00,NA,1020.7,23.6,82,NA
2021-02-28 13:00:00,NA,1020.5,24,76,NA
2021-02-28 14:00:00,NA,1020.5,24.4,73,NA
2021-02-28 15:00:00,NA,1019.8,26.4,70,NA
2021-02-28 16:00:00,NA,1019.5,25,66,NA
2021-02-28 17:00:00,NA,1018.6,26,69,NA
2021-02-28 18:00:00,NA,1018.2,25.8,66,NA
2021-02-28 19:00:00,NA,1017.3,26.2,68,NA
2021-02-28 20:00:00,NA,1017.2,25.5,70,NA
2021-02-28 21:00:00,NA,1017.2,23.8,77,NA
2021-02-28 22:00:00,NA,1016.4,22.6,93,NA
2021-02-28 23:00:00,NA,1016.2,21.8,91,NA
2021-03-01 00:00:00,NA,1017.5,22,91,NA
2021-03-02 11:00:00,NA,1016.9,21.7,95,NA
2021-03-02 12:00:00,NA,1016.6,23.2,93,NA
2021-03-02 13:00:00,NA,1016.5,25,84,NA
2021-03-02 14:00:00,NA,1016.4,25.8,81,NA
2021-03-02 15:00:00,NA,1016.1,26.3,77,NA
2021-03-02 16:00:00,NA,1015.7,26,80,NA
2021-03-02 17:00:00,NA,1015.4,25.8,76,NA
2021-03-02 18:00:00,1014.4,1015.2,26.4,75,NA
2021-03-02 19:00:00,1014.5,1015.3,26.1,76,NA
2021-03-02 20:00:00,1014.2,1015.1,26,80,NA
2021-03-02 21:00:00,1014.6,1015.5,24.8,83,NA
2021-03-02 22:00:00,1014.9,1015.8,23.5,89,NA
2021-03-02 23:00:00,1015,1015.9,23,93,NA
2021-03-03 00:00:00,NA,1016.5,22.6,92,NA
2021-03-04 00:00:00,1016.6,NA,NA,NA,NA
2021-03-04 11:00:00,1014.6,1015.5,20,96,NA
2021-03-04 12:00:00,1014.4,1015.2,22.4,88,NA
2021-03-04 13:00:00,1014.5,1015.4,24.4,80,NA
2021-03-04 14:00:00,1014.1,1014.9,25.4,75,NA
2021-03-04 15:00:00,1014,1014.9,26.2,75,NA
2021-03-04 16:00:00,1013.6,1014.5,26.4,74,NA
2021-03-04 17:00:00,1012.8,1013.6,26.4,74,NA
2021-03-04 18:00:00,1011.3,1012.2,25.8,74,NA
2021-03-04 19:00:00,1009.7,1010.6,26.5,72,NA
2021-03-04 20:00:00,1010.1,1010.9,25,76,NA
2021-03-04 21:00:00,1010.2,1011.1,22.8,88,NA
2021-03-04 22:00:00,1010.5,1011.4,23.4,91,NA
2021-03-04 23:00:00,1010.8,1011.6,22.6,88,NA
2021-03-05 00:00:00,NA,1012,21.4,96,NA
2021-03-06 00:00:00,1011.8,NA,NA,NA,NA
2021-03-06 11:00:00,1012.6,1013.5,17.3,87,NA
2021-03-06 12:00:00,1013,1013.8,18.2,82,NA
2021-03-06 13:00:00,1013.3,1014.2,16.6,86,NA
2021-03-06 14:00:00,1013.6,1014.3,19.8,66,NA
2021-03-06 15:00:00,1013.4,1014.3,20.2,65,NA
2021-03-06 16:00:00,1012.9,1013.7,21.6,60,NA
2021-03-06 17:00:00,1012.5,1013.4,21.4,62,NA
2021-03-06 18:00:00,1012.6,1013.4,21.6,61,NA
2021-03-06 19:00:00,1012.4,1013.2,21.2,61,NA
2021-03-06 20:00:00,1012,1012.8,20.5,63,NA
2021-03-06 21:00:00,1012.4,1013.2,20.1,67,NA
2021-03-06 22:00:00,1012.4,1013.2,18.5,74,NA
2021-03-06 23:00:00,1012.4,1013.1,16,86,NA
2021-03-07 00:00:00,NA,1013.6,14.8,88,NA
2021-03-08 00:00:00,1005.8,NA,NA,NA,NA
2021-03-08 11:00:00,1011.4,1012.3,19.6,92,NA
2021-03-08 12:00:00,1012.6,1013.5,19.6,92,NA
2021-03-08 13:00:00,1013,1013.9,21.2,84,NA
2021-03-08 14:00:00,1013.7,1014.6,22.2,73,NA
2021-03-08 15:00:00,1014.6,1015.4,21.8,58,NA
2021-03-08 16:00:00,1015.2,1016,22,57,NA
2021-03-08 17:00:00,1015.7,1016.6,21.2,61,NA
2021-03-08 18:00:00,1016,1016.9,20.4,70,NA
2021-03-08 19:00:00,1015.8,1016.8,19.8,70,NA
2021-03-08 20:00:00,1016.1,1017,19,68,NA
2021-03-08 21:00:00,1016.9,1017.8,17.7,69,NA
2021-03-08 22:00:00,1017.4,1018.3,16.7,72,NA
2021-03-08 23:00:00,1017.4,1018.3,15.6,73,NA
2021-03-09 00:00:00,NA,1018.8,15.6,69,NA
2021-03-10 00:00:00,1016.2,NA,NA,NA,NA
2021-03-10 11:00:00,1015.2,1016.1,18.8,83,NA
2021-03-10 12:00:00,1014.4,1015.2,21,70,NA
2021-03-10 13:00:00,1014.2,1015.1,23,62,NA
2021-03-10 14:00:00,1013.7,1014.6,24,61,NA
2021-03-10 15:00:00,1013.4,1014.2,25,55,NA
2021-03-10 16:00:00,1012.5,1013.3,25,69,NA
2021-03-10 17:00:00,1011.2,1012.1,26.2,60,NA
2021-03-10 18:00:00,1010.9,1011.7,27,53,NA
2021-03-10 19:00:00,1010.2,1011,26.2,55,NA
2021-03-10 20:00:00,1009.4,1010.2,24.4,58,NA
2021-03-10 21:00:00,1010,1010.7,22.9,66,NA
2021-03-10 22:00:00,1010.4,1011.1,20.4,76,NA
2021-03-10 23:00:00,1009.8,1010.7,19,87,NA
2021-03-11 00:00:00,NA,1010.9,17.4,88,NA
2021-03-12 00:00:00,1011.6,NA,NA,NA,NA
2021-03-12 11:00:00,1015,1015.9,14.6,93,NA
2021-03-12 12:00:00,1015,1015.9,18.8,83,NA
2021-03-12 13:00:00,1015.6,1016.4,20.4,68,NA
2021-03-12 14:00:00,1015.8,1016.6,21,57,NA
2021-03-12 15:00:00,1016,1016.9,21.5,62,NA
2021-03-12 16:00:00,1015.8,1016.7,21,65,NA
2021-03-12 17:00:00,1016,1016.8,20.8,61,NA
2021-03-12 18:00:00,1016,1016.8,20.8,63,NA
2021-03-12 19:00:00,1015.3,1016.2,20,63,NA
2021-03-12 20:00:00,1015.3,1016.1,20,61,NA
2021-03-12 21:00:00,1015.3,1016.1,19,65,NA
2021-03-12 22:00:00,1015.3,1016.2,17.4,69,NA
2021-03-12 23:00:00,1015.7,1016.6,16.5,71,NA
2021-03-13 00:00:00,NA,1017,16.2,68,NA
2021-03-14 11:00:00,NA,1018.2,16.6,96,NA
2021-03-14 12:00:00,NA,1018.1,18,90,NA
2021-03-14 13:00:00,NA,1018.3,20.7,80,NA
2021-03-14 14:00:00,NA,1018.5,21,79,NA
2021-03-14 15:00:00,NA,1018.3,21.5,75,NA
2021-03-14 16:00:00,NA,1017.7,23.1,67,NA
2021-03-14 17:00:00,NA,1017.5,26.2,47,NA
2021-03-14 18:00:00,NA,1017.2,27,46,NA
2021-03-14 19:00:00,NA,1017,26.4,45,NA
2021-03-14 20:00:00,NA,1016.6,26.4,48,NA
2021-03-14 21:00:00,NA,1016.3,25,59,NA
2021-03-14 22:00:00,NA,1016.5,21.8,79,NA
2021-03-14 23:00:00,NA,1016.6,20.4,85,NA
2021-03-15 00:00:00,NA,1017,20,88,NA
2021-03-15 12:00:00,1016.2,NA,20,88,NA
2021-03-15 13:00:00,1016.2,NA,23,74,NA
2021-03-15 14:00:00,1016,NA,25.1,71,NA
2021-03-15 15:00:00,1016,NA,25,61,NA
2021-03-15 16:00:00,1015.7,NA,24.8,60,NA
2021-03-15 17:00:00,1015.3,NA,26,58,NA
2021-03-15 18:00:00,1015,NA,26.8,56,NA
2021-03-16 11:00:00,NA,1012.3,19.8,87,NA
2021-03-16 12:00:00,NA,1012,20.4,91,NA
2021-03-16 13:00:00,NA,1012.1,21.5,90,NA
2021-03-16 14:00:00,NA,1012.2,23.2,81,NA
2021-03-16 15:00:00,NA,1011.5,23.4,80,NA
2021-03-16 16:00:00,NA,1010.9,24,76,NA
2021-03-16 17:00:00,NA,1009.8,23.4,75,NA
2021-03-16 18:00:00,NA,1009.3,23.4,79,NA
2021-03-16 19:00:00,NA,1008.2,23.2,76,NA
2021-03-16 20:00:00,NA,1007.8,22.4,84,NA
2021-03-16 21:00:00,NA,1007.9,22,90,NA
2021-03-16 22:00:00,NA,1008,21,96,NA
2021-03-16 23:00:00,NA,1007.1,20.5,98,NA
2021-03-17 00:00:00,1006.2,NA,20.5,98,NA
2021-03-17 11:00:00,1008,NA,17.3,89,NA
2021-03-17 12:00:00,1008.4,NA,17.4,84,NA
2021-03-18 11:00:00,NA,1018.2,12.5,88,NA
2021-03-18 12:00:00,NA,1018.2,13.2,84,NA
2021-03-18 13:00:00,NA,1018.9,14.2,82,NA
2021-03-18 14:00:00,NA,1018.8,16,70,NA
2021-03-18 15:00:00,NA,1018.4,17,61,NA
2021-03-18 16:00:00,NA,1018.3,17.6,57,NA
2021-03-18 17:00:00,NA,1017.9,18.1,56,NA
2021-03-18 18:00:00,NA,1017.8,18,57,NA
2021-03-18 19:00:00,NA,1017,17.2,63,NA
2021-03-18 20:00:00,NA,1017.5,16.9,64,NA
2021-03-18 21:00:00,NA,1017.5,15.8,66,NA
2021-03-18 22:00:00,NA,1017.8,14.4,77,NA
2021-03-18 23:00:00,NA,1017.9,12.8,88,NA
2021-03-19 00:00:00,1017.7,NA,12.4,86,NA
2021-03-19 11:00:00,1017.3,NA,10.6,94,NA
2021-03-19 12:00:00,1017.2,NA,16.5,82,NA
2021-03-19 13:00:00,1017,NA,18.8,64,NA
2021-03-19 14:00:00,1016.8,NA,19.2,64,NA
2021-03-19 15:00:00,1016.6,NA,20.8,58,NA
2021-03-19 16:00:00,1016.1,NA,21.3,56,NA
2021-03-19 17:00:00,1015.8,NA,21.7,54,NA
2021-03-19 18:00:00,1015.8,NA,21.8,52,NA
2021-03-19 19:00:00,1014.1,NA,21.5,58,NA
2021-03-19 20:00:00,1014.2,NA,21.1,60,NA
2021-03-19 21:00:00,1014.2,NA,19.9,69,NA
2021-03-19 22:00:00,1014.5,NA,19.2,70,NA
2021-03-19 23:00:00,1014.2,NA,18.8,79,NA
2021-03-20 11:00:00,NA,1015.3,16.3,95,NA
2021-03-20 12:00:00,NA,1015.8,16,96,NA
2021-03-20 13:00:00,NA,1015.8,16.4,95,NA
2021-03-20 14:00:00,NA,1015.4,17,94,NA
2021-03-20 15:00:00,NA,1015.5,17.6,94,NA
2021-03-20 16:00:00,NA,1014.8,17.4,98,NA
2021-03-20 17:00:00,NA,1013.9,17.4,94,NA
2021-03-20 18:00:00,NA,1013.5,17.6,94,NA
2021-03-20 19:00:00,NA,1012.7,18,90,NA
2021-03-20 20:00:00,NA,1013.5,19.3,83,NA
2021-03-20 21:00:00,NA,1013.8,18.8,88,NA
2021-03-20 22:00:00,NA,1013.7,18.2,90,NA
2021-03-20 23:00:00,NA,1014.2,17.5,93,NA
2021-03-21 00:00:00,1013.8,NA,16,95,NA
2021-03-21 11:00:00,1018.6,NA,16.5,74,NA
2021-03-21 12:00:00,1018.8,NA,17,80,NA
2021-03-21 13:00:00,1019,NA,17.9,72,NA
2021-03-21 14:00:00,1019.3,NA,19,71,NA
2021-03-21 15:00:00,1019.7,NA,19.2,70,NA
2021-03-21 16:00:00,1020,NA,18.7,72,NA
2021-03-21 17:00:00,1020.2,NA,18.9,70,NA
2021-03-21 18:00:00,1020.5,NA,18.1,70,NA
2021-03-21 19:00:00,1020.5,NA,18,69,NA
2021-03-21 20:00:00,1020.9,NA,17.8,68,NA
2021-03-21 21:00:00,1021.4,NA,17,70,NA
2021-03-21 22:00:00,1021.6,NA,15,73,NA
2021-03-21 23:00:00,1021.8,NA,14.5,76,NA
2021-03-22 11:00:00,NA,1023.5,10,92,NA
2021-03-22 12:00:00,NA,1023.4,15.5,84,NA
2021-03-22 13:00:00,NA,1023.1,19.3,73,NA
2021-03-22 14:00:00,NA,1022.9,19.6,73,NA
2021-03-22 15:00:00,NA,1022.1,20.5,71,NA
2021-03-22 16:00:00,NA,1021.7,21.1,70,NA
2021-03-22 17:00:00,NA,1021.2,21.4,67,NA
2021-03-22 18:00:00,NA,1020.6,21.4,66,NA
2021-03-22 19:00:00,NA,1020.6,21,65,NA
2021-03-22 20:00:00,NA,1020.4,19.7,73,NA
2021-03-22 21:00:00,NA,1020.3,19.6,73,NA
2021-03-22 22:00:00,NA,1020.4,17.6,82,NA
2021-03-22 23:00:00,NA,1019.8,16.4,86,NA
2021-03-23 00:00:00,1018.9,NA,16.6,85,NA
2021-03-23 11:00:00,1018.1,NA,16,95,NA
2021-03-23 12:00:00,1017.6,NA,18,89,NA
2021-03-23 13:00:00,1017.3,NA,21.6,76,NA
2021-03-23 14:00:00,1017.2,NA,23.1,68,NA
2021-03-23 15:00:00,1016.6,NA,22.5,66,NA
2021-03-23 16:00:00,1016.2,NA,23.9,58,NA
2021-03-23 17:00:00,1015.4,NA,23.3,64,NA
2021-03-23 18:00:00,1015,NA,23,64,NA
2021-03-23 19:00:00,1015,NA,22.6,66,NA
2021-03-23 20:00:00,1014.9,NA,21.8,74,NA
2021-03-23 21:00:00,1014.9,NA,20.8,79,NA
2021-03-23 22:00:00,1015.3,NA,19.7,86,NA
2021-03-23 23:00:00,1015.6,NA,18.4,93,NA
2021-03-24 11:00:00,NA,1017.4,17.4,96,NA
2021-03-24 12:00:00,NA,1017.5,20,95,NA
2021-03-24 13:00:00,NA,1017.6,22,87,NA
2021-03-24 14:00:00,NA,1017.4,24,77,NA
2021-03-24 15:00:00,NA,1017,26,69,NA
2021-03-24 16:00:00,NA,1016.6,26.8,62,NA
2021-03-24 17:00:00,NA,1015.9,27.4,57,NA
2021-03-24 18:00:00,NA,1015.6,27.6,60,NA
2021-03-24 19:00:00,NA,1014.8,26.2,67,NA
2021-03-24 20:00:00,NA,1014.6,26.4,61,NA
2021-03-24 21:00:00,NA,1014.8,24.6,64,NA
2021-03-24 22:00:00,NA,1015,22.4,74,NA
2021-03-24 23:00:00,NA,1015.6,19.4,87,NA
2021-03-25 00:00:00,1015.2,NA,18.6,90,NA
2021-03-25 11:00:00,1014.5,NA,18.6,96,NA
2021-03-25 12:00:00,1014.4,NA,20,96,NA
2021-03-25 13:00:00,1014.8,NA,21,90,NA
2021-03-25 14:00:00,1014.8,NA,21.8,87,NA
2021-03-25 15:00:00,1013.8,NA,22.3,88,NA
2021-03-25 16:00:00,1013,NA,22.8,84,NA
2021-03-25 17:00:00,1012.5,NA,22,87,NA
2021-03-25 18:00:00,1012.2,NA,20.4,94,NA
2021-03-25 19:00:00,1012.2,NA,20.8,96,NA
2021-03-25 20:00:00,1012.4,NA,18.4,96,NA
2021-03-25 21:00:00,1012.2,NA,18.2,95,NA
2021-03-25 22:00:00,1011.8,NA,18.6,93,NA
2021-03-25 23:00:00,1012.2,NA,19.2,93,NA
2021-03-26 11:00:00,NA,1012.5,18.5,93,NA
2021-03-26 12:00:00,NA,1012.7,18.5,95,NA
2021-03-26 13:00:00,NA,1012.9,18.6,94,NA
2021-03-26 14:00:00,NA,1013.3,18.9,96,NA
2021-03-26 15:00:00,NA,1013.4,18.5,95,NA
2021-03-26 16:00:00,NA,1013.1,18.3,95,NA
2021-03-26 17:00:00,NA,1012.6,18.1,97,NA
2021-03-26 18:00:00,NA,1012.4,18,96,NA
2021-03-26 19:00:00,NA,1011.8,17.7,98,NA
2021-03-26 20:00:00,NA,1011.4,17.5,95,NA
2021-03-26 21:00:00,NA,1011.9,17.3,97,NA
2021-03-26 22:00:00,NA,1011.9,17.2,96,NA
2021-03-26 23:00:00,NA,1012.2,17.8,97,NA
2021-03-27 00:00:00,1010.6,NA,17.5,96,NA
2021-03-27 11:00:00,1012.9,NA,17.2,98,NA
2021-03-27 12:00:00,1013.3,NA,17.3,96,NA
2021-03-27 13:00:00,1013.7,NA,17.5,95,NA
2021-03-27 14:00:00,1013.8,NA,17.6,95,NA
2021-03-27 15:00:00,1013.7,NA,17.9,95,NA
2021-03-27 16:00:00,1013.4,NA,18.5,93,NA
2021-03-27 17:00:00,1013.3,NA,19,88,NA
2021-03-27 18:00:00,1012.4,NA,18.5,96,NA
2021-03-27 19:00:00,1012.5,NA,18,96,NA
2021-03-27 20:00:00,1012.2,NA,17.8,98,NA
2021-03-27 21:00:00,1012.5,NA,17.8,98,NA
2021-03-27 22:00:00,1012.5,NA,17.8,96,NA
2021-03-27 23:00:00,1011.4,NA,17.6,98,NA
2021-03-28 11:00:00,NA,1013.8,18.8,92,NA
2021-03-28 12:00:00,NA,1014,19.6,91,NA
2021-03-28 13:00:00,NA,1014.4,20.6,87,NA
2021-03-28 14:00:00,NA,1014.7,20.8,86,NA
2021-03-28 15:00:00,NA,1014.1,21,84,NA
2021-03-28 16:00:00,NA,1013.9,20.4,87,NA
2021-03-28 17:00:00,NA,1013.1,20,87,NA
2021-03-28 18:00:00,NA,1013.1,20.2,85,NA
2021-03-28 19:00:00,NA,1012.8,19.9,88,NA
2021-03-28 20:00:00,NA,1012.9,19.6,88,NA
2021-03-28 21:00:00,NA,1012.8,19.1,91,NA
2021-03-28 22:00:00,NA,1013,18.9,91,NA
2021-03-28 23:00:00,1012.6,NA,18,95,NA
2021-03-29 00:00:00,1012.6,NA,18,95,NA
2021-03-29 11:00:00,1014.5,NA,18.2,96,NA
2021-03-29 12:00:00,1014.6,NA,18.2,91,NA
2021-03-29 13:00:00,1014.9,NA,18.9,81,NA
2021-03-29 14:00:00,1015.4,NA,19.8,76,NA
2021-03-29 15:00:00,1015.7,NA,20.3,72,NA
2021-03-29 16:00:00,1015.8,NA,19.9,73,NA
2021-03-29 17:00:00,1016,NA,20,73,NA
2021-03-29 18:00:00,1016,NA,20.1,72,NA
2021-03-29 19:00:00,1015.8,NA,19.5,72,NA
2021-03-29 20:00:00,1015.8,NA,19,73,NA
2021-03-29 21:00:00,1016.5,NA,18.7,65,NA
2021-03-29 22:00:00,1016.2,NA,16,85,NA
2021-03-29 23:00:00,1016.5,NA,15.5,87,NA
2021-03-30 11:00:00,NA,1019.6,11.8,95,NA
2021-03-30 12:00:00,NA,1019.7,14.8,91,NA
2021-03-30 13:00:00,NA,1020.1,16.8,78,NA
2021-03-30 14:00:00,NA,1019.9,17.7,73,NA
2021-03-30 15:00:00,NA,1020,18.4,72,NA
2021-03-30 16:00:00,NA,1019.9,19,69,NA
2021-03-30 17:00:00,NA,1019.8,18.8,69,NA
2021-03-30 18:00:00,NA,1019.2,18.4,72,NA
2021-03-30 19:00:00,NA,1019.5,18.4,68,NA
2021-03-30 20:00:00,NA,1019.4,18.1,74,NA
2021-03-30 21:00:00,NA,1019.6,17.3,78,NA
2021-03-30 22:00:00,NA,1019.7,15.4,87,NA
2021-03-30 23:00:00,NA,1019.7,14.6,89,NA
2021-03-31 00:00:00,1019.2,NA,13.9,91,NA
2021-03-31 11:00:00,1019.4,NA,12.5,96,NA
2021-03-31 17:00:00,1019.4,NA,21.5,55,NA
2021-03-31 18:00:00,1018.8,NA,21.4,56,NA
2021-03-31 19:00:00,1018.1,NA,21,58,NA
2021-03-31 20:00:00,1018.5,NA,19.8,68,NA
2021-03-31 21:00:00,1018.5,NA,19,71,NA
2021-03-31 23:00:00,1018.9,NA,16.3,78,NA
2021-04-01 11:00:00,NA,1020.8,17.8,69,NA
2021-04-01 12:00:00,NA,1021,18.1,66,NA
2021-04-01 13:00:00,NA,1021.2,18.5,66,NA
2021-04-01 14:00:00,NA,1021.2,20.8,59,NA
2021-04-01 15:00:00,NA,1021.2,20.9,58,NA
2021-04-01 16:00:00,NA,1021.1,20,59,NA
2021-04-01 17:00:00,NA,1020.8,20.2,59,NA
2021-04-01 18:00:00,NA,1020.5,20.1,59,NA
2021-04-01 19:00:00,NA,1020.1,20,63,NA
2021-04-01 20:00:00,NA,1019.6,20,64,NA
2021-04-01 21:00:00,NA,1020,18.8,65,NA
2021-04-01 22:00:00,NA,1020.1,17.5,71,NA
2021-04-01 23:00:00,NA,1020.4,17,78,NA
2021-04-02 00:00:00,1019.8,NA,16.4,78,NA
2021-04-02 11:00:00,1021.7,NA,16.2,91,NA
2021-04-02 12:00:00,1022,NA,19.4,86,NA
2021-04-02 13:00:00,1022.1,NA,20.2,79,NA
2021-04-02 14:00:00,1021.8,NA,19.4,86,NA
2021-04-02 15:00:00,1021.7,NA,20.4,78,NA
2021-04-02 16:00:00,1020.6,NA,20.4,79,NA
2021-04-02 17:00:00,1020.4,NA,22.4,63,NA
2021-04-02 18:00:00,1020.2,NA,21.6,68,NA
2021-04-02 19:00:00,1020.1,NA,21,73,NA
2021-04-02 20:00:00,1020.1,NA,20.5,71,NA
2021-04-02 21:00:00,1020.4,NA,19.8,77,NA
2021-04-02 22:00:00,1020.4,NA,18.4,84,NA
2021-04-02 23:00:00,1020.5,NA,17,89,NA
2021-04-03 11:00:00,NA,1021.9,16.2,97,NA
2021-04-03 12:00:00,NA,1021.9,19.3,89,NA
2021-04-03 13:00:00,NA,1022,21.8,71,NA
2021-04-03 14:00:00,NA,1021.9,22.9,70,NA
2021-04-03 15:00:00,NA,1021.6,24,63,NA
2021-04-03 16:00:00,NA,1021.1,24.6,61,NA
2021-04-03 17:00:00,NA,1020.6,25.2,59,NA
2021-04-03 18:00:00,NA,1019.9,25,61,NA
2021-04-03 19:00:00,NA,1019.7,23.5,68,NA
2021-04-03 20:00:00,NA,1019.6,22.8,72,NA
2021-04-03 21:00:00,NA,1020,21.2,74,NA
2021-04-03 22:00:00,NA,1020,18.3,84,NA
2021-04-03 23:00:00,1019.4,NA,16.4,89,NA
2021-04-04 00:00:00,1019.7,NA,15.6,95,NA
2021-04-04 11:00:00,1019.6,NA,18.1,96,NA
2021-04-04 12:00:00,1019.6,NA,20.9,88,NA
2021-04-04 13:00:00,1019.6,NA,22.3,79,NA
2021-04-04 14:00:00,1019.6,NA,23.3,72,NA
2021-04-04 15:00:00,1019.4,NA,21.7,84,NA
2021-04-04 16:00:00,1018.6,NA,22.8,76,NA
2021-04-04 17:00:00,1018.6,NA,23.2,73,NA
2021-04-04 18:00:00,1018.1,NA,23,74,NA
2021-04-04 20:00:00,1016.4,NA,21.3,79,NA
2021-04-04 21:00:00,1016.1,NA,20.8,82,NA
2021-04-04 22:00:00,1016.1,NA,20.4,83,NA
2021-04-04 23:00:00,1016.4,NA,18.5,95,NA
2021-04-05 11:00:00,NA,1017.8,20,99,NA
2021-04-05 12:00:00,NA,1017.8,21.2,96,NA
2021-04-05 13:00:00,NA,1018.2,22.4,90,NA
2021-04-05 14:00:00,NA,1017.6,23.4,85,NA
2021-04-05 15:00:00,NA,1017.3,25.6,75,NA
2021-04-05 16:00:00,NA,1016.3,24.2,83,NA
2021-04-05 17:00:00,NA,1015.6,23,86,NA
2021-04-05 18:00:00,NA,1015.4,24.4,80,NA
2021-04-05 19:00:00,NA,1015.4,24,83,NA
2021-04-05 20:00:00,NA,1016,21.6,89,NA
2021-04-05 21:00:00,NA,1016.3,21.5,90,NA
2021-04-05 22:00:00,NA,1016.8,20.6,95,NA
2021-04-05 23:00:00,NA,1017.3,19.8,97,NA
2021-04-06 00:00:00,1016.9,NA,19.4,98,NA
2021-04-06 11:00:00,1017.8,NA,20.2,98,NA
2021-04-06 12:00:00,1018,NA,20.5,95,NA
2021-04-06 13:00:00,1018,NA,21.2,88,NA
2021-04-06 14:00:00,1018,NA,21.8,84,NA
2021-04-06 15:00:00,1018,NA,22.8,82,NA
2021-04-06 16:00:00,1017.8,NA,23.2,73,NA
2021-04-06 17:00:00,1017.4,NA,25.1,67,NA
2021-04-06 18:00:00,1017.2,NA,24.8,68,NA
2021-04-06 19:00:00,1016.6,NA,23.8,76,NA
2021-04-06 20:00:00,1016.5,NA,22.1,85,NA
2021-04-06 21:00:00,1017,NA,21.2,88,NA
2021-04-06 22:00:00,1017.3,NA,19.8,90,NA
2021-04-06 23:00:00,1017.6,NA,19.1,91,NA
2021-04-07 11:00:00,NA,1018.4,20.3,97,NA
2021-04-07 12:00:00,NA,1018.2,21.8,93,NA
2021-04-07 13:00:00,NA,1018.1,23.4,85,NA
2021-04-07 14:00:00,NA,1018,25.3,78,NA
2021-04-07 15:00:00,NA,1017.6,26.4,74,NA
2021-04-07 16:00:00,NA,1016.9,26.4,70,NA
2021-04-07 17:00:00,NA,1016.2,27,67,NA
2021-04-07 18:00:00,NA,1015.2,27.3,66,NA
2021-04-07 19:00:00,NA,1015.2,27,66,NA
2021-04-07 20:00:00,NA,1015.1,26,71,NA
2021-04-07 21:00:00,NA,1015,24.1,79,NA
2021-04-07 22:00:00,NA,1015.3,21.6,90,NA
2021-04-07 23:00:00,NA,1015.6,20.6,93,NA
2021-04-08 00:00:00,NA,1015.5,20.6,95,NA
2021-04-08 15:00:00,1011.4,NA,25.5,70,NA
2021-04-08 16:00:00,1010.9,NA,25.4,68,NA
2021-04-08 17:00:00,1010.5,NA,25.3,67,NA
2021-04-08 18:00:00,1010.5,NA,25,68,NA
2021-04-08 19:00:00,1010,NA,23.2,81,NA
2021-04-08 20:00:00,1009.8,NA,21.5,89,NA
2021-04-08 21:00:00,1010.2,NA,19.9,96,NA
2021-04-08 22:00:00,1011.6,NA,17.7,98,NA
2021-04-08 23:00:00,1011.3,NA,17.7,96,NA
2021-04-09 11:00:00,NA,1013.2,19.2,92,NA
2021-04-09 12:00:00,NA,1013.4,19.2,89,NA
2021-04-09 13:00:00,NA,1013.3,20,85,NA
2021-04-09 14:00:00,NA,1013.3,19.6,83,NA
2021-04-09 15:00:00,NA,1013.8,20.4,82,NA
2021-04-09 16:00:00,NA,1014.7,20.4,82,NA
2021-04-09 17:00:00,NA,1014.7,20.4,82,NA
2021-04-09 18:00:00,NA,1014.3,20.8,79,NA
2021-04-09 19:00:00,NA,1014.1,20,83,NA
2021-04-09 20:00:00,NA,1015,19.8,81,NA
2021-04-09 21:00:00,NA,1015.5,18.6,84,NA
2021-04-09 22:00:00,NA,1016.4,17.7,91,NA
2021-04-09 23:00:00,NA,1017.4,17,90,NA
2021-04-10 00:00:00,NA,1017.6,17,90,NA
2021-04-11 11:00:00,NA,1006,15.9,89,NA
2021-04-11 12:00:00,NA,1006.7,15.9,91,NA
2021-04-11 13:00:00,NA,1008.8,15.9,89,NA
2021-04-11 14:00:00,NA,1009.8,16.3,84,NA
2021-04-11 15:00:00,NA,1010.6,16.8,81,NA
2021-04-11 16:00:00,NA,1010.8,17.6,76,NA
2021-04-11 17:00:00,NA,1011.1,18.8,67,NA
2021-04-11 18:00:00,NA,1011.5,19.4,65,NA
2021-04-11 19:00:00,NA,1011.9,18.6,68,NA
2021-04-11 20:00:00,NA,1012.1,18.5,69,NA
2021-04-11 21:00:00,NA,1013.4,17.4,77,NA
2021-04-11 22:00:00,NA,1013.8,14.8,86,NA
2021-04-11 23:00:00,NA,1014.1,13.4,93,NA
2021-04-12 00:00:00,NA,1014.1,13,96,NA
2021-04-13 11:00:00,NA,1020.1,12.4,91,NA
2021-04-13 12:00:00,NA,1020.6,14.8,74,NA
2021-04-13 13:00:00,1020.1,1020.9,18.3,74,NA
2021-04-13 14:00:00,1020.1,1020.9,21.2,64,NA
2021-04-13 15:00:00,1020,1020.7,22.9,57,NA
2021-04-13 16:00:00,1019.4,1020.2,24.2,47,NA
2021-04-13 17:00:00,1019.3,1020.1,24.9,42,NA
2021-04-13 18:00:00,1019.2,1019.9,25.2,40,NA
2021-04-13 19:00:00,1018.5,1019.3,25.3,45,NA
2021-04-13 20:00:00,1018.4,1019.1,24.4,48,NA
2021-04-13 21:00:00,1018.6,1019.4,22.6,66,NA
2021-04-13 22:00:00,1018.8,1019.5,19.5,81,NA
2021-04-13 23:00:00,1018.9,1019.7,16.4,86,NA
2021-04-14 00:00:00,NA,1019.8,14.1,93,NA
2021-04-14 23:00:00,1015.3,NA,NA,NA,NA
2021-04-15 11:00:00,1013.6,1014.4,14.2,96,NA
2021-04-15 12:00:00,1014.1,1015,18,94,NA
2021-04-15 13:00:00,1014,1014.8,21,86,NA
2021-04-15 14:00:00,1014,1014.9,22,78,NA
2021-04-15 15:00:00,1013.6,1014.4,22,74,NA
2021-04-15 16:00:00,1013.2,1014,23.3,64,NA
2021-04-15 17:00:00,1012.1,1012.9,24.6,60,NA
2021-04-15 18:00:00,1011.6,1012.5,24,63,NA
2021-04-15 19:00:00,1012.2,1013,23.8,65,NA
2021-04-15 20:00:00,1012,1012.8,22,74,NA
2021-04-15 21:00:00,1012,1012.8,20.8,77,NA
2021-04-15 22:00:00,1012.4,1013.2,19.5,84,NA
2021-04-15 23:00:00,1012.6,1013.5,17.4,96,NA
2021-04-16 00:00:00,NA,1014,16.4,98,NA
2021-04-17 00:00:00,1014.1,NA,NA,NA,NA
2021-04-17 11:00:00,1017.3,1018.2,14.6,98,NA
2021-04-17 12:00:00,1017.7,1018.6,19,98,NA
2021-04-17 13:00:00,1017.7,1018.6,21.5,82,NA
2021-04-17 14:00:00,1017.8,1018.7,22.2,83,NA
2021-04-17 15:00:00,1017.7,1018.5,23.1,79,NA
2021-04-17 16:00:00,1017.6,1018.4,24.3,70,NA
2021-04-17 17:00:00,1017.4,1018.2,24.8,66,NA
2021-04-17 18:00:00,1017.4,1018.2,24.1,69,NA
2021-04-17 19:00:00,1016.6,1017.5,21.4,83,NA
2021-04-17 20:00:00,1017,1017.9,20.5,91,NA
2021-04-17 21:00:00,1016.6,1017.5,19.5,93,NA
2021-04-17 22:00:00,1017.2,1018,19.1,94,NA
2021-04-17 23:00:00,1017.4,1018.2,18.7,98,NA
2021-04-18 00:00:00,NA,1018.3,18.1,98,NA
2021-04-18 23:00:00,1018,NA,NA,NA,NA
2021-04-19 00:00:00,1018.2,NA,NA,NA,NA
2021-04-19 11:00:00,1021,1021.9,17,97,NA
2021-04-19 12:00:00,1021.4,1022.3,19,87,NA
2021-04-19 13:00:00,1021.4,1022.2,21,81,NA
2021-04-19 14:00:00,1021.2,1022.1,21.8,76,NA
2021-04-19 15:00:00,1021,1021.9,22.8,69,NA
2021-04-19 16:00:00,1020.9,1021.7,24,61,NA
2021-04-19 17:00:00,1020.5,1021.4,24.6,61,NA
2021-04-19 18:00:00,1020,1020.8,23.8,63,NA
2021-04-19 19:00:00,1020.5,1021.3,22.8,69,NA
2021-04-19 20:00:00,1020.6,1021.4,21.8,71,NA
2021-04-19 21:00:00,1020.5,1021.3,20.2,80,NA
2021-04-19 22:00:00,1020.6,1021.4,18.2,93,NA
2021-04-19 23:00:00,1020.6,1021.4,17,95,NA
2021-04-20 00:00:00,NA,1021.7,17,95,NA
2021-04-21 00:00:00,1021.4,NA,NA,NA,NA
2021-04-21 11:00:00,1021.4,1022.3,18.5,95,NA
2021-04-21 12:00:00,1021.6,1022.4,20.1,81,NA
2021-04-21 13:00:00,1021.6,1022.4,20.5,77,NA
2021-04-21 14:00:00,1021.6,1022.4,20.6,77,NA
2021-04-21 15:00:00,1021.3,1022.2,22,74,NA
2021-04-21 16:00:00,1021,1021.9,21.5,66,NA
2021-04-21 17:00:00,1020.5,1021.4,22,70,NA
2021-04-21 18:00:00,1019.7,1020.6,21.8,72,NA
2021-04-21 19:00:00,1018.8,1019.6,22,74,NA
2021-04-21 20:00:00,1018.4,1019.2,22,71,NA
2021-04-21 21:00:00,1018,1018.8,20.1,81,NA
2021-04-21 22:00:00,1017.7,1018.6,19.8,83,NA
2021-04-21 23:00:00,1018.1,1019,19.5,86,NA
2021-04-22 00:00:00,NA,1019.4,19.1,89,NA
2021-04-23 00:00:00,1015,NA,NA,NA,NA
2021-04-23 11:00:00,NA,1016.3,18,94,NA
2021-04-23 12:00:00,NA,1016.4,19.6,91,NA
2021-04-23 13:00:00,NA,1016.1,21,82,NA
2021-04-23 14:00:00,NA,1015.8,23,75,NA
2021-04-23 15:00:00,NA,1015.2,24,71,NA
2021-04-23 16:00:00,NA,1014.3,25,65,NA
2021-04-23 17:00:00,NA,1013.5,24.5,65,NA
2021-04-23 18:00:00,NA,1013.1,24.5,65,NA
2021-04-23 19:00:00,NA,1012.6,24.2,65,NA
2021-04-23 20:00:00,NA,1012.4,22.4,73,NA
2021-04-23 21:00:00,NA,1012.1,20,86,NA
2021-04-23 22:00:00,NA,1012.6,19.2,89,NA
2021-04-23 23:00:00,NA,1013,18.8,92,NA
2021-04-24 00:00:00,NA,1012.8,18,95,NA
2021-04-25 11:00:00,NA,1017.2,16.3,89,NA
2021-04-25 12:00:00,NA,1017.7,16.9,84,NA
2021-04-25 13:00:00,NA,1018,18,78,NA
2021-04-25 14:00:00,NA,1018.6,18.9,71,NA
2021-04-25 15:00:00,NA,1018.5,19.1,71,NA
2021-04-25 16:00:00,NA,1018.5,18.5,72,NA
2021-04-25 17:00:00,NA,1018.7,18.5,71,NA
2021-04-25 18:00:00,NA,1018.5,18.2,72,NA
2021-04-25 19:00:00,NA,1018.4,18,71,NA
2021-04-25 20:00:00,NA,1018.4,17.2,73,NA
2021-04-25 21:00:00,NA,1018.5,16.3,85,NA
2021-04-25 22:00:00,NA,1018.9,14.8,83,NA
2021-04-26 00:00:00,NA,1019.7,12.5,94,NA
2021-04-27 11:00:00,NA,1020.5,10.4,97,NA
2021-04-27 12:00:00,NA,1020.2,11.8,91,NA
2021-04-27 13:00:00,NA,1020.7,14.2,92,NA
2021-04-27 14:00:00,NA,1020.7,17,75,NA
2021-04-27 15:00:00,NA,1020,18,70,NA
2021-04-27 16:00:00,NA,1019.2,19.4,64,NA
2021-04-27 17:00:00,NA,1018.3,19.5,60,NA
2021-04-27 18:00:00,NA,1018,19.2,58,NA
2021-04-27 19:00:00,NA,1018,18.4,65,NA
2021-04-27 20:00:00,NA,1017.7,18.3,67,NA
2021-04-27 21:00:00,NA,1017.6,17.8,75,NA
2021-04-27 22:00:00,NA,1018,14.2,89,NA
2021-04-27 23:00:00,1017.2,NA,13.8,90,NA
2021-04-28 11:00:00,1018.9,NA,10.9,94,NA
2021-04-28 12:00:00,1019,NA,12.5,88,NA
2021-04-28 13:00:00,1019,NA,15.8,79,NA
2021-04-28 14:00:00,1019,NA,17.8,68,NA
2021-04-28 15:00:00,1018.8,NA,20.5,59,NA
2021-04-28 16:00:00,1018.2,NA,21.6,57,NA
2021-04-28 17:00:00,1017.4,NA,22.8,53,NA
2021-04-28 18:00:00,1016.9,NA,22.3,52,NA
2021-04-28 19:00:00,1017.3,NA,23,48,NA
2021-04-28 20:00:00,1017.3,NA,20.5,52,NA
2021-04-28 21:00:00,1017.6,NA,18.2,78,NA
2021-04-28 22:00:00,1017.8,NA,16.8,82,NA
2021-04-29 11:00:00,NA,1021.5,10.2,92,NA
2021-04-29 12:00:00,NA,1021.9,13.6,88,NA
2021-04-29 13:00:00,NA,1021.9,17.4,79,NA
2021-04-29 14:00:00,NA,1021.7,19.6,70,NA
2021-04-29 15:00:00,NA,1021.4,21.5,66,NA
2021-04-29 16:00:00,NA,1020.7,22.6,61,NA
2021-04-29 17:00:00,NA,1020.1,23.5,56,NA
2021-04-29 18:00:00,NA,1019.3,23.9,55,NA
2021-04-29 19:00:00,NA,1019.6,23.4,55,NA
2021-04-29 20:00:00,NA,1020.2,22.4,60,NA
2021-04-29 21:00:00,NA,1020.2,19.7,73,NA
2021-04-29 22:00:00,NA,1020.2,16.8,85,NA
2021-04-29 23:00:00,NA,1020.2,15,94,NA
2021-04-30 00:00:00,1019.6,NA,13.7,97,NA
2021-04-30 11:00:00,1019.8,NA,12.9,96,NA
2021-04-30 13:00:00,1020.2,NA,17.8,76,NA
2021-04-30 14:00:00,1020,NA,19.2,72,NA
2021-04-30 15:00:00,1019.5,NA,20,67,NA
2021-04-30 16:00:00,1018.7,NA,21.1,64,NA
2021-04-30 17:00:00,1017.4,NA,22,58,NA
2021-04-30 18:00:00,1016.9,NA,21.8,58,NA
2021-04-30 19:00:00,1016.5,NA,21.7,59,NA
2021-04-30 20:00:00,1016.2,NA,21,61,NA
2021-04-30 21:00:00,1015.7,NA,18.4,79,NA
2021-04-30 22:00:00,1016,NA,15.8,89,NA
2021-04-30 23:00:00,1016.2,NA,14.8,91,NA
2021-05-01 11:00:00,NA,1016.7,11.5,94,NA
2021-05-01 12:00:00,NA,1017.1,15,98,NA
2021-05-01 13:00:00,NA,1017.6,18.2,87,NA
2021-05-01 14:00:00,NA,1017.6,20.6,77,NA
2021-05-01 15:00:00,NA,1017.4,22.2,63,NA
2021-05-01 16:00:00,NA,1016.4,22.8,55,NA
2021-05-01 17:00:00,NA,1015.2,24,51,NA
2021-05-01 18:00:00,NA,1014.7,24,51,NA
2021-05-01 19:00:00,NA,1014.5,23.4,50,NA
2021-05-01 20:00:00,NA,1014,22.7,54,NA
2021-05-01 21:00:00,NA,1014,19.6,71,NA
2021-05-01 22:00:00,NA,1014.7,16.8,86,NA
2021-05-01 23:00:00,NA,1015.1,15.5,93,NA
2021-05-02 00:00:00,1014.4,NA,15,91,NA
2021-05-02 12:00:00,1014.2,NA,17,92,NA
2021-05-02 13:00:00,1014.2,NA,18.1,89,NA
2021-05-02 14:00:00,1014,NA,20.5,76,NA
2021-05-02 15:00:00,1013.3,NA,22.1,65,NA
2021-05-02 16:00:00,1012.6,NA,22.3,64,NA
2021-05-02 17:00:00,1012.2,NA,24,60,NA
2021-05-02 18:00:00,1011.6,NA,24,61,NA
2021-05-02 19:00:00,1010.8,NA,23.3,100,NA
2021-05-02 20:00:00,1009.8,NA,21.8,62,NA
2021-05-02 21:00:00,1010.2,NA,20.1,85,NA
2021-05-02 22:00:00,1010.6,NA,18.8,87,NA
2021-05-02 23:00:00,1010.6,NA,17.6,89,NA
2021-05-03 11:00:00,NA,1009.7,16.4,98,NA
2021-05-03 12:00:00,NA,1009.4,17.3,99,NA
2021-05-03 13:00:00,NA,1009.6,17.4,99,NA
2021-05-03 14:00:00,NA,1009.8,17.6,99,NA
2021-05-03 15:00:00,NA,1010.1,17.7,99,NA
2021-05-03 16:00:00,NA,1008.8,17.5,100,NA
2021-05-03 17:00:00,NA,1009.1,17.3,100,NA
2021-05-03 18:00:00,NA,1008.8,17.2,98,NA
2021-05-03 19:00:00,NA,1008.5,17,99,NA
2021-05-03 20:00:00,NA,1008.5,16.9,99,NA
2021-05-03 22:00:00,NA,1010,14.8,98,NA
2021-05-03 23:00:00,1009.8,NA,13.9,97,NA
2021-05-04 00:00:00,1011.2,NA,14.2,96,NA
2021-05-04 11:00:00,1017.7,NA,7.5,87,NA
2021-05-04 13:00:00,1018.9,NA,11.9,77,NA
2021-05-04 14:00:00,1019.2,NA,11.6,93,NA
2021-05-04 15:00:00,1019.7,NA,13.8,67,NA
2021-05-04 16:00:00,1020.2,NA,13,79,NA
2021-05-04 17:00:00,1019.8,NA,14.2,65,NA
2021-05-04 18:00:00,1020.5,NA,14.6,52,NA
2021-05-04 19:00:00,1021,NA,13.8,57,NA
2021-05-04 20:00:00,1022,NA,13.4,59,NA
2021-05-04 21:00:00,1022.8,NA,11.8,58,NA
2021-05-04 22:00:00,1023.4,NA,10.8,68,NA
2021-05-04 23:00:00,1024.4,NA,10,74,NA
2021-05-05 11:00:00,NA,1026,3.7,92,NA
2021-05-05 12:00:00,NA,1026.1,6.6,80,NA
2021-05-05 13:00:00,NA,1025.9,10,68,NA
2021-05-05 14:00:00,NA,1025.4,12.4,61,NA
2021-05-05 15:00:00,NA,1025.3,13,54,NA
2021-05-05 16:00:00,NA,1024.6,14.4,54,NA
2021-05-05 17:00:00,NA,1023.8,14.6,50,NA
2021-05-05 18:00:00,NA,1023.3,13.4,61,NA
2021-05-05 19:00:00,NA,1023.2,13.4,59,NA
2021-05-05 20:00:00,NA,1023.2,13,62,NA
2021-05-05 21:00:00,NA,1023.3,11.8,67,NA
2021-05-05 22:00:00,NA,1023.3,9,76,NA
2021-05-05 23:00:00,NA,1023.5,7.5,82,NA
2021-05-06 00:00:00,1022.9,NA,7.9,74,NA
2021-05-06 11:00:00,1022.1,NA,5.5,94,NA
2021-05-06 13:00:00,1022.3,NA,11.9,72,NA
2021-05-06 15:00:00,1021.6,NA,15.4,65,NA
2021-05-06 16:00:00,1022,NA,17.8,53,NA
2021-05-06 17:00:00,1021.7,NA,16.1,59,NA
2021-05-06 18:00:00,1021.4,NA,15.6,64,NA
2021-05-06 19:00:00,1021,NA,15.5,64,NA
2021-05-06 20:00:00,1021.2,NA,15.8,61,NA
2021-05-06 21:00:00,1021.2,NA,13.1,76,NA
2021-05-06 23:00:00,1021.7,NA,9.1,86,NA
2021-05-07 11:00:00,NA,1025.3,7.5,97,NA
2021-05-07 12:00:00,NA,1025.7,9.1,90,NA
2021-05-07 13:00:00,NA,1026.3,11.7,88,NA
2021-05-07 14:00:00,NA,1026.4,15.3,71,NA
2021-05-07 15:00:00,NA,1026.5,14.7,66,NA
2021-05-07 16:00:00,NA,1026.1,15.3,61,NA
2021-05-07 17:00:00,NA,1025.6,16.2,57,NA
2021-05-07 18:00:00,NA,1025.4,14.7,67,NA
2021-05-07 19:00:00,NA,1025.4,14.4,70,NA
2021-05-07 20:00:00,NA,1025.7,13.6,73,NA
2021-05-07 21:00:00,NA,1026.6,12.2,80,NA
2021-05-07 22:00:00,NA,1027.2,9.6,92,NA
2021-05-07 23:00:00,1026.5,NA,8.4,94,NA
2021-05-08 00:00:00,1026.8,NA,8.1,91,NA
2021-05-08 11:00:00,1027.8,NA,6.8,94,NA
2021-05-08 12:00:00,1028,NA,10,86,NA
2021-05-08 13:00:00,1027.7,NA,14.4,78,NA
2021-05-08 14:00:00,1027.7,NA,16.2,65,NA
2021-05-08 15:00:00,1027.7,NA,16,64,NA
2021-05-08 16:00:00,1026.6,NA,16.4,62,NA
2021-05-08 17:00:00,1026.4,NA,16.5,65,NA
2021-05-08 18:00:00,1026,NA,16.5,64,NA
2021-05-08 19:00:00,1025.7,NA,16.4,66,NA
2021-05-08 20:00:00,1025.7,NA,15.3,69,NA
2021-05-08 21:00:00,1026,NA,11.2,87,NA
2021-05-08 22:00:00,1026,NA,9.8,89,NA
2021-05-08 23:00:00,1025.8,NA,9.4,89,NA
2021-05-09 11:00:00,NA,1024.9,9,97,NA
2021-05-09 12:00:00,NA,1024.8,11,96,NA
2021-05-09 13:00:00,NA,1025.1,15.3,91,NA
2021-05-09 14:00:00,NA,1024.4,16.2,96,NA
2021-05-09 15:00:00,NA,1024.1,16.6,80,NA
2021-05-09 16:00:00,NA,1023.3,16.9,77,NA
2021-05-09 17:00:00,NA,1022.7,16,81,NA
2021-05-09 18:00:00,NA,1021.5,15.6,85,NA
2021-05-09 19:00:00,NA,1021,15.2,87,NA
2021-05-09 20:00:00,NA,1021,14.8,91,NA
2021-05-09 21:00:00,NA,1020.9,13.8,94,NA
2021-05-09 22:00:00,NA,1021.4,12.4,96,NA
2021-05-09 23:00:00,1020.1,NA,11.8,97,NA
2021-05-10 00:00:00,1019.4,NA,11.1,98,NA
2021-05-10 11:00:00,1019.3,NA,6.8,91,NA
2021-05-10 12:00:00,1019.4,NA,9,93,NA
2021-05-10 13:00:00,1019.2,NA,12.1,76,NA
2021-05-10 14:00:00,1019.4,NA,14.1,66,NA
2021-05-10 15:00:00,1019.4,NA,15.1,57,NA
2021-05-10 16:00:00,1019.4,NA,14.8,58,NA
2021-05-10 17:00:00,1018.9,NA,16.1,50,NA
2021-05-10 18:00:00,1018.6,NA,16,51,NA
2021-05-10 19:00:00,NA,NA,15.8,61,NA
2021-05-10 20:00:00,1018.4,NA,13,66,NA
2021-05-10 21:00:00,1018.9,NA,10.5,83,NA
2021-05-10 22:00:00,1019.7,NA,9.6,79,NA
2021-05-10 23:00:00,1020.1,NA,8.4,85,NA
2021-05-11 11:00:00,NA,1021.4,6.9,97,NA
2021-05-11 12:00:00,NA,1021.9,8.2,92,NA
2021-05-11 13:00:00,NA,1022,11,88,NA
2021-05-11 14:00:00,NA,1021.8,13.4,79,NA
2021-05-11 15:00:00,NA,1021.5,14.6,76,NA
2021-05-11 16:00:00,NA,1020.8,15.5,70,NA
2021-05-11 17:00:00,NA,1020,15.7,68,NA
2021-05-11 18:00:00,NA,1019.8,17,60,NA
2021-05-11 19:00:00,NA,1019.1,16.5,63,NA
2021-05-11 20:00:00,NA,1018.7,15.8,68,NA
2021-05-11 21:00:00,NA,1019.4,12.3,84,NA
2021-05-11 22:00:00,NA,1019.8,10.8,89,NA
2021-05-11 23:00:00,NA,1020,10,90,NA
2021-05-12 00:00:00,1019.6,NA,9.2,89,NA
2021-05-12 11:00:00,1019.4,NA,3.4,91,NA
2021-05-12 12:00:00,1019.4,NA,5.5,86,NA
2021-05-12 13:00:00,1019.4,NA,8.7,73,NA
2021-05-12 14:00:00,1019.2,NA,12.5,54,NA
2021-05-12 15:00:00,1018,NA,14.2,45,NA
2021-05-12 17:00:00,1016,NA,16.4,42,NA
2021-05-12 18:00:00,1015.3,NA,17.5,44,NA
2021-05-12 19:00:00,1015.2,NA,17.4,44,NA
2021-05-12 20:00:00,1015,NA,16.1,54,NA
2021-05-12 21:00:00,1015,NA,13.2,68,NA
2021-05-12 23:00:00,1015.3,NA,10.2,82,NA
2021-05-13 11:00:00,NA,1018.7,6.6,80,NA
2021-05-13 12:00:00,NA,1019.1,8.2,74,NA
2021-05-13 13:00:00,NA,1019.5,11.4,65,NA
2021-05-13 14:00:00,NA,1019.7,14.1,58,NA
2021-05-13 15:00:00,NA,1019.4,16.2,57,NA
2021-05-13 16:00:00,NA,1019.3,17.3,52,NA
2021-05-13 17:00:00,NA,1018.9,18.7,55,NA
2021-05-13 18:00:00,NA,1018.9,19.3,55,NA
2021-05-13 19:00:00,NA,1019.7,17.2,71,NA
2021-05-13 20:00:00,NA,1019.4,15.6,83,NA
2021-05-13 21:00:00,NA,1019.7,14,89,NA
2021-05-13 22:00:00,NA,1020.5,12.8,91,NA
2021-05-13 23:00:00,NA,1020.7,10.4,96,NA
2021-05-14 00:00:00,1020.2,NA,9.8,97,NA
2021-05-14 12:00:00,1020.8,NA,8.5,94,NA
2021-05-14 13:00:00,1021.2,NA,11.1,80,NA
2021-05-14 14:00:00,1020.2,NA,14.3,58,NA
2021-05-14 15:00:00,1020.5,NA,17.1,61,NA
2021-05-14 17:00:00,1020.1,NA,19.1,46,NA
2021-05-14 18:00:00,1019,NA,19.1,44,NA
2021-05-14 19:00:00,1018.4,NA,18.5,46,NA
2021-05-14 20:00:00,1017.3,NA,17.7,51,NA
2021-05-14 21:00:00,1017.6,NA,13.8,71,NA
2021-05-14 22:00:00,1018.1,NA,12.8,73,NA
2021-05-15 11:00:00,NA,1020,7.2,92,NA
2021-05-15 12:00:00,NA,1019.9,8,92,NA
2021-05-15 13:00:00,NA,1020.5,10.8,86,NA
2021-05-15 14:00:00,NA,1020.1,14.3,68,NA
2021-05-15 15:00:00,NA,1019.9,16.4,60,NA
2021-05-15 16:00:00,NA,1019.1,17.1,61,NA
2021-05-15 17:00:00,NA,1018.7,18.6,54,NA
2021-05-15 18:00:00,NA,1018,19.2,55,NA
2021-05-15 19:00:00,NA,1018.2,19,56,NA
2021-05-15 20:00:00,NA,1018.2,17.7,65,NA
2021-05-15 21:00:00,NA,1018.4,13.8,82,NA
2021-05-15 22:00:00,NA,1018.8,12,83,NA
2021-05-15 23:00:00,NA,1018.6,10.7,91,NA
2021-05-16 00:00:00,1018,NA,10.7,88,NA
2021-05-16 11:00:00,1018.2,NA,5.5,98,NA
2021-05-16 12:00:00,1018.6,NA,7.5,91,NA
2021-05-16 13:00:00,1018.6,NA,10.3,88,NA
2021-05-16 14:00:00,1018.6,NA,13.7,75,NA
2021-05-16 15:00:00,1018.4,NA,15.5,72,NA
2021-05-16 16:00:00,1017.7,NA,15.2,80,NA
2021-05-16 17:00:00,1017.4,NA,15.9,77,NA
2021-05-16 18:00:00,1017.3,NA,15.5,87,NA
2021-05-16 19:00:00,1016.9,NA,15.1,90,NA
2021-05-16 20:00:00,1016.9,NA,14.8,91,NA
2021-05-16 21:00:00,1017.7,NA,13.8,94,NA
2021-05-16 22:00:00,1017.7,NA,12.5,95,NA
2021-05-16 23:00:00,1018.1,NA,11.9,97,NA
2021-05-17 11:00:00,NA,1021,6.2,97,NA
2021-05-17 12:00:00,NA,1020.6,8.3,93,NA
2021-05-17 13:00:00,NA,1020.7,10.9,88,NA
2021-05-17 14:00:00,NA,1021.2,13,66,NA
2021-05-17 15:00:00,NA,1021,13.8,78,NA
2021-05-17 16:00:00,NA,1020.3,13.8,74,NA
2021-05-17 17:00:00,NA,1020.4,13.8,70,NA
2021-05-17 18:00:00,NA,1020.4,14.8,59,NA
2021-05-17 19:00:00,NA,1020.1,15.2,55,NA
2021-05-17 20:00:00,NA,1020.4,12,65,NA
2021-05-17 21:00:00,NA,1020.2,11.1,75,NA
2021-05-17 22:00:00,NA,1020.6,10.2,80,NA
2021-05-17 23:00:00,NA,1021,10,81,NA
2021-05-18 00:00:00,1020.2,NA,9.9,82,NA
2021-05-18 11:00:00,1020.4,NA,4.8,93,NA
2021-05-18 12:00:00,1020.5,NA,8.8,85,NA
2021-05-18 13:00:00,1020.5,NA,12.2,74,NA
2021-05-18 14:00:00,1020.8,NA,13.2,70,NA
2021-05-18 16:00:00,1019.2,NA,14.2,61,NA
2021-05-18 18:00:00,1018.8,NA,12,76,NA
2021-05-18 19:00:00,1018.5,NA,14.6,62,NA
2021-05-18 20:00:00,1018.4,NA,13.3,70,NA
2021-05-18 21:00:00,1018.4,NA,10.8,87,NA
2021-05-18 22:00:00,1018.4,NA,8.8,94,NA
2021-05-18 23:00:00,1018.5,NA,7.9,90,NA
2021-05-19 11:00:00,NA,1019.2,2.9,100,NA
2021-05-19 12:00:00,NA,1019.5,5.8,92,NA
2021-05-19 13:00:00,NA,1019.2,9,96,NA
2021-05-19 14:00:00,NA,1019.4,12.5,88,NA
2021-05-19 15:00:00,NA,1019.3,13.4,76,NA
2021-05-19 16:00:00,NA,1018.3,14.2,67,NA
2021-05-19 17:00:00,NA,1018,13.8,68,NA
2021-05-19 18:00:00,NA,1017.5,13.9,70,NA
2021-05-19 19:00:00,NA,1017.1,13.5,71,NA
2021-05-19 20:00:00,NA,1017.4,13.1,72,NA
2021-05-19 21:00:00,NA,1017.1,11.1,92,NA
2021-05-19 22:00:00,NA,1017.4,10.5,97,NA
2021-05-19 23:00:00,NA,1018.2,9.8,99,NA
2021-05-20 00:00:00,1017.8,NA,7.8,92,NA
2021-05-20 12:00:00,1018.1,NA,9.1,86,NA
2021-05-20 13:00:00,1018.1,NA,14.1,85,NA
2021-05-20 16:00:00,1016.8,NA,15,68,NA
2021-05-20 17:00:00,1015.8,NA,15.2,71,NA
2021-05-20 18:00:00,1014.8,NA,15.8,69,NA
2021-05-20 19:00:00,1014.4,NA,15.5,69,NA
2021-05-20 20:00:00,1014.1,NA,13.8,89,NA
2021-05-20 21:00:00,1014.1,NA,12,88,NA
2021-05-20 22:00:00,1014.2,NA,11.5,91,NA
2021-05-20 23:00:00,1014.5,NA,10.8,92,NA
2021-05-21 11:00:00,NA,1015.8,14.4,85,NA
2021-05-21 12:00:00,NA,1015.7,15,82,NA
2021-05-21 13:00:00,NA,1015.9,16,74,NA
2021-05-21 14:00:00,NA,1016.5,16.1,74,NA
2021-05-21 15:00:00,NA,1016.6,16.2,68,NA
2021-05-21 16:00:00,NA,1015.6,16.7,66,NA
2021-05-21 17:00:00,NA,1015,16.4,66,NA
2021-05-21 18:00:00,NA,1014.2,15.8,72,NA
2021-05-21 19:00:00,NA,1014,15.5,71,NA
2021-05-21 20:00:00,NA,1013.7,15,71,NA
2021-05-21 21:00:00,NA,1013.5,14.6,72,NA
2021-05-21 22:00:00,NA,1013.3,14.6,72,NA
2021-05-21 23:00:00,NA,1012.9,14.6,74,NA
2021-05-22 00:00:00,1011.7,NA,14.8,74,NA
2021-05-22 11:00:00,1004,NA,9.5,88,NA
2021-05-22 12:00:00,1003.2,NA,14.6,84,NA
2021-05-22 13:00:00,1002.6,NA,14.6,93,NA
2021-05-22 14:00:00,1002.1,NA,14.8,90,NA
2021-05-22 15:00:00,1001.6,NA,14.8,89,NA
2021-05-22 16:00:00,1000.1,NA,14.8,87,NA
2021-05-22 17:00:00,999.2,NA,14.7,90,NA
2021-05-22 18:00:00,998.4,NA,14.5,93,NA
2021-05-22 19:00:00,997.8,NA,14.4,94,NA
2021-05-22 20:00:00,996.8,NA,13.3,96,NA
2021-05-22 21:00:00,996,NA,13.2,97,NA
2021-05-22 22:00:00,995.3,NA,13,97,NA
2021-05-22 23:00:00,996,NA,12.8,98,NA
2021-05-23 11:00:00,NA,1001.9,11.2,97,NA
2021-05-23 12:00:00,NA,1002.5,12,97,NA
2021-05-23 13:00:00,NA,1003.6,12.2,96,NA
2021-05-23 14:00:00,NA,1003.9,13.3,97,NA
2021-05-23 15:00:00,NA,1004.2,12.9,97,NA
2021-05-23 16:00:00,NA,1004.4,13,97,NA
2021-05-23 17:00:00,NA,1004.6,13.2,97,NA
2021-05-23 18:00:00,NA,1004.9,12.4,96,NA
2021-05-23 19:00:00,NA,1005,12.2,96,NA
2021-05-23 20:00:00,NA,1007,12.5,88,NA
2021-05-23 21:00:00,NA,1007.3,12.5,88,NA
2021-05-23 22:00:00,NA,1007.6,12,89,NA
2021-05-23 23:00:00,NA,1008,11.8,91,NA
2021-05-24 00:00:00,NA,1008.4,11.1,92,NA
2021-05-25 11:00:00,NA,1010.1,8.2,88,NA
2021-05-25 12:00:00,NA,1010.9,10,82,NA
2021-05-25 13:00:00,NA,1011.8,12.4,77,NA
2021-05-25 14:00:00,NA,1012.8,13.6,83,NA
2021-05-25 15:00:00,NA,1013.2,14.4,54,NA
2021-05-25 16:00:00,NA,1013.6,14.6,44,NA
2021-05-25 17:00:00,NA,1013.9,14.6,40,NA
2021-05-25 18:00:00,NA,1014.1,14.6,43,NA
2021-05-25 19:00:00,NA,1014.3,14.4,47,NA
2021-05-25 20:00:00,NA,1014.9,13.1,56,NA
2021-05-25 21:00:00,NA,1015.3,10,68,NA
2021-05-25 22:00:00,NA,1016.2,7.3,79,NA
2021-05-25 23:00:00,NA,1017.2,7,77,NA
2021-05-26 00:00:00,NA,1016.6,6,84,NA
2021-05-27 11:00:00,NA,1008.8,7.1,94,NA
2021-05-27 12:00:00,NA,1008.7,8.8,89,NA
2021-05-27 13:00:00,NA,1008.5,12.4,78,NA
2021-05-27 14:00:00,NA,1007.6,14.2,74,NA
2021-05-27 15:00:00,NA,1006.5,16.4,66,NA
2021-05-27 16:00:00,NA,1005.2,17.9,58,NA
2021-05-27 17:00:00,1003.3,1004.2,19,58,NA
2021-05-27 18:00:00,1002.5,1003.4,20,47,NA
2021-05-27 19:00:00,1002.2,1003,17.7,59,NA
2021-05-27 20:00:00,1001.7,1002.6,16.5,68,NA
2021-05-27 21:00:00,1001.6,1002.4,15.2,77,NA
2021-05-27 22:00:00,1000.9,1001.7,14.6,83,NA
2021-05-27 23:00:00,1000.5,1001.3,16,73,NA
2021-05-28 00:00:00,NA,1001.2,16,77,NA
2021-05-29 00:00:00,1002.1,NA,NA,NA,NA
2021-05-29 11:00:00,1007.6,1008.5,6.3,88,NA
2021-05-29 12:00:00,1008.2,1009.1,6.5,81,NA
2021-05-29 13:00:00,NA,1010.2,7.6,73,NA
2021-05-29 14:00:00,1010.6,1011.4,8.7,66,NA
2021-05-29 15:00:00,1010.5,1011.4,9.1,66,NA
2021-05-29 16:00:00,1010.6,1011.4,9.5,66,NA
2021-05-29 17:00:00,1010.8,1011.6,10.5,61,NA
2021-05-29 18:00:00,1010.6,1011.4,10.5,61,NA
2021-05-29 19:00:00,1010.6,1011.5,10.2,62,NA
2021-05-29 20:00:00,1010.6,1011.5,9.8,65,NA
2021-05-29 21:00:00,1011.8,1012.7,8,78,NA
2021-05-29 22:00:00,1012.8,1013.6,6.4,72,NA
2021-05-29 23:00:00,1013.4,1014.3,5.1,69,NA
2021-05-30 00:00:00,NA,1014.6,4.3,71,NA
2021-05-31 00:00:00,1013.7,NA,NA,NA,NA
2021-05-31 11:00:00,1008.5,1009.3,9.7,66,NA
2021-05-31 13:00:00,1009.6,1010.4,10.8,65,NA
2021-05-31 14:00:00,NA,1010.5,13.4,59,NA
2021-05-31 15:00:00,1009.7,1010.5,14.7,56,NA
2021-05-31 16:00:00,1008.9,1009.8,15.6,61,NA
2021-05-31 17:00:00,1009,1009.8,16,60,NA
2021-05-31 18:00:00,1009.3,1010.1,15.5,60,NA
2021-05-31 19:00:00,1009.4,1010.3,14.7,61,NA
2021-05-31 20:00:00,1009.8,1010.6,13.2,70,NA
2021-05-31 21:00:00,1010.2,1011.1,11.4,85,NA
2021-05-31 22:00:00,1010.6,1011.5,9,89,NA
2021-05-31 23:00:00,1010.5,1011.4,7.8,94,NA
2021-06-01 00:00:00,NA,1010.7,8.4,92,NA
2021-06-02 00:00:00,1003.4,NA,NA,NA,NA
2021-06-02 11:00:00,1009.4,1010.2,7.3,88,NA
2021-06-02 12:00:00,1009.8,1010.6,8.6,85,NA
2021-06-02 13:00:00,NA,1011,10.1,80,NA
2021-06-02 14:00:00,1010.9,1011.7,11.7,74,NA
2021-06-02 15:00:00,1010.9,1011.7,12.7,69,NA
2021-06-02 16:00:00,1010.9,1011.7,13,65,NA
2021-06-02 17:00:00,1010.9,1011.8,13.8,58,NA
2021-06-02 18:00:00,1010.8,1011.7,14.3,54,NA
2021-06-02 19:00:00,1010.5,1011.4,13.5,58,NA
2021-06-02 20:00:00,1010.2,1011.1,12.2,63,NA
2021-06-02 21:00:00,1011.8,1012.7,9.7,80,NA
2021-06-02 22:00:00,NA,1014.2,8.4,88,NA
2021-06-02 23:00:00,1013.6,1014.4,6.1,91,NA
2021-06-03 00:00:00,NA,1014.4,6.5,91,NA
2021-06-04 00:00:00,1006.4,NA,NA,NA,NA
2021-06-04 11:00:00,1008,1008.9,10,90,NA
2021-06-04 12:00:00,1008.5,1009.3,10.5,88,NA
2021-06-04 13:00:00,1009.3,1010.1,11.2,85,NA
2021-06-04 14:00:00,1010,1010.8,12.5,84,NA
2021-06-04 15:00:00,1010,1010.8,14.4,76,NA
2021-06-04 16:00:00,1009.7,1010.5,15.8,78,NA
2021-06-04 17:00:00,1009,1009.8,15.8,77,NA
2021-06-04 18:00:00,1008.8,1009.6,14.6,83,NA
2021-06-04 19:00:00,1009.2,1010,14.2,87,NA
2021-06-04 20:00:00,1008.8,1009.6,13.5,90,NA
2021-06-04 21:00:00,1009.2,1010,13,91,NA
2021-06-04 22:00:00,1010,1010.8,13.4,88,NA
2021-06-04 23:00:00,1010.5,1011.4,13,88,NA
2021-06-05 00:00:00,NA,1011.8,12.5,88,NA
2021-06-06 00:00:00,1016.5,NA,NA,NA,NA
2021-06-06 11:00:00,1021,1022,1.5,100,NA
2021-06-06 12:00:00,1021.2,1022.1,2.8,95,NA
2021-06-06 13:00:00,NA,1022.7,7.3,79,NA
2021-06-06 14:00:00,1021.8,1022.7,10.5,67,NA
2021-06-06 15:00:00,1021.6,1022.5,12.3,63,NA
2021-06-06 16:00:00,1021,1021.9,14,56,NA
2021-06-06 17:00:00,NA,1021.9,13.7,57,NA
2021-06-06 18:00:00,NA,1021.9,12.6,65,NA
2021-06-06 19:00:00,1021,1021.9,12.1,69,NA
2021-06-06 20:00:00,NA,1022.3,11.2,76,NA
2021-06-06 21:00:00,1021.4,1022.3,9.4,83,NA
2021-06-06 22:00:00,1020.9,1021.8,8.7,90,NA
2021-06-06 23:00:00,1021,1022,7.9,90,NA
2021-06-07 00:00:00,NA,1022.5,8.1,92,NA
2021-06-08 00:00:00,1021.7,NA,NA,NA,NA
2021-06-08 11:00:00,NA,1021.7,7.2,97,NA
2021-06-08 12:00:00,NA,1021.9,10.1,96,NA
2021-06-08 13:00:00,NA,1022.3,13,92,NA
2021-06-08 14:00:00,NA,1022.2,14.6,85,NA
2021-06-08 15:00:00,NA,1021.8,15.9,79,NA
2021-06-08 16:00:00,NA,1020.8,17.3,75,NA
2021-06-08 17:00:00,NA,1019.7,17.8,73,NA
2021-06-08 18:00:00,NA,1019.1,17.5,73,NA
2021-06-08 19:00:00,NA,1019.4,16.8,72,NA
2021-06-08 20:00:00,NA,1019.3,16,81,NA
2021-06-08 21:00:00,NA,1019.8,14,89,NA
2021-06-08 22:00:00,NA,1019.9,12.4,96,NA
2021-06-08 23:00:00,NA,1020.6,11.1,96,NA
2021-06-09 00:00:00,NA,1020.7,10.5,96,NA
2021-06-10 00:00:00,1016.4,NA,NA,NA,NA
2021-06-10 11:00:00,1014.8,1015.6,13.4,100,NA
2021-06-10 12:00:00,NA,1015.9,13.1,97,NA
2021-06-10 13:00:00,1015.4,1016.3,14,94,NA
2021-06-10 14:00:00,1015.6,1016.4,16,78,NA
2021-06-10 15:00:00,1015.3,1016.1,16,72,NA
2021-06-10 16:00:00,1014.6,1015.5,17.3,55,NA
2021-06-10 17:00:00,1014.9,1015.7,16.5,48,NA
2021-06-10 18:00:00,1015.6,1016.4,15.8,50,NA
2021-06-10 19:00:00,1016.1,1016.9,15.1,52,NA
2021-06-10 20:00:00,1016.1,1016.9,14.2,56,NA
2021-06-10 21:00:00,1016.6,1017.5,11.5,70,NA
2021-06-10 22:00:00,1017.3,1018.1,9.9,82,NA
2021-06-10 23:00:00,1018.4,1019.2,8.7,81,NA
2021-06-11 00:00:00,NA,1019.2,7.8,83,NA
2021-06-12 00:00:00,1013,NA,NA,NA,NA
2021-06-12 11:00:00,1011.3,1012.2,6.4,94,NA
2021-06-12 12:00:00,1011.8,1012.7,7.1,90,NA
2021-06-12 13:00:00,1011.6,1012.5,10.4,84,NA
2021-06-12 14:00:00,1011.7,1012.6,11.8,81,NA
2021-06-12 15:00:00,NA,1012.4,15.3,72,NA
2021-06-12 16:00:00,1010.8,1011.7,17.8,64,NA
2021-06-12 17:00:00,1010,1010.8,20.3,56,NA
2021-06-12 18:00:00,1009.7,1010.5,20.8,55,NA
2021-06-12 19:00:00,1009.7,1010.5,20.5,61,NA
2021-06-12 20:00:00,1010.1,1010.9,19.3,63,NA
2021-06-12 21:00:00,1010.5,1011.3,16.8,73,NA
2021-06-12 22:00:00,1010.9,1011.8,14.8,83,NA
2021-06-12 23:00:00,1011.6,1012.5,14.8,83,NA
2021-06-13 00:00:00,NA,1013,14.2,85,NA
2021-06-13 23:00:00,1012.6,NA,NA,NA,NA
2021-06-14 00:00:00,1013,NA,NA,NA,NA
2021-06-14 11:00:00,1015.7,1016.5,9.9,95,NA
2021-06-14 12:00:00,1016.6,1017.5,11.6,87,NA
2021-06-14 13:00:00,1017.7,1018.5,12.2,81,NA
2021-06-14 14:00:00,1018.2,1019.1,13,75,NA
2021-06-14 15:00:00,1018.5,1019.3,13.4,71,NA
2021-06-14 16:00:00,1018.8,1019.6,13.6,70,NA
2021-06-14 17:00:00,1018.9,1019.7,12.9,69,NA
2021-06-14 18:00:00,1019.2,1020,13.1,65,NA
2021-06-14 19:00:00,1019.4,1020.3,12.7,67,NA
2021-06-14 20:00:00,1019.7,1020.5,12.1,70,NA
2021-06-14 21:00:00,1020.8,1021.6,9.7,77,NA
2021-06-14 22:00:00,1021.7,1022.5,8.4,86,NA
2021-06-14 23:00:00,1022.8,1023.6,7.6,92,NA
2021-06-15 00:00:00,NA,1024.1,8.1,85,NA
2021-06-16 11:00:00,NA,1029.3,6.6,83,NA
2021-06-16 12:00:00,NA,1030.9,8.2,73,NA
2021-06-16 13:00:00,NA,1029.9,9.2,70,NA
2021-06-16 15:00:00,1029.5,1030.4,9.8,65,NA
2021-06-16 16:00:00,1029,1029.9,10,60,NA
2021-06-16 17:00:00,1028.8,1029.6,10,60,NA
2021-06-16 18:00:00,1028.5,1029.4,10.6,54,NA
2021-06-16 19:00:00,1028.8,1029.7,8.8,69,NA
2021-06-16 20:00:00,1029,1030,7.5,86,NA
2021-06-16 21:00:00,1029.4,1030.3,6.8,93,NA
2021-06-16 22:00:00,1029.4,1030.4,6,91,NA
2021-06-16 23:00:00,1029.6,1030.5,6.4,91,NA
2021-06-17 00:00:00,NA,1030.5,5.5,92,NA
2021-06-18 00:00:00,1028.6,NA,NA,NA,NA
2021-06-18 11:00:00,1028.2,1029.2,3.2,93,NA
2021-06-18 12:00:00,1028.9,1029.8,3.7,92,NA
2021-06-18 13:00:00,1029,1030,5.1,92,NA
2021-06-18 14:00:00,1029,1030,6.5,85,NA
2021-06-18 15:00:00,1028.9,1029.7,8.5,81,NA
2021-06-18 16:00:00,1027.8,1028.7,9.4,70,NA
2021-06-18 17:00:00,1027.4,1028.3,9.9,66,NA
2021-06-18 18:00:00,1027.2,1028,9.1,70,NA
2021-06-18 19:00:00,1026.9,1027.8,9.2,69,NA
2021-06-18 20:00:00,1026.9,1027.8,8.2,81,NA
2021-06-18 21:00:00,1027.3,1028.1,6.5,90,NA
2021-06-18 22:00:00,NA,1028.6,5.8,94,NA
2021-06-18 23:00:00,1027.8,1028.8,3.1,97,NA
2021-06-19 00:00:00,NA,1028.8,1.9,100,NA
2021-06-20 00:00:00,NA,NA,NA,NA,NA
2021-06-20 11:00:00,1023.4,1024.3,1.5,94,NA
2021-06-20 12:00:00,1023.4,1024.3,2.2,97,NA
2021-06-20 13:00:00,1023.7,1024.6,5,85,NA
2021-06-20 14:00:00,1023.6,1024.4,8.5,75,NA
2021-06-20 15:00:00,1023.2,1024,10,70,NA
2021-06-20 16:00:00,1022.4,1023.2,11.6,62,NA
2021-06-20 17:00:00,1021.7,1022.6,12.1,56,NA
2021-06-20 18:00:00,1021.3,1022.2,12.7,58,NA
2021-06-20 19:00:00,1020.9,1021.8,11.6,62,NA
2021-06-20 20:00:00,1021.2,1022,11.3,65,NA
2021-06-20 21:00:00,1021.4,1022.3,8,83,NA
2021-06-20 22:00:00,1021.8,1022.7,5.2,91,NA
2021-06-20 23:00:00,1022,1022.9,3.6,93,NA
2021-06-21 00:00:00,NA,1022.9,2.7,95,NA
2021-06-22 00:00:00,1021.8,NA,NA,NA,NA
2021-06-22 11:00:00,1023.7,1024.6,2.2,93,NA
2021-06-22 12:00:00,1023.8,1024.7,3.8,93,NA
2021-06-22 13:00:00,1024.1,1025,10.2,92,NA
2021-06-22 14:00:00,1024.4,1025.2,12.3,79,NA
2021-06-22 15:00:00,NA,1025.4,14.3,63,NA
2021-06-22 16:00:00,NA,1023.9,15.2,62,NA
2021-06-22 17:00:00,NA,1023.4,15.4,65,NA
2021-06-22 18:00:00,NA,1023.1,15.3,69,NA
2021-06-22 19:00:00,NA,1022.8,14.8,74,NA
2021-06-22 20:00:00,NA,1022.6,13.9,79,NA
2021-06-22 21:00:00,NA,1023.4,10,89,NA
2021-06-22 22:00:00,NA,1023.8,9.2,95,NA
2021-06-22 23:00:00,NA,1023.8,8,97,NA
2021-06-23 00:00:00,NA,1023.4,9,100,NA
2021-06-24 00:00:00,1012.1,NA,NA,NA,NA
2021-06-24 11:00:00,1006.8,1007.7,13.5,88,NA
2021-06-24 12:00:00,1007,1007.9,12.4,97,NA
2021-06-24 13:00:00,1007.3,1008.2,12.2,97,NA
2021-06-24 14:00:00,1006.8,1007.7,12.2,96,NA
2021-06-24 15:00:00,1006.4,1007.3,13,88,NA
2021-06-24 16:00:00,1005.6,1006.5,12.8,86,NA
2021-06-24 17:00:00,1004.8,1005.6,12.6,84,NA
2021-06-24 18:00:00,1004.2,1005.1,13.6,80,NA
2021-06-24 19:00:00,1004.4,1005.1,13.4,82,NA
2021-06-24 20:00:00,1004.5,1005.3,13.8,59,NA
2021-06-24 21:00:00,1005.2,1006.1,11.2,74,NA
2021-06-24 22:00:00,1005.7,1006.6,8.8,83,NA
2021-06-24 23:00:00,1006,1006.9,9.7,72,NA
2021-06-25 00:00:00,NA,1007,8.8,79,NA
2021-06-26 00:00:00,1014.1,NA,NA,NA,NA
2021-06-26 11:00:00,NA,1016.5,9.5,85,NA
2021-06-26 12:00:00,NA,1016.7,9.6,77,NA
2021-06-26 13:00:00,NA,1017.1,9.8,71,NA
2021-06-26 14:00:00,NA,1017.2,9.8,77,NA
2021-06-26 15:00:00,NA,1017.4,9.8,81,NA
2021-06-26 16:00:00,NA,1017,9.9,80,NA
2021-06-26 17:00:00,NA,1016.1,10.2,79,NA
2021-06-26 18:00:00,NA,1015.9,9.8,80,NA
2021-06-26 19:00:00,NA,1015.7,9.4,82,NA
2021-06-26 20:00:00,NA,1015.7,8.4,92,NA
2021-06-26 21:00:00,NA,1016.3,8.2,97,NA
2021-06-26 22:00:00,NA,1016.5,7.7,97,NA
2021-06-26 23:00:00,NA,1015.8,7.4,93,NA
2021-06-27 00:00:00,NA,1016.1,7.4,100,NA
2021-06-28 11:00:00,NA,1010.3,8,100,NA
2021-06-28 12:00:00,NA,1010.6,8.4,98,NA
2021-06-28 13:00:00,NA,1010.9,8.3,97,NA
2021-06-28 14:00:00,NA,1011.4,8.4,99,NA
2021-06-28 15:00:00,NA,1012,8.6,100,NA
2021-06-28 16:00:00,NA,1012.1,8.4,100,NA
2021-06-28 17:00:00,NA,1012.8,8.5,100,NA
2021-06-28 18:00:00,NA,1012.5,9,99,NA
2021-06-28 19:00:00,NA,1013.1,8.8,99,NA
2021-06-28 20:00:00,NA,1013.8,9,100,NA
2021-06-28 21:00:00,NA,1014.6,9,100,NA
2021-06-28 22:00:00,NA,1015.2,7.5,99,NA
2021-06-28 23:00:00,NA,1015.9,9.2,99,NA
2021-06-29 00:00:00,NA,1016.5,9,100,NA
2021-06-30 00:00:00,1024.6,NA,NA,NA,NA
2021-06-30 11:00:00,1025.4,1026.4,1.1,100,NA
2021-06-30 12:00:00,1026,1026.9,1.6,98,NA
2021-06-30 13:00:00,1026.4,1027.3,6.1,93,NA
2021-06-30 14:00:00,1026.4,1027.3,8.5,86,NA
2021-06-30 15:00:00,1026,1026.9,10,81,NA
2021-06-30 16:00:00,1025.4,1026.4,10.6,74,NA
2021-06-30 17:00:00,1024.2,1025.1,11.1,70,NA
2021-06-30 18:00:00,1023.6,1024.4,11.1,72,NA
2021-06-30 19:00:00,1022.9,1023.8,10.6,75,NA
2021-06-30 20:00:00,1022.4,1023.2,10,77,NA
2021-06-30 21:00:00,1023.3,1024.1,8.3,89,NA
2021-06-30 22:00:00,1023.8,1024.7,7.6,92,NA
2021-06-30 23:00:00,1023.7,1024.5,8.4,88,NA
2021-07-01 00:00:00,NA,1024.5,7.3,88,NA
