2021-01-07 00:00:00,974.6,NA,NA,NA,NA
2021-01-07 12:00:00,971.6,1006.8,18.6,67,NA
2021-01-07 13:00:00,971,1006.1,21.6,54,NA
2021-01-07 14:00:00,970.9,1005.9,24.6,42,NA
2021-01-07 15:00:00,970.8,1005.7,26.6,39,NA
2021-01-07 16:00:00,970.6,1005.5,28.6,31,NA
2021-01-07 17:00:00,970.1,1004.9,29.8,28,NA
2021-01-07 18:00:00,970,1004.9,30.5,28,NA
2021-01-07 19:00:00,970.2,1004.7,29.6,29,NA
2021-01-07 20:00:00,970.4,1005.3,29.1,35,NA
2021-01-07 21:00:00,970.6,1005.7,28.1,39,NA
2021-01-07 22:00:00,971.4,1006.4,26.3,46,NA
2021-01-07 23:00:00,972.5,1007.5,23.9,58,NA
2021-01-08 00:00:00,NA,1008.6,21.3,71,NA
2021-01-09 00:00:00,975.8,NA,NA,NA,NA
2021-01-09 12:00:00,975.8,1010.9,20.3,61,NA
2021-01-09 13:00:00,975.8,1011,21.7,60,NA
2021-01-09 14:00:00,975.2,1010.4,22.7,56,NA
2021-01-09 15:00:00,974.9,1010,24.1,51,NA
2021-01-09 16:00:00,974.6,1009.6,25.1,46,NA
2021-01-09 17:00:00,974.1,1009.1,26.1,43,NA
2021-01-09 18:00:00,973.4,1008.4,26.4,36,NA
2021-01-09 19:00:00,972.6,1007.7,27.4,36,NA
2021-01-09 20:00:00,972.2,1007.2,27.4,36,NA
2021-01-09 21:00:00,971.4,1006,27.4,38,NA
2021-01-09 22:00:00,971.4,1006.3,26.8,40,NA
2021-01-09 23:00:00,971.3,1006.1,25.9,43,NA
2021-01-11 00:00:00,968.5,NA,NA,NA,NA
2021-01-11 12:00:00,971.8,1007,19.1,55,NA
2021-01-11 14:00:00,973.4,1008.5,21.3,43,NA
2021-01-11 15:00:00,973.8,1009.1,22.1,40,NA
2021-01-11 16:00:00,973.7,1008.8,23.5,36,NA
2021-01-11 17:00:00,974.1,1009.3,23.1,33,NA
2021-01-11 18:00:00,975,1010.2,22.5,28,NA
2021-01-11 19:00:00,975.3,1010.6,22.4,23,NA
2021-01-11 20:00:00,975.4,1010.8,22.3,19,NA
2021-01-11 21:00:00,976,1011.3,21.8,16,NA
2021-01-11 22:00:00,976.6,1011.9,21,15,NA
2021-01-11 23:00:00,977.6,1013,19.6,21,NA
2021-01-12 00:00:00,NA,1014.1,16.6,29,NA
2021-01-13 00:00:00,980.9,NA,NA,NA,NA
2021-01-13 12:00:00,985.4,1021,19.8,40,NA
2021-01-13 13:00:00,985.3,1021,22,37,NA
2021-01-13 14:00:00,985.3,1021,23.2,31,NA
2021-01-13 15:00:00,984.9,1020.6,24.8,30,NA
2021-01-13 16:00:00,984.6,1019.8,25.4,30,NA
2021-01-13 17:00:00,984,1019.6,26.4,29,NA
2021-01-13 18:00:00,983.6,1018.7,26.8,26,NA
2021-01-13 19:00:00,983.2,1018.2,26.9,22,NA
2021-01-13 20:00:00,982.8,1018.3,27.3,24,NA
2021-01-13 21:00:00,982.4,1017.4,26.5,26,NA
2021-01-13 22:00:00,982.5,1018.1,25.5,31,NA
2021-01-13 23:00:00,982.2,1017.7,23.3,38,NA
2021-01-14 00:00:00,NA,1017.8,20.1,48,NA
2021-01-15 00:00:00,975.2,NA,NA,NA,NA
2021-01-15 12:00:00,NA,1009.2,18.2,90,NA
2021-01-15 13:00:00,974.2,1009.5,18.8,88,NA
2021-01-15 14:00:00,973.4,1008.3,20.6,75,NA
2021-01-15 15:00:00,973,1008.1,21,76,NA
2021-01-15 16:00:00,972.1,1007,22.8,69,NA
2021-01-15 17:00:00,971.3,1006.2,23.9,70,NA
2021-01-15 18:00:00,971,1006,24.8,64,NA
2021-01-15 19:00:00,970.6,1005.6,25.9,63,NA
2021-01-15 20:00:00,970.2,1005,26.8,51,NA
2021-01-15 21:00:00,969.8,1004.7,27,49,NA
2021-01-15 22:00:00,969.8,1004.7,26.5,52,NA
2021-01-15 23:00:00,970.1,1004.8,26.2,55,NA
2021-01-16 00:00:00,NA,1004.8,24.2,65,NA
2021-01-17 00:00:00,975.3,NA,NA,NA,NA
2021-01-17 12:00:00,976.6,1012.3,15.7,54,NA
2021-01-17 13:00:00,976.6,1012.2,17.5,45,NA
2021-01-17 14:00:00,976.9,1012.5,19.7,43,NA
2021-01-17 15:00:00,976.6,1012.1,22.1,42,NA
2021-01-17 16:00:00,976.2,1011.7,22.9,44,NA
2021-01-17 17:00:00,NA,1011,24.7,36,NA
2021-01-17 18:00:00,NA,1011.4,25.4,33,NA
2021-01-17 19:00:00,NA,1011.4,25.6,32,NA
2021-01-17 20:00:00,NA,1010.8,25.9,31,NA
2021-01-17 21:00:00,NA,1010.7,26.1,35,NA
2021-01-17 22:00:00,NA,1010.6,25.7,35,NA
2021-01-17 23:00:00,NA,1010.6,23.8,45,NA
2021-01-18 00:00:00,NA,1010.7,20,58,NA
2021-01-19 12:00:00,NA,1015.1,22.5,46,NA
2021-01-19 13:00:00,NA,1015.3,25,35,NA
2021-01-19 14:00:00,NA,1015.5,26,34,NA
2021-01-19 15:00:00,NA,1015.5,27.7,34,NA
2021-01-19 16:00:00,NA,1015.2,29,33,NA
2021-01-19 17:00:00,NA,1014.8,29.8,30,NA
2021-01-19 18:00:00,NA,1014.3,29.9,28,NA
2021-01-19 19:00:00,NA,1013.7,30.3,28,NA
2021-01-19 20:00:00,NA,1013.8,29.9,26,NA
2021-01-19 21:00:00,NA,1013.6,29.7,32,NA
2021-01-19 22:00:00,NA,1013.6,28.7,35,NA
2021-01-19 23:00:00,NA,1013.8,26.5,42,NA
2021-01-20 00:00:00,NA,1014.3,22.3,57,NA
2021-01-21 12:00:00,NA,1017.7,22.8,59,NA
2021-01-21 13:00:00,NA,1017.7,24.6,54,NA
2021-01-21 14:00:00,NA,1017.2,27.6,46,NA
2021-01-21 15:00:00,NA,1016.8,29.5,41,NA
2021-01-21 16:00:00,NA,1016.5,30.4,37,NA
2021-01-21 17:00:00,NA,1015.9,31.2,34,NA
2021-01-21 18:00:00,NA,1015.8,31.8,32,NA
2021-01-21 19:00:00,NA,1015.4,31.9,30,NA
2021-01-21 20:00:00,NA,1015.2,31.5,33,NA
2021-01-21 21:00:00,NA,1015,31.1,31,NA
2021-01-21 22:00:00,NA,1015.1,30.2,35,NA
2021-01-21 23:00:00,NA,1015.4,27.8,41,NA
2021-01-22 00:00:00,NA,1015.7,26.2,45,NA
2021-01-23 12:00:00,NA,1012.8,26.1,56,NA
2021-01-23 13:00:00,NA,1012.4,27.7,55,NA
2021-01-23 14:00:00,NA,1012,29.7,52,NA
2021-01-23 15:00:00,NA,1011.8,30.5,49,NA
2021-01-23 16:00:00,NA,1011.1,31.3,47,NA
2021-01-23 17:00:00,NA,1010.4,32.5,45,NA
2021-01-23 18:00:00,NA,1010,33.4,40,NA
2021-01-23 19:00:00,NA,1009.5,33.8,39,NA
2021-01-23 20:00:00,NA,1009.4,33.6,41,NA
2021-01-23 21:00:00,NA,1009,33.2,42,NA
2021-01-23 22:00:00,NA,1008.9,32.5,42,NA
2021-01-23 23:00:00,NA,1008.8,30.8,47,NA
2021-01-24 00:00:00,NA,1009.2,28.2,60,NA
2021-01-25 12:00:00,NA,1005.5,26.2,69,NA
2021-01-25 13:00:00,NA,1005.1,28.4,60,NA
2021-01-25 14:00:00,NA,1004.4,29.5,56,NA
2021-01-25 15:00:00,NA,1004,31.7,46,NA
2021-01-25 16:00:00,NA,1003.7,33,43,NA
2021-01-25 17:00:00,NA,1003,33.4,41,NA
2021-01-25 18:00:00,NA,1002.5,34.2,39,NA
2021-01-25 19:00:00,NA,1001.4,34.4,37,NA
2021-01-25 20:00:00,NA,1001,35,31,NA
2021-01-25 21:00:00,NA,1001,32.7,31,NA
2021-01-25 22:00:00,NA,1003.1,27,33,NA
2021-01-25 23:00:00,NA,1004.5,21.8,73,NA
2021-01-26 00:00:00,NA,1004.3,22.2,59,NA
2021-01-26 15:00:00,970.5,NA,29.8,32,NA
2021-01-26 16:00:00,970.4,NA,30.6,25,NA
2021-01-26 17:00:00,969.7,NA,32,17,NA
2021-01-26 18:00:00,969.4,NA,32,14,NA
2021-01-26 19:00:00,969,NA,31.4,15,NA
2021-01-26 20:00:00,968.6,NA,31,18,NA
2021-01-27 12:00:00,NA,1008.4,21.8,28,NA
2021-01-27 13:00:00,NA,1008.8,22.4,37,NA
2021-01-27 14:00:00,NA,1008.9,23.8,34,NA
2021-01-27 15:00:00,NA,1007.9,25.5,32,NA
2021-01-27 16:00:00,NA,1007.3,25.9,32,NA
2021-01-27 17:00:00,NA,1006.3,28,30,NA
2021-01-27 18:00:00,NA,1004.8,28.9,28,NA
2021-01-27 19:00:00,NA,1003.7,28.7,26,NA
2021-01-27 20:00:00,NA,1003.3,28.5,24,NA
2021-01-27 21:00:00,NA,1002.8,29,23,NA
2021-01-27 22:00:00,NA,1002.8,28,23,NA
2021-01-27 23:00:00,NA,1004.1,26,30,NA
2021-01-28 00:00:00,NA,1004.5,24.7,24,NA
2021-01-29 12:00:00,NA,1004,20.3,49,NA
2021-01-29 13:00:00,NA,1004.4,22.5,37,NA
2021-01-29 14:00:00,NA,1003.9,23.2,32,NA
2021-01-29 15:00:00,NA,1004.4,24.1,27,NA
2021-01-29 16:00:00,NA,1004,25.4,27,NA
2021-01-29 17:00:00,NA,1003.8,25.6,30,NA
2021-01-29 18:00:00,NA,1003.7,24.8,35,NA
2021-01-29 19:00:00,NA,1003.7,25,34,NA
2021-01-29 20:00:00,NA,1003.9,23.2,37,NA
2021-01-29 21:00:00,NA,1004.1,22.6,43,NA
2021-01-29 22:00:00,NA,1004.2,21.7,48,NA
2021-01-29 23:00:00,NA,1004.4,21.3,48,NA
2021-01-30 00:00:00,NA,1005.3,18.7,63,NA
2021-01-31 00:00:00,981.8,NA,NA,NA,NA
2021-01-31 12:00:00,984.8,1020.7,14.2,66,NA
2021-01-31 13:00:00,984.6,1020.6,16,52,NA
2021-01-31 14:00:00,984.6,1020.7,18,45,NA
2021-01-31 15:00:00,984.2,1020.3,18.9,43,NA
2021-01-31 16:00:00,983.8,1019.8,20.3,39,NA
2021-01-31 17:00:00,983,1019,20.6,36,NA
2021-01-31 18:00:00,982.4,1018.3,21.6,35,NA
2021-01-31 19:00:00,981.7,1017.6,22.8,34,NA
2021-01-31 20:00:00,981.2,1017.1,22.3,39,NA
2021-01-31 21:00:00,980.9,1016.8,22,42,NA
2021-01-31 22:00:00,980.6,1016.6,21.2,43,NA
2021-01-31 23:00:00,981.3,1017.2,18.8,48,NA
2021-02-01 00:00:00,981.8,1017.6,16.5,56,NA
2021-02-02 00:00:00,979.6,NA,NA,NA,NA
2021-02-02 12:00:00,980.5,1015.9,19,66,NA
2021-02-02 13:00:00,981,1016.7,19.4,64,NA
2021-02-02 14:00:00,980.9,1016.4,21.7,53,NA
2021-02-02 15:00:00,980.6,1016.2,21.6,53,NA
2021-02-02 16:00:00,980.6,1016.3,21.5,50,NA
2021-02-02 17:00:00,NA,1015.7,22.8,47,NA
2021-02-02 18:00:00,980.8,1016.2,25.5,39,NA
2021-02-02 19:00:00,979.8,1015.2,24,40,NA
2021-02-02 20:00:00,979.4,1014.8,24.1,42,NA
2021-02-02 21:00:00,979.2,1014.7,23.9,44,NA
2021-02-02 22:00:00,979.4,1014.6,23.2,45,NA
2021-02-02 23:00:00,979.8,1015.2,21.2,57,NA
2021-02-03 00:00:00,NA,1015.4,20.4,61,NA
2021-02-04 00:00:00,980.5,NA,NA,NA,NA
2021-02-04 12:00:00,984.5,1019.8,20.7,61,NA
2021-02-04 13:00:00,984.5,1020,22.2,58,NA
2021-02-04 14:00:00,984.4,1019.7,24.4,49,NA
2021-02-04 15:00:00,984.1,1019.3,26.2,39,NA
2021-02-04 16:00:00,983.7,1018.8,28.5,29,NA
2021-02-04 17:00:00,983.4,1018.5,30,24,NA
2021-02-04 18:00:00,982.6,1017.4,30.2,26,NA
2021-02-04 19:00:00,982.4,1017.5,30.5,29,NA
2021-02-04 20:00:00,982.1,1017.3,30.4,32,NA
2021-02-04 21:00:00,982,1016.8,29.9,21,NA
2021-02-04 22:00:00,981.7,1016.9,29.4,34,NA
2021-02-04 23:00:00,981.8,1016.9,26.7,42,NA
2021-02-05 00:00:00,NA,1017.1,21.6,46,NA
2021-02-05 12:00:00,NA,1016.3,22.2,54,NA
2021-02-05 13:00:00,NA,1016,25.6,47,NA
2021-02-05 14:00:00,NA,1015.7,27.3,39,NA
2021-02-05 15:00:00,NA,1015.2,29,31,NA
2021-02-05 16:00:00,NA,1014.6,30.7,31,NA
2021-02-05 17:00:00,NA,1014.1,31.2,38,NA
2021-02-05 18:00:00,NA,1013.3,31.5,43,NA
2021-02-05 19:00:00,NA,1012.6,32,20,NA
2021-02-05 20:00:00,NA,1012.2,31.8,20,NA
2021-02-05 21:00:00,NA,1011.6,31.6,19,NA
2021-02-05 22:00:00,NA,1011.5,30.4,23,NA
2021-02-05 23:00:00,NA,1011.8,28.4,27,NA
2021-02-06 00:00:00,977,1011.6,25.7,34,NA
2021-02-06 12:00:00,979.4,NA,NA,NA,NA
2021-02-06 13:00:00,979.2,NA,NA,NA,NA
2021-02-06 14:00:00,979.2,NA,NA,NA,NA
2021-02-06 15:00:00,978.9,NA,NA,NA,NA
2021-02-06 16:00:00,978.2,NA,NA,NA,NA
2021-02-06 17:00:00,977.4,NA,NA,NA,NA
2021-02-06 18:00:00,976.9,NA,NA,NA,NA
2021-02-06 19:00:00,976.2,NA,NA,NA,NA
2021-02-06 20:00:00,975.7,NA,NA,NA,NA
2021-02-06 21:00:00,975.2,NA,NA,NA,NA
2021-02-06 22:00:00,975,NA,NA,NA,NA
2021-02-06 23:00:00,975.4,NA,NA,NA,NA
2021-02-08 00:00:00,983.7,NA,NA,NA,NA
2021-02-08 12:00:00,NA,1022.5,15.1,63,NA
2021-02-08 13:00:00,NA,1022.4,16.7,54,NA
2021-02-08 14:00:00,NA,1022.7,18.2,48,NA
2021-02-08 15:00:00,NA,1022.7,18.3,44,NA
2021-02-08 16:00:00,NA,1022.1,18.9,45,NA
2021-02-08 17:00:00,NA,1022,19.6,42,NA
2021-02-08 18:00:00,NA,1021.5,19.7,44,NA
2021-02-08 19:00:00,NA,1021.1,20.4,41,NA
2021-02-08 20:00:00,NA,1020.8,20.8,40,NA
2021-02-08 21:00:00,NA,1020.4,20.8,40,NA
2021-02-08 22:00:00,NA,1021,19.6,44,NA
2021-02-08 23:00:00,NA,1021.3,19,47,NA
2021-02-09 00:00:00,NA,1021.5,17.8,58,NA
2021-02-10 12:00:00,NA,1022.8,17.5,75,NA
2021-02-10 13:00:00,NA,1022.7,19.5,64,NA
2021-02-10 14:00:00,NA,1022.4,20.7,55,NA
2021-02-10 15:00:00,NA,1021.9,22,50,NA
2021-02-10 16:00:00,NA,1021,22.7,45,NA
2021-02-10 17:00:00,NA,1020.5,23.5,39,NA
2021-02-10 18:00:00,NA,1019.7,24.6,38,NA
2021-02-10 19:00:00,NA,1018.9,25.8,38,NA
2021-02-10 20:00:00,NA,1018.4,24.4,42,NA
2021-02-10 21:00:00,NA,1018,24,43,NA
2021-02-10 22:00:00,NA,1017.6,23.4,44,NA
2021-02-10 23:00:00,NA,1017.3,22.4,49,NA
2021-02-11 00:00:00,981.8,NA,20.9,55,NA
2021-02-11 12:00:00,981.7,NA,18.4,82,NA
2021-02-11 13:00:00,981.4,NA,20.1,68,NA
2021-02-11 14:00:00,981.3,NA,22.3,59,NA
2021-02-11 15:00:00,980.8,NA,23.8,50,NA
2021-02-11 16:00:00,980.2,NA,25,46,NA
2021-02-11 17:00:00,979.7,NA,24.8,54,NA
2021-02-11 19:00:00,978,NA,26.9,40,NA
2021-02-11 21:00:00,977,NA,26.9,41,NA
2021-02-11 23:00:00,977,NA,23.3,56,NA
2021-02-12 12:00:00,NA,1014.5,20.7,75,NA
2021-02-12 13:00:00,NA,1014.4,22.7,64,NA
2021-02-12 14:00:00,NA,1014.7,21.5,70,NA
2021-02-12 15:00:00,NA,1013.7,24.9,56,NA
2021-02-12 16:00:00,NA,1013.6,26.5,48,NA
2021-02-12 17:00:00,NA,1012.3,28.7,52,NA
2021-02-12 18:00:00,NA,1011.7,26.8,66,NA
2021-02-12 19:00:00,NA,1011.8,27.8,57,NA
2021-02-12 20:00:00,NA,1010.9,26.9,66,NA
2021-02-12 21:00:00,NA,1010.6,27.2,66,NA
2021-02-12 22:00:00,NA,1010.5,26.2,72,NA
2021-02-12 23:00:00,NA,1011.1,23.6,77,NA
2021-02-13 00:00:00,976.2,NA,22.4,80,NA
2021-02-13 12:00:00,975.4,NA,20.2,87,NA
2021-02-13 13:00:00,975.3,NA,22,77,NA
2021-02-13 14:00:00,975.3,NA,23.2,70,NA
2021-02-13 15:00:00,974.9,NA,24,65,NA
2021-02-13 16:00:00,973.8,NA,25.6,57,NA
2021-02-13 17:00:00,973,NA,25.7,55,NA
2021-02-13 18:00:00,971.7,NA,27.3,51,NA
2021-02-13 19:00:00,971.6,NA,24.5,58,NA
2021-02-13 20:00:00,971.8,NA,19.1,95,NA
2021-02-13 21:00:00,970.9,NA,18.7,93,NA
2021-02-13 22:00:00,971.4,NA,19.2,92,NA
2021-02-13 23:00:00,971.3,NA,19.5,90,NA
2021-02-14 12:00:00,NA,1005.2,19.5,92,NA
2021-02-14 13:00:00,NA,1005.8,20.4,90,NA
2021-02-14 14:00:00,NA,1005.9,21.9,82,NA
2021-02-14 15:00:00,NA,1005.5,26.3,61,NA
2021-02-14 16:00:00,NA,1005.4,28.3,50,NA
2021-02-14 17:00:00,NA,1005.1,29.5,42,NA
2021-02-14 18:00:00,NA,1004.6,30.2,44,NA
2021-02-14 19:00:00,NA,1004.2,29.4,48,NA
2021-02-14 20:00:00,NA,1004.3,28.4,49,NA
2021-02-14 21:00:00,NA,1004.6,27.2,51,NA
2021-02-14 22:00:00,NA,1005.5,26.1,53,NA
2021-02-14 23:00:00,NA,1007.4,23.6,62,NA
2021-02-15 00:00:00,973.7,NA,22.8,67,NA
2021-02-15 12:00:00,978.8,NA,15.7,94,NA
2021-02-15 13:00:00,979,NA,16.1,93,NA
2021-02-15 14:00:00,979.6,NA,16.9,85,NA
2021-02-15 15:00:00,979.7,NA,18,76,NA
2021-02-15 16:00:00,979.3,NA,22.2,57,NA
2021-02-15 17:00:00,979.4,NA,22.6,50,NA
2021-02-15 18:00:00,978.9,NA,23.3,48,NA
2021-02-15 19:00:00,978.2,NA,22.7,44,NA
2021-02-15 20:00:00,977.8,NA,21.9,45,NA
2021-02-15 21:00:00,977.8,NA,21.3,42,NA
2021-02-15 22:00:00,977.8,NA,19.4,52,NA
2021-02-15 23:00:00,978.2,NA,17.8,60,NA
2021-02-16 12:00:00,NA,1014.2,14.2,83,NA
2021-02-16 13:00:00,NA,1014.2,16.1,68,NA
2021-02-16 14:00:00,NA,1013.9,19.3,46,NA
2021-02-16 15:00:00,NA,1013.8,20.8,38,NA
2021-02-16 16:00:00,NA,1013,23.1,30,NA
2021-02-16 17:00:00,NA,1012.4,25.1,33,NA
2021-02-16 18:00:00,NA,1012.1,24.7,41,NA
2021-02-16 19:00:00,NA,1011.2,25.5,47,NA
2021-02-16 20:00:00,NA,1010.8,25.9,49,NA
2021-02-16 21:00:00,NA,1010.5,26.1,49,NA
2021-02-16 22:00:00,NA,1010.3,25.2,52,NA
2021-02-16 23:00:00,NA,1010.4,21.9,60,NA
2021-02-17 00:00:00,975.4,NA,18.8,67,NA
2021-02-17 12:00:00,975.7,NA,17.2,59,NA
2021-02-17 13:00:00,975.4,NA,21.4,48,NA
2021-02-17 14:00:00,975.4,NA,25,42,NA
2021-02-17 15:00:00,975,NA,27,33,NA
2021-02-17 16:00:00,974.1,NA,31,47,NA
2021-02-17 17:00:00,973.7,NA,30.9,70,NA
2021-02-17 18:00:00,972.9,NA,31.7,22,NA
2021-02-17 19:00:00,972.4,NA,31.5,19,NA
2021-02-17 20:00:00,971.7,NA,32.5,19,NA
2021-02-17 21:00:00,971.4,NA,31.8,14,NA
2021-02-17 22:00:00,971.4,NA,30.6,22,NA
2021-02-17 23:00:00,971.6,NA,26.5,29,NA
2021-02-18 12:00:00,NA,1007.4,24.9,36,NA
2021-02-18 13:00:00,NA,1007.1,27.9,28,NA
2021-02-18 14:00:00,NA,1007.4,29.5,20,NA
2021-02-18 15:00:00,NA,1007.3,29.8,19,NA
2021-02-18 16:00:00,NA,1006.6,30.7,18,NA
2021-02-18 17:00:00,NA,1006.1,31.5,17,NA
2021-02-18 18:00:00,NA,1005.3,31.6,19,NA
2021-02-18 19:00:00,NA,1004.9,32.2,19,NA
2021-02-18 20:00:00,NA,1004.6,32.1,16,NA
2021-02-18 21:00:00,NA,1004.2,31.8,18,NA
2021-02-18 22:00:00,NA,1004.7,31,21,NA
2021-02-18 23:00:00,NA,1004.6,28.8,31,NA
2021-02-19 00:00:00,970.4,NA,23.4,45,NA
2021-02-19 12:00:00,979.4,NA,14,28,NA
2021-02-19 13:00:00,979.4,NA,15.8,29,NA
2021-02-19 14:00:00,979.6,NA,16.7,23,NA
2021-02-19 15:00:00,980.2,NA,18.1,19,NA
2021-02-19 16:00:00,980,NA,18.6,15,NA
2021-02-19 17:00:00,979.6,NA,19.8,19,NA
2021-02-19 18:00:00,979,NA,20.3,15,NA
2021-02-19 19:00:00,978.8,NA,20.5,15,NA
2021-02-19 20:00:00,978.5,NA,20.9,12,NA
2021-02-19 21:00:00,978.4,NA,20.4,13,NA
2021-02-19 22:00:00,978.6,NA,19.8,16,NA
2021-02-19 23:00:00,979.3,NA,17.7,21,NA
2021-02-20 12:00:00,NA,1016.9,17.9,26,NA
2021-02-20 13:00:00,NA,1016.8,20.5,21,NA
2021-02-20 14:00:00,NA,1016.3,22.1,16,NA
2021-02-20 15:00:00,NA,1015.4,23.5,14,NA
2021-02-20 16:00:00,NA,1014.6,24.5,16,NA
2021-02-20 17:00:00,NA,1014,25.3,16,NA
2021-02-20 18:00:00,NA,1013.1,25.7,18,NA
2021-02-20 19:00:00,NA,1012.2,26.6,16,NA
2021-02-20 20:00:00,NA,1011.5,26.6,16,NA
2021-02-20 21:00:00,NA,1011.2,26.2,19,NA
2021-02-20 22:00:00,NA,1011.2,25.2,19,NA
2021-02-20 23:00:00,NA,1011.8,22.5,26,NA
2021-02-21 00:00:00,976.5,NA,20.2,29,NA
2021-02-21 12:00:00,976.6,NA,18.6,70,NA
2021-02-21 13:00:00,976.6,NA,22.2,64,NA
2021-02-21 14:00:00,976.2,NA,25.8,54,NA
2021-02-21 15:00:00,975.6,NA,28.4,36,NA
2021-02-21 16:00:00,974.8,NA,30,30,NA
2021-02-21 17:00:00,974.2,NA,30.6,27,NA
2021-02-21 19:00:00,972.2,NA,31.8,23,NA
2021-02-21 20:00:00,971.8,NA,29.7,29,NA
2021-02-21 21:00:00,974,NA,22.6,52,NA
2021-02-21 22:00:00,972.5,NA,18.7,73,NA
2021-02-21 23:00:00,971,NA,19.7,74,NA
2021-02-22 12:00:00,NA,1010.2,18.2,71,NA
2021-02-22 13:00:00,NA,1010.5,21,54,NA
2021-02-22 14:00:00,NA,1011,22.6,45,NA
2021-02-22 15:00:00,NA,1011.3,23.8,40,NA
2021-02-22 16:00:00,NA,1011.3,24.6,32,NA
2021-02-22 17:00:00,NA,1011.2,24.6,32,NA
2021-02-22 18:00:00,NA,1011,26,22,NA
2021-02-22 19:00:00,NA,1010.3,26.4,17,NA
2021-02-22 20:00:00,NA,1010.1,27.1,16,NA
2021-02-22 21:00:00,NA,1010.1,26,20,NA
2021-02-22 22:00:00,NA,1010.3,25.7,24,NA
2021-02-22 23:00:00,NA,1010.7,22.8,35,NA
2021-02-23 00:00:00,976,NA,19.5,34,NA
2021-02-23 12:00:00,979.7,NA,17.3,62,NA
2021-02-23 13:00:00,979.4,NA,19.7,55,NA
2021-02-23 14:00:00,979.4,NA,22.7,42,NA
2021-02-23 15:00:00,979.2,NA,25.8,28,NA
2021-02-23 16:00:00,978.6,NA,27.8,20,NA
2021-02-23 17:00:00,978.2,NA,29.2,14,NA
2021-02-23 18:00:00,978,NA,30,12,NA
2021-02-23 19:00:00,977.4,NA,30.2,15,NA
2021-02-23 20:00:00,977.2,NA,30,14,NA
2021-02-23 21:00:00,977.2,NA,29.9,16,NA
2021-02-23 22:00:00,977.8,NA,28,18,NA
2021-02-23 23:00:00,978,NA,24,25,NA
2021-02-24 12:00:00,NA,1015.8,19.2,25,NA
2021-02-24 13:00:00,NA,1015.8,21.2,31,NA
2021-02-24 14:00:00,NA,1015.9,23,33,NA
2021-02-24 15:00:00,NA,1015.6,25,29,NA
2021-02-24 16:00:00,NA,1014.5,26.2,29,NA
2021-02-24 17:00:00,NA,1013.6,28,24,NA
2021-02-24 18:00:00,NA,1012.6,29.7,23,NA
2021-02-24 19:00:00,NA,1011.9,30.8,21,NA
2021-02-24 20:00:00,NA,1011.2,31.1,21,NA
2021-02-24 21:00:00,NA,1012,30.7,21,NA
2021-02-24 22:00:00,NA,1010.5,29.5,24,NA
2021-02-24 23:00:00,NA,1010.8,26.5,32,NA
2021-02-25 00:00:00,976.2,NA,23.5,40,NA
2021-02-25 12:00:00,979.3,NA,22.2,54,NA
2021-02-25 13:00:00,979.4,NA,25.1,44,NA
2021-02-25 14:00:00,979,NA,27.8,39,NA
2021-02-25 15:00:00,978.9,NA,29.6,32,NA
2021-02-25 16:00:00,978.2,NA,30.8,29,NA
2021-02-25 17:00:00,977.4,NA,32.2,25,NA
2021-02-25 18:00:00,977,NA,33,22,NA
2021-02-25 19:00:00,976.2,NA,33.4,20,NA
2021-02-25 20:00:00,975.6,NA,33.2,19,NA
2021-02-25 21:00:00,975.3,NA,32.8,17,NA
2021-02-25 22:00:00,975.3,NA,31.1,20,NA
2021-02-25 23:00:00,975.6,NA,27.6,29,NA
2021-02-26 12:00:00,NA,1012.1,23.3,52,NA
2021-02-26 13:00:00,NA,1012.4,26.6,42,NA
2021-02-26 14:00:00,NA,1012.3,29.1,31,NA
2021-02-26 15:00:00,NA,1012.1,29.7,28,NA
2021-02-26 16:00:00,NA,1011.4,31.1,26,NA
2021-02-26 17:00:00,NA,1010.8,31.7,27,NA
2021-02-26 18:00:00,NA,1010.2,32.6,22,NA
2021-02-26 19:00:00,NA,1009.7,31.4,25,NA
2021-02-26 20:00:00,NA,1011.1,29.6,30,NA
2021-02-26 21:00:00,NA,1011.7,28.6,34,NA
2021-02-26 22:00:00,NA,1012.3,27.2,37,NA
2021-02-26 23:00:00,NA,1015.8,21,75,NA
2021-02-27 00:00:00,979.3,NA,20.2,78,NA
2021-02-27 12:00:00,982.6,NA,22.2,57,NA
2021-02-27 13:00:00,982.6,NA,24.8,48,NA
2021-02-27 14:00:00,982.5,NA,28.2,40,NA
2021-02-27 15:00:00,982.2,NA,28.8,35,NA
2021-02-27 16:00:00,981.4,NA,30.7,29,NA
2021-02-27 18:00:00,980.1,NA,31.7,27,NA
2021-02-27 19:00:00,979.7,NA,31.1,29,NA
2021-02-27 20:00:00,979.4,NA,31.3,27,NA
2021-02-27 21:00:00,979.3,NA,30.5,27,NA
2021-02-27 22:00:00,979.4,NA,28.9,30,NA
2021-02-27 23:00:00,979.8,NA,26,37,NA
2021-02-28 12:00:00,NA,1015.1,21.9,79,NA
2021-02-28 13:00:00,NA,1014.8,24.1,68,NA
2021-02-28 14:00:00,NA,1014.3,26.8,56,NA
2021-02-28 15:00:00,NA,1013.8,28.6,50,NA
2021-02-28 16:00:00,NA,1013,30.9,41,NA
2021-02-28 17:00:00,NA,1012.5,31.9,37,NA
2021-02-28 18:00:00,NA,1012,31.8,37,NA
2021-02-28 19:00:00,NA,1010.5,31,38,NA
2021-02-28 20:00:00,NA,1011,30.5,41,NA
2021-02-28 21:00:00,NA,1010.9,29.9,46,NA
2021-02-28 22:00:00,NA,1011.4,27.7,50,NA
2021-02-28 23:00:00,NA,1011.7,25.3,59,NA
2021-03-01 00:00:00,NA,1012.1,23.9,67,NA
2021-03-02 12:00:00,NA,1014.8,21.6,82,NA
2021-03-02 13:00:00,NA,1015,23.8,72,NA
2021-03-02 14:00:00,NA,1014.8,26.1,62,NA
2021-03-02 15:00:00,NA,1014.3,28,51,NA
2021-03-02 16:00:00,NA,1013.9,30,42,NA
2021-03-02 17:00:00,NA,1013.8,30.2,42,NA
2021-03-02 18:00:00,978.2,1012.8,31.1,35,NA
2021-03-02 19:00:00,977.8,1012.5,31.5,34,NA
2021-03-02 20:00:00,977.4,1012,31,34,NA
2021-03-02 21:00:00,977.6,1012.2,30.7,34,NA
2021-03-02 22:00:00,978,1012.6,30.2,35,NA
2021-03-02 23:00:00,978.2,1013,27.3,44,NA
2021-03-03 00:00:00,NA,1013.7,25.1,53,NA
2021-03-04 00:00:00,979,NA,NA,NA,NA
2021-03-04 12:00:00,NA,1015.1,20.4,92,NA
2021-03-04 13:00:00,980.2,1015.3,22,83,NA
2021-03-04 14:00:00,981.6,1016.8,19.8,81,NA
2021-03-04 15:00:00,981.3,1016.5,20,87,NA
2021-03-04 16:00:00,980.4,1015.3,23.8,68,NA
2021-03-04 17:00:00,979.7,1014.5,27.1,47,NA
2021-03-04 18:00:00,979.8,1014.6,26.4,59,NA
2021-03-04 19:00:00,978.9,1013.7,26.6,57,NA
2021-03-04 20:00:00,979,1014,24.1,67,NA
2021-03-04 21:00:00,978.8,1013.8,24,64,NA
2021-03-04 22:00:00,979,1014,23,66,NA
2021-03-04 23:00:00,979.3,1014.4,21.5,79,NA
2021-03-05 00:00:00,NA,1015.1,19.8,83,NA
2021-03-06 00:00:00,977.6,NA,NA,NA,NA
2021-03-06 12:00:00,978.2,1013.9,15.3,69,NA
2021-03-06 13:00:00,978,1013.6,17.7,62,NA
2021-03-06 14:00:00,977.6,1012.9,21.9,48,NA
2021-03-06 15:00:00,977.4,1012.8,23.3,43,NA
2021-03-06 16:00:00,976.9,1012,26.3,34,NA
2021-03-06 17:00:00,976.2,1011.4,27.7,30,NA
2021-03-06 18:00:00,975.7,1010.7,29,28,NA
2021-03-06 19:00:00,975,1010.1,28.3,30,NA
2021-03-06 20:00:00,974.5,1009.5,29.8,27,NA
2021-03-06 21:00:00,974.4,1009.4,29,30,NA
2021-03-06 22:00:00,974.4,1009.5,28,31,NA
2021-03-06 23:00:00,974.8,1009.9,25.2,38,NA
2021-03-07 00:00:00,NA,1010.6,22.4,47,NA
2021-03-08 00:00:00,974.5,NA,NA,NA,NA
2021-03-08 12:00:00,982.2,1017.4,18.8,62,NA
2021-03-08 13:00:00,982.6,1017.7,20.6,43,NA
2021-03-08 14:00:00,983.2,1018.3,21.8,34,NA
2021-03-08 15:00:00,983.6,1018.7,23,37,NA
2021-03-08 16:00:00,983.3,1018.5,23.8,33,NA
2021-03-08 17:00:00,982.9,1018.1,24.5,29,NA
2021-03-08 18:00:00,982.5,1017.7,25.3,23,NA
2021-03-08 19:00:00,982.2,1017.3,26.2,26,NA
2021-03-08 20:00:00,981.8,1017,25.5,22,NA
2021-03-08 21:00:00,982,1017.3,24.3,23,NA
2021-03-08 22:00:00,982.5,1017.9,21.3,31,NA
2021-03-08 23:00:00,982.1,1017.8,18.6,37,NA
2021-03-09 00:00:00,NA,1018.2,15.7,52,NA
2021-03-10 00:00:00,977.8,NA,NA,NA,NA
2021-03-10 12:00:00,976.4,1011.8,17.2,78,NA
2021-03-10 13:00:00,975.8,1011.1,20.6,59,NA
2021-03-10 14:00:00,975.4,1010.6,22,54,NA
2021-03-10 15:00:00,974.4,1009.3,25.3,46,NA
2021-03-10 16:00:00,973.4,1008.4,26.5,43,NA
2021-03-10 17:00:00,972.5,1007.2,29,37,NA
2021-03-10 18:00:00,971.6,1006.2,29.8,36,NA
2021-03-10 19:00:00,970.9,1005.6,29.3,38,NA
2021-03-10 20:00:00,970.5,1005.1,30,37,NA
2021-03-10 21:00:00,970.2,1004.9,29.4,39,NA
2021-03-10 22:00:00,970.6,1005.3,28.4,40,NA
2021-03-10 23:00:00,970.8,1005.6,26.6,43,NA
2021-03-11 00:00:00,NA,1006,23.4,56,NA
2021-03-12 00:00:00,978.1,NA,NA,NA,NA
2021-03-12 12:00:00,980.9,1016.4,17.3,42,NA
2021-03-12 13:00:00,980.9,1016.5,18.5,44,NA
2021-03-12 14:00:00,980.9,1016.5,20.5,44,NA
2021-03-12 15:00:00,980.6,1016.1,23.3,37,NA
2021-03-12 16:00:00,980.2,1015.7,24.7,32,NA
2021-03-12 17:00:00,979.6,1014.9,26.2,29,NA
2021-03-12 18:00:00,979.2,1014.5,27.2,28,NA
2021-03-12 19:00:00,978.4,1013.6,28,25,NA
2021-03-12 20:00:00,977.8,1013,29,26,NA
2021-03-12 21:00:00,977.8,1013.1,28.7,30,NA
2021-03-12 22:00:00,978,1013.4,27,29,NA
2021-03-12 23:00:00,978.2,1013.5,23.4,43,NA
2021-03-13 00:00:00,NA,1013.9,21.5,50,NA
2021-03-14 12:00:00,NA,1017.3,17,91,NA
2021-03-14 13:00:00,NA,1017.6,17.2,92,NA
2021-03-14 14:00:00,NA,1018.1,18.1,90,NA
2021-03-14 15:00:00,NA,1017.9,20.8,76,NA
2021-03-14 16:00:00,NA,1018,19.8,80,NA
2021-03-14 17:00:00,NA,1017.9,19.4,76,NA
2021-03-14 18:00:00,NA,1017.8,19.2,80,NA
2021-03-14 19:00:00,NA,1017.3,20.4,71,NA
2021-03-14 20:00:00,NA,1016.6,20.7,68,NA
2021-03-14 21:00:00,NA,1016.5,20.7,69,NA
2021-03-14 22:00:00,NA,1016.7,19.3,74,NA
2021-03-14 23:00:00,NA,1016.2,17.7,84,NA
2021-03-15 00:00:00,NA,1016.2,16.5,90,NA
2021-03-15 12:00:00,978.6,NA,18.5,74,NA
2021-03-15 13:00:00,978.2,NA,20.5,66,NA
2021-03-15 14:00:00,978.2,NA,21.9,56,NA
2021-03-15 15:00:00,977.7,NA,23.6,49,NA
2021-03-15 16:00:00,977.3,NA,24.5,51,NA
2021-03-15 17:00:00,976.6,NA,23.9,56,NA
2021-03-15 18:00:00,976.1,NA,24.3,57,NA
2021-03-16 12:00:00,NA,1009.7,17,94,NA
2021-03-16 14:00:00,NA,1010.7,17.6,81,NA
2021-03-16 15:00:00,NA,1010.8,17,86,NA
2021-03-16 16:00:00,NA,1010.1,17,86,NA
2021-03-16 17:00:00,NA,1009.7,16.5,91,NA
2021-03-16 18:00:00,NA,1009.6,16.4,94,NA
2021-03-16 19:00:00,NA,1009.3,16.9,95,NA
2021-03-16 20:00:00,NA,1009.4,16.9,94,NA
2021-03-16 21:00:00,NA,1009.5,17,93,NA
2021-03-16 22:00:00,NA,1009.9,17.4,92,NA
2021-03-16 23:00:00,NA,1010.3,17.2,91,NA
2021-03-17 00:00:00,976.6,NA,17,90,NA
2021-03-17 12:00:00,984.6,NA,12.4,72,NA
2021-03-18 12:00:00,NA,1022.3,10.5,71,NA
2021-03-18 13:00:00,NA,1022.6,12.2,60,NA
2021-03-18 14:00:00,NA,1021.7,13.3,48,NA
2021-03-18 15:00:00,NA,1021.4,14.2,47,NA
2021-03-18 16:00:00,NA,1020.8,14.5,45,NA
2021-03-18 17:00:00,NA,1020,16.1,42,NA
2021-03-18 18:00:00,NA,1019.2,16.1,41,NA
2021-03-18 19:00:00,NA,1018.6,17.9,35,NA
2021-03-18 20:00:00,NA,1017.8,16.8,42,NA
2021-03-18 21:00:00,NA,1017.6,16.7,42,NA
2021-03-18 22:00:00,NA,1018.1,15,47,NA
2021-03-18 23:00:00,NA,1017.8,14.2,52,NA
2021-03-19 00:00:00,981.7,NA,12.2,65,NA
2021-03-19 12:00:00,980.2,NA,11.5,76,NA
2021-03-19 13:00:00,980.2,NA,12.6,69,NA
2021-03-19 14:00:00,980,NA,15.2,59,NA
2021-03-19 15:00:00,979.8,NA,16.4,55,NA
2021-03-19 16:00:00,978.9,NA,18.8,47,NA
2021-03-19 17:00:00,978.2,NA,18.6,57,NA
2021-03-19 18:00:00,974.6,NA,18.5,49,NA
2021-03-19 19:00:00,976.4,NA,18.3,48,NA
2021-03-19 20:00:00,976.2,NA,17.7,53,NA
2021-03-19 21:00:00,976.1,NA,16.9,58,NA
2021-03-19 22:00:00,976.2,NA,16.1,63,NA
2021-03-19 23:00:00,976.5,NA,15.3,69,NA
2021-03-20 12:00:00,NA,1014.3,14.2,96,NA
2021-03-20 13:00:00,NA,1014.8,14.8,93,NA
2021-03-20 14:00:00,NA,1014.9,17.4,71,NA
2021-03-20 15:00:00,NA,1014.6,19.4,54,NA
2021-03-20 16:00:00,NA,1014,21,42,NA
2021-03-20 17:00:00,NA,1013.6,23.4,29,NA
2021-03-20 18:00:00,NA,1013.7,24,25,NA
2021-03-20 19:00:00,NA,1013.8,24,24,NA
2021-03-20 20:00:00,NA,1014.2,24,24,NA
2021-03-20 21:00:00,NA,1015,23,24,NA
2021-03-20 22:00:00,NA,1015.6,21.4,30,NA
2021-03-21 00:00:00,981.6,NA,15.8,56,NA
2021-03-21 12:00:00,987.4,NA,15.1,74,NA
2021-03-21 13:00:00,987.7,NA,16.8,61,NA
2021-03-21 14:00:00,988,NA,18.3,50,NA
2021-03-21 15:00:00,987.7,NA,19.3,39,NA
2021-03-21 16:00:00,987.4,NA,20.7,35,NA
2021-03-21 17:00:00,986.8,NA,21.3,31,NA
2021-03-21 18:00:00,986.4,NA,22.1,29,NA
2021-03-21 19:00:00,985.8,NA,22.3,27,NA
2021-03-21 20:00:00,985.6,NA,22.2,28,NA
2021-03-21 21:00:00,985.6,NA,21.9,28,NA
2021-03-21 22:00:00,985.6,NA,20,35,NA
2021-03-21 23:00:00,985.8,NA,15.8,50,NA
2021-03-22 12:00:00,NA,1023.1,12.9,83,NA
2021-03-22 13:00:00,NA,1023.4,13.5,82,NA
2021-03-22 14:00:00,NA,1023.2,14.7,82,NA
2021-03-22 15:00:00,NA,1022.9,16.2,76,NA
2021-03-22 16:00:00,NA,1022,17.7,72,NA
2021-03-22 17:00:00,NA,1020.9,19.8,64,NA
2021-03-22 18:00:00,NA,1020.1,20.2,54,NA
2021-03-22 19:00:00,NA,1019.3,21.2,47,NA
2021-03-22 20:00:00,NA,1018.8,21.8,45,NA
2021-03-22 21:00:00,NA,1018.8,21,46,NA
2021-03-22 22:00:00,NA,1018.9,18.8,58,NA
2021-03-22 23:00:00,NA,1019.1,16.3,67,NA
2021-03-23 00:00:00,983.4,NA,12.4,81,NA
2021-03-23 12:00:00,980.6,NA,15.2,80,NA
2021-03-23 13:00:00,980.4,NA,18.2,69,NA
2021-03-23 14:00:00,980.4,NA,20.4,61,NA
2021-03-23 15:00:00,979.4,NA,22.7,52,NA
2021-03-23 16:00:00,979.3,NA,24,47,NA
2021-03-23 17:00:00,978.2,NA,25.4,38,NA
2021-03-23 18:00:00,977.4,NA,26.5,38,NA
2021-03-23 19:00:00,976.9,NA,26.5,39,NA
2021-03-23 20:00:00,976.4,NA,26.5,38,NA
2021-03-23 21:00:00,976.6,NA,25.4,42,NA
2021-03-23 22:00:00,976.8,NA,24.2,47,NA
2021-03-23 23:00:00,977,NA,21.3,58,NA
2021-03-24 12:00:00,NA,1014.8,16.3,82,NA
2021-03-24 13:00:00,NA,1014.9,19.7,69,NA
2021-03-24 14:00:00,NA,1014.9,21.9,63,NA
2021-03-24 15:00:00,NA,1014.1,24.3,53,NA
2021-03-24 16:00:00,NA,1013.9,25.3,48,NA
2021-03-24 17:00:00,NA,1013.3,26.7,42,NA
2021-03-24 18:00:00,NA,1012.8,26.9,39,NA
2021-03-24 19:00:00,NA,1012.5,26.3,41,NA
2021-03-24 20:00:00,NA,1012.1,27,40,NA
2021-03-24 21:00:00,NA,1012.2,26,43,NA
2021-03-24 22:00:00,NA,1011.3,24.3,50,NA
2021-03-24 23:00:00,NA,1013.1,21.5,61,NA
2021-03-25 00:00:00,978.1,NA,20.1,65,NA
2021-03-25 12:00:00,979.8,NA,14.7,81,NA
2021-03-25 13:00:00,979.7,NA,17,75,NA
2021-03-25 14:00:00,980.2,NA,19.7,63,NA
2021-03-25 16:00:00,979.4,NA,21.4,68,NA
2021-03-25 17:00:00,979.2,NA,20.6,62,NA
2021-03-25 18:00:00,979.2,NA,20.8,58,NA
2021-03-25 19:00:00,979.2,NA,20.2,57,NA
2021-03-25 20:00:00,979.4,NA,20,59,NA
2021-03-25 21:00:00,979,NA,18.9,62,NA
2021-03-25 22:00:00,979,NA,18,69,NA
2021-03-25 23:00:00,979.4,NA,15.8,83,NA
2021-03-26 12:00:00,NA,1016.1,15.4,91,NA
2021-03-26 13:00:00,NA,1016.3,16.1,89,NA
2021-03-26 14:00:00,NA,1016.6,16.8,83,NA
2021-03-26 15:00:00,NA,1015.7,18,77,NA
2021-03-26 16:00:00,NA,1015.7,18.7,69,NA
2021-03-26 17:00:00,NA,1015.9,18.2,70,NA
2021-03-26 18:00:00,NA,1015.7,17.4,77,NA
2021-03-26 19:00:00,NA,1016.1,15.8,91,NA
2021-03-26 20:00:00,NA,1015.9,16,91,NA
2021-03-26 21:00:00,NA,1016.4,15.5,91,NA
2021-03-26 22:00:00,NA,1016.5,15.1,96,NA
2021-03-26 23:00:00,NA,1017,15,93,NA
2021-03-27 00:00:00,981.7,NA,15,90,NA
2021-03-27 12:00:00,982.2,NA,12.9,71,NA
2021-03-27 13:00:00,982.6,NA,14.1,69,NA
2021-03-27 14:00:00,983.2,NA,16.1,60,NA
2021-03-27 15:00:00,982.8,NA,17.6,55,NA
2021-03-27 16:00:00,982.2,NA,18.1,52,NA
2021-03-27 17:00:00,982,NA,18.9,50,NA
2021-03-27 18:00:00,981.7,NA,20,43,NA
2021-03-27 19:00:00,981.7,NA,19.8,47,NA
2021-03-27 20:00:00,981.2,NA,20,49,NA
2021-03-27 21:00:00,981,NA,19.4,49,NA
2021-03-27 22:00:00,981.2,NA,17.5,58,NA
2021-03-27 23:00:00,981.3,NA,15.2,70,NA
2021-03-28 12:00:00,NA,1017.9,13.7,86,NA
2021-03-28 13:00:00,NA,1018.4,15.4,71,NA
2021-03-28 14:00:00,NA,1018.5,17.5,63,NA
2021-03-28 15:00:00,NA,1017.8,19,59,NA
2021-03-28 16:00:00,NA,1017.5,20.5,55,NA
2021-03-28 17:00:00,NA,1016.9,21,51,NA
2021-03-28 18:00:00,NA,1016.1,21.7,48,NA
2021-03-28 19:00:00,NA,1015.6,22.6,47,NA
2021-03-28 20:00:00,NA,1015.5,23.1,44,NA
2021-03-28 21:00:00,NA,1015.2,22.8,48,NA
2021-03-28 22:00:00,NA,1015.5,22.1,45,NA
2021-03-28 23:00:00,NA,1016.3,17.4,84,NA
2021-03-29 00:00:00,980.9,NA,15.2,78,NA
2021-03-29 12:00:00,983.2,NA,14.9,89,NA
2021-03-29 13:00:00,983.4,NA,17.1,80,NA
2021-03-29 14:00:00,983.4,NA,19.4,62,NA
2021-03-29 15:00:00,983.6,NA,21.6,47,NA
2021-03-29 16:00:00,983.4,NA,22.5,39,NA
2021-03-29 17:00:00,982.5,NA,23.8,34,NA
2021-03-29 18:00:00,982,NA,25.3,21,NA
2021-03-29 19:00:00,981.8,NA,25.5,19,NA
2021-03-29 20:00:00,981.7,NA,24.9,19,NA
2021-03-29 21:00:00,981.7,NA,23.9,23,NA
2021-03-29 22:00:00,982.1,NA,20.5,44,NA
2021-03-29 23:00:00,982.4,NA,16.6,57,NA
2021-03-30 12:00:00,NA,1019.2,17.3,63,NA
2021-03-30 13:00:00,NA,1019.2,19.1,57,NA
2021-03-30 14:00:00,NA,1019.2,21.6,41,NA
2021-03-30 15:00:00,NA,1019.1,22.6,40,NA
2021-03-30 16:00:00,NA,1019.1,22.6,40,NA
2021-03-30 17:00:00,NA,1018.1,24.1,33,NA
2021-03-30 18:00:00,NA,1017.5,24.6,30,NA
2021-03-30 19:00:00,NA,1017.1,24.9,32,NA
2021-03-30 20:00:00,NA,1016.9,24.8,32,NA
2021-03-30 21:00:00,NA,1016.7,24,33,NA
2021-03-30 22:00:00,NA,1017.1,21,51,NA
2021-03-30 23:00:00,NA,1017.2,16.4,68,NA
2021-03-31 00:00:00,981.6,NA,14.2,76,NA
2021-03-31 17:00:00,982.8,NA,22.4,49,NA
2021-03-31 18:00:00,982.1,NA,21.6,46,NA
2021-03-31 19:00:00,982,NA,22.4,44,NA
2021-03-31 20:00:00,981.6,NA,21.6,49,NA
2021-03-31 21:00:00,981.7,NA,21,49,NA
2021-03-31 22:00:00,982.1,NA,18.5,60,NA
2021-03-31 23:00:00,982.2,NA,16,71,NA
2021-04-01 12:00:00,NA,1020.1,14.7,82,NA
2021-04-01 13:00:00,NA,1020.3,15.7,79,NA
2021-04-01 14:00:00,NA,1020.1,18.1,70,NA
2021-04-01 15:00:00,NA,1019.9,20.1,59,NA
2021-04-01 16:00:00,NA,1019.3,21.1,52,NA
2021-04-01 17:00:00,NA,1018.9,20.3,50,NA
2021-04-01 18:00:00,NA,1018.3,20.4,47,NA
2021-04-01 19:00:00,NA,1017.9,21.8,43,NA
2021-04-01 20:00:00,NA,1017.6,21,41,NA
2021-04-01 21:00:00,NA,1017.7,20,45,NA
2021-04-01 22:00:00,NA,1018.3,18,54,NA
2021-04-01 23:00:00,NA,1018.6,15.3,66,NA
2021-04-02 00:00:00,982.6,NA,12.2,78,NA
2021-04-02 12:00:00,984.1,NA,15.1,94,NA
2021-04-02 13:00:00,984.2,NA,16,89,NA
2021-04-02 14:00:00,983.8,NA,18.4,76,NA
2021-04-02 15:00:00,983.6,NA,20.2,66,NA
2021-04-02 16:00:00,983,NA,22.6,53,NA
2021-04-02 17:00:00,982.2,NA,22.7,48,NA
2021-04-02 18:00:00,982.8,NA,22.7,46,NA
2021-04-02 19:00:00,981.4,NA,23.7,42,NA
2021-04-02 20:00:00,981,NA,23.4,42,NA
2021-04-02 21:00:00,981,NA,22.5,46,NA
2021-04-02 22:00:00,981.4,NA,20.2,54,NA
2021-04-02 23:00:00,981.8,NA,18.2,66,NA
2021-04-03 12:00:00,NA,1019.5,15.7,83,NA
2021-04-03 13:00:00,NA,1019.6,17.3,81,NA
2021-04-03 14:00:00,NA,1018.9,19.3,72,NA
2021-04-03 15:00:00,NA,1018.2,22,58,NA
2021-04-03 16:00:00,NA,1017.5,23.6,46,NA
2021-04-03 17:00:00,NA,1016.8,24.2,39,NA
2021-04-03 18:00:00,NA,1016,24.7,37,NA
2021-04-03 19:00:00,NA,1015.8,24.1,39,NA
2021-04-03 20:00:00,NA,1016.3,23.1,42,NA
2021-04-03 21:00:00,NA,1016.2,22.5,49,NA
2021-04-03 22:00:00,NA,1015.9,20.6,58,NA
2021-04-03 23:00:00,NA,1016.3,19.9,61,NA
2021-04-04 00:00:00,980.2,NA,18.6,65,NA
2021-04-04 12:00:00,981.6,NA,16,95,NA
2021-04-04 13:00:00,981.6,NA,18.5,77,NA
2021-04-04 14:00:00,981.3,NA,20.3,69,NA
2021-04-04 15:00:00,980.6,NA,23.3,56,NA
2021-04-04 16:00:00,979.7,NA,24.9,51,NA
2021-04-04 17:00:00,978.6,NA,24.9,48,NA
2021-04-04 18:00:00,978.1,NA,25.8,44,NA
2021-04-04 19:00:00,977.8,NA,26,42,NA
2021-04-04 20:00:00,977.6,NA,25.4,44,NA
2021-04-04 21:00:00,977.4,NA,24.6,43,NA
2021-04-04 22:00:00,977.6,NA,22.3,52,NA
2021-04-04 23:00:00,978,NA,19.2,65,NA
2021-04-05 12:00:00,NA,1015.3,17.4,80,NA
2021-04-05 13:00:00,NA,1015.4,19.2,73,NA
2021-04-05 14:00:00,NA,1015,21.4,69,NA
2021-04-05 15:00:00,NA,1014.5,24,59,NA
2021-04-05 16:00:00,NA,1014,25.8,52,NA
2021-04-05 17:00:00,NA,1013,26.8,49,NA
2021-04-05 18:00:00,NA,1012.3,27.4,44,NA
2021-04-05 19:00:00,NA,1012.8,27.1,45,NA
2021-04-05 20:00:00,NA,1013.2,26.4,49,NA
2021-04-05 21:00:00,NA,1013.2,25.5,53,NA
2021-04-05 22:00:00,NA,1014,23.7,60,NA
2021-04-05 23:00:00,NA,1014.9,21.5,68,NA
2021-04-06 00:00:00,979.8,NA,20.8,70,NA
2021-04-06 12:00:00,981.2,NA,18,93,NA
2021-04-06 13:00:00,980.9,NA,20.1,83,NA
2021-04-06 14:00:00,980.6,NA,23.6,69,NA
2021-04-06 15:00:00,980.4,NA,26.4,55,NA
2021-04-06 16:00:00,979.7,NA,27.4,47,NA
2021-04-06 17:00:00,979,NA,27.1,48,NA
2021-04-06 18:00:00,978,NA,27.8,44,NA
2021-04-06 19:00:00,977.6,NA,27.9,46,NA
2021-04-06 20:00:00,977.4,NA,27.7,47,NA
2021-04-06 21:00:00,977.4,NA,26.5,50,NA
2021-04-06 22:00:00,977,NA,24.4,57,NA
2021-04-06 23:00:00,977,NA,22,67,NA
2021-04-07 12:00:00,NA,1013.7,19.7,89,NA
2021-04-07 13:00:00,NA,1013.5,22.7,76,NA
2021-04-07 14:00:00,NA,1013,24.5,67,NA
2021-04-07 15:00:00,NA,1012.6,25.9,59,NA
2021-04-07 16:00:00,NA,1012.1,26.3,56,NA
2021-04-07 17:00:00,NA,1011.4,26.1,55,NA
2021-04-07 18:00:00,NA,1010.8,27,51,NA
2021-04-07 19:00:00,NA,1010.2,27.7,48,NA
2021-04-07 20:00:00,NA,1009.8,27.4,48,NA
2021-04-07 21:00:00,NA,1009.8,26.2,52,NA
2021-04-07 22:00:00,NA,1009.9,24.4,60,NA
2021-04-08 00:00:00,NA,1010.6,20.8,75,NA
2021-04-08 15:00:00,975.4,NA,15.4,93,NA
2021-04-08 16:00:00,975,NA,17,89,NA
2021-04-08 17:00:00,975.3,NA,17,89,NA
2021-04-08 18:00:00,975.8,NA,16.7,92,NA
2021-04-08 19:00:00,975.6,NA,17.1,95,NA
2021-04-08 20:00:00,975.4,NA,17.6,90,NA
2021-04-08 21:00:00,975.6,NA,17.6,89,NA
2021-04-08 22:00:00,975.8,NA,17.2,92,NA
2021-04-08 23:00:00,976.1,NA,17.1,90,NA
2021-04-09 12:00:00,NA,1016.2,15,97,NA
2021-04-09 13:00:00,NA,1016.4,17.8,88,NA
2021-04-09 14:00:00,NA,1016.2,18.7,82,NA
2021-04-09 15:00:00,NA,1014.9,20.1,68,NA
2021-04-09 16:00:00,NA,1016.1,20.1,69,NA
2021-04-09 17:00:00,NA,1015.5,21.3,68,NA
2021-04-09 18:00:00,NA,1014.9,22.1,62,NA
2021-04-09 19:00:00,NA,1014.8,22.3,60,NA
2021-04-09 20:00:00,NA,1015,22.5,56,NA
2021-04-09 21:00:00,NA,1015.4,21.7,60,NA
2021-04-09 22:00:00,NA,1016.1,18.7,74,NA
2021-04-09 23:00:00,NA,1016.9,17.5,86,NA
2021-04-10 00:00:00,NA,1017.2,16.4,89,NA
2021-04-11 12:00:00,NA,1016.6,12.5,88,NA
2021-04-11 13:00:00,NA,1016.8,13.6,82,NA
2021-04-11 14:00:00,NA,1016.9,15.5,74,NA
2021-04-11 15:00:00,NA,1016.6,17.4,62,NA
2021-04-11 16:00:00,NA,1016.2,18.6,57,NA
2021-04-11 17:00:00,NA,1016.1,19.6,53,NA
2021-04-11 18:00:00,NA,1015.5,20.8,45,NA
2021-04-11 19:00:00,NA,1015.3,20.7,41,NA
2021-04-11 20:00:00,NA,1015.6,20.8,43,NA
2021-04-11 21:00:00,NA,1015.8,20.2,47,NA
2021-04-11 22:00:00,NA,1016,18.1,58,NA
2021-04-11 23:00:00,NA,1016.8,15,73,NA
2021-04-12 00:00:00,NA,1017,13.3,80,NA
2021-04-13 12:00:00,NA,1020.3,14.3,78,NA
2021-04-13 13:00:00,984.4,1020.5,16.8,69,NA
2021-04-13 14:00:00,984.4,1020.3,19.5,60,NA
2021-04-13 15:00:00,984.2,1020.2,21.5,53,NA
2021-04-13 16:00:00,984,1019.8,22.5,51,NA
2021-04-13 17:00:00,983.3,1019.1,23.3,44,NA
2021-04-13 18:00:00,982.8,1018.5,23.8,42,NA
2021-04-13 19:00:00,982.6,1018.3,23.5,43,NA
2021-04-13 20:00:00,982.5,1018.2,23.4,44,NA
2021-04-13 21:00:00,982.4,1018.2,22,53,NA
2021-04-13 22:00:00,982.2,1018.3,18.6,67,NA
2021-04-13 23:00:00,982.2,1018.5,15,77,NA
2021-04-14 00:00:00,NA,1018.6,13.1,85,NA
2021-04-15 00:00:00,976.6,NA,NA,NA,NA
2021-04-15 12:00:00,977.3,1013.2,13.5,92,NA
2021-04-15 13:00:00,977.4,1013.3,15.6,83,NA
2021-04-15 14:00:00,977.7,1013.4,17.8,73,NA
2021-04-15 15:00:00,977.4,1012.8,21.8,48,NA
2021-04-15 16:00:00,977.3,1012.7,23.1,39,NA
2021-04-15 17:00:00,976.8,1012.1,24.6,40,NA
2021-04-15 18:00:00,976.4,1011.7,25.1,38,NA
2021-04-15 19:00:00,976.4,1011.6,25.3,35,NA
2021-04-15 20:00:00,976.4,1011.7,24.9,40,NA
2021-04-15 21:00:00,976.6,1012,23.5,50,NA
2021-04-15 22:00:00,976.8,1012.5,19,71,NA
2021-04-15 23:00:00,977.3,1013.3,16.3,77,NA
2021-04-16 00:00:00,NA,1013,15.9,76,NA
2021-04-17 00:00:00,978.9,NA,NA,NA,NA
2021-04-17 12:00:00,981.8,1017.4,16.7,89,NA
2021-04-17 13:00:00,981.2,1016.8,18,84,NA
2021-04-17 14:00:00,982,1017.6,18.6,85,NA
2021-04-17 15:00:00,981.3,1016.8,18.8,88,NA
2021-04-17 16:00:00,982.6,1018.4,16.6,93,NA
2021-04-17 17:00:00,981.8,1017.6,14.9,93,NA
2021-04-17 18:00:00,980,1015.5,18.7,62,NA
2021-04-17 19:00:00,980.5,1016.1,18.2,73,NA
2021-04-17 20:00:00,980,1015.6,18.8,81,NA
2021-04-17 21:00:00,979,1014.6,18.6,77,NA
2021-04-17 22:00:00,979.4,1015.2,17,86,NA
2021-04-17 23:00:00,980.2,1016,15.5,89,NA
2021-04-18 00:00:00,NA,1016.2,15.7,85,NA
2021-04-19 00:00:00,979.7,NA,NA,NA,NA
2021-04-19 12:00:00,981.4,1017.1,17.3,92,NA
2021-04-19 13:00:00,981.6,1017.1,19.3,85,NA
2021-04-19 14:00:00,981.2,1016.6,21,80,NA
2021-04-19 15:00:00,980.9,1016.1,22.5,74,NA
2021-04-19 16:00:00,980.4,1015.6,23.6,73,NA
2021-04-19 17:00:00,979.6,1014.8,24.9,63,NA
2021-04-19 18:00:00,979,1014.3,24.3,66,NA
2021-04-19 19:00:00,978.9,1014.1,24.4,60,NA
2021-04-19 20:00:00,978.6,1013.8,24.2,58,NA
2021-04-19 21:00:00,978.6,1013.9,22.6,62,NA
2021-04-19 22:00:00,979,1014.5,21,67,NA
2021-04-19 23:00:00,979.8,1015.4,18.8,79,NA
2021-04-20 00:00:00,NA,1015.6,18.3,78,NA
2021-04-21 00:00:00,979.4,NA,NA,NA,NA
2021-04-21 12:00:00,979,1014.6,15.9,90,NA
2021-04-21 13:00:00,979,1014.7,16.5,89,NA
2021-04-21 14:00:00,979,1014.5,17.5,85,NA
2021-04-21 15:00:00,978.6,1014.1,18.6,79,NA
2021-04-21 16:00:00,977.8,1013.3,19.7,75,NA
2021-04-21 17:00:00,977.2,1012.5,20.5,71,NA
2021-04-21 18:00:00,976.1,1011.4,20.5,71,NA
2021-04-21 19:00:00,975.8,1011.1,20.3,75,NA
2021-04-21 20:00:00,976.4,1011.9,18.1,92,NA
2021-04-21 21:00:00,974.2,1009.7,17.3,93,NA
2021-04-21 22:00:00,975.4,1011,16.3,91,NA
2021-04-21 23:00:00,976.1,1011.6,16.7,90,NA
2021-04-22 00:00:00,NA,1011.8,17.3,94,NA
2021-04-23 00:00:00,979.3,NA,NA,NA,NA
2021-04-23 12:00:00,NA,1013.9,15.6,87,NA
2021-04-23 13:00:00,NA,1013.8,16.1,90,NA
2021-04-23 14:00:00,NA,1014.2,17,85,NA
2021-04-23 15:00:00,NA,1014.1,18,79,NA
2021-04-23 16:00:00,NA,1013.7,18,79,NA
2021-04-23 17:00:00,NA,1012.7,18,77,NA
2021-04-23 18:00:00,NA,1012.5,18.2,77,NA
2021-04-23 19:00:00,NA,1012.3,18.5,74,NA
2021-04-23 20:00:00,NA,1012.3,18.5,75,NA
2021-04-23 21:00:00,NA,1012.7,17.9,80,NA
2021-04-23 22:00:00,NA,1013.3,16.6,84,NA
2021-04-23 23:00:00,NA,1013.3,15.5,86,NA
2021-04-24 00:00:00,NA,1013.7,14.6,93,NA
2021-04-25 12:00:00,NA,1023.2,11.1,95,NA
2021-04-25 13:00:00,NA,1023.5,12.5,87,NA
2021-04-25 14:00:00,NA,1023.4,14.7,73,NA
2021-04-25 15:00:00,NA,1023.2,15.8,65,NA
2021-04-25 16:00:00,NA,1022.7,15.8,65,NA
2021-04-25 17:00:00,NA,1021.6,17.7,54,NA
2021-04-25 18:00:00,NA,1021,18.4,51,NA
2021-04-25 19:00:00,NA,1020.9,17.2,60,NA
2021-04-25 20:00:00,NA,1020.7,17.5,52,NA
2021-04-25 21:00:00,NA,1021,15.8,71,NA
2021-04-25 22:00:00,NA,1021.2,13,80,NA
2021-04-25 23:00:00,NA,1021.6,11.6,83,NA
2021-04-26 00:00:00,NA,1021.5,11.2,83,NA
2021-04-27 12:00:00,NA,1018.6,11.7,82,NA
2021-04-27 13:00:00,NA,1018.9,13.5,73,NA
2021-04-27 14:00:00,NA,1018.4,16,67,NA
2021-04-27 15:00:00,NA,1018,17.8,67,NA
2021-04-27 16:00:00,NA,1017.2,20.4,58,NA
2021-04-27 17:00:00,NA,1016.5,21.4,56,NA
2021-04-27 18:00:00,NA,1015.5,22.4,48,NA
2021-04-27 19:00:00,NA,1015.2,22.3,48,NA
2021-04-27 20:00:00,NA,1015.2,22.1,47,NA
2021-04-27 21:00:00,NA,1015.4,19.5,60,NA
2021-04-27 22:00:00,NA,1015.8,16.5,78,NA
2021-04-27 23:00:00,NA,1016.2,15.1,80,NA
2021-04-28 00:00:00,980.4,NA,13.7,84,NA
2021-04-28 12:00:00,983.8,NA,13.3,81,NA
2021-04-28 13:00:00,983.8,NA,15.5,75,NA
2021-04-28 14:00:00,983.8,NA,16.7,73,NA
2021-04-28 15:00:00,983.7,NA,19.9,62,NA
2021-04-28 16:00:00,983.4,NA,21.3,57,NA
2021-04-28 17:00:00,983.2,NA,22.7,54,NA
2021-04-28 18:00:00,982.8,NA,22.6,54,NA
2021-04-28 19:00:00,982.6,NA,22.8,54,NA
2021-04-28 21:00:00,982.6,NA,21.2,65,NA
2021-04-28 22:00:00,982.9,NA,16.2,81,NA
2021-04-28 23:00:00,983.3,NA,16.2,79,NA
2021-04-29 12:00:00,NA,1020.1,12.5,88,NA
2021-04-29 13:00:00,NA,1020.4,14.9,81,NA
2021-04-29 14:00:00,NA,1020.1,16.5,79,NA
2021-04-29 15:00:00,NA,1019.4,19.4,68,NA
2021-04-29 16:00:00,NA,1019,21.3,60,NA
2021-04-29 17:00:00,NA,1018.4,21.9,53,NA
2021-04-29 18:00:00,NA,1017.6,22.7,52,NA
2021-04-29 19:00:00,NA,1017.4,22.9,51,NA
2021-04-29 20:00:00,NA,1017.2,22.6,52,NA
2021-04-29 21:00:00,NA,1017.4,20.5,61,NA
2021-04-29 22:00:00,NA,1017.5,17.6,72,NA
2021-04-29 23:00:00,NA,1017.8,16.3,75,NA
2021-04-30 00:00:00,981.8,NA,13.8,82,NA
2021-04-30 12:00:00,981,NA,10.5,88,NA
2021-04-30 13:00:00,981,NA,13,83,NA
2021-04-30 14:00:00,981,NA,15.2,74,NA
2021-04-30 15:00:00,980.5,NA,17,67,NA
2021-04-30 16:00:00,979.3,NA,18.6,60,NA
2021-04-30 17:00:00,978.6,NA,20,48,NA
2021-04-30 18:00:00,977.4,NA,20.3,48,NA
2021-04-30 19:00:00,977.2,NA,20.1,48,NA
2021-04-30 20:00:00,977,NA,19.5,52,NA
2021-04-30 21:00:00,976.9,NA,17.3,61,NA
2021-04-30 22:00:00,977,NA,13.3,79,NA
2021-04-30 23:00:00,977.2,NA,12.5,81,NA
2021-05-01 12:00:00,NA,1014.5,12.1,84,NA
2021-05-01 13:00:00,NA,1014.4,13.6,76,NA
2021-05-01 14:00:00,NA,1014.3,15.1,71,NA
2021-05-01 15:00:00,NA,1013.5,16.3,70,NA
2021-05-01 16:00:00,NA,1013.1,17.9,64,NA
2021-05-01 17:00:00,NA,1012.4,19.1,61,NA
2021-05-01 18:00:00,NA,1011.8,19.4,60,NA
2021-05-01 19:00:00,NA,1012,18.9,62,NA
2021-05-01 20:00:00,NA,1012.3,19.1,62,NA
2021-05-01 21:00:00,NA,1012.6,17.7,73,NA
2021-05-01 22:00:00,NA,1013.3,15.1,78,NA
2021-05-01 23:00:00,NA,1013.5,13.4,86,NA
2021-05-02 00:00:00,977.4,NA,12.7,89,NA
2021-05-02 12:00:00,976.6,NA,12.2,89,NA
2021-05-02 13:00:00,976.8,NA,16.4,85,NA
2021-05-02 14:00:00,976.9,NA,16.5,76,NA
2021-05-02 15:00:00,976.9,NA,17.8,70,NA
2021-05-02 16:00:00,976.1,NA,19.5,67,NA
2021-05-02 17:00:00,975,NA,20.7,58,NA
2021-05-02 18:00:00,974.5,NA,21.4,59,NA
2021-05-02 19:00:00,974.5,NA,21.2,55,NA
2021-05-02 20:00:00,974.9,NA,18.6,54,NA
2021-05-02 21:00:00,975.2,NA,17.5,56,NA
2021-05-02 22:00:00,975.6,NA,16.2,61,NA
2021-05-02 23:00:00,975.7,NA,15.3,64,NA
2021-05-03 12:00:00,NA,1012.2,11.5,81,NA
2021-05-03 13:00:00,NA,1012.8,13.3,71,NA
2021-05-03 14:00:00,NA,1012.4,15,64,NA
2021-05-03 15:00:00,NA,1012.6,16.1,58,NA
2021-05-03 16:00:00,NA,1012.4,16.6,53,NA
2021-05-03 17:00:00,NA,1011.7,17.9,43,NA
2021-05-03 18:00:00,NA,1011.6,17.6,38,NA
2021-05-03 19:00:00,NA,1011.8,17.4,40,NA
2021-05-03 20:00:00,NA,1012.4,16.3,40,NA
2021-05-03 21:00:00,NA,1013.9,13.6,52,NA
2021-05-03 22:00:00,NA,1015.1,12,60,NA
2021-05-03 23:00:00,NA,1016.3,10.8,57,NA
2021-05-04 00:00:00,980.8,NA,10,57,NA
2021-05-04 12:00:00,990.1,NA,3.3,95,NA
2021-05-04 13:00:00,991,NA,5.3,78,NA
2021-05-04 14:00:00,991,NA,8.1,71,NA
2021-05-04 15:00:00,991.3,NA,9.9,64,NA
2021-05-04 16:00:00,991,NA,11.7,51,NA
2021-05-04 17:00:00,990.6,NA,12.3,48,NA
2021-05-04 18:00:00,990.1,NA,12.6,42,NA
2021-05-04 19:00:00,990.2,NA,12,43,NA
2021-05-04 20:00:00,990.9,NA,11.2,50,NA
2021-05-04 21:00:00,991,NA,10.2,57,NA
2021-05-04 22:00:00,991.4,NA,7.4,69,NA
2021-05-04 23:00:00,991.8,NA,5,80,NA
2021-05-05 12:00:00,NA,1029,-1,83,NA
2021-05-05 13:00:00,NA,1028.9,5.4,70,NA
2021-05-05 14:00:00,NA,1028.5,9.4,55,NA
2021-05-05 15:00:00,NA,1028.5,11,39,NA
2021-05-05 16:00:00,NA,1027.6,11.4,38,NA
2021-05-05 17:00:00,NA,1027,11.4,40,NA
2021-05-05 18:00:00,NA,1026.5,13.1,38,NA
2021-05-05 19:00:00,NA,1026.1,13,34,NA
2021-05-05 20:00:00,NA,1025.8,13.3,36,NA
2021-05-05 21:00:00,NA,1026.1,12.6,39,NA
2021-05-05 22:00:00,NA,1026.9,8.7,56,NA
2021-05-05 23:00:00,NA,1027.5,6.3,61,NA
2021-05-06 00:00:00,990,NA,4.8,71,NA
2021-05-06 12:00:00,989.7,NA,2.9,78,NA
2021-05-06 13:00:00,990,NA,9.8,52,NA
2021-05-06 14:00:00,990,NA,12,53,NA
2021-05-06 15:00:00,989.7,NA,13.5,42,NA
2021-05-06 16:00:00,989,NA,14.4,34,NA
2021-05-06 17:00:00,988.5,NA,15.8,36,NA
2021-05-06 18:00:00,987.6,NA,16.1,33,NA
2021-05-06 19:00:00,987.3,NA,16.5,33,NA
2021-05-06 20:00:00,987.4,NA,16.5,37,NA
2021-05-06 21:00:00,987.3,NA,14.1,47,NA
2021-05-06 22:00:00,987.3,NA,8.1,67,NA
2021-05-06 23:00:00,987.4,NA,6.3,72,NA
2021-05-07 12:00:00,NA,1025.8,7.1,70,NA
2021-05-07 13:00:00,NA,1026.2,10.7,57,NA
2021-05-07 14:00:00,NA,1026,13.4,50,NA
2021-05-07 15:00:00,NA,1025.9,14.5,47,NA
2021-05-07 16:00:00,NA,1025.5,15.3,44,NA
2021-05-07 17:00:00,NA,1024.8,15.9,42,NA
2021-05-07 18:00:00,NA,1024.2,16,42,NA
2021-05-07 19:00:00,NA,1024.2,16,44,NA
2021-05-07 20:00:00,NA,1024.4,15.2,42,NA
2021-05-07 21:00:00,NA,1024.2,16,44,NA
2021-05-07 22:00:00,NA,1024.8,8.5,68,NA
2021-05-07 23:00:00,NA,1025.3,7.5,69,NA
2021-05-08 00:00:00,987.8,NA,7.6,69,NA
2021-05-08 12:00:00,988.4,NA,7.6,68,NA
2021-05-08 13:00:00,988.5,NA,8.8,68,NA
2021-05-08 14:00:00,988.4,NA,10.6,63,NA
2021-05-08 15:00:00,988.4,NA,13.7,49,NA
2021-05-08 16:00:00,987.8,NA,14.6,45,NA
2021-05-08 17:00:00,986.9,NA,15,45,NA
2021-05-08 18:00:00,985.8,NA,15.8,37,NA
2021-05-08 19:00:00,985.4,NA,16,40,NA
2021-05-08 20:00:00,985,NA,15,46,NA
2021-05-08 21:00:00,985,NA,13,57,NA
2021-05-08 22:00:00,985.4,NA,11.7,66,NA
2021-05-08 23:00:00,986,NA,10,72,NA
2021-05-09 12:00:00,NA,1023.2,7.7,93,NA
2021-05-09 13:00:00,NA,1023,9.5,88,NA
2021-05-09 14:00:00,NA,1022.7,10.6,86,NA
2021-05-09 15:00:00,NA,1022.2,11.4,79,NA
2021-05-09 16:00:00,NA,1021.5,13.1,75,NA
2021-05-09 17:00:00,NA,1020.7,14.9,64,NA
2021-05-09 18:00:00,NA,1020.1,15.5,62,NA
2021-05-09 19:00:00,NA,1019.9,15.9,58,NA
2021-05-09 20:00:00,NA,1019.9,15.1,60,NA
2021-05-09 21:00:00,NA,1020.4,13.7,69,NA
2021-05-09 22:00:00,NA,1021.2,11,81,NA
2021-05-09 23:00:00,NA,1021.7,9.4,88,NA
2021-05-10 00:00:00,985.2,NA,8.7,83,NA
2021-05-10 12:00:00,990.1,NA,2.1,91,NA
2021-05-10 13:00:00,990.5,NA,6.7,75,NA
2021-05-10 14:00:00,990.5,NA,9.4,67,NA
2021-05-10 15:00:00,990.2,NA,10.8,59,NA
2021-05-10 16:00:00,989.6,NA,12.8,44,NA
2021-05-10 17:00:00,989.3,NA,13.3,38,NA
2021-05-10 18:00:00,988.5,NA,13.5,32,NA
2021-05-10 19:00:00,988.2,NA,13.5,31,NA
2021-05-10 20:00:00,988.2,NA,12.8,33,NA
2021-05-10 21:00:00,988.4,NA,10.6,47,NA
2021-05-10 22:00:00,988.6,NA,7.4,57,NA
2021-05-10 23:00:00,988.9,NA,5.4,56,NA
2021-05-11 12:00:00,NA,1026.4,2.2,70,NA
2021-05-11 13:00:00,NA,1026.3,7.7,58,NA
2021-05-11 14:00:00,NA,1026.1,12,37,NA
2021-05-11 15:00:00,NA,1025.9,13,35,NA
2021-05-11 16:00:00,NA,1025,13.8,30,NA
2021-05-11 17:00:00,NA,1023.7,14.6,28,NA
2021-05-11 18:00:00,NA,1022.6,15,32,NA
2021-05-11 19:00:00,NA,1022.5,14.9,27,NA
2021-05-11 20:00:00,NA,1022.1,13.7,37,NA
2021-05-11 21:00:00,NA,1022.2,11.8,43,NA
2021-05-11 22:00:00,NA,1022.5,7.1,62,NA
2021-05-11 23:00:00,NA,1022.8,4.8,73,NA
2021-05-12 00:00:00,985.2,NA,2.1,81,NA
2021-05-12 12:00:00,982.4,NA,4.1,71,NA
2021-05-12 13:00:00,982.4,NA,7.2,63,NA
2021-05-12 14:00:00,982,NA,11.5,55,NA
2021-05-12 15:00:00,981.4,NA,14.5,53,NA
2021-05-12 16:00:00,980.6,NA,16.6,47,NA
2021-05-12 17:00:00,980.4,NA,18.1,44,NA
2021-05-12 18:00:00,979.4,NA,19.3,44,NA
2021-05-12 19:00:00,979.2,NA,19.8,39,NA
2021-05-12 20:00:00,979,NA,19.6,41,NA
2021-05-12 21:00:00,979.2,NA,16.9,51,NA
2021-05-12 23:00:00,979.8,NA,10.4,71,NA
2021-05-13 12:00:00,NA,1019.2,7.3,83,NA
2021-05-13 13:00:00,NA,1019.5,11.1,70,NA
2021-05-13 14:00:00,NA,1019.7,13.2,62,NA
2021-05-13 15:00:00,NA,1020,15,60,NA
2021-05-13 16:00:00,NA,1018.5,19.1,47,NA
2021-05-13 17:00:00,NA,1018,20,44,NA
2021-05-13 18:00:00,NA,1018.2,19.9,40,NA
2021-05-13 19:00:00,NA,1018.2,19.8,42,NA
2021-05-13 20:00:00,NA,1018.5,19.2,42,NA
2021-05-13 21:00:00,NA,1018.8,17,56,NA
2021-05-13 22:00:00,NA,1019.6,11,75,NA
2021-05-13 23:00:00,NA,1019.8,10.3,80,NA
2021-05-14 00:00:00,982.6,NA,11.2,73,NA
2021-05-14 12:00:00,983.6,NA,7.4,78,NA
2021-05-14 13:00:00,983.4,NA,9.9,72,NA
2021-05-14 14:00:00,983,NA,12.2,73,NA
2021-05-14 16:00:00,982,NA,15.3,58,NA
2021-05-14 17:00:00,981.4,NA,15.6,59,NA
2021-05-14 18:00:00,980.9,NA,15,60,NA
2021-05-14 19:00:00,981,NA,16,60,NA
2021-05-14 20:00:00,981.3,NA,14.9,61,NA
2021-05-14 21:00:00,981.4,NA,13.6,69,NA
2021-05-14 22:00:00,981.3,NA,13.1,70,NA
2021-05-14 23:00:00,981.8,NA,12.8,71,NA
2021-05-15 12:00:00,NA,1018.8,7.3,78,NA
2021-05-15 13:00:00,NA,1019,10.4,78,NA
2021-05-15 14:00:00,NA,1019.3,14,55,NA
2021-05-15 15:00:00,NA,1019.2,16.2,48,NA
2021-05-15 16:00:00,NA,1018.6,16.7,46,NA
2021-05-15 17:00:00,NA,1017.8,18.2,47,NA
2021-05-15 18:00:00,NA,1017.4,19.3,44,NA
2021-05-15 19:00:00,NA,1016.9,17.9,44,NA
2021-05-15 20:00:00,NA,1017.8,17.3,49,NA
2021-05-15 21:00:00,NA,1018.4,13.4,69,NA
2021-05-15 22:00:00,NA,1018.2,13,68,NA
2021-05-15 23:00:00,NA,1019.2,10.7,73,NA
2021-05-16 00:00:00,982.6,NA,9.9,73,NA
2021-05-16 12:00:00,983.4,NA,7.1,83,NA
2021-05-16 13:00:00,983.8,NA,12.7,68,NA
2021-05-16 14:00:00,984.2,NA,15.5,53,NA
2021-05-16 15:00:00,984.2,NA,17.5,47,NA
2021-05-16 16:00:00,983.8,NA,17.9,43,NA
2021-05-16 17:00:00,982.9,NA,19.1,39,NA
2021-05-16 18:00:00,982.8,NA,19,43,NA
2021-05-16 19:00:00,982.8,NA,18.8,49,NA
2021-05-16 20:00:00,983.3,NA,17.3,51,NA
2021-05-16 21:00:00,984,NA,15,58,NA
2021-05-16 23:00:00,984.9,NA,10.8,72,NA
2021-05-17 12:00:00,NA,1024.3,4,85,NA
2021-05-17 13:00:00,NA,1024,7.6,86,NA
2021-05-17 14:00:00,NA,1023.4,12.8,59,NA
2021-05-17 15:00:00,NA,1023.9,14.1,51,NA
2021-05-17 16:00:00,NA,1023.2,14.4,50,NA
2021-05-17 17:00:00,NA,1023,14.4,47,NA
2021-05-17 18:00:00,NA,1021.9,15.3,50,NA
2021-05-17 19:00:00,NA,1021.9,15.3,50,NA
2021-05-17 20:00:00,NA,1021.8,14.3,59,NA
2021-05-17 21:00:00,NA,1021.9,12,70,NA
2021-05-17 22:00:00,NA,1022.2,8.5,76,NA
2021-05-17 23:00:00,NA,1022.5,7.5,83,NA
2021-05-18 00:00:00,984.9,NA,5.5,81,NA
2021-05-18 12:00:00,984,NA,8,83,NA
2021-05-18 13:00:00,984.1,NA,8.9,81,NA
2021-05-18 14:00:00,984,NA,11.1,70,NA
2021-05-18 15:00:00,983.4,NA,12,66,NA
2021-05-18 16:00:00,982.6,NA,12.8,66,NA
2021-05-18 17:00:00,981.4,NA,13.9,63,NA
2021-05-18 18:00:00,980.2,NA,15.9,60,NA
2021-05-18 19:00:00,980.1,NA,15.2,63,NA
2021-05-18 21:00:00,980.1,NA,12.7,74,NA
2021-05-18 22:00:00,980.5,NA,11.7,76,NA
2021-05-18 23:00:00,980.4,NA,11.5,78,NA
2021-05-19 12:00:00,NA,1016.5,10,75,NA
2021-05-19 13:00:00,NA,1016.9,10.8,71,NA
2021-05-19 14:00:00,NA,1016.9,11.2,73,NA
2021-05-19 15:00:00,NA,1016.2,12,69,NA
2021-05-19 16:00:00,NA,1016.1,11.9,68,NA
2021-05-19 17:00:00,NA,1015.4,11.3,77,NA
2021-05-19 18:00:00,NA,1015.1,10.4,90,NA
2021-05-19 19:00:00,NA,1015.1,9.9,92,NA
2021-05-19 20:00:00,NA,1015,9.2,90,NA
2021-05-19 21:00:00,NA,1015.4,9,94,NA
2021-05-19 22:00:00,NA,1016.4,9.1,89,NA
2021-05-19 23:00:00,NA,1017.5,9.3,92,NA
2021-05-20 00:00:00,980.2,NA,9.1,93,NA
2021-05-20 12:00:00,980.2,NA,8,92,NA
2021-05-20 13:00:00,980.6,NA,8.7,90,NA
2021-05-20 16:00:00,979.2,NA,11.2,77,NA
2021-05-20 17:00:00,979,NA,11.5,79,NA
2021-05-20 18:00:00,978.1,NA,12.5,71,NA
2021-05-20 19:00:00,979.4,NA,12.1,74,NA
2021-05-20 20:00:00,979.3,NA,11.2,85,NA
2021-05-20 21:00:00,978,NA,10.9,81,NA
2021-05-20 22:00:00,975.8,NA,11.3,76,NA
2021-05-20 23:00:00,977.4,NA,11,77,NA
2021-05-21 12:00:00,NA,1013.8,10,96,NA
2021-05-21 13:00:00,NA,1014,10.1,95,NA
2021-05-21 14:00:00,NA,1013.9,10.3,95,NA
2021-05-21 15:00:00,NA,1013.6,10.6,94,NA
2021-05-21 16:00:00,NA,1013.9,10.7,95,NA
2021-05-21 17:00:00,NA,1013.3,11.1,95,NA
2021-05-21 18:00:00,NA,1012.9,11.2,94,NA
2021-05-21 19:00:00,NA,1012.8,11.1,95,NA
2021-05-21 20:00:00,NA,1012.9,10.7,95,NA
2021-05-21 21:00:00,NA,1012.9,10.5,96,NA
2021-05-21 22:00:00,NA,1012.8,10.4,96,NA
2021-05-21 23:00:00,NA,1012.8,10.5,97,NA
2021-05-22 00:00:00,976.2,NA,10.5,96,NA
2021-05-22 12:00:00,975,NA,9.1,94,NA
2021-05-22 13:00:00,975.4,NA,9.5,94,NA
2021-05-22 14:00:00,975.4,NA,9.8,93,NA
2021-05-22 15:00:00,975.4,NA,10.7,89,NA
2021-05-22 16:00:00,974.9,NA,10.9,87,NA
2021-05-22 17:00:00,974.1,NA,11.4,85,NA
2021-05-22 18:00:00,973.8,NA,10.9,84,NA
2021-05-22 19:00:00,974.1,NA,10.8,86,NA
2021-05-22 20:00:00,974.2,NA,10.2,91,NA
2021-05-22 21:00:00,974.8,NA,9.8,91,NA
2021-05-22 22:00:00,975.4,NA,9.6,89,NA
2021-05-22 23:00:00,976.2,NA,9.6,93,NA
2021-05-23 12:00:00,NA,1015.1,8.5,97,NA
2021-05-23 13:00:00,NA,1015.5,8.5,96,NA
2021-05-23 14:00:00,NA,1016,8.2,96,NA
2021-05-23 15:00:00,NA,1015.9,8.8,92,NA
2021-05-23 16:00:00,NA,1015.6,9,94,NA
2021-05-23 17:00:00,NA,1015,10.8,80,NA
2021-05-23 18:00:00,NA,1014.1,13,65,NA
2021-05-23 19:00:00,NA,1014.3,13.2,62,NA
2021-05-23 20:00:00,NA,1014.7,12.8,62,NA
2021-05-23 21:00:00,NA,1015,11.3,68,NA
2021-05-23 22:00:00,NA,1015.1,9.6,74,NA
2021-05-23 23:00:00,NA,1015.2,7.2,84,NA
2021-05-24 00:00:00,NA,1015.1,6.3,87,NA
2021-05-25 12:00:00,NA,1016,6.8,75,NA
2021-05-25 13:00:00,NA,1017.1,8.3,57,NA
2021-05-25 14:00:00,NA,1018.2,9.8,43,NA
2021-05-25 15:00:00,NA,1018.1,10.8,41,NA
2021-05-25 16:00:00,NA,1017.8,11,42,NA
2021-05-25 17:00:00,NA,1017.4,11.4,39,NA
2021-05-25 18:00:00,NA,1017.3,11.8,41,NA
2021-05-25 19:00:00,NA,1017.3,11.7,40,NA
2021-05-25 20:00:00,NA,1017.1,11.3,49,NA
2021-05-25 21:00:00,NA,1017.5,9.1,63,NA
2021-05-25 22:00:00,NA,1018.1,7.7,60,NA
2021-05-25 23:00:00,NA,1018.9,3.8,87,NA
2021-05-26 00:00:00,NA,1018.1,4.6,84,NA
2021-05-27 12:00:00,NA,1007.9,12,63,NA
2021-05-27 13:00:00,NA,1007.7,11.7,71,NA
2021-05-27 14:00:00,NA,1006.6,12.6,66,NA
2021-05-27 15:00:00,NA,1006,16,56,NA
2021-05-27 16:00:00,NA,1004.5,18.4,44,NA
2021-05-27 17:00:00,967.7,1002.9,19.4,41,NA
2021-05-27 18:00:00,966.6,1001.9,18.6,46,NA
2021-05-27 19:00:00,965.8,1001.3,17.7,51,NA
2021-05-27 20:00:00,965,1000.5,16.5,59,NA
2021-05-27 21:00:00,966,1001.6,16,61,NA
2021-05-27 22:00:00,965.4,1001.3,13.3,75,NA
2021-05-27 23:00:00,965.4,1001.1,13.2,72,NA
2021-05-28 00:00:00,NA,1001.1,12.4,77,NA
2021-05-29 00:00:00,970.6,NA,NA,NA,NA
2021-05-29 12:00:00,979.4,1016.6,2,87,NA
2021-05-29 13:00:00,979.4,1016.6,3,81,NA
2021-05-29 14:00:00,980.4,1017.6,5.4,64,NA
2021-05-29 15:00:00,980.4,1017.5,6.8,60,NA
2021-05-29 16:00:00,979.7,1016.8,7.7,60,NA
2021-05-29 17:00:00,979,1016.2,8.6,52,NA
2021-05-29 18:00:00,978.8,1015.8,9.8,45,NA
2021-05-29 19:00:00,978.8,1015.9,9.7,36,NA
2021-05-29 20:00:00,978.6,1015.8,9.4,39,NA
2021-05-29 21:00:00,979,1016.3,7.7,50,NA
2021-05-29 22:00:00,979.2,1016.5,7.4,55,NA
2021-05-29 23:00:00,979.8,1017.3,4.6,67,NA
2021-05-30 00:00:00,NA,1017.6,3.8,69,NA
2021-05-31 00:00:00,977.7,NA,NA,NA,NA
2021-05-31 12:00:00,NA,1013.5,9.2,59,NA
2021-05-31 13:00:00,977.3,1013.8,10.8,60,NA
2021-05-31 15:00:00,977.3,1013.6,13.8,59,NA
2021-05-31 18:00:00,976,1012.3,12.3,64,NA
2021-05-31 19:00:00,975,1011.3,11.8,70,NA
2021-05-31 20:00:00,975.2,1011.3,11.8,65,NA
2021-05-31 21:00:00,975,1011.1,11.4,69,NA
2021-05-31 22:00:00,974.2,1010.5,10.6,81,NA
2021-05-31 23:00:00,974.1,1010.4,10.2,90,NA
2021-06-01 00:00:00,NA,1009.9,10,92,NA
2021-06-02 00:00:00,971.4,NA,NA,NA,NA
2021-06-02 12:00:00,NA,1017.4,3.9,85,NA
2021-06-02 13:00:00,981,1017.8,5.2,82,NA
2021-06-02 14:00:00,NA,1017.9,7.3,79,NA
2021-06-02 15:00:00,980.6,1017.4,9.4,67,NA
2021-06-02 16:00:00,980.6,1017.6,10,63,NA
2021-06-02 17:00:00,979.6,1016.3,11.3,54,NA
2021-06-02 18:00:00,979,1015.7,12.2,46,NA
2021-06-02 19:00:00,979.6,1016.4,12,47,NA
2021-06-02 20:00:00,978.9,1015.7,11.8,46,NA
2021-06-02 21:00:00,978.6,1015.6,10,58,NA
2021-06-02 22:00:00,979.2,1016.3,9.4,59,NA
2021-06-02 23:00:00,979.4,1016.5,9.4,58,NA
2021-06-03 00:00:00,NA,1016.3,8.3,75,NA
2021-06-04 00:00:00,971.3,NA,NA,NA,NA
2021-06-04 12:00:00,974,1010.1,9.6,85,NA
2021-06-04 13:00:00,974.6,1010.8,9.7,85,NA
2021-06-04 14:00:00,975,1011.2,11.6,83,NA
2021-06-04 15:00:00,975.3,1011.3,13.5,79,NA
2021-06-04 16:00:00,974.6,1010.5,15.6,52,NA
2021-06-04 17:00:00,974.2,1009.9,16.3,48,NA
2021-06-04 18:00:00,973.8,1009.3,17,48,NA
2021-06-04 19:00:00,974.2,1009.9,16,60,NA
2021-06-04 20:00:00,974.5,1010.4,14.5,65,NA
2021-06-04 21:00:00,975.2,1011.3,12.6,68,NA
2021-06-04 22:00:00,975.8,1012.2,10.2,79,NA
2021-06-04 23:00:00,976.1,1012.4,9.7,73,NA
2021-06-05 00:00:00,NA,1013.1,9.6,68,NA
2021-06-06 00:00:00,984,NA,NA,NA,NA
2021-06-06 12:00:00,984.8,1022.4,2.2,75,NA
2021-06-06 13:00:00,985,1022.5,6.4,70,NA
2021-06-06 14:00:00,984.8,1022.2,8,61,NA
2021-06-06 15:00:00,984.2,1021.7,9.2,47,NA
2021-06-06 16:00:00,984.4,1021.8,9.4,47,NA
2021-06-06 17:00:00,983.8,1021.1,10,45,NA
2021-06-06 18:00:00,983.3,1020.6,10,44,NA
2021-06-06 19:00:00,983.4,1020.9,9.8,48,NA
2021-06-06 20:00:00,983.4,1021,9.2,54,NA
2021-06-06 21:00:00,983.4,1021.1,8.2,64,NA
2021-06-06 22:00:00,983.2,1020.8,7.6,69,NA
2021-06-06 23:00:00,983,1020.6,7.2,66,NA
2021-06-07 00:00:00,NA,1020.3,7,69,NA
2021-06-08 00:00:00,983.4,NA,NA,NA,NA
2021-06-08 12:00:00,NA,1018.8,4.3,97,NA
2021-06-08 13:00:00,NA,1019.3,5.8,99,NA
2021-06-08 14:00:00,NA,1019.2,6.9,97,NA
2021-06-08 15:00:00,NA,1018.4,8.2,99,NA
2021-06-08 16:00:00,NA,1018.2,9.1,97,NA
2021-06-08 17:00:00,NA,1017.3,9.8,99,NA
2021-06-08 18:00:00,NA,1016.5,10.2,99,NA
2021-06-08 19:00:00,NA,1016.2,10.4,97,NA
2021-06-08 20:00:00,NA,1016.6,10.6,95,NA
2021-06-08 21:00:00,NA,1016.8,10,95,NA
2021-06-08 22:00:00,NA,1016.6,10.1,92,NA
2021-06-08 23:00:00,NA,1017.2,10.2,96,NA
2021-06-09 00:00:00,NA,1017.6,8.8,99,NA
2021-06-10 00:00:00,979.4,NA,NA,NA,NA
2021-06-10 12:00:00,984.2,1020.8,7,67,NA
2021-06-10 13:00:00,985,1021.6,7.8,66,NA
2021-06-10 14:00:00,985.4,1021.9,9.4,58,NA
2021-06-10 15:00:00,985.4,1021.8,10.1,49,NA
2021-06-10 16:00:00,985.4,1021.8,11.2,44,NA
2021-06-10 17:00:00,984.8,1021.2,11.8,43,NA
2021-06-10 18:00:00,984.8,1021.1,12.1,41,NA
2021-06-10 19:00:00,985,1021.5,11.9,39,NA
2021-06-10 20:00:00,985.2,1021.7,11.4,39,NA
2021-06-10 21:00:00,985.7,1022.4,9.1,47,NA
2021-06-10 22:00:00,986,1023,7.2,53,NA
2021-06-10 23:00:00,986,1023.3,3.7,71,NA
2021-06-11 00:00:00,NA,1023.3,1.3,80,NA
2021-06-12 00:00:00,978.2,NA,NA,NA,NA
2021-06-12 12:00:00,976.2,1012.4,13,71,NA
2021-06-12 13:00:00,976.6,1013.1,12.9,74,NA
2021-06-12 14:00:00,977.3,1013.5,11.2,75,NA
2021-06-12 15:00:00,977.2,1013.3,13.6,73,NA
2021-06-12 16:00:00,NA,1012.7,16.1,63,NA
2021-06-12 17:00:00,976,1012,17.8,59,NA
2021-06-12 18:00:00,975.6,1011.3,19.2,56,NA
2021-06-12 19:00:00,975.4,1011.1,19.4,55,NA
2021-06-12 20:00:00,975.3,1010.9,19.8,50,NA
2021-06-12 21:00:00,975.7,1011.6,15.2,71,NA
2021-06-12 22:00:00,976,1012.1,13,80,NA
2021-06-12 23:00:00,976.2,1012.5,10.2,84,NA
2021-06-13 00:00:00,NA,1012.4,10.2,82,NA
2021-06-14 00:00:00,979,NA,NA,NA,NA
2021-06-14 12:00:00,986.6,1023.5,5.4,92,NA
2021-06-14 13:00:00,987.3,1024.3,5.7,90,NA
2021-06-14 14:00:00,987.6,1024.6,5.9,82,NA
2021-06-14 15:00:00,988.1,1025.1,7.5,73,NA
2021-06-14 16:00:00,988.2,1025.2,7.8,72,NA
2021-06-14 17:00:00,988.4,1025.4,9.2,59,NA
2021-06-14 18:00:00,988.2,1025.4,7.9,61,NA
2021-06-14 19:00:00,988.6,1025.9,7.5,64,NA
2021-06-14 20:00:00,989.4,1026.6,6.8,59,NA
2021-06-14 21:00:00,990,1027.4,5,72,NA
2021-06-14 22:00:00,990.2,1027.8,2.9,78,NA
2021-06-14 23:00:00,990.8,1028.5,1.4,82,NA
2021-06-15 00:00:00,NA,1029.1,2.2,81,NA
2021-06-16 12:00:00,NA,1033.6,2.5,86,NA
2021-06-16 13:00:00,NA,1033.7,5.8,69,NA
2021-06-16 14:00:00,NA,1034.1,7.2,58,NA
2021-06-16 15:00:00,996.1,1034,7,62,NA
2021-06-16 16:00:00,995.7,1033.6,7.4,60,NA
2021-06-16 17:00:00,995.2,1033,7.4,60,NA
2021-06-16 18:00:00,994.6,1032.4,7.5,59,NA
2021-06-16 19:00:00,994.2,1032.1,7.1,66,NA
2021-06-16 20:00:00,994.5,1032.3,6.7,67,NA
2021-06-16 21:00:00,994.8,1032.7,5.6,82,NA
2021-06-16 22:00:00,995,1033,5.3,82,NA
2021-06-16 23:00:00,995,1033,4.5,81,NA
2021-06-17 00:00:00,NA,1032.9,3.7,83,NA
2021-06-18 00:00:00,993,NA,NA,NA,NA
2021-06-18 12:00:00,992.4,1030.4,2.4,93,NA
2021-06-18 13:00:00,992.6,1030.5,4.2,89,NA
2021-06-18 14:00:00,992.8,1030.7,4.8,86,NA
2021-06-18 15:00:00,992.8,1030.5,5.2,83,NA
2021-06-18 16:00:00,992.1,1029.9,5.7,80,NA
2021-06-18 17:00:00,991.3,1029,6.4,68,NA
2021-06-18 18:00:00,990.4,1028,6.8,65,NA
2021-06-18 19:00:00,990.4,1028.1,6.6,67,NA
2021-06-18 20:00:00,990.4,1028.2,5.7,75,NA
2021-06-18 21:00:00,990.4,1028.1,5.1,81,NA
2021-06-18 22:00:00,990.5,1028.3,4.9,79,NA
2021-06-18 23:00:00,990.6,1028.6,4.5,78,NA
2021-06-19 00:00:00,NA,1028.7,4.3,79,NA
2021-06-20 00:00:00,986.4,NA,NA,NA,NA
2021-06-20 12:00:00,NA,1022.8,1.3,92,NA
2021-06-20 13:00:00,985.4,1022.9,3.9,90,NA
2021-06-20 14:00:00,985.4,1023,5.9,82,NA
2021-06-20 15:00:00,985.4,1022.6,8.5,65,NA
2021-06-20 16:00:00,984.8,1022,8.7,66,NA
2021-06-20 17:00:00,983.7,1020.8,11.1,56,NA
2021-06-20 18:00:00,983,1020,11.6,52,NA
2021-06-20 19:00:00,982.6,1019.7,11.7,51,NA
2021-06-20 20:00:00,983,1020.2,9.9,60,NA
2021-06-20 21:00:00,983.2,1020.8,6.9,73,NA
2021-06-20 22:00:00,983.8,1021.6,4.7,83,NA
2021-06-20 23:00:00,984.1,1021.9,3.7,85,NA
2021-06-21 00:00:00,NA,1021.9,3.4,83,NA
2021-06-22 00:00:00,983,NA,NA,NA,NA
2021-06-22 12:00:00,984.6,1021.9,6.2,99,NA
2021-06-22 13:00:00,984.6,1021.8,6.5,97,NA
2021-06-22 14:00:00,985,1022.3,7,97,NA
2021-06-22 15:00:00,NA,1022.5,7.1,97,NA
2021-06-22 16:00:00,NA,1021,8,99,NA
2021-06-22 18:00:00,NA,1019.2,9.5,87,NA
2021-06-22 19:00:00,NA,1018.6,9.5,85,NA
2021-06-22 20:00:00,NA,1018.6,9.1,86,NA
2021-06-22 21:00:00,NA,1018.2,8.3,86,NA
2021-06-22 22:00:00,NA,1018.4,8,87,NA
2021-06-22 23:00:00,NA,1018.1,8,90,NA
2021-06-23 00:00:00,NA,1017.7,7.9,92,NA
2021-06-24 00:00:00,977.2,NA,NA,NA,NA
2021-06-24 12:00:00,977.4,1014.3,4.2,93,NA
2021-06-24 13:00:00,977.8,1014.5,7.2,84,NA
2021-06-24 14:00:00,977.6,1014.1,9.6,73,NA
2021-06-24 15:00:00,977.4,1014,10.2,78,NA
2021-06-24 16:00:00,976.2,1012.7,13.6,56,NA
2021-06-24 17:00:00,975.3,1011.7,14.6,39,NA
2021-06-24 18:00:00,974.6,1011.1,15,33,NA
2021-06-24 19:00:00,974.5,1011,14.4,38,NA
2021-06-24 20:00:00,974.9,1011.2,14.3,45,NA
2021-06-24 21:00:00,974.8,1011.3,12.3,50,NA
2021-06-24 22:00:00,975.3,1011.9,11.1,56,NA
2021-06-24 23:00:00,975,1011.9,8.2,68,NA
2021-06-25 00:00:00,NA,1011.8,5.7,75,NA
2021-06-26 00:00:00,978.8,NA,NA,NA,NA
2021-06-26 12:00:00,NA,1020.1,2.1,86,NA
2021-06-26 13:00:00,NA,1020.1,3.5,77,NA
2021-06-26 14:00:00,NA,1020.6,4.7,75,NA
2021-06-26 15:00:00,NA,1020.8,6.7,68,NA
2021-06-26 16:00:00,NA,1021.8,7.5,64,NA
2021-06-26 17:00:00,NA,1020.7,8.7,58,NA
2021-06-26 18:00:00,NA,1020.2,8.6,56,NA
2021-06-26 19:00:00,NA,1021,8.5,58,NA
2021-06-26 20:00:00,NA,1021.5,7.9,66,NA
2021-06-26 21:00:00,NA,1022.1,6.7,62,NA
2021-06-26 22:00:00,NA,1022.7,5.4,67,NA
2021-06-26 23:00:00,NA,1023.3,5,69,NA
2021-06-27 00:00:00,NA,1023.5,5.2,67,NA
2021-06-28 12:00:00,NA,1027.2,3,91,NA
2021-06-28 13:00:00,NA,1026.9,3.5,90,NA
2021-06-28 14:00:00,NA,1027.1,3.9,89,NA
2021-06-28 15:00:00,NA,1027.2,5,80,NA
2021-06-28 16:00:00,NA,1026.4,6.2,74,NA
2021-06-28 17:00:00,NA,1025.6,6.8,69,NA
2021-06-28 18:00:00,NA,1026.5,5.1,80,NA
2021-06-28 19:00:00,NA,1026.7,5.3,73,NA
2021-06-28 20:00:00,NA,1026.9,5.6,72,NA
2021-06-28 21:00:00,NA,1027.2,5.5,70,NA
2021-06-28 22:00:00,NA,1027.5,4.8,75,NA
2021-06-28 23:00:00,NA,1027.3,4.1,80,NA
2021-06-29 00:00:00,NA,1028,4.1,84,NA
2021-06-30 00:00:00,989,NA,NA,NA,NA
2021-06-30 12:00:00,985.8,1023.8,-0.2,92,NA
2021-06-30 13:00:00,985.8,1024.1,1.2,92,NA
2021-06-30 14:00:00,985.7,1023.7,2.8,88,NA
2021-06-30 15:00:00,985.3,1023.1,4.4,81,NA
2021-06-30 16:00:00,984.2,1021.8,6.3,72,NA
2021-06-30 17:00:00,983.7,1021.2,7.5,60,NA
2021-06-30 18:00:00,982.5,1019.9,8,56,NA
2021-06-30 19:00:00,981.4,1019,7.7,60,NA
2021-06-30 20:00:00,981.3,1018.8,7,67,NA
2021-06-30 21:00:00,981.4,1018.9,6.4,70,NA
2021-06-30 22:00:00,981.4,1019.1,5.2,76,NA
2021-06-30 23:00:00,982.2,1019.9,4.8,79,NA
2021-07-01 00:00:00,NA,1019.9,4.4,81,NA
