2021-01-07 00:00:00,981.6,NA,NA,NA,NA
2021-01-07 12:00:00,979,1007.7,17.2,78,NA
2021-01-07 18:00:00,977.2,1005.3,28.5,46,NA
2021-01-08 00:00:00,NA,1009.3,19.9,69,NA
2021-01-09 00:00:00,984.2,NA,NA,NA,NA
2021-01-09 12:00:00,984,1012.6,18.9,73,NA
2021-01-09 18:00:00,980.6,1009,27.1,49,NA
2021-01-10 00:00:00,NA,1007.4,22.9,58,NA
2021-01-11 00:00:00,975.4,NA,NA,NA,NA
2021-01-11 12:00:00,978.1,1006.6,18.4,67,NA
2021-01-11 18:00:00,981.8,1010.3,23,38,NA
2021-01-12 00:00:00,NA,1015.3,13.8,73,NA
2021-01-13 00:00:00,988.4,NA,NA,NA,NA
2021-01-13 12:00:00,993.6,1022.5,19.2,49,NA
2021-01-14 00:00:00,NA,1019.8,20.6,55,NA
2021-01-15 00:00:00,984.2,NA,NA,NA,NA
2021-01-15 12:00:00,981.6,1010,17.6,84,NA
2021-01-15 18:00:00,977.6,1005.8,26.4,60,NA
2021-01-16 00:00:00,NA,1005.5,24.7,63,NA
2021-01-16 18:00:00,979.4,NA,NA,NA,NA
2021-01-17 12:00:00,983,1011.9,14.6,65,NA
2021-01-17 18:00:00,NA,1011.6,23,38,NA
2021-01-18 00:00:00,NA,1012.1,17,64,NA
2021-01-19 12:00:00,NA,1015.6,22.5,49,NA
2021-01-19 18:00:00,NA,1014.8,32,34,NA
2021-01-20 00:00:00,NA,1014.9,24.9,52,NA
2021-01-21 12:00:00,NA,1019.1,23.7,56,NA
2021-01-21 18:00:00,NA,1016.4,32.1,41,NA
2021-01-22 00:00:00,NA,1017.1,25.4,54,NA
2021-01-23 12:00:00,NA,1013.8,24.1,69,NA
2021-01-23 18:00:00,NA,1011.1,34.3,46,NA
2021-01-24 00:00:00,NA,1010.5,28.1,65,NA
2021-01-25 12:00:00,NA,1006.3,25.1,75,NA
2021-01-25 18:00:00,NA,1003.4,32.1,46,NA
2021-01-26 00:00:00,NA,1005.9,21.6,61,NA
2021-01-26 12:00:00,977.7,NA,20.6,68,NA
2021-01-27 12:00:00,NA,1010.2,17.1,88,NA
2021-01-27 18:00:00,NA,1004.4,28,35,NA
2021-01-28 00:00:00,NA,1005.1,23.7,37,NA
2021-01-29 12:00:00,NA,1003.8,21.9,47,NA
2021-01-29 18:00:00,NA,1003.4,25.5,41,NA
2021-01-30 00:00:00,NA,1005,19.3,59,NA
2021-01-31 00:00:00,990.8,NA,NA,NA,NA
2021-01-31 12:00:00,992.6,1022,14.6,72,NA
2021-01-31 18:00:00,990,1019.4,20.1,45,NA
2021-02-01 00:00:00,990,1019.2,14.6,56,NA
2021-02-01 18:00:00,986.8,NA,NA,NA,NA
2021-02-02 00:00:00,987.3,NA,NA,NA,NA
2021-02-02 12:00:00,988.1,1017,16.9,79,NA
2021-02-02 18:00:00,987.4,1016.3,24.4,45,NA
2021-02-03 00:00:00,NA,1016.5,18.8,62,NA
2021-02-04 00:00:00,988.2,NA,NA,NA,NA
2021-02-04 12:00:00,991.8,1020.6,17.8,74,NA
2021-02-04 18:00:00,990.8,1019.5,29.2,21,NA
2021-02-05 00:00:00,NA,1018.4,22.6,45,NA
2021-02-05 12:00:00,NA,1016.7,19.6,63,NA
2021-02-05 18:00:00,NA,1014,32.3,26,NA
2021-02-06 00:00:00,983.6,1011.8,25.9,37,NA
2021-02-06 12:00:00,986.8,NA,NA,NA,NA
2021-02-06 18:00:00,984.2,NA,NA,NA,NA
2021-02-08 00:00:00,992.6,NA,NA,NA,NA
2021-02-08 12:00:00,NA,1023.5,14.3,70,NA
2021-02-08 18:00:00,NA,1022.5,20.1,50,NA
2021-02-09 00:00:00,NA,1022.9,16.9,62,NA
2021-02-10 12:00:00,NA,1024.5,13.3,90,NA
2021-02-10 18:00:00,NA,1019.7,24.8,46,NA
2021-02-11 00:00:00,989.8,NA,19.5,55,NA
2021-02-11 12:00:00,989.7,NA,18.6,75,NA
2021-02-11 18:00:00,985.8,NA,24.6,57,NA
2021-02-12 12:00:00,NA,1016.2,18.5,88,NA
2021-02-12 18:00:00,984.5,NA,27.2,50,NA
2021-02-13 00:00:00,984.4,NA,20.9,88,NA
2021-02-13 18:00:00,979.7,NA,22.3,75,NA
2021-02-14 12:00:00,NA,1006,21.6,82,NA
2021-02-14 18:00:00,NA,1004.9,29.2,51,NA
2021-02-15 00:00:00,980.8,NA,20.6,75,NA
2021-02-15 12:00:00,985,NA,17.7,89,NA
2021-02-15 18:00:00,985.8,NA,21.3,55,NA
2021-02-16 12:00:00,NA,1013.6,14.1,77,NA
2021-02-16 18:00:00,NA,1012.2,24.1,43,NA
2021-02-17 00:00:00,983,NA,15.6,44,NA
2021-02-17 12:00:00,983,NA,14.6,72,NA
2021-02-17 18:00:00,979.7,NA,30.6,28,NA
2021-02-18 12:00:00,NA,1007.8,21.5,60,NA
2021-02-18 18:00:00,976.8,NA,34,18,NA
2021-02-19 00:00:00,977.7,NA,22.8,39,NA
2021-02-19 12:00:00,984.2,NA,15.6,53,NA
2021-02-19 18:00:00,985,NA,21.2,29,NA
2021-02-20 12:00:00,NA,1017.7,14.3,48,NA
2021-02-20 18:00:00,NA,1014.2,26.5,20,NA
2021-02-21 00:00:00,984.8,NA,18.5,51,NA
2021-02-21 12:00:00,983.4,NA,18.4,65,NA
2021-02-21 18:00:00,980.2,NA,32.2,37,NA
2021-02-22 12:00:00,NA,1011.6,18.5,72,NA
2021-02-22 18:00:00,NA,1010.5,27.4,33,NA
2021-02-23 00:00:00,983.2,NA,17.5,52,NA
2021-02-23 12:00:00,986.5,NA,16.6,59,NA
2021-02-23 18:00:00,984.4,NA,31.2,21,NA
2021-02-24 12:00:00,NA,1017,12.3,83,NA
2021-02-24 18:00:00,NA,1012.4,21.4,23,NA
2021-02-25 00:00:00,983,NA,22.2,42,NA
2021-02-25 12:00:00,985.3,NA,23.1,53,NA
2021-02-25 18:00:00,983,NA,35.5,25,NA
2021-02-26 12:00:00,NA,1013.5,22.6,62,NA
2021-02-26 18:00:00,983,NA,33.3,31,NA
2021-02-27 00:00:00,987,NA,25.5,45,NA
2021-02-27 12:00:00,991,NA,20.8,70,NA
2021-02-27 18:00:00,988.8,NA,31.9,41,NA
2021-02-28 12:00:00,NA,1017.1,21.1,77,NA
2021-02-28 18:00:00,NA,1013.5,31.1,43,NA
2021-03-01 00:00:00,NA,1013.3,26.1,58,NA
2021-03-02 12:00:00,987.4,1015.7,21.1,73,NA
2021-03-02 18:00:00,985.2,1013.2,32.4,41,NA
2021-03-03 00:00:00,NA,1014.4,25.6,55,NA
2021-03-04 00:00:00,986.4,NA,NA,NA,NA
2021-03-04 12:00:00,987.8,1016.2,20.5,85,NA
2021-03-04 18:00:00,NA,1014.9,24,63,NA
2021-03-05 00:00:00,NA,1016.2,19.5,81,NA
2021-03-06 00:00:00,985.2,NA,NA,NA,NA
2021-03-06 12:00:00,985.8,1015,12.9,86,NA
2021-03-06 18:00:00,983.3,1011.9,28.3,35,NA
2021-03-07 00:00:00,NA,1011.3,22.5,48,NA
2021-03-08 00:00:00,981.4,NA,NA,NA,NA
2021-03-08 12:00:00,989.8,1018.5,17.2,76,NA
2021-03-08 18:00:00,989.8,1018.6,22.7,41,NA
2021-03-09 00:00:00,NA,1020.1,14.4,69,NA
2021-03-10 00:00:00,985.6,NA,NA,NA,NA
2021-03-10 12:00:00,983.8,1012.7,16.2,86,NA
2021-03-10 18:00:00,978.4,1006.6,29.8,45,NA
2021-03-11 00:00:00,NA,1006.8,24.9,57,NA
2021-03-12 00:00:00,985.6,NA,NA,NA,NA
2021-03-12 12:00:00,988.1,1017.1,14.5,64,NA
2021-03-12 18:00:00,986.5,1015.2,27.5,32,NA
2021-03-13 00:00:00,NA,1014.8,19.9,49,NA
2021-03-14 12:00:00,NA,1017.5,21.6,77,NA
2021-03-14 18:00:00,NA,1017.3,21.9,75,NA
2021-03-15 00:00:00,NA,1016.9,18.6,84,NA
2021-03-15 12:00:00,986.4,NA,17.6,79,NA
2021-03-16 12:00:00,NA,1010.2,16.6,82,NA
2021-03-16 18:00:00,NA,1009.8,17.9,86,NA
2021-03-17 00:00:00,982.8,NA,17,95,NA
2021-03-17 12:00:00,991.4,NA,12.6,70,NA
2021-03-18 12:00:00,NA,1022.9,8.5,81,NA
2021-03-18 18:00:00,NA,1019,17.2,46,NA
2021-03-19 00:00:00,988.8,NA,11.1,71,NA
2021-03-19 12:00:00,987.4,NA,12.1,69,NA
2021-03-19 18:00:00,984.9,NA,20,55,NA
2021-03-20 12:00:00,NA,1014.2,14.3,90,NA
2021-03-20 18:00:00,NA,1013.8,23,42,NA
2021-03-21 00:00:00,989.3,NA,14.5,73,NA
2021-03-21 12:00:00,994.8,NA,13.4,76,NA
2021-03-21 18:00:00,994.2,NA,21.2,37,NA
2021-03-22 12:00:00,NA,1024.2,11.7,82,NA
2021-03-22 18:00:00,NA,1020.4,22.5,54,NA
2021-03-23 00:00:00,990.8,NA,14.8,73,NA
2021-03-23 12:00:00,988.6,NA,13.1,76,NA
2021-03-24 12:00:00,NA,1015.7,15.1,83,NA
2021-03-24 18:00:00,NA,1012.7,27.5,48,NA
2021-03-25 00:00:00,986.6,NA,18.2,78,NA
2021-03-25 12:00:00,987.2,NA,13.9,87,NA
2021-03-25 18:00:00,987,NA,19.7,66,NA
2021-03-26 12:00:00,NA,1017.2,15,85,NA
2021-03-26 18:00:00,NA,1016.3,17.5,92,NA
2021-03-27 00:00:00,988.6,NA,14.8,91,NA
2021-03-27 12:00:00,990.2,NA,12.6,87,NA
2021-03-27 18:00:00,989.4,NA,18.6,57,NA
2021-03-28 12:00:00,NA,1018.5,14.1,86,NA
2021-03-28 18:00:00,988.2,NA,19.1,71,NA
2021-03-29 00:00:00,988.2,NA,12.9,72,NA
2021-03-29 12:00:00,990,NA,10.1,88,NA
2021-03-30 12:00:00,NA,1020.8,10,85,NA
2021-03-30 18:00:00,NA,1018.2,25,38,NA
2021-03-31 00:00:00,989.4,NA,15.4,69,NA
2021-03-31 12:00:00,991.4,NA,12.4,88,NA
2021-03-31 18:00:00,989.4,NA,23,51,NA
2021-04-01 12:00:00,NA,1021.4,10.5,89,NA
2021-04-01 18:00:00,NA,1020.2,20.1,56,NA
2021-04-02 00:00:00,990.6,NA,14.7,68,NA
2021-04-02 12:00:00,992.5,NA,14.6,86,NA
2021-04-03 00:00:00,990.2,NA,16.2,75,NA
2021-04-04 18:00:00,986.5,NA,26.1,48,NA
2021-04-05 12:00:00,NA,1016.7,14.7,81,NA
2021-04-05 18:00:00,NA,1015.1,28.1,45,NA
2021-04-06 00:00:00,988,NA,19.9,72,NA
2021-04-06 12:00:00,989.3,NA,17.6,87,NA
2021-04-06 18:00:00,986.6,NA,28.4,46,NA
2021-04-07 12:00:00,NA,1015.3,19,84,NA
2021-04-07 18:00:00,NA,1011.6,27.7,54,NA
2021-04-08 00:00:00,NA,1011.8,22.6,70,NA
2021-04-08 12:00:00,984.6,NA,15.9,86,NA
2021-04-08 18:00:00,982.9,NA,20,77,NA
2021-04-09 12:00:00,NA,1016.5,15.9,90,NA
2021-04-09 18:00:00,NA,1016,23.1,56,NA
2021-04-10 00:00:00,NA,1018.1,15.4,80,NA
2021-04-11 12:00:00,NA,1015.4,12.5,76,NA
2021-04-11 18:00:00,NA,1014.6,22.9,36,NA
2021-04-12 00:00:00,NA,1017.3,11.7,75,NA
2021-04-13 12:00:00,990.9,1020,13.1,75,NA
2021-04-13 18:00:00,989.8,1018.7,25.8,42,NA
2021-04-14 00:00:00,NA,1019.2,16.6,76,NA
2021-04-15 00:00:00,984.2,NA,NA,NA,NA
2021-04-15 12:00:00,983.8,1012.9,12.3,89,NA
2021-04-15 18:00:00,982.9,1011.4,27.5,30,NA
2021-04-16 00:00:00,NA,1014.1,15.8,76,NA
2021-04-17 00:00:00,986.2,NA,NA,NA,NA
2021-04-17 12:00:00,989,1018,14.5,88,NA
2021-04-17 18:00:00,987.8,1016.8,19.6,79,NA
2021-04-18 00:00:00,NA,1017.7,14.3,81,NA
2021-04-18 18:00:00,987.6,NA,NA,NA,NA
2021-04-19 00:00:00,987.8,NA,NA,NA,NA
2021-04-19 12:00:00,989.4,1018.5,16.3,87,NA
2021-04-19 18:00:00,987.7,1016.2,25,63,NA
2021-04-20 00:00:00,NA,1017.4,19,77,NA
2021-04-21 00:00:00,988.8,NA,NA,NA,NA
2021-04-21 12:00:00,988.4,1017.4,16.4,82,NA
2021-04-21 18:00:00,986,1014.6,22.1,62,NA
2021-04-22 00:00:00,NA,1013.9,15.7,98,NA
2021-04-23 00:00:00,986.6,NA,NA,NA,NA
2021-04-23 12:00:00,NA,1013.9,16.5,86,NA
2021-04-23 18:00:00,NA,1011.2,18.9,73,NA
2021-04-24 00:00:00,NA,1014.1,16,79,NA
2021-04-25 12:00:00,NA,1023,9.6,82,NA
2021-04-25 18:00:00,NA,1022.6,15.1,64,NA
2021-04-26 00:00:00,NA,1022.5,10.1,80,NA
2021-04-27 12:00:00,NA,1019.9,8.2,88,NA
2021-04-27 18:00:00,NA,1016.5,22.3,51,NA
2021-04-28 00:00:00,987.8,NA,14.8,80,NA
2021-04-28 12:00:00,990.4,NA,13.1,70,NA
2021-04-28 18:00:00,989.7,NA,24,47,NA
2021-04-29 12:00:00,NA,1020.5,13.5,75,NA
2021-04-29 18:00:00,NA,1018,23.3,53,NA
2021-04-30 00:00:00,988.6,NA,16.9,71,NA
2021-04-30 12:00:00,988.4,NA,10.6,82,NA
2021-05-01 12:00:00,NA,1015.4,10.7,81,NA
2021-05-01 18:00:00,NA,1012.8,20.7,54,NA
2021-05-02 00:00:00,984.8,NA,12.6,81,NA
2021-05-02 12:00:00,984.5,NA,10.6,82,NA
2021-05-02 18:00:00,982.1,NA,19.6,54,NA
2021-05-03 12:00:00,NA,1012.2,9.9,80,NA
2021-05-03 18:00:00,982.4,NA,17.3,45,NA
2021-05-04 00:00:00,987,NA,7.6,64,NA
2021-05-04 12:00:00,995.6,NA,5.5,78,NA
2021-05-04 18:00:00,997,NA,11.5,69,NA
2021-05-05 12:00:00,NA,1028.8,0.6,88,NA
2021-05-05 18:00:00,NA,1026.2,12.6,42,NA
2021-05-06 00:00:00,996.6,NA,4.3,60,NA
2021-05-06 12:00:00,996.6,NA,2,87,NA
2021-05-06 18:00:00,995,NA,16.4,33,NA
2021-05-07 12:00:00,NA,1027.3,-0.3,94,NA
2021-05-07 18:00:00,995.4,NA,17,48,NA
2021-05-08 00:00:00,996.2,NA,8.5,77,NA
2021-05-08 12:00:00,996.2,NA,6.6,91,NA
2021-05-08 18:00:00,994.2,NA,16.2,52,NA
2021-05-09 12:00:00,NA,1023.9,8.2,95,NA
2021-05-09 18:00:00,990.8,NA,17.1,59,NA
2021-05-10 00:00:00,992,NA,8.7,90,NA
2021-05-10 12:00:00,996.2,NA,4.6,87,NA
2021-05-10 18:00:00,995,NA,13.5,44,NA
2021-05-11 12:00:00,NA,1026.4,-0.1,82,NA
2021-05-11 18:00:00,992.9,NA,16.9,37,NA
2021-05-12 00:00:00,992.2,NA,7.3,58,NA
2021-05-12 12:00:00,989.4,NA,6.2,70,NA
2021-05-12 18:00:00,985.7,NA,20.8,47,NA
2021-05-13 12:00:00,NA,1019.6,5.9,88,NA
2021-05-13 18:00:00,NA,1018.6,22.2,44,NA
2021-05-14 00:00:00,990.6,NA,12.1,82,NA
2021-05-14 12:00:00,991.2,NA,6.3,94,NA
2021-05-14 18:00:00,988.6,NA,18.3,54,NA
2021-05-15 12:00:00,NA,1018.9,12.3,67,NA
2021-05-15 18:00:00,NA,1017.2,21.3,43,NA
2021-05-16 00:00:00,989.7,NA,10,82,NA
2021-05-16 12:00:00,991.8,NA,7.9,92,NA
2021-05-16 18:00:00,990.6,NA,17.3,52,NA
2021-05-17 12:00:00,NA,1024.5,7,97,NA
2021-05-17 18:00:00,NA,1022.9,15,52,NA
2021-05-18 00:00:00,992.6,NA,8.1,79,NA
2021-05-18 12:00:00,992,NA,1.5,94,NA
2021-05-18 18:00:00,988.5,NA,16.1,58,NA
2021-05-19 12:00:00,NA,1018.4,6.9,93,NA
2021-05-19 18:00:00,NA,1016.5,14.7,68,NA
2021-05-20 00:00:00,988.8,NA,10.1,94,NA
2021-05-20 12:00:00,988.8,NA,7.7,94,NA
2021-05-20 18:00:00,986.2,NA,14.5,67,NA
2021-05-21 12:00:00,NA,1015.3,9.8,94,NA
2021-05-21 18:00:00,NA,1014.3,11.2,90,NA
2021-05-22 00:00:00,984.8,NA,10.9,96,NA
2021-05-22 12:00:00,982.2,NA,8.9,94,NA
2021-05-22 18:00:00,980.2,NA,11.7,90,NA
2021-05-23 12:00:00,NA,1014,8.6,89,NA
2021-05-23 18:00:00,NA,1013.8,11.4,86,NA
2021-05-24 00:00:00,NA,1015,6.1,91,NA
2021-05-25 12:00:00,NA,1015.2,8.6,64,NA
2021-05-25 18:00:00,NA,1017.4,11.6,54,NA
2021-05-26 00:00:00,NA,1018.6,6.3,75,NA
2021-05-27 12:00:00,978.8,1008.1,9.7,82,NA
2021-05-27 18:00:00,972.5,1001.1,20.6,51,NA
2021-05-28 00:00:00,NA,1001,14.9,65,NA
2021-05-29 00:00:00,977.7,NA,NA,NA,NA
2021-05-29 18:00:00,985.3,1015.3,10,58,NA
2021-05-30 00:00:00,NA,1017.1,4,69,NA
2021-05-30 18:00:00,985.4,NA,NA,NA,NA
2021-05-31 00:00:00,983,NA,NA,NA,NA
2021-05-31 12:00:00,983.3,1012.8,10.6,71,NA
2021-05-31 18:00:00,988.6,1018.2,13.9,64,NA
2021-06-01 00:00:00,NA,1009,10.4,89,NA
2021-06-01 12:00:00,975,NA,NA,NA,NA
2021-06-02 00:00:00,979.2,NA,NA,NA,NA
2021-06-02 12:00:00,986.6,1016.6,3.9,93,NA
2021-06-02 18:00:00,986.1,1016,11.2,57,NA
2021-06-03 00:00:00,NA,1016.9,6.3,85,NA
2021-06-04 00:00:00,977.6,NA,NA,NA,NA
2021-06-04 12:00:00,981,1010.4,8.2,92,NA
2021-06-04 18:00:00,981.8,1011,14,60,NA
2021-06-05 00:00:00,NA,1013.4,8.6,80,NA
2021-06-06 00:00:00,991,NA,NA,NA,NA
2021-06-06 12:00:00,993,1023.8,-0.7,95,NA
2021-06-06 18:00:00,991.2,1021.6,9.9,57,NA
2021-06-07 00:00:00,NA,1021.9,8.3,71,NA
2021-06-07 18:00:00,990.6,NA,NA,NA,NA
2021-06-08 00:00:00,991,NA,NA,NA,NA
2021-06-08 12:00:00,NA,1019.9,3.5,97,NA
2021-06-08 18:00:00,NA,1017,11,90,NA
2021-06-09 00:00:00,NA,1018.3,9.7,91,NA
2021-06-10 00:00:00,987,NA,NA,NA,NA
2021-06-10 12:00:00,989.8,1019.5,8.6,60,NA
2021-06-10 18:00:00,991.3,1020.9,11.7,54,NA
2021-06-11 00:00:00,NA,1023.1,5.4,64,NA
2021-06-12 00:00:00,984.8,NA,NA,NA,NA
2021-06-12 12:00:00,982.6,1012.1,10.7,76,NA
2021-06-12 18:00:00,982,1011,21.8,52,NA
2021-06-13 00:00:00,NA,1012.8,12.7,81,NA
2021-06-13 12:00:00,983.4,NA,NA,NA,NA
2021-06-14 00:00:00,985.3,NA,NA,NA,NA
2021-06-14 12:00:00,993,1022.9,5.7,90,NA
2021-06-14 18:00:00,995.4,1025.4,7,72,NA
2021-06-15 00:00:00,NA,1028.5,4.5,79,NA
2021-06-16 12:00:00,1003,1033.8,3.9,95,NA
2021-06-16 18:00:00,NA,1033.4,7.6,64,NA
2021-06-17 00:00:00,NA,1033.7,5.1,91,NA
2021-06-18 00:00:00,1001,NA,NA,NA,NA
2021-06-18 12:00:00,1000.5,1031.3,1,97,NA
2021-06-18 18:00:00,999,1029.8,5.5,74,NA
2021-06-19 18:00:00,994.6,NA,NA,NA,NA
2021-06-20 12:00:00,991.2,1021.4,7.5,86,NA
2021-06-20 18:00:00,990.8,1020.8,11.5,61,NA
2021-06-21 00:00:00,NA,1022.3,5,85,NA
2021-06-21 18:00:00,990.4,NA,NA,NA,NA
2021-06-22 00:00:00,991.4,NA,NA,NA,NA
2021-06-22 12:00:00,993.3,1023.5,5.9,91,NA
2021-06-22 18:00:00,NA,1021,9.3,81,NA
2021-06-23 00:00:00,NA,1019.9,9.5,81,NA
2021-06-24 00:00:00,985,NA,NA,NA,NA
2021-06-24 12:00:00,984,1013.7,6.1,72,NA
2021-06-24 18:00:00,981,1010.7,10.4,41,NA
2021-06-25 00:00:00,NA,1011,10.1,56,NA
2021-06-26 00:00:00,986,NA,NA,NA,NA
2021-06-26 12:00:00,NA,1019.6,4.3,73,NA
2021-06-26 18:00:00,NA,1020.9,9.1,63,NA
2021-06-27 00:00:00,NA,1022.5,5,92,NA
2021-06-28 12:00:00,NA,1025.6,3.5,91,NA
2021-06-28 18:00:00,NA,1026,6,85,NA
2021-06-29 00:00:00,NA,1027.2,5.1,86,NA
2021-06-30 00:00:00,997.2,NA,NA,NA,NA
2021-06-30 12:00:00,993.7,1024.3,1.5,94,NA
2021-06-30 18:00:00,990.6,1021,8.3,68,NA
2021-07-01 00:00:00,NA,1020.2,5.7,80,NA
