2021-01-07 00:00:00,995.4,NA,NA,NA,NA
2021-01-07 09:00:00,993.3,1006.8,16,94,NA
2021-01-07 12:00:00,993,1006.6,19,81,NA
2021-01-07 15:00:00,993,1006.5,22.8,61,NA
2021-01-07 18:00:00,991.7,1005,26.6,46,NA
2021-01-07 21:00:00,992.4,1005.7,25,45,NA
2021-01-08 00:00:00,NA,1009.2,19,79,NA
2021-01-09 00:00:00,1000.5,NA,NA,NA,NA
2021-01-09 09:00:00,998.4,1011.9,14.3,80,NA
2021-01-09 12:00:00,999.2,1012.7,19.8,61,NA
2021-01-09 15:00:00,998.4,1011.7,25.9,41,NA
2021-01-09 18:00:00,997.2,1010.5,27.8,42,NA
2021-01-09 21:00:00,995.7,1009,28.3,37,NA
2021-01-10 00:00:00,NA,1008.6,25.2,53,NA
2021-01-11 00:00:00,995.8,NA,NA,NA,NA
2021-01-11 09:00:00,990.4,1003.6,16.5,86,NA
2021-01-11 12:00:00,991.7,1005.1,18.8,78,NA
2021-01-11 13:00:00,992.2,1005.7,20.5,65,NA
2021-01-11 14:00:00,992.4,1005.8,21.9,53,NA
2021-01-11 15:00:00,NA,1005.8,23.8,44,NA
2021-01-11 16:00:00,993.7,1007.1,24,31,NA
2021-01-11 17:00:00,994.4,1007.8,24,35,NA
2021-01-11 18:00:00,994.4,1007.8,23.2,39,NA
2021-01-11 19:00:00,996,1009.4,22,44,NA
2021-01-11 20:00:00,996.1,1009.5,22.5,38,NA
2021-01-11 21:00:00,996.6,1010.2,20.8,48,NA
2021-01-12 00:00:00,NA,1014.4,15.3,58,NA
2021-01-13 00:00:00,1002.8,NA,NA,NA,NA
2021-01-13 09:00:00,1007,1020.8,11.4,76,NA
2021-01-13 12:00:00,1006.9,1020.5,17.3,58,NA
2021-01-13 13:00:00,1007.4,1021,22.2,41,NA
2021-01-13 14:00:00,1007.3,1020.8,24.3,33,NA
2021-01-13 15:00:00,1008.2,1021.8,25.2,29,NA
2021-01-13 16:00:00,1008.2,1021.8,26.5,31,NA
2021-01-13 17:00:00,1006.8,1020.3,27.5,25,NA
2021-01-13 18:00:00,1007.2,1020.8,28.2,21,NA
2021-01-13 19:00:00,1007.2,1020.8,28.2,25,NA
2021-01-13 20:00:00,1006.6,1020.2,28.5,26,NA
2021-01-13 21:00:00,1005.7,1019.3,28,26,NA
2021-01-14 00:00:00,NA,1020.3,20.6,54,NA
2021-01-15 00:00:00,1001,NA,NA,NA,NA
2021-01-15 09:00:00,995.8,1009.1,16.3,90,NA
2021-01-15 12:00:00,996,1009.3,19.7,79,NA
2021-01-15 13:00:00,995.3,1008.6,20.3,77,NA
2021-01-15 14:00:00,995,1008.4,21.4,73,NA
2021-01-15 15:00:00,994.8,1008.1,22.3,70,NA
2021-01-15 16:00:00,993.8,1007.2,24.2,64,NA
2021-01-15 17:00:00,992.9,1006.2,25.7,60,NA
2021-01-15 18:00:00,992.2,1005.6,26.8,56,NA
2021-01-15 19:00:00,991.8,1005.1,27.8,54,NA
2021-01-15 20:00:00,991.8,1005.1,28.2,48,NA
2021-01-15 21:00:00,991.2,1004.4,28.7,46,NA
2021-01-16 00:00:00,NA,1004.9,24.9,65,NA
2021-01-17 00:00:00,995.7,NA,NA,NA,NA
2021-01-17 09:00:00,993.7,1007.2,14,89,NA
2021-01-17 12:00:00,995.4,1009.1,14.8,81,NA
2021-01-17 13:00:00,996,1009.6,14.4,87,NA
2021-01-17 14:00:00,996.5,1010.1,15.8,79,NA
2021-01-17 15:00:00,996.5,1010.1,17.2,73,NA
2021-01-17 16:00:00,996.2,1009.9,18,59,NA
2021-01-17 17:00:00,NA,1009.4,18.8,60,NA
2021-01-17 18:00:00,NA,1010.8,19.8,57,NA
2021-01-17 19:00:00,NA,1011.1,20.4,56,NA
2021-01-17 20:00:00,NA,1011.2,20.7,54,NA
2021-01-17 21:00:00,NA,1011.3,20.3,50,NA
2021-01-18 00:00:00,NA,1012.5,16.8,69,NA
2021-01-19 09:00:00,NA,1014.7,14.4,81,NA
2021-01-19 12:00:00,NA,1015.6,23.8,46,NA
2021-01-19 13:00:00,NA,1015.3,27.1,38,NA
2021-01-19 14:00:00,NA,1015.5,29.1,32,NA
2021-01-19 15:00:00,NA,1015.7,30.1,30,NA
2021-01-19 16:00:00,NA,1015.4,30.8,29,NA
2021-01-19 17:00:00,NA,1016.4,31.7,24,NA
2021-01-19 18:00:00,NA,1015.5,32.5,25,NA
2021-01-19 19:00:00,NA,1014.9,32.8,24,NA
2021-01-19 20:00:00,NA,1015,32.7,22,NA
2021-01-19 21:00:00,NA,1014.2,32.4,24,NA
2021-01-20 00:00:00,NA,1014.7,27.8,36,NA
2021-01-21 09:00:00,NA,1016.9,18.8,73,NA
2021-01-21 12:00:00,NA,1019.3,24.2,60,NA
2021-01-21 13:00:00,NA,1019.8,27.3,48,NA
2021-01-21 14:00:00,NA,1019.1,29.6,42,NA
2021-01-21 15:00:00,NA,1018.7,31.1,35,NA
2021-01-21 16:00:00,NA,1018.9,32.3,35,NA
2021-01-21 17:00:00,NA,1016.7,33,27,NA
2021-01-21 18:00:00,NA,1016.8,33.8,27,NA
2021-01-21 19:00:00,NA,1017.9,34,26,NA
2021-01-21 20:00:00,NA,1016.8,34,23,NA
2021-01-21 21:00:00,NA,1015.5,34.2,22,NA
2021-01-22 00:00:00,NA,1016.8,27.5,44,NA
2021-01-23 09:00:00,NA,1013.2,20,83,NA
2021-01-23 12:00:00,NA,1013.8,26.5,56,NA
2021-01-23 15:00:00,NA,1013,32.6,40,NA
2021-01-23 18:00:00,NA,1011.3,35.2,35,NA
2021-01-23 21:00:00,NA,1009.8,35.2,34,NA
2021-01-24 00:00:00,NA,1009.7,30.1,48,NA
2021-01-25 09:00:00,NA,1005.9,22.6,70,NA
2021-01-25 12:00:00,NA,1005.9,27.2,55,NA
2021-01-25 15:00:00,NA,1004.1,32.6,40,NA
2021-01-25 18:00:00,NA,1002.8,33.2,42,NA
2021-01-25 21:00:00,NA,1004.1,24.5,57,NA
2021-01-26 00:00:00,NA,1006.7,20.2,63,NA
2021-01-26 15:00:00,991.4,NA,26.8,58,NA
2021-01-26 18:00:00,990.2,NA,30.2,45,NA
2021-01-27 09:00:00,NA,1008.9,13.3,93,NA
2021-01-27 12:00:00,NA,1009.3,17.8,81,NA
2021-01-27 15:00:00,NA,1008.6,23.4,48,NA
2021-01-27 18:00:00,NA,1007.3,26.6,36,NA
2021-01-27 21:00:00,NA,1003.3,26.3,37,NA
2021-01-28 00:00:00,NA,1005,19.1,58,NA
2021-01-29 09:00:00,NA,NA,15.1,79,NA
2021-01-29 12:00:00,NA,1005.2,20.4,50,NA
2021-01-29 15:00:00,NA,1003.2,26.3,29,NA
2021-01-29 18:00:00,NA,1002.9,28.8,22,NA
2021-01-29 21:00:00,NA,1004.7,24.5,33,NA
2021-01-30 00:00:00,NA,1006,21.8,48,NA
2021-01-31 00:00:00,1005.7,NA,NA,NA,NA
2021-01-31 09:00:00,1007,1021,8,86,NA
2021-01-31 12:00:00,1008,1021.8,14.6,65,NA
2021-01-31 15:00:00,1006.9,1020.6,19.4,44,NA
2021-01-31 18:00:00,1006.2,1020.1,20.5,41,NA
2021-01-31 21:00:00,1006,1019.9,18.7,49,NA
2021-02-01 00:00:00,1005.3,1019.1,15,67,NA
2021-02-01 21:00:00,1001.7,NA,NA,NA,NA
2021-02-02 00:00:00,1002.2,NA,NA,NA,NA
2021-02-02 09:00:00,1002.4,1016.1,11.3,99,NA
2021-02-02 12:00:00,1003.6,1017.3,16.2,93,NA
2021-02-02 15:00:00,1002.9,1016.6,21.9,53,NA
2021-02-02 18:00:00,1002.1,1015.7,26,36,NA
2021-02-02 21:00:00,1001.6,1015.2,24.8,40,NA
2021-02-03 00:00:00,NA,1016.4,20,57,NA
2021-02-04 00:00:00,1003.4,NA,NA,NA,NA
2021-02-04 09:00:00,1004.5,1018.1,10.5,92,NA
2021-02-04 12:00:00,1007.2,1020.8,15.1,93,NA
2021-02-04 15:00:00,1006.9,1020.4,25.4,39,NA
2021-02-04 18:00:00,1006.5,1020,28.8,30,NA
2021-02-04 21:00:00,1004,1017.6,27.2,33,NA
2021-02-05 00:00:00,NA,1017.9,22.1,50,NA
2021-02-05 09:00:00,NA,1016.7,10.3,86,NA
2021-02-05 12:00:00,NA,1016.7,18.4,59,NA
2021-02-05 15:00:00,NA,1016.1,28.9,32,NA
2021-02-05 18:00:00,NA,1014.6,32.8,19,NA
2021-02-05 21:00:00,NA,1011.9,33.2,21,NA
2021-02-06 00:00:00,997.2,1010.5,28.9,28,NA
2021-02-06 09:00:00,1000.9,NA,NA,NA,NA
2021-02-06 12:00:00,1001.3,NA,NA,NA,NA
2021-02-06 18:00:00,1000.5,NA,NA,NA,NA
2021-02-06 21:00:00,999.8,NA,NA,NA,NA
2021-02-08 00:00:00,1007.4,NA,NA,NA,NA
2021-02-08 09:00:00,NA,1022.6,13.6,79,NA
2021-02-08 12:00:00,NA,1023.5,16.4,64,NA
2021-02-08 15:00:00,NA,1023.1,19,53,NA
2021-02-08 18:00:00,NA,1022.6,19.6,56,NA
2021-02-08 21:00:00,NA,1022.7,19.1,58,NA
2021-02-09 00:00:00,NA,1023.3,17.2,67,NA
2021-02-10 09:00:00,NA,1022.6,11.4,92,NA
2021-02-10 12:00:00,NA,1022.8,17.8,85,NA
2021-02-10 15:00:00,NA,1023.3,22.5,54,NA
2021-02-10 18:00:00,NA,1021.8,26.3,36,NA
2021-02-10 21:00:00,1006.9,NA,25.2,36,NA
2021-02-11 00:00:00,1006.8,NA,20.5,67,NA
2021-02-11 09:00:00,1005.7,NA,16.3,88,NA
2021-02-11 12:00:00,1004.5,NA,18.3,89,NA
2021-02-11 15:00:00,1004.4,NA,22.9,67,NA
2021-02-11 18:00:00,1001.8,NA,27.8,47,NA
2021-02-11 21:00:00,1001.2,NA,27.4,52,NA
2021-02-12 09:00:00,NA,1015.7,17.5,83,NA
2021-02-12 12:00:00,NA,1016.7,21,88,NA
2021-02-12 15:00:00,NA,1015.3,25.5,60,NA
2021-02-12 18:00:00,NA,1014.1,23.8,69,NA
2021-02-12 21:00:00,NA,1012.9,25.2,63,NA
2021-02-13 00:00:00,1000,NA,22.2,72,NA
2021-02-13 12:00:00,999.2,NA,21.6,85,NA
2021-02-13 15:00:00,996.8,NA,25.5,60,NA
2021-02-13 18:00:00,995.3,NA,25,62,NA
2021-02-13 21:00:00,993.3,NA,23,74,NA
2021-02-14 09:00:00,NA,1005.3,19.3,92,NA
2021-02-14 12:00:00,NA,1006,20.2,90,NA
2021-02-14 15:00:00,NA,1006.4,24.8,64,NA
2021-02-14 18:00:00,NA,1005.6,24.7,74,NA
2021-02-14 21:00:00,NA,1006.5,22.2,75,NA
2021-02-15 00:00:00,995.3,NA,19.8,83,NA
2021-02-15 09:00:00,997.4,NA,17.5,92,NA
2021-02-15 12:00:00,999,NA,17.8,93,NA
2021-02-15 15:00:00,999.8,NA,19.9,88,NA
2021-02-15 18:00:00,999.8,NA,19.7,79,NA
2021-02-15 21:00:00,999.2,NA,18,86,NA
2021-02-16 09:00:00,NA,1012,15.2,96,NA
2021-02-16 12:00:00,NA,1012,16.2,80,NA
2021-02-16 15:00:00,NA,1014,19.7,65,NA
2021-02-16 18:00:00,NA,1012.7,22.4,46,NA
2021-02-16 21:00:00,NA,1012.6,20.9,50,NA
2021-02-17 00:00:00,999.2,NA,16.9,69,NA
2021-02-17 09:00:00,997.3,NA,9.3,93,NA
2021-02-17 12:00:00,998.9,NA,13.2,91,NA
2021-02-17 15:00:00,996.8,NA,22.9,41,NA
2021-02-17 18:00:00,996,NA,28.7,29,NA
2021-02-17 21:00:00,996.2,NA,29.1,32,NA
2021-02-18 09:00:00,NA,1008.1,16.6,82,NA
2021-02-18 12:00:00,NA,1006.9,23.8,50,NA
2021-02-18 15:00:00,NA,1006.8,31.2,20,NA
2021-02-18 18:00:00,NA,1005.1,34,11,NA
2021-02-18 21:00:00,991.4,NA,30.2,13,NA
2021-02-19 00:00:00,991.8,NA,23.7,41,NA
2021-02-19 09:00:00,997.3,NA,19,76,NA
2021-02-19 12:00:00,998.6,NA,17.5,40,NA
2021-02-19 15:00:00,1001,NA,19.5,20,NA
2021-02-19 18:00:00,1000,NA,20.5,34,NA
2021-02-19 21:00:00,999.4,NA,20.6,37,NA
2021-02-20 09:00:00,NA,1015.4,9.3,62,NA
2021-02-20 12:00:00,NA,1016.9,16,44,NA
2021-02-20 15:00:00,NA,1016.3,22.1,23,NA
2021-02-20 18:00:00,NA,1014.4,24.3,15,NA
2021-02-20 21:00:00,NA,1012.8,23.6,26,NA
2021-02-21 00:00:00,1000.6,NA,15.8,50,NA
2021-02-21 09:00:00,998.5,NA,11.8,69,NA
2021-02-21 12:00:00,998.8,NA,14.2,87,NA
2021-02-21 15:00:00,996.6,NA,27.5,40,NA
2021-02-21 18:00:00,994.9,NA,32.3,14,NA
2021-02-21 21:00:00,993.8,NA,29,17,NA
2021-02-22 09:00:00,NA,1007.6,18.5,70,NA
2021-02-22 12:00:00,NA,1010.6,18.8,67,NA
2021-02-22 15:00:00,NA,1011.1,23.4,32,NA
2021-02-22 18:00:00,NA,1010.8,25.7,30,NA
2021-02-22 21:00:00,NA,1010.6,23.3,28,NA
2021-02-23 00:00:00,998.5,NA,18.1,45,NA
2021-02-23 09:00:00,1001.2,NA,10.2,79,NA
2021-02-23 12:00:00,1001.3,NA,17.8,54,NA
2021-02-23 15:00:00,1000.4,NA,26,27,NA
2021-02-23 18:00:00,999.6,NA,29.6,14,NA
2021-02-23 21:00:00,1000.1,NA,24.5,34,NA
2021-02-24 09:00:00,NA,1015.3,9.3,89,NA
2021-02-24 12:00:00,NA,1016.8,14.8,80,NA
2021-02-24 15:00:00,NA,1016.3,24.4,26,NA
2021-02-24 18:00:00,NA,1014.4,29.7,19,NA
2021-02-24 21:00:00,NA,1011.9,31.4,17,NA
2021-02-25 00:00:00,996.2,NA,25.9,33,NA
2021-02-25 09:00:00,997.3,NA,18.6,61,NA
2021-02-25 12:00:00,1000,NA,25,44,NA
2021-02-25 15:00:00,1000,NA,34,22,NA
2021-02-25 18:00:00,1003.4,NA,36.7,15,NA
2021-02-25 21:00:00,998.6,NA,35,18,NA
2021-02-26 09:00:00,NA,1011.8,21.1,54,NA
2021-02-26 12:00:00,NA,1012.9,24.4,50,NA
2021-02-26 15:00:00,NA,1011.9,32.6,25,NA
2021-02-26 18:00:00,NA,1012.3,34.3,22,NA
2021-02-26 21:00:00,999,NA,33.2,21,NA
2021-02-27 00:00:00,1000,NA,28,37,NA
2021-02-27 09:00:00,1006.5,NA,19,81,NA
2021-02-27 12:00:00,1006.5,NA,24.2,63,NA
2021-02-27 15:00:00,1005.8,NA,30.5,34,NA
2021-02-27 18:00:00,1004,NA,33,25,NA
2021-02-27 21:00:00,1003.4,NA,31.5,29,NA
2021-02-28 09:00:00,NA,1017.2,20.5,89,NA
2021-02-28 12:00:00,NA,1017.4,23.6,72,NA
2021-02-28 15:00:00,NA,1016,29.2,51,NA
2021-02-28 18:00:00,NA,1013.7,31.1,45,NA
2021-02-28 21:00:00,NA,1012.5,30.8,39,NA
2021-03-01 00:00:00,NA,1014,26.3,60,NA
2021-03-02 03:00:00,NA,1013.3,23.7,67,NA
2021-03-02 06:00:00,NA,1014,20.9,87,NA
2021-03-02 09:00:00,NA,1014.5,20.8,84,NA
2021-03-02 12:00:00,NA,1015.7,21.4,72,NA
2021-03-02 15:00:00,NA,1015.2,30.4,48,NA
2021-03-02 18:00:00,1000.6,1013.9,33.1,33,NA
2021-03-02 21:00:00,1000.4,1013.6,30.3,45,NA
2021-03-03 00:00:00,NA,1015.3,25.4,68,NA
2021-03-04 00:00:00,1000.9,NA,NA,NA,NA
2021-03-04 03:00:00,1000.9,1014.1,23.5,69,NA
2021-03-04 06:00:00,1002.1,1015.3,21,74,NA
2021-03-04 09:00:00,1001.8,1015.1,20.6,87,NA
2021-03-04 12:00:00,1003.3,1016.7,18.5,96,NA
2021-03-04 15:00:00,1002.2,1015.7,19.6,95,NA
2021-03-04 18:00:00,1002.5,1015.9,24.5,61,NA
2021-03-04 21:00:00,1001.2,1014.6,23.4,66,NA
2021-03-05 00:00:00,NA,1016.1,19,91,NA
2021-03-06 00:00:00,1000.9,NA,NA,NA,NA
2021-03-06 03:00:00,1001.2,1014.9,12.6,83,NA
2021-03-06 06:00:00,1000.9,1014.6,9.8,90,NA
2021-03-06 09:00:00,1001.4,1015.2,9.2,89,NA
2021-03-06 12:00:00,1001,1014.8,13.2,83,NA
2021-03-06 15:00:00,999.8,1013.4,23.7,45,NA
2021-03-06 18:00:00,998.2,1011.8,28.5,29,NA
2021-03-06 21:00:00,996.5,1009.9,29.5,23,NA
2021-03-07 00:00:00,NA,1011,23.2,43,NA
2021-03-08 00:00:00,996,NA,NA,NA,NA
2021-03-08 03:00:00,996.9,1010.1,21.7,86,NA
2021-03-08 06:00:00,997.6,1010.8,19,88,NA
2021-03-08 09:00:00,1000.9,1014.2,16.5,75,NA
2021-03-08 12:00:00,1004.5,1018,18.6,58,NA
2021-03-08 15:00:00,1005.4,1019,21.2,38,NA
2021-03-08 18:00:00,1005.7,1019.2,21.2,41,NA
2021-03-08 21:00:00,1005.2,1018.8,19,47,NA
2021-03-09 00:00:00,NA,1020.4,13.6,61,NA
2021-03-10 00:00:00,1000.8,NA,NA,NA,NA
2021-03-10 03:00:00,1000.9,1014.4,16.7,56,NA
2021-03-10 06:00:00,1000.1,1013.5,15.6,76,NA
2021-03-10 09:00:00,999.7,1013.1,15,78,NA
2021-03-10 12:00:00,998.9,1012.4,17.6,77,NA
2021-03-10 15:00:00,996.6,1010,26.8,42,NA
2021-03-10 18:00:00,994.1,1007.3,30.5,34,NA
2021-03-10 21:00:00,992.2,1005.5,31.2,32,NA
2021-03-11 00:00:00,NA,1006.1,25.7,45,NA
2021-03-12 00:00:00,999,NA,NA,NA,NA
2021-03-12 03:00:00,1001.8,1015.5,14.1,68,NA
2021-03-12 06:00:00,1001.8,1015.5,11.2,74,NA
2021-03-12 09:00:00,1002.9,1016.6,10.6,74,NA
2021-03-12 12:00:00,1002.5,1016.1,17.5,48,NA
2021-03-12 15:00:00,1001.8,1015.4,25.2,30,NA
2021-03-12 18:00:00,1001.7,1015.2,28.6,22,NA
2021-03-12 21:00:00,1000,1013.5,28.2,25,NA
2021-03-13 00:00:00,NA,1015.2,20.1,52,NA
2021-03-14 03:00:00,NA,1015.7,18.3,93,NA
2021-03-14 06:00:00,NA,1016.4,17.9,84,NA
2021-03-14 09:00:00,NA,1017.3,17,84,NA
2021-03-14 12:00:00,NA,1018.5,17.5,99,NA
2021-03-14 15:00:00,NA,1018.4,23.2,65,NA
2021-03-14 18:00:00,NA,1017.3,25.7,59,NA
2021-03-14 21:00:00,NA,1016.7,24.5,60,NA
2021-03-15 00:00:00,NA,1017.1,19.4,74,NA
2021-03-15 12:00:00,1002.8,NA,19.1,85,NA
2021-03-15 15:00:00,1000.5,NA,24,54,NA
2021-03-15 18:00:00,998.9,NA,28.4,39,NA
2021-03-16 03:00:00,NA,1012.1,21.1,62,NA
2021-03-16 06:00:00,NA,1011,17.2,69,NA
2021-03-16 09:00:00,NA,1011.1,16.3,80,NA
2021-03-16 12:00:00,NA,1010.5,17.5,85,NA
2021-03-16 15:00:00,NA,1010.5,19.6,85,NA
2021-03-16 18:00:00,NA,1009.6,19,91,NA
2021-03-16 21:00:00,NA,1009.6,18.6,95,NA
2021-03-17 00:00:00,997.7,NA,18,93,NA
2021-03-17 03:00:00,999,NA,16.1,95,NA
2021-03-17 06:00:00,1001.2,NA,14.7,91,NA
2021-03-17 09:00:00,1003.4,NA,13.7,95,NA
2021-03-17 12:00:00,1006,NA,13.3,75,NA
2021-03-18 03:00:00,NA,1023.1,10.5,90,NA
2021-03-18 06:00:00,NA,1022.2,10.5,88,NA
2021-03-18 09:00:00,NA,1022,10.4,84,NA
2021-03-18 12:00:00,NA,1021.9,11.4,81,NA
2021-03-18 15:00:00,NA,1020.8,14.6,59,NA
2021-03-18 18:00:00,NA,1018.7,17.4,43,NA
2021-03-18 21:00:00,NA,1017.9,18,39,NA
2021-03-19 00:00:00,1004.2,NA,12.2,69,NA
2021-03-19 03:00:00,1004.5,NA,10.5,77,NA
2021-03-19 06:00:00,1004.9,NA,8.9,83,NA
2021-03-19 09:00:00,1004.6,NA,8.8,88,NA
2021-03-19 12:00:00,1003.7,NA,11.5,82,NA
2021-03-19 15:00:00,1002.8,NA,18.1,50,NA
2021-03-19 18:00:00,1001.4,NA,21.1,47,NA
2021-03-19 21:00:00,998.5,NA,19.4,45,NA
2021-03-20 03:00:00,NA,1012.4,15.8,70,NA
2021-03-20 06:00:00,NA,1012.2,15.3,81,NA
2021-03-20 09:00:00,NA,1012.4,15.8,83,NA
2021-03-20 12:00:00,NA,1012.8,15.8,76,NA
2021-03-20 15:00:00,NA,1013.5,20.8,63,NA
2021-03-20 18:00:00,NA,1013.2,21,56,NA
2021-03-20 21:00:00,NA,1014.8,20.8,50,NA
2021-03-21 00:00:00,1003.4,NA,16.2,77,NA
2021-03-21 03:00:00,1006.2,NA,13,86,NA
2021-03-21 06:00:00,1007.2,NA,11.8,88,NA
2021-03-21 09:00:00,1007.8,NA,11.8,90,NA
2021-03-21 12:00:00,1009.8,NA,14,75,NA
2021-03-21 15:00:00,1010.4,NA,19.2,50,NA
2021-03-21 18:00:00,1009.4,NA,20.9,41,NA
2021-03-21 21:00:00,1008.9,NA,19.5,42,NA
2021-03-22 03:00:00,NA,1024.2,10,86,NA
2021-03-22 06:00:00,NA,1023.5,8.3,90,NA
2021-03-22 09:00:00,NA,1023.5,7.1,94,NA
2021-03-22 12:00:00,NA,1023.5,10.1,90,NA
2021-03-22 15:00:00,NA,1023,20.3,55,NA
2021-03-22 18:00:00,NA,1020.2,23.3,43,NA
2021-03-22 21:00:00,NA,1019.1,22.6,42,NA
2021-03-23 00:00:00,1005.6,NA,17.7,61,NA
2021-03-23 03:00:00,1005.4,NA,13.3,81,NA
2021-03-23 06:00:00,1006,NA,11.3,86,NA
2021-03-23 09:00:00,1004.6,NA,10.5,86,NA
2021-03-23 12:00:00,1005,NA,12.9,80,NA
2021-03-23 15:00:00,1003.7,NA,22,56,NA
2021-03-23 18:00:00,1002,NA,26,42,NA
2021-03-23 21:00:00,999,NA,26.1,38,NA
2021-03-24 03:00:00,NA,1015.4,18.1,71,NA
2021-03-24 06:00:00,NA,1015,16.6,76,NA
2021-03-24 09:00:00,NA,1015.4,14.5,79,NA
2021-03-24 12:00:00,NA,1015.6,19.5,68,NA
2021-03-24 15:00:00,NA,1014.6,25.8,49,NA
2021-03-24 18:00:00,NA,1013.5,28.4,40,NA
2021-03-24 21:00:00,NA,1013.8,24.8,53,NA
2021-03-25 00:00:00,1002.5,NA,19.4,70,NA
2021-03-25 03:00:00,1002.2,NA,17.4,84,NA
2021-03-25 06:00:00,1003,NA,16.1,93,NA
2021-03-25 09:00:00,1003.8,NA,15.3,94,NA
2021-03-25 12:00:00,1003.3,NA,15.3,91,NA
2021-03-25 15:00:00,1002.8,NA,18.9,75,NA
2021-03-25 18:00:00,1001.8,NA,19.4,76,NA
2021-03-25 21:00:00,1002,NA,17.1,92,NA
2021-03-26 03:00:00,NA,1016.5,16.1,96,NA
2021-03-26 06:00:00,NA,1016,16.3,96,NA
2021-03-26 09:00:00,NA,1016.3,16.8,95,NA
2021-03-26 12:00:00,NA,1017,15.9,96,NA
2021-03-26 15:00:00,NA,1017.1,17,90,NA
2021-03-26 18:00:00,NA,1016.1,17.4,89,NA
2021-03-26 21:00:00,NA,1016.5,16.3,90,NA
2021-03-27 00:00:00,1003.6,NA,16,89,NA
2021-03-27 03:00:00,1004.6,NA,15.1,90,NA
2021-03-27 06:00:00,1005,NA,14.3,86,NA
2021-03-27 09:00:00,1004.9,NA,12.8,87,NA
2021-03-27 12:00:00,1005.2,NA,13.3,85,NA
2021-03-27 15:00:00,1005.8,NA,17,66,NA
2021-03-27 18:00:00,1004.9,NA,19.4,52,NA
2021-03-27 21:00:00,1004.8,NA,17.9,59,NA
2021-03-28 03:00:00,NA,1017.4,13.8,81,NA
2021-03-28 06:00:00,NA,1017.6,14,89,NA
2021-03-28 09:00:00,NA,1017.9,14.2,91,NA
2021-03-28 12:00:00,NA,1017.8,16.2,75,NA
2021-03-28 15:00:00,NA,1017.6,19.2,75,NA
2021-03-28 18:00:00,NA,1016.1,20.8,69,NA
2021-03-28 21:00:00,NA,1015.6,20.8,60,NA
2021-03-29 00:00:00,1002.9,NA,15.5,86,NA
2021-03-29 03:00:00,1003.8,NA,15.1,90,NA
2021-03-29 06:00:00,1002.4,NA,14,93,NA
2021-03-29 09:00:00,1004.1,NA,12.1,97,NA
2021-03-29 12:00:00,1005.2,NA,10.4,96,NA
2021-03-29 15:00:00,1005.3,NA,20.6,57,NA
2021-03-29 18:00:00,1003.8,NA,24.5,32,NA
2021-03-29 21:00:00,1003.7,NA,23.6,31,NA
2021-03-30 03:00:00,NA,1019.6,16,91,NA
2021-03-30 06:00:00,NA,1019.1,11.3,95,NA
2021-03-30 09:00:00,NA,1019.6,10.3,96,NA
2021-03-30 12:00:00,NA,1020.3,11.1,94,NA
2021-03-30 15:00:00,NA,1020.4,19.8,63,NA
2021-03-30 18:00:00,NA,1018.7,23.9,44,NA
2021-03-30 21:00:00,NA,1018.1,23.4,46,NA
2021-03-31 00:00:00,1005.2,NA,16.8,69,NA
2021-03-31 03:00:00,1005.3,NA,13.3,85,NA
2021-03-31 06:00:00,1005,NA,11.4,88,NA
2021-03-31 09:00:00,1006.1,NA,10.9,89,NA
2021-03-31 15:00:00,1007,NA,21.2,58,NA
2021-03-31 18:00:00,1005.2,NA,24.1,40,NA
2021-03-31 21:00:00,1005.7,NA,23.8,43,NA
2021-04-01 03:00:00,NA,1019.6,13.3,75,NA
2021-04-01 06:00:00,NA,1019.9,12.2,72,NA
2021-04-01 09:00:00,NA,1019.9,12.8,73,NA
2021-04-01 12:00:00,NA,1022.1,14.5,86,NA
2021-04-01 15:00:00,NA,1020.5,21.2,53,NA
2021-04-01 18:00:00,NA,1019.5,22,45,NA
2021-04-01 21:00:00,NA,1019.6,20.8,46,NA
2021-04-02 00:00:00,1006.2,NA,17.2,76,NA
2021-04-02 03:00:00,1007.3,NA,14.4,79,NA
2021-04-02 06:00:00,1007.3,NA,13.3,87,NA
2021-04-02 09:00:00,1007.3,NA,13.2,89,NA
2021-04-02 12:00:00,1007.7,NA,14.6,87,NA
2021-04-02 15:00:00,1007,NA,22.7,56,NA
2021-04-02 18:00:00,1005.2,NA,25.2,34,NA
2021-04-02 21:00:00,1004.5,NA,23.5,43,NA
2021-04-03 03:00:00,NA,1019.9,16.7,70,NA
2021-04-03 06:00:00,NA,1019.5,15.7,85,NA
2021-04-03 09:00:00,NA,1020,15.4,85,NA
2021-04-03 12:00:00,NA,1020,18.1,82,NA
2021-04-03 15:00:00,NA,1019.7,22.7,58,NA
2021-04-03 18:00:00,NA,1018.8,24.6,45,NA
2021-04-03 21:00:00,1003.8,NA,24.8,43,NA
2021-04-04 00:00:00,1004.1,NA,19.1,66,NA
2021-04-04 03:00:00,1004.2,NA,18.2,71,NA
2021-04-04 06:00:00,1004.5,NA,17.1,81,NA
2021-04-04 09:00:00,1005.3,NA,16.2,86,NA
2021-04-04 12:00:00,1003.7,NA,16.9,88,NA
2021-04-04 15:00:00,1004.5,NA,25.1,52,NA
2021-04-04 18:00:00,1002.2,NA,26.8,42,NA
2021-04-04 21:00:00,1001.4,NA,25.9,39,NA
2021-04-05 03:00:00,NA,1016.1,17.9,75,NA
2021-04-05 06:00:00,NA,1014.1,16.8,86,NA
2021-04-05 09:00:00,NA,1015.8,15.2,82,NA
2021-04-05 12:00:00,NA,1016.3,17.2,90,NA
2021-04-05 15:00:00,NA,1016.1,27.2,44,NA
2021-04-05 18:00:00,NA,1013.6,29.2,36,NA
2021-04-05 21:00:00,NA,1014.5,26.5,39,NA
2021-04-06 00:00:00,1002.9,NA,21.2,67,NA
2021-04-06 03:00:00,1003.6,NA,17.8,82,NA
2021-04-06 06:00:00,1003.6,NA,17.7,89,NA
2021-04-06 09:00:00,1003.6,NA,17.5,89,NA
2021-04-06 12:00:00,1004.4,NA,18.9,81,NA
2021-04-06 15:00:00,1003.6,NA,26.9,51,NA
2021-04-06 18:00:00,1002.2,NA,28.9,39,NA
2021-04-06 21:00:00,1001.3,NA,27.1,50,NA
2021-04-07 03:00:00,NA,1014.5,21,89,NA
2021-04-07 06:00:00,NA,1014.8,18.6,92,NA
2021-04-07 09:00:00,NA,1014.8,18.5,94,NA
2021-04-07 12:00:00,NA,1015,20.6,89,NA
2021-04-07 15:00:00,NA,1014.1,26.4,63,NA
2021-04-07 18:00:00,NA,1011.8,28.9,47,NA
2021-04-07 21:00:00,NA,1011,28.7,47,NA
2021-04-08 00:00:00,NA,1011.6,25.6,61,NA
2021-04-08 15:00:00,999.4,NA,15.4,94,NA
2021-04-08 18:00:00,996.9,NA,16.2,93,NA
2021-04-08 21:00:00,999,NA,18.1,86,NA
2021-04-09 03:00:00,NA,1014,14.4,99,NA
2021-04-09 06:00:00,NA,1015.3,14,93,NA
2021-04-09 09:00:00,NA,1013.6,14.2,96,NA
2021-04-09 12:00:00,NA,1016,14.6,97,NA
2021-04-09 15:00:00,NA,1015.6,19.2,79,NA
2021-04-09 18:00:00,NA,1015.7,23,58,NA
2021-04-09 21:00:00,NA,1016.4,20.6,72,NA
2021-04-10 00:00:00,NA,1018.2,16.5,77,NA
2021-04-11 03:00:00,NA,1014,12.4,91,NA
2021-04-11 06:00:00,NA,1013,13,90,NA
2021-04-11 09:00:00,NA,1012.9,13.3,91,NA
2021-04-11 12:00:00,NA,1014.1,14.6,81,NA
2021-04-11 15:00:00,NA,1014.9,18.7,56,NA
2021-04-11 18:00:00,NA,1013.6,21.4,44,NA
2021-04-11 21:00:00,NA,1014,21.1,52,NA
2021-04-12 00:00:00,NA,1016.2,14.7,78,NA
2021-04-13 03:00:00,NA,1018.4,15.1,80,NA
2021-04-13 06:00:00,NA,1017.6,13.2,73,NA
2021-04-13 09:00:00,NA,1018.8,12,82,NA
2021-04-13 12:00:00,1005.8,1019.6,14.8,75,NA
2021-04-13 15:00:00,1004.9,1018.4,25.2,28,NA
2021-04-13 18:00:00,NA,1018.6,27,27,NA
2021-04-13 21:00:00,1005.6,1019.2,24,47,NA
2021-04-14 00:00:00,NA,1018.4,17.2,69,NA
2021-04-15 00:00:00,999.4,NA,NA,NA,NA
2021-04-15 03:00:00,999.6,1013.1,15.8,75,NA
2021-04-15 06:00:00,999.7,1013.2,15,81,NA
2021-04-15 09:00:00,998.8,1012.3,15,85,NA
2021-04-15 12:00:00,998.6,1012.3,15.8,84,NA
2021-04-15 15:00:00,998.5,1012,23.3,61,NA
2021-04-15 18:00:00,999.2,1012.6,26.4,63,NA
2021-04-15 21:00:00,998.6,1012.1,25.1,49,NA
2021-04-16 00:00:00,NA,1013.9,17.7,79,NA
2021-04-17 00:00:00,1001.3,NA,NA,NA,NA
2021-04-17 03:00:00,1002,1015.7,14.9,96,NA
2021-04-17 06:00:00,1002.2,1015.8,14.5,93,NA
2021-04-17 09:00:00,1002.2,1015.7,15.1,91,NA
2021-04-17 12:00:00,1004.5,1018.2,14.5,91,NA
2021-04-17 15:00:00,1004.1,1017.7,20.7,80,NA
2021-04-17 18:00:00,1002.5,1016,23.7,67,NA
2021-04-17 21:00:00,1002.2,1015.9,19.8,69,NA
2021-04-18 00:00:00,NA,1016.6,18.2,72,NA
2021-04-18 21:00:00,1003,NA,NA,NA,NA
2021-04-19 00:00:00,1003.3,NA,NA,NA,NA
2021-04-19 03:00:00,1003.2,1016.8,17.2,88,NA
2021-04-19 06:00:00,1004.2,1017.8,17.2,91,NA
2021-04-19 09:00:00,1004.8,1018.4,16.9,90,NA
2021-04-19 12:00:00,1004.8,1018.4,17.8,85,NA
2021-04-19 15:00:00,1004.2,1017.7,24.2,63,NA
2021-04-19 18:00:00,1002.8,1016.2,26,57,NA
2021-04-19 21:00:00,1003,1016.6,24.2,57,NA
2021-04-20 00:00:00,NA,1017.7,20.1,74,NA
2021-04-21 00:00:00,1005.8,NA,NA,NA,NA
2021-04-21 03:00:00,1005.2,1018.8,17.1,87,NA
2021-04-21 06:00:00,1004.9,1018.4,17.6,85,NA
2021-04-21 09:00:00,1004.9,1018.4,17.8,82,NA
2021-04-21 12:00:00,1004.9,1018.5,17.4,83,NA
2021-04-21 15:00:00,1002.8,1016.3,21.4,66,NA
2021-04-21 18:00:00,1003.2,1016.7,23.9,60,NA
2021-04-21 21:00:00,1000.8,1014.3,21.5,73,NA
2021-04-22 00:00:00,NA,1015.3,19.4,73,NA
2021-04-23 00:00:00,1001.7,NA,NA,NA,NA
2021-04-23 03:00:00,1001.7,1015.3,15.5,90,NA
2021-04-23 06:00:00,1000.8,1014.4,14.7,93,NA
2021-04-23 09:00:00,NA,1014.1,16.3,96,NA
2021-04-23 12:00:00,NA,1014.4,15.8,94,NA
2021-04-23 15:00:00,NA,1014,16.4,96,NA
2021-04-23 18:00:00,NA,1012.5,20.9,68,NA
2021-04-23 21:00:00,NA,1011.7,18.8,83,NA
2021-04-24 00:00:00,NA,1012.7,17.4,89,NA
2021-04-25 03:00:00,NA,1020.1,10.8,86,NA
2021-04-25 06:00:00,NA,1020.5,10.5,89,NA
2021-04-25 09:00:00,NA,1020.5,10.6,92,NA
2021-04-25 12:00:00,NA,1021.2,12.8,94,NA
2021-04-25 15:00:00,NA,1021.6,16.3,72,NA
2021-04-25 18:00:00,NA,1021,16.9,75,NA
2021-04-25 21:00:00,NA,1020.6,16.4,73,NA
2021-04-26 00:00:00,NA,1021.1,14.3,80,NA
2021-04-27 03:00:00,NA,1019.8,9.1,89,NA
2021-04-27 06:00:00,NA,1019.9,8.1,92,NA
2021-04-27 09:00:00,NA,1018.7,7.1,90,NA
2021-04-27 12:00:00,NA,1019.1,8.9,89,NA
2021-04-27 15:00:00,NA,1018.6,18.9,59,NA
2021-04-27 18:00:00,NA,1016.8,21.7,61,NA
2021-04-27 21:00:00,NA,1017.1,21.4,61,NA
2021-04-28 00:00:00,1003,NA,15.9,80,NA
2021-04-28 03:00:00,1003.3,NA,14.5,81,NA
2021-04-28 06:00:00,1004,NA,12.8,83,NA
2021-04-28 09:00:00,1004,NA,12,83,NA
2021-04-28 12:00:00,1005,NA,14,80,NA
2021-04-28 15:00:00,1004.2,NA,23.6,45,NA
2021-04-28 21:00:00,1003.7,NA,22.4,55,NA
2021-04-29 03:00:00,NA,1019.2,14.4,85,NA
2021-04-29 06:00:00,NA,1019.2,13.1,84,NA
2021-04-29 09:00:00,NA,1019.2,11.3,86,NA
2021-04-29 12:00:00,NA,1020.1,11.5,87,NA
2021-04-29 15:00:00,NA,1019.7,20.8,62,NA
2021-04-29 18:00:00,NA,1017.6,23.7,61,NA
2021-04-29 21:00:00,NA,1017.2,22,62,NA
2021-04-30 00:00:00,1004.9,NA,16.8,87,NA
2021-04-30 03:00:00,1003.8,NA,15.2,87,NA
2021-04-30 06:00:00,1003.4,NA,14.3,75,NA
2021-04-30 09:00:00,1003.7,NA,13.5,75,NA
2021-04-30 12:00:00,1003.3,NA,13,77,NA
2021-04-30 15:00:00,1002.9,NA,20.3,52,NA
2021-04-30 18:00:00,1000.8,NA,22.6,46,NA
2021-04-30 21:00:00,999.7,NA,18.6,61,NA
2021-05-01 03:00:00,NA,1014.7,13.1,78,NA
2021-05-01 06:00:00,NA,1014.3,11.9,81,NA
2021-05-01 09:00:00,NA,1014.3,11.9,81,NA
2021-05-01 12:00:00,NA,1014.7,11.9,81,NA
2021-05-01 15:00:00,NA,1013.6,20,49,NA
2021-05-01 18:00:00,NA,1012.1,22,39,NA
2021-05-01 21:00:00,NA,1012.1,19.6,51,NA
2021-05-02 00:00:00,999.4,NA,14.7,77,NA
2021-05-02 03:00:00,999.8,NA,12.3,83,NA
2021-05-02 06:00:00,999,NA,12.2,79,NA
2021-05-02 12:00:00,999.7,NA,13.5,83,NA
2021-05-02 15:00:00,998.6,NA,20.5,56,NA
2021-05-02 18:00:00,996.4,NA,21.2,48,NA
2021-05-02 21:00:00,998,NA,15.5,92,NA
2021-05-03 03:00:00,NA,1011.2,13.2,88,NA
2021-05-03 06:00:00,NA,1011.2,13,85,NA
2021-05-03 09:00:00,NA,1010.2,10.2,86,NA
2021-05-03 12:00:00,NA,1010.5,11.2,78,NA
2021-05-03 15:00:00,NA,1011.2,15.6,74,NA
2021-05-03 18:00:00,NA,1010.4,17.7,54,NA
2021-05-03 21:00:00,997.8,NA,15.2,62,NA
2021-05-04 00:00:00,1000.9,NA,11.9,69,NA
2021-05-04 03:00:00,1003.6,NA,10.3,77,NA
2021-05-04 06:00:00,1005.3,NA,8.8,63,NA
2021-05-04 09:00:00,1006.9,NA,7.3,76,NA
2021-05-04 12:00:00,1009,NA,8.8,81,NA
2021-05-04 15:00:00,1010.6,NA,12.6,59,NA
2021-05-04 18:00:00,1011.6,NA,12.9,49,NA
2021-05-04 21:00:00,1013.3,NA,11,61,NA
2021-05-05 03:00:00,NA,1029.9,6.2,88,NA
2021-05-05 06:00:00,NA,1028.6,6.5,90,NA
2021-05-05 09:00:00,NA,1027.8,3.2,93,NA
2021-05-05 12:00:00,NA,1026.3,2.5,91,NA
2021-05-05 15:00:00,NA,1026.9,11.6,45,NA
2021-05-05 18:00:00,NA,1025.2,11.9,43,NA
2021-05-05 21:00:00,1010.9,NA,11.2,44,NA
2021-05-06 00:00:00,1011.3,NA,6.4,65,NA
2021-05-06 03:00:00,1011.3,NA,6.1,60,NA
2021-05-06 12:00:00,1011,NA,7.5,82,NA
2021-05-06 15:00:00,1011.6,NA,13.8,64,NA
2021-05-06 18:00:00,1010,NA,16.2,55,NA
2021-05-06 21:00:00,1010.5,NA,13.5,88,NA
2021-05-07 03:00:00,NA,1025.4,4.5,93,NA
2021-05-07 06:00:00,NA,1026.2,1.4,97,NA
2021-05-07 09:00:00,NA,1026.7,1.6,97,NA
2021-05-07 12:00:00,NA,1027,1.6,97,NA
2021-05-07 15:00:00,NA,1026.8,15.5,49,NA
2021-05-07 18:00:00,NA,1024.9,17.8,37,NA
2021-05-07 21:00:00,1011.2,NA,15.1,50,NA
2021-05-08 00:00:00,1011.7,NA,8.7,71,NA
2021-05-08 03:00:00,1012.2,NA,6.6,82,NA
2021-05-08 06:00:00,1011.3,NA,6.1,60,NA
2021-05-08 09:00:00,1011.6,NA,5.9,89,NA
2021-05-08 12:00:00,1012.1,NA,8.4,81,NA
2021-05-08 15:00:00,1011.8,NA,15.7,61,NA
2021-05-08 18:00:00,1010.2,NA,17.6,52,NA
2021-05-08 21:00:00,1009.6,NA,15.6,68,NA
2021-05-09 03:00:00,NA,1024.2,10.8,79,NA
2021-05-09 06:00:00,NA,1023.4,9.4,83,NA
2021-05-09 09:00:00,NA,1022.7,9,87,NA
2021-05-09 12:00:00,NA,1021.3,10.6,81,NA
2021-05-09 15:00:00,NA,1022.7,13.2,77,NA
2021-05-09 18:00:00,NA,1019.9,15,69,NA
2021-05-09 21:00:00,1006,NA,14.2,76,NA
2021-05-10 00:00:00,1006.9,NA,10.7,84,NA
2021-05-10 03:00:00,1008.6,NA,10.3,89,NA
2021-05-10 06:00:00,1008.8,NA,9.8,74,NA
2021-05-10 12:00:00,1010.6,NA,6.2,82,NA
2021-05-10 15:00:00,1010.2,NA,13.9,58,NA
2021-05-10 18:00:00,1009.3,NA,14.6,42,NA
2021-05-10 21:00:00,1009.7,NA,12.8,39,NA
2021-05-11 03:00:00,NA,1024.6,7.8,66,NA
2021-05-11 06:00:00,NA,1024.1,6.2,74,NA
2021-05-11 09:00:00,NA,1023.8,4.8,73,NA
2021-05-11 12:00:00,NA,1024.2,5.9,60,NA
2021-05-11 15:00:00,NA,1024.2,13.4,38,NA
2021-05-11 18:00:00,NA,1021.6,16.1,32,NA
2021-05-11 21:00:00,NA,1020.9,15.1,49,NA
2021-05-12 00:00:00,1007.4,NA,6.5,64,NA
2021-05-12 03:00:00,1006.5,NA,4.9,64,NA
2021-05-12 06:00:00,1005.3,NA,3.4,70,NA
2021-05-12 09:00:00,1004.9,NA,6,59,NA
2021-05-12 12:00:00,1004.2,NA,9.2,46,NA
2021-05-12 15:00:00,1002.2,NA,18.2,43,NA
2021-05-12 18:00:00,1000.1,NA,20.5,39,NA
2021-05-12 21:00:00,1000.1,NA,18.2,45,NA
2021-05-13 03:00:00,NA,1015.7,11.5,70,NA
2021-05-13 06:00:00,NA,1016.8,9.3,77,NA
2021-05-13 09:00:00,NA,1017.2,7.3,79,NA
2021-05-13 12:00:00,NA,1019.3,6.4,83,NA
2021-05-13 15:00:00,NA,1019.5,19.4,48,NA
2021-05-13 18:00:00,NA,1018.6,22.4,33,NA
2021-05-13 21:00:00,1004.9,NA,18.5,58,NA
2021-05-14 00:00:00,1005.8,NA,12.4,77,NA
2021-05-14 03:00:00,1005.8,NA,11.8,79,NA
2021-05-14 06:00:00,1006,NA,9.9,80,NA
2021-05-14 09:00:00,1006.2,NA,7.1,84,NA
2021-05-14 12:00:00,1006.1,NA,6.5,80,NA
2021-05-14 15:00:00,1005.6,NA,16.5,50,NA
2021-05-14 18:00:00,1003.2,NA,19.8,31,NA
2021-05-14 21:00:00,1004,NA,16,50,NA
2021-05-15 03:00:00,NA,1018.1,10,81,NA
2021-05-15 06:00:00,NA,1017.6,12.1,72,NA
2021-05-15 09:00:00,NA,1017.7,11.2,68,NA
2021-05-15 12:00:00,NA,1018.2,11.9,64,NA
2021-05-15 15:00:00,NA,1019.3,19.4,43,NA
2021-05-15 18:00:00,NA,1016.7,22.5,37,NA
2021-05-15 21:00:00,NA,1017.4,18.5,59,NA
2021-05-16 00:00:00,1004.1,NA,13.2,68,NA
2021-05-16 03:00:00,1005,NA,10.9,78,NA
2021-05-16 06:00:00,1006.6,NA,8.4,79,NA
2021-05-16 12:00:00,1006.8,NA,7.6,96,NA
2021-05-16 15:00:00,1006.5,NA,15.8,71,NA
2021-05-16 18:00:00,1005.6,NA,17.2,54,NA
2021-05-16 21:00:00,1006.9,NA,13.5,74,NA
2021-05-17 03:00:00,NA,1023.7,6.5,88,NA
2021-05-17 06:00:00,NA,1025.5,6.1,61,NA
2021-05-17 09:00:00,NA,1023.6,5.9,91,NA
2021-05-17 12:00:00,NA,1023,7.2,90,NA
2021-05-17 15:00:00,NA,1023.4,13.5,76,NA
2021-05-17 18:00:00,NA,1021.1,15.2,58,NA
2021-05-17 21:00:00,NA,1022.1,13.5,70,NA
2021-05-18 00:00:00,1008,NA,10.4,82,NA
2021-05-18 03:00:00,1008.2,NA,8.4,85,NA
2021-05-18 06:00:00,1008.5,NA,7.1,87,NA
2021-05-18 09:00:00,1007,NA,5.6,89,NA
2021-05-18 12:00:00,1008.5,NA,4.1,88,NA
2021-05-18 15:00:00,1008.1,NA,14.6,61,NA
2021-05-18 18:00:00,1004.5,NA,17.3,45,NA
2021-05-18 21:00:00,1005,NA,15.1,52,NA
2021-05-19 03:00:00,NA,1018.7,8.3,81,NA
2021-05-19 06:00:00,NA,1018,8.8,88,NA
2021-05-19 09:00:00,NA,1018.6,9.3,83,NA
2021-05-19 12:00:00,NA,1018.7,9,82,NA
2021-05-19 15:00:00,NA,1018.6,16.5,58,NA
2021-05-19 18:00:00,NA,1016.3,17.7,49,NA
2021-05-19 21:00:00,NA,1015.9,14.4,62,NA
2021-05-20 00:00:00,1003.7,NA,12,72,NA
2021-05-20 03:00:00,1004.6,NA,10.9,84,NA
2021-05-20 06:00:00,1004.4,NA,10.7,87,NA
2021-05-20 09:00:00,1004.1,NA,8.5,86,NA
2021-05-20 12:00:00,1004,NA,8.3,90,NA
2021-05-20 15:00:00,1003.6,NA,14.9,61,NA
2021-05-20 18:00:00,1001.8,NA,17.6,41,NA
2021-05-20 21:00:00,1002.4,NA,14,61,NA
2021-05-21 03:00:00,NA,1016.6,10.9,80,NA
2021-05-21 06:00:00,NA,1016.3,10.1,82,NA
2021-05-21 09:00:00,NA,1015.6,10.2,86,NA
2021-05-21 12:00:00,NA,1015.4,10.5,91,NA
2021-05-21 15:00:00,NA,1016.6,12.1,92,NA
2021-05-21 18:00:00,NA,1015.4,12.8,85,NA
2021-05-21 21:00:00,NA,1014.4,13.1,83,NA
2021-05-22 00:00:00,1000.4,NA,12.3,77,NA
2021-05-22 03:00:00,999.8,NA,11.7,78,NA
2021-05-22 09:00:00,1003.4,NA,11,94,NA
2021-05-22 12:00:00,1003.4,NA,11.1,94,NA
2021-05-22 15:00:00,995.3,NA,13,88,NA
2021-05-22 18:00:00,995,NA,12.8,90,NA
2021-05-22 21:00:00,995.8,NA,12.2,88,NA
2021-05-23 03:00:00,NA,1010.9,11.4,83,NA
2021-05-23 06:00:00,NA,1010.7,10.3,84,NA
2021-05-23 09:00:00,NA,1010.9,10.7,81,NA
2021-05-23 12:00:00,NA,1011.8,10.3,82,NA
2021-05-23 15:00:00,NA,1012.2,13.4,67,NA
2021-05-23 18:00:00,NA,1011.4,13.8,70,NA
2021-05-23 21:00:00,NA,1012.8,10.9,79,NA
2021-05-24 00:00:00,NA,1013.5,10.7,94,NA
2021-05-25 03:00:00,NA,1006.9,12.1,62,NA
2021-05-25 06:00:00,NA,1007.7,12.4,56,NA
2021-05-25 09:00:00,NA,1010.4,10.3,57,NA
2021-05-25 12:00:00,NA,1012.4,8,78,NA
2021-05-25 15:00:00,NA,1015.4,11.4,37,NA
2021-05-25 18:00:00,NA,1016.7,11.8,36,NA
2021-05-25 21:00:00,NA,1016.7,9,46,NA
2021-05-26 00:00:00,NA,1018.9,4.5,71,NA
2021-05-27 03:00:00,NA,1011,8.9,77,NA
2021-05-27 06:00:00,NA,1009.7,7.5,76,NA
2021-05-27 09:00:00,NA,1007.7,11,70,NA
2021-05-27 12:00:00,NA,1006.6,11.5,70,NA
2021-05-27 15:00:00,990.6,1004.3,19.2,49,NA
2021-05-27 18:00:00,986.9,1000.4,22.5,33,NA
2021-05-27 21:00:00,986.9,1000.4,18.2,49,NA
2021-05-28 00:00:00,NA,1001.3,16.2,59,NA
2021-05-29 00:00:00,991.7,NA,NA,NA,NA
2021-05-29 03:00:00,993.8,1007.7,8.1,79,NA
2021-05-29 06:00:00,995.7,1009.4,7.2,73,NA
2021-05-29 12:00:00,998.4,1012.5,3.3,70,NA
2021-05-29 15:00:00,1000.5,1014.6,7.2,50,NA
2021-05-29 18:00:00,999.8,1013.9,9.4,32,NA
2021-05-29 21:00:00,999.8,1014,8.4,47,NA
2021-05-30 00:00:00,NA,1015.1,4.4,67,NA
2021-05-31 00:00:00,997.4,NA,NA,NA,NA
2021-05-31 03:00:00,995.8,1009.7,11.4,51,NA
2021-05-31 06:00:00,994.2,1008,11.7,84,NA
2021-05-31 09:00:00,994.6,1008.5,12.3,52,NA
2021-05-31 12:00:00,996.1,1010,9.8,63,NA
2021-05-31 15:00:00,997.8,1011.7,13.3,68,NA
2021-05-31 18:00:00,997.3,1011.1,13.4,67,NA
2021-05-31 21:00:00,996.9,1010.7,12.9,69,NA
2021-06-01 00:00:00,NA,1007.7,11.6,79,NA
2021-06-02 00:00:00,993.4,NA,NA,NA,NA
2021-06-02 03:00:00,994.5,1008.2,10.1,72,NA
2021-06-02 06:00:00,995.8,1009.7,7.6,83,NA
2021-06-02 09:00:00,997.2,1011,6.3,84,NA
2021-06-02 12:00:00,999.8,1013.9,5.5,85,NA
2021-06-02 15:00:00,1002.1,1016.1,10.2,70,NA
2021-06-02 18:00:00,1001.8,1015.9,12.3,49,NA
2021-06-02 21:00:00,1001,1015.1,10.2,58,NA
2021-06-03 00:00:00,NA,1016,7.9,72,NA
2021-06-03 21:00:00,990.6,NA,NA,NA,NA
2021-06-04 00:00:00,991.4,NA,NA,NA,NA
2021-06-04 03:00:00,991.8,1005.6,15.3,66,NA
2021-06-04 06:00:00,992.6,1006.3,13.2,68,NA
2021-06-04 09:00:00,995,1008.8,12.5,77,NA
2021-06-04 12:00:00,996.2,1010.1,9.4,82,NA
2021-06-04 15:00:00,997.6,1011.3,12,83,NA
2021-06-04 18:00:00,997,1010.8,14,67,NA
2021-06-04 21:00:00,997.7,1011.5,11.9,78,NA
2021-06-05 00:00:00,NA,1012.9,9.6,85,NA
2021-06-06 00:00:00,1005.7,NA,NA,NA,NA
2021-06-06 03:00:00,1006.4,1020.5,3.8,79,NA
2021-06-06 06:00:00,1006.2,1020.4,3.1,76,NA
2021-06-06 09:00:00,1006.9,1021.1,2.4,74,NA
2021-06-06 12:00:00,1007.7,1022.1,0.7,79,NA
2021-06-06 15:00:00,1008.1,1022.3,12.3,49,NA
2021-06-06 18:00:00,1007.6,1021.7,13.4,35,NA
2021-06-06 21:00:00,1006.6,1020.9,10.6,50,NA
2021-06-07 00:00:00,NA,1021.1,8.3,61,NA
2021-06-07 21:00:00,1006.2,NA,NA,NA,NA
2021-06-08 00:00:00,1006.5,NA,NA,NA,NA
2021-06-08 03:00:00,1006.5,1020.6,6.5,90,NA
2021-06-08 06:00:00,1006.6,1020.8,4.8,84,NA
2021-06-08 09:00:00,NA,1020.1,5.2,92,NA
2021-06-08 12:00:00,NA,1019.3,6.6,97,NA
2021-06-08 15:00:00,NA,1018.5,12.5,83,NA
2021-06-08 18:00:00,NA,1016.4,15.5,74,NA
2021-06-08 21:00:00,NA,1017.3,12.8,82,NA
2021-06-09 00:00:00,NA,1018,10.4,91,NA
2021-06-10 00:00:00,1002.2,NA,NA,NA,NA
2021-06-10 03:00:00,1002.9,1016.7,13.6,88,NA
2021-06-10 06:00:00,1003.3,1017,13.2,87,NA
2021-06-10 09:00:00,1002,1015.8,11.9,88,NA
2021-06-10 12:00:00,1002.9,1016.8,9.4,63,NA
2021-06-10 15:00:00,1005.6,1019.5,11.2,52,NA
2021-06-10 18:00:00,1005,1019,13.1,44,NA
2021-06-10 21:00:00,1004.5,1018.4,10.5,52,NA
2021-06-11 00:00:00,NA,1020.8,7.3,61,NA
2021-06-12 00:00:00,999.3,NA,NA,NA,NA
2021-06-12 03:00:00,998.8,1012.7,8.5,77,NA
2021-06-12 06:00:00,997.6,1011.4,8,79,NA
2021-06-12 09:00:00,NA,1011,8.4,78,NA
2021-06-12 12:00:00,998.2,1012.3,8.6,79,NA
2021-06-12 15:00:00,997.6,1011.3,19.6,49,NA
2021-06-12 18:00:00,996.4,1010,22.8,30,NA
2021-06-12 21:00:00,997,1010.9,17.5,65,NA
2021-06-13 00:00:00,NA,1011.8,14.5,73,NA
2021-06-14 00:00:00,999.7,NA,NA,NA,NA
2021-06-14 03:00:00,1001.4,1015.3,11.8,93,NA
2021-06-14 06:00:00,1003.2,1017,10.4,88,NA
2021-06-14 09:00:00,1004.2,1018.2,9.4,91,NA
2021-06-14 12:00:00,1006.5,1020.5,8.1,87,NA
2021-06-14 15:00:00,1008.5,1022.5,10.7,70,NA
2021-06-14 18:00:00,1008.9,1023,10.1,65,NA
2021-06-14 21:00:00,1010.8,1025,7.8,63,NA
2021-06-15 00:00:00,NA,1024.7,6,72,NA
2021-06-16 03:00:00,NA,1032.2,3.5,87,NA
2021-06-16 06:00:00,NA,1032.4,3,86,NA
2021-06-16 08:00:00,NA,1032.4,3.5,91,NA
2021-06-16 09:00:00,NA,1032.4,3.5,91,NA
2021-06-16 12:00:00,NA,1034.1,4.2,90,NA
2021-06-16 15:00:00,1018.8,1033.2,8.6,74,NA
2021-06-16 18:00:00,1017.3,1031.7,8.6,63,NA
2021-06-16 21:00:00,1019.2,1033.6,7,80,NA
2021-06-17 00:00:00,NA,1033.2,5.6,88,NA
2021-06-18 00:00:00,1016.8,NA,NA,NA,NA
2021-06-18 03:00:00,NA,1031.3,5.5,90,NA
2021-06-18 06:00:00,1018.9,1033.3,4.1,89,NA
2021-06-18 09:00:00,1016.1,1030.5,3.7,87,NA
2021-06-18 12:00:00,1016.4,1030.9,2.7,89,NA
2021-06-18 15:00:00,1016.1,1030.4,8.7,54,NA
2021-06-18 18:00:00,1014.2,1028.5,8.5,52,NA
2021-06-18 21:00:00,1014.4,1028.7,7.5,63,NA
2021-06-19 00:00:00,NA,1029.3,6.5,67,NA
2021-06-19 21:00:00,1010.4,NA,NA,NA,NA
2021-06-20 00:00:00,1010,NA,NA,NA,NA
2021-06-20 03:00:00,1008.9,1023.2,4.3,81,NA
2021-06-20 06:00:00,1008.8,1023,6,78,NA
2021-06-20 09:00:00,NA,1022.6,4.8,79,NA
2021-06-20 12:00:00,1008.1,1022.4,5.8,76,NA
2021-06-20 15:00:00,1007.6,1021.8,11.4,58,NA
2021-06-20 18:00:00,1006.6,1020.8,13.4,47,NA
2021-06-20 21:00:00,1006.9,1021.1,10,63,NA
2021-06-21 00:00:00,NA,1021.4,5,78,NA
2021-06-21 21:00:00,1005.6,NA,NA,NA,NA
2021-06-22 00:00:00,1007.2,NA,NA,NA,NA
2021-06-22 03:00:00,1007.4,1021.6,7.1,88,NA
2021-06-22 06:00:00,1008.1,1022.1,9,88,NA
2021-06-22 09:00:00,1008.1,1022.2,8.3,89,NA
2021-06-22 12:00:00,1008.8,1023,7.7,90,NA
2021-06-22 15:00:00,NA,1023.7,9.2,86,NA
2021-06-22 18:00:00,NA,1021.6,11.1,75,NA
2021-06-22 21:00:00,NA,1020.9,10.5,73,NA
2021-06-23 00:00:00,NA,1020.5,10.1,74,NA
2021-06-24 00:00:00,999.7,NA,NA,NA,NA
2021-06-24 03:00:00,998.8,1012.7,9.8,92,NA
2021-06-24 06:00:00,998.5,1012.4,7,93,NA
2021-06-24 09:00:00,NA,1012.7,5.6,94,NA
2021-06-24 12:00:00,998.6,1012.7,6.8,88,NA
2021-06-24 15:00:00,997,1010.9,13.5,46,NA
2021-06-24 18:00:00,994.6,1008.5,16,33,NA
2021-06-24 21:00:00,995.6,1009.5,12.4,49,NA
2021-06-25 00:00:00,NA,1009.7,9,61,NA
2021-06-26 00:00:00,1000,NA,NA,NA,NA
2021-06-26 03:00:00,1001.3,1015.2,8.6,85,NA
2021-06-26 06:00:00,1002.1,1016,7.7,79,NA
2021-06-26 09:00:00,1002.4,1016.4,6.3,64,NA
2021-06-26 12:00:00,NA,1017.8,5.3,76,NA
2021-06-26 15:00:00,NA,1018.1,9,65,NA
2021-06-26 18:00:00,NA,1020.2,10.6,46,NA
2021-06-26 21:00:00,NA,1018.9,8.4,68,NA
2021-06-27 00:00:00,NA,1018.2,6.8,93,NA
2021-06-28 03:00:00,NA,1021.3,6.9,83,NA
2021-06-28 06:00:00,NA,1021.7,6.5,87,NA
2021-06-28 09:00:00,NA,1022.1,6,88,NA
2021-06-28 12:00:00,NA,1023.2,5.5,76,NA
2021-06-28 15:00:00,NA,1023.9,6.6,90,NA
2021-06-28 18:00:00,NA,1023.9,6.8,83,NA
2021-06-28 21:00:00,NA,1024.8,6.6,88,NA
2021-06-29 00:00:00,NA,1025.4,6.5,85,NA
2021-06-30 00:00:00,1012.1,NA,NA,NA,NA
2021-06-30 03:00:00,1011.2,1025.5,2.8,89,NA
2021-06-30 06:00:00,1011.3,1025.6,2.3,91,NA
2021-06-30 09:00:00,1010,1024.3,2.1,89,NA
2021-06-30 12:00:00,1009.7,1024.1,2.5,86,NA
2021-06-30 15:00:00,1008.9,1023.2,7.6,72,NA
2021-06-30 18:00:00,1006.5,1020.8,9,67,NA
2021-06-30 21:00:00,1005.2,1019.5,7.8,72,NA
2021-07-01 00:00:00,NA,1019.9,7.2,76,NA
