2021-01-07 00:00:00,978.1,NA,NA,NA,NA
2021-01-07 12:00:00,981.9,1011.7,22.5,41,NA
2021-01-07 18:00:00,979.7,1009.8,29.6,14,NA
2021-01-08 00:00:00,NA,1010,26.6,29,NA
2021-01-09 00:00:00,976.6,NA,NA,NA,NA
2021-01-09 12:00:00,979.4,1009.7,20.1,42,NA
2021-01-09 18:00:00,974.6,1002.9,31.7,13,NA
2021-01-10 00:00:00,NA,1006.9,27,21,NA
2021-01-11 00:00:00,973.1,NA,NA,NA,NA
2021-01-11 12:00:00,982.1,1012.5,14,45,NA
2021-01-11 18:00:00,984.3,1015.4,21,35,NA
2021-01-12 00:00:00,NA,1016.7,20.2,21,NA
2021-01-13 00:00:00,982.9,NA,NA,NA,NA
2021-01-13 12:00:00,986.5,1017,18.1,36,NA
2021-01-13 18:00:00,981.5,1011.9,34,32,NA
2021-01-14 00:00:00,NA,1010.9,22.2,73,NA
2021-01-15 00:00:00,976.3,NA,NA,NA,NA
2021-01-15 12:00:00,978.1,1008.2,20,50,NA
2021-01-15 18:00:00,975.3,1005,28,30,NA
2021-01-16 00:00:00,NA,1009.8,19.9,66,NA
2021-01-17 00:00:00,980.7,NA,NA,NA,NA
2021-01-17 12:00:00,983.7,1014.1,21.1,48,NA
2021-01-17 18:00:00,NA,1010.7,31.5,21,NA
2021-01-18 00:00:00,NA,1007.8,28.7,16,NA
2021-01-19 12:00:00,NA,1011.3,25.8,45,NA
2021-01-19 18:00:00,NA,1007.3,36.6,24,NA
2021-01-20 00:00:00,NA,1008.1,31.9,43,NA
2021-01-21 12:00:00,NA,1010.5,28.4,43,NA
2021-01-21 18:00:00,NA,1007.3,38.3,20,NA
2021-01-22 00:00:00,NA,1004.3,37.7,38,NA
2021-01-23 12:00:00,NA,1007.4,27.6,67,NA
2021-01-23 18:00:00,NA,1004.2,39.5,21,NA
2021-01-24 00:00:00,NA,1003.3,31.9,35,NA
2021-01-25 12:00:00,NA,1007,22.6,34,NA
2021-01-25 18:00:00,NA,1002.5,31.9,24,NA
2021-01-26 00:00:00,NA,1004.3,28.6,16,NA
2021-01-26 12:00:00,979.7,NA,18.3,45,NA
2021-01-26 18:00:00,977.5,NA,29.5,17,NA
2021-01-27 12:00:00,NA,1012.2,19,41,NA
2021-01-27 18:00:00,NA,1007.9,22,36,NA
2021-01-28 00:00:00,NA,1008.3,22.5,31,NA
2021-01-29 12:00:00,NA,1006.6,15.3,89,NA
2021-01-29 18:00:00,NA,1006.9,19,72,NA
2021-01-30 00:00:00,NA,1005.9,19.4,74,NA
2021-01-31 00:00:00,985.8,NA,NA,NA,NA
2021-01-31 12:00:00,987.9,1019.4,15,85,NA
2021-01-31 18:00:00,987,1017.8,20.6,57,NA
2021-02-01 00:00:00,986.3,1017.4,19.5,55,NA
2021-02-02 00:00:00,985.1,NA,NA,NA,NA
2021-02-02 12:00:00,985.3,1016,15.4,69,NA
2021-02-02 18:00:00,983.9,1014.2,29.7,23,NA
2021-02-03 00:00:00,NA,1013.3,25.2,42,NA
2021-02-04 00:00:00,983.1,NA,NA,NA,NA
2021-02-04 12:00:00,988.5,1018.6,21,43,NA
2021-02-04 18:00:00,985.1,1014.9,34.6,25,NA
2021-02-05 00:00:00,NA,1013.1,30,40,NA
2021-02-05 12:00:00,NA,1013.3,21.5,49,NA
2021-02-05 18:00:00,NA,1009,36.8,15,NA
2021-02-06 00:00:00,975.8,1005.4,32.2,27,NA
2021-02-06 12:00:00,984.3,NA,NA,NA,NA
2021-02-06 18:00:00,980.3,NA,NA,NA,NA
2021-02-08 00:00:00,988.7,NA,NA,NA,NA
2021-02-08 12:00:00,NA,1010.1,15.2,73,NA
2021-02-08 18:00:00,NA,1021.1,22.8,41,NA
2021-02-09 00:00:00,NA,1019.4,20.6,54,NA
2021-02-10 12:00:00,NA,1016.8,21,66,NA
2021-02-10 18:00:00,NA,1013.3,30.5,27,NA
2021-02-11 00:00:00,981.7,NA,27,38,NA
2021-02-11 12:00:00,982.7,NA,22,58,NA
2021-02-11 18:00:00,979.3,NA,32.2,34,NA
2021-02-12 12:00:00,NA,1010.5,23,57,NA
2021-02-12 18:00:00,NA,1009.5,32.6,28,NA
2021-02-13 00:00:00,978.6,NA,27.8,40,NA
2021-02-13 12:00:00,979,NA,23,60,NA
2021-02-13 18:00:00,974.9,NA,33.8,27,NA
2021-02-14 12:00:00,NA,1009.8,20.6,43,NA
2021-02-14 18:00:00,NA,1008.6,29.7,28,NA
2021-02-15 00:00:00,978.9,NA,25.1,38,NA
2021-02-15 12:00:00,989.5,NA,15,70,NA
2021-02-15 18:00:00,988.5,NA,20.6,50,NA
2021-02-16 12:00:00,NA,1014.6,15,65,NA
2021-02-16 18:00:00,NA,1011,30.6,31,NA
2021-02-17 00:00:00,977.9,NA,25.7,47,NA
2021-02-17 12:00:00,980.7,NA,22,50,NA
2021-02-17 18:00:00,979.3,NA,28.8,26,NA
2021-02-18 12:00:00,NA,1009.7,18.6,52,NA
2021-02-18 18:00:00,976.7,NA,29,19,NA
2021-02-19 00:00:00,978.1,NA,22.3,40,NA
2021-02-19 12:00:00,989.3,NA,13.4,34,NA
2021-02-19 18:00:00,986.6,NA,NA,NA,NA
2021-02-20 12:00:00,NA,1016.4,14.8,38,NA
2021-02-20 18:00:00,NA,1011.5,27.8,22,NA
2021-02-21 00:00:00,979.7,NA,22.2,43,NA
2021-02-21 12:00:00,981.1,NA,19,49,NA
2021-02-21 18:00:00,976.9,NA,31,22,NA
2021-02-22 12:00:00,NA,1014.7,18.1,50,NA
2021-02-22 18:00:00,NA,1013.9,25.6,27,NA
2021-02-23 00:00:00,981.5,NA,24,33,NA
2021-02-23 12:00:00,985.8,NA,17,54,NA
2021-02-23 18:00:00,984.5,NA,29,27,NA
2021-02-24 12:00:00,NA,1015.1,17,61,NA
2021-02-24 18:00:00,NA,1011.8,34.1,22,NA
2021-02-25 00:00:00,979.8,NA,28,45,NA
2021-02-25 12:00:00,980.7,NA,19.4,60,NA
2021-02-25 18:00:00,978.1,NA,35.4,22,NA
2021-02-26 12:00:00,NA,1006.7,22.6,60,NA
2021-02-26 18:00:00,NA,1008.6,26.3,33,NA
2021-02-27 00:00:00,980.2,NA,24.9,60,NA
2021-02-27 12:00:00,983.3,NA,19.7,73,NA
2021-02-27 18:00:00,979,NA,33.6,43,NA
2021-02-28 12:00:00,NA,1011.7,21.4,57,NA
2021-02-28 18:00:00,NA,1008.2,33.2,25,NA
2021-03-01 00:00:00,NA,1007.3,27.5,40,NA
2021-03-02 12:00:00,NA,1013.3,19,64,NA
2021-03-02 18:00:00,982.7,1012.9,24.7,58,NA
2021-03-03 00:00:00,NA,1011,24,62,NA
2021-03-04 00:00:00,982.1,NA,NA,NA,NA
2021-03-04 12:00:00,986.2,1016.7,19.6,86,NA
2021-03-04 18:00:00,987.5,1017.9,22.2,66,NA
2021-03-05 00:00:00,NA,1016.6,21.6,69,NA
2021-03-06 00:00:00,979.7,NA,NA,NA,NA
2021-03-06 12:00:00,978.5,1008.9,19.9,81,NA
2021-03-06 18:00:00,975.4,1005,34.2,35,NA
2021-03-07 00:00:00,NA,1005.1,26.7,63,NA
2021-03-08 00:00:00,979,NA,NA,NA,NA
2021-03-08 12:00:00,990.2,1021,15.4,58,NA
2021-03-08 18:00:00,986.1,1016.2,28.2,48,NA
2021-03-09 00:00:00,NA,1013.7,21.3,55,NA
2021-03-09 18:00:00,976.7,NA,NA,NA,NA
2021-03-10 00:00:00,974.1,NA,NA,NA,NA
2021-03-10 12:00:00,976.1,1006.3,17.2,44,NA
2021-03-10 18:00:00,972.5,1001.7,35,12,NA
2021-03-11 00:00:00,NA,1006.7,25,33,NA
2021-03-12 00:00:00,982.1,NA,NA,NA,NA
2021-03-12 12:00:00,985.7,1016.4,16.4,57,NA
2021-03-12 18:00:00,983,1013.4,28,28,NA
2021-03-13 00:00:00,NA,1013,22.3,60,NA
2021-03-14 12:00:00,NA,1018.4,15.6,78,NA
2021-03-14 18:00:00,NA,1014.9,26.5,44,NA
2021-03-15 00:00:00,NA,1012.5,22.8,58,NA
2021-03-15 12:00:00,979,NA,19,79,NA
2021-03-15 18:00:00,976.1,NA,31.2,43,NA
2021-03-16 12:00:00,NA,1011.8,17,53,NA
2021-03-16 18:00:00,NA,1012.2,23,46,NA
2021-03-17 00:00:00,984.7,NA,27.5,52,NA
2021-03-18 12:00:00,NA,1019.8,11.4,71,NA
2021-03-18 18:00:00,NA,1015.2,19.9,42,NA
2021-03-19 00:00:00,982.7,NA,16.1,67,NA
2021-03-19 12:00:00,981.7,NA,12.7,80,NA
2021-03-19 18:00:00,974.7,NA,25.5,39,NA
2021-03-20 12:00:00,NA,1016.2,15.6,61,NA
2021-03-20 18:00:00,NA,1016.2,23.9,57,NA
2021-03-21 00:00:00,986.5,NA,19.9,45,NA
2021-03-21 12:00:00,990.7,NA,14.9,54,NA
2021-03-21 18:00:00,985.3,NA,28.5,21,NA
2021-03-22 12:00:00,NA,1018,15.2,69,NA
2021-03-22 18:00:00,NA,1014.3,29,33,NA
2021-03-23 00:00:00,983.7,NA,21,70,NA
2021-03-23 12:00:00,980.6,NA,14.2,79,NA
2021-03-23 18:00:00,977.7,NA,28.7,29,NA
2021-03-24 12:00:00,NA,1016.8,15,53,NA
2021-03-24 18:00:00,NA,1015.1,23,33,NA
2021-03-25 00:00:00,985,NA,18.1,37,NA
2021-03-25 12:00:00,989.9,NA,11.6,73,NA
2021-03-25 18:00:00,989.4,NA,18.4,46,NA
2021-03-26 12:00:00,NA,1022.6,10.8,81,NA
2021-03-26 18:00:00,NA,1019.2,24,30,NA
2021-03-27 00:00:00,987.9,NA,15.8,50,NA
2021-03-27 12:00:00,989.8,NA,8.2,79,NA
2021-03-27 18:00:00,986.9,NA,26.3,17,NA
2021-03-28 12:00:00,NA,1019,6.8,74,NA
2021-03-28 18:00:00,NA,1016.3,27.2,24,NA
2021-03-29 00:00:00,982.6,NA,16.9,69,NA
2021-03-29 12:00:00,987,NA,10.6,56,NA
2021-03-29 18:00:00,984.3,NA,27.5,25,NA
2021-03-30 12:00:00,NA,1015.6,14.4,73,NA
2021-03-30 18:00:00,NA,1012.3,29.2,30,NA
2021-03-31 00:00:00,981.4,NA,23.4,42,NA
2021-03-31 12:00:00,984.1,NA,16.8,70,NA
2021-03-31 18:00:00,983.1,NA,28,34,NA
2021-04-01 12:00:00,NA,1016,14,86,NA
2021-04-01 18:00:00,NA,1012.7,26.8,37,NA
2021-04-02 00:00:00,981.7,NA,24,41,NA
2021-04-02 12:00:00,982.5,NA,16.9,69,NA
2021-04-02 18:00:00,980.9,NA,27.1,47,NA
2021-04-03 12:00:00,NA,1015.9,14.9,88,NA
2021-04-03 18:00:00,NA,1011.1,26.7,47,NA
2021-04-04 00:00:00,980.9,NA,21.3,73,NA
2021-04-04 12:00:00,979.8,NA,16.3,90,NA
2021-04-04 18:00:00,974.2,NA,32.3,32,NA
2021-04-05 12:00:00,NA,1009,17.4,73,NA
2021-04-05 18:00:00,NA,1007.5,25.2,63,NA
2021-04-06 00:00:00,978.7,NA,22.1,81,NA
2021-04-06 12:00:00,982.2,NA,14,99,NA
2021-04-06 18:00:00,977.4,NA,29.6,41,NA
2021-04-07 12:00:00,NA,1012.3,15,71,NA
2021-04-07 18:00:00,NA,1010.9,25.1,45,NA
2021-04-08 00:00:00,NA,1011.8,18.5,69,NA
2021-04-08 12:00:00,982.1,NA,12,68,NA
2021-04-08 18:00:00,980.6,NA,23,32,NA
2021-04-09 12:00:00,NA,1018.4,11.2,67,NA
2021-04-09 18:00:00,NA,1016.7,19.8,36,NA
2021-04-10 00:00:00,NA,1017.9,17.3,58,NA
2021-04-11 12:00:00,NA,1018.3,13.2,49,NA
2021-04-11 18:00:00,NA,1016.3,25,35,NA
2021-04-12 00:00:00,NA,1013.9,17.2,55,NA
2021-04-13 12:00:00,987.1,1018.3,11,80,NA
2021-04-13 18:00:00,984.7,1015.5,26.4,35,NA
2021-04-14 00:00:00,NA,1012.2,18.7,64,NA
2021-04-15 00:00:00,978.5,NA,NA,NA,NA
2021-04-15 12:00:00,982.7,1013.4,13.7,72,NA
2021-04-15 18:00:00,982.5,1013.4,24,35,NA
2021-04-16 00:00:00,NA,1012.2,19,61,NA
2021-04-17 00:00:00,983.9,NA,NA,NA,NA
2021-04-17 12:00:00,987,1018.4,9.7,67,NA
2021-04-17 18:00:00,981.5,1012.7,21.1,41,NA
2021-04-18 00:00:00,NA,1014.2,17,59,NA
2021-04-19 00:00:00,979.8,NA,NA,NA,NA
2021-04-19 12:00:00,978.7,1009.6,15.8,93,NA
2021-04-19 18:00:00,977,1007.5,29.1,48,NA
2021-04-20 00:00:00,NA,1006.7,21,76,NA
2021-04-21 00:00:00,977.4,NA,NA,NA,NA
2021-04-21 12:00:00,982.9,1014.1,13.2,97,NA
2021-04-21 18:00:00,982.2,1013,18.3,65,NA
2021-04-22 00:00:00,NA,1011.9,16.5,77,NA
2021-04-23 00:00:00,982.5,NA,NA,NA,NA
2021-04-23 12:00:00,NA,1014.7,10.8,80,NA
2021-04-23 18:00:00,NA,1014.9,21.4,37,NA
2021-04-24 00:00:00,NA,1017.1,14.2,75,NA
2021-04-25 12:00:00,NA,1022.7,7.4,88,NA
2021-04-25 18:00:00,NA,1017.1,21.1,41,NA
2021-04-26 00:00:00,NA,1018.8,14.9,71,NA
2021-04-27 12:00:00,NA,1015.8,8,90,NA
2021-04-27 18:00:00,NA,1012.6,22.4,48,NA
2021-04-28 00:00:00,982.1,NA,16.2,79,NA
2021-04-28 12:00:00,987.4,NA,8,89,NA
2021-04-28 18:00:00,985.9,NA,23,42,NA
2021-04-29 12:00:00,NA,1015.4,9.6,89,NA
2021-04-29 18:00:00,NA,1013.4,22.8,52,NA
2021-04-30 00:00:00,981.7,NA,16.3,84,NA
2021-04-30 12:00:00,980.1,NA,9.4,91,NA
2021-04-30 18:00:00,977.1,NA,19,40,NA
2021-05-01 12:00:00,NA,1012.5,13.8,77,NA
2021-05-01 18:00:00,NA,1011.1,16,65,NA
2021-05-02 00:00:00,981.8,NA,15,60,NA
2021-05-02 12:00:00,983,NA,11.6,84,NA
2021-05-02 18:00:00,980.1,NA,15.2,69,NA
2021-05-03 12:00:00,NA,1014.5,10,77,NA
2021-05-03 18:00:00,NA,1016.6,14.2,46,NA
2021-05-04 00:00:00,988.7,NA,10.6,63,NA
2021-05-04 12:00:00,999.5,NA,0.8,84,NA
2021-05-04 18:00:00,997.7,NA,13.2,35,NA
2021-05-05 12:00:00,NA,1028.3,1.7,87,NA
2021-05-05 18:00:00,NA,1026.7,14.8,44,NA
2021-05-06 00:00:00,995,NA,9,75,NA
2021-05-06 12:00:00,995,NA,1.2,92,NA
2021-05-06 18:00:00,992.1,NA,17.1,42,NA
2021-05-07 12:00:00,NA,1021.2,5.2,84,NA
2021-05-07 18:00:00,NA,1019,17.8,48,NA
2021-05-08 00:00:00,985.4,NA,15.2,66,NA
2021-05-08 12:00:00,985.5,NA,8.5,87,NA
2021-05-08 18:00:00,984.1,NA,15.2,66,NA
2021-05-09 12:00:00,NA,1021.6,5,93,NA
2021-05-09 18:00:00,NA,1021,18.7,31,NA
2021-05-10 00:00:00,993.4,NA,12,46,NA
2021-05-10 12:00:00,997.7,NA,1.1,87,NA
2021-05-10 18:00:00,995,NA,15.5,36,NA
2021-05-11 12:00:00,NA,1023.5,2.7,79,NA
2021-05-11 18:00:00,988.1,NA,16,46,NA
2021-05-12 00:00:00,986.2,NA,8.7,82,NA
2021-05-12 12:00:00,985.8,NA,3.6,90,NA
2021-05-12 18:00:00,983.7,NA,20,38,NA
2021-05-13 12:00:00,NA,1018,3.1,85,NA
2021-05-13 18:00:00,NA,1016.6,17.6,41,NA
2021-05-14 00:00:00,985.5,NA,12.4,56,NA
2021-05-14 12:00:00,985.8,NA,4.6,90,NA
2021-05-14 18:00:00,985,NA,16.3,53,NA
2021-05-15 12:00:00,NA,1019.2,3.7,91,NA
2021-05-15 18:00:00,NA,1017.2,16.5,53,NA
2021-05-16 00:00:00,988.2,NA,10.7,78,NA
2021-05-16 12:00:00,990.3,NA,2,93,NA
2021-05-16 18:00:00,989.5,NA,17.8,51,NA
2021-05-17 12:00:00,NA,1019,6.6,81,NA
2021-05-17 18:00:00,NA,1018.7,14.7,59,NA
2021-05-18 00:00:00,986.2,NA,11.7,70,NA
2021-05-18 12:00:00,984.5,NA,5.8,89,NA
2021-05-18 18:00:00,981,NA,15,66,NA
2021-05-19 12:00:00,NA,1011.7,11.5,88,NA
2021-05-19 18:00:00,980.9,NA,16.2,75,NA
2021-05-20 12:00:00,982.9,NA,12.2,97,NA
2021-05-20 18:00:00,982.9,NA,12.4,93,NA
2021-05-21 12:00:00,NA,1018.6,10.2,64,NA
2021-05-21 18:00:00,NA,1017,14.6,49,NA
2021-05-22 00:00:00,986.9,NA,13.1,51,NA
2021-05-22 12:00:00,988.5,NA,8.2,59,NA
2021-05-22 18:00:00,986.9,NA,16.9,38,NA
2021-05-23 12:00:00,NA,1021.9,6.9,73,NA
2021-05-23 18:00:00,NA,1015.6,16.8,41,NA
2021-05-24 00:00:00,NA,1012.9,14,55,NA
2021-05-25 12:00:00,NA,1018.3,10.5,51,NA
2021-05-25 18:00:00,NA,1015.5,14.9,48,NA
2021-05-26 00:00:00,NA,1015.8,11.8,62,NA
2021-05-27 12:00:00,972.6,1003,19.1,46,NA
2021-05-27 18:00:00,969.8,1000.2,21.8,44,NA
2021-05-28 00:00:00,NA,1000.3,15.2,39,NA
2021-05-29 00:00:00,981.3,NA,NA,NA,NA
2021-05-29 12:00:00,987,1018.7,7.1,58,NA
2021-05-29 18:00:00,985.5,1017.4,11.4,44,NA
2021-05-30 00:00:00,NA,1018.7,10.2,50,NA
2021-05-31 00:00:00,980.1,NA,NA,NA,NA
2021-05-31 12:00:00,981.7,1012.7,12,76,NA
2021-05-31 18:00:00,978.2,1009.3,15.6,70,NA
2021-06-01 00:00:00,NA,1008.3,19.2,49,NA
2021-06-02 00:00:00,979.3,NA,NA,NA,NA
2021-06-02 12:00:00,986.7,1018.4,6,71,NA
2021-06-02 18:00:00,982.5,1013.7,12.5,50,NA
2021-06-03 00:00:00,NA,1012.7,9.8,63,NA
2021-06-04 00:00:00,973.8,NA,NA,NA,NA
2021-06-04 12:00:00,979.1,1009.7,10.6,71,NA
2021-06-04 18:00:00,980.7,1011.8,15.3,61,NA
2021-06-05 00:00:00,NA,1015.5,12.7,53,NA
2021-06-06 00:00:00,989.4,NA,NA,NA,NA
2021-06-06 12:00:00,986.1,1018.2,5.5,62,NA
2021-06-06 18:00:00,982.9,1014.7,13.1,54,NA
2021-06-07 00:00:00,NA,1016.3,9.8,64,NA
2021-06-08 00:00:00,984.3,NA,NA,NA,NA
2021-06-08 12:00:00,NA,1009.9,8.6,73,NA
2021-06-08 18:00:00,NA,1008.6,13.6,63,NA
2021-06-09 00:00:00,NA,1011.1,10.6,69,NA
2021-06-10 00:00:00,984.1,NA,NA,NA,NA
2021-06-10 12:00:00,993.9,1025.6,5.6,68,NA
2021-06-10 18:00:00,992.7,1024.6,13.6,41,NA
2021-06-11 00:00:00,NA,1023.6,9,56,NA
2021-06-12 00:00:00,983.9,NA,NA,NA,NA
2021-06-12 12:00:00,978.5,1009.3,13.9,58,NA
2021-06-12 18:00:00,977,1007.4,24.4,40,NA
2021-06-13 00:00:00,NA,1007.8,15,69,NA
2021-06-14 00:00:00,986.7,NA,NA,NA,NA
2021-06-14 12:00:00,997.4,1029.9,3.1,65,NA
2021-06-14 18:00:00,996.7,1029.1,10.6,38,NA
2021-06-15 00:00:00,NA,1031.8,4.1,61,NA
2021-06-16 12:00:00,999.5,1032.3,2,72,NA
2021-06-16 18:00:00,998.9,1031.6,9.2,42,NA
2021-06-17 00:00:00,NA,1031,6,56,NA
2021-06-18 00:00:00,997.7,NA,NA,NA,NA
2021-06-18 12:00:00,995.1,1027.9,1,92,NA
2021-06-18 18:00:00,993.8,1027,3.2,97,NA
2021-06-19 00:00:00,NA,1025.9,3.8,95,NA
2021-06-20 00:00:00,990.5,NA,NA,NA,NA
2021-06-20 12:00:00,997.7,1031.3,-2.2,96,NA
2021-06-20 18:00:00,986.6,1019.4,2.3,95,NA
2021-06-21 00:00:00,NA,1019.4,3.8,90,NA
2021-06-21 18:00:00,982.7,NA,NA,NA,NA
2021-06-22 00:00:00,985,NA,NA,NA,NA
2021-06-22 12:00:00,983,1015.1,5.5,86,NA
2021-06-22 18:00:00,NA,1011,9.2,75,NA
2021-06-23 00:00:00,NA,1011.4,8.6,81,NA
2021-06-24 00:00:00,980.5,NA,NA,NA,NA
2021-06-24 12:00:00,981.5,1014,8,76,NA
2021-06-24 18:00:00,979.3,1011,13.7,52,NA
2021-06-25 00:00:00,NA,1010.7,13.1,52,NA
2021-06-26 00:00:00,985.9,NA,NA,NA,NA
2021-06-26 12:00:00,NA,1025.4,2.5,62,NA
2021-06-26 18:00:00,NA,1027.2,10.4,27,NA
2021-06-27 00:00:00,NA,1029.5,6.4,61,NA
2021-06-28 12:00:00,NA,1033.1,-2.6,86,NA
2021-06-28 18:00:00,NA,1030.6,10,40,NA
2021-06-30 00:00:00,988.7,NA,NA,NA,NA
2021-06-30 12:00:00,983.1,1015.9,0.2,63,NA
2021-06-30 18:00:00,981.1,1013.1,5.4,79,NA
2021-07-01 00:00:00,NA,1015.8,3.1,73,NA
