2021-01-07 00:00:00,1000.5,NA,NA,NA,NA
2021-01-07 12:00:00,995.7,1004.8,24.8,45,NA
2021-01-07 18:00:00,998.6,1007.8,27.6,35,NA
2021-01-08 00:00:00,NA,1010.3,22.8,31,NA
2021-01-09 00:00:00,999,NA,NA,NA,NA
2021-01-09 12:00:00,998.5,1007.6,22.6,47,NA
2021-01-09 18:00:00,994.9,1003.9,33,9,NA
2021-01-10 00:00:00,NA,1002.4,28.6,30,NA
2021-01-10 18:00:00,996.1,NA,NA,NA,NA
2021-01-11 00:00:00,992.6,NA,NA,NA,NA
2021-01-11 12:00:00,998.5,1007.6,21.8,45,NA
2021-01-11 18:00:00,1002.5,1011.7,23.4,20,NA
2021-01-12 00:00:00,NA,1015,20,16,NA
2021-01-13 00:00:00,1004,NA,NA,NA,NA
2021-01-13 12:00:00,1010,1019.2,22.2,56,NA
2021-01-13 18:00:00,1006.9,1016.1,32.8,38,NA
2021-01-14 00:00:00,NA,1014.5,27.6,50,NA
2021-01-15 00:00:00,997.8,NA,NA,NA,NA
2021-01-15 12:00:00,996.6,1005.8,21.4,62,NA
2021-01-15 18:00:00,993.7,1002.8,29.2,31,NA
2021-01-16 00:00:00,NA,1002.7,25.6,32,NA
2021-01-17 00:00:00,1002.2,NA,NA,NA,NA
2021-01-17 12:00:00,1003.6,1012.9,20.2,53,NA
2021-01-17 18:00:00,NA,1010.5,29.8,30,NA
2021-01-18 00:00:00,NA,1008.2,26.2,39,NA
2021-01-19 12:00:00,NA,1011.5,27.2,55,NA
2021-01-19 18:00:00,NA,1009.3,38.8,30,NA
2021-01-20 00:00:00,NA,1010.6,31.6,35,NA
2021-01-21 12:00:00,NA,1014.6,27.6,60,NA
2021-01-21 18:00:00,NA,1011.4,37,38,NA
2021-01-22 00:00:00,NA,1011.2,33.4,39,NA
2021-01-23 12:00:00,NA,1008.8,29.4,73,NA
2021-01-23 18:00:00,NA,1005.8,40.2,37,NA
2021-01-24 00:00:00,NA,1004.6,36.2,33,NA
2021-01-25 12:00:00,NA,1005.2,27,43,NA
2021-01-25 18:00:00,NA,1003.2,34,33,NA
2021-01-26 00:00:00,NA,1003.8,27.2,49,NA
2021-01-26 12:00:00,996.5,NA,22.2,58,NA
2021-01-26 18:00:00,996,NA,30.6,45,NA
2021-01-27 12:00:00,NA,1009.8,18.8,87,NA
2021-01-27 18:00:00,NA,1003.9,28.6,42,NA
2021-01-28 00:00:00,NA,1006.1,22.6,43,NA
2021-01-29 12:00:00,NA,1002.7,20.2,61,NA
2021-01-29 18:00:00,NA,1003.2,24.6,62,NA
2021-01-30 00:00:00,NA,1005.1,22.4,62,NA
2021-01-31 00:00:00,1008,NA,NA,NA,NA
2021-01-31 12:00:00,1011.4,1020.8,17.2,75,NA
2021-01-31 18:00:00,1009,1018.3,24.6,50,NA
2021-02-01 00:00:00,1009.3,1018.6,19.6,59,NA
2021-02-02 00:00:00,1005.2,NA,NA,NA,NA
2021-02-02 12:00:00,1006.1,1015.3,21,69,NA
2021-02-02 18:00:00,1004.9,1014,28.8,23,NA
2021-02-03 00:00:00,NA,1013.4,25.2,40,NA
2021-02-04 00:00:00,1006.9,NA,NA,NA,NA
2021-02-04 12:00:00,1010,1019.1,19.8,74,NA
2021-02-04 18:00:00,1008,1017.1,34.4,22,NA
2021-02-05 00:00:00,NA,1015.5,29.6,25,NA
2021-02-05 12:00:00,NA,1014.4,25.8,55,NA
2021-02-05 18:00:00,NA,1010.3,37.4,26,NA
2021-02-06 00:00:00,1000.4,1009.2,31.2,26,NA
2021-02-06 12:00:00,1005.6,NA,NA,NA,NA
2021-02-06 18:00:00,1001.8,NA,NA,NA,NA
2021-02-08 00:00:00,1012.5,NA,NA,NA,NA
2021-02-08 12:00:00,NA,1025,14.2,91,NA
2021-02-08 18:00:00,NA,1022.1,22.2,53,NA
2021-02-09 00:00:00,NA,1020.6,19.8,56,NA
2021-02-10 12:00:00,NA,1021.7,19.6,76,NA
2021-02-10 18:00:00,NA,1017.7,29.8,45,NA
2021-02-11 00:00:00,1006.5,NA,24.8,51,NA
2021-02-11 12:00:00,1007.3,NA,21.6,82,NA
2021-02-11 18:00:00,1003.6,NA,29.8,49,NA
2021-02-12 12:00:00,NA,1014,23.4,70,NA
2021-02-12 18:00:00,NA,1011.9,31.6,48,NA
2021-02-13 00:00:00,1002.8,NA,26.2,70,NA
2021-02-13 12:00:00,1000.4,NA,23,84,NA
2021-02-13 18:00:00,997.3,NA,29.2,48,NA
2021-02-14 12:00:00,NA,1004.7,22.6,88,NA
2021-02-14 18:00:00,NA,1006.4,29,56,NA
2021-02-15 00:00:00,1002.8,NA,22,55,NA
2021-02-15 12:00:00,1008.6,NA,16.4,75,NA
2021-02-15 18:00:00,1007.2,NA,24.8,38,NA
2021-02-16 12:00:00,NA,1014.9,16.4,74,NA
2021-02-16 18:00:00,NA,1010.9,29.6,35,NA
2021-02-17 00:00:00,999.6,NA,25.4,39,NA
2021-02-17 12:00:00,1000.2,NA,22.2,58,NA
2021-02-17 18:00:00,997,NA,35.2,19,NA
2021-02-18 12:00:00,NA,1008,21.8,45,NA
2021-02-18 18:00:00,NA,1004.7,33,29,NA
2021-02-19 00:00:00,996.5,NA,27.4,27,NA
2021-02-19 12:00:00,1007.7,NA,15,47,NA
2021-02-19 18:00:00,1005.2,NA,22.6,32,NA
2021-02-20 12:00:00,NA,1016.2,18,48,NA
2021-02-20 18:00:00,1002,NA,29,18,NA
2021-02-21 00:00:00,1001.2,NA,23,34,NA
2021-02-21 12:00:00,1000.9,NA,20,54,NA
2021-02-21 18:00:00,995.4,NA,33.4,25,NA
2021-02-22 12:00:00,NA,1012.3,17.2,69,NA
2021-02-22 18:00:00,NA,1010.7,27,38,NA
2021-02-23 00:00:00,1002.5,NA,22.2,38,NA
2021-02-23 12:00:00,1004.4,NA,15.6,65,NA
2021-02-23 18:00:00,1004.9,NA,29.8,31,NA
2021-02-24 12:00:00,NA,1014.9,18.6,70,NA
2021-02-24 18:00:00,NA,1010.3,34.4,29,NA
2021-02-25 00:00:00,999.8,NA,26.4,45,NA
2021-02-25 12:00:00,1001.8,NA,24,61,NA
2021-02-25 18:00:00,998.6,NA,39.4,27,NA
2021-02-26 12:00:00,NA,1009.6,26.4,70,NA
2021-02-26 18:00:00,999,NA,33,50,NA
2021-02-27 00:00:00,1003.6,NA,20,88,NA
2021-02-27 12:00:00,1005.8,NA,23.2,71,NA
2021-02-27 18:00:00,1004.6,NA,33.2,40,NA
2021-02-28 12:00:00,NA,1012.6,23.2,76,NA
2021-02-28 18:00:00,NA,1009.1,34.6,48,NA
2021-03-01 00:00:00,NA,1008.3,29.8,56,NA
2021-03-02 12:00:00,NA,1013.8,25.4,89,NA
2021-03-02 18:00:00,1001.8,1010.7,35,47,NA
2021-03-03 00:00:00,NA,1012.8,28.6,74,NA
2021-03-04 00:00:00,1002.8,NA,NA,NA,NA
2021-03-04 12:00:00,1005.3,1014.4,21.2,91,NA
2021-03-04 18:00:00,1007.2,1016.3,21,91,NA
2021-03-05 00:00:00,NA,1017.7,20.4,78,NA
2021-03-06 00:00:00,1001.8,NA,NA,NA,NA
2021-03-06 12:00:00,1001.4,1010.6,21.2,64,NA
2021-03-06 18:00:00,998,1006.9,33.6,43,NA
2021-03-07 00:00:00,NA,1006.5,29.4,50,NA
2021-03-08 00:00:00,999.4,NA,NA,NA,NA
2021-03-08 12:00:00,1011.8,1021.1,16.8,78,NA
2021-03-08 18:00:00,1010,1019.1,24.8,41,NA
2021-03-09 00:00:00,NA,1017.8,20.2,52,NA
2021-03-09 18:00:00,1001.8,NA,NA,NA,NA
2021-03-10 00:00:00,999,NA,NA,NA,NA
2021-03-10 12:00:00,996.6,1005.6,22.6,68,NA
2021-03-10 18:00:00,992.2,1001.1,32,54,NA
2021-03-11 00:00:00,NA,1002.6,28.4,44,NA
2021-03-12 00:00:00,1003.2,NA,NA,NA,NA
2021-03-12 12:00:00,1004.5,1013.7,19,60,NA
2021-03-12 18:00:00,1002.6,1011.8,31,33,NA
2021-03-13 00:00:00,NA,1012.4,23.8,49,NA
2021-03-14 12:00:00,NA,1018.7,16.8,90,NA
2021-03-14 18:00:00,NA,1016.8,27.2,46,NA
2021-03-15 00:00:00,NA,1015.1,22.8,65,NA
2021-03-15 12:00:00,1003.3,NA,19.4,98,NA
2021-03-15 18:00:00,998.5,NA,29.4,54,NA
2021-03-16 12:00:00,NA,1008.4,18.2,96,NA
2021-03-16 18:00:00,NA,1010.3,21.6,81,NA
2021-03-17 00:00:00,1008.1,NA,16.4,81,NA
2021-03-17 12:00:00,1015.7,NA,13.6,75,NA
2021-03-18 12:00:00,NA,1022.4,7.8,100,NA
2021-03-18 18:00:00,NA,1017.8,19.4,41,NA
2021-03-19 00:00:00,1006.4,NA,17.4,49,NA
2021-03-19 12:00:00,1004.2,NA,14.2,80,NA
2021-03-19 18:00:00,999.6,NA,24.2,52,NA
2021-03-20 12:00:00,NA,1012.8,18.2,52,NA
2021-03-20 18:00:00,NA,1014.7,24.6,33,NA
2021-03-21 00:00:00,1010.5,NA,18.8,44,NA
2021-03-21 12:00:00,1014.1,NA,12.8,97,NA
2021-03-21 18:00:00,1012.5,NA,23.8,44,NA
2021-03-22 12:00:00,NA,1019.7,14.6,81,NA
2021-03-22 18:00:00,NA,1017.9,25.6,45,NA
2021-03-23 00:00:00,1007.3,NA,20.6,45,NA
2021-03-23 12:00:00,1004.4,NA,18.4,84,NA
2021-03-23 18:00:00,998.8,NA,30.2,39,NA
2021-03-24 12:00:00,NA,1013.6,18,73,NA
2021-03-24 18:00:00,NA,1013.8,25.2,45,NA
2021-03-25 00:00:00,1008.8,NA,16.6,79,NA
2021-03-25 12:00:00,1009.8,NA,13.4,95,NA
2021-03-25 18:00:00,1008.2,NA,20.8,55,NA
2021-03-26 12:00:00,NA,1020.3,12.4,96,NA
2021-03-26 18:00:00,NA,1019.8,19.4,67,NA
2021-03-27 00:00:00,1010.5,NA,15.6,75,NA
2021-03-27 12:00:00,1012.6,NA,8.8,100,NA
2021-03-27 18:00:00,1010.2,NA,22,42,NA
2021-03-28 12:00:00,NA,1018.4,9.6,100,NA
2021-03-28 18:00:00,NA,1015.8,24.6,25,NA
2021-03-29 00:00:00,1006.1,NA,18.8,36,NA
2021-03-29 12:00:00,1009.7,NA,12.6,72,NA
2021-03-29 18:00:00,1007.2,NA,27,25,NA
2021-03-30 12:00:00,NA,1017.8,12.8,84,NA
2021-03-30 18:00:00,NA,1015.7,27.4,38,NA
2021-03-31 00:00:00,1006.5,NA,20.6,38,NA
2021-03-31 12:00:00,1009.2,NA,13.2,90,NA
2021-03-31 18:00:00,1007,NA,27,44,NA
2021-04-01 12:00:00,NA,1018,13,97,NA
2021-04-01 18:00:00,NA,1015.8,25,48,NA
2021-04-02 00:00:00,1006.9,NA,20,56,NA
2021-04-02 12:00:00,1008.6,NA,16.4,89,NA
2021-04-02 18:00:00,1005,NA,25.6,48,NA
2021-04-03 12:00:00,NA,1016.6,17,90,NA
2021-04-03 18:00:00,1004.5,NA,26,51,NA
2021-04-04 00:00:00,1005.8,NA,20,71,NA
2021-04-04 12:00:00,1003.3,NA,20.6,79,NA
2021-04-04 18:00:00,1000.4,NA,29.4,50,NA
2021-04-05 12:00:00,NA,1011.5,20.4,78,NA
2021-04-05 18:00:00,NA,1009.8,30,53,NA
2021-04-06 00:00:00,1003.3,NA,26,65,NA
2021-04-06 12:00:00,1004,NA,22.4,77,NA
2021-04-06 18:00:00,1000.6,NA,30.8,53,NA
2021-04-07 12:00:00,NA,1010.8,21.8,90,NA
2021-04-07 18:00:00,NA,1009.9,24,63,NA
2021-04-08 00:00:00,NA,1011.2,17.2,96,NA
2021-04-08 12:00:00,1002.5,NA,15.8,99,NA
2021-04-08 18:00:00,1000.5,NA,23.8,56,NA
2021-04-09 12:00:00,NA,1016.5,14,72,NA
2021-04-09 18:00:00,NA,1015.2,22.4,35,NA
2021-04-11 12:00:00,NA,1015.2,10.4,90,NA
2021-04-11 18:00:00,NA,1014.5,22.8,39,NA
2021-04-12 00:00:00,NA,1015.3,15.8,70,NA
2021-04-13 12:00:00,1007.8,1017.1,15.4,79,NA
2021-04-13 18:00:00,1005.3,1014.5,29,43,NA
2021-04-14 00:00:00,NA,1015,21.6,55,NA
2021-04-15 00:00:00,999.3,NA,NA,NA,NA
2021-04-15 12:00:00,1003.6,1012.9,14,74,NA
2021-04-15 18:00:00,1002.5,1011.7,25.4,47,NA
2021-04-16 00:00:00,NA,1013,18.2,73,NA
2021-04-17 00:00:00,1004.6,NA,NA,NA,NA
2021-04-17 12:00:00,1007.6,1017,14.2,96,NA
2021-04-17 18:00:00,1006,1015.4,20.2,89,NA
2021-04-18 00:00:00,NA,1014.7,17.4,100,NA
2021-04-19 00:00:00,1003.6,NA,NA,NA,NA
2021-04-19 12:00:00,1002.6,1011.8,18.8,94,NA
2021-04-19 18:00:00,1000.5,1009.7,28.8,62,NA
2021-04-20 00:00:00,NA,1010.7,24,71,NA
2021-04-21 00:00:00,1003.2,NA,NA,NA,NA
2021-04-21 12:00:00,1003.3,1012.5,17.6,100,NA
2021-04-21 18:00:00,1003.3,1012.6,15.8,100,NA
2021-04-22 00:00:00,NA,1007.7,16.8,100,NA
2021-04-23 00:00:00,1003.3,NA,NA,NA,NA
2021-04-23 12:00:00,NA,1014.2,10,100,NA
2021-04-23 18:00:00,NA,1012.4,21.6,60,NA
2021-04-24 00:00:00,NA,1014.2,16.8,80,NA
2021-04-25 12:00:00,NA,1023.7,5.6,100,NA
2021-04-25 18:00:00,NA,1021,18.4,56,NA
2021-04-26 00:00:00,NA,1020.3,12.6,73,NA
2021-04-27 12:00:00,NA,1015,11.6,95,NA
2021-04-27 18:00:00,NA,1011.6,24.8,56,NA
2021-04-28 00:00:00,1004,NA,19.8,76,NA
2021-04-28 12:00:00,1008.4,NA,12.6,100,NA
2021-04-28 18:00:00,1007.2,NA,26,42,NA
2021-04-29 12:00:00,NA,1015.8,14.2,96,NA
2021-04-29 18:00:00,NA,1012.8,26.2,55,NA
2021-04-30 00:00:00,1004,NA,20.4,69,NA
2021-04-30 12:00:00,1002.6,NA,13.4,95,NA
2021-04-30 18:00:00,1000.1,NA,23.8,58,NA
2021-05-01 12:00:00,NA,1011.9,13.4,100,NA
2021-05-01 18:00:00,NA,1011.2,22.8,51,NA
2021-05-02 00:00:00,1003.8,NA,15.8,81,NA
2021-05-02 12:00:00,1002.1,NA,13,95,NA
2021-05-02 18:00:00,1000.8,NA,19.6,58,NA
2021-05-03 12:00:00,NA,1011.4,13.4,75,NA
2021-05-03 18:00:00,1002.6,NA,16.8,46,NA
2021-05-04 00:00:00,1010.4,NA,10,60,NA
2021-05-04 12:00:00,1019.2,NA,4.8,96,NA
2021-05-04 18:00:00,1018.2,NA,13.2,60,NA
2021-05-05 12:00:00,NA,1028,0.4,100,NA
2021-05-05 18:00:00,NA,1025.4,16.2,46,NA
2021-05-06 00:00:00,1016.9,NA,7.6,72,NA
2021-05-06 12:00:00,1017.2,NA,-0.4,100,NA
2021-05-06 18:00:00,1013.8,NA,18.2,43,NA
2021-05-07 12:00:00,NA,1023.9,4.4,100,NA
2021-05-07 18:00:00,NA,1021.6,19,53,NA
2021-05-08 00:00:00,1011.7,NA,13.8,63,NA
2021-05-08 12:00:00,1011,NA,10.4,74,NA
2021-05-08 18:00:00,1008,NA,18.8,57,NA
2021-05-09 12:00:00,NA,1020.5,7.6,100,NA
2021-05-09 18:00:00,NA,1018.5,19,45,NA
2021-05-10 00:00:00,1013.7,NA,9.4,64,NA
2021-05-10 12:00:00,1018.4,NA,3.6,93,NA
2021-05-10 18:00:00,1015.4,NA,15.6,41,NA
2021-05-11 12:00:00,NA,1025,0.4,100,NA
2021-05-11 18:00:00,1011,NA,18,41,NA
2021-05-12 12:00:00,1006.2,NA,7,88,NA
2021-05-12 18:00:00,1004.1,NA,21.6,46,NA
2021-05-13 12:00:00,NA,1018,4.2,100,NA
2021-05-13 18:00:00,1006.9,NA,22.8,50,NA
2021-05-14 12:00:00,1008.5,NA,9,100,NA
2021-05-14 18:00:00,1006.2,NA,19.4,56,NA
2021-05-15 12:00:00,NA,1017.9,7.2,100,NA
2021-05-15 18:00:00,NA,1016.5,20,47,NA
2021-05-16 00:00:00,1009.8,NA,13.2,77,NA
2021-05-16 12:00:00,1012.6,NA,5.4,100,NA
2021-05-16 18:00:00,1011.3,NA,17.8,48,NA
2021-05-17 12:00:00,NA,1023.6,3.2,100,NA
2021-05-17 18:00:00,NA,1021.4,15.6,58,NA
2021-05-18 00:00:00,1010.8,NA,11,75,NA
2021-05-18 12:00:00,1009.2,NA,7.2,97,NA
2021-05-18 18:00:00,1004.2,NA,19.4,56,NA
2021-05-19 12:00:00,NA,1013.7,15.2,75,NA
2021-05-19 18:00:00,NA,1013.8,12.8,97,NA
2021-05-20 00:00:00,1006.9,NA,10.8,100,NA
2021-05-20 12:00:00,1006.2,NA,11,97,NA
2021-05-20 18:00:00,1006.2,NA,14,78,NA
2021-05-21 12:00:00,NA,1016.3,10.8,100,NA
2021-05-21 18:00:00,NA,1014.1,11.8,100,NA
2021-05-22 00:00:00,1004.5,NA,10.6,99,NA
2021-05-22 12:00:00,1005.6,NA,10.8,100,NA
2021-05-22 18:00:00,1005.7,NA,12.8,81,NA
2021-05-23 12:00:00,NA,1017.6,6,91,NA
2021-05-23 18:00:00,NA,1014.8,15.8,52,NA
2021-05-24 00:00:00,NA,1013.3,9.4,77,NA
2021-05-25 12:00:00,NA,1017.2,5.6,76,NA
2021-05-25 18:00:00,NA,1016.4,14.6,35,NA
2021-05-26 00:00:00,NA,1015.3,10.2,60,NA
2021-05-27 12:00:00,994.9,1004.2,14,76,NA
2021-05-27 18:00:00,989.3,998.5,19,55,NA
2021-05-28 00:00:00,NA,999.5,14.2,74,NA
2021-05-28 18:00:00,994,NA,NA,NA,NA
2021-05-29 00:00:00,1000.8,NA,NA,NA,NA
2021-05-29 12:00:00,1006.4,1016.1,2,99,NA
2021-05-29 18:00:00,1005.4,1015.1,11.2,44,NA
2021-05-30 00:00:00,NA,1017,6,71,NA
2021-05-31 00:00:00,1000.8,NA,NA,NA,NA
2021-05-31 12:00:00,1002.9,1012.5,8.8,84,NA
2021-05-31 18:00:00,999,1008.5,14.8,72,NA
2021-06-01 00:00:00,NA,1005.8,12.4,93,NA
2021-06-02 00:00:00,999.3,NA,NA,NA,NA
2021-06-02 12:00:00,1007.4,1017.1,5.2,91,NA
2021-06-02 18:00:00,1006,1015.5,13.6,51,NA
2021-06-03 00:00:00,NA,1014.3,10.6,71,NA
2021-06-04 00:00:00,994.9,NA,NA,NA,NA
2021-06-04 12:00:00,1000.8,1010.2,7.4,100,NA
2021-06-04 18:00:00,1001.7,1011.1,14.6,66,NA
2021-06-05 00:00:00,NA,1013.9,10.4,82,NA
2021-06-06 00:00:00,1011.3,NA,NA,NA,NA
2021-06-06 12:00:00,1010.8,1020.6,2,99,NA
2021-06-06 18:00:00,1008.8,1018.5,11.2,57,NA
2021-06-07 00:00:00,NA,1018.2,9.2,66,NA
2021-06-08 00:00:00,1007.6,NA,NA,NA,NA
2021-06-08 12:00:00,NA,1014.3,6,97,NA
2021-06-08 18:00:00,NA,1011.3,16,60,NA
2021-06-09 00:00:00,NA,1012.7,12.4,82,NA
2021-06-10 00:00:00,1005,NA,NA,NA,NA
2021-06-10 12:00:00,1011.4,1021.1,7.4,67,NA
2021-06-10 18:00:00,1013.2,1022.8,13.6,41,NA
2021-06-11 00:00:00,NA,1022.5,5.4,70,NA
2021-06-12 00:00:00,1003.4,NA,NA,NA,NA
2021-06-12 12:00:00,1000.6,1010.1,12.2,74,NA
2021-06-12 18:00:00,999.4,1008.6,24,42,NA
2021-06-13 00:00:00,NA,1010.6,14.6,81,NA
2021-06-14 00:00:00,1008.5,NA,NA,NA,NA
2021-06-14 12:00:00,1015.4,1025.2,5.8,70,NA
2021-06-14 18:00:00,1017.7,1027.5,9.4,52,NA
2021-06-15 00:00:00,NA,1029.5,3,80,NA
2021-06-16 12:00:00,1023.2,1033.1,0.2,100,NA
2021-06-16 18:00:00,1022.9,1032.9,8.8,64,NA
2021-06-17 00:00:00,NA,1033.3,6.2,79,NA
2021-06-18 00:00:00,1021.2,NA,NA,NA,NA
2021-06-18 12:00:00,1020.4,1030.2,2.8,100,NA
2021-06-18 18:00:00,1018.5,1028.4,5.8,91,NA
2021-06-19 00:00:00,NA,1028.3,4.6,100,NA
2021-06-20 00:00:00,1012.9,NA,NA,NA,NA
2021-06-20 12:00:00,1010.5,1020.4,-1.6,100,NA
2021-06-20 18:00:00,1009,1018.8,12.4,61,NA
2021-06-21 00:00:00,NA,1019,6.4,91,NA
2021-06-22 00:00:00,1007.4,NA,NA,NA,NA
2021-06-22 12:00:00,1009.2,1018.9,4.6,100,NA
2021-06-22 18:00:00,NA,1016.4,10.6,95,NA
2021-06-23 00:00:00,NA,1015.5,9.4,92,NA
2021-06-24 00:00:00,1003.3,NA,NA,NA,NA
2021-06-24 12:00:00,1004.1,1013.8,4.2,100,NA
2021-06-24 18:00:00,1001.3,1010.7,15.2,48,NA
2021-06-25 00:00:00,NA,1009.9,10.2,68,NA
2021-06-26 00:00:00,1004.5,NA,NA,NA,NA
2021-06-26 12:00:00,NA,1023.1,0.2,82,NA
2021-06-26 18:00:00,NA,1022.7,10,55,NA
2021-06-27 00:00:00,NA,1026.7,5.8,76,NA
2021-06-28 12:00:00,NA,1029.9,1.8,91,NA
2021-06-28 18:00:00,NA,1027.7,9.2,54,NA
2021-06-29 00:00:00,NA,1028.8,2.4,86,NA
2021-06-30 00:00:00,1013.3,NA,NA,NA,NA
2021-06-30 12:00:00,1008.2,1018,3.4,76,NA
2021-06-30 18:00:00,1005,1014.7,9.6,55,NA
2021-07-01 00:00:00,NA,1015.6,8.6,63,NA
