2021-01-07 00:00:00,923.8,NA,NA,NA,NA
2021-01-07 12:00:00,924.8,1012.4,15.4,43,NA
2021-01-07 13:00:00,925.7,1013.3,16.7,40,NA
2021-01-07 14:00:00,925.7,1013.3,17.6,28,NA
2021-01-07 15:00:00,925.2,1012.6,19.4,22,NA
2021-01-07 16:00:00,924.8,1012,20.6,22,NA
2021-01-07 17:00:00,924.2,1011,23,20,NA
2021-01-07 18:00:00,924,1011.1,23,21,NA
2021-01-07 19:00:00,924,1011.3,22.8,23,NA
2021-01-07 20:00:00,924.1,1011.4,22.9,24,NA
2021-01-07 21:00:00,924.1,1011.4,22.8,24,NA
2021-01-07 22:00:00,924.3,1011.8,21.4,24,NA
2021-01-07 23:00:00,924.8,1012.7,19.4,31,NA
2021-01-08 00:00:00,NA,1014,16.8,42,NA
2021-01-09 00:00:00,922.8,NA,NA,NA,NA
2021-01-09 12:00:00,920.9,1009.1,12.4,51,NA
2021-01-09 13:00:00,921,1009.5,13.4,45,NA
2021-01-09 14:00:00,920.6,1009.2,13.4,45,NA
2021-01-09 15:00:00,920.2,1008.9,14.2,43,NA
2021-01-09 16:00:00,920.1,1008.6,15,41,NA
2021-01-09 17:00:00,920.2,1009,14.4,45,NA
2021-01-09 18:00:00,919.8,1008.6,14.2,49,NA
2021-01-09 19:00:00,919.8,1008.8,14.2,49,NA
2021-01-09 20:00:00,919.4,1008.3,13.8,52,NA
2021-01-09 21:00:00,918.8,1007.7,13.8,52,NA
2021-01-09 22:00:00,918.2,1007.3,13,52,NA
2021-01-09 23:00:00,918.6,1007.6,12.4,55,NA
2021-01-10 00:00:00,NA,1007.7,11.8,56,NA
2021-01-11 00:00:00,917,NA,NA,NA,NA
2021-01-11 12:00:00,926.2,1017.2,5.8,72,NA
2021-01-11 13:00:00,927.2,1018.3,7,63,NA
2021-01-11 14:00:00,927,1017.9,8.8,47,NA
2021-01-11 15:00:00,927.4,1018.3,10.2,43,NA
2021-01-11 16:00:00,927.7,1017.9,15,13,NA
2021-01-11 17:00:00,927.7,1018.5,12.4,32,NA
2021-01-11 18:00:00,928,1018.8,13,33,NA
2021-01-11 19:00:00,928.2,1018.9,14.2,31,NA
2021-01-11 20:00:00,928.2,1019,14.4,31,NA
2021-01-11 21:00:00,928.6,1019.3,14.2,34,NA
2021-01-11 22:00:00,928.4,1019.3,13.6,33,NA
2021-01-11 23:00:00,929,1020,12.8,34,NA
2021-01-12 00:00:00,NA,1020.1,11,40,NA
2021-01-13 00:00:00,925,NA,NA,NA,NA
2021-01-13 12:00:00,927.2,1016.3,10,65,NA
2021-01-13 13:00:00,926.6,1015.7,13.8,55,NA
2021-01-13 14:00:00,926.1,1014.9,16.4,50,NA
2021-01-13 15:00:00,925.7,1014,20.2,39,NA
2021-01-13 16:00:00,925.2,1013.2,22.8,33,NA
2021-01-13 17:00:00,924.4,1012.5,24.6,27,NA
2021-01-13 18:00:00,924,1012.2,26,27,NA
2021-01-13 19:00:00,923.6,1011.8,26.6,25,NA
2021-01-13 20:00:00,923.4,1011.8,26.2,24,NA
2021-01-13 21:00:00,923.2,1011.9,25.4,22,NA
2021-01-13 22:00:00,923.2,1012,24.8,22,NA
2021-01-13 23:00:00,923.4,1012.1,23.4,23,NA
2021-01-14 00:00:00,NA,1012.3,21.2,27,NA
2021-01-15 00:00:00,922.4,NA,NA,NA,NA
2021-01-15 11:00:00,920.6,1008.4,13.6,62,NA
2021-01-15 12:00:00,921.6,1009.9,13,58,NA
2021-01-15 13:00:00,921.6,1010.4,13.8,48,NA
2021-01-15 14:00:00,921.8,1010.7,13,48,NA
2021-01-15 15:00:00,921.8,1010.8,13.2,49,NA
2021-01-15 16:00:00,922.2,1011.6,11.8,71,NA
2021-01-15 17:00:00,922.1,1011.2,13.2,58,NA
2021-01-15 18:00:00,922.8,1012.1,12,63,NA
2021-01-15 19:00:00,923.2,1012.3,13.8,48,NA
2021-01-15 20:00:00,924,1013.9,9.6,90,NA
2021-01-15 21:00:00,923.6,1013,12.2,59,NA
2021-01-15 22:00:00,923.8,1013.2,13,54,NA
2021-01-15 23:00:00,924.1,1013.7,11.2,59,NA
2021-01-16 00:00:00,NA,1014.5,10.2,63,NA
2021-01-16 23:00:00,925.4,NA,NA,NA,NA
2021-01-17 00:00:00,926.2,NA,NA,NA,NA
2021-01-17 12:00:00,927.7,1016.6,11.4,73,NA
2021-01-17 13:00:00,927.3,1016.3,14.6,62,NA
2021-01-17 14:00:00,926.6,1015.1,18,48,NA
2021-01-17 15:00:00,925.8,1013.7,21.8,27,NA
2021-01-17 16:00:00,925.2,1012.9,23.8,23,NA
2021-01-17 17:00:00,NA,1011.8,26,24,NA
2021-01-17 18:00:00,NA,1011.2,26.4,25,NA
2021-01-17 19:00:00,NA,1010.7,27.2,25,NA
2021-01-17 20:00:00,NA,1011,27.4,25,NA
2021-01-17 21:00:00,NA,1011.2,26.6,25,NA
2021-01-17 22:00:00,NA,1011.8,25.2,27,NA
2021-01-17 23:00:00,NA,1012.2,23.4,31,NA
2021-01-18 00:00:00,NA,1012.6,21.2,39,NA
2021-01-19 12:00:00,NA,1014.6,14.2,65,NA
2021-01-19 13:00:00,NA,1014.9,18.2,53,NA
2021-01-19 14:00:00,NA,1013.8,21.6,43,NA
2021-01-19 15:00:00,NA,1012.2,24,37,NA
2021-01-19 16:00:00,NA,1011.2,26.8,32,NA
2021-01-19 17:00:00,NA,1010.2,30.2,23,NA
2021-01-19 18:00:00,NA,1009.9,30.6,21,NA
2021-01-19 19:00:00,NA,1009.7,31.6,18,NA
2021-01-19 20:00:00,NA,1010,31.2,19,NA
2021-01-19 21:00:00,NA,1010.2,31.4,18,NA
2021-01-19 22:00:00,NA,1010.8,30.6,17,NA
2021-01-19 23:00:00,NA,1011.7,28.6,24,NA
2021-01-20 00:00:00,NA,1012,25.8,33,NA
2021-01-21 12:00:00,NA,1013.4,16.2,59,NA
2021-01-21 13:00:00,NA,1015.1,20.4,45,NA
2021-01-21 14:00:00,NA,1013.8,22.8,38,NA
2021-01-21 15:00:00,NA,1010.7,27,23,NA
2021-01-21 16:00:00,NA,1009.8,30.2,16,NA
2021-01-21 17:00:00,NA,1008.8,31.8,12,NA
2021-01-21 18:00:00,NA,1008.4,32.2,14,NA
2021-01-21 19:00:00,NA,1008.3,32.2,15,NA
2021-01-21 20:00:00,NA,1008.5,33.2,15,NA
2021-01-21 21:00:00,NA,1008.8,32.6,18,NA
2021-01-21 22:00:00,NA,1009.1,31.2,19,NA
2021-01-21 23:00:00,NA,1009.6,29.6,22,NA
2021-01-22 00:00:00,NA,1010.6,26.8,30,NA
2021-01-23 12:00:00,NA,1009.8,18.8,62,NA
2021-01-23 13:00:00,NA,1011.6,21.2,26,NA
2021-01-23 14:00:00,NA,1008.7,24.6,36,NA
2021-01-23 15:00:00,NA,1013.5,25.9,30,NA
2021-01-23 16:00:00,NA,1008,28.8,24,NA
2021-01-23 17:00:00,NA,1006.9,30.6,20,NA
2021-01-23 18:00:00,NA,1006.6,31.2,20,NA
2021-01-23 19:00:00,NA,1006.3,31.6,19,NA
2021-01-23 20:00:00,NA,1006.3,32,19,NA
2021-01-23 21:00:00,NA,1007,30.6,20,NA
2021-01-23 22:00:00,NA,1006.8,28.8,24,NA
2021-01-23 23:00:00,NA,1007.5,27,28,NA
2021-01-24 00:00:00,NA,1008.2,24.2,39,NA
2021-01-25 12:00:00,NA,1009.6,14.2,45,NA
2021-01-25 13:00:00,NA,1009.6,15.8,31,NA
2021-01-25 14:00:00,NA,1009.2,18.6,30,NA
2021-01-25 15:00:00,NA,1009.2,18.4,32,NA
2021-01-25 16:00:00,NA,1008.9,19.2,31,NA
2021-01-25 17:00:00,NA,1008.6,19.8,31,NA
2021-01-25 18:00:00,NA,1008.3,20.2,31,NA
2021-01-25 19:00:00,NA,1008.2,21,30,NA
2021-01-25 20:00:00,NA,1008.9,19,35,NA
2021-01-25 21:00:00,NA,1008.8,19,37,NA
2021-01-25 22:00:00,NA,1009,18.4,39,NA
2021-01-25 23:00:00,NA,1009.4,17.2,43,NA
2021-01-26 00:00:00,NA,1010.2,15.6,47,NA
2021-01-26 15:00:00,923,NA,17.2,33,NA
2021-01-26 16:00:00,922.5,NA,18.4,29,NA
2021-01-26 17:00:00,921.8,NA,19.2,27,NA
2021-01-26 18:00:00,921.8,NA,20,26,NA
2021-01-26 19:00:00,922.2,NA,18.8,27,NA
2021-01-26 20:00:00,922.5,NA,19.4,27,NA
2021-01-27 12:00:00,NA,1012.3,9.2,71,NA
2021-01-27 13:00:00,NA,1012,11.2,64,NA
2021-01-27 14:00:00,NA,1011,13.6,53,NA
2021-01-27 15:00:00,NA,1010.6,14.6,47,NA
2021-01-27 16:00:00,NA,1010.4,14.6,47,NA
2021-01-27 17:00:00,NA,1010.7,14.8,49,NA
2021-01-27 18:00:00,NA,1010.3,15.2,46,NA
2021-01-27 19:00:00,NA,1010,17.2,43,NA
2021-01-27 20:00:00,NA,1009.7,16,44,NA
2021-01-27 22:00:00,NA,1010.1,14,56,NA
2021-01-27 23:00:00,NA,1011.1,13.6,59,NA
2021-01-28 00:00:00,NA,1011.9,12.2,65,NA
2021-01-29 12:00:00,NA,1005.1,11.8,84,NA
2021-01-29 13:00:00,NA,1004.8,12.8,81,NA
2021-01-29 14:00:00,NA,1004.1,15.6,72,NA
2021-01-29 15:00:00,NA,1003.8,18,56,NA
2021-01-29 16:00:00,NA,1003.2,20.2,39,NA
2021-01-29 17:00:00,NA,1002.9,20.7,35,NA
2021-01-29 18:00:00,NA,1002.4,22.8,24,NA
2021-01-29 19:00:00,NA,1002.2,23.4,21,NA
2021-01-29 20:00:00,NA,1002,24,21,NA
2021-01-29 21:00:00,NA,1002.1,22.8,24,NA
2021-01-29 22:00:00,NA,1002.6,21.8,25,NA
2021-01-29 23:00:00,NA,1003.6,20,29,NA
2021-01-30 00:00:00,NA,1004.8,18.2,36,NA
2021-01-31 00:00:00,924.1,NA,NA,NA,NA
2021-01-31 12:00:00,927.3,1016.6,11,86,NA
2021-01-31 13:00:00,927.3,1016.2,13.2,68,NA
2021-01-31 14:00:00,927.4,1016.7,11.8,87,NA
2021-01-31 15:00:00,927.4,1017,12.4,87,NA
2021-01-31 16:00:00,927.6,1017.2,12.8,87,NA
2021-01-31 17:00:00,927.4,1017.3,12.4,87,NA
2021-01-31 18:00:00,927.4,1017.6,12.4,91,NA
2021-01-31 19:00:00,NA,1017.6,12.4,87,NA
2021-01-31 20:00:00,927,1017.2,12.2,82,NA
2021-01-31 21:00:00,926.2,1016,13.4,76,NA
2021-01-31 22:00:00,926.4,1016.5,12,80,NA
2021-01-31 23:00:00,926.6,1016.8,12,78,NA
2021-02-01 00:00:00,927,1017.1,11,88,NA
2021-02-02 00:00:00,925.6,NA,NA,NA,NA
2021-02-02 12:00:00,927.8,1017.4,9.4,92,NA
2021-02-02 13:00:00,927.8,1017.2,13,76,NA
2021-02-02 14:00:00,927.7,1016.7,16.6,59,NA
2021-02-02 15:00:00,927.4,1016.2,19.4,48,NA
2021-02-02 16:00:00,926.8,1015.2,22.6,31,NA
2021-02-02 17:00:00,NA,1014.8,23.8,26,NA
2021-02-02 18:00:00,926.2,1014.4,24.4,26,NA
2021-02-02 19:00:00,925.7,1013.6,26,25,NA
2021-02-02 20:00:00,925.4,1013.5,26,26,NA
2021-02-02 21:00:00,925.2,1013.2,26.4,28,NA
2021-02-02 22:00:00,924.9,1012.9,26.4,29,NA
2021-02-02 23:00:00,925,1013.2,25.8,29,NA
2021-02-03 00:00:00,NA,1013.6,22,43,NA
2021-02-04 00:00:00,926.2,NA,NA,NA,NA
2021-02-04 11:00:00,929.6,1017.3,8.6,82,NA
2021-02-04 12:00:00,929.9,1017.3,14.3,64,NA
2021-02-04 13:00:00,929.5,1019.5,21,48,NA
2021-02-04 14:00:00,929.3,1018.4,26.6,25,NA
2021-02-04 15:00:00,928.7,1017.5,27.7,23,NA
2021-02-04 16:00:00,927.9,1016.3,29.9,17,NA
2021-02-04 17:00:00,927.4,1015.5,31.4,14,NA
2021-02-04 18:00:00,926.4,1014.3,32.4,15,NA
2021-02-04 19:00:00,925.9,1012.2,32.2,14,NA
2021-02-04 20:00:00,925.4,1011.8,32.6,13,NA
2021-02-04 21:00:00,925.1,1011.5,32.3,15,NA
2021-02-04 22:00:00,924.8,1011.5,31.9,14,NA
2021-02-04 23:00:00,925,1012.3,29.4,18,NA
2021-02-05 00:00:00,NA,1012.3,27.3,23,NA
2021-02-05 12:00:00,NA,1012.3,15,57,NA
2021-02-05 13:00:00,NA,1013.9,19.8,49,NA
2021-02-05 14:00:00,NA,1010.9,24.6,34,NA
2021-02-05 15:00:00,NA,1009.9,28.4,24,NA
2021-02-05 16:00:00,NA,1009.4,30,19,NA
2021-02-05 17:00:00,NA,1008.6,31.8,16,NA
2021-02-05 18:00:00,NA,1007.8,32.4,16,NA
2021-02-05 19:00:00,NA,1007.2,33,15,NA
2021-02-05 20:00:00,NA,1011.9,34.2,12,NA
2021-02-05 21:00:00,NA,1006.3,34.6,12,NA
2021-02-05 22:00:00,NA,1006.1,34.6,13,NA
2021-02-05 23:00:00,NA,1006.3,33.4,16,NA
2021-02-06 00:00:00,921,1007.2,28.2,35,NA
2021-02-06 12:00:00,924.5,NA,NA,NA,NA
2021-02-06 13:00:00,924,NA,NA,NA,NA
2021-02-06 14:00:00,924.1,NA,NA,NA,NA
2021-02-06 15:00:00,923.7,NA,NA,NA,NA
2021-02-06 16:00:00,922.6,NA,NA,NA,NA
2021-02-06 17:00:00,922.4,NA,NA,NA,NA
2021-02-06 18:00:00,921,NA,NA,NA,NA
2021-02-06 19:00:00,920.2,NA,NA,NA,NA
2021-02-06 20:00:00,919.8,NA,NA,NA,NA
2021-02-06 21:00:00,919.4,NA,NA,NA,NA
2021-02-06 22:00:00,919.4,NA,NA,NA,NA
2021-02-06 23:00:00,920,NA,NA,NA,NA
2021-02-08 00:00:00,929.8,NA,NA,NA,NA
2021-02-08 12:00:00,NA,1019.5,13.4,65,NA
2021-02-08 13:00:00,NA,1019.3,14.2,61,NA
2021-02-08 14:00:00,NA,1019.2,15,60,NA
2021-02-08 15:00:00,NA,1019.7,14.8,61,NA
2021-02-08 16:00:00,NA,1019.3,15,64,NA
2021-02-08 17:00:00,NA,1018.4,16.2,59,NA
2021-02-08 18:00:00,NA,1017.4,17.9,54,NA
2021-02-08 19:00:00,NA,1016.5,19.2,51,NA
2021-02-08 20:00:00,NA,1016,20.5,49,NA
2021-02-08 21:00:00,NA,1015.6,21,48,NA
2021-02-08 22:00:00,NA,1015.9,21,46,NA
2021-02-08 23:00:00,NA,1016,20.5,49,NA
2021-02-09 00:00:00,NA,1016.6,19.2,51,NA
2021-02-10 12:00:00,NA,1013,18.8,63,NA
2021-02-10 13:00:00,NA,1013.6,20.2,60,NA
2021-02-10 14:00:00,NA,1011.4,22,53,NA
2021-02-10 15:00:00,NA,1011.2,23.2,51,NA
2021-02-10 16:00:00,NA,1010.1,24.8,48,NA
2021-02-10 17:00:00,NA,1009,27.8,40,NA
2021-02-10 18:00:00,NA,1007.8,28.6,37,NA
2021-02-10 19:00:00,NA,1007.5,29.2,34,NA
2021-02-10 20:00:00,NA,1006.5,30.4,30,NA
2021-02-10 21:00:00,NA,1005.9,30.8,30,NA
2021-02-10 22:00:00,NA,1005.7,30.6,31,NA
2021-02-10 23:00:00,NA,1005.7,28.4,34,NA
2021-02-11 00:00:00,920.2,NA,26,38,NA
2021-02-11 12:00:00,922.5,NA,16,74,NA
2021-02-11 13:00:00,922.8,NA,19.8,62,NA
2021-02-11 14:00:00,922.4,NA,23.4,NA,NA
2021-02-11 15:00:00,922.4,NA,24.6,47,NA
2021-02-11 16:00:00,922.4,NA,26.4,42,NA
2021-02-11 17:00:00,921.8,NA,28,39,NA
2021-02-11 18:00:00,921.8,NA,28.2,38,NA
2021-02-11 19:00:00,921.2,NA,28.2,37,NA
2021-02-11 20:00:00,921.4,NA,28,34,NA
2021-02-11 21:00:00,921.4,NA,26.8,37,NA
2021-02-11 22:00:00,921.8,NA,26,37,NA
2021-02-11 23:00:00,922.2,NA,23.4,41,NA
2021-02-12 12:00:00,NA,1012.5,13.8,77,NA
2021-02-12 13:00:00,NA,1013.9,17,64,NA
2021-02-12 14:00:00,NA,1011.1,20,53,NA
2021-02-12 15:00:00,NA,1010.9,22,43,NA
2021-02-12 16:00:00,NA,1010,25.4,33,NA
2021-02-12 17:00:00,NA,1009.4,27,32,NA
2021-02-12 18:00:00,NA,1008.6,27.8,31,NA
2021-02-12 19:00:00,NA,1007.3,29.2,29,NA
2021-02-12 20:00:00,NA,1007.2,30,29,NA
2021-02-12 21:00:00,NA,1009.7,22,56,NA
2021-02-12 22:00:00,NA,1009.5,23,48,NA
2021-02-12 23:00:00,922.2,NA,22.8,52,NA
2021-02-13 00:00:00,922.2,NA,21.8,62,NA
2021-02-13 12:00:00,923.1,NA,16.4,72,NA
2021-02-13 13:00:00,922.8,NA,19.3,56,NA
2021-02-13 14:00:00,922.6,NA,20.8,45,NA
2021-02-13 15:00:00,922.1,NA,22.4,36,NA
2021-02-13 16:00:00,921.7,NA,24.7,30,NA
2021-02-13 17:00:00,921.3,NA,25.8,26,NA
2021-02-13 18:00:00,921.1,NA,25.9,25,NA
2021-02-13 19:00:00,921.1,NA,26.4,26,NA
2021-02-13 20:00:00,921.1,NA,25.9,25,NA
2021-02-13 21:00:00,921,NA,24.6,26,NA
2021-02-13 22:00:00,921.2,NA,22.8,25,NA
2021-02-13 23:00:00,921.8,NA,21.2,30,NA
2021-02-14 11:00:00,NA,1011.6,10.1,71,NA
2021-02-14 12:00:00,NA,1012.2,13,61,NA
2021-02-14 13:00:00,NA,1014.9,13.6,57,NA
2021-02-14 14:00:00,NA,1012.2,16.4,45,NA
2021-02-14 15:00:00,NA,1011.6,18,32,NA
2021-02-14 16:00:00,NA,1010.5,20.5,27,NA
2021-02-14 17:00:00,NA,1009.9,22.2,24,NA
2021-02-14 18:00:00,NA,1009.1,24,20,NA
2021-02-14 19:00:00,NA,1008.3,25.2,23,NA
2021-02-14 20:00:00,NA,1007.9,25.2,22,NA
2021-02-14 21:00:00,NA,1008,24.4,23,NA
2021-02-14 22:00:00,NA,1009.7,23,31,NA
2021-02-14 23:00:00,NA,1010.9,20.3,40,NA
2021-02-15 00:00:00,923.1,NA,18.6,48,NA
2021-02-15 12:00:00,927.4,NA,13.2,48,NA
2021-02-15 13:00:00,928.2,NA,14.4,46,NA
2021-02-15 14:00:00,927.6,NA,16,44,NA
2021-02-15 15:00:00,927.3,NA,18,41,NA
2021-02-15 16:00:00,926.6,NA,19.2,40,NA
2021-02-15 17:00:00,925.8,NA,21.4,36,NA
2021-02-15 18:00:00,925,NA,22.6,37,NA
2021-02-15 20:00:00,923.2,NA,24.6,29,NA
2021-02-15 21:00:00,922.6,NA,24,29,NA
2021-02-15 22:00:00,923,NA,22.4,37,NA
2021-02-15 23:00:00,923,NA,21.2,41,NA
2021-02-16 12:00:00,NA,1012.7,12.8,81,NA
2021-02-16 13:00:00,NA,1011.9,16,63,NA
2021-02-16 14:00:00,NA,1010.8,20.2,46,NA
2021-02-16 15:00:00,NA,1010.5,21.7,41,NA
2021-02-16 16:00:00,NA,1009.9,23.4,35,NA
2021-02-16 17:00:00,NA,1011.3,23.6,30,NA
2021-02-16 18:00:00,NA,1009.6,23.6,30,NA
2021-02-16 19:00:00,NA,1009.7,24.2,28,NA
2021-02-16 20:00:00,NA,1009.3,23.8,30,NA
2021-02-16 21:00:00,NA,1010.2,22.4,36,NA
2021-02-16 22:00:00,NA,1011.2,20.6,40,NA
2021-02-16 23:00:00,NA,1012,19.2,43,NA
2021-02-17 00:00:00,924.2,NA,17.2,47,NA
2021-02-17 10:00:00,923.9,NA,12,72,NA
2021-02-17 11:00:00,924.2,NA,12.6,65,NA
2021-02-17 12:00:00,924.4,NA,13.4,64,NA
2021-02-17 13:00:00,924.6,NA,14.8,56,NA
2021-02-17 14:00:00,924.2,NA,16,49,NA
2021-02-17 15:00:00,924.1,NA,17.4,40,NA
2021-02-17 16:00:00,923.4,NA,18,39,NA
2021-02-17 17:00:00,923.4,NA,18.6,37,NA
2021-02-17 18:00:00,923.2,NA,18.8,37,NA
2021-02-17 19:00:00,922.9,NA,19.6,36,NA
2021-02-17 20:00:00,922.8,NA,19.4,34,NA
2021-02-17 21:00:00,923,NA,17.8,41,NA
2021-02-17 22:00:00,923.4,NA,17.2,41,NA
2021-02-17 23:00:00,923.4,NA,15.2,46,NA
2021-02-18 12:00:00,NA,1009.8,12,61,NA
2021-02-18 13:00:00,NA,1009.7,12.6,61,NA
2021-02-18 14:00:00,NA,1009.1,13.9,59,NA
2021-02-18 15:00:00,NA,1008.8,15.4,55,NA
2021-02-18 16:00:00,NA,1008.9,15.6,51,NA
2021-02-18 17:00:00,NA,1009.2,15.3,52,NA
2021-02-18 18:00:00,NA,1009.1,14.8,69,NA
2021-02-18 19:00:00,NA,1009.2,15.8,47,NA
2021-02-18 20:00:00,NA,1010.6,13.1,51,NA
2021-02-18 21:00:00,NA,1010.8,14.6,42,NA
2021-02-18 22:00:00,NA,1012.3,12,50,NA
2021-02-18 23:00:00,NA,1013.7,11.3,40,NA
2021-02-19 00:00:00,925.3,NA,10.1,47,NA
2021-02-19 12:00:00,930.6,NA,6.4,60,NA
2021-02-19 13:00:00,930.2,NA,8.9,48,NA
2021-02-19 14:00:00,929.6,NA,11.3,33,NA
2021-02-19 15:00:00,928.9,NA,13.8,26,NA
2021-02-19 16:00:00,928,NA,16,22,NA
2021-02-19 17:00:00,926.9,NA,18.6,18,NA
2021-02-19 18:00:00,926.3,NA,19.6,17,NA
2021-02-19 19:00:00,925.7,NA,20.1,21,NA
2021-02-19 20:00:00,925.6,NA,19.8,25,NA
2021-02-19 21:00:00,925.8,NA,19.1,28,NA
2021-02-19 22:00:00,926.2,NA,17.7,33,NA
2021-02-19 23:00:00,926.3,NA,15.2,41,NA
2021-02-20 12:00:00,NA,1018.1,5.4,88,NA
2021-02-20 13:00:00,NA,1018.7,9,70,NA
2021-02-20 14:00:00,NA,1017.6,12.8,58,NA
2021-02-20 15:00:00,NA,1017.7,15.6,47,NA
2021-02-20 16:00:00,NA,1016.4,18.4,42,NA
2021-02-20 17:00:00,NA,1013.4,20.6,35,NA
2021-02-20 18:00:00,NA,1012.2,22.4,30,NA
2021-02-20 19:00:00,NA,1011.6,23.2,26,NA
2021-02-20 20:00:00,NA,1011.3,24,24,NA
2021-02-20 21:00:00,NA,1011.8,23,27,NA
2021-02-20 22:00:00,NA,1012,22,26,NA
2021-02-20 23:00:00,NA,1012.9,20.4,28,NA
2021-02-21 00:00:00,924.1,NA,17.8,36,NA
2021-02-21 11:00:00,923.2,NA,12,50,NA
2021-02-21 12:00:00,923.2,NA,12.8,55,NA
2021-02-21 13:00:00,923.2,NA,14.4,48,NA
2021-02-21 14:00:00,922.5,NA,16.2,41,NA
2021-02-21 15:00:00,922.6,NA,18.2,32,NA
2021-02-21 16:00:00,922.4,NA,18.8,29,NA
2021-02-21 17:00:00,922.2,NA,19,28,NA
2021-02-21 18:00:00,922,NA,19,35,NA
2021-02-21 19:00:00,921.8,NA,19.6,35,NA
2021-02-21 20:00:00,922.1,NA,18,38,NA
2021-02-21 21:00:00,922.6,NA,16.6,47,NA
2021-02-21 22:00:00,922.8,NA,16,47,NA
2021-02-21 23:00:00,923.4,NA,14.6,52,NA
2021-02-22 12:00:00,NA,1015.8,11.2,64,NA
2021-02-22 13:00:00,NA,1015.3,13.4,46,NA
2021-02-22 14:00:00,NA,1015.4,14.2,42,NA
2021-02-22 15:00:00,NA,1015.4,16.2,38,NA
2021-02-22 16:00:00,NA,1015,17,36,NA
2021-02-22 17:00:00,NA,1014.6,18,37,NA
2021-02-22 18:00:00,NA,1014.1,18.2,34,NA
2021-02-22 19:00:00,NA,1014,18.9,33,NA
2021-02-22 20:00:00,NA,1014.5,17.9,38,NA
2021-02-22 21:00:00,NA,1015.4,16,43,NA
2021-02-22 22:00:00,NA,1016,15.1,47,NA
2021-02-22 23:00:00,NA,1017,13.5,52,NA
2021-02-23 00:00:00,928,NA,12.3,56,NA
2021-02-23 12:00:00,929,NA,8.7,74,NA
2021-02-23 13:00:00,929.1,NA,11.4,66,NA
2021-02-23 14:00:00,928.8,NA,15.2,50,NA
2021-02-23 15:00:00,928.3,NA,18.9,41,NA
2021-02-23 16:00:00,927.9,NA,22.2,34,NA
2021-02-23 17:00:00,927.2,NA,25.4,34,NA
2021-02-23 18:00:00,926.5,NA,26.4,28,NA
2021-02-23 19:00:00,925.6,NA,28,29,NA
2021-02-23 20:00:00,925.2,NA,28.6,26,NA
2021-02-23 21:00:00,924.9,NA,28.2,25,NA
2021-02-23 22:00:00,924.6,NA,28.9,23,NA
2021-02-23 23:00:00,924.7,NA,27.7,28,NA
2021-02-24 12:00:00,NA,1015.7,11,77,NA
2021-02-24 13:00:00,NA,1017,16.4,64,NA
2021-02-24 14:00:00,NA,1013.7,22.4,41,NA
2021-02-24 15:00:00,NA,1013.1,24.5,38,NA
2021-02-24 16:00:00,NA,1012.2,26.8,30,NA
2021-02-24 17:00:00,NA,1010.8,29,24,NA
2021-02-24 18:00:00,NA,1010.2,30.4,20,NA
2021-02-24 19:00:00,NA,1009.6,31.2,19,NA
2021-02-24 20:00:00,NA,1008.8,31.8,20,NA
2021-02-24 21:00:00,NA,1008.4,31.6,21,NA
2021-02-24 22:00:00,NA,1008.3,31.6,20,NA
2021-02-24 23:00:00,NA,1008.8,29.8,26,NA
2021-02-25 00:00:00,922.4,NA,25.4,29,NA
2021-02-25 12:00:00,924.7,NA,12.6,67,NA
2021-02-25 13:00:00,924.2,NA,17.5,59,NA
2021-02-25 14:00:00,923.7,NA,22.2,41,NA
2021-02-25 15:00:00,923,NA,25.6,32,NA
2021-02-25 16:00:00,922.2,NA,29.2,18,NA
2021-02-25 17:00:00,921,NA,31.2,19,NA
2021-02-25 18:00:00,920.1,NA,32,17,NA
2021-02-25 19:00:00,919,NA,33,12,NA
2021-02-25 20:00:00,918,NA,34,17,NA
2021-02-25 21:00:00,917.6,NA,34,15,NA
2021-02-25 22:00:00,917.3,NA,34.2,18,NA
2021-02-25 23:00:00,917.6,NA,31.6,17,NA
2021-02-26 12:00:00,NA,1008.5,17,68,NA
2021-02-26 13:00:00,NA,1010.5,19,58,NA
2021-02-26 14:00:00,NA,1009.9,21.2,49,NA
2021-02-26 15:00:00,NA,1007.2,24.6,33,NA
2021-02-26 16:00:00,NA,1006.5,26.4,27,NA
2021-02-26 17:00:00,NA,1006.2,29.4,21,NA
2021-02-26 18:00:00,NA,1007.2,30.2,19,NA
2021-02-26 19:00:00,NA,1005.2,31.2,17,NA
2021-02-26 20:00:00,NA,1005.5,30,20,NA
2021-02-26 21:00:00,NA,1006.7,28.8,23,NA
2021-02-26 22:00:00,NA,1007.9,26.2,30,NA
2021-02-26 23:00:00,NA,1008.6,24.2,35,NA
2021-02-27 00:00:00,922.8,NA,22.2,39,NA
2021-02-27 12:00:00,925.2,NA,12.6,77,NA
2021-02-27 13:00:00,924.8,NA,16.2,63,NA
2021-02-27 14:00:00,924.2,NA,19,52,NA
2021-02-27 15:00:00,923.7,NA,22,48,NA
2021-02-27 16:00:00,923,NA,26.4,37,NA
2021-02-27 17:00:00,922.2,NA,27.8,27,NA
2021-02-27 18:00:00,922.1,NA,28.6,26,NA
2021-02-27 19:00:00,921.4,NA,29.4,18,NA
2021-02-27 20:00:00,921.4,NA,28.8,13,NA
2021-02-27 21:00:00,922,NA,27,21,NA
2021-02-27 22:00:00,922.6,NA,26.8,16,NA
2021-02-27 23:00:00,922.9,NA,23.8,33,NA
2021-02-28 11:00:00,NA,1013.5,11.4,62,NA
2021-02-28 12:00:00,NA,1013.9,12.7,57,NA
2021-02-28 13:00:00,NA,1015.8,15.6,45,NA
2021-02-28 14:00:00,NA,1015,18.4,32,NA
2021-02-28 15:00:00,NA,1012.3,22.2,18,NA
2021-02-28 16:00:00,NA,1011.4,24,24,NA
2021-02-28 17:00:00,NA,1010.5,26.4,19,NA
2021-02-28 18:00:00,NA,1009.8,27.2,17,NA
2021-02-28 19:00:00,NA,1009.1,27.6,21,NA
2021-02-28 20:00:00,NA,1008.4,29.4,17,NA
2021-02-28 21:00:00,NA,1008.7,28.4,19,NA
2021-02-28 22:00:00,NA,1009.3,27,23,NA
2021-02-28 23:00:00,NA,1010,24.6,30,NA
2021-03-01 00:00:00,NA,1011,22,37,NA
2021-03-02 12:00:00,NA,1011.5,13,78,NA
2021-03-02 13:00:00,NA,1013.8,18,62,NA
2021-03-02 14:00:00,NA,1012.8,22,53,NA
2021-03-02 15:00:00,NA,1012,25.8,37,NA
2021-03-02 16:00:00,NA,1011.2,27,35,NA
2021-03-02 17:00:00,NA,1008.6,28.4,33,NA
2021-03-02 18:00:00,922.1,1008,29.6,32,NA
2021-03-02 19:00:00,921.3,1007,31,30,NA
2021-03-02 20:00:00,920.8,1006.5,31.8,28,NA
2021-03-02 21:00:00,920.8,1006.7,32.2,28,NA
2021-03-02 22:00:00,920.8,1006.8,31.8,27,NA
2021-03-02 23:00:00,921.3,1007.6,30,33,NA
2021-03-03 00:00:00,NA,1009.2,27.8,42,NA
2021-03-04 00:00:00,925.2,NA,NA,NA,NA
2021-03-04 12:00:00,929.2,1017.3,12.2,67,NA
2021-03-04 13:00:00,929,1019,17,68,NA
2021-03-04 14:00:00,928.6,1018,20.6,53,NA
2021-03-04 15:00:00,928.4,1017.5,22.2,50,NA
2021-03-04 16:00:00,928,1016.7,24.5,38,NA
2021-03-04 17:00:00,927,1013.5,26.6,35,NA
2021-03-04 18:00:00,926.6,1012.8,28.4,20,NA
2021-03-04 19:00:00,925.8,1012.2,29.2,30,NA
2021-03-04 20:00:00,924.9,1011.2,29.4,31,NA
2021-03-04 21:00:00,924.8,1011.7,28.6,38,NA
2021-03-04 22:00:00,NA,1011.9,27.4,41,NA
2021-03-04 23:00:00,925,1012.5,25,52,NA
2021-03-05 00:00:00,NA,1013.3,23.2,60,NA
2021-03-05 20:00:00,919.4,NA,NA,NA,NA
2021-03-06 00:00:00,920.8,NA,NA,NA,NA
2021-03-06 12:00:00,922.2,1009,16.8,44,NA
2021-03-06 13:00:00,922.4,1010.7,19.4,29,NA
2021-03-06 14:00:00,922.2,1008.5,21.2,21,NA
2021-03-06 15:00:00,922.6,1008.8,22.2,17,NA
2021-03-06 16:00:00,921.7,1007.3,25.2,16,NA
2021-03-06 17:00:00,921.6,1007,26.8,12,NA
2021-03-06 18:00:00,921.4,1006.9,26.8,12,NA
2021-03-06 19:00:00,921.7,1007.2,27.4,13,NA
2021-03-06 20:00:00,921.7,1008.8,26.6,16,NA
2021-03-06 21:00:00,922.4,1008.6,25,19,NA
2021-03-06 22:00:00,923,1009.7,23,22,NA
2021-03-06 23:00:00,923.3,1010.5,20.6,29,NA
2021-03-07 00:00:00,NA,1011.4,19.2,35,NA
2021-03-08 00:00:00,926.9,NA,NA,NA,NA
2021-03-08 12:00:00,930.2,1020.5,6.9,81,NA
2021-03-08 13:00:00,929.9,1020.6,11.3,67,NA
2021-03-08 14:00:00,929.8,1021.1,14.9,54,NA
2021-03-08 15:00:00,929.1,1019.7,18.7,39,NA
2021-03-08 16:00:00,927.9,1018,21.1,36,NA
2021-03-08 17:00:00,926.6,1014.4,22.7,32,NA
2021-03-08 18:00:00,925.5,1013.1,24.3,29,NA
2021-03-08 19:00:00,924.4,1012.1,25.6,26,NA
2021-03-08 20:00:00,923.4,1011,27.1,21,NA
2021-03-08 21:00:00,922.7,1010.5,27.6,20,NA
2021-03-08 22:00:00,922.8,1011.1,27.7,17,NA
2021-03-08 23:00:00,923.1,1011.6,24.3,26,NA
2021-03-09 00:00:00,NA,1012.3,19.6,34,NA
2021-03-10 00:00:00,920.2,NA,NA,NA,NA
2021-03-10 12:00:00,916.6,1004.3,15.6,69,NA
2021-03-10 13:00:00,916.2,1003.2,15.2,78,NA
2021-03-10 14:00:00,916.6,1004,14,83,NA
2021-03-10 15:00:00,917.6,1005.1,14.4,77,NA
2021-03-10 16:00:00,917.4,1004.9,15.2,70,NA
2021-03-10 17:00:00,917,1004.1,17.6,54,NA
2021-03-10 18:00:00,918.8,1006.8,13.4,83,NA
2021-03-10 19:00:00,NA,1007.3,14.2,75,NA
2021-03-10 20:00:00,920.1,1008.4,13.4,72,NA
2021-03-10 21:00:00,921.2,1009.3,14,63,NA
2021-03-10 22:00:00,921.4,1009.9,12.4,63,NA
2021-03-10 23:00:00,922.2,1010.7,12,61,NA
2021-03-11 00:00:00,NA,1010.8,11,64,NA
2021-03-12 00:00:00,926.5,NA,NA,NA,NA
2021-03-12 12:00:00,927.7,1018.2,4.8,91,NA
2021-03-12 13:00:00,927.2,1018.6,7.2,84,NA
2021-03-12 14:00:00,927.3,1018.5,11.8,67,NA
2021-03-12 15:00:00,926.6,1015.9,15.6,49,NA
2021-03-12 16:00:00,925.8,1014.7,18.8,35,NA
2021-03-12 17:00:00,925.4,1014,21.8,30,NA
2021-03-12 18:00:00,924.5,1012.9,24,29,NA
2021-03-12 19:00:00,924,1012.2,26,19,NA
2021-03-12 20:00:00,923.7,1011.7,27.2,24,NA
2021-03-12 21:00:00,923.4,1011.9,26.6,23,NA
2021-03-12 22:00:00,923.4,1011.6,26.2,27,NA
2021-03-12 23:00:00,923.8,1012.7,23.6,26,NA
2021-03-13 00:00:00,NA,1013.6,20.6,35,NA
2021-03-14 12:00:00,NA,1017.7,8.6,63,NA
2021-03-14 13:00:00,NA,1017.5,15.7,42,NA
2021-03-14 14:00:00,NA,1018.2,19,40,NA
2021-03-14 15:00:00,NA,1015.7,20.4,41,NA
2021-03-14 16:00:00,NA,1015.2,22,38,NA
2021-03-14 17:00:00,NA,1014.4,24.4,37,NA
2021-03-14 18:00:00,NA,1012.8,26.5,35,NA
2021-03-14 19:00:00,NA,1011.5,27.2,36,NA
2021-03-14 20:00:00,NA,1010.7,27.6,36,NA
2021-03-14 21:00:00,NA,1010.1,27.3,40,NA
2021-03-14 22:00:00,NA,1009.9,27.1,38,NA
2021-03-14 23:00:00,NA,1010.5,24.6,44,NA
2021-03-15 00:00:00,NA,1010.3,23.8,42,NA
2021-03-15 12:00:00,921.8,NA,13.4,87,NA
2021-03-15 13:00:00,921.8,NA,16.6,69,NA
2021-03-15 14:00:00,921.4,NA,20.2,44,NA
2021-03-15 15:00:00,921.4,NA,21.1,35,NA
2021-03-15 16:00:00,921,NA,22.6,34,NA
2021-03-15 17:00:00,920.6,NA,22.4,28,NA
2021-03-15 18:00:00,921.4,NA,22.2,29,NA
2021-03-16 12:00:00,NA,1015.7,12.7,66,NA
2021-03-16 13:00:00,NA,1015.7,14.2,58,NA
2021-03-16 14:00:00,NA,1015.6,15.3,54,NA
2021-03-16 15:00:00,NA,1015.6,16.6,40,NA
2021-03-16 16:00:00,NA,1015.3,17.2,41,NA
2021-03-16 17:00:00,NA,1015,18,38,NA
2021-03-16 18:00:00,NA,1015.1,19.1,37,NA
2021-03-16 19:00:00,NA,1014.5,19.8,38,NA
2021-03-16 20:00:00,NA,1014.7,18.9,40,NA
2021-03-16 21:00:00,NA,1014.5,19.2,39,NA
2021-03-16 22:00:00,NA,1014.7,19.4,38,NA
2021-03-16 23:00:00,NA,1015.3,17.1,29,NA
2021-03-17 00:00:00,927.2,NA,13.2,38,NA
2021-03-17 12:00:00,934.4,NA,7.6,89,NA
2021-03-18 12:00:00,NA,1017,8.8,80,NA
2021-03-18 13:00:00,NA,1016.7,9.4,75,NA
2021-03-18 14:00:00,NA,1016.4,10,71,NA
2021-03-18 15:00:00,NA,1015.9,11,70,NA
2021-03-18 16:00:00,NA,1015.2,12.6,66,NA
2021-03-18 17:00:00,NA,1014.2,14,61,NA
2021-03-18 18:00:00,NA,1013.5,14.6,60,NA
2021-03-18 19:00:00,NA,1012.5,16.1,54,NA
2021-03-18 20:00:00,NA,1011.6,17.5,48,NA
2021-03-18 21:00:00,NA,1011.2,18,46,NA
2021-03-18 22:00:00,NA,1011.3,17.6,50,NA
2021-03-18 23:00:00,NA,1011.9,15.2,63,NA
2021-03-19 00:00:00,922.8,NA,12.6,71,NA
2021-03-19 12:00:00,921.7,NA,8.9,86,NA
2021-03-19 13:00:00,921.4,NA,12,72,NA
2021-03-19 14:00:00,921.1,NA,14.2,57,NA
2021-03-19 15:00:00,920.8,NA,15.5,53,NA
2021-03-19 16:00:00,920.3,NA,17.3,44,NA
2021-03-19 17:00:00,919.8,NA,17.6,35,NA
2021-03-19 18:00:00,919.7,NA,17.3,34,NA
2021-03-19 19:00:00,919.5,NA,17.5,35,NA
2021-03-19 20:00:00,919.6,NA,16.8,38,NA
2021-03-19 21:00:00,920.2,NA,15.8,39,NA
2021-03-19 22:00:00,920.4,NA,14.3,50,NA
2021-03-19 23:00:00,921,NA,13.1,59,NA
2021-03-20 12:00:00,NA,1017,10.2,74,NA
2021-03-20 13:00:00,NA,1018.2,11.6,64,NA
2021-03-20 14:00:00,NA,1018.6,13,60,NA
2021-03-20 15:00:00,NA,1018.7,14.2,54,NA
2021-03-20 16:00:00,NA,1018.8,14.8,53,NA
2021-03-20 17:00:00,NA,1018.5,16.4,54,NA
2021-03-20 18:00:00,NA,1018,17.4,47,NA
2021-03-20 19:00:00,NA,1017.9,17.4,45,NA
2021-03-20 20:00:00,NA,1018.2,17.4,44,NA
2021-03-20 21:00:00,NA,1018.5,16.8,44,NA
2021-03-20 22:00:00,NA,1019,16.2,45,NA
2021-03-20 23:00:00,NA,1019.9,14,59,NA
2021-03-21 00:00:00,930.5,NA,12.2,65,NA
2021-03-21 12:00:00,930.8,NA,2.2,89,NA
2021-03-21 13:00:00,930.6,NA,6.8,78,NA
2021-03-21 14:00:00,930.4,NA,11.8,63,NA
2021-03-21 15:00:00,929.8,NA,16.2,48,NA
2021-03-21 16:00:00,929.2,NA,17.2,50,NA
2021-03-21 17:00:00,928.4,NA,19.6,43,NA
2021-03-21 18:00:00,927.8,NA,21.8,36,NA
2021-03-21 19:00:00,926.8,NA,22.4,38,NA
2021-03-21 20:00:00,926.2,NA,23.8,34,NA
2021-03-21 21:00:00,925.7,NA,23.8,34,NA
2021-03-21 22:00:00,925.7,NA,23.4,42,NA
2021-03-21 23:00:00,925.8,NA,20.8,44,NA
2021-03-22 12:00:00,NA,1019.1,7.8,87,NA
2021-03-22 13:00:00,NA,1018.7,11.8,75,NA
2021-03-22 14:00:00,NA,1018,15.2,65,NA
2021-03-22 15:00:00,NA,1016.9,19,52,NA
2021-03-22 16:00:00,NA,1015.7,22,30,NA
2021-03-22 17:00:00,NA,1015.1,22.6,30,NA
2021-03-22 18:00:00,NA,1014.4,23.8,28,NA
2021-03-22 19:00:00,NA,1014.2,24,26,NA
2021-03-22 20:00:00,NA,1014,24,25,NA
2021-03-22 21:00:00,NA,1014.1,23.6,29,NA
2021-03-22 22:00:00,NA,1014.5,21.6,27,NA
2021-03-22 23:00:00,NA,1015.1,18.6,41,NA
2021-03-23 00:00:00,925.8,NA,16.6,47,NA
2021-03-23 12:00:00,923,NA,8,86,NA
2021-03-23 13:00:00,922.9,NA,12.4,73,NA
2021-03-23 14:00:00,923,NA,15.6,50,NA
2021-03-23 15:00:00,923,NA,17.2,40,NA
2021-03-23 16:00:00,922.6,NA,19.2,33,NA
2021-03-23 17:00:00,922.4,NA,19.8,36,NA
2021-03-23 18:00:00,922.5,NA,18.4,43,NA
2021-03-23 19:00:00,923,NA,18.2,46,NA
2021-03-23 20:00:00,923.2,NA,16.4,80,NA
2021-03-23 21:00:00,923.8,NA,15.2,60,NA
2021-03-23 22:00:00,924.6,NA,14.4,61,NA
2021-03-23 23:00:00,925.2,NA,13.6,56,NA
2021-03-24 12:00:00,NA,1018.3,6,86,NA
2021-03-24 13:00:00,NA,1020.3,8,84,NA
2021-03-24 14:00:00,NA,1018.3,10.2,74,NA
2021-03-24 15:00:00,NA,1017.5,13.2,52,NA
2021-03-24 16:00:00,NA,1016.6,14.8,41,NA
2021-03-24 17:00:00,NA,1016,15.8,36,NA
2021-03-24 18:00:00,NA,1015.5,17,29,NA
2021-03-24 19:00:00,NA,1014.6,17.6,28,NA
2021-03-24 20:00:00,NA,1013.9,18,29,NA
2021-03-24 21:00:00,NA,1013.5,18.4,30,NA
2021-03-24 22:00:00,NA,1013.8,18,38,NA
2021-03-24 23:00:00,NA,1015.2,13.8,46,NA
2021-03-25 00:00:00,926.6,NA,13.4,48,NA
2021-03-25 12:00:00,929.6,NA,2.8,96,NA
2021-03-25 13:00:00,930.2,NA,7.4,76,NA
2021-03-25 14:00:00,930.2,NA,11.2,63,NA
2021-03-25 15:00:00,930.2,NA,13.4,50,NA
2021-03-25 17:00:00,929.7,NA,14.8,49,NA
2021-03-25 18:00:00,929.4,NA,15,51,NA
2021-03-25 19:00:00,929.2,NA,16,46,NA
2021-03-25 20:00:00,929,NA,16.6,45,NA
2021-03-25 21:00:00,929,NA,16,49,NA
2021-03-25 23:00:00,930.2,NA,13.2,66,NA
2021-03-26 12:00:00,NA,1023.9,3.2,89,NA
2021-03-26 13:00:00,NA,1024.8,8.3,79,NA
2021-03-26 14:00:00,NA,1024.9,12.2,65,NA
2021-03-26 15:00:00,NA,1022.6,15.5,55,NA
2021-03-26 16:00:00,NA,1021.3,18.9,46,NA
2021-03-26 17:00:00,NA,1020.4,20.8,28,NA
2021-03-26 18:00:00,NA,1019.7,20.9,23,NA
2021-03-26 19:00:00,NA,1018.7,22,26,NA
2021-03-26 20:00:00,NA,1018.3,22.4,23,NA
2021-03-26 21:00:00,NA,1017.8,21.9,25,NA
2021-03-26 22:00:00,NA,1018.6,21,31,NA
2021-03-26 23:00:00,NA,1019.9,15.5,44,NA
2021-03-27 00:00:00,929.5,NA,14.3,50,NA
2021-03-27 12:00:00,930,NA,3.5,84,NA
2021-03-27 13:00:00,929.7,NA,8.8,70,NA
2021-03-27 14:00:00,929.4,NA,13.2,61,NA
2021-03-27 15:00:00,928.9,NA,16.8,49,NA
2021-03-27 16:00:00,928.4,NA,20,34,NA
2021-03-27 17:00:00,927.7,NA,20.7,36,NA
2021-03-27 18:00:00,926.9,NA,22.4,20,NA
2021-03-27 19:00:00,926,NA,23.8,29,NA
2021-03-27 20:00:00,925.5,NA,24.5,22,NA
2021-03-27 21:00:00,924.8,NA,24,33,NA
2021-03-27 22:00:00,924.8,NA,23.6,16,NA
2021-03-27 23:00:00,925,NA,16.7,36,NA
2021-03-28 12:00:00,NA,1018.3,2.2,80,NA
2021-03-28 13:00:00,NA,1018.7,8.4,70,NA
2021-03-28 14:00:00,NA,1018.2,12.6,66,NA
2021-03-28 15:00:00,NA,1018.4,16.6,37,NA
2021-03-28 16:00:00,NA,1015.2,20.4,28,NA
2021-03-28 17:00:00,NA,1014.5,22.4,27,NA
2021-03-28 18:00:00,NA,1013.8,23,28,NA
2021-03-28 19:00:00,NA,1013.2,24.4,21,NA
2021-03-28 20:00:00,NA,1012.8,24.8,29,NA
2021-03-28 21:00:00,NA,1012.7,24.8,27,NA
2021-03-28 22:00:00,NA,1012.9,24,30,NA
2021-03-28 23:00:00,924.2,NA,16.4,43,NA
2021-03-29 00:00:00,924.6,NA,15,40,NA
2021-03-29 12:00:00,926.8,NA,2.6,74,NA
2021-03-29 13:00:00,927.2,NA,8.4,57,NA
2021-03-29 14:00:00,927,NA,14.8,38,NA
2021-03-29 15:00:00,926.5,NA,19.8,35,NA
2021-03-29 16:00:00,925.8,NA,22.4,33,NA
2021-03-29 17:00:00,925.3,NA,23.4,30,NA
2021-03-29 18:00:00,924.5,NA,25,29,NA
2021-03-29 19:00:00,924,NA,25.8,27,NA
2021-03-29 20:00:00,923.8,NA,26.4,32,NA
2021-03-29 21:00:00,923.6,NA,26,29,NA
2021-03-29 22:00:00,923.6,NA,25.2,32,NA
2021-03-29 23:00:00,924.1,NA,22.4,35,NA
2021-03-30 12:00:00,NA,1014.9,5,82,NA
2021-03-30 13:00:00,NA,1017.6,10.6,70,NA
2021-03-30 14:00:00,NA,1016.5,15,53,NA
2021-03-30 15:00:00,NA,1015.5,18.8,37,NA
2021-03-30 16:00:00,NA,1012.6,21.2,34,NA
2021-03-30 17:00:00,NA,1011.9,22.4,40,NA
2021-03-30 18:00:00,NA,1011,24,37,NA
2021-03-30 19:00:00,NA,1011.1,24.6,40,NA
2021-03-30 20:00:00,NA,1010,25.8,30,NA
2021-03-30 21:00:00,NA,1010,26,35,NA
2021-03-30 22:00:00,NA,1010.8,25.2,34,NA
2021-03-30 23:00:00,NA,1012.1,20.6,47,NA
2021-03-31 00:00:00,923.4,NA,19,50,NA
2021-03-31 17:00:00,924,NA,22,48,NA
2021-03-31 18:00:00,923,NA,24.2,42,NA
2021-03-31 19:00:00,922.4,NA,24.2,42,NA
2021-03-31 20:00:00,922.2,NA,23.8,44,NA
2021-03-31 21:00:00,922.1,NA,22.8,45,NA
2021-03-31 22:00:00,922.5,NA,22,48,NA
2021-03-31 23:00:00,923.2,NA,20,59,NA
2021-04-01 12:00:00,NA,1011.6,13.4,83,NA
2021-04-01 13:00:00,NA,1012.4,13.4,85,NA
2021-04-01 14:00:00,NA,1012.1,13.8,81,NA
2021-04-01 15:00:00,NA,1012,14.2,79,NA
2021-04-01 16:00:00,NA,1011.8,14.6,79,NA
2021-04-01 17:00:00,NA,1011.4,15.8,72,NA
2021-04-01 18:00:00,NA,1010.6,17.4,69,NA
2021-04-01 19:00:00,NA,1010.3,18.4,63,NA
2021-04-01 20:00:00,NA,1010.2,18.6,61,NA
2021-04-01 21:00:00,NA,1010.1,18.8,60,NA
2021-04-01 22:00:00,NA,1010.7,18.2,63,NA
2021-04-01 23:00:00,NA,1011.8,16.4,71,NA
2021-04-02 00:00:00,923.8,NA,14.6,77,NA
2021-04-02 12:00:00,925.6,NA,9.8,85,NA
2021-04-02 13:00:00,926.2,NA,11,80,NA
2021-04-02 14:00:00,926.1,NA,12.6,73,NA
2021-04-02 15:00:00,925.7,NA,14.1,74,NA
2021-04-02 16:00:00,925.5,NA,15,71,NA
2021-04-02 17:00:00,924.7,NA,17.7,61,NA
2021-04-02 18:00:00,924.2,NA,18.4,55,NA
2021-04-02 19:00:00,923.9,NA,19.7,46,NA
2021-04-02 20:00:00,923.7,NA,20.2,49,NA
2021-04-02 21:00:00,923.5,NA,20.8,43,NA
2021-04-02 22:00:00,923.5,NA,19.8,51,NA
2021-04-02 23:00:00,924.1,NA,15.3,65,NA
2021-04-03 12:00:00,NA,1016,5.4,97,NA
2021-04-03 13:00:00,NA,1017.3,7,93,NA
2021-04-03 14:00:00,NA,1016.9,10.4,79,NA
2021-04-03 15:00:00,NA,1015.8,15,61,NA
2021-04-03 16:00:00,NA,1013.9,18.2,56,NA
2021-04-03 17:00:00,NA,1012.7,21,46,NA
2021-04-03 18:00:00,NA,1011.7,21.3,51,NA
2021-04-03 19:00:00,NA,1010.8,22.9,30,NA
2021-04-03 20:00:00,NA,1010.2,23.7,31,NA
2021-04-03 21:00:00,NA,1010.2,23.2,30,NA
2021-04-03 22:00:00,NA,1010.5,21.6,43,NA
2021-04-03 23:00:00,NA,1011.6,17.9,50,NA
2021-04-04 00:00:00,922.7,NA,13.8,62,NA
2021-04-04 11:00:00,921.4,NA,2.6,93,NA
2021-04-04 12:00:00,921.4,NA,4.8,90,NA
2021-04-04 13:00:00,921,NA,9.2,80,NA
2021-04-04 14:00:00,920.8,NA,13.2,64,NA
2021-04-04 15:00:00,920.2,NA,17.2,51,NA
2021-04-04 16:00:00,919.6,NA,20.2,43,NA
2021-04-04 17:00:00,918.9,NA,23.2,20,NA
2021-04-04 18:00:00,918.1,NA,23.8,19,NA
2021-04-04 19:00:00,917.6,NA,24.6,17,NA
2021-04-04 20:00:00,917.7,NA,24.4,15,NA
2021-04-04 21:00:00,918.2,NA,22.6,20,NA
2021-04-04 22:00:00,919,NA,20.4,26,NA
2021-04-04 23:00:00,919.4,NA,17.4,37,NA
2021-04-05 12:00:00,NA,1010.8,5.8,88,NA
2021-04-05 13:00:00,NA,1012.2,7.2,84,NA
2021-04-05 14:00:00,NA,1011.8,9.6,83,NA
2021-04-05 15:00:00,NA,1011.5,11.8,75,NA
2021-04-05 16:00:00,NA,1010.5,13,72,NA
2021-04-05 17:00:00,NA,1010,14.6,64,NA
2021-04-05 18:00:00,NA,1009.7,15.6,58,NA
2021-04-05 19:00:00,NA,1009.8,16,57,NA
2021-04-05 20:00:00,NA,1009.6,17.4,53,NA
2021-04-05 21:00:00,NA,1010,16.8,56,NA
2021-04-05 22:00:00,NA,1011.1,15.4,61,NA
2021-04-05 23:00:00,NA,1011.7,14.2,67,NA
2021-04-06 00:00:00,922.6,NA,13.2,68,NA
2021-04-06 12:00:00,922.8,NA,11.8,77,NA
2021-04-06 13:00:00,923.2,NA,12,77,NA
2021-04-06 14:00:00,923.3,NA,12.4,73,NA
2021-04-06 15:00:00,923.6,NA,14.6,60,NA
2021-04-06 16:00:00,922.6,NA,15.4,61,NA
2021-04-06 17:00:00,922.9,NA,16.2,55,NA
2021-04-06 18:00:00,922.8,NA,15.2,55,NA
2021-04-06 19:00:00,922.9,NA,15.2,55,NA
2021-04-06 20:00:00,923,NA,15,55,NA
2021-04-06 21:00:00,923.4,NA,14.2,59,NA
2021-04-06 22:00:00,923.4,NA,14,59,NA
2021-04-06 23:00:00,923.4,NA,12.8,65,NA
2021-04-07 12:00:00,NA,1013.4,9.8,76,NA
2021-04-07 13:00:00,NA,1013.3,12.4,57,NA
2021-04-07 14:00:00,NA,1013.7,12,61,NA
2021-04-07 15:00:00,NA,1013.2,14.4,45,NA
2021-04-07 16:00:00,NA,1013,15,41,NA
2021-04-07 17:00:00,NA,1012.7,15.6,42,NA
2021-04-07 18:00:00,NA,1012.3,15,44,NA
2021-04-07 19:00:00,NA,1012.3,14.6,47,NA
2021-04-07 20:00:00,NA,1012.1,15.4,45,NA
2021-04-07 21:00:00,NA,1013.1,13.6,55,NA
2021-04-07 22:00:00,NA,1013.9,12,63,NA
2021-04-07 23:00:00,NA,1014.4,11.6,60,NA
2021-04-08 00:00:00,NA,1014.6,10,74,NA
2021-04-08 15:00:00,921.9,NA,13.3,47,NA
2021-04-08 16:00:00,922.1,NA,12,58,NA
2021-04-08 17:00:00,922.7,NA,9.7,79,NA
2021-04-08 18:00:00,923.3,NA,9.4,80,NA
2021-04-08 19:00:00,923.1,NA,10.4,66,NA
2021-04-08 20:00:00,922.9,NA,12.7,53,NA
2021-04-08 21:00:00,923.2,NA,12.5,52,NA
2021-04-08 22:00:00,923.7,NA,10.7,60,NA
2021-04-08 23:00:00,924.2,NA,9.8,64,NA
2021-04-09 12:00:00,NA,1020.1,6,83,NA
2021-04-09 13:00:00,NA,1020.2,8.3,72,NA
2021-04-09 14:00:00,NA,1019.8,9.8,60,NA
2021-04-09 15:00:00,NA,1019.4,10.2,55,NA
2021-04-09 16:00:00,NA,1019,11.7,51,NA
2021-04-09 17:00:00,NA,1018.6,12.4,49,NA
2021-04-09 18:00:00,NA,1017.8,12.8,51,NA
2021-04-09 19:00:00,NA,1017.3,12.9,49,NA
2021-04-09 20:00:00,NA,1016.9,13.5,46,NA
2021-04-09 21:00:00,NA,1017,13,53,NA
2021-04-09 22:00:00,NA,1017.3,12.5,47,NA
2021-04-09 23:00:00,NA,1017.9,10.2,63,NA
2021-04-10 00:00:00,NA,1019.1,9,63,NA
2021-04-11 12:00:00,NA,1020,8.2,77,NA
2021-04-11 13:00:00,NA,1020.2,9.2,73,NA
2021-04-11 14:00:00,NA,1019.8,11.6,69,NA
2021-04-11 15:00:00,NA,1018.8,14.6,60,NA
2021-04-11 16:00:00,NA,1017.9,15.8,58,NA
2021-04-11 17:00:00,NA,1017.2,17,54,NA
2021-04-11 18:00:00,NA,1016.5,17.6,54,NA
2021-04-11 19:00:00,NA,1015.5,18.4,50,NA
2021-04-11 20:00:00,NA,1015.3,18.4,50,NA
2021-04-11 21:00:00,NA,1015.3,18.2,51,NA
2021-04-11 22:00:00,NA,1015.8,16.6,59,NA
2021-04-11 23:00:00,NA,1016.1,15,68,NA
2021-04-12 00:00:00,NA,1016.6,14.2,71,NA
2021-04-13 12:00:00,NA,1019.3,4.6,100,NA
2021-04-13 13:00:00,929.2,1022.5,5.4,97,NA
2021-04-13 14:00:00,928.9,1021.4,10,81,NA
2021-04-13 15:00:00,928.2,1019.8,14.6,64,NA
2021-04-13 16:00:00,927.3,1016.3,18.4,47,NA
2021-04-13 17:00:00,926.2,1014.9,20.6,37,NA
2021-04-13 18:00:00,925.2,1014.7,21.4,38,NA
2021-04-13 19:00:00,924.2,1012.9,22.2,38,NA
2021-04-13 20:00:00,923.6,1012.1,23.4,35,NA
2021-04-13 21:00:00,923,1011.5,23.8,34,NA
2021-04-13 22:00:00,922.8,1011.5,22,40,NA
2021-04-13 23:00:00,922.6,1012.2,16.6,54,NA
2021-04-14 00:00:00,NA,1013.1,13.4,62,NA
2021-04-15 00:00:00,924.2,NA,NA,NA,NA
2021-04-15 12:00:00,925.8,1015.8,8.6,90,NA
2021-04-15 13:00:00,926,1017.2,11.6,82,NA
2021-04-15 14:00:00,925.4,1014.3,13.6,59,NA
2021-04-15 15:00:00,925,1013.6,15.2,50,NA
2021-04-15 16:00:00,924.4,1014.6,16.6,44,NA
2021-04-15 17:00:00,923.6,1013.5,18.4,36,NA
2021-04-15 18:00:00,922.6,1010.5,19,34,NA
2021-04-15 19:00:00,922.2,1010,19.6,30,NA
2021-04-15 20:00:00,922.1,1010,19.6,25,NA
2021-04-15 21:00:00,922.4,1010.7,18.4,40,NA
2021-04-15 22:00:00,922.8,1011.5,16.2,51,NA
2021-04-15 23:00:00,923.4,1012.3,15.8,49,NA
2021-04-16 00:00:00,NA,1013.8,13.8,59,NA
2021-04-17 00:00:00,926.2,NA,NA,NA,NA
2021-04-17 12:00:00,926.3,1018.1,0.1,82,NA
2021-04-17 13:00:00,926.8,1021.1,3,75,NA
2021-04-17 14:00:00,926.6,1020.2,6.9,64,NA
2021-04-17 15:00:00,926.3,1019.3,9.8,60,NA
2021-04-17 16:00:00,925.7,1018.1,12.8,42,NA
2021-04-17 17:00:00,925,1016.9,15.8,34,NA
2021-04-17 18:00:00,923.9,1013.7,18.8,32,NA
2021-04-17 19:00:00,923.1,1012.7,20.4,24,NA
2021-04-17 20:00:00,922.8,1012.4,20.4,24,NA
2021-04-17 21:00:00,922.9,1012.8,19.5,22,NA
2021-04-17 22:00:00,923,1013.3,17.3,31,NA
2021-04-17 23:00:00,923.6,1015.1,13.4,42,NA
2021-04-18 00:00:00,NA,1015.1,13.9,40,NA
2021-04-19 00:00:00,921.7,NA,NA,NA,NA
2021-04-19 12:00:00,919.4,1008.5,11.4,81,NA
2021-04-19 13:00:00,919.6,1008.1,14.6,70,NA
2021-04-19 14:00:00,918.6,1007,16.2,63,NA
2021-04-19 15:00:00,919.2,1007.7,15.2,72,NA
2021-04-19 16:00:00,918.6,1006.7,17.2,65,NA
2021-04-19 17:00:00,918.6,1007,15.4,82,NA
2021-04-19 18:00:00,918.5,1007.1,15.2,84,NA
2021-04-19 19:00:00,918.5,1007.4,14.4,90,NA
2021-04-19 20:00:00,918.8,1007.7,14.8,87,NA
2021-04-19 21:00:00,919.4,1008.8,13.8,91,NA
2021-04-19 22:00:00,919.8,1009.4,13.4,89,NA
2021-04-19 23:00:00,920.2,1009.6,12.6,91,NA
2021-04-20 00:00:00,NA,1009.8,12,91,NA
2021-04-21 00:00:00,922.1,NA,NA,NA,NA
2021-04-21 12:00:00,923.4,1013,10.6,78,NA
2021-04-21 13:00:00,924,1013.6,11.4,74,NA
2021-04-21 14:00:00,924.1,1013.6,12,69,NA
2021-04-21 15:00:00,924.1,1013.4,12.9,63,NA
2021-04-21 16:00:00,924.1,1013.4,12.8,65,NA
2021-04-21 17:00:00,923.7,1012.9,13.4,62,NA
2021-04-21 18:00:00,923.7,1013,13.1,60,NA
2021-04-21 19:00:00,923.1,1012.5,12.6,61,NA
2021-04-21 20:00:00,923.3,1012.9,12,63,NA
2021-04-21 21:00:00,923.4,1013.1,10.9,69,NA
2021-04-21 22:00:00,923.7,1013.6,9.9,76,NA
2021-04-21 23:00:00,924,1014.2,8.6,83,NA
2021-04-22 00:00:00,NA,1014.3,8.5,76,NA
2021-04-23 00:00:00,923.2,NA,NA,NA,NA
2021-04-23 12:00:00,NA,1015,8.8,80,NA
2021-04-23 13:00:00,NA,1015.1,10.9,68,NA
2021-04-23 14:00:00,NA,1015.7,11.8,66,NA
2021-04-23 15:00:00,NA,1015.5,13.5,51,NA
2021-04-23 16:00:00,NA,1015.2,14.2,44,NA
2021-04-23 17:00:00,NA,1015.1,13.9,41,NA
2021-04-23 18:00:00,NA,1014.5,15.6,38,NA
2021-04-23 19:00:00,NA,1014.9,15.8,37,NA
2021-04-23 20:00:00,NA,1015.7,14.9,42,NA
2021-04-23 21:00:00,NA,1016.8,13.5,44,NA
2021-04-23 22:00:00,NA,1018.3,11.1,54,NA
2021-04-23 23:00:00,NA,1019.4,9.6,62,NA
2021-04-24 00:00:00,NA,1020,9,61,NA
2021-04-25 12:00:00,NA,1023.3,-4,100,NA
2021-04-25 13:00:00,NA,1023.8,0.4,87,NA
2021-04-25 14:00:00,NA,1023.7,5.8,35,NA
2021-04-25 15:00:00,NA,1023.1,6.8,84,NA
2021-04-25 16:00:00,NA,1021.5,13.4,42,NA
2021-04-25 17:00:00,NA,1020.3,15.4,35,NA
2021-04-25 18:00:00,NA,1019.1,16.6,32,NA
2021-04-25 19:00:00,NA,1016.3,18.2,28,NA
2021-04-25 20:00:00,NA,1015.9,19.2,26,NA
2021-04-25 21:00:00,NA,1016,19,31,NA
2021-04-25 22:00:00,NA,1017,15.2,41,NA
2021-04-25 23:00:00,NA,1019,9.4,55,NA
2021-04-26 00:00:00,NA,1019.7,7.8,64,NA
2021-04-27 12:00:00,NA,1016.9,-0.6,88,NA
2021-04-27 13:00:00,NA,1019.8,4.6,85,NA
2021-04-27 14:00:00,NA,1018.6,8.6,68,NA
2021-04-27 15:00:00,NA,1017.1,12.6,59,NA
2021-04-27 16:00:00,NA,1015.8,16.4,37,NA
2021-04-27 17:00:00,NA,1015.4,16.2,40,NA
2021-04-27 18:00:00,NA,1012.7,19,31,NA
2021-04-27 19:00:00,NA,1012.7,18,32,NA
2021-04-27 20:00:00,NA,1013,18,35,NA
2021-04-27 21:00:00,NA,1014.1,16.6,39,NA
2021-04-27 22:00:00,NA,1014.7,16.6,37,NA
2021-04-27 23:00:00,NA,1016,13.8,57,NA
2021-04-28 00:00:00,925.7,NA,13.6,56,NA
2021-04-28 12:00:00,927.4,NA,10.6,85,NA
2021-04-28 13:00:00,928,NA,13.2,74,NA
2021-04-28 14:00:00,928,NA,14.8,69,NA
2021-04-28 15:00:00,928,NA,16,63,NA
2021-04-28 16:00:00,927.6,NA,18,55,NA
2021-04-28 17:00:00,927,NA,18.3,55,NA
2021-04-28 18:00:00,926.1,NA,20,48,NA
2021-04-28 19:00:00,925.4,NA,20.8,46,NA
2021-04-28 20:00:00,925,NA,20.4,47,NA
2021-04-28 21:00:00,925.3,NA,19.4,47,NA
2021-04-28 22:00:00,925.4,NA,17.6,55,NA
2021-04-28 23:00:00,925.8,NA,16.4,60,NA
2021-04-29 12:00:00,NA,1017.1,0.4,92,NA
2021-04-29 13:00:00,NA,1020.2,3.8,88,NA
2021-04-29 14:00:00,NA,1019.8,6.4,84,NA
2021-04-29 15:00:00,NA,1018.9,8.8,70,NA
2021-04-29 16:00:00,NA,1018.1,10.8,64,NA
2021-04-29 17:00:00,NA,1016.7,13.6,49,NA
2021-04-29 18:00:00,NA,1013.6,15.6,42,NA
2021-04-29 19:00:00,NA,1012.9,17,43,NA
2021-04-29 20:00:00,NA,1012.2,19.4,22,NA
2021-04-29 21:00:00,NA,1012.5,18.8,24,NA
2021-04-29 22:00:00,NA,1013.4,15.4,30,NA
2021-04-29 23:00:00,NA,1014.6,12,41,NA
2021-04-30 00:00:00,924.1,NA,12.4,39,NA
2021-04-30 12:00:00,922.4,NA,10,67,NA
2021-04-30 13:00:00,922.6,NA,10.6,65,NA
2021-04-30 14:00:00,922.6,NA,11.2,63,NA
2021-04-30 15:00:00,922.4,NA,12,60,NA
2021-04-30 16:00:00,921.8,NA,13,53,NA
2021-04-30 17:00:00,920.9,NA,13.8,51,NA
2021-04-30 18:00:00,919.8,NA,15.2,51,NA
2021-04-30 19:00:00,918.9,NA,15.2,46,NA
2021-04-30 20:00:00,918.9,NA,15.2,48,NA
2021-04-30 21:00:00,919.7,NA,14.2,46,NA
2021-04-30 22:00:00,920.2,NA,13,50,NA
2021-04-30 23:00:00,921,NA,11.6,62,NA
2021-05-01 12:00:00,NA,1011.7,9.4,85,NA
2021-05-01 13:00:00,NA,1011.8,8.4,92,NA
2021-05-01 14:00:00,NA,1011.3,9,85,NA
2021-05-01 15:00:00,NA,1011.1,10.2,81,NA
2021-05-01 16:00:00,NA,1010.9,11.4,71,NA
2021-05-01 17:00:00,NA,1010.3,11.8,65,NA
2021-05-01 18:00:00,NA,1010.4,11.2,68,NA
2021-05-01 19:00:00,NA,1009.7,10.6,74,NA
2021-05-01 20:00:00,NA,1009.9,10.8,72,NA
2021-05-01 21:00:00,NA,1010.1,10.2,79,NA
2021-05-01 22:00:00,NA,1010.5,9.4,80,NA
2021-05-01 23:00:00,NA,1010.8,8.8,80,NA
2021-05-02 00:00:00,921.2,NA,8.2,89,NA
2021-05-02 12:00:00,923,NA,5.6,94,NA
2021-05-02 13:00:00,923.3,NA,7,89,NA
2021-05-02 14:00:00,923.4,NA,7.2,89,NA
2021-05-02 15:00:00,923.3,NA,8.8,80,NA
2021-05-02 16:00:00,923.2,NA,9.4,73,NA
2021-05-02 17:00:00,922.6,NA,10,68,NA
2021-05-02 18:00:00,922,NA,10.6,58,NA
2021-05-02 19:00:00,921.6,NA,10.8,54,NA
2021-05-02 20:00:00,921.7,NA,10.4,54,NA
2021-05-02 21:00:00,922,NA,9.2,63,NA
2021-05-02 22:00:00,921.8,NA,8.4,62,NA
2021-05-02 23:00:00,922.2,NA,7.8,68,NA
2021-05-03 12:00:00,NA,1015.7,5.4,77,NA
2021-05-03 13:00:00,NA,1016,6.4,70,NA
2021-05-03 14:00:00,NA,1016.4,7.6,64,NA
2021-05-03 15:00:00,NA,1016.1,9,56,NA
2021-05-03 16:00:00,NA,1016.3,9.6,53,NA
2021-05-03 17:00:00,NA,1016.9,9.8,51,NA
2021-05-03 18:00:00,NA,1016.6,10.4,45,NA
2021-05-03 19:00:00,NA,1016.8,10.6,44,NA
2021-05-03 20:00:00,NA,1017.8,10.2,43,NA
2021-05-03 21:00:00,NA,1019.1,9.4,48,NA
2021-05-03 22:00:00,NA,1020.4,7.4,58,NA
2021-05-03 23:00:00,NA,1021.6,5.4,69,NA
2021-05-04 00:00:00,930.2,NA,4.8,70,NA
2021-05-04 12:00:00,936.6,NA,-6.8,100,NA
2021-05-04 13:00:00,936.9,NA,-2.6,91,NA
2021-05-04 14:00:00,936.8,NA,0.6,79,NA
2021-05-04 15:00:00,936.4,NA,5.5,27,NA
2021-05-04 16:00:00,935.7,NA,8,33,NA
2021-05-04 17:00:00,934.8,NA,9.6,30,NA
2021-05-04 18:00:00,934,NA,10.8,23,NA
2021-05-04 19:00:00,933.6,NA,11.3,28,NA
2021-05-04 20:00:00,933.6,NA,11.7,31,NA
2021-05-04 21:00:00,933.7,NA,11.1,33,NA
2021-05-04 22:00:00,934.2,NA,8.5,41,NA
2021-05-04 23:00:00,934.7,NA,7.6,44,NA
2021-05-05 12:00:00,NA,1029.4,-6.8,100,NA
2021-05-05 13:00:00,NA,1032.5,-2.4,83,NA
2021-05-05 14:00:00,NA,1032.1,1.4,68,NA
2021-05-05 15:00:00,NA,1031.1,5.5,NA,NA
2021-05-05 16:00:00,NA,1028.7,8.1,39,NA
2021-05-05 17:00:00,NA,1027.5,10.4,33,NA
2021-05-05 18:00:00,NA,1026.6,12.8,28,NA
2021-05-05 19:00:00,NA,1026.1,14.4,29,NA
2021-05-05 20:00:00,NA,1026,14.3,28,NA
2021-05-05 21:00:00,NA,1026,14,34,NA
2021-05-05 22:00:00,NA,1026.9,10.6,48,NA
2021-05-05 23:00:00,933.8,NA,4.7,52,NA
2021-05-06 00:00:00,934.2,NA,1.8,61,NA
2021-05-06 12:00:00,933.4,NA,-7,94,NA
2021-05-06 13:00:00,933.4,NA,-3.4,84,NA
2021-05-06 14:00:00,932.9,NA,1.2,70,NA
2021-05-06 15:00:00,932.2,NA,6.2,33,NA
2021-05-06 16:00:00,931.4,NA,10,33,NA
2021-05-06 17:00:00,930.6,NA,12.3,30,NA
2021-05-06 18:00:00,929.3,NA,15,30,NA
2021-05-06 19:00:00,928.8,NA,15.5,35,NA
2021-05-06 20:00:00,928.5,NA,15.8,35,NA
2021-05-06 21:00:00,928.2,NA,15.2,41,NA
2021-05-06 22:00:00,928.2,NA,10.8,54,NA
2021-05-06 23:00:00,928.6,NA,8.4,57,NA
2021-05-07 12:00:00,NA,1019.9,-3,100,NA
2021-05-07 13:00:00,NA,1019.1,-0.2,89,NA
2021-05-07 14:00:00,NA,1018.8,6.6,52,NA
2021-05-07 15:00:00,NA,1017.7,10,58,NA
2021-05-07 16:00:00,NA,1017.1,12.2,53,NA
2021-05-07 17:00:00,NA,1016.2,13.5,50,NA
2021-05-07 18:00:00,NA,1015.6,14.2,52,NA
2021-05-07 19:00:00,NA,1015.4,15.3,44,NA
2021-05-07 20:00:00,NA,1015.1,15.6,45,NA
2021-05-07 21:00:00,NA,1015.8,14.6,60,NA
2021-05-07 22:00:00,NA,1016.9,10.8,61,NA
2021-05-07 23:00:00,NA,1018.1,8.4,72,NA
2021-05-08 00:00:00,925.8,NA,8.4,72,NA
2021-05-08 12:00:00,926.2,NA,8.8,85,NA
2021-05-08 13:00:00,926.8,NA,9.6,70,NA
2021-05-08 14:00:00,927,NA,10,68,NA
2021-05-08 15:00:00,927.2,NA,10.2,64,NA
2021-05-08 16:00:00,927.3,NA,12.6,47,NA
2021-05-08 17:00:00,926.9,NA,13.4,45,NA
2021-05-08 18:00:00,926.6,NA,12,50,NA
2021-05-08 19:00:00,926.2,NA,12.2,54,NA
2021-05-08 20:00:00,926.9,NA,11.6,55,NA
2021-05-08 21:00:00,927.2,NA,11.4,57,NA
2021-05-08 22:00:00,927.7,NA,9.6,73,NA
2021-05-08 23:00:00,927.8,NA,9.2,73,NA
2021-05-09 12:00:00,NA,1022.5,5.8,64,NA
2021-05-09 13:00:00,NA,1023.1,6.8,60,NA
2021-05-09 14:00:00,NA,1022.6,8.4,50,NA
2021-05-09 15:00:00,NA,1022.7,10.2,41,NA
2021-05-09 16:00:00,NA,1023,11.6,38,NA
2021-05-09 17:00:00,NA,1021.9,12.6,34,NA
2021-05-09 18:00:00,NA,1020.8,13.8,28,NA
2021-05-09 19:00:00,NA,1021.2,13.6,31,NA
2021-05-09 20:00:00,NA,1021.7,12.8,34,NA
2021-05-09 21:00:00,NA,1022.5,11.4,43,NA
2021-05-09 22:00:00,NA,1023.7,9.2,54,NA
2021-05-09 23:00:00,NA,1024.6,8.4,60,NA
2021-05-10 00:00:00,933.2,NA,6.8,60,NA
2021-05-10 12:00:00,935.7,NA,-8.6,100,NA
2021-05-10 13:00:00,935.8,NA,-4.8,100,NA
2021-05-10 14:00:00,935.4,NA,-0.6,92,NA
2021-05-10 15:00:00,934.8,NA,5.2,54,NA
2021-05-10 16:00:00,934.1,NA,8.6,37,NA
2021-05-10 18:00:00,932,NA,11,30,NA
2021-05-10 19:00:00,931.2,NA,11.8,30,NA
2021-05-10 21:00:00,930.6,NA,11.4,31,NA
2021-05-10 22:00:00,931,NA,9.4,38,NA
2021-05-10 23:00:00,931.2,NA,8.2,47,NA
2021-05-11 12:00:00,NA,1025.2,-8.2,100,NA
2021-05-11 13:00:00,NA,1027.8,-4.8,91,NA
2021-05-11 14:00:00,NA,1026.7,0.7,72,NA
2021-05-11 15:00:00,NA,1025.5,4,41,NA
2021-05-11 16:00:00,NA,1023.9,6.8,45,NA
2021-05-11 17:00:00,NA,1022.4,10.2,38,NA
2021-05-11 18:00:00,NA,1019,11.6,34,NA
2021-05-11 19:00:00,NA,1018.4,12.2,33,NA
2021-05-11 20:00:00,NA,1018.1,13.6,33,NA
2021-05-11 21:00:00,NA,1018,13.4,31,NA
2021-05-11 22:00:00,NA,1018.9,9.8,46,NA
2021-05-11 23:00:00,NA,1020.8,8,50,NA
2021-05-12 00:00:00,926.2,NA,7.8,56,NA
2021-05-12 12:00:00,926.1,NA,-2.4,95,NA
2021-05-12 13:00:00,926.5,NA,3,65,NA
2021-05-12 14:00:00,926.8,NA,8.2,40,NA
2021-05-12 15:00:00,926.6,NA,10,31,NA
2021-05-12 17:00:00,925.8,NA,15,22,NA
2021-05-12 18:00:00,925,NA,17.4,16,NA
2021-05-12 19:00:00,924.5,NA,17.8,17,NA
2021-05-12 20:00:00,924.1,NA,17.6,22,NA
2021-05-12 21:00:00,924.1,NA,16.6,27,NA
2021-05-12 23:00:00,924.5,NA,11.6,39,NA
2021-05-13 12:00:00,NA,1018.2,0.2,92,NA
2021-05-13 13:00:00,NA,1020.9,2.6,84,NA
2021-05-13 14:00:00,NA,1018.6,6.4,78,NA
2021-05-13 15:00:00,NA,1017.5,10.9,62,NA
2021-05-13 16:00:00,NA,1016.6,14.2,50,NA
2021-05-13 17:00:00,NA,1015.3,16.3,47,NA
2021-05-13 18:00:00,NA,1014.3,19.2,36,NA
2021-05-13 19:00:00,NA,1014.2,19.4,35,NA
2021-05-13 20:00:00,NA,1014.3,18.8,38,NA
2021-05-13 21:00:00,NA,1014.7,18,41,NA
2021-05-13 22:00:00,NA,1016,15.2,52,NA
2021-05-13 23:00:00,NA,1016.8,13.5,62,NA
2021-05-14 00:00:00,926.2,NA,11.8,68,NA
2021-05-14 12:00:00,926.8,NA,3.8,93,NA
2021-05-14 13:00:00,927,NA,5,97,NA
2021-05-14 14:00:00,926.6,NA,7.8,89,NA
2021-05-14 15:00:00,926.6,NA,10.2,76,NA
2021-05-14 16:00:00,926.2,NA,14.6,48,NA
2021-05-14 17:00:00,925.7,NA,15.8,44,NA
2021-05-14 18:00:00,925.4,NA,16.2,42,NA
2021-05-14 19:00:00,925.4,NA,15.2,50,NA
2021-05-14 20:00:00,926.2,NA,15.2,48,NA
2021-05-14 21:00:00,926.5,NA,13.4,54,NA
2021-05-14 22:00:00,926.6,NA,11.8,58,NA
2021-05-14 23:00:00,927,NA,10.2,67,NA
2021-05-15 12:00:00,NA,1019.9,2.7,97,NA
2021-05-15 13:00:00,NA,1021.6,3.2,99,NA
2021-05-15 14:00:00,NA,1020.6,4,95,NA
2021-05-15 15:00:00,NA,1020.6,5.6,86,NA
2021-05-15 16:00:00,NA,1019.8,8.6,70,NA
2021-05-15 17:00:00,NA,1018.1,11.6,57,NA
2021-05-15 18:00:00,NA,1017.4,12.6,49,NA
2021-05-15 19:00:00,NA,1016.9,13.9,45,NA
2021-05-15 20:00:00,NA,1017.1,13.9,45,NA
2021-05-15 21:00:00,NA,1017.4,14,46,NA
2021-05-15 22:00:00,NA,1018.6,8.5,58,NA
2021-05-15 23:00:00,NA,1019.6,6.8,69,NA
2021-05-16 00:00:00,928.1,NA,3.9,77,NA
2021-05-16 12:00:00,930.9,NA,-5,100,NA
2021-05-16 13:00:00,931.6,NA,-3.2,100,NA
2021-05-16 14:00:00,931.4,NA,0.6,86,NA
2021-05-16 15:00:00,931.3,NA,4.8,52,NA
2021-05-16 17:00:00,930.1,NA,11.7,39,NA
2021-05-16 18:00:00,929.3,NA,13.4,34,NA
2021-05-16 19:00:00,928.6,NA,13.8,30,NA
2021-05-16 20:00:00,928.6,NA,14,30,NA
2021-05-16 21:00:00,928.6,NA,13.5,33,NA
2021-05-16 22:00:00,928.6,NA,8.4,43,NA
2021-05-16 23:00:00,929.4,NA,2.9,51,NA
2021-05-17 12:00:00,NA,1022.7,-2.2,84,NA
2021-05-17 13:00:00,NA,1022,-1,85,NA
2021-05-17 14:00:00,NA,1021.5,2.2,67,NA
2021-05-17 15:00:00,NA,1020.8,5.2,57,NA
2021-05-17 16:00:00,NA,1020,7.8,54,NA
2021-05-17 17:00:00,NA,1018.6,10,51,NA
2021-05-17 18:00:00,NA,1017.7,11.2,49,NA
2021-05-17 19:00:00,NA,1017.5,11.8,44,NA
2021-05-17 20:00:00,NA,1017.6,11.6,46,NA
2021-05-17 21:00:00,NA,1018.1,10.8,53,NA
2021-05-17 22:00:00,NA,1018.3,9,63,NA
2021-05-17 23:00:00,NA,1019,7,71,NA
2021-05-18 00:00:00,926.5,NA,4,75,NA
2021-05-18 12:00:00,923.4,NA,-4.6,99,NA
2021-05-18 14:00:00,923.3,NA,-0.6,95,NA
2021-05-18 15:00:00,922.4,NA,1.4,93,NA
2021-05-18 17:00:00,921.7,NA,5,79,NA
2021-05-18 18:00:00,920.6,NA,NA,NA,NA
2021-05-18 19:00:00,919.8,NA,8,66,NA
2021-05-18 20:00:00,919.8,NA,9.4,61,NA
2021-05-18 21:00:00,920,NA,9,63,NA
2021-05-18 22:00:00,920.6,NA,6,80,NA
2021-05-19 12:00:00,NA,1014.7,1.6,86,NA
2021-05-19 13:00:00,NA,1014.7,1.8,93,NA
2021-05-19 14:00:00,NA,1014.5,3.4,91,NA
2021-05-19 15:00:00,NA,1014.5,5.2,82,NA
2021-05-19 16:00:00,NA,1013.7,7,95,NA
2021-05-19 17:00:00,NA,1012.3,10,71,NA
2021-05-19 18:00:00,NA,1011.3,12.4,58,NA
2021-05-19 19:00:00,NA,1010.5,14,52,NA
2021-05-19 20:00:00,NA,1011.1,13.2,54,NA
2021-05-19 21:00:00,NA,1011.5,11.2,64,NA
2021-05-19 22:00:00,NA,1012,9.2,80,NA
2021-05-19 23:00:00,NA,1012.8,8.2,87,NA
2021-05-20 00:00:00,921.8,NA,7.6,89,NA
2021-05-20 12:00:00,922.5,NA,2.4,96,NA
2021-05-20 13:00:00,922.9,NA,2.6,100,NA
2021-05-20 16:00:00,922.9,NA,10.4,69,NA
2021-05-20 17:00:00,922.4,NA,12,42,NA
2021-05-20 18:00:00,922.1,NA,11.8,49,NA
2021-05-20 19:00:00,922.6,NA,12.8,29,NA
2021-05-20 20:00:00,922.4,NA,11.6,40,NA
2021-05-20 21:00:00,923,NA,9.6,54,NA
2021-05-20 22:00:00,924,NA,6.8,64,NA
2021-05-20 23:00:00,924.5,NA,5.6,69,NA
2021-05-21 12:00:00,NA,1020.8,0.6,89,NA
2021-05-21 13:00:00,NA,1023,1.4,86,NA
2021-05-21 14:00:00,NA,1020.7,6.4,75,NA
2021-05-21 15:00:00,NA,1021.1,7.2,73,NA
2021-05-21 16:00:00,NA,1020.6,8,67,NA
2021-05-21 17:00:00,NA,1020.1,8.2,62,NA
2021-05-21 18:00:00,NA,1019.6,8.6,56,NA
2021-05-21 19:00:00,NA,1019.8,8.8,54,NA
2021-05-21 20:00:00,NA,1022,8.4,60,NA
2021-05-21 21:00:00,NA,1020.7,8,62,NA
2021-05-21 22:00:00,NA,1021.5,6.6,70,NA
2021-05-21 23:00:00,NA,1022.2,6.4,73,NA
2021-05-22 00:00:00,930.2,NA,6,74,NA
2021-05-22 12:00:00,931.2,NA,3.8,84,NA
2021-05-22 13:00:00,931.4,NA,5.2,79,NA
2021-05-22 14:00:00,931.4,NA,7,65,NA
2021-05-22 15:00:00,931.4,NA,8.2,59,NA
2021-05-22 16:00:00,931,NA,9.4,52,NA
2021-05-22 17:00:00,930.2,NA,9.8,48,NA
2021-05-22 18:00:00,930.2,NA,10.6,47,NA
2021-05-22 19:00:00,929.8,NA,10.6,43,NA
2021-05-22 20:00:00,929.8,NA,10,46,NA
2021-05-22 21:00:00,930.2,NA,9,49,NA
2021-05-22 22:00:00,930.9,NA,7.6,58,NA
2021-05-22 23:00:00,931,NA,6.6,67,NA
2021-05-23 12:00:00,NA,1021.3,6.2,72,NA
2021-05-23 13:00:00,NA,1020.6,6.8,73,NA
2021-05-23 14:00:00,NA,1020.2,7.2,71,NA
2021-05-23 15:00:00,NA,1019.8,7.8,71,NA
2021-05-23 16:00:00,NA,1018.5,9,68,NA
2021-05-23 17:00:00,NA,1017.7,9.8,62,NA
2021-05-23 18:00:00,NA,1017.3,10.2,60,NA
2021-05-23 19:00:00,NA,1016.8,10.4,58,NA
2021-05-23 20:00:00,NA,1016.5,10.4,58,NA
2021-05-23 21:00:00,NA,1016.5,8.8,68,NA
2021-05-23 22:00:00,NA,1016.2,7.6,77,NA
2021-05-23 23:00:00,NA,1016,7,84,NA
2021-05-24 00:00:00,NA,1016.4,7,84,NA
2021-05-25 12:00:00,NA,1019.1,4.6,65,NA
2021-05-25 13:00:00,NA,1018.8,5.4,66,NA
2021-05-25 14:00:00,NA,1019,7,61,NA
2021-05-25 15:00:00,NA,1018.6,8,53,NA
2021-05-25 16:00:00,NA,1017.3,9.6,55,NA
2021-05-25 17:00:00,NA,1015.8,10.9,55,NA
2021-05-25 18:00:00,NA,1015.1,12,53,NA
2021-05-25 19:00:00,NA,1014.2,11.9,56,NA
2021-05-25 20:00:00,NA,1014.9,10.3,66,NA
2021-05-25 21:00:00,NA,1014.5,8.4,82,NA
2021-05-25 22:00:00,NA,1013.9,8.1,80,NA
2021-05-25 23:00:00,NA,1013.5,8,82,NA
2021-05-26 00:00:00,NA,1013.1,8.7,78,NA
2021-05-27 12:00:00,NA,1000.5,10.4,84,NA
2021-05-27 13:00:00,NA,1001,9.6,90,NA
2021-05-27 14:00:00,NA,1004.3,7.8,71,NA
2021-05-27 15:00:00,NA,1004.3,7.6,66,NA
2021-05-27 16:00:00,NA,1003.3,10,63,NA
2021-05-27 17:00:00,913.6,1002.4,9.8,67,NA
2021-05-27 18:00:00,913.2,1001.9,10,60,NA
2021-05-27 19:00:00,912.9,1001.6,10,42,NA
2021-05-27 20:00:00,912.6,1001.6,8.8,56,NA
2021-05-27 21:00:00,912.2,1001.3,8,57,NA
2021-05-27 22:00:00,910.8,999.8,7,66,NA
2021-05-27 23:00:00,909.8,999.1,6.8,65,NA
2021-05-28 00:00:00,NA,998.2,7,66,NA
2021-05-29 00:00:00,924.6,NA,NA,NA,NA
2021-05-29 12:00:00,928.3,1021,3.2,62,NA
2021-05-29 13:00:00,928.2,1020.8,3.5,69,NA
2021-05-29 14:00:00,928.7,1021.4,3.4,73,NA
2021-05-29 15:00:00,928.9,1021.6,3.8,72,NA
2021-05-29 16:00:00,929.1,1021.7,4.3,70,NA
2021-05-29 17:00:00,928.6,1021.1,4.5,72,NA
2021-05-29 18:00:00,928.6,1021,5.2,70,NA
2021-05-29 19:00:00,927.9,1020.2,5.4,70,NA
2021-05-29 20:00:00,928,1020.2,5.9,68,NA
2021-05-29 21:00:00,928.4,1020.8,4.8,75,NA
2021-05-29 22:00:00,928,1020.6,3.9,80,NA
2021-05-29 23:00:00,927.9,1020.4,4.1,79,NA
2021-05-30 00:00:00,NA,1019.9,4.2,77,NA
2021-05-31 00:00:00,922.9,NA,NA,NA,NA
2021-05-31 12:00:00,920.2,1010.1,9.4,87,NA
2021-05-31 13:00:00,920.2,1010.3,9,95,NA
2021-05-31 14:00:00,NA,1010.5,9.4,90,NA
2021-05-31 15:00:00,920.8,1010.7,9.7,89,NA
2021-05-31 16:00:00,919.6,1009.4,10,93,NA
2021-05-31 17:00:00,919.4,1009.1,10.5,92,NA
2021-05-31 18:00:00,919.3,1008.9,10.8,93,NA
2021-05-31 19:00:00,918.6,1008,11.2,93,NA
2021-05-31 20:00:00,918.2,1007.7,11.2,93,NA
2021-05-31 21:00:00,918.8,1008.2,11.4,93,NA
2021-05-31 22:00:00,919,1008.4,11.4,93,NA
2021-05-31 23:00:00,918.6,1007.9,11.4,91,NA
2021-06-01 00:00:00,NA,1008.2,11.4,93,NA
2021-06-02 00:00:00,923.2,NA,NA,NA,NA
2021-06-02 12:00:00,926,1018.1,2.2,80,NA
2021-06-02 13:00:00,925.4,1017.3,3.4,88,NA
2021-06-02 14:00:00,924.2,1015.6,5,74,NA
2021-06-02 15:00:00,923.3,1014.2,8.6,56,NA
2021-06-02 16:00:00,922.6,1013.4,8.8,63,NA
2021-06-02 17:00:00,921.3,1011.9,10.4,58,NA
2021-06-02 18:00:00,920.1,1010.3,12,53,NA
2021-06-02 19:00:00,919.2,1009.4,11.4,56,NA
2021-06-02 20:00:00,919.6,1010.1,10.2,63,NA
2021-06-02 21:00:00,919.6,1010.4,8.8,73,NA
2021-06-02 22:00:00,918.8,1009.6,8.2,79,NA
2021-06-02 23:00:00,918.9,1009.8,7.4,95,NA
2021-06-03 00:00:00,NA,1011.4,7.2,97,NA
2021-06-04 00:00:00,918.9,NA,NA,NA,NA
2021-06-04 12:00:00,920.9,1011.8,5.4,87,NA
2021-06-04 13:00:00,922.5,1013.7,4.7,83,NA
2021-06-04 14:00:00,923.3,1014.6,4.6,86,NA
2021-06-04 15:00:00,923.9,1015,5.8,75,NA
2021-06-04 16:00:00,923.7,1014.6,7.4,56,NA
2021-06-04 17:00:00,923,1013.8,7.6,59,NA
2021-06-04 18:00:00,922.5,1013.2,7.8,60,NA
2021-06-04 19:00:00,922.3,1012.9,7.9,58,NA
2021-06-04 20:00:00,922.6,1013.4,7,61,NA
2021-06-04 21:00:00,923.3,1014.3,6,67,NA
2021-06-04 22:00:00,923.5,1014.7,5.5,68,NA
2021-06-04 23:00:00,923.6,1014.9,4.8,77,NA
2021-06-05 00:00:00,NA,1017.2,4.1,80,NA
2021-06-06 00:00:00,928.2,NA,NA,NA,NA
2021-06-06 12:00:00,924.5,1017.7,-2.2,90,NA
2021-06-06 13:00:00,924.9,1020.1,-1,73,NA
2021-06-06 14:00:00,925,1019.9,1.1,89,NA
2021-06-06 15:00:00,924.9,1017.6,2.8,84,NA
2021-06-06 16:00:00,924.4,1016.7,5.2,74,NA
2021-06-06 17:00:00,923.8,1015.9,6.2,67,NA
2021-06-06 18:00:00,923,1014.7,9.2,36,NA
2021-06-06 19:00:00,923.4,1015.3,7.8,45,NA
2021-06-06 20:00:00,923.6,1015.6,7.4,54,NA
2021-06-06 21:00:00,924,1016.2,6.8,58,NA
2021-06-06 22:00:00,924.2,1016.8,6,61,NA
2021-06-06 23:00:00,924.2,1017.1,5.4,66,NA
2021-06-07 00:00:00,NA,1018.3,4.4,73,NA
2021-06-08 00:00:00,921,NA,NA,NA,NA
2021-06-08 12:00:00,NA,1002.6,13.1,59,NA
2021-06-08 13:00:00,NA,1003.6,11.7,71,NA
2021-06-08 14:00:00,NA,1004.9,11.3,75,NA
2021-06-08 15:00:00,NA,1005.9,9.7,86,NA
2021-06-08 16:00:00,NA,1006.5,9.8,89,NA
2021-06-08 17:00:00,NA,1005.4,9.6,87,NA
2021-06-08 18:00:00,NA,1006.1,9.2,89,NA
2021-06-08 19:00:00,NA,1007.5,7.5,88,NA
2021-06-08 20:00:00,NA,1010.3,6.5,88,NA
2021-06-08 21:00:00,NA,1010.3,5.5,85,NA
2021-06-08 22:00:00,NA,1011.4,5.8,82,NA
2021-06-08 23:00:00,NA,1011.5,5.2,88,NA
2021-06-09 00:00:00,NA,1011.1,5.5,85,NA
2021-06-10 00:00:00,924.6,NA,NA,NA,NA
2021-06-10 12:00:00,NA,1024.3,3.4,84,NA
2021-06-10 13:00:00,931.2,1024.2,4.2,79,NA
2021-06-10 14:00:00,932.9,1025.8,5.5,76,NA
2021-06-10 15:00:00,933.3,1026.1,5.8,75,NA
2021-06-10 16:00:00,932.8,1025.4,6.2,72,NA
2021-06-10 17:00:00,932.2,1024.6,7,63,NA
2021-06-10 18:00:00,931.4,1023.9,6.8,65,NA
2021-06-10 19:00:00,931.6,1024,6.6,70,NA
2021-06-10 20:00:00,931.4,1023.7,7.4,58,NA
2021-06-10 21:00:00,931.6,1024.1,6.4,62,NA
2021-06-10 22:00:00,931.3,1023.9,5.6,72,NA
2021-06-10 23:00:00,931,1023.4,6.4,57,NA
2021-06-11 00:00:00,NA,1023.1,5.8,64,NA
2021-06-12 00:00:00,923.8,NA,NA,NA,NA
2021-06-12 12:00:00,920.5,1010.2,9.4,68,NA
2021-06-12 13:00:00,920.6,1010.4,9.8,69,NA
2021-06-12 14:00:00,920.6,1010,11.4,66,NA
2021-06-12 15:00:00,NA,1009.5,12.6,64,NA
2021-06-12 16:00:00,920.1,1009.2,13.2,56,NA
2021-06-12 17:00:00,919.4,1008.5,13.4,60,NA
2021-06-12 18:00:00,919.2,1008.1,13.8,55,NA
2021-06-12 19:00:00,919,1007.9,14.4,52,NA
2021-06-12 20:00:00,919.3,1008.2,14,58,NA
2021-06-12 21:00:00,919.2,1008.4,12.2,65,NA
2021-06-12 22:00:00,919.4,1008.8,11.8,69,NA
2021-06-12 23:00:00,919.7,1009,11.6,69,NA
2021-06-13 00:00:00,NA,1009.6,11.6,69,NA
2021-06-14 00:00:00,930.2,NA,NA,NA,NA
2021-06-14 12:00:00,936,1031,-5.2,100,NA
2021-06-14 13:00:00,936.2,1033.1,-4.6,100,NA
2021-06-14 14:00:00,936.9,1032.7,-2.2,86,NA
2021-06-14 15:00:00,937.4,1032.9,-0.2,82,NA
2021-06-14 16:00:00,937,1032.3,1.8,70,NA
2021-06-14 17:00:00,936.6,1032.4,4.6,48,NA
2021-06-14 18:00:00,936.2,1030.8,6,40,NA
2021-06-14 19:00:00,935.7,1029.9,6,38,NA
2021-06-14 20:00:00,935.4,1029.3,5.8,35,NA
2021-06-14 21:00:00,935.7,1029.9,4.6,34,NA
2021-06-14 22:00:00,935.8,1030.7,1.6,56,NA
2021-06-14 23:00:00,936.4,1031.8,-1,69,NA
2021-06-15 00:00:00,NA,1032.9,-2.8,83,NA
2021-06-16 12:00:00,NA,1031.3,-7,100,NA
2021-06-16 13:00:00,NA,1033.9,-5.2,100,NA
2021-06-16 14:00:00,NA,1033.4,-0.8,92,NA
2021-06-16 15:00:00,936,1032.9,1.2,89,NA
2021-06-16 16:00:00,935.9,1032.6,2.2,90,NA
2021-06-16 17:00:00,935.4,1031.8,3.4,92,NA
2021-06-16 18:00:00,934.9,1031.3,3.1,50,NA
2021-06-16 19:00:00,934.3,1030.5,3.6,51,NA
2021-06-16 20:00:00,934.1,1030.1,3.5,53,NA
2021-06-16 21:00:00,934.4,1030.7,3.3,52,NA
2021-06-16 22:00:00,NA,1030.9,2.4,59,NA
2021-06-16 23:00:00,934.9,1029.9,2.1,64,NA
2021-06-17 00:00:00,NA,1030.4,2.2,61,NA
2021-06-18 00:00:00,931.8,NA,NA,NA,NA
2021-06-18 12:00:00,929.8,1023.7,0.6,97,NA
2021-06-18 13:00:00,930,1023.7,0.6,85,NA
2021-06-18 14:00:00,930.2,1023.9,0.6,85,NA
2021-06-18 15:00:00,930.2,1023.9,1,76,NA
2021-06-18 16:00:00,930,1023.6,1.2,76,NA
2021-06-18 17:00:00,929.4,1022.9,1.6,73,NA
2021-06-18 18:00:00,929,1022.3,2,67,NA
2021-06-18 19:00:00,928.6,1021.9,2,67,NA
2021-06-18 20:00:00,928.8,1022.2,1.8,80,NA
2021-06-18 21:00:00,928.9,1022.3,1.8,93,NA
2021-06-18 22:00:00,NA,1022.6,1.4,83,NA
2021-06-18 23:00:00,929.6,1023.2,1,89,NA
2021-06-19 00:00:00,NA,1023.9,0.8,93,NA
2021-06-20 00:00:00,927.8,NA,NA,NA,NA
2021-06-20 12:00:00,925.4,1020,-7,100,NA
2021-06-20 13:00:00,925.4,1022.7,-6.8,100,NA
2021-06-20 14:00:00,925.7,1022.4,-3.8,96,NA
2021-06-20 15:00:00,925.8,1022.3,-2.6,92,NA
2021-06-20 16:00:00,925.4,1019.9,-0.2,85,NA
2021-06-20 17:00:00,NA,1018.2,2.2,64,NA
2021-06-20 18:00:00,923.8,1017.5,2.4,67,NA
2021-06-20 19:00:00,923.4,1016.5,6,61,NA
2021-06-20 20:00:00,923.8,1016.7,7.8,47,NA
2021-06-20 21:00:00,924.6,1017.8,6.4,51,NA
2021-06-20 22:00:00,924.6,1017.9,5.8,56,NA
2021-06-20 23:00:00,925,1018.3,5.6,58,NA
2021-06-21 00:00:00,NA,1019,5.4,61,NA
2021-06-22 00:00:00,922.9,NA,NA,NA,NA
2021-06-22 12:00:00,920.2,1012.1,2,97,NA
2021-06-22 13:00:00,920.2,1012,2.2,97,NA
2021-06-22 14:00:00,919.8,1011.5,3.4,94,NA
2021-06-22 15:00:00,NA,1011.3,5.2,85,NA
2021-06-22 16:00:00,NA,1010.1,6.2,82,NA
2021-06-22 17:00:00,NA,1009.1,7.2,79,NA
2021-06-22 18:00:00,NA,1008,7.8,71,NA
2021-06-22 19:00:00,NA,1006.8,8.6,70,NA
2021-06-22 20:00:00,NA,1006.4,9,70,NA
2021-06-22 21:00:00,NA,1007.2,7.4,80,NA
2021-06-22 22:00:00,NA,1007.8,5,88,NA
2021-06-22 23:00:00,NA,1008,3.2,91,NA
2021-06-23 00:00:00,NA,1008.7,1.6,93,NA
2021-06-24 00:00:00,921.8,NA,NA,NA,NA
2021-06-24 12:00:00,921.8,1013.8,3.6,88,NA
2021-06-24 13:00:00,922.5,1014.4,3.6,85,NA
2021-06-24 14:00:00,921.3,1013,3.8,85,NA
2021-06-24 15:00:00,921.8,1013.8,3.4,88,NA
2021-06-24 16:00:00,920.4,1011.9,4.4,88,NA
2021-06-24 17:00:00,919.8,1011,6.6,78,NA
2021-06-24 18:00:00,919.3,1010.1,8,67,NA
2021-06-24 19:00:00,918.8,1009.5,8.2,64,NA
2021-06-24 20:00:00,919.3,1010.3,7,71,NA
2021-06-24 21:00:00,919.4,1010.7,5.8,75,NA
2021-06-24 22:00:00,919.4,1010.8,5.4,74,NA
2021-06-24 23:00:00,919.8,1011.2,4.6,76,NA
2021-06-25 00:00:00,NA,1012.1,4.4,73,NA
2021-06-26 00:00:00,927.6,NA,NA,NA,NA
2021-06-26 12:00:00,NA,1028.5,-1.4,93,NA
2021-06-26 13:00:00,NA,1029,-0.7,87,NA
2021-06-26 14:00:00,NA,1029.7,0.7,82,NA
2021-06-26 15:00:00,NA,1030.7,2,67,NA
2021-06-26 16:00:00,NA,1030.7,3.2,51,NA
2021-06-26 17:00:00,NA,1029.5,5.1,35,NA
2021-06-26 18:00:00,NA,1028.8,5.2,44,NA
2021-06-26 19:00:00,NA,1028.7,5.8,44,NA
2021-06-26 20:00:00,NA,1029.1,5.4,48,NA
2021-06-26 21:00:00,NA,1030.2,4,59,NA
2021-06-26 22:00:00,NA,1032,0.4,91,NA
2021-06-26 23:00:00,NA,1032.9,-1.7,82,NA
2021-06-27 00:00:00,NA,1033.5,-2.5,90,NA
2021-06-28 12:00:00,NA,1035.5,-10.4,100,NA
2021-06-28 13:00:00,NA,1036.2,-8.4,94,NA
2021-06-28 14:00:00,NA,1035.8,-5.8,100,NA
2021-06-28 15:00:00,NA,1034.7,-1.2,71,NA
2021-06-28 16:00:00,NA,1033.2,2.1,56,NA
2021-06-28 17:00:00,NA,1032.5,5,30,NA
2021-06-28 18:00:00,NA,1031.4,6.9,36,NA
2021-06-28 19:00:00,NA,1031.3,7.9,35,NA
2021-06-28 20:00:00,NA,1031.1,8,33,NA
2021-06-28 21:00:00,NA,1028.9,6.2,38,NA
2021-06-28 22:00:00,NA,1029.9,2.9,56,NA
2021-06-28 23:00:00,NA,1030.6,-1.4,83,NA
2021-06-29 00:00:00,NA,1031.7,-2.9,92,NA
2021-06-30 00:00:00,927.3,NA,NA,NA,NA
2021-06-30 12:00:00,921.8,1016.9,-8,86,NA
2021-06-30 13:00:00,921.7,1018.8,-6.8,95,NA
2021-06-30 14:00:00,921.3,1017.5,-2.4,90,NA
2021-06-30 15:00:00,921.8,1016.1,8,87,NA
2021-06-30 16:00:00,922.2,1016.6,7.8,57,NA
2021-06-30 17:00:00,922.1,1016.6,7.2,63,NA
2021-06-30 18:00:00,922,1014.3,8.6,63,NA
2021-06-30 19:00:00,921.8,1016,8.8,65,NA
2021-06-30 20:00:00,921.6,1014,8.2,70,NA
2021-06-30 21:00:00,922,1014.7,6.6,81,NA
2021-06-30 22:00:00,NA,1016.9,6,83,NA
2021-06-30 23:00:00,922.6,1015.8,6.2,83,NA
2021-07-01 00:00:00,NA,1016.8,6.4,81,NA
