2021-01-07 00:00:00,908.8,NA,NA,NA,NA
2021-01-07 03:00:00,910.2,1478,20.1,38,NA
2021-01-07 06:00:00,910.1,1473,15.8,54,NA
2021-01-07 09:00:00,910.1,1475,14.4,56,NA
2021-01-07 12:00:00,912.2,1492,15,43,NA
2021-01-07 15:00:00,912.4,1491,19,17,NA
2021-01-07 18:00:00,912,1486,22,13,NA
2021-01-07 21:00:00,911.7,1483,23.7,10,NA
2021-01-08 00:00:00,NA,1491,20.3,16,NA
2021-01-09 00:00:00,908.6,NA,NA,NA,NA
2021-01-09 03:00:00,910.4,1466,15.2,26,NA
2021-01-09 06:00:00,909.7,1461,11,38,NA
2021-01-09 09:00:00,908.9,1452,7.8,49,NA
2021-01-09 12:00:00,907.4,1443,14.8,39,NA
2021-01-09 15:00:00,905.8,1426,19.8,30,NA
2021-01-09 18:00:00,904.1,1408,21.8,22,NA
2021-01-09 21:00:00,903.4,1397,19.6,25,NA
2021-01-10 00:00:00,NA,1415,14.6,45,NA
2021-01-11 00:00:00,903.8,NA,NA,NA,NA
2021-01-11 03:00:00,906.2,1420,10,54,NA
2021-01-11 06:00:00,907.4,1433,7.4,63,NA
2021-01-11 12:00:00,911.3,1461,7,55,NA
2021-01-11 15:00:00,912.5,1473,10.4,36,NA
2021-01-11 18:00:00,913,1481,16,28,NA
2021-01-11 21:00:00,914.4,1489,15.8,26,NA
2021-01-12 00:00:00,NA,1500,13,26,NA
2021-01-13 00:00:00,914.2,NA,NA,NA,NA
2021-01-13 03:00:00,915.3,1511,12.8,31,NA
2021-01-13 06:00:00,915.8,1512,8.6,35,NA
2021-01-13 09:00:00,916.5,1518,6.6,42,NA
2021-01-13 12:00:00,917,1528,14.2,39,NA
2021-01-13 15:00:00,915.6,1517,23.7,16,NA
2021-01-13 18:00:00,913.3,1495,26.5,26,NA
2021-01-13 21:00:00,912.1,1484,27.6,20,NA
2021-01-14 00:00:00,NA,1486,21.8,37,NA
2021-01-15 00:00:00,908.6,NA,NA,NA,NA
2021-01-15 03:00:00,908.9,1458,15,26,NA
2021-01-15 06:00:00,908.9,1457,12.2,45,NA
2021-01-15 09:00:00,908.1,1446,11.2,55,NA
2021-01-15 12:00:00,908.4,1450,14,46,NA
2021-01-15 15:00:00,908.6,1451,18.6,26,NA
2021-01-15 18:00:00,908.2,1445,19,17,NA
2021-01-15 21:00:00,909,1448,16.6,26,NA
2021-01-16 00:00:00,NA,1460,14.2,36,NA
2021-01-17 00:00:00,914.2,NA,NA,NA,NA
2021-01-17 03:00:00,915.4,1508,12.6,44,NA
2021-01-17 06:00:00,915.4,1510,10.5,51,NA
2021-01-17 09:00:00,913.6,1494,9,61,NA
2021-01-17 12:00:00,915.4,1517,16.4,44,NA
2021-01-17 15:00:00,913.9,1501,21.8,27,NA
2021-01-17 18:00:00,NA,1483,26.2,8,NA
2021-01-17 21:00:00,NA,1475,28.4,9,NA
2021-01-18 00:00:00,NA,1486,25,10,NA
2021-01-19 03:00:00,NA,1505,20.9,27,NA
2021-01-19 06:00:00,NA,1521,17,43,NA
2021-01-19 09:00:00,NA,1518,10.2,47,NA
2021-01-19 12:00:00,NA,1536,18,44,NA
2021-01-19 15:00:00,NA,1533,24,30,NA
2021-01-19 18:00:00,NA,1516,28.6,19,NA
2021-01-19 21:00:00,NA,1500,31.2,12,NA
2021-01-20 00:00:00,NA,1510,28.2,11,NA
2021-01-21 03:00:00,NA,1519,24.5,11,NA
2021-01-21 06:00:00,NA,1509,16.4,22,NA
2021-01-21 09:00:00,NA,1516,13.2,32,NA
2021-01-21 12:00:00,NA,1531,21.2,29,NA
2021-01-21 15:00:00,NA,1519,28.8,11,NA
2021-01-21 18:00:00,NA,1508,35.3,8,NA
2021-01-21 21:00:00,NA,1491,35.5,9,NA
2021-01-22 00:00:00,NA,1501,30.6,12,NA
2021-01-23 03:00:00,NA,1493,23.2,25,NA
2021-01-23 06:00:00,NA,1502,21.6,38,NA
2021-01-23 09:00:00,NA,1511,14.8,56,NA
2021-01-23 12:00:00,NA,1514,22,46,NA
2021-01-23 15:00:00,NA,1508,27.7,23,NA
2021-01-23 18:00:00,NA,1496,32,11,NA
2021-01-23 21:00:00,NA,1475,32.9,10,NA
2021-01-24 00:00:00,NA,1480,29.5,13,NA
2021-01-25 03:00:00,NA,1462,17.6,27,NA
2021-01-25 06:00:00,NA,1458,12.4,38,NA
2021-01-25 09:00:00,NA,1455,9.2,47,NA
2021-01-25 12:00:00,NA,1456,15,44,NA
2021-01-25 15:00:00,NA,1453,20.2,35,NA
2021-01-25 18:00:00,NA,1442,24.4,27,NA
2021-01-25 21:00:00,NA,1432,24.7,25,NA
2021-01-26 00:00:00,NA,1448,19.3,33,NA
2021-01-26 15:00:00,910.8,NA,17.9,40,NA
2021-01-26 18:00:00,909.4,NA,20.1,28,NA
2021-01-27 03:00:00,NA,1483,12.4,43,NA
2021-01-27 06:00:00,NA,1483,10.2,54,NA
2021-01-27 09:00:00,NA,1473,5.8,61,NA
2021-01-27 12:00:00,NA,1466,10.6,61,NA
2021-01-27 15:00:00,NA,1453,12.6,57,NA
2021-01-27 18:00:00,NA,1438,17.6,45,NA
2021-01-27 21:00:00,NA,1426,11.8,75,NA
2021-01-28 00:00:00,NA,1440,13.2,52,NA
2021-01-29 03:00:00,NA,1416,11,57,NA
2021-01-29 06:00:00,NA,1407,5.8,77,NA
2021-01-29 09:00:00,NA,1409,4.8,88,NA
2021-01-29 12:00:00,NA,1415,11.1,65,NA
2021-01-29 15:00:00,NA,1415,16.9,39,NA
2021-01-29 18:00:00,NA,1407,22.1,14,NA
2021-01-29 21:00:00,NA,1404,23.8,14,NA
2021-01-30 00:00:00,NA,1424,20,16,NA
2021-01-31 03:00:00,917.2,1522,12.2,80,NA
2021-01-31 06:00:00,918.5,1537,10.2,86,NA
2021-01-31 09:00:00,917.8,1531,10.9,86,NA
2021-01-31 12:00:00,918.4,1536,12.6,78,NA
2021-01-31 15:00:00,917.7,1530,18.2,39,NA
2021-01-31 18:00:00,916.6,1522,21.2,24,NA
2021-01-31 21:00:00,916,1515,19.8,27,NA
2021-02-01 00:00:00,917.2,1525,16.8,28,NA
2021-02-02 00:00:00,915.2,NA,NA,NA,NA
2021-02-02 03:00:00,915.8,1516,14,44,NA
2021-02-02 06:00:00,915.4,1514,12.6,49,NA
2021-02-02 09:00:00,915.6,1512,10,57,NA
2021-02-02 12:00:00,916.9,1529,15.8,43,NA
2021-02-02 15:00:00,916,1523,23.8,28,NA
2021-02-02 18:00:00,915,1516,27,9,NA
2021-02-02 21:00:00,913.6,1501,28.3,6,NA
2021-02-03 00:00:00,NA,1514,25.6,7,NA
2021-02-04 00:00:00,917,NA,NA,NA,NA
2021-02-04 03:00:00,918,1551,20.7,19,NA
2021-02-04 06:00:00,919.3,1565,17.8,28,NA
2021-02-04 09:00:00,919.7,1566,14,38,NA
2021-02-04 12:00:00,920.9,1578,19.2,27,NA
2021-02-04 15:00:00,919.8,1572,29.2,17,NA
2021-02-04 18:00:00,917.2,1547,31.8,4,NA
2021-02-04 21:00:00,916.4,1537,33.7,7,NA
2021-02-05 00:00:00,NA,1536,28.5,10,NA
2021-02-05 03:00:00,NA,1551,23.9,14,NA
2021-02-05 06:00:00,NA,1544,17.9,24,NA
2021-02-05 09:00:00,NA,1521,11.8,32,NA
2021-02-05 12:00:00,NA,1535,19.8,31,NA
2021-02-05 15:00:00,NA,1525,29.3,12,NA
2021-02-05 18:00:00,NA,1514,33.9,7,NA
2021-02-05 21:00:00,NA,1484,34.8,5,NA
2021-02-06 00:00:00,910.8,1487,30,10,NA
2021-02-06 03:00:00,913.6,NA,NA,NA,NA
2021-02-06 06:00:00,914.8,NA,NA,NA,NA
2021-02-06 09:00:00,914.4,NA,NA,NA,NA
2021-02-06 12:00:00,915.4,NA,NA,NA,NA
2021-02-06 15:00:00,914,NA,NA,NA,NA
2021-02-06 18:00:00,911.2,NA,NA,NA,NA
2021-02-06 21:00:00,909.4,NA,NA,NA,NA
2021-02-08 00:00:00,920.9,NA,NA,NA,NA
2021-02-08 03:00:00,922.1,1567,14.2,52,NA
2021-02-08 06:00:00,921.3,1561,10.7,65,NA
2021-02-08 09:00:00,NA,1558,10,63,NA
2021-02-08 12:00:00,NA,1560,11,68,NA
2021-02-08 15:00:00,NA,1560,17,51,NA
2021-02-08 18:00:00,NA,1547,20.4,41,NA
2021-02-08 21:00:00,NA,1535,22.7,39,NA
2021-02-09 00:00:00,NA,1543,21,43,NA
2021-02-10 03:00:00,NA,1546,19.5,44,NA
2021-02-10 06:00:00,NA,1547,18.2,50,NA
2021-02-10 09:00:00,NA,1545,13.4,59,NA
2021-02-10 12:00:00,NA,1548,18.8,54,NA
2021-02-10 15:00:00,NA,1539,26.2,35,NA
2021-02-10 18:00:00,NA,1522,28.8,28,NA
2021-02-10 21:00:00,NA,1497,28.4,22,NA
2021-02-11 00:00:00,913.2,NA,24.8,25,NA
2021-02-11 03:00:00,913.7,NA,19.2,33,NA
2021-02-11 06:00:00,912.6,NA,17.8,37,NA
2021-02-11 09:00:00,912.6,NA,13,44,NA
2021-02-11 12:00:00,913.3,NA,18.4,48,NA
2021-02-11 15:00:00,912.1,NA,25.5,40,NA
2021-02-11 18:00:00,910.8,NA,29.7,24,NA
2021-02-11 21:00:00,909.6,NA,31.7,18,NA
2021-02-12 03:00:00,NA,1509,22.1,39,NA
2021-02-12 06:00:00,NA,1516,20.3,56,NA
2021-02-12 09:00:00,NA,1513,16.8,64,NA
2021-02-12 12:00:00,NA,1524,19,41,NA
2021-02-12 15:00:00,NA,1526,24.2,39,NA
2021-02-12 18:00:00,NA,1513,26.4,37,NA
2021-02-12 21:00:00,NA,1499,21.7,53,NA
2021-02-13 00:00:00,913.4,NA,19.4,62,NA
2021-02-13 03:00:00,913.4,NA,16.2,69,NA
2021-02-13 06:00:00,912.6,NA,13.8,83,NA
2021-02-13 09:00:00,911.7,NA,12.8,80,NA
2021-02-13 12:00:00,912,NA,15.8,68,NA
2021-02-13 15:00:00,910.9,NA,25.2,36,NA
2021-02-13 18:00:00,909,NA,28.6,21,NA
2021-02-13 21:00:00,907.3,NA,29.3,8,NA
2021-02-14 03:00:00,NA,1472,17,27,NA
2021-02-14 06:00:00,NA,1477,13.4,40,NA
2021-02-14 09:00:00,NA,1475,9.4,50,NA
2021-02-14 12:00:00,NA,1493,13.6,49,NA
2021-02-14 15:00:00,NA,1492,19,35,NA
2021-02-14 18:00:00,NA,1489,22.8,33,NA
2021-02-14 21:00:00,NA,1482,24.2,20,NA
2021-02-15 00:00:00,913.7,NA,18,33,NA
2021-02-15 03:00:00,916.5,NA,14.4,37,NA
2021-02-15 06:00:00,918.5,NA,11.8,57,NA
2021-02-15 09:00:00,918.8,NA,8,53,NA
2021-02-15 12:00:00,918.6,NA,11.4,57,NA
2021-02-15 15:00:00,918,NA,17.9,37,NA
2021-02-15 18:00:00,915.2,NA,23.3,20,NA
2021-02-15 21:00:00,913.7,NA,23.1,27,NA
2021-02-16 03:00:00,NA,1511,16.3,44,NA
2021-02-16 06:00:00,NA,1508,13.1,57,NA
2021-02-16 09:00:00,NA,1492,7.8,64,NA
2021-02-16 12:00:00,NA,1497,14,58,NA
2021-02-16 15:00:00,NA,1492,22,40,NA
2021-02-16 18:00:00,NA,1479,26.6,25,NA
2021-02-16 21:00:00,NA,1460,27.3,18,NA
2021-02-17 00:00:00,909.6,NA,20.9,18,NA
2021-02-17 03:00:00,912.4,NA,17.3,43,NA
2021-02-17 06:00:00,912.5,NA,12,59,NA
2021-02-17 09:00:00,911.4,NA,9.8,74,NA
2021-02-17 12:00:00,912.8,NA,13.9,62,NA
2021-02-17 15:00:00,911.2,NA,19,41,NA
2021-02-17 18:00:00,909.7,NA,24.3,25,NA
2021-02-17 21:00:00,908.6,NA,25,26,NA
2021-02-18 03:00:00,NA,1474,12.3,59,NA
2021-02-18 06:00:00,NA,1469,9.3,62,NA
2021-02-18 09:00:00,NA,1452,8.6,68,NA
2021-02-18 12:00:00,NA,1452,12.2,63,NA
2021-02-18 15:00:00,NA,1434,17.4,54,NA
2021-02-18 18:00:00,NA,1423,21.8,47,NA
2021-02-18 21:00:00,NA,1431,17.9,35,NA
2021-02-19 00:00:00,910.1,NA,9.1,48,NA
2021-02-19 03:00:00,914.5,NA,5.9,59,NA
2021-02-19 09:00:00,916.2,NA,1.8,66,NA
2021-02-19 12:00:00,917.6,NA,5.6,63,NA
2021-02-19 15:00:00,916.8,NA,11.9,40,NA
2021-02-19 18:00:00,915.3,NA,16.5,26,NA
2021-02-19 21:00:00,914,NA,19,27,NA
2021-02-20 03:00:00,NA,1511,7.7,41,NA
2021-02-20 06:00:00,NA,1513,8.5,57,NA
2021-02-20 09:00:00,NA,1509,5.6,61,NA
2021-02-20 12:00:00,NA,1509,9.5,58,NA
2021-02-20 15:00:00,NA,1500,15.5,48,NA
2021-02-20 18:00:00,NA,1486,21.9,34,NA
2021-02-20 21:00:00,NA,1467,23.1,28,NA
2021-02-21 00:00:00,910.2,NA,18.6,19,NA
2021-02-21 03:00:00,912.2,NA,11.3,32,NA
2021-02-21 06:00:00,911.4,NA,10.5,48,NA
2021-02-21 09:00:00,909.8,NA,9.4,56,NA
2021-02-21 12:00:00,910.4,NA,15,45,NA
2021-02-21 15:00:00,908.2,NA,20,33,NA
2021-02-21 18:00:00,906.8,NA,22.6,26,NA
2021-02-21 21:00:00,908.6,NA,20.1,36,NA
2021-02-22 03:00:00,NA,1470,12.4,53,NA
2021-02-22 06:00:00,NA,1481,10,55,NA
2021-02-22 09:00:00,NA,1481,9.3,64,NA
2021-02-22 12:00:00,NA,1489,10.5,63,NA
2021-02-22 15:00:00,NA,1492,15.5,48,NA
2021-02-22 18:00:00,NA,1482,20.4,34,NA
2021-02-22 21:00:00,NA,1480,21.4,26,NA
2021-02-23 00:00:00,913.7,NA,17.8,31,NA
2021-02-23 03:00:00,915.6,NA,13,48,NA
2021-02-23 06:00:00,915.6,NA,9.6,57,NA
2021-02-23 09:00:00,915.7,NA,8.6,66,NA
2021-02-23 12:00:00,917,NA,12,60,NA
2021-02-23 15:00:00,917.3,NA,19.6,43,NA
2021-02-23 18:00:00,916.5,NA,24.1,32,NA
2021-02-23 21:00:00,915.4,NA,26.4,26,NA
2021-02-24 03:00:00,NA,1522,16.4,42,NA
2021-02-24 06:00:00,NA,1521,13,50,NA
2021-02-24 09:00:00,NA,1513,7.7,60,NA
2021-02-24 12:00:00,NA,1520,17,54,NA
2021-02-24 15:00:00,NA,1515,25.3,38,NA
2021-02-24 18:00:00,NA,1498,30.8,15,NA
2021-02-24 21:00:00,NA,1483,31.8,15,NA
2021-02-25 00:00:00,912.5,NA,25.8,17,NA
2021-02-25 03:00:00,913.6,NA,17.6,32,NA
2021-02-25 06:00:00,914.1,NA,11,34,NA
2021-02-25 09:00:00,914.4,NA,9.3,42,NA
2021-02-25 12:00:00,915.4,NA,16.4,41,NA
2021-02-25 15:00:00,913.7,NA,28.2,25,NA
2021-02-25 18:00:00,911,NA,32.2,13,NA
2021-02-25 21:00:00,909.3,NA,32.4,9,NA
2021-02-26 03:00:00,NA,1476,21,21,NA
2021-02-26 06:00:00,NA,1480,19.2,33,NA
2021-02-26 09:00:00,NA,1475,19.5,44,NA
2021-02-26 12:00:00,NA,1482,18.6,45,NA
2021-02-26 15:00:00,NA,1488,27.7,43,NA
2021-02-26 18:00:00,NA,1480,29,33,NA
2021-02-26 21:00:00,NA,1486,27.5,34,NA
2021-02-27 00:00:00,914.6,NA,21.1,49,NA
2021-02-27 03:00:00,914.6,NA,18.4,57,NA
2021-02-27 06:00:00,915.2,NA,15,62,NA
2021-02-27 09:00:00,915.2,NA,12.1,78,NA
2021-02-27 12:00:00,915.3,NA,17.2,74,NA
2021-02-27 15:00:00,914.2,NA,26,47,NA
2021-02-27 18:00:00,911.8,NA,28.9,34,NA
2021-02-27 21:00:00,910.2,NA,30,28,NA
2021-02-28 03:00:00,NA,1495,21,31,NA
2021-02-28 06:00:00,NA,1500,14,46,NA
2021-02-28 09:00:00,NA,1502,11.4,48,NA
2021-02-28 12:00:00,NA,1512,18,44,NA
2021-02-28 15:00:00,NA,1513,22.9,28,NA
2021-02-28 18:00:00,NA,1497,27.4,18,NA
2021-02-28 21:00:00,NA,1488,29.4,11,NA
2021-03-01 00:00:00,NA,1497,23,22,NA
2021-03-02 03:00:00,NA,1515,19.2,72,NA
2021-03-02 06:00:00,NA,1519,15.2,84,NA
2021-03-02 09:00:00,NA,1521,15,82,NA
2021-03-02 12:00:00,NA,1518,16.2,80,NA
2021-03-02 15:00:00,NA,1520,21.7,61,NA
2021-03-02 18:00:00,913.4,1502,25.4,46,NA
2021-03-02 21:00:00,912.8,1494,23.7,64,NA
2021-03-03 00:00:00,NA,1501,20.9,75,NA
2021-03-04 00:00:00,915.2,NA,NA,NA,NA
2021-03-04 03:00:00,916.2,1529,18.8,82,NA
2021-03-04 06:00:00,917.3,1537,15.9,90,NA
2021-03-04 09:00:00,NA,1547,15.2,82,NA
2021-03-04 12:00:00,919.3,1553,15.4,72,NA
2021-03-04 15:00:00,919.4,1557,21.2,44,NA
2021-03-04 18:00:00,918.2,1546,24.5,28,NA
2021-03-04 21:00:00,916.8,1534,25.7,29,NA
2021-03-05 00:00:00,NA,1533,20.4,48,NA
2021-03-06 00:00:00,910.4,NA,NA,NA,NA
2021-03-06 03:00:00,910.4,1470,17.4,78,NA
2021-03-06 06:00:00,911.2,1479,16.5,76,NA
2021-03-06 09:00:00,909.3,1460,14,82,NA
2021-03-06 12:00:00,910,1466,17.8,64,NA
2021-03-06 15:00:00,910.4,1476,24.4,17,NA
2021-03-06 18:00:00,908.9,1465,29.6,11,NA
2021-03-06 21:00:00,908.9,1461,27.8,7,NA
2021-03-07 00:00:00,NA,1478,22,26,NA
2021-03-08 00:00:00,913,NA,NA,NA,NA
2021-03-08 03:00:00,916.5,1521,12.8,45,NA
2021-03-08 06:00:00,917.8,1535,8.9,54,NA
2021-03-08 09:00:00,919.3,1542,6,64,NA
2021-03-08 12:00:00,919.6,1544,10.6,59,NA
2021-03-08 15:00:00,919.4,1545,17.4,36,NA
2021-03-08 18:00:00,916,1518,24.2,12,NA
2021-03-08 21:00:00,913.6,1496,26.6,10,NA
2021-03-09 00:00:00,NA,1499,20.8,13,NA
2021-03-10 00:00:00,907.2,NA,NA,NA,NA
2021-03-10 03:00:00,907.4,1449,19.6,28,NA
2021-03-10 06:00:00,NA,1434,16,28,NA
2021-03-10 09:00:00,904.2,1422,15.6,47,NA
2021-03-10 12:00:00,903.8,1413,17,51,NA
2021-03-10 15:00:00,904.1,1413,18.6,50,NA
2021-03-10 18:00:00,902.9,1401,22.4,38,NA
2021-03-10 21:00:00,904.6,1414,18.3,43,NA
2021-03-11 00:00:00,NA,1430,12.2,45,NA
2021-03-12 00:00:00,914.1,NA,NA,NA,NA
2021-03-12 03:00:00,916.2,1514,11.5,61,NA
2021-03-12 06:00:00,916.2,1515,7.8,77,NA
2021-03-12 09:00:00,916,1511,5.5,81,NA
2021-03-12 12:00:00,916.6,1513,7.3,78,NA
2021-03-12 15:00:00,915.7,1512,18.4,34,NA
2021-03-12 18:00:00,914.2,1502,25.2,15,NA
2021-03-12 21:00:00,912.6,1486,26.6,10,NA
2021-03-13 00:00:00,NA,1488,19.8,14,NA
2021-03-14 03:00:00,NA,1546,16.4,26,NA
2021-03-14 06:00:00,NA,1559,13.2,38,NA
2021-03-14 09:00:00,NA,1553,8.2,48,NA
2021-03-14 12:00:00,NA,1552,10,54,NA
2021-03-14 15:00:00,NA,1545,21.2,39,NA
2021-03-14 18:00:00,NA,1523,25,35,NA
2021-03-14 21:00:00,NA,1500,26.5,31,NA
2021-03-15 00:00:00,NA,1499,20.8,42,NA
2021-03-15 12:00:00,911.6,NA,12.2,72,NA
2021-03-15 15:00:00,910.1,NA,20.8,57,NA
2021-03-15 18:00:00,908.2,NA,25.8,28,NA
2021-03-16 03:00:00,NA,1477,12.5,43,NA
2021-03-16 06:00:00,NA,1484,10.4,60,NA
2021-03-16 09:00:00,NA,1492,9.2,66,NA
2021-03-16 12:00:00,NA,1498,8,64,NA
2021-03-16 15:00:00,NA,1505,15.6,40,NA
2021-03-16 16:00:00,NA,NA,NA,NA,NA
2021-03-16 18:00:00,NA,1509,19.4,26,NA
2021-03-16 21:00:00,NA,1513,18.8,29,NA
2021-03-17 00:00:00,919.6,NA,10.4,73,NA
2021-03-17 03:00:00,923.8,NA,8.9,78,NA
2021-03-17 06:00:00,924.5,NA,7.4,81,NA
2021-03-17 09:00:00,924.4,NA,6.3,78,NA
2021-03-17 12:00:00,925.4,NA,6.6,75,NA
2021-03-18 03:00:00,NA,1550,7.9,63,NA
2021-03-18 06:00:00,NA,1538,5.2,68,NA
2021-03-18 09:00:00,NA,1519,-1,62,NA
2021-03-18 12:00:00,NA,1514,4.6,69,NA
2021-03-18 15:00:00,NA,1500,12.6,52,NA
2021-03-18 18:00:00,NA,1481,16.4,40,NA
2021-03-18 21:00:00,NA,1463,17.5,42,NA
2021-03-19 00:00:00,912.2,NA,13.1,59,NA
2021-03-19 03:00:00,911.8,NA,10.6,70,NA
2021-03-19 06:00:00,910.6,NA,9,77,NA
2021-03-19 09:00:00,909.4,NA,7.2,81,NA
2021-03-19 12:00:00,909.4,NA,9,78,NA
2021-03-19 15:00:00,908.6,NA,16.8,48,NA
2021-03-19 18:00:00,906.1,NA,21,26,NA
2021-03-19 20:00:00,905.8,NA,21,24,NA
2021-03-19 21:00:00,905.8,NA,21,24,NA
2021-03-20 03:00:00,NA,1459,10.5,58,NA
2021-03-20 06:00:00,NA,1468,8.6,80,NA
2021-03-20 09:00:00,NA,1469,6,77,NA
2021-03-20 12:00:00,NA,1502,8.9,72,NA
2021-03-20 15:00:00,NA,1511,13.7,52,NA
2021-03-20 18:00:00,NA,1521,18.1,34,NA
2021-03-20 21:00:00,NA,1525,20.1,30,NA
2021-03-21 00:00:00,919.8,NA,14.2,41,NA
2021-03-21 03:00:00,921.2,NA,7.6,53,NA
2021-03-21 06:00:00,921.3,NA,6.2,54,NA
2021-03-21 12:00:00,920.9,NA,8.2,72,NA
2021-03-21 15:00:00,920.4,NA,18.6,37,NA
2021-03-21 18:00:00,918.2,NA,23.2,20,NA
2021-03-21 21:00:00,916.9,NA,23.2,21,NA
2021-03-22 03:00:00,NA,1543,14.9,36,NA
2021-03-22 06:00:00,NA,1536,13.4,42,NA
2021-03-22 09:00:00,NA,1525,4.7,59,NA
2021-03-22 12:00:00,NA,1530,9,58,NA
2021-03-22 15:00:00,NA,1533,19.9,39,NA
2021-03-22 18:00:00,NA,1520,25.1,27,NA
2021-03-22 21:00:00,NA,1495,25.6,13,NA
2021-03-23 00:00:00,914.1,NA,14.8,20,NA
2021-03-23 03:00:00,913.7,NA,10.6,27,NA
2021-03-23 06:00:00,912.9,NA,10.2,40,NA
2021-03-23 09:00:00,911.3,NA,8.4,48,NA
2021-03-23 12:00:00,911,NA,8.6,54,NA
2021-03-23 15:00:00,911,NA,19.4,39,NA
2021-03-23 18:00:00,909.7,NA,23.3,22,NA
2021-03-23 21:00:00,910.4,NA,22,32,NA
2021-03-24 03:00:00,NA,1496,10.2,52,NA
2021-03-24 06:00:00,NA,1507,9,63,NA
2021-03-24 09:00:00,NA,1510,6.8,73,NA
2021-03-24 12:00:00,NA,1514,6.5,71,NA
2021-03-24 15:00:00,NA,1516,12.3,38,NA
2021-03-24 18:00:00,NA,1511,17.9,15,NA
2021-03-24 21:00:00,NA,1503,17.4,13,NA
2021-03-25 00:00:00,917.2,NA,13.4,26,NA
2021-03-25 03:00:00,918.9,NA,8.9,36,NA
2021-03-25 06:00:00,919.3,NA,6.7,54,NA
2021-03-25 09:00:00,919.4,NA,5.4,60,NA
2021-03-25 12:00:00,920.8,NA,5.2,74,NA
2021-03-25 15:00:00,920.4,NA,13.2,54,NA
2021-03-25 18:00:00,918.6,NA,18.2,38,NA
2021-03-25 21:00:00,917.6,NA,19.8,29,NA
2021-03-26 03:00:00,NA,1540,9.4,44,NA
2021-03-26 06:00:00,NA,1542,3,56,NA
2021-03-26 09:00:00,NA,1543,0.2,60,NA
2021-03-26 12:00:00,NA,1548,5.7,58,NA
2021-03-26 15:00:00,NA,1557,16.9,39,NA
2021-03-26 18:00:00,NA,1537,21.9,18,NA
2021-03-26 21:00:00,NA,1528,21.6,17,NA
2021-03-27 00:00:00,918.8,NA,13.2,21,NA
2021-03-27 03:00:00,919.2,NA,12.2,25,NA
2021-03-27 06:00:00,918.8,NA,8.2,31,NA
2021-03-27 09:00:00,918.9,NA,4.2,39,NA
2021-03-27 12:00:00,919.3,NA,6.7,38,NA
2021-03-27 15:00:00,918.9,NA,17.9,32,NA
2021-03-27 18:00:00,916.6,NA,24.5,17,NA
2021-03-27 21:00:00,915.4,NA,24.2,17,NA
2021-03-28 03:00:00,NA,1519,14.2,24,NA
2021-03-28 06:00:00,NA,1523,8.8,31,NA
2021-03-28 09:00:00,NA,1519,3.8,39,NA
2021-03-28 12:00:00,NA,1518,6.6,43,NA
2021-03-28 15:00:00,NA,1525,18.9,25,NA
2021-03-28 18:00:00,NA,1510,24.5,17,NA
2021-03-28 21:00:00,914.2,NA,24.8,21,NA
2021-03-29 00:00:00,914.6,NA,17,25,NA
2021-03-29 03:00:00,915.7,NA,14,31,NA
2021-03-29 06:00:00,916.9,NA,6.7,47,NA
2021-03-29 09:00:00,917,NA,4.5,49,NA
2021-03-29 12:00:00,917.4,NA,6.4,47,NA
2021-03-29 15:00:00,917.3,NA,19.6,29,NA
2021-03-29 18:00:00,915,NA,26.2,14,NA
2021-03-30 03:00:00,NA,1525,12.5,24,NA
2021-03-30 06:00:00,NA,1517,6.2,43,NA
2021-03-30 09:00:00,NA,1509,4.5,43,NA
2021-03-30 12:00:00,NA,1507,3.6,48,NA
2021-03-30 15:00:00,NA,1513,16.6,32,NA
2021-03-30 18:00:00,NA,1492,25.5,28,NA
2021-03-30 21:00:00,NA,1486,25.7,29,NA
2021-03-31 00:00:00,914.8,NA,19.2,33,NA
2021-03-31 03:00:00,915.4,NA,14,51,NA
2021-03-31 06:00:00,915.7,NA,11.4,61,NA
2021-03-31 09:00:00,915.8,NA,12,62,NA
2021-03-31 15:00:00,917.7,NA,17.9,56,NA
2021-03-31 18:00:00,916.2,NA,21.4,49,NA
2021-03-31 21:00:00,915.4,NA,20.6,53,NA
2021-04-01 03:00:00,NA,1523,11.2,84,NA
2021-04-01 06:00:00,NA,1522,11,82,NA
2021-04-01 09:00:00,NA,1512,10.8,84,NA
2021-04-01 12:00:00,NA,1507,10,85,NA
2021-04-01 15:00:00,NA,1500,11.2,81,NA
2021-04-01 18:00:00,NA,1491,15.8,60,NA
2021-04-01 21:00:00,NA,1491,14.9,72,NA
2021-04-02 00:00:00,914.5,NA,15,59,NA
2021-04-02 03:00:00,915.2,NA,12,88,NA
2021-04-02 06:00:00,914.5,NA,11.5,87,NA
2021-04-02 09:00:00,914.5,NA,9.8,85,NA
2021-04-02 12:00:00,915,NA,9.2,87,NA
2021-04-02 15:00:00,915.3,NA,13.4,77,NA
2021-04-02 18:00:00,914.5,NA,18.2,49,NA
2021-04-02 21:00:00,914.2,NA,18.5,59,NA
2021-04-03 03:00:00,NA,1502,12.2,87,NA
2021-04-03 06:00:00,NA,1501,11.9,89,NA
2021-04-03 09:00:00,NA,1493,7.5,89,NA
2021-04-03 12:00:00,NA,1501,7.4,92,NA
2021-04-03 15:00:00,NA,1505,12.3,85,NA
2021-04-03 18:00:00,NA,1495,22.1,20,NA
2021-04-03 21:00:00,911.7,NA,22.2,17,NA
2021-04-04 00:00:00,912.8,NA,14.6,49,NA
2021-04-04 03:00:00,913.8,NA,14,59,NA
2021-04-04 06:00:00,912.5,NA,11.9,67,NA
2021-04-04 09:00:00,911.2,NA,6.2,85,NA
2021-04-04 12:00:00,910.8,NA,7.5,87,NA
2021-04-04 15:00:00,910,NA,18.8,51,NA
2021-04-04 18:00:00,907,NA,26.2,24,NA
2021-04-04 21:00:00,906.6,NA,26.4,10,NA
2021-04-05 03:00:00,NA,1462,14.2,31,NA
2021-04-05 06:00:00,NA,1475,11.7,35,NA
2021-04-05 09:00:00,NA,1471,7.4,56,NA
2021-04-05 12:00:00,NA,1471,8.8,58,NA
2021-04-05 15:00:00,NA,1476,16.8,36,NA
2021-04-05 18:00:00,NA,1467,23.4,39,NA
2021-04-05 21:00:00,NA,1462,23.7,46,NA
2021-04-06 00:00:00,911.4,NA,20.4,57,NA
2021-04-06 03:00:00,912.6,NA,17.9,73,NA
2021-04-06 06:00:00,911.3,NA,15.3,82,NA
2021-04-06 09:00:00,911.3,NA,13.2,74,NA
2021-04-06 12:00:00,912.2,NA,13.4,82,NA
2021-04-06 15:00:00,912,NA,16.2,51,NA
2021-04-06 18:00:00,911.4,NA,17.2,46,NA
2021-04-06 21:00:00,911.6,NA,16.7,41,NA
2021-04-07 03:00:00,NA,1476,11.2,57,NA
2021-04-07 06:00:00,NA,1477,9.4,75,NA
2021-04-07 09:00:00,NA,1470,7.8,79,NA
2021-04-07 12:00:00,NA,1475,8,84,NA
2021-04-07 15:00:00,NA,1478,15.2,36,NA
2021-04-07 18:00:00,NA,1466,18.6,26,NA
2021-04-07 21:00:00,NA,1461,17.8,19,NA
2021-04-08 00:00:00,NA,1472,11.7,38,NA
2021-04-08 15:00:00,912.1,NA,12.3,51,NA
2021-04-08 18:00:00,910.8,NA,16.3,30,NA
2021-04-08 21:00:00,912.1,NA,12.2,44,NA
2021-04-09 03:00:00,NA,1485,7.8,70,NA
2021-04-09 06:00:00,NA,1489,6.3,73,NA
2021-04-09 09:00:00,NA,1497,3.6,82,NA
2021-04-09 12:00:00,NA,1506,4.4,85,NA
2021-04-09 15:00:00,NA,1516,10.2,60,NA
2021-04-09 18:00:00,NA,1510,13.6,36,NA
2021-04-09 21:00:00,NA,1506,13.4,42,NA
2021-04-10 00:00:00,NA,1513,8.2,63,NA
2021-04-11 03:00:00,NA,1514,8.2,46,NA
2021-04-11 06:00:00,NA,1518,6.4,57,NA
2021-04-11 09:00:00,NA,1508,4.8,68,NA
2021-04-11 12:00:00,NA,1503,3.6,78,NA
2021-04-11 15:00:00,NA,1506,15,43,NA
2021-04-11 18:00:00,NA,1489,21,31,NA
2021-04-11 21:00:00,NA,1483,20.9,32,NA
2021-04-12 00:00:00,NA,1480,16.4,46,NA
2021-04-13 03:00:00,NA,1535,10.9,78,NA
2021-04-13 06:00:00,NA,1530,7.3,83,NA
2021-04-13 09:00:00,NA,1532,6.4,84,NA
2021-04-13 12:00:00,918.6,1527,5,85,NA
2021-04-13 15:00:00,918.1,1529,14.6,45,NA
2021-04-13 18:00:00,915.6,1511,22.3,11,NA
2021-04-13 21:00:00,914.5,1501,24.2,12,NA
2021-04-14 00:00:00,NA,1482,17.4,22,NA
2021-04-15 00:00:00,911.2,NA,NA,NA,NA
2021-04-15 03:00:00,912.5,1484,12.8,53,NA
2021-04-15 06:00:00,NA,1493,6.8,77,NA
2021-04-15 09:00:00,NA,1495,6,83,NA
2021-04-15 12:00:00,914.9,1496,5.7,81,NA
2021-04-15 15:00:00,914.8,1499,13.2,47,NA
2021-04-15 18:00:00,912.6,1479,18,14,NA
2021-04-15 21:00:00,911.8,1471,18.3,16,NA
2021-04-16 00:00:00,NA,1470,10,27,NA
2021-04-17 00:00:00,916.9,NA,NA,NA,NA
2021-04-17 03:00:00,917.3,1514,5.8,48,NA
2021-04-17 06:00:00,916.9,1513,4.3,59,NA
2021-04-17 09:00:00,915.7,1501,1.6,66,NA
2021-04-17 12:00:00,915.8,1492,1.8,57,NA
2021-04-17 15:00:00,915.4,1498,14,30,NA
2021-04-17 18:00:00,913.6,1486,19.4,16,NA
2021-04-17 21:00:00,913.4,1481,18.3,18,NA
2021-04-18 00:00:00,NA,1486,12,37,NA
2021-04-19 00:00:00,910,NA,NA,NA,NA
2021-04-19 03:00:00,911.3,1473,14.1,54,NA
2021-04-19 06:00:00,910,1467,14.1,77,NA
2021-04-19 12:00:00,909.2,1449,10.6,74,NA
2021-04-19 15:00:00,907.7,1443,21.2,27,NA
2021-04-19 18:00:00,907,1441,24.2,18,NA
2021-04-19 21:00:00,908.2,1445,21.3,23,NA
2021-04-20 00:00:00,NA,1452,13.4,40,NA
2021-04-21 00:00:00,911.7,NA,NA,NA,NA
2021-04-21 03:00:00,910.6,1462,11.8,87,NA
2021-04-21 06:00:00,912,1480,12,82,NA
2021-04-21 09:00:00,912.5,1482,10.8,85,NA
2021-04-21 12:00:00,912.9,1478,9.5,77,NA
2021-04-21 15:00:00,912.8,1481,13.8,54,NA
2021-04-21 18:00:00,911.8,1474,16.3,38,NA
2021-04-21 21:00:00,911.3,1466,14.4,34,NA
2021-04-22 00:00:00,NA,1463,10.4,50,NA
2021-04-23 00:00:00,911.6,NA,NA,NA,NA
2021-04-23 03:00:00,912.2,1471,10.2,37,NA
2021-04-23 06:00:00,912.1,1471,8.2,48,NA
2021-04-23 09:00:00,NA,1476,7.6,49,NA
2021-04-23 12:00:00,NA,1474,5.5,63,NA
2021-04-23 15:00:00,NA,1481,12.9,44,NA
2021-04-23 18:00:00,NA,1479,14.7,24,NA
2021-04-23 21:00:00,NA,1488,14.4,21,NA
2021-04-24 00:00:00,NA,1499,5.7,41,NA
2021-04-25 03:00:00,NA,1525,5.4,55,NA
2021-04-25 06:00:00,NA,1538,2,70,NA
2021-04-25 09:00:00,NA,1528,-1.9,80,NA
2021-04-25 12:00:00,NA,1525,-1.4,86,NA
2021-04-25 15:00:00,NA,1529,10.5,52,NA
2021-04-25 18:00:00,NA,1509,18.2,24,NA
2021-04-25 21:00:00,NA,1498,18.8,18,NA
2021-04-26 00:00:00,NA,1496,12.6,34,NA
2021-04-27 03:00:00,NA,1492,5.2,57,NA
2021-04-27 06:00:00,NA,1492,0,63,NA
2021-04-27 09:00:00,NA,1479,-1.2,65,NA
2021-04-27 12:00:00,NA,1467,-2.5,75,NA
2021-04-27 15:00:00,NA,1472,12.6,40,NA
2021-04-27 18:00:00,NA,1448,20,11,NA
2021-04-27 21:00:00,NA,1450,18.3,13,NA
2021-04-28 00:00:00,912.9,NA,14.6,45,NA
2021-04-28 03:00:00,913.8,NA,12.1,55,NA
2021-04-28 06:00:00,914.4,NA,9.9,65,NA
2021-04-28 09:00:00,915,NA,10,68,NA
2021-04-28 12:00:00,916.4,NA,9.8,80,NA
2021-04-28 15:00:00,916.9,NA,15.8,52,NA
2021-04-28 18:00:00,915.2,NA,21.2,40,NA
2021-04-28 21:00:00,915.4,NA,20,34,NA
2021-04-29 03:00:00,NA,1514,14.1,31,NA
2021-04-29 06:00:00,NA,1513,4.5,63,NA
2021-04-29 09:00:00,NA,1498,1.9,71,NA
2021-04-29 12:00:00,NA,1484,2,80,NA
2021-04-29 15:00:00,NA,1499,13.2,47,NA
2021-04-29 18:00:00,NA,1488,20.2,21,NA
2021-04-29 21:00:00,NA,1476,17.8,19,NA
2021-04-30 00:00:00,913,NA,9.7,24,NA
2021-04-30 03:00:00,912.9,NA,10.3,24,NA
2021-04-30 06:00:00,912.9,NA,10.3,27,NA
2021-04-30 12:00:00,911.2,NA,10.2,24,NA
2021-04-30 15:00:00,910.9,NA,13.9,21,NA
2021-04-30 18:00:00,908.8,NA,16,17,NA
2021-04-30 21:00:00,908.1,NA,15.6,18,NA
2021-05-01 03:00:00,NA,1459,9.5,82,NA
2021-05-01 06:00:00,NA,1458,10.3,73,NA
2021-05-01 09:00:00,NA,1454,9.8,71,NA
2021-05-01 12:00:00,NA,1447,10.2,65,NA
2021-05-01 15:00:00,NA,1458,12,53,NA
2021-05-01 18:00:00,NA,1450,12.8,50,NA
2021-05-01 21:00:00,NA,1447,12.6,49,NA
2021-05-02 00:00:00,909.4,NA,10.6,58,NA
2021-05-02 03:00:00,910.4,NA,8.5,68,NA
2021-05-02 06:00:00,910.9,NA,6,85,NA
2021-05-02 09:00:00,909,NA,6.5,75,NA
2021-05-02 12:00:00,910.5,NA,5.8,83,NA
2021-05-02 15:00:00,909.8,NA,10,53,NA
2021-05-02 18:00:00,907.6,NA,11.4,34,NA
2021-05-02 21:00:00,908.4,NA,10.8,33,NA
2021-05-03 03:00:00,NA,1455,5,57,NA
2021-05-03 06:00:00,NA,1447,3.8,65,NA
2021-05-03 09:00:00,NA,1440,3,69,NA
2021-05-03 12:00:00,NA,1458,2.8,68,NA
2021-05-03 15:00:00,NA,1466,7.8,47,NA
2021-05-03 18:00:00,NA,1472,9.4,33,NA
2021-05-03 21:00:00,NA,1496,7.8,28,NA
2021-05-04 00:00:00,919.7,NA,1.8,43,NA
2021-05-04 03:00:00,922.1,NA,-2.1,53,NA
2021-05-04 06:00:00,924,NA,-6.3,64,NA
2021-05-04 09:00:00,925.6,NA,-6.6,68,NA
2021-05-04 12:00:00,926.8,NA,-9.2,69,NA
2021-05-04 15:00:00,926.6,NA,3.6,48,NA
2021-05-04 18:00:00,924.9,NA,8.6,32,NA
2021-05-04 21:00:00,924.2,NA,9.6,20,NA
2021-05-05 03:00:00,NA,1563,-2.2,47,NA
2021-05-05 06:00:00,NA,1560,-4.1,57,NA
2021-05-05 09:00:00,NA,1548,-6,60,NA
2021-05-05 12:00:00,NA,1540,-7.6,69,NA
2021-05-05 15:00:00,NA,1554,4.5,49,NA
2021-05-05 18:00:00,NA,1557,12.3,25,NA
2021-05-05 21:00:00,NA,1552,13.3,19,NA
2021-05-06 00:00:00,924,NA,2.8,34,NA
2021-05-06 03:00:00,924.5,NA,-0.4,44,NA
2021-05-06 06:00:00,924,NA,-6.2,49,NA
2021-05-06 09:00:00,923.2,NA,-6.8,52,NA
2021-05-06 12:00:00,922.8,NA,-7.4,61,NA
2021-05-06 15:00:00,922.6,NA,6.2,43,NA
2021-05-06 18:00:00,920.2,NA,14.6,21,NA
2021-05-06 21:00:00,919.6,NA,15.6,14,NA
2021-05-07 03:00:00,NA,1519,-2.2,43,NA
2021-05-07 06:00:00,NA,1526,-2.6,54,NA
2021-05-07 09:00:00,NA,1519,-6.8,53,NA
2021-05-07 12:00:00,NA,1505,-5.4,71,NA
2021-05-07 15:00:00,NA,1507,9.8,55,NA
2021-05-07 18:00:00,NA,1496,16.4,34,NA
2021-05-07 21:00:00,NA,1483,14.7,38,NA
2021-05-08 00:00:00,916.5,NA,9.9,58,NA
2021-05-08 03:00:00,916.6,NA,4.8,76,NA
2021-05-08 06:00:00,916.2,NA,0.8,84,NA
2021-05-08 09:00:00,915.3,NA,-1,83,NA
2021-05-08 12:00:00,915.7,NA,-1.4,83,NA
2021-05-08 15:00:00,916.1,NA,8.8,65,NA
2021-05-08 18:00:00,914.4,NA,13.8,35,NA
2021-05-08 21:00:00,914.5,NA,13.6,33,NA
2021-05-09 03:00:00,NA,1502,5.5,65,NA
2021-05-09 06:00:00,NA,1504,5.8,69,NA
2021-05-09 09:00:00,NA,1502,4.2,76,NA
2021-05-09 12:00:00,NA,1513,2.2,70,NA
2021-05-09 15:00:00,NA,1533,8.6,46,NA
2021-05-09 18:00:00,NA,1531,10.6,25,NA
2021-05-09 21:00:00,NA,1537,8.8,20,NA
2021-05-10 00:00:00,922.6,NA,0.2,39,NA
2021-05-10 03:00:00,923.3,NA,-2.2,47,NA
2021-05-10 06:00:00,925.7,NA,-3.1,59,NA
2021-05-10 09:00:00,924.5,NA,-6.4,69,NA
2021-05-10 12:00:00,924.6,NA,-8.8,70,NA
2021-05-10 15:00:00,924.9,NA,3.6,45,NA
2021-05-10 18:00:00,923,NA,8.2,31,NA
2021-05-10 21:00:00,921.8,NA,9.3,26,NA
2021-05-11 03:00:00,NA,1542,-2.1,46,NA
2021-05-11 06:00:00,NA,1533,-8.2,54,NA
2021-05-11 09:00:00,NA,1519,-9,58,NA
2021-05-11 12:00:00,NA,1505,-8.9,64,NA
2021-05-11 15:00:00,NA,1509,3.4,48,NA
2021-05-11 18:00:00,NA,1485,11.5,35,NA
2021-05-11 21:00:00,NA,1474,12.6,32,NA
2021-05-12 00:00:00,914.6,NA,4.2,46,NA
2021-05-12 03:00:00,914.4,NA,5.2,43,NA
2021-05-12 06:00:00,914.5,NA,0.2,51,NA
2021-05-12 09:00:00,913.2,NA,-3,59,NA
2021-05-12 12:00:00,914.4,NA,-5.3,63,NA
2021-05-12 15:00:00,915.8,NA,11.3,30,NA
2021-05-12 18:00:00,914.4,NA,15.4,9,NA
2021-05-12 21:00:00,913.6,NA,16,18,NA
2021-05-13 03:00:00,NA,1495,2.5,63,NA
2021-05-13 06:00:00,NA,1495,0.7,61,NA
2021-05-13 09:00:00,NA,1491,-0.9,60,NA
2021-05-13 12:00:00,NA,1482,-0.6,70,NA
2021-05-13 15:00:00,NA,1497,6.3,55,NA
2021-05-13 18:00:00,NA,1487,15.3,34,NA
2021-05-13 21:00:00,916.6,NA,14.5,32,NA
2021-05-14 00:00:00,916.1,NA,8.5,34,NA
2021-05-14 03:00:00,917,NA,2.9,55,NA
2021-05-14 06:00:00,917,NA,-0.6,55,NA
2021-05-14 09:00:00,915.7,NA,-1.2,59,NA
2021-05-14 12:00:00,916.2,NA,-3,61,NA
2021-05-14 15:00:00,915.7,NA,9.7,42,NA
2021-05-14 18:00:00,913.6,NA,16.5,34,NA
2021-05-14 21:00:00,914.1,NA,16.2,28,NA
2021-05-15 03:00:00,NA,1500,5,71,NA
2021-05-15 06:00:00,NA,1511,1.7,80,NA
2021-05-15 09:00:00,NA,1498,-1.2,85,NA
2021-05-15 12:00:00,NA,1501,-1,85,NA
2021-05-15 15:00:00,NA,1514,5.5,62,NA
2021-05-15 18:00:00,NA,1506,12.4,26,NA
2021-05-15 21:00:00,NA,1496,12.4,24,NA
2021-05-16 00:00:00,917.7,NA,1.8,21,NA
2021-05-16 03:00:00,918.9,NA,0.3,43,NA
2021-05-16 06:00:00,919.2,NA,-2.9,57,NA
2021-05-16 09:00:00,919.6,NA,-5.8,57,NA
2021-05-16 12:00:00,920.2,NA,-8.4,65,NA
2021-05-16 15:00:00,920.5,NA,6,45,NA
2021-05-16 18:00:00,919.7,NA,12.8,23,NA
2021-05-16 21:00:00,919.6,NA,12.9,21,NA
2021-05-17 03:00:00,NA,1533,1.7,57,NA
2021-05-17 06:00:00,NA,1532,-0.6,62,NA
2021-05-17 09:00:00,NA,1521,-1.2,65,NA
2021-05-17 12:00:00,NA,1502,-2,76,NA
2021-05-17 15:00:00,NA,1511,5.1,77,NA
2021-05-17 18:00:00,NA,1495,11.7,54,NA
2021-05-17 21:00:00,NA,1492,11,38,NA
2021-05-18 00:00:00,916.4,NA,7.6,56,NA
2021-05-18 03:00:00,916,NA,2.2,70,NA
2021-05-18 06:00:00,915.3,NA,-2.2,75,NA
2021-05-18 09:00:00,914.5,NA,-4.2,86,NA
2021-05-18 12:00:00,913.7,NA,-1.8,88,NA
2021-05-18 15:00:00,913.2,NA,4.7,75,NA
2021-05-18 18:00:00,910,NA,14.1,47,NA
2021-05-18 21:00:00,909.3,NA,14,44,NA
2021-05-19 03:00:00,NA,1453,7.6,84,NA
2021-05-19 06:00:00,NA,1454,4.4,79,NA
2021-05-19 09:00:00,NA,1456,7.5,83,NA
2021-05-19 12:00:00,NA,1454,6.1,82,NA
2021-05-19 15:00:00,NA,1464,9.4,73,NA
2021-05-19 18:00:00,NA,1450,15.5,33,NA
2021-05-19 21:00:00,NA,1461,14,34,NA
2021-05-20 00:00:00,912.1,NA,4.8,45,NA
2021-05-20 03:00:00,912.8,NA,3.2,62,NA
2021-05-20 06:00:00,912.5,NA,7.6,81,NA
2021-05-20 09:00:00,912.8,NA,7.4,78,NA
2021-05-20 12:00:00,913,NA,8.1,78,NA
2021-05-20 15:00:00,913.4,NA,9.9,76,NA
2021-05-20 18:00:00,912.6,NA,11.2,65,NA
2021-05-20 21:00:00,912.9,NA,9.6,70,NA
2021-05-21 03:00:00,NA,1490,6.8,78,NA
2021-05-21 06:00:00,NA,1487,5.4,80,NA
2021-05-21 09:00:00,NA,1473,3.8,82,NA
2021-05-21 12:00:00,NA,1493,2.8,82,NA
2021-05-21 15:00:00,NA,1496,5.8,64,NA
2021-05-21 18:00:00,NA,1491,8.3,56,NA
2021-05-21 21:00:00,NA,1498,8.2,46,NA
2021-05-22 00:00:00,917.3,NA,5.6,58,NA
2021-05-22 03:00:00,917.4,NA,0.6,71,NA
2021-05-22 06:00:00,918.1,NA,0.6,71,NA
2021-05-22 09:00:00,918.2,NA,-0.5,81,NA
2021-05-22 12:00:00,919,NA,0.2,79,NA
2021-05-22 15:00:00,918.8,NA,5.8,59,NA
2021-05-22 18:00:00,917.3,NA,10.2,44,NA
2021-05-22 21:00:00,917.6,NA,9.4,32,NA
2021-05-23 03:00:00,NA,1512,0.4,78,NA
2021-05-23 06:00:00,NA,1515,1,79,NA
2021-05-23 09:00:00,NA,1508,1.4,74,NA
2021-05-23 12:00:00,NA,1495,2.7,77,NA
2021-05-23 15:00:00,NA,1493,8.8,54,NA
2021-05-23 18:00:00,NA,1476,12.2,48,NA
2021-05-23 21:00:00,NA,1459,9.2,47,NA
2021-05-24 00:00:00,NA,1445,6.6,70,NA
2021-05-25 03:00:00,NA,1446,4.5,52,NA
2021-05-25 06:00:00,NA,1459,1.1,60,NA
2021-05-25 09:00:00,NA,1465,1.4,49,NA
2021-05-25 12:00:00,NA,1468,-0.7,57,NA
2021-05-25 15:00:00,NA,1477,5.2,44,NA
2021-05-25 18:00:00,NA,1468,6,48,NA
2021-05-25 21:00:00,NA,1459,5.9,44,NA
2021-05-26 00:00:00,NA,1434,3.2,53,NA
2021-05-27 03:00:00,NA,1428,11,64,NA
2021-05-27 06:00:00,NA,1408,11,55,NA
2021-05-27 09:00:00,NA,1366,11.2,55,NA
2021-05-27 12:00:00,NA,1344,10.4,58,NA
2021-05-27 15:00:00,899.8,1160,12,37,NA
2021-05-27 18:00:00,897.3,1337,12.3,34,NA
2021-05-27 21:00:00,895.8,1322,9.8,33,NA
2021-05-28 00:00:00,NA,1326,6.8,56,NA
2021-05-28 21:00:00,906.8,NA,NA,NA,NA
2021-05-29 03:00:00,912.4,1459,0,54,NA
2021-05-29 06:00:00,911.7,1450,-3.5,67,NA
2021-05-29 09:00:00,912.8,1459,-2.2,67,NA
2021-05-29 12:00:00,913.8,1465,-1.6,69,NA
2021-05-29 15:00:00,914.4,1473,4.6,48,NA
2021-05-29 18:00:00,913,1459,5.9,47,NA
2021-05-29 21:00:00,913,1459,5.4,44,NA
2021-05-30 00:00:00,NA,1466,2.7,60,NA
2021-05-31 00:00:00,907.7,NA,NA,NA,NA
2021-05-31 03:00:00,908.5,1432,7.7,53,NA
2021-05-31 06:00:00,909,1439,6.2,68,NA
2021-05-31 09:00:00,908.9,1438,6.8,78,NA
2021-05-31 12:00:00,908,1429,8.6,70,NA
2021-05-31 15:00:00,906.2,1415,11.2,64,NA
2021-05-31 18:00:00,903.6,1391,12.6,64,NA
2021-05-31 21:00:00,904,1395,12.6,61,NA
2021-06-01 00:00:00,NA,1399,11.2,67,NA
2021-06-02 00:00:00,910.1,NA,NA,NA,NA
2021-06-02 03:00:00,912.2,1463,2.1,53,NA
2021-06-02 06:00:00,913.7,1475,-1.2,65,NA
2021-06-02 09:00:00,913.8,1474,-1.6,72,NA
2021-06-02 12:00:00,914.1,1467,-3.6,78,NA
2021-06-02 15:00:00,913.2,1462,2.6,61,NA
2021-06-02 18:00:00,910.9,1441,4.6,62,NA
2021-06-02 21:00:00,910,1429,1,88,NA
2021-06-03 00:00:00,NA,1423,1.2,86,NA
2021-06-04 00:00:00,905.8,NA,NA,NA,NA
2021-06-04 03:00:00,906.4,1412,6.1,62,NA
2021-06-04 06:00:00,906.4,1418,4.5,67,NA
2021-06-04 09:00:00,906.8,1415,1,79,NA
2021-06-04 12:00:00,908.4,1426,1.8,73,NA
2021-06-04 15:00:00,910,1442,6,51,NA
2021-06-04 18:00:00,909.3,1437,9.2,34,NA
2021-06-04 21:00:00,910.4,1441,7,35,NA
2021-06-05 00:00:00,NA,1454,3.1,59,NA
2021-06-06 00:00:00,917.3,NA,NA,NA,NA
2021-06-06 03:00:00,916.8,1490,-2.6,71,NA
2021-06-06 06:00:00,916.4,1488,-4.7,79,NA
2021-06-06 09:00:00,915.2,1468,-5.8,80,NA
2021-06-06 12:00:00,915,1466,-6.6,79,NA
2021-06-06 15:00:00,914.8,1469,0.6,61,NA
2021-06-06 18:00:00,912.1,1450,6.8,37,NA
2021-06-06 21:00:00,911.7,1445,6.1,38,NA
2021-06-07 00:00:00,NA,1442,1.9,58,NA
2021-06-08 00:00:00,910.4,NA,NA,NA,NA
2021-06-08 03:00:00,909.3,1440,8.5,39,NA
2021-06-08 06:00:00,907.6,1428,9,40,NA
2021-06-08 09:00:00,NA,1402,9.5,36,NA
2021-06-08 12:00:00,NA,1389,11.4,42,NA
2021-06-08 15:00:00,NA,1397,14,34,NA
2021-06-08 18:00:00,NA,1399,14.6,37,NA
2021-06-08 21:00:00,NA,1432,8.3,73,NA
2021-06-09 00:00:00,NA,1442,6.8,75,NA
2021-06-10 00:00:00,911.8,NA,NA,NA,NA
2021-06-10 03:00:00,913.7,1473,1.4,76,NA
2021-06-10 06:00:00,916.4,1497,-1.5,80,NA
2021-06-10 09:00:00,917.3,1501,-0.5,85,NA
2021-06-10 12:00:00,919.4,1515,-0.6,83,NA
2021-06-10 15:00:00,919.8,1523,5.4,52,NA
2021-06-10 18:00:00,918.5,1512,8.9,34,NA
2021-06-10 21:00:00,918.1,1508,7.3,45,NA
2021-06-11 00:00:00,NA,1493,6.1,57,NA
2021-06-12 00:00:00,909.3,NA,NA,NA,NA
2021-06-12 03:00:00,909.3,1444,10.9,58,NA
2021-06-12 06:00:00,908,1439,10.7,58,NA
2021-06-12 12:00:00,907.3,1426,8.2,54,NA
2021-06-12 15:00:00,908.6,1441,13.2,45,NA
2021-06-12 18:00:00,907.2,1430,14.4,41,NA
2021-06-12 21:00:00,908.4,1436,10.5,65,NA
2021-06-13 00:00:00,NA,1434,6,75,NA
2021-06-14 00:00:00,917.6,NA,NA,NA,NA
2021-06-14 03:00:00,919,1511,-1.8,72,NA
2021-06-14 06:00:00,921,1529,-3.2,74,NA
2021-06-14 09:00:00,922.2,1535,-4.4,82,NA
2021-06-14 12:00:00,923.7,1543,-6,80,NA
2021-06-14 15:00:00,926.1,1566,0.1,62,NA
2021-06-14 18:00:00,924.4,1555,4.2,34,NA
2021-06-14 21:00:00,924.5,1553,3.1,29,NA
2021-06-15 00:00:00,NA,1550,-3,53,NA
2021-06-16 03:00:00,NA,1566,-6,60,NA
2021-06-16 06:00:00,NA,1566,-12.6,77,NA
2021-06-16 09:00:00,NA,1559,-12.4,77,NA
2021-06-16 12:00:00,NA,1558,-9.9,81,NA
2021-06-16 15:00:00,927.4,1569,-2.6,65,NA
2021-06-16 18:00:00,925.7,1555,3,39,NA
2021-06-16 21:00:00,926.9,1561,1.6,47,NA
2021-06-17 00:00:00,NA,1555,-1.6,53,NA
2021-06-18 00:00:00,922.9,NA,NA,NA,NA
2021-06-18 03:00:00,923.3,1542,-0.8,74,NA
2021-06-18 06:00:00,922.6,1539,-2.2,84,NA
2021-06-18 09:00:00,921.3,1527,-2.2,86,NA
2021-06-18 12:00:00,921.4,1527,-1.8,83,NA
2021-06-18 15:00:00,921.2,1526,-0.2,75,NA
2021-06-18 18:00:00,919.6,1511,1.2,62,NA
2021-06-18 21:00:00,919,1506,0.1,73,NA
2021-06-19 00:00:00,NA,1513,-1,77,NA
2021-06-20 00:00:00,916.9,NA,NA,NA,NA
2021-06-20 03:00:00,916,1481,-3.6,78,NA
2021-06-20 06:00:00,915.7,1479,-6,85,NA
2021-06-20 09:00:00,914.8,1468,-8.2,86,NA
2021-06-20 12:00:00,915.2,1461,-10.1,87,NA
2021-06-20 15:00:00,914.8,1464,-3.7,82,NA
2021-06-20 18:00:00,913,1454,3.3,51,NA
2021-06-20 21:00:00,913.2,1451,2.1,46,NA
2021-06-21 00:00:00,NA,1448,-3,62,NA
2021-06-21 21:00:00,909.4,NA,NA,NA,NA
2021-06-22 00:00:00,912,NA,NA,NA,NA
2021-06-22 03:00:00,913.6,1462,1.9,77,NA
2021-06-22 06:00:00,913.3,1471,1,81,NA
2021-06-22 09:00:00,912.2,1461,2.8,81,NA
2021-06-22 12:00:00,911.3,1448,3.5,86,NA
2021-06-22 15:00:00,NA,1436,4,73,NA
2021-06-22 18:00:00,NA,1421,6.2,67,NA
2021-06-22 21:00:00,NA,1415,7,67,NA
2021-06-23 00:00:00,NA,1419,4.3,81,NA
2021-06-24 00:00:00,909.8,NA,NA,NA,NA
2021-06-24 03:00:00,909.4,1434,3.9,56,NA
2021-06-24 06:00:00,909,1435,4,58,NA
2021-06-24 09:00:00,908,1423,2.2,69,NA
2021-06-24 12:00:00,907.3,1409,2.4,61,NA
2021-06-24 15:00:00,906.8,1413,8.2,48,NA
2021-06-24 18:00:00,905.2,1402,10.8,38,NA
2021-06-24 21:00:00,905.3,1400,8.5,40,NA
2021-06-25 00:00:00,NA,1421,4.9,44,NA
2021-06-26 00:00:00,913.8,NA,NA,NA,NA
2021-06-26 03:00:00,916.1,1485,-0.8,59,NA
2021-06-26 06:00:00,917.4,1498,-3,68,NA
2021-06-26 09:00:00,918.9,1505,-6,75,NA
2021-06-26 12:00:00,NA,1528,-5.8,83,NA
2021-06-26 15:00:00,NA,1547,2.3,56,NA
2021-06-26 18:00:00,NA,1543,5,34,NA
2021-06-26 21:00:00,NA,1552,3.3,37,NA
2021-06-27 00:00:00,NA,1561,-1.5,51,NA
2021-06-28 03:00:00,NA,1572,-6.6,50,NA
2021-06-28 06:00:00,NA,1571,-12.3,70,NA
2021-06-28 09:00:00,NA,1569,-11,59,NA
2021-06-28 12:00:00,NA,1556,-14.6,74,NA
2021-06-28 15:00:00,NA,1564,-2.4,55,NA
2021-06-28 18:00:00,NA,1552,7.2,22,NA
2021-06-28 21:00:00,NA,1549,6.5,20,NA
2021-06-29 00:00:00,NA,1535,-2.4,33,NA
2021-06-30 00:00:00,916.8,NA,NA,NA,NA
2021-06-30 03:00:00,915.6,1473,-4.1,44,NA
2021-06-30 06:00:00,914,1467,-4.7,49,NA
2021-06-30 09:00:00,912,1444,-7.4,56,NA
2021-06-30 12:00:00,910.5,1425,-6.4,59,NA
2021-06-30 15:00:00,910.1,1425,-2.6,50,NA
2021-06-30 18:00:00,908.2,1419,9,23,NA
2021-06-30 21:00:00,908,1415,9.9,42,NA
2021-07-01 00:00:00,NA,1430,6.2,58,NA
