2021-01-07 00:00:00,1006,NA,NA,NA,NA
2021-01-07 12:00:00,1007.3,1009.6,22.5,46,NA
2021-01-07 13:00:00,1007.8,1010.3,22.6,52,NA
2021-01-07 14:00:00,1008.4,1010.8,23.2,45,NA
2021-01-07 15:00:00,1009.4,1011.9,21.8,32,NA
2021-01-07 16:00:00,1009.7,1012.1,21.7,31,NA
2021-01-07 17:00:00,1010,1012.4,21.5,32,NA
2021-01-07 18:00:00,1010.1,1012.5,21.5,30,NA
2021-01-07 19:00:00,1010.4,1012.8,21.6,28,NA
2021-01-07 20:00:00,1010.4,1012.8,22.2,37,NA
2021-01-07 21:00:00,1010.5,1012.9,21.8,32,NA
2021-01-07 22:00:00,1010.8,1013.2,20.2,49,NA
2021-01-07 23:00:00,1011,1013.5,20.4,49,NA
2021-01-08 00:00:00,NA,1013.7,18.2,57,NA
2021-01-09 00:00:00,1005.4,NA,NA,NA,NA
2021-01-09 12:00:00,1006.2,1008.6,21,25,NA
2021-01-09 13:00:00,1006.2,1008.5,22.4,23,NA
2021-01-09 14:00:00,1005.6,1007.9,24.3,21,NA
2021-01-09 15:00:00,1004.4,1006.7,28.5,13,NA
2021-01-09 16:00:00,1002.9,1005.1,31.8,13,NA
2021-01-09 17:00:00,1002.4,1004.6,31.9,13,NA
2021-01-09 18:00:00,1001,1003.2,32.7,12,NA
2021-01-09 19:00:00,999.6,1001.8,32.9,12,NA
2021-01-09 20:00:00,998.8,1001,33.3,11,NA
2021-01-09 21:00:00,998.4,1000.6,33.4,11,NA
2021-01-09 22:00:00,997.8,1000,33.3,11,NA
2021-01-09 23:00:00,997.7,999.9,32.2,13,NA
2021-01-10 00:00:00,NA,999.7,30.1,17,NA
2021-01-11 00:00:00,1000.8,NA,NA,NA,NA
2021-01-11 12:00:00,1009.3,1011.6,16.8,41,NA
2021-01-11 13:00:00,1009,1011.5,17,30,NA
2021-01-11 14:00:00,1009.4,1011.9,19,16,NA
2021-01-11 16:00:00,1009.6,1012,21,20,NA
2021-01-11 17:00:00,1009.7,1012.1,21.5,16,NA
2021-01-11 18:00:00,1010.1,1012.5,22,17,NA
2021-01-11 19:00:00,1010.4,1012.8,23,19,NA
2021-01-11 20:00:00,1011.4,1013.9,22.2,54,NA
2021-01-11 21:00:00,1011.2,1013.6,22,51,NA
2021-01-11 22:00:00,1010.8,1013.2,21.8,38,NA
2021-01-11 23:00:00,1010.8,1013.2,21,42,NA
2021-01-12 00:00:00,NA,1013.1,20.2,43,NA
2021-01-13 00:00:00,1011.6,NA,NA,NA,NA
2021-01-13 12:00:00,1018.1,1020.5,22.2,42,NA
2021-01-13 13:00:00,1017.8,1020.1,24.4,48,NA
2021-01-13 14:00:00,1017.4,1019.7,26.1,34,NA
2021-01-13 15:00:00,1017.2,1019.5,27.7,33,NA
2021-01-13 16:00:00,1016.6,1018.9,28.3,34,NA
2021-01-13 17:00:00,1016.2,1018.5,26,48,NA
2021-01-13 18:00:00,1015,1017.3,26,47,NA
2021-01-13 19:00:00,1014.4,1016.7,24.8,53,NA
2021-01-13 20:00:00,1013.6,1015.9,24.4,58,NA
2021-01-13 21:00:00,1012.6,1014.9,23.5,61,NA
2021-01-13 22:00:00,1011.8,1014.1,24.7,56,NA
2021-01-13 23:00:00,1011.2,1013.5,25,56,NA
2021-01-14 00:00:00,NA,1013,23.3,65,NA
2021-01-15 00:00:00,1004.5,NA,NA,NA,NA
2021-01-15 12:00:00,NA,1006.6,23.2,37,NA
2021-01-15 13:00:00,1003.6,1006,24,32,NA
2021-01-15 14:00:00,1003.2,1005.6,26,28,NA
2021-01-15 15:00:00,1003.2,1005.6,27.2,26,NA
2021-01-15 16:00:00,1003,1005.4,27.5,25,NA
2021-01-15 17:00:00,1002.8,1005.2,28,23,NA
2021-01-15 18:00:00,1002.8,1005.2,28.5,22,NA
2021-01-15 19:00:00,1002.5,1004.9,29,22,NA
2021-01-15 20:00:00,1001.7,1004.1,24.6,45,NA
2021-01-15 21:00:00,1002.9,1005.3,19.8,76,NA
2021-01-15 22:00:00,1004.8,1007.2,19,74,NA
2021-01-15 23:00:00,1005,1007.5,18,81,NA
2021-01-16 00:00:00,NA,1007.4,17.5,80,NA
2021-01-17 00:00:00,1009.3,NA,NA,NA,NA
2021-01-17 12:00:00,1012.1,1014.5,21.3,29,NA
2021-01-17 13:00:00,NA,1014.4,23,34,NA
2021-01-17 14:00:00,1012.1,1014.4,23.4,34,NA
2021-01-17 15:00:00,1011.8,1014.1,24.8,24,NA
2021-01-17 16:00:00,1011.3,1013.6,26,31,NA
2021-01-17 17:00:00,NA,1012.5,25.5,34,NA
2021-01-17 18:00:00,NA,1012,26.4,35,NA
2021-01-17 19:00:00,NA,1011.2,26.4,36,NA
2021-01-17 20:00:00,NA,1010.5,25.8,39,NA
2021-01-17 21:00:00,NA,1009.7,26,40,NA
2021-01-17 22:00:00,NA,1009.2,24,51,NA
2021-01-17 23:00:00,NA,1008.8,23.8,56,NA
2021-01-18 00:00:00,NA,1008.6,20.5,73,NA
2021-01-19 12:00:00,NA,1015.1,21.5,54,NA
2021-01-19 13:00:00,NA,1015.5,21.5,65,NA
2021-01-19 14:00:00,NA,1015.5,21,67,NA
2021-01-19 15:00:00,NA,1015.5,22.2,66,NA
2021-01-19 16:00:00,NA,1015.6,22.6,65,NA
2021-01-19 17:00:00,NA,1015.7,22.8,65,NA
2021-01-19 18:00:00,NA,1015.9,23,63,NA
2021-01-19 19:00:00,NA,1016.1,23.5,56,NA
2021-01-19 20:00:00,NA,1016.1,21.5,62,NA
2021-01-19 21:00:00,NA,1016.1,21,74,NA
2021-01-19 22:00:00,NA,1015.9,20.8,75,NA
2021-01-19 23:00:00,NA,1015.9,20.4,76,NA
2021-01-20 00:00:00,NA,1015.5,20,81,NA
2021-01-21 12:00:00,NA,1014.6,28.8,36,NA
2021-01-21 13:00:00,NA,1014.4,30.4,37,NA
2021-01-21 14:00:00,NA,1014.3,32,32,NA
2021-01-21 15:00:00,NA,1014.3,31.3,37,NA
2021-01-21 16:00:00,NA,1013.8,29.6,41,NA
2021-01-21 17:00:00,NA,1013.3,28.8,48,NA
2021-01-21 18:00:00,NA,1012.7,28.1,51,NA
2021-01-21 19:00:00,NA,1012,27,48,NA
2021-01-21 20:00:00,NA,1011.3,27.8,45,NA
2021-01-21 21:00:00,NA,1010.5,27.4,46,NA
2021-01-21 22:00:00,NA,1010.3,25.5,53,NA
2021-01-21 23:00:00,NA,1009.9,24.2,59,NA
2021-01-22 00:00:00,NA,1009.8,23,66,NA
2021-01-23 12:00:00,NA,1011.7,28,34,NA
2021-01-23 13:00:00,NA,1011.8,31,38,NA
2021-01-23 14:00:00,NA,1011.8,28.8,41,NA
2021-01-23 15:00:00,NA,1011.7,29,41,NA
2021-01-23 16:00:00,NA,1011.7,29,42,NA
2021-01-23 17:00:00,NA,1011.7,29.2,41,NA
2021-01-23 18:00:00,NA,1011.5,30,36,NA
2021-01-23 19:00:00,NA,1012.6,25.5,53,NA
2021-01-23 20:00:00,NA,1012.4,24.5,52,NA
2021-01-23 21:00:00,NA,1011.7,24.3,52,NA
2021-01-23 22:00:00,NA,1011.7,23,56,NA
2021-01-23 23:00:00,NA,1011.7,22,51,NA
2021-01-24 00:00:00,NA,1011.3,21.5,50,NA
2021-01-25 12:00:00,NA,1008.1,22.4,31,NA
2021-01-25 13:00:00,NA,1008.1,23.2,36,NA
2021-01-25 14:00:00,NA,1008.5,23.2,33,NA
2021-01-25 15:00:00,NA,1007.9,24,30,NA
2021-01-25 16:00:00,NA,1007.9,25.4,25,NA
2021-01-25 17:00:00,NA,1006.3,26.5,22,NA
2021-01-25 18:00:00,NA,1005.3,27.2,21,NA
2021-01-25 19:00:00,NA,1004.4,28.7,17,NA
2021-01-25 20:00:00,NA,1003.6,28.7,19,NA
2021-01-25 21:00:00,NA,1003,28.5,17,NA
2021-01-25 22:00:00,NA,1002.3,29.2,17,NA
2021-01-25 23:00:00,NA,1003.2,23.4,36,NA
2021-01-26 00:00:00,NA,1003.6,23,38,NA
2021-01-26 15:00:00,1009,NA,21.1,50,NA
2021-01-26 16:00:00,1008.8,NA,22.3,47,NA
2021-01-26 17:00:00,1008.5,NA,22.5,46,NA
2021-01-26 18:00:00,1008.2,NA,22.2,46,NA
2021-01-26 19:00:00,1007.8,NA,23,41,NA
2021-01-26 20:00:00,1007.4,NA,22.1,46,NA
2021-01-27 12:00:00,NA,1012.8,19.6,56,NA
2021-01-27 13:00:00,NA,1012.1,21,50,NA
2021-01-27 14:00:00,NA,1011.2,21.2,38,NA
2021-01-27 15:00:00,NA,1010.6,22.2,34,NA
2021-01-27 16:00:00,NA,1009.6,21.8,36,NA
2021-01-27 17:00:00,NA,1007.6,25.6,20,NA
2021-01-27 18:00:00,NA,1007.2,25,12,NA
2021-01-27 19:00:00,NA,1006.9,24.8,14,NA
2021-01-27 20:00:00,NA,1006.8,23.6,18,NA
2021-01-27 21:00:00,NA,1006.3,24.8,14,NA
2021-01-27 22:00:00,NA,1005.9,25,15,NA
2021-01-27 23:00:00,NA,1005.9,23.6,20,NA
2021-01-28 00:00:00,NA,1006.9,23,20,NA
2021-01-29 12:00:00,NA,1005.9,18,42,NA
2021-01-29 13:00:00,NA,1005.7,19.1,46,NA
2021-01-29 14:00:00,NA,1005.7,20,42,NA
2021-01-29 15:00:00,NA,1006,20,42,NA
2021-01-29 16:00:00,NA,1006.1,21.2,38,NA
2021-01-29 17:00:00,NA,1006.1,21,39,NA
2021-01-29 18:00:00,NA,1006.1,21.3,36,NA
2021-01-29 19:00:00,NA,1006.1,22.6,32,NA
2021-01-29 20:00:00,NA,1006.1,22.7,32,NA
2021-01-29 21:00:00,NA,1006.1,22.6,32,NA
2021-01-29 22:00:00,NA,1006.5,21.7,35,NA
2021-01-29 23:00:00,NA,1007.5,20.3,37,NA
2021-01-30 00:00:00,NA,1008.4,18.5,45,NA
2021-01-31 00:00:00,1014.2,NA,NA,NA,NA
2021-01-31 12:00:00,1020.4,1022.7,18.4,44,NA
2021-01-31 13:00:00,1020.4,1022.8,20.8,35,NA
2021-01-31 14:00:00,1020.4,1022.8,22.2,30,NA
2021-01-31 15:00:00,1019.7,1022.1,24.2,25,NA
2021-01-31 16:00:00,1019.2,1021.6,25.4,24,NA
2021-01-31 17:00:00,1018.1,1020.5,27.2,19,NA
2021-01-31 18:00:00,1017.2,1019.5,27.2,20,NA
2021-01-31 19:00:00,1016.8,1019.1,26.4,25,NA
2021-01-31 20:00:00,1016.4,1018.7,26,31,NA
2021-01-31 21:00:00,1015.7,1018.1,25,39,NA
2021-01-31 22:00:00,1015,1017.4,24.2,44,NA
2021-01-31 23:00:00,1015.8,1018.2,23.6,43,NA
2021-02-01 00:00:00,1016.2,1018.5,22.6,50,NA
2021-02-01 23:00:00,1013,NA,NA,NA,NA
2021-02-02 00:00:00,1013.3,NA,NA,NA,NA
2021-02-02 12:00:00,1013.8,1016.3,19.6,38,NA
2021-02-02 13:00:00,1013.8,1016.1,25.2,26,NA
2021-02-02 14:00:00,1014.1,1016.4,28.4,21,NA
2021-02-02 15:00:00,1014.1,1016.4,30.2,19,NA
2021-02-02 16:00:00,1014.1,1016.4,29,17,NA
2021-02-02 17:00:00,NA,1016,30.2,18,NA
2021-02-02 18:00:00,1013.4,1015.7,29.7,19,NA
2021-02-02 19:00:00,1013,1015.3,28.8,24,NA
2021-02-02 20:00:00,1012.9,1015.2,28.7,26,NA
2021-02-02 21:00:00,1013,1015.3,26.1,42,NA
2021-02-02 22:00:00,1013.2,1015.5,26.2,42,NA
2021-02-02 23:00:00,1013,1015.3,25.3,46,NA
2021-02-03 00:00:00,NA,1015.3,20.7,61,NA
2021-02-04 00:00:00,1015.2,NA,NA,NA,NA
2021-02-04 12:00:00,1019.8,1022.1,22,44,NA
2021-02-04 13:00:00,1018.9,1021.3,26.6,33,NA
2021-02-04 14:00:00,1018.4,1020.7,30,19,NA
2021-02-04 15:00:00,1018,1020.3,30.8,16,NA
2021-02-04 16:00:00,1017.3,1019.6,32.2,15,NA
2021-02-04 17:00:00,1016.2,1018.6,34.2,11,NA
2021-02-04 18:00:00,1015.6,1018,36,9,NA
2021-02-04 19:00:00,1014.6,1017,34.4,12,NA
2021-02-04 20:00:00,1014,1016.4,33.6,18,NA
2021-02-04 21:00:00,1013.6,1016,31.4,26,NA
2021-02-04 22:00:00,1013,1015.5,32.4,23,NA
2021-02-04 23:00:00,1012.2,1014.7,33.6,20,NA
2021-02-05 00:00:00,NA,1014.6,33,12,NA
2021-02-05 12:00:00,NA,1014,28.2,22,NA
2021-02-05 13:00:00,NA,1013.5,30.4,20,NA
2021-02-05 14:00:00,NA,1013,34,15,NA
2021-02-05 15:00:00,NA,1012.4,35.6,14,NA
2021-02-05 16:00:00,NA,1011.4,38,10,NA
2021-02-05 17:00:00,NA,1011,39,9,NA
2021-02-05 18:00:00,NA,1010.6,40,9,NA
2021-02-05 19:00:00,NA,1009.3,41,8,NA
2021-02-05 20:00:00,NA,1008.6,40.6,9,NA
2021-02-05 21:00:00,NA,1008.4,41,8,NA
2021-02-05 22:00:00,NA,1010.6,30,42,NA
2021-02-05 23:00:00,NA,1011.8,23,70,NA
2021-02-06 00:00:00,1010.8,1013.1,21.2,81,NA
2021-02-06 12:00:00,1017.8,NA,NA,NA,NA
2021-02-06 13:00:00,1017.6,NA,NA,NA,NA
2021-02-06 14:00:00,1017,NA,NA,NA,NA
2021-02-06 15:00:00,1016.5,NA,NA,NA,NA
2021-02-06 16:00:00,1016.1,NA,NA,NA,NA
2021-02-06 17:00:00,1015.2,NA,NA,NA,NA
2021-02-06 18:00:00,1013.6,NA,NA,NA,NA
2021-02-06 19:00:00,1012.9,NA,NA,NA,NA
2021-02-06 20:00:00,1011.7,NA,NA,NA,NA
2021-02-06 21:00:00,1011.2,NA,NA,NA,NA
2021-02-06 22:00:00,1010.4,NA,NA,NA,NA
2021-02-06 23:00:00,1010.2,NA,NA,NA,NA
2021-02-07 23:00:00,1022.1,NA,NA,NA,NA
2021-02-08 12:00:00,NA,1027,13.8,63,NA
2021-02-08 13:00:00,NA,1027.2,17,52,NA
2021-02-08 14:00:00,NA,1026.8,18.4,44,NA
2021-02-08 15:00:00,NA,1026.4,20.2,37,NA
2021-02-08 16:00:00,NA,1025.6,21.4,34,NA
2021-02-08 17:00:00,NA,1024.9,22.6,34,NA
2021-02-08 18:00:00,NA,1024,24.4,27,NA
2021-02-08 19:00:00,NA,1023.5,21.4,50,NA
2021-02-08 20:00:00,NA,1023.2,21.4,52,NA
2021-02-08 21:00:00,NA,1022.8,21.2,53,NA
2021-02-08 22:00:00,NA,1022.4,20.4,54,NA
2021-02-08 23:00:00,NA,1022,20,56,NA
2021-02-09 00:00:00,NA,1022.1,19.6,59,NA
2021-02-10 12:00:00,NA,1021.3,20.4,61,NA
2021-02-10 13:00:00,NA,1021.7,23.5,46,NA
2021-02-10 14:00:00,NA,1021.5,25.4,37,NA
2021-02-10 15:00:00,NA,1021.2,27.7,29,NA
2021-02-10 16:00:00,NA,1020.1,29.2,25,NA
2021-02-10 17:00:00,NA,1019.5,30.2,21,NA
2021-02-10 18:00:00,NA,1018.4,31.1,19,NA
2021-02-10 19:00:00,NA,1017.3,31.8,18,NA
2021-02-10 20:00:00,NA,1016.6,32.4,17,NA
2021-02-10 21:00:00,NA,1015.2,31.3,20,NA
2021-02-10 22:00:00,NA,1015.2,31.2,20,NA
2021-02-10 23:00:00,1012.5,NA,30.5,20,NA
2021-02-11 00:00:00,1012.2,NA,27.3,28,NA
2021-02-11 12:00:00,1013.8,NA,24.3,44,NA
2021-02-11 13:00:00,1013.7,NA,25,43,NA
2021-02-11 14:00:00,1013,NA,26.8,36,NA
2021-02-11 15:00:00,1012.2,NA,28.5,38,NA
2021-02-11 16:00:00,1011.6,NA,30,33,NA
2021-02-11 17:00:00,1010.8,NA,30.6,31,NA
2021-02-11 18:00:00,1010.2,NA,32,27,NA
2021-02-11 19:00:00,1009.3,NA,33,25,NA
2021-02-11 20:00:00,1008.6,NA,33.5,23,NA
2021-02-11 21:00:00,1008.1,NA,33.6,24,NA
2021-02-11 22:00:00,1007.8,NA,33.1,24,NA
2021-02-11 23:00:00,1007.7,NA,32.8,20,NA
2021-02-12 12:00:00,NA,1015.2,25.4,50,NA
2021-02-12 13:00:00,NA,1015.6,27.6,42,NA
2021-02-12 14:00:00,NA,1015.7,26,42,NA
2021-02-12 15:00:00,NA,1015.8,25.8,45,NA
2021-02-12 16:00:00,NA,1016.1,26,44,NA
2021-02-12 17:00:00,NA,1015.9,25,48,NA
2021-02-12 18:00:00,NA,1015.3,26.6,36,NA
2021-02-12 19:00:00,NA,1014.5,26,37,NA
2021-02-12 20:00:00,NA,1014.3,25.6,40,NA
2021-02-12 22:00:00,NA,1013.4,25.2,52,NA
2021-02-12 23:00:00,1010.9,NA,24.6,52,NA
2021-02-13 00:00:00,1010.5,NA,24.8,55,NA
2021-02-13 12:00:00,1010.6,NA,21,80,NA
2021-02-13 13:00:00,1010.2,NA,23,71,NA
2021-02-13 14:00:00,1009.8,NA,25.4,64,NA
2021-02-13 15:00:00,1008.5,NA,27,57,NA
2021-02-13 16:00:00,1007.4,NA,27.8,57,NA
2021-02-13 17:00:00,1006.9,NA,29.6,45,NA
2021-02-13 18:00:00,1006.4,NA,28.6,49,NA
2021-02-13 19:00:00,1005.4,NA,28.2,52,NA
2021-02-13 20:00:00,1004.4,NA,29.6,45,NA
2021-02-13 21:00:00,1003.7,NA,30,42,NA
2021-02-13 22:00:00,1002.9,NA,28.8,48,NA
2021-02-13 23:00:00,1002.9,NA,28.4,49,NA
2021-02-14 12:00:00,NA,1010.9,20.4,66,NA
2021-02-14 13:00:00,NA,1010.9,20.7,67,NA
2021-02-14 14:00:00,NA,1011.9,20.8,67,NA
2021-02-14 15:00:00,NA,1012.3,22,61,NA
2021-02-14 16:00:00,NA,1012.9,22.7,57,NA
2021-02-14 17:00:00,NA,1013.2,22.6,56,NA
2021-02-14 18:00:00,NA,1013.3,23.4,53,NA
2021-02-14 19:00:00,NA,1013.3,23.6,52,NA
2021-02-14 20:00:00,NA,1014.1,20.7,60,NA
2021-02-14 21:00:00,NA,1014.8,20.3,60,NA
2021-02-14 22:00:00,NA,1015.7,19.5,63,NA
2021-02-14 23:00:00,NA,1016.5,18.3,67,NA
2021-02-15 00:00:00,1014.9,NA,17,70,NA
2021-02-15 12:00:00,1019.3,NA,16,69,NA
2021-02-15 13:00:00,1019.8,NA,16.8,64,NA
2021-02-15 14:00:00,1019.8,NA,17.6,56,NA
2021-02-15 15:00:00,1019.8,NA,18.3,51,NA
2021-02-15 16:00:00,1019.6,NA,19.3,46,NA
2021-02-15 17:00:00,1019.2,NA,19,48,NA
2021-02-15 19:00:00,1018.2,NA,19.5,45,NA
2021-02-15 20:00:00,1017.2,NA,19,46,NA
2021-02-15 21:00:00,1016.5,NA,18.8,48,NA
2021-02-15 22:00:00,1016.2,NA,17.8,53,NA
2021-02-15 23:00:00,1016.1,NA,17.7,55,NA
2021-02-16 12:00:00,NA,1016,16.6,33,NA
2021-02-16 13:00:00,NA,1015.6,18.4,40,NA
2021-02-16 14:00:00,NA,1015.3,20.4,38,NA
2021-02-16 15:00:00,NA,1014.2,25,24,NA
2021-02-16 16:00:00,NA,1013.4,26.6,22,NA
2021-02-16 17:00:00,NA,1012.5,28.4,23,NA
2021-02-16 18:00:00,NA,1011.5,30.4,20,NA
2021-02-16 19:00:00,NA,1010.4,32,17,NA
2021-02-16 20:00:00,NA,1009.5,32.4,18,NA
2021-02-16 21:00:00,NA,1009.2,32.4,17,NA
2021-02-16 22:00:00,NA,1008.9,32.2,17,NA
2021-02-16 23:00:00,NA,1009.2,30.6,17,NA
2021-02-17 00:00:00,1007,NA,28,18,NA
2021-02-17 12:00:00,1008.9,NA,22.4,70,NA
2021-02-17 13:00:00,1008.9,NA,23,35,NA
2021-02-17 14:00:00,1008.9,NA,22.4,48,NA
2021-02-17 15:00:00,1008.8,NA,22,56,NA
2021-02-17 16:00:00,1009.2,NA,22,61,NA
2021-02-17 17:00:00,1008.9,NA,22,61,NA
2021-02-17 18:00:00,1008.4,NA,22.2,57,NA
2021-02-17 19:00:00,1007.7,NA,24,51,NA
2021-02-17 20:00:00,1007,NA,24.2,49,NA
2021-02-17 21:00:00,1006.4,NA,24,47,NA
2021-02-17 22:00:00,1005.6,NA,23.8,46,NA
2021-02-17 23:00:00,1005.2,NA,22.8,54,NA
2021-02-18 12:00:00,NA,1007.2,20.3,29,NA
2021-02-18 13:00:00,NA,1007.1,24.1,20,NA
2021-02-18 14:00:00,NA,1006.7,26.8,17,NA
2021-02-18 15:00:00,NA,1006.3,27.9,14,NA
2021-02-18 16:00:00,NA,1005,29.9,12,NA
2021-02-18 17:00:00,NA,1004.4,31,12,NA
2021-02-18 18:00:00,NA,1004,29.9,14,NA
2021-02-18 19:00:00,NA,1003.2,30.3,16,NA
2021-02-18 20:00:00,NA,1003.6,30.1,17,NA
2021-02-18 21:00:00,NA,1003.8,29.5,17,NA
2021-02-18 22:00:00,NA,1004.1,28.6,19,NA
2021-02-18 23:00:00,1001.8,NA,28.6,20,NA
2021-02-19 00:00:00,1001.8,NA,26.2,27,NA
2021-02-19 13:00:00,1015.4,NA,17.5,34,NA
2021-02-19 14:00:00,1015.7,NA,18.2,30,NA
2021-02-19 15:00:00,1015.6,NA,19.4,25,NA
2021-02-19 16:00:00,1015.2,NA,19.4,23,NA
2021-02-19 17:00:00,1014.8,NA,21,17,NA
2021-02-19 18:00:00,1014.2,NA,21.7,14,NA
2021-02-19 19:00:00,1013.2,NA,22.2,16,NA
2021-02-19 20:00:00,1012.9,NA,23.4,10,NA
2021-02-19 21:00:00,1012.6,NA,22.6,16,NA
2021-02-19 22:00:00,1012.9,NA,21.7,24,NA
2021-02-19 23:00:00,1013,NA,20.7,30,NA
2021-02-20 12:00:00,NA,1018.3,16,52,NA
2021-02-20 13:00:00,NA,1018.3,17.8,42,NA
2021-02-20 14:00:00,NA,1018.1,18.6,35,NA
2021-02-20 15:00:00,NA,1018.1,18.8,35,NA
2021-02-20 16:00:00,NA,1017.1,19.4,35,NA
2021-02-20 17:00:00,NA,1016.1,22,26,NA
2021-02-20 18:00:00,NA,1015.3,22,29,NA
2021-02-20 19:00:00,NA,1013.6,24.6,20,NA
2021-02-20 20:00:00,NA,1012.9,24.6,22,NA
2021-02-20 21:00:00,NA,1012.1,25,22,NA
2021-02-20 22:00:00,NA,1011.7,25,27,NA
2021-02-20 23:00:00,NA,1011.5,25.6,14,NA
2021-02-21 00:00:00,1009,NA,23,18,NA
2021-02-21 12:00:00,1006.5,NA,20.2,19,NA
2021-02-21 13:00:00,1006.6,NA,22.4,16,NA
2021-02-21 14:00:00,1006.2,NA,26,12,NA
2021-02-21 15:00:00,1005.8,NA,28.2,10,NA
2021-02-21 16:00:00,1004.8,NA,30.6,7,NA
2021-02-21 17:00:00,1003.7,NA,31.6,6,NA
2021-02-21 18:00:00,1003,NA,32.6,6,NA
2021-02-21 19:00:00,1002.4,NA,33,5,NA
2021-02-21 20:00:00,1001.2,NA,34.2,4,NA
2021-02-21 21:00:00,1001,NA,33.4,4,NA
2021-02-21 22:00:00,1001.2,NA,32.8,3,NA
2021-02-21 23:00:00,1001.7,NA,31,5,NA
2021-02-22 12:00:00,NA,1015,17.5,31,NA
2021-02-22 13:00:00,NA,1015.3,18.6,27,NA
2021-02-22 14:00:00,NA,1015.6,20.5,25,NA
2021-02-22 15:00:00,NA,1014.9,20.6,24,NA
2021-02-22 16:00:00,NA,1014.7,20.6,26,NA
2021-02-22 17:00:00,NA,1013.7,22.1,24,NA
2021-02-22 18:00:00,NA,1012.7,22.8,24,NA
2021-02-22 19:00:00,NA,1012,22.9,24,NA
2021-02-22 20:00:00,NA,1011.3,23.4,29,NA
2021-02-22 21:00:00,NA,1011.2,22.6,31,NA
2021-02-22 22:00:00,NA,1011.6,21.5,41,NA
2021-02-22 23:00:00,NA,1011.7,20.8,45,NA
2021-02-23 00:00:00,1009.7,NA,19.7,46,NA
2021-02-23 12:00:00,1014.4,NA,20.6,14,NA
2021-02-23 13:00:00,1014.9,NA,20.9,14,NA
2021-02-23 14:00:00,1015.4,NA,21.6,15,NA
2021-02-23 15:00:00,1016,NA,22.2,17,NA
2021-02-23 16:00:00,1016.4,NA,22.2,18,NA
2021-02-23 17:00:00,1016.4,NA,22.3,21,NA
2021-02-23 18:00:00,1016.6,NA,22.4,25,NA
2021-02-23 19:00:00,1016.2,NA,22.1,27,NA
2021-02-23 20:00:00,1015.8,NA,21,31,NA
2021-02-23 21:00:00,1015.6,NA,21.4,30,NA
2021-02-23 22:00:00,1015.6,NA,20.9,34,NA
2021-02-23 23:00:00,1015.3,NA,19.4,44,NA
2021-02-24 12:00:00,NA,1015.5,22,34,NA
2021-02-24 13:00:00,NA,1015.4,23.6,32,NA
2021-02-24 14:00:00,NA,1014.3,26,26,NA
2021-02-24 15:00:00,NA,1013.5,28,23,NA
2021-02-24 16:00:00,NA,1011.9,31,18,NA
2021-02-24 17:00:00,NA,1011,32.8,15,NA
2021-02-24 18:00:00,NA,1010.3,34.2,11,NA
2021-02-24 19:00:00,NA,1009.4,35.8,10,NA
2021-02-24 20:00:00,NA,1008.7,37.8,7,NA
2021-02-24 21:00:00,NA,1008.2,37.8,7,NA
2021-02-24 22:00:00,NA,1008.2,34.2,13,NA
2021-02-24 23:00:00,NA,1008.6,30,24,NA
2021-02-25 00:00:00,1007,NA,26.8,34,NA
2021-02-25 12:00:00,1011.2,NA,23,39,NA
2021-02-25 13:00:00,1011.6,NA,22.4,51,NA
2021-02-25 14:00:00,1011.8,NA,22.2,55,NA
2021-02-25 15:00:00,1011.6,NA,23,53,NA
2021-02-25 16:00:00,1011.3,NA,24,47,NA
2021-02-25 17:00:00,1010.6,NA,24.2,44,NA
2021-02-25 18:00:00,1009.8,NA,24.4,45,NA
2021-02-25 19:00:00,1009.2,NA,24,47,NA
2021-02-25 20:00:00,1008.1,NA,23.2,53,NA
2021-02-25 21:00:00,1007.4,NA,22.2,63,NA
2021-02-25 22:00:00,1007.3,NA,21.6,72,NA
2021-02-25 23:00:00,1007.3,NA,20.4,78,NA
2021-02-26 12:00:00,NA,1009.9,19.3,77,NA
2021-02-26 13:00:00,NA,1010.4,20.2,77,NA
2021-02-26 14:00:00,NA,1009.7,22.8,65,NA
2021-02-26 15:00:00,NA,1012.3,23.4,61,NA
2021-02-26 16:00:00,NA,1013.9,23.4,66,NA
2021-02-26 17:00:00,NA,1013.5,26.8,54,NA
2021-02-26 18:00:00,NA,1011.3,31.6,29,NA
2021-02-26 19:00:00,NA,1010,30.8,28,NA
2021-02-26 20:00:00,NA,1010.2,30.2,35,NA
2021-02-26 21:00:00,NA,1010.3,29.6,41,NA
2021-02-26 22:00:00,NA,1010.9,28.8,47,NA
2021-02-26 23:00:00,1009.7,NA,22.4,70,NA
2021-02-27 00:00:00,1010.4,NA,22.7,66,NA
2021-02-27 12:00:00,1014.9,NA,21.4,62,NA
2021-02-27 13:00:00,1014.1,NA,24.4,53,NA
2021-02-27 14:00:00,1013.7,NA,26.8,43,NA
2021-02-27 15:00:00,1013.3,NA,28.4,39,NA
2021-02-27 16:00:00,1012.8,NA,30.2,32,NA
2021-02-27 17:00:00,1012.1,NA,32,29,NA
2021-02-27 18:00:00,1011.7,NA,33,25,NA
2021-02-27 19:00:00,1010.8,NA,27.6,49,NA
2021-02-27 20:00:00,1010,NA,26.4,60,NA
2021-02-27 21:00:00,1009.4,NA,26.2,59,NA
2021-02-27 22:00:00,1009,NA,26,61,NA
2021-02-27 23:00:00,1008.5,NA,24.6,65,NA
2021-02-28 12:00:00,NA,1013.2,25,18,NA
2021-02-28 13:00:00,NA,1013.1,26.5,18,NA
2021-02-28 14:00:00,NA,1012.9,28,15,NA
2021-02-28 15:00:00,NA,1012.7,31.1,10,NA
2021-02-28 16:00:00,NA,1012,32.4,11,NA
2021-02-28 17:00:00,NA,1012,27,21,NA
2021-02-28 18:00:00,NA,1012.1,27,21,NA
2021-02-28 19:00:00,NA,1011.6,23.3,34,NA
2021-02-28 20:00:00,NA,1011.3,24.3,40,NA
2021-02-28 21:00:00,NA,1010.9,24,44,NA
2021-02-28 22:00:00,NA,1010.7,21.4,71,NA
2021-02-28 23:00:00,NA,1011.1,21.3,77,NA
2021-03-01 00:00:00,NA,1010.9,20.6,87,NA
2021-03-02 12:00:00,NA,1017,17.5,98,NA
2021-03-02 13:00:00,NA,1018.6,17.8,98,NA
2021-03-02 14:00:00,NA,1018.6,17.7,99,NA
2021-03-02 15:00:00,NA,1018.6,17.8,95,NA
2021-03-02 16:00:00,NA,1018.6,17.8,99,NA
2021-03-02 17:00:00,1016.2,1018.6,18,98,NA
2021-03-02 18:00:00,NA,1018,18,96,NA
2021-03-02 19:00:00,1015.6,1018,18,95,NA
2021-03-02 20:00:00,1015.3,1017.7,18,85,NA
2021-03-02 21:00:00,1014.5,1017,17.8,87,NA
2021-03-02 22:00:00,1015,1017.5,17.7,85,NA
2021-03-02 23:00:00,1015.6,1018,17,92,NA
2021-03-03 00:00:00,NA,1018.2,16.8,92,NA
2021-03-04 00:00:00,1013.4,NA,NA,NA,NA
2021-03-04 12:00:00,1018,1020.4,17.2,88,NA
2021-03-04 13:00:00,1018.6,1021,17.5,81,NA
2021-03-04 14:00:00,1019.2,1021.6,17.3,86,NA
2021-03-04 15:00:00,1019.8,1022.2,18.8,72,NA
2021-03-04 16:00:00,1020,1022.4,18.3,80,NA
2021-03-04 17:00:00,1019.8,1022.2,19.2,71,NA
2021-03-04 18:00:00,1019.8,1022.2,19.4,73,NA
2021-03-04 19:00:00,1019.8,1022.2,18.5,76,NA
2021-03-04 20:00:00,1019.4,1021.8,18.5,76,NA
2021-03-04 21:00:00,1019.2,1021.6,18.1,82,NA
2021-03-04 22:00:00,1019,1021.4,17.7,83,NA
2021-03-04 23:00:00,1019,1021.4,17.6,80,NA
2021-03-05 00:00:00,NA,1021.6,17.3,78,NA
2021-03-06 00:00:00,1008.2,NA,NA,NA,NA
2021-03-06 12:00:00,1006.4,1008.7,23.8,49,NA
2021-03-06 13:00:00,1006.5,1008.9,26,48,NA
2021-03-06 14:00:00,1006.9,1009.3,28.2,44,NA
2021-03-06 15:00:00,1005.7,1008.1,30,40,NA
2021-03-06 16:00:00,1005.2,1007.5,32.4,33,NA
2021-03-06 17:00:00,1004.4,1006.7,34.4,28,NA
2021-03-06 18:00:00,1003.8,1006.3,36.2,15,NA
2021-03-06 19:00:00,1003,1005.5,37,11,NA
2021-03-06 20:00:00,1002.9,1005.2,38.2,7,NA
2021-03-06 21:00:00,1002.6,1004.9,38.2,6,NA
2021-03-06 23:00:00,1002.8,1005.1,34.4,12,NA
2021-03-07 00:00:00,NA,1005.4,30,18,NA
2021-03-08 00:00:00,1005.4,NA,NA,NA,NA
2021-03-08 12:00:00,1020.4,1022.8,18,48,NA
2021-03-08 13:00:00,1019.4,1021.9,18.8,40,NA
2021-03-08 14:00:00,1019.4,1021.9,19.2,41,NA
2021-03-08 15:00:00,1019.4,1021.9,19.8,37,NA
2021-03-08 16:00:00,1019.4,1021.8,20,38,NA
2021-03-08 17:00:00,1019.2,1021.6,20.2,38,NA
2021-03-08 18:00:00,1019.2,1021.6,20.5,41,NA
2021-03-08 19:00:00,1018.6,1021,21.5,40,NA
2021-03-08 20:00:00,1016,1018.4,25,24,NA
2021-03-08 21:00:00,1015.3,1017.7,26.5,18,NA
2021-03-08 22:00:00,1015.6,1018,23.4,39,NA
2021-03-08 23:00:00,1015.6,1018,23,38,NA
2021-03-09 00:00:00,NA,1018,20,42,NA
2021-03-10 00:00:00,1003.2,NA,NA,NA,NA
2021-03-10 12:00:00,1001.8,1004.2,25.4,44,NA
2021-03-10 13:00:00,1001.7,1004,28.5,31,NA
2021-03-10 14:00:00,1000.8,1003,30,27,NA
2021-03-10 15:00:00,1000,1002.2,31.4,25,NA
2021-03-10 16:00:00,999.2,1001.4,34.2,18,NA
2021-03-10 17:00:00,998.2,1000.4,35.5,15,NA
2021-03-10 18:00:00,997.2,999.4,36,14,NA
2021-03-10 19:00:00,997.7,999.9,36.7,12,NA
2021-03-10 20:00:00,997.8,1000,34.3,15,NA
2021-03-10 21:00:00,997.8,1000,35.1,14,NA
2021-03-10 22:00:00,999.4,1001.6,31.5,17,NA
2021-03-10 23:00:00,1000.8,1003,29.4,16,NA
2021-03-11 00:00:00,NA,1004.4,27.9,18,NA
2021-03-12 00:00:00,1009.7,NA,NA,NA,NA
2021-03-12 12:00:00,1014.4,1016.7,19.6,46,NA
2021-03-12 13:00:00,1014.6,1017.1,19,48,NA
2021-03-12 14:00:00,1014.8,1017.2,20.2,50,NA
2021-03-12 15:00:00,1014.9,1017.3,21.2,53,NA
2021-03-12 16:00:00,1014.6,1017.1,21,50,NA
2021-03-12 17:00:00,1014.5,1016.9,22,48,NA
2021-03-12 18:00:00,1014,1016.4,22.2,42,NA
2021-03-12 19:00:00,1013.6,1016,23,37,NA
2021-03-12 20:00:00,1012.8,1015.2,23.6,35,NA
2021-03-12 21:00:00,1012,1014.4,24.2,30,NA
2021-03-12 22:00:00,1012.4,1014.8,24.2,31,NA
2021-03-12 23:00:00,1011.8,1014.2,21.6,47,NA
2021-03-13 00:00:00,NA,1014.3,20,50,NA
2021-03-14 12:00:00,NA,1023.1,18.2,90,NA
2021-03-14 13:00:00,NA,1023.2,18.8,76,NA
2021-03-14 14:00:00,NA,1023.5,19.2,74,NA
2021-03-14 15:00:00,NA,1023.5,19.4,69,NA
2021-03-14 16:00:00,NA,1023.3,19.4,71,NA
2021-03-14 17:00:00,NA,1023.2,19.2,71,NA
2021-03-14 18:00:00,NA,1023.2,19.3,68,NA
2021-03-14 19:00:00,NA,1021.9,19.6,70,NA
2021-03-14 20:00:00,NA,1020.1,19.4,69,NA
2021-03-14 21:00:00,NA,1019.9,19,72,NA
2021-03-14 22:00:00,NA,1019.2,18.2,71,NA
2021-03-14 23:00:00,NA,1018.9,17,78,NA
2021-03-15 00:00:00,NA,1018.5,16,70,NA
2021-03-15 12:00:00,1011.3,NA,17.8,82,NA
2021-03-15 13:00:00,1011,NA,21.5,69,NA
2021-03-15 14:00:00,1009.8,NA,24.2,59,NA
2021-03-15 15:00:00,1009.4,NA,26,54,NA
2021-03-15 16:00:00,1009.2,NA,27.2,42,NA
2021-03-15 17:00:00,1008.8,NA,28.2,39,NA
2021-03-15 18:00:00,1008,NA,29.5,33,NA
2021-03-16 12:00:00,NA,1012.2,17.3,92,NA
2021-03-16 13:00:00,NA,1013.8,17.9,75,NA
2021-03-16 14:00:00,NA,1015.3,17.5,66,NA
2021-03-16 15:00:00,NA,1016.1,17.3,74,NA
2021-03-16 16:00:00,NA,1016,18.4,79,NA
2021-03-16 17:00:00,NA,1016.5,20,79,NA
2021-03-16 18:00:00,NA,1016.8,19.7,84,NA
2021-03-16 19:00:00,NA,1017.2,20.5,79,NA
2021-03-16 20:00:00,NA,1017.7,20.3,82,NA
2021-03-16 21:00:00,NA,1018.9,18.1,81,NA
2021-03-16 22:00:00,NA,1020,17.3,81,NA
2021-03-16 23:00:00,NA,1020.8,16.6,81,NA
2021-03-17 00:00:00,1019.2,NA,15,85,NA
2021-03-17 12:00:00,1026.8,NA,13.9,85,NA
2021-03-18 12:00:00,NA,1023.8,9.4,82,NA
2021-03-18 13:00:00,NA,1023.5,12.2,70,NA
2021-03-18 14:00:00,NA,1022.7,14.6,54,NA
2021-03-18 15:00:00,NA,1022.1,17,47,NA
2021-03-18 16:00:00,NA,1021.3,18.2,47,NA
2021-03-18 17:00:00,NA,1020.2,18.4,43,NA
2021-03-18 18:00:00,NA,1019,20.2,29,NA
2021-03-18 19:00:00,NA,1017.8,21.2,27,NA
2021-03-18 20:00:00,NA,1017.1,21.8,23,NA
2021-03-18 21:00:00,NA,1016.4,21.4,25,NA
2021-03-18 22:00:00,NA,1016,21,25,NA
2021-03-18 23:00:00,NA,1015.9,19.6,31,NA
2021-03-19 00:00:00,1013.3,NA,17.8,36,NA
2021-03-19 12:00:00,1009.4,NA,14,65,NA
2021-03-19 13:00:00,1008.9,NA,16.6,55,NA
2021-03-19 14:00:00,1008.6,NA,18.6,49,NA
2021-03-19 15:00:00,1008.2,NA,21.2,42,NA
2021-03-19 16:00:00,1007.3,NA,23.8,34,NA
2021-03-19 17:00:00,1006.4,NA,25.2,30,NA
2021-03-19 18:00:00,1005.4,NA,26.6,25,NA
2021-03-19 19:00:00,1004.4,NA,27.2,23,NA
2021-03-19 20:00:00,1003.4,NA,28.4,21,NA
2021-03-19 21:00:00,1003.2,NA,27,23,NA
2021-03-19 22:00:00,1003.7,NA,25.2,29,NA
2021-03-19 23:00:00,1003.8,NA,23.8,31,NA
2021-03-20 12:00:00,NA,1014.8,19,30,NA
2021-03-20 13:00:00,NA,1015.2,20.2,25,NA
2021-03-20 14:00:00,NA,1016,21,25,NA
2021-03-20 15:00:00,NA,1016.1,20.4,27,NA
2021-03-20 16:00:00,NA,1016.3,20.8,29,NA
2021-03-20 17:00:00,NA,1016.3,21,28,NA
2021-03-20 18:00:00,NA,1016.3,20.8,32,NA
2021-03-20 19:00:00,NA,1016.4,20.9,30,NA
2021-03-20 20:00:00,NA,1017.3,22,30,NA
2021-03-20 21:00:00,NA,1018.6,20,33,NA
2021-03-20 22:00:00,NA,1019.9,19,47,NA
2021-03-20 23:00:00,NA,1020,17,54,NA
2021-03-21 00:00:00,1017.7,NA,16.1,57,NA
2021-03-21 12:00:00,1022.9,NA,12,80,NA
2021-03-21 13:00:00,1022.9,NA,16.5,25,NA
2021-03-21 14:00:00,1022.9,NA,20,25,NA
2021-03-21 15:00:00,1022.6,NA,21,33,NA
2021-03-21 16:00:00,1021.7,NA,22,36,NA
2021-03-21 17:00:00,1021.2,NA,22.4,34,NA
2021-03-21 18:00:00,1020.4,NA,23.5,31,NA
2021-03-21 19:00:00,1020.4,NA,23.5,31,NA
2021-03-21 20:00:00,1018.9,NA,21,52,NA
2021-03-21 21:00:00,1018.6,NA,20.4,53,NA
2021-03-21 22:00:00,1018.6,NA,19.5,64,NA
2021-03-21 23:00:00,1018.5,NA,17.5,70,NA
2021-03-22 12:00:00,NA,1020.9,12.9,59,NA
2021-03-22 13:00:00,NA,1020.2,19.1,41,NA
2021-03-22 14:00:00,NA,1020.1,22.4,36,NA
2021-03-22 15:00:00,NA,1019.3,23.7,32,NA
2021-03-22 16:00:00,NA,1018.3,26,27,NA
2021-03-22 17:00:00,NA,1017.3,28,25,NA
2021-03-22 18:00:00,NA,1016.5,29,20,NA
2021-03-22 19:00:00,NA,1015.6,29.3,20,NA
2021-03-22 20:00:00,NA,1014.8,29.9,19,NA
2021-03-22 21:00:00,NA,1014.5,29.5,20,NA
2021-03-22 22:00:00,NA,1014.3,28.4,22,NA
2021-03-22 23:00:00,NA,1014,26.1,25,NA
2021-03-23 00:00:00,1011.8,NA,25,27,NA
2021-03-23 12:00:00,1009.8,NA,22,36,NA
2021-03-23 13:00:00,1009.6,NA,22.7,35,NA
2021-03-23 14:00:00,1009.3,NA,24.8,33,NA
2021-03-23 15:00:00,1008.9,NA,26.4,31,NA
2021-03-23 16:00:00,1008.4,NA,29.5,23,NA
2021-03-23 17:00:00,1007.2,NA,31.4,18,NA
2021-03-23 18:00:00,1006.2,NA,31.7,14,NA
2021-03-23 19:00:00,1005.8,NA,33,13,NA
2021-03-23 20:00:00,1005.2,NA,31.2,15,NA
2021-03-23 21:00:00,1005,NA,31.4,15,NA
2021-03-23 22:00:00,1005.2,NA,30.6,15,NA
2021-03-23 23:00:00,1005.4,NA,28.5,18,NA
2021-03-24 12:00:00,NA,1018.4,17.4,36,NA
2021-03-24 13:00:00,NA,1019.2,17.6,35,NA
2021-03-24 14:00:00,NA,1020,18,31,NA
2021-03-24 15:00:00,NA,1020,18,32,NA
2021-03-24 16:00:00,NA,1020.1,18,34,NA
2021-03-24 17:00:00,NA,1020.4,18.6,33,NA
2021-03-24 18:00:00,NA,1020,19,34,NA
2021-03-24 19:00:00,NA,1019.8,17.6,35,NA
2021-03-24 20:00:00,NA,1019.8,18,34,NA
2021-03-24 21:00:00,NA,1020.1,17.2,39,NA
2021-03-24 22:00:00,NA,1021.1,16.6,55,NA
2021-03-24 23:00:00,NA,1021.5,16,64,NA
2021-03-25 00:00:00,1019.3,NA,16,63,NA
2021-03-25 12:00:00,1021.3,NA,11.2,76,NA
2021-03-25 13:00:00,1021.4,NA,15.8,63,NA
2021-03-25 14:00:00,1021.6,NA,17.4,56,NA
2021-03-25 15:00:00,1021.6,NA,18.2,48,NA
2021-03-25 16:00:00,1021.3,NA,18.2,48,NA
2021-03-25 17:00:00,1020.8,NA,18.4,49,NA
2021-03-25 18:00:00,1019.8,NA,18,53,NA
2021-03-25 19:00:00,1020.2,NA,18.2,54,NA
2021-03-25 20:00:00,1019.7,NA,18.2,54,NA
2021-03-25 21:00:00,1019.6,NA,17.6,58,NA
2021-03-25 22:00:00,1019.4,NA,16.4,62,NA
2021-03-25 23:00:00,1020.2,NA,15.8,67,NA
2021-03-26 12:00:00,NA,1024.2,10.2,72,NA
2021-03-26 13:00:00,NA,1025,15,38,NA
2021-03-26 14:00:00,NA,1025.3,16.8,36,NA
2021-03-26 15:00:00,NA,1025.3,17.2,51,NA
2021-03-26 16:00:00,NA,1025.3,18.5,48,NA
2021-03-26 17:00:00,NA,1025.1,19.2,46,NA
2021-03-26 18:00:00,NA,1025.1,20,41,NA
2021-03-26 19:00:00,NA,1025,21.2,39,NA
2021-03-26 20:00:00,NA,1022.9,21.4,26,NA
2021-03-26 21:00:00,NA,1022.6,19.8,42,NA
2021-03-26 22:00:00,NA,1022.6,17.2,60,NA
2021-03-26 23:00:00,NA,1022.6,16,74,NA
2021-03-27 00:00:00,1020,NA,15,89,NA
2021-03-27 12:00:00,1020.8,NA,10.8,75,NA
2021-03-27 13:00:00,1020.5,NA,16.4,58,NA
2021-03-27 14:00:00,1020.4,NA,19,46,NA
2021-03-27 15:00:00,1020.4,NA,21.8,29,NA
2021-03-27 16:00:00,1020.1,NA,22.4,27,NA
2021-03-27 17:00:00,1020.1,NA,23,25,NA
2021-03-27 18:00:00,1018.4,NA,25,14,NA
2021-03-27 19:00:00,1018.1,NA,25.2,13,NA
2021-03-27 20:00:00,1017.7,NA,25.8,13,NA
2021-03-27 21:00:00,1017.7,NA,25.5,15,NA
2021-03-27 22:00:00,1017.4,NA,24.4,15,NA
2021-03-27 23:00:00,1017.2,NA,20,35,NA
2021-03-28 12:00:00,NA,1017.3,14.2,46,NA
2021-03-28 13:00:00,NA,1017.8,16.3,36,NA
2021-03-28 14:00:00,NA,1017.8,20.4,17,NA
2021-03-28 15:00:00,NA,1017.6,24,12,NA
2021-03-28 16:00:00,NA,1017.3,26,10,NA
2021-03-28 17:00:00,NA,1016.8,27,8,NA
2021-03-28 18:00:00,NA,1015.6,25.7,11,NA
2021-03-28 19:00:00,NA,1015.6,25.5,11,NA
2021-03-28 20:00:00,NA,1015.2,23.8,16,NA
2021-03-28 21:00:00,NA,1015.2,24.4,18,NA
2021-03-28 22:00:00,NA,1015.3,21.8,26,NA
2021-03-28 23:00:00,1013.2,NA,19.1,38,NA
2021-03-29 00:00:00,1013.4,NA,18,43,NA
2021-03-29 12:00:00,1017.2,NA,8.4,77,NA
2021-03-29 13:00:00,1017.3,NA,16.5,88,NA
2021-03-29 14:00:00,1017.4,NA,18.4,80,NA
2021-03-29 15:00:00,1018,NA,18.9,79,NA
2021-03-29 16:00:00,1017.8,NA,19.5,72,NA
2021-03-29 17:00:00,1017.3,NA,19.8,68,NA
2021-03-29 18:00:00,1016.4,NA,20.4,58,NA
2021-03-29 19:00:00,1016,NA,20.2,54,NA
2021-03-29 20:00:00,1015.7,NA,19.3,62,NA
2021-03-29 21:00:00,1015.2,NA,19,67,NA
2021-03-29 22:00:00,1015.4,NA,18.4,77,NA
2021-03-29 23:00:00,1015.6,NA,17.3,90,NA
2021-03-30 12:00:00,NA,1018.9,14.2,64,NA
2021-03-30 13:00:00,NA,1019.1,20.4,50,NA
2021-03-30 14:00:00,NA,1019,22.4,47,NA
2021-03-30 15:00:00,NA,1018.9,24.4,42,NA
2021-03-30 16:00:00,NA,1018.6,25.8,38,NA
2021-03-30 17:00:00,NA,1017.9,27,32,NA
2021-03-30 18:00:00,NA,1016.8,28.2,27,NA
2021-03-30 19:00:00,NA,1016,29,27,NA
2021-03-30 20:00:00,NA,1015.8,29.2,25,NA
2021-03-30 21:00:00,NA,1015.7,29.2,20,NA
2021-03-30 22:00:00,NA,1016.2,28,23,NA
2021-03-30 23:00:00,NA,1016.5,24,31,NA
2021-03-31 00:00:00,1014.4,NA,21.4,38,NA
2021-03-31 16:00:00,1019.8,NA,18.6,66,NA
2021-03-31 18:00:00,1019,NA,19.6,62,NA
2021-03-31 19:00:00,1018.9,NA,19.8,62,NA
2021-03-31 20:00:00,1018.5,NA,19,67,NA
2021-03-31 21:00:00,1018.2,NA,18.4,71,NA
2021-03-31 22:00:00,1018.4,NA,17.6,74,NA
2021-03-31 23:00:00,1018.9,NA,17,80,NA
2021-04-01 12:00:00,NA,1022,17,82,NA
2021-04-01 13:00:00,NA,1021.6,17.5,83,NA
2021-04-01 14:00:00,NA,1021.4,18,82,NA
2021-04-01 15:00:00,NA,1021.4,18.4,81,NA
2021-04-01 16:00:00,NA,1021.2,18.6,80,NA
2021-04-01 17:00:00,NA,1021.2,18.8,78,NA
2021-04-01 18:00:00,NA,1021.1,19,74,NA
2021-04-01 19:00:00,NA,1021.1,19.6,72,NA
2021-04-01 20:00:00,NA,1019.2,18.5,81,NA
2021-04-01 21:00:00,NA,1018.5,18,82,NA
2021-04-01 22:00:00,NA,1018.5,16.8,92,NA
2021-04-01 23:00:00,NA,1018.6,15.5,89,NA
2021-04-02 00:00:00,1016,NA,14,89,NA
2021-04-02 12:00:00,1011.8,NA,14.9,79,NA
2021-04-02 13:00:00,1016.4,NA,17.7,68,NA
2021-04-02 14:00:00,1016,NA,20.4,52,NA
2021-04-02 15:00:00,1016.1,NA,21.6,46,NA
2021-04-02 16:00:00,1015.2,NA,22,46,NA
2021-04-02 17:00:00,1014.2,NA,24.8,39,NA
2021-04-02 18:00:00,1014,NA,23,48,NA
2021-04-02 19:00:00,1013.7,NA,21.5,60,NA
2021-04-02 20:00:00,1013.3,NA,20.7,65,NA
2021-04-02 21:00:00,1013.8,NA,20.8,70,NA
2021-04-02 22:00:00,1013.8,NA,19,79,NA
2021-04-02 23:00:00,1013.8,NA,18.1,83,NA
2021-04-03 12:00:00,NA,1018.4,16.8,84,NA
2021-04-03 13:00:00,NA,1016.5,18.8,69,NA
2021-04-03 14:00:00,NA,1016.5,19.5,64,NA
2021-04-03 15:00:00,NA,1015.9,22.2,51,NA
2021-04-03 16:00:00,NA,1015.6,23.2,47,NA
2021-04-03 17:00:00,NA,1015.2,24,44,NA
2021-04-03 18:00:00,NA,1014.9,25,35,NA
2021-04-03 19:00:00,NA,1014.2,26,38,NA
2021-04-03 20:00:00,NA,1014.2,26,43,NA
2021-04-03 21:00:00,NA,1013.8,25.8,45,NA
2021-04-03 22:00:00,NA,1013.9,24.8,42,NA
2021-04-03 23:00:00,NA,1013.6,23,49,NA
2021-04-04 00:00:00,1011.6,NA,22,43,NA
2021-04-04 12:00:00,1011,NA,16.4,81,NA
2021-04-04 13:00:00,1011.2,NA,20.8,61,NA
2021-04-04 14:00:00,1010.8,NA,23,54,NA
2021-04-04 15:00:00,1010.4,NA,25.1,49,NA
2021-04-04 16:00:00,1009.7,NA,26.7,45,NA
2021-04-04 17:00:00,1009,NA,28.1,41,NA
2021-04-04 18:00:00,1006.5,NA,31.6,29,NA
2021-04-04 19:00:00,1006,NA,32.9,23,NA
2021-04-04 20:00:00,1005.7,NA,32.4,26,NA
2021-04-04 21:00:00,1005.3,NA,32,28,NA
2021-04-04 22:00:00,1005.4,NA,31,29,NA
2021-04-04 23:00:00,1006,NA,29.5,32,NA
2021-04-05 12:00:00,NA,1012.5,22.4,57,NA
2021-04-05 13:00:00,NA,1012.6,24,52,NA
2021-04-05 14:00:00,NA,1012.9,25.8,49,NA
2021-04-05 15:00:00,NA,1012.7,27.4,44,NA
2021-04-05 16:00:00,NA,1013,28,45,NA
2021-04-05 17:00:00,NA,1012.5,26.4,49,NA
2021-04-05 18:00:00,NA,1012.8,20.8,72,NA
2021-04-05 19:00:00,NA,1013.5,19.8,80,NA
2021-04-05 20:00:00,NA,1013.7,19.2,83,NA
2021-04-05 21:00:00,NA,1014.4,18.8,85,NA
2021-04-05 22:00:00,NA,1014.9,18.4,88,NA
2021-04-05 23:00:00,NA,1014.6,18,92,NA
2021-04-06 00:00:00,1012.1,NA,18.2,90,NA
2021-04-06 12:00:00,1011.3,NA,17.6,93,NA
2021-04-06 13:00:00,1011.3,NA,19,86,NA
2021-04-06 14:00:00,1010.9,NA,21,78,NA
2021-04-06 15:00:00,1010.1,NA,27.6,47,NA
2021-04-06 16:00:00,1008.8,NA,28.8,42,NA
2021-04-06 17:00:00,1007.8,NA,30.2,36,NA
2021-04-06 18:00:00,1006.9,NA,31.2,35,NA
2021-04-06 19:00:00,1006.5,NA,31.8,35,NA
2021-04-06 20:00:00,1006.6,NA,31.9,35,NA
2021-04-06 21:00:00,1006.2,NA,28.4,54,NA
2021-04-06 22:00:00,1007.4,NA,22.8,71,NA
2021-04-06 23:00:00,1008.5,NA,20.6,79,NA
2021-04-07 12:00:00,NA,1012.1,16.8,90,NA
2021-04-07 13:00:00,NA,1012.4,18.8,81,NA
2021-04-07 14:00:00,NA,1012.8,19.8,74,NA
2021-04-07 15:00:00,NA,1012.8,21.2,67,NA
2021-04-07 16:00:00,NA,1012.9,22,61,NA
2021-04-07 17:00:00,NA,1013,22.5,57,NA
2021-04-07 18:00:00,NA,1013.1,23,52,NA
2021-04-07 19:00:00,NA,1013.1,23.5,51,NA
2021-04-07 20:00:00,NA,1012.5,22.2,42,NA
2021-04-07 21:00:00,NA,1011.5,21,48,NA
2021-04-07 22:00:00,NA,1011.6,20.2,49,NA
2021-04-07 23:00:00,NA,1011.5,18,61,NA
2021-04-08 00:00:00,NA,1010.1,17.5,57,NA
2021-04-08 15:00:00,1012,NA,18.2,54,NA
2021-04-08 16:00:00,1012,NA,18.5,51,NA
2021-04-08 17:00:00,1012.1,NA,19,50,NA
2021-04-08 18:00:00,1012.2,NA,19.2,49,NA
2021-04-08 19:00:00,1012.5,NA,19.4,48,NA
2021-04-08 20:00:00,1011.3,NA,19,56,NA
2021-04-08 21:00:00,1011.3,NA,18.5,58,NA
2021-04-08 23:00:00,1010.8,NA,17,63,NA
2021-04-09 12:00:00,NA,1017.5,10.4,73,NA
2021-04-09 13:00:00,NA,1018.5,16,49,NA
2021-04-09 14:00:00,NA,1018.9,16.7,52,NA
2021-04-09 15:00:00,NA,1019.3,17.7,47,NA
2021-04-09 16:00:00,NA,1019.6,19,45,NA
2021-04-09 17:00:00,NA,1019.4,19.1,48,NA
2021-04-09 18:00:00,NA,1018.9,19.6,53,NA
2021-04-09 19:00:00,NA,1019.1,19.1,63,NA
2021-04-09 20:00:00,NA,1019.4,18.3,64,NA
2021-04-09 21:00:00,NA,1019.6,18,67,NA
2021-04-09 22:00:00,NA,1019.7,16.9,76,NA
2021-04-09 23:00:00,NA,1020.6,16.1,81,NA
2021-04-10 00:00:00,NA,1021,14.3,82,NA
2021-04-11 12:00:00,NA,1017.5,11,66,NA
2021-04-11 13:00:00,NA,1017.6,14.8,45,NA
2021-04-11 14:00:00,NA,1017.4,19.2,30,NA
2021-04-11 15:00:00,NA,1017.1,21.8,30,NA
2021-04-11 16:00:00,NA,1017,23.8,28,NA
2021-04-11 17:00:00,NA,1015.8,24.4,29,NA
2021-04-11 18:00:00,NA,1015,25,22,NA
2021-04-11 19:00:00,NA,1014.5,25.2,21,NA
2021-04-11 20:00:00,NA,1014.1,25.6,21,NA
2021-04-11 21:00:00,NA,1013.8,25,22,NA
2021-04-11 22:00:00,NA,1013.6,23.2,27,NA
2021-04-11 23:00:00,NA,1013.9,21,32,NA
2021-04-12 00:00:00,NA,1014.2,20,35,NA
2021-04-13 12:00:00,NA,1018.3,15,67,NA
2021-04-13 13:00:00,1016.2,1018.6,19,45,NA
2021-04-13 14:00:00,1016.2,1018.6,20.8,39,NA
2021-04-13 15:00:00,1016.6,1019,21.2,37,NA
2021-04-13 16:00:00,1016.8,1019.2,21.5,35,NA
2021-04-13 17:00:00,1016.8,1019.2,22,30,NA
2021-04-13 18:00:00,1016.8,1019.2,22.5,29,NA
2021-04-13 19:00:00,1017,1019.4,22.7,28,NA
2021-04-13 20:00:00,1014.4,1016.8,21.4,43,NA
2021-04-13 21:00:00,1014.4,1016.8,20.4,47,NA
2021-04-13 22:00:00,1013.3,1015.7,18,62,NA
2021-04-13 23:00:00,1013.3,1015.7,16,75,NA
2021-04-14 00:00:00,NA,1015.6,15,84,NA
2021-04-15 00:00:00,1004.8,NA,NA,NA,NA
2021-04-15 12:00:00,1013.4,1015.8,16.8,47,NA
2021-04-15 13:00:00,1014.2,1016.6,17.7,46,NA
2021-04-15 14:00:00,1015,1017.4,18.2,50,NA
2021-04-15 15:00:00,1015.2,1017.6,18.4,48,NA
2021-04-15 16:00:00,1015.2,1017.6,18.8,47,NA
2021-04-15 17:00:00,1014.9,1017.2,19.3,45,NA
2021-04-15 18:00:00,1014,1016.3,19.2,49,NA
2021-04-15 19:00:00,1013.3,1015.6,19,50,NA
2021-04-15 20:00:00,1013.2,1015.5,18.6,54,NA
2021-04-15 21:00:00,1012.9,1015.2,18.4,52,NA
2021-04-15 22:00:00,1012.8,1015.2,16.8,61,NA
2021-04-15 23:00:00,1012.9,1015.3,16.2,65,NA
2021-04-16 00:00:00,NA,1015.4,15,74,NA
2021-04-17 00:00:00,1015.6,NA,NA,NA,NA
2021-04-17 12:00:00,1018.6,1021.1,7,88,NA
2021-04-17 13:00:00,1018.8,1021.3,12,65,NA
2021-04-17 14:00:00,1018.8,1021.2,16.4,68,NA
2021-04-17 15:00:00,1018.2,1020.7,18,61,NA
2021-04-17 16:00:00,1017.3,1019.7,18.2,61,NA
2021-04-17 17:00:00,1016.9,1019.3,18,66,NA
2021-04-17 18:00:00,1016.2,1018.7,18.6,67,NA
2021-04-17 19:00:00,1015.8,1018.2,18,71,NA
2021-04-17 20:00:00,1015.6,1018.1,17.4,80,NA
2021-04-17 21:00:00,1015.8,1018.3,17.6,82,NA
2021-04-17 22:00:00,1015.6,1018,16.4,86,NA
2021-04-17 23:00:00,1014.8,1017.3,15.6,94,NA
2021-04-18 00:00:00,NA,1017.5,15.4,94,NA
2021-04-18 23:00:00,1010.9,NA,NA,NA,NA
2021-04-19 00:00:00,1010.9,NA,NA,NA,NA
2021-04-19 12:00:00,1010.2,1012.6,18.8,77,NA
2021-04-19 13:00:00,1009.8,1012.3,20.2,71,NA
2021-04-19 14:00:00,1009.4,1011.9,22.4,70,NA
2021-04-19 15:00:00,1009.4,1011.9,24.8,56,NA
2021-04-19 16:00:00,1009,1011.4,25.4,52,NA
2021-04-19 17:00:00,1008.9,1011.3,26,50,NA
2021-04-19 18:00:00,1008.4,1010.7,27,46,NA
2021-04-19 19:00:00,1008,1010.3,28.2,41,NA
2021-04-19 20:00:00,1007.6,1009.9,30.8,34,NA
2021-04-19 21:00:00,1007.6,1009.9,30,36,NA
2021-04-19 22:00:00,1007.6,1009.9,29.2,41,NA
2021-04-19 23:00:00,1008,1010.3,27.5,42,NA
2021-04-20 00:00:00,NA,1010.5,25,41,NA
2021-04-21 00:00:00,1012.1,NA,NA,NA,NA
2021-04-21 12:00:00,1012.4,1014.8,15,97,NA
2021-04-21 13:00:00,1012.5,1014.9,15.1,97,NA
2021-04-21 14:00:00,1011.7,1014.1,15.3,98,NA
2021-04-21 15:00:00,1011.2,1013.6,15.7,98,NA
2021-04-21 16:00:00,1011.7,1014.1,15.5,97,NA
2021-04-21 17:00:00,1011.2,1013.6,15.4,98,NA
2021-04-21 18:00:00,1010.9,1013.3,15.9,96,NA
2021-04-21 19:00:00,1010.6,1013,16.3,97,NA
2021-04-21 20:00:00,1010.2,1012.6,16,98,NA
2021-04-21 21:00:00,1010.5,1012.9,15.3,97,NA
2021-04-21 22:00:00,1010,1012.4,15.4,98,NA
2021-04-21 23:00:00,1010.1,1012.5,15.6,97,NA
2021-04-22 00:00:00,NA,1012.7,15.4,98,NA
2021-04-23 00:00:00,1012.5,NA,NA,NA,NA
2021-04-23 12:00:00,NA,1015.4,9.6,90,NA
2021-04-23 13:00:00,NA,1015.7,13.2,73,NA
2021-04-23 14:00:00,NA,1015.7,14.6,66,NA
2021-04-23 15:00:00,NA,1015.8,19.6,40,NA
2021-04-23 16:00:00,NA,1015.8,20.6,40,NA
2021-04-23 17:00:00,NA,1014.6,22,38,NA
2021-04-23 18:00:00,NA,1013.8,22.2,38,NA
2021-04-23 19:00:00,NA,1013.5,22.6,38,NA
2021-04-23 20:00:00,NA,1013.6,24.2,31,NA
2021-04-23 21:00:00,NA,1015.3,18.2,57,NA
2021-04-23 22:00:00,NA,1016,17.2,60,NA
2021-04-23 23:00:00,NA,1016.9,16.9,62,NA
2021-04-24 00:00:00,NA,1017.5,16.6,61,NA
2021-04-25 12:00:00,NA,1024.8,6.8,88,NA
2021-04-25 13:00:00,NA,1024.7,10.8,84,NA
2021-04-25 14:00:00,NA,1024.4,15.5,53,NA
2021-04-25 15:00:00,NA,1024,16.5,43,NA
2021-04-25 16:00:00,NA,1023.7,17.5,42,NA
2021-04-25 17:00:00,NA,1023.7,17.8,42,NA
2021-04-25 18:00:00,NA,1023.4,18.4,38,NA
2021-04-25 19:00:00,NA,1021.7,20,33,NA
2021-04-25 20:00:00,NA,1021,20,36,NA
2021-04-25 21:00:00,NA,1020.9,19,47,NA
2021-04-25 22:00:00,NA,1021.2,18,47,NA
2021-04-25 23:00:00,NA,1020.6,16,42,NA
2021-04-26 00:00:00,NA,1020.4,14,59,NA
2021-04-27 12:00:00,NA,1014.6,9.5,94,NA
2021-04-27 13:00:00,NA,1014.5,14.6,77,NA
2021-04-27 14:00:00,NA,1014.5,16.7,67,NA
2021-04-27 15:00:00,NA,1014.2,18.9,60,NA
2021-04-27 16:00:00,NA,1013.7,21.1,65,NA
2021-04-27 17:00:00,NA,1012.9,22.4,69,NA
2021-04-27 18:00:00,NA,1012,24,71,NA
2021-04-27 19:00:00,NA,1011.1,25.7,68,NA
2021-04-27 20:00:00,NA,1010.8,26,67,NA
2021-04-27 21:00:00,NA,1010.7,25.3,64,NA
2021-04-27 22:00:00,NA,1011.1,21.3,62,NA
2021-04-27 23:00:00,NA,1011.6,20.4,65,NA
2021-04-28 00:00:00,1009.6,NA,19.7,68,NA
2021-04-28 12:00:00,1015.6,NA,10.7,79,NA
2021-04-28 13:00:00,1016.5,NA,15.6,61,NA
2021-04-28 14:00:00,1016.5,NA,18.3,55,NA
2021-04-28 15:00:00,1016.9,NA,21.5,55,NA
2021-04-28 16:00:00,1016.9,NA,22.1,56,NA
2021-04-28 17:00:00,1016.2,NA,22.1,55,NA
2021-04-28 18:00:00,1015.3,NA,22.1,56,NA
2021-04-28 19:00:00,1014.9,NA,20.8,60,NA
2021-04-28 20:00:00,1014.8,NA,20.9,56,NA
2021-04-28 21:00:00,1014.5,NA,19.3,62,NA
2021-04-28 22:00:00,1014.4,NA,17.7,67,NA
2021-04-28 23:00:00,1014.4,NA,16.9,71,NA
2021-04-29 12:00:00,NA,1015.9,12.2,86,NA
2021-04-29 13:00:00,NA,1016.1,17,70,NA
2021-04-29 14:00:00,NA,1016.3,19.6,57,NA
2021-04-29 15:00:00,NA,1015.7,21.6,53,NA
2021-04-29 16:00:00,NA,1014.7,23,49,NA
2021-04-29 17:00:00,NA,1013.9,24.4,43,NA
2021-04-29 18:00:00,NA,1013.1,26,38,NA
2021-04-29 19:00:00,NA,1012.8,25.2,42,NA
2021-04-29 20:00:00,NA,1012.8,25,41,NA
2021-04-29 21:00:00,NA,1012.7,23.2,50,NA
2021-04-29 22:00:00,NA,1013.1,20,63,NA
2021-04-29 23:00:00,NA,1013.5,17.4,73,NA
2021-04-30 00:00:00,1011.3,NA,16.6,75,NA
2021-04-30 12:00:00,1009.8,NA,12.8,88,NA
2021-04-30 13:00:00,1009.8,NA,15.2,70,NA
2021-04-30 14:00:00,1009.4,NA,19,59,NA
2021-04-30 15:00:00,1009,NA,20,53,NA
2021-04-30 16:00:00,1008.5,NA,21.6,49,NA
2021-04-30 17:00:00,1007.8,NA,23,49,NA
2021-04-30 18:00:00,1007.2,NA,23.8,48,NA
2021-04-30 19:00:00,1006.9,NA,23.6,48,NA
2021-04-30 20:00:00,1006.9,NA,23.4,49,NA
2021-04-30 21:00:00,1006.6,NA,21,60,NA
2021-04-30 22:00:00,1006.6,NA,17.8,73,NA
2021-04-30 23:00:00,1007,NA,16.8,77,NA
2021-05-01 12:00:00,NA,1011.5,16,60,NA
2021-05-01 13:00:00,NA,1012.9,15.8,62,NA
2021-05-01 14:00:00,NA,1012.9,16.2,62,NA
2021-05-01 15:00:00,NA,1012.9,15.8,62,NA
2021-05-01 16:00:00,NA,1013,16,60,NA
2021-05-01 17:00:00,NA,1013.2,16.2,59,NA
2021-05-01 18:00:00,NA,1013.1,17.2,52,NA
2021-05-01 19:00:00,NA,1012.9,19.4,55,NA
2021-05-01 20:00:00,NA,1012.9,18.2,52,NA
2021-05-01 21:00:00,NA,1012.6,16.8,52,NA
2021-05-01 22:00:00,NA,1012.4,15.6,63,NA
2021-05-01 23:00:00,NA,1012.4,15,63,NA
2021-05-02 00:00:00,1009.8,NA,13.2,75,NA
2021-05-02 12:00:00,1009.3,NA,13.4,68,NA
2021-05-02 13:00:00,1009.3,NA,14.2,60,NA
2021-05-02 14:00:00,1009.3,NA,15.5,49,NA
2021-05-02 15:00:00,1009.7,NA,16.2,45,NA
2021-05-02 16:00:00,1009.3,NA,16.8,44,NA
2021-05-02 17:00:00,1009.3,NA,17,43,NA
2021-05-02 18:00:00,1009.2,NA,17.5,41,NA
2021-05-02 19:00:00,1007.8,NA,19,38,NA
2021-05-02 20:00:00,1007.4,NA,19,37,NA
2021-05-02 21:00:00,1007.8,NA,17.5,50,NA
2021-05-02 22:00:00,1008,NA,16,50,NA
2021-05-02 23:00:00,1008,NA,14.8,54,NA
2021-05-03 12:00:00,NA,1012.5,8.4,71,NA
2021-05-03 13:00:00,NA,1013.7,12.5,48,NA
2021-05-03 14:00:00,NA,1014.8,14.1,50,NA
2021-05-03 15:00:00,NA,1015.4,15,57,NA
2021-05-03 16:00:00,NA,1016.2,15,63,NA
2021-05-03 17:00:00,NA,1016.2,14.5,59,NA
2021-05-03 18:00:00,NA,1016.2,14.7,54,NA
2021-05-03 19:00:00,NA,1016.5,15.8,47,NA
2021-05-03 20:00:00,NA,1018.1,15.2,57,NA
2021-05-03 21:00:00,NA,1019.6,13.8,61,NA
2021-05-03 22:00:00,NA,1020.6,12.7,59,NA
2021-05-03 23:00:00,NA,1021.6,11.4,55,NA
2021-05-04 00:00:00,1019.7,NA,10.3,53,NA
2021-05-04 12:00:00,1028.8,NA,6.5,66,NA
2021-05-04 13:00:00,1030.2,NA,8,63,NA
2021-05-04 14:00:00,1031.2,NA,9.3,62,NA
2021-05-04 15:00:00,1031.2,NA,11.1,58,NA
2021-05-04 16:00:00,1030.9,NA,11.2,61,NA
2021-05-04 17:00:00,1030.1,NA,11.4,59,NA
2021-05-04 18:00:00,1029.4,NA,11.2,58,NA
2021-05-04 19:00:00,1028.9,NA,11,61,NA
2021-05-04 20:00:00,1029,NA,12,52,NA
2021-05-04 21:00:00,1028.9,NA,11.6,53,NA
2021-05-04 22:00:00,1028.9,NA,8.7,58,NA
2021-05-04 23:00:00,1029,NA,6.7,64,NA
2021-05-05 12:00:00,NA,1027.5,3.8,61,NA
2021-05-05 13:00:00,NA,1028,6.6,57,NA
2021-05-05 14:00:00,NA,1028.5,10,51,NA
2021-05-05 15:00:00,NA,1028.3,12.2,38,NA
2021-05-05 16:00:00,NA,1028.3,13,36,NA
2021-05-05 17:00:00,NA,1028,14.2,40,NA
2021-05-05 18:00:00,NA,1027.6,15,40,NA
2021-05-05 19:00:00,NA,1027.8,15,44,NA
2021-05-05 20:00:00,NA,1028,14.6,50,NA
2021-05-05 21:00:00,NA,1028.4,14,61,NA
2021-05-05 22:00:00,NA,1028.5,10.6,68,NA
2021-05-05 23:00:00,NA,1028.9,9.2,79,NA
2021-05-06 00:00:00,1026.4,NA,4.6,87,NA
2021-05-06 12:00:00,1024.2,NA,2.8,72,NA
2021-05-06 13:00:00,1024.2,NA,7,57,NA
2021-05-06 14:00:00,1023.7,NA,12.8,39,NA
2021-05-06 15:00:00,1023.3,NA,14,37,NA
2021-05-06 16:00:00,1023,NA,16,27,NA
2021-05-06 17:00:00,1022.4,NA,17.4,24,NA
2021-05-06 18:00:00,1021.8,NA,19,23,NA
2021-05-06 19:00:00,1021.2,NA,19.6,19,NA
2021-05-06 20:00:00,1021.3,NA,19.4,18,NA
2021-05-06 21:00:00,1021.6,NA,17.2,43,NA
2021-05-06 22:00:00,1022.1,NA,13,77,NA
2021-05-06 23:00:00,1022.4,NA,10.2,84,NA
2021-05-07 12:00:00,NA,1025.6,1.2,97,NA
2021-05-07 13:00:00,NA,1025.6,5,97,NA
2021-05-07 14:00:00,NA,1025.4,11,57,NA
2021-05-07 15:00:00,NA,1025.4,12.2,53,NA
2021-05-07 16:00:00,NA,1025.1,13.5,43,NA
2021-05-07 17:00:00,NA,1024.9,15.2,33,NA
2021-05-07 18:00:00,NA,1024.5,17.5,16,NA
2021-05-07 19:00:00,NA,1024.5,18.6,20,NA
2021-05-07 20:00:00,NA,1024.1,20.4,27,NA
2021-05-07 21:00:00,NA,1022.6,18,37,NA
2021-05-07 22:00:00,NA,1022.4,16,45,NA
2021-05-07 23:00:00,1020,NA,14.1,66,NA
2021-05-08 00:00:00,1020.1,NA,12.2,74,NA
2021-05-08 12:00:00,1020.1,NA,9.5,74,NA
2021-05-08 14:00:00,1019.6,NA,14.4,52,NA
2021-05-08 15:00:00,1019.3,NA,15.2,45,NA
2021-05-08 16:00:00,1019,NA,16,41,NA
2021-05-08 17:00:00,1019,NA,16.8,37,NA
2021-05-08 18:00:00,1018.9,NA,17.5,31,NA
2021-05-08 19:00:00,1018.6,NA,18.2,29,NA
2021-05-08 20:00:00,1018,NA,18.4,33,NA
2021-05-08 21:00:00,1016.9,NA,17,50,NA
2021-05-08 22:00:00,1016.6,NA,15,58,NA
2021-05-08 23:00:00,1016.9,NA,13.8,65,NA
2021-05-09 12:00:00,NA,1019.7,7.5,76,NA
2021-05-09 13:00:00,NA,1020.9,11.3,61,NA
2021-05-09 14:00:00,NA,1021.4,15.4,42,NA
2021-05-09 15:00:00,NA,1021.8,17.4,28,NA
2021-05-09 16:00:00,NA,1021.7,17.8,30,NA
2021-05-09 17:00:00,NA,1021.8,17.7,25,NA
2021-05-09 18:00:00,NA,1021.4,17.4,25,NA
2021-05-09 19:00:00,NA,1021.7,17.5,26,NA
2021-05-09 20:00:00,NA,1022.2,17.3,25,NA
2021-05-09 21:00:00,NA,1022.9,15.9,25,NA
2021-05-09 22:00:00,NA,1024.5,13.8,33,NA
2021-05-09 23:00:00,NA,1025.7,13.5,40,NA
2021-05-10 00:00:00,1024,NA,12.8,47,NA
2021-05-10 12:00:00,1027.8,NA,3.3,65,NA
2021-05-10 13:00:00,1028.4,NA,8.1,50,NA
2021-05-10 14:00:00,1028.1,NA,12.4,31,NA
2021-05-10 15:00:00,1028.1,NA,15.1,21,NA
2021-05-10 16:00:00,1027.7,NA,14.5,32,NA
2021-05-10 17:00:00,1026.8,NA,14.5,34,NA
2021-05-10 18:00:00,1025.8,NA,14.8,36,NA
2021-05-10 19:00:00,1025.2,NA,14.8,32,NA
2021-05-10 20:00:00,1024.9,NA,15,29,NA
2021-05-10 21:00:00,1024.8,NA,13.8,46,NA
2021-05-10 22:00:00,1024.9,NA,10.7,53,NA
2021-05-10 23:00:00,1025.3,NA,7.8,64,NA
2021-05-11 12:00:00,NA,1025.7,2,68,NA
2021-05-11 13:00:00,NA,1024.7,7,50,NA
2021-05-11 14:00:00,NA,1024.5,11.6,37,NA
2021-05-11 15:00:00,NA,1024,13.4,31,NA
2021-05-11 16:00:00,NA,1023.4,15,29,NA
2021-05-11 17:00:00,NA,1021.7,16.2,30,NA
2021-05-11 18:00:00,NA,1020,18,28,NA
2021-05-11 19:00:00,NA,1019.4,18.4,27,NA
2021-05-11 20:00:00,NA,1018.6,19,28,NA
2021-05-11 21:00:00,NA,1018.3,17.4,33,NA
2021-05-11 22:00:00,NA,1018.1,14.4,44,NA
2021-05-11 23:00:00,NA,1018.3,11.2,55,NA
2021-05-12 00:00:00,1016.2,NA,11,52,NA
2021-05-12 12:00:00,1011.2,NA,6.2,67,NA
2021-05-12 13:00:00,1011.3,NA,9.2,54,NA
2021-05-12 14:00:00,1011.7,NA,12.1,49,NA
2021-05-12 15:00:00,1012,NA,17,31,NA
2021-05-12 16:00:00,1011.3,NA,19.6,27,NA
2021-05-12 17:00:00,1011.6,NA,21.4,27,NA
2021-05-12 18:00:00,1011.7,NA,21,25,NA
2021-05-12 19:00:00,1011.8,NA,21.2,18,NA
2021-05-12 20:00:00,1012,NA,20.4,22,NA
2021-05-12 21:00:00,1012.4,NA,18.4,26,NA
2021-05-12 23:00:00,1013.3,NA,10,50,NA
2021-05-13 12:00:00,NA,1019.9,1.4,89,NA
2021-05-13 13:00:00,NA,1019.5,6,73,NA
2021-05-13 14:00:00,NA,1019.5,11.2,64,NA
2021-05-13 15:00:00,NA,1019.5,16.2,35,NA
2021-05-13 16:00:00,NA,1019.5,17.1,30,NA
2021-05-13 17:00:00,NA,1019.2,18,25,NA
2021-05-13 18:00:00,NA,1019,18.8,20,NA
2021-05-13 19:00:00,NA,1019,19.3,19,NA
2021-05-13 20:00:00,NA,1018.4,16,51,NA
2021-05-13 21:00:00,NA,1017.5,15.2,52,NA
2021-05-13 22:00:00,NA,1017.9,13,66,NA
2021-05-13 23:00:00,1015.6,NA,11,87,NA
2021-05-14 00:00:00,1015.6,NA,9,83,NA
2021-05-14 12:00:00,1016.8,NA,3.2,96,NA
2021-05-14 13:00:00,1016.6,NA,8,79,NA
2021-05-14 14:00:00,1016.6,NA,11.2,73,NA
2021-05-14 16:00:00,1016.9,NA,13.2,49,NA
2021-05-14 18:00:00,1017,NA,15.5,36,NA
2021-05-14 19:00:00,1017,NA,16.2,35,NA
2021-05-14 20:00:00,1014.8,NA,14.4,53,NA
2021-05-14 21:00:00,1014.4,NA,13,88,NA
2021-05-14 22:00:00,1014.8,NA,11.6,90,NA
2021-05-14 23:00:00,1014.8,NA,11,87,NA
2021-05-15 12:00:00,NA,1020,2.4,97,NA
2021-05-15 14:00:00,NA,1021.4,13.8,59,NA
2021-05-15 15:00:00,NA,1021.7,16.1,54,NA
2021-05-15 16:00:00,NA,1021.6,16.7,51,NA
2021-05-15 17:00:00,NA,1021.2,16.1,53,NA
2021-05-15 18:00:00,NA,1020.2,16.2,56,NA
2021-05-15 19:00:00,NA,1021.2,16,58,NA
2021-05-15 20:00:00,NA,1021,15.2,63,NA
2021-05-15 21:00:00,NA,1021.3,13.7,73,NA
2021-05-15 22:00:00,NA,1021.7,10.8,85,NA
2021-05-15 23:00:00,NA,1022.2,9.9,87,NA
2021-05-16 00:00:00,1020.4,NA,9,86,NA
2021-05-16 12:00:00,1022.1,NA,1.6,96,NA
2021-05-16 13:00:00,1023,NA,5.9,86,NA
2021-05-16 14:00:00,1022.9,NA,10.3,70,NA
2021-05-16 15:00:00,1023.3,NA,13.5,59,NA
2021-05-16 16:00:00,1023.3,NA,14,57,NA
2021-05-16 17:00:00,1022.8,NA,14.3,61,NA
2021-05-16 18:00:00,1022.5,NA,14.7,69,NA
2021-05-16 19:00:00,1022.6,NA,15,59,NA
2021-05-16 20:00:00,1022.9,NA,14.4,67,NA
2021-05-16 21:00:00,1023.4,NA,13.2,70,NA
2021-05-16 22:00:00,1023.8,NA,11.6,83,NA
2021-05-16 23:00:00,1023.7,NA,8.2,91,NA
2021-05-17 12:00:00,NA,1024.8,1.6,93,NA
2021-05-17 13:00:00,NA,1024.4,3.4,95,NA
2021-05-17 14:00:00,NA,1024.9,8.2,95,NA
2021-05-17 15:00:00,NA,1025,11.4,74,NA
2021-05-17 16:00:00,NA,1024.4,12.8,62,NA
2021-05-17 17:00:00,NA,1023.5,12.8,60,NA
2021-05-17 18:00:00,NA,1022.7,13.6,59,NA
2021-05-17 19:00:00,NA,1022.4,14,57,NA
2021-05-17 20:00:00,NA,1022.3,13.2,62,NA
2021-05-17 21:00:00,NA,1021.5,12.6,70,NA
2021-05-17 22:00:00,NA,1021.8,8.8,76,NA
2021-05-17 23:00:00,NA,1021.7,9.2,79,NA
2021-05-18 00:00:00,1019.4,NA,8.2,83,NA
2021-05-18 12:00:00,1016.4,NA,7.6,86,NA
2021-05-18 13:00:00,1016.2,NA,10.6,72,NA
2021-05-18 14:00:00,1016.1,NA,12.8,61,NA
2021-05-18 15:00:00,1015.8,NA,14,55,NA
2021-05-18 16:00:00,1014.9,NA,15.6,48,NA
2021-05-18 17:00:00,1014.1,NA,17.2,48,NA
2021-05-18 18:00:00,1013.6,NA,18.8,44,NA
2021-05-18 19:00:00,1012.9,NA,19,45,NA
2021-05-18 20:00:00,1012.5,NA,18.6,47,NA
2021-05-18 21:00:00,1012.9,NA,17.4,51,NA
2021-05-18 22:00:00,1013.2,NA,16,48,NA
2021-05-18 23:00:00,1013.4,NA,15.8,56,NA
2021-05-19 12:00:00,NA,1015.5,13.4,82,NA
2021-05-19 13:00:00,NA,1015.6,13.8,78,NA
2021-05-19 14:00:00,NA,1015.4,15.5,76,NA
2021-05-19 15:00:00,NA,1015.3,15.7,76,NA
2021-05-19 16:00:00,NA,1015.3,15.8,81,NA
2021-05-19 17:00:00,NA,1015.3,15.7,89,NA
2021-05-19 18:00:00,NA,1014.9,15.7,93,NA
2021-05-19 19:00:00,NA,1014.6,15.8,91,NA
2021-05-19 20:00:00,NA,1016.2,12.4,96,NA
2021-05-19 21:00:00,NA,1017.1,11.5,96,NA
2021-05-19 22:00:00,NA,1017.5,11.4,97,NA
2021-05-19 23:00:00,NA,1017.7,11.4,99,NA
2021-05-20 00:00:00,1015.4,NA,11.1,98,NA
2021-05-20 12:00:00,1016,NA,10.5,96,NA
2021-05-20 13:00:00,1016.6,NA,10.6,94,NA
2021-05-20 16:00:00,1016.8,NA,11.2,94,NA
2021-05-20 17:00:00,1016.8,NA,11.1,94,NA
2021-05-20 18:00:00,1016.9,NA,11.8,93,NA
2021-05-20 19:00:00,1016.9,NA,12,94,NA
2021-05-20 20:00:00,1016.6,NA,12.5,88,NA
2021-05-20 21:00:00,1016.4,NA,12.2,93,NA
2021-05-20 22:00:00,1016.4,NA,12,94,NA
2021-05-20 23:00:00,1016.1,NA,11.8,96,NA
2021-05-21 12:00:00,NA,1018,10.2,94,NA
2021-05-21 13:00:00,NA,1018.5,10.2,97,NA
2021-05-21 14:00:00,NA,1018.5,10.9,92,NA
2021-05-21 15:00:00,NA,1018.4,12.7,88,NA
2021-05-21 16:00:00,NA,1018,13.1,90,NA
2021-05-21 17:00:00,NA,1017.6,13.4,90,NA
2021-05-21 18:00:00,NA,1017,12.8,96,NA
2021-05-21 19:00:00,NA,1017,13,94,NA
2021-05-21 20:00:00,NA,1017.4,12.8,94,NA
2021-05-21 22:00:00,NA,1017.8,12.2,92,NA
2021-05-21 23:00:00,NA,1018.6,12.5,96,NA
2021-05-22 00:00:00,1016,NA,12.3,96,NA
2021-05-22 12:00:00,1016.4,NA,9.9,97,NA
2021-05-22 13:00:00,1017,NA,11.4,98,NA
2021-05-22 14:00:00,1017.3,NA,11.4,94,NA
2021-05-22 15:00:00,1017.6,NA,11.4,93,NA
2021-05-22 16:00:00,1017.3,NA,11.7,93,NA
2021-05-22 17:00:00,1017.2,NA,12.2,90,NA
2021-05-22 18:00:00,1016.2,NA,12.3,86,NA
2021-05-22 19:00:00,1016,NA,13.1,78,NA
2021-05-22 20:00:00,1015.8,NA,13.2,70,NA
2021-05-22 21:00:00,1016.2,NA,12.9,70,NA
2021-05-22 22:00:00,1016.4,NA,13,69,NA
2021-05-22 23:00:00,1016.9,NA,13,68,NA
2021-05-23 12:00:00,NA,1019.9,2.6,93,NA
2021-05-23 13:00:00,NA,1019.7,6.8,83,NA
2021-05-23 14:00:00,NA,1019.4,10,72,NA
2021-05-23 15:00:00,NA,1018.8,13.8,55,NA
2021-05-23 16:00:00,NA,1017.9,14.8,45,NA
2021-05-23 17:00:00,NA,1016.8,16,45,NA
2021-05-23 18:00:00,NA,1016,17,37,NA
2021-05-23 19:00:00,NA,1015.3,16.4,44,NA
2021-05-23 20:00:00,NA,1015.2,15,53,NA
2021-05-23 21:00:00,NA,1014.7,12.6,66,NA
2021-05-23 22:00:00,NA,1014,11.8,67,NA
2021-05-23 23:00:00,NA,1013.6,8.8,81,NA
2021-05-24 00:00:00,NA,1013.3,7.8,83,NA
2021-05-25 12:00:00,NA,1017.3,6.2,54,NA
2021-05-25 13:00:00,NA,1018.2,9,34,NA
2021-05-25 14:00:00,NA,1018.3,10.4,38,NA
2021-05-25 15:00:00,NA,1018.1,11.5,35,NA
2021-05-25 16:00:00,NA,1018.1,11.6,37,NA
2021-05-25 17:00:00,NA,1018.1,11.7,42,NA
2021-05-25 18:00:00,NA,1017.6,12,39,NA
2021-05-25 19:00:00,NA,1017.4,12.2,40,NA
2021-05-25 20:00:00,NA,1015.9,11.4,47,NA
2021-05-25 21:00:00,NA,1015.2,11.2,40,NA
2021-05-25 22:00:00,NA,1014.6,8.2,57,NA
2021-05-25 23:00:00,NA,1014.6,7,74,NA
2021-05-26 00:00:00,NA,1014.5,6,82,NA
2021-05-27 12:00:00,NA,1001.2,12.7,75,NA
2021-05-27 13:00:00,NA,1000.6,13.4,71,NA
2021-05-27 14:00:00,NA,1001,15.6,60,NA
2021-05-27 15:00:00,NA,1000.4,16.8,56,NA
2021-05-27 16:00:00,NA,999.6,20.2,39,NA
2021-05-27 17:00:00,996.5,998.8,21.4,34,NA
2021-05-27 18:00:00,995.7,998,20.1,39,NA
2021-05-27 19:00:00,995.2,997.5,21,25,NA
2021-05-27 20:00:00,995,997.3,20.7,32,NA
2021-05-27 21:00:00,995.6,997.9,18.5,37,NA
2021-05-27 22:00:00,996.1,998.4,15.3,30,NA
2021-05-27 23:00:00,996.5,998.8,10.4,50,NA
2021-05-28 00:00:00,NA,999.5,10.9,47,NA
2021-05-29 00:00:00,1011.8,NA,NA,NA,NA
2021-05-29 12:00:00,1015,1017.5,3.2,67,NA
2021-05-29 13:00:00,1015.2,1017.7,7,50,NA
2021-05-29 14:00:00,1015.3,1017.8,8,49,NA
2021-05-29 15:00:00,1015.2,1017.6,9.8,43,NA
2021-05-29 16:00:00,1014.5,1017,11,29,NA
2021-05-29 17:00:00,1013.8,1016.3,11.8,24,NA
2021-05-29 18:00:00,1013.4,1015.9,11,31,NA
2021-05-29 19:00:00,1013.2,1015.7,11,31,NA
2021-05-29 20:00:00,1013.4,1016,10.6,41,NA
2021-05-29 21:00:00,1013.7,1016.2,8,52,NA
2021-05-29 22:00:00,1014.1,1016.6,6.2,68,NA
2021-05-29 23:00:00,1014.1,1016.7,6.2,59,NA
2021-05-30 00:00:00,NA,1016.9,5,66,NA
2021-05-31 00:00:00,1007.6,NA,NA,NA,NA
2021-05-31 12:00:00,1011,1013.5,7.5,86,NA
2021-05-31 13:00:00,1011,1013.6,8.5,80,NA
2021-05-31 14:00:00,NA,1013.6,9.2,82,NA
2021-05-31 15:00:00,1010.4,1012.9,12.2,66,NA
2021-05-31 16:00:00,NA,1012.9,12.8,63,NA
2021-05-31 17:00:00,1010.2,1012.8,13,63,NA
2021-05-31 18:00:00,1010.1,1012.6,13.2,65,NA
2021-05-31 19:00:00,1010.1,1012.6,13,65,NA
2021-05-31 20:00:00,1007.7,1010.2,12.2,88,NA
2021-05-31 21:00:00,1004.2,1006.7,13,88,NA
2021-05-31 22:00:00,1003.6,1006.1,11,88,NA
2021-05-31 23:00:00,1003.3,1005.8,10.5,79,NA
2021-06-01 00:00:00,NA,1005.8,10,75,NA
2021-06-02 00:00:00,1008.2,NA,NA,NA,NA
2021-06-02 12:00:00,1016,1018.5,0.8,89,NA
2021-06-02 13:00:00,1015.3,1017.8,3.7,80,NA
2021-06-02 14:00:00,1016.6,1019.1,7.3,65,NA
2021-06-02 15:00:00,1016.1,1018.5,10.6,54,NA
2021-06-02 16:00:00,1015.3,1017.7,11.8,46,NA
2021-06-02 17:00:00,1014.9,1017.3,12.1,42,NA
2021-06-02 18:00:00,1013.6,1016,11.2,54,NA
2021-06-02 19:00:00,1012.9,1015.3,10.8,49,NA
2021-06-02 20:00:00,1012.8,1015.2,10,63,NA
2021-06-02 21:00:00,1013.4,1015.8,9.7,56,NA
2021-06-02 22:00:00,1013.4,1015.9,8.4,73,NA
2021-06-02 23:00:00,1012.9,1015.4,8.4,73,NA
2021-06-03 00:00:00,NA,1016.2,8.3,75,NA
2021-06-04 00:00:00,1002.9,NA,NA,NA,NA
2021-06-04 12:00:00,1008.5,1010.9,7,92,NA
2021-06-04 13:00:00,1009,1011.5,8.2,86,NA
2021-06-04 14:00:00,1009.2,1011.6,10.8,76,NA
2021-06-04 15:00:00,1009.4,1011.9,13.4,59,NA
2021-06-04 16:00:00,1008.5,1011,16.4,42,NA
2021-06-04 17:00:00,1008.5,1011,16.2,33,NA
2021-06-04 18:00:00,1008.5,1011,16.2,32,NA
2021-06-04 19:00:00,1008.9,1011.3,15.4,44,NA
2021-06-04 20:00:00,1009.4,1011.9,14.6,50,NA
2021-06-04 21:00:00,1010.2,1012.7,10.8,69,NA
2021-06-04 22:00:00,1011.3,1013.8,10,63,NA
2021-06-04 23:00:00,1011.4,1013.9,9,61,NA
2021-06-05 00:00:00,NA,1014.2,9.6,55,NA
2021-06-06 00:00:00,1019.6,NA,NA,NA,NA
2021-06-06 12:00:00,1018.6,1021.2,0.8,87,NA
2021-06-06 13:00:00,1018.6,1021.2,2.2,83,NA
2021-06-06 14:00:00,1018.6,1021.2,5,72,NA
2021-06-06 15:00:00,1017.4,1019.9,8.8,57,NA
2021-06-06 16:00:00,1017,1019.5,9.2,53,NA
2021-06-06 17:00:00,1016.8,1019.2,9.8,49,NA
2021-06-06 18:00:00,NA,1019.1,10,45,NA
2021-06-06 19:00:00,1015.7,1018.2,11.5,48,NA
2021-06-06 20:00:00,NA,1018.2,11.7,44,NA
2021-06-06 21:00:00,1015.4,1017.9,9.2,76,NA
2021-06-06 22:00:00,1015.4,1017.9,8,83,NA
2021-06-06 23:00:00,1015.3,1017.8,6.2,82,NA
2021-06-07 00:00:00,NA,1016.9,5,85,NA
2021-06-08 00:00:00,1012.5,NA,NA,NA,NA
2021-06-08 12:00:00,NA,1011.2,7.9,71,NA
2021-06-08 13:00:00,NA,1010.9,9.4,67,NA
2021-06-08 14:00:00,NA,1011.3,11.3,61,NA
2021-06-08 15:00:00,NA,1011.4,12.9,57,NA
2021-06-08 16:00:00,NA,1010.9,13.6,57,NA
2021-06-08 17:00:00,NA,1010.6,14.7,52,NA
2021-06-08 18:00:00,NA,1009.4,15.9,48,NA
2021-06-08 19:00:00,NA,1009.8,15.8,54,NA
2021-06-08 20:00:00,NA,1010.4,15.6,59,NA
2021-06-08 21:00:00,NA,1010.9,15.4,56,NA
2021-06-08 22:00:00,NA,1011.8,14.7,59,NA
2021-06-08 23:00:00,NA,1012.9,14.1,63,NA
2021-06-09 00:00:00,NA,1013.5,13.7,65,NA
2021-06-10 00:00:00,1011.3,NA,NA,NA,NA
2021-06-10 12:00:00,1019.7,1022.2,2.6,83,NA
2021-06-10 13:00:00,1020.6,1023.1,7.4,58,NA
2021-06-10 14:00:00,1021.4,1023.9,10.2,47,NA
2021-06-10 15:00:00,1021.4,1023.9,12,35,NA
2021-06-10 16:00:00,1021.6,1024.1,13.2,32,NA
2021-06-10 17:00:00,1020.9,1023.4,13.4,33,NA
2021-06-10 18:00:00,1020.9,1023.4,14,29,NA
2021-06-10 19:00:00,1020.2,1022.7,14,23,NA
2021-06-10 20:00:00,1020.5,1023.1,13.4,31,NA
2021-06-10 21:00:00,1020,1022.4,10.6,52,NA
2021-06-10 22:00:00,1020.4,1022.9,6,62,NA
2021-06-10 23:00:00,1019.4,1022,4.2,71,NA
2021-06-11 00:00:00,NA,1022.5,2,71,NA
2021-06-12 00:00:00,1008.4,NA,NA,NA,NA
2021-06-12 12:00:00,1008.1,1010.5,13.5,70,NA
2021-06-12 13:00:00,1007,1009.5,14.6,64,NA
2021-06-12 14:00:00,1007,1009.5,16,60,NA
2021-06-12 15:00:00,NA,1009.8,18,45,NA
2021-06-12 16:00:00,1007.4,1009.8,18.5,42,NA
2021-06-12 17:00:00,1007.6,1010,19,41,NA
2021-06-12 18:00:00,1007.6,1010,19.2,39,NA
2021-06-12 19:00:00,1007.3,1009.7,18.7,49,NA
2021-06-12 20:00:00,1007.4,1009.8,17,52,NA
2021-06-12 21:00:00,1007.4,1009.9,14.5,63,NA
2021-06-12 22:00:00,1007.6,1010,13,71,NA
2021-06-12 23:00:00,1008,1010.4,11,77,NA
2021-06-13 00:00:00,NA,1010.4,10,81,NA
2021-06-14 00:00:00,1016.1,NA,NA,NA,NA
2021-06-14 12:00:00,1024.8,1027.3,3.4,64,NA
2021-06-14 13:00:00,1027.2,1029.7,5.3,58,NA
2021-06-14 14:00:00,1027.4,1029.9,7.3,41,NA
2021-06-14 15:00:00,1028,1030.5,8.4,50,NA
2021-06-14 16:00:00,1028.4,1030.9,9.4,45,NA
2021-06-14 17:00:00,1028.4,1030.9,9.7,40,NA
2021-06-14 18:00:00,1028.2,1030.7,10.2,41,NA
2021-06-14 19:00:00,1028.2,1030.7,10.3,37,NA
2021-06-14 20:00:00,1028.5,1031,10.4,36,NA
2021-06-14 21:00:00,1028.8,1031.3,9.2,35,NA
2021-06-14 22:00:00,1029.3,1031.8,4.1,57,NA
2021-06-14 23:00:00,1029.7,1032.2,0,73,NA
2021-06-15 00:00:00,NA,1032.5,-0.7,74,NA
2021-06-16 12:00:00,NA,1036.2,-4.2,90,NA
2021-06-16 13:00:00,NA,1036.7,-0.8,88,NA
2021-06-16 14:00:00,NA,1037,3.2,50,NA
2021-06-16 15:00:00,1034.5,1037,7.6,62,NA
2021-06-16 16:00:00,1033.7,1036.2,9,54,NA
2021-06-16 17:00:00,1032.9,1035.4,9.4,47,NA
2021-06-16 18:00:00,1032.4,1034.9,9.8,43,NA
2021-06-16 19:00:00,1032,1034.5,10,39,NA
2021-06-16 20:00:00,1032,1034.5,8.2,47,NA
2021-06-16 21:00:00,1032.2,1034.8,6.6,55,NA
2021-06-16 22:00:00,1032.4,1035,4,68,NA
2021-06-16 23:00:00,1032.4,1035,2.2,79,NA
2021-06-17 00:00:00,NA,1034.9,1.4,78,NA
2021-06-18 00:00:00,1030.6,NA,NA,NA,NA
2021-06-18 12:00:00,NA,1032.6,0.2,89,NA
2021-06-18 13:00:00,1030.5,1033.1,-0.2,98,NA
2021-06-18 14:00:00,1030.9,1033.4,1.5,98,NA
2021-06-18 15:00:00,1030.8,1033.3,3.5,95,NA
2021-06-18 16:00:00,1030.8,1033.3,4.2,95,NA
2021-06-18 17:00:00,1030.5,1033,5.5,90,NA
2021-06-18 18:00:00,1030.1,1032.6,6.2,75,NA
2021-06-18 19:00:00,1028.2,1030.8,7,69,NA
2021-06-18 20:00:00,1027.8,1030.4,6.4,76,NA
2021-06-18 21:00:00,1027.4,1030,6.2,76,NA
2021-06-18 22:00:00,NA,1029.8,5.8,91,NA
2021-06-18 23:00:00,1027.4,1029.9,5,91,NA
2021-06-19 00:00:00,NA,1029.9,4.4,93,NA
2021-06-20 00:00:00,1020.6,NA,NA,NA,NA
2021-06-20 12:00:00,1019.4,1022,-3.8,90,NA
2021-06-20 13:00:00,1020,1022.6,-1.1,95,NA
2021-06-20 14:00:00,1020.1,1022.6,1.2,78,NA
2021-06-20 15:00:00,1020.2,1022.7,4.7,84,NA
2021-06-20 16:00:00,1019.3,1021.8,7.1,70,NA
2021-06-20 17:00:00,1018.6,1021.1,8.6,62,NA
2021-06-20 18:00:00,1018,1020.4,8.7,58,NA
2021-06-20 19:00:00,1017.2,1019.6,9,60,NA
2021-06-20 20:00:00,1017.4,1019.8,9.4,63,NA
2021-06-20 21:00:00,1017.4,1019.8,7.1,79,NA
2021-06-20 22:00:00,1017.6,1020.1,4.6,90,NA
2021-06-20 23:00:00,1017.8,1020.3,2.3,95,NA
2021-06-21 00:00:00,NA,1020.6,3.2,88,NA
2021-06-21 23:00:00,1015.3,NA,NA,NA,NA
2021-06-22 00:00:00,1015.7,NA,NA,NA,NA
2021-06-22 12:00:00,1017.3,1019.8,1.2,94,NA
2021-06-22 13:00:00,1017.3,1019.8,2.4,97,NA
2021-06-22 14:00:00,1017.2,1019.7,5.6,91,NA
2021-06-22 15:00:00,NA,1019.2,9.2,76,NA
2021-06-22 16:00:00,NA,1017.9,13.2,62,NA
2021-06-22 17:00:00,NA,1017.1,14.4,60,NA
2021-06-22 18:00:00,NA,1016.3,13.6,65,NA
2021-06-22 19:00:00,NA,1016.1,12,74,NA
2021-06-22 20:00:00,NA,1016.2,11,78,NA
2021-06-22 21:00:00,NA,1015.9,11,78,NA
2021-06-22 22:00:00,NA,1015.9,11,78,NA
2021-06-22 23:00:00,NA,1016.2,10.8,80,NA
2021-06-23 00:00:00,NA,1015.9,10.8,80,NA
2021-06-24 00:00:00,1010.1,NA,NA,NA,NA
2021-06-24 12:00:00,1010.4,1012.9,6.8,71,NA
2021-06-24 13:00:00,1010.4,1012.9,7.6,62,NA
2021-06-24 14:00:00,1010.4,1012.9,10.4,58,NA
2021-06-24 15:00:00,1011,1013.6,10.6,61,NA
2021-06-24 16:00:00,1011,1013.6,10.8,59,NA
2021-06-24 17:00:00,1011.2,1013.7,11,57,NA
2021-06-24 18:00:00,1011,1013.6,11.2,54,NA
2021-06-24 19:00:00,1011,1013.6,11.4,49,NA
2021-06-24 20:00:00,1009.7,1012.2,11.2,55,NA
2021-06-24 21:00:00,1007.8,1010.2,10.6,56,NA
2021-06-24 22:00:00,1007.6,1010,9.2,64,NA
2021-06-24 23:00:00,1007.6,1010,8.5,64,NA
2021-06-25 00:00:00,NA,1010,7.8,72,NA
2021-06-26 00:00:00,1012.4,NA,NA,NA,NA
2021-06-26 12:00:00,NA,1025.8,6.3,60,NA
2021-06-26 13:00:00,NA,1026.7,7.4,60,NA
2021-06-26 14:00:00,NA,1027.9,8.2,52,NA
2021-06-26 15:00:00,NA,1028.9,8.8,51,NA
2021-06-26 16:00:00,NA,1028.9,9.1,43,NA
2021-06-26 17:00:00,NA,1028.2,9.4,38,NA
2021-06-26 18:00:00,NA,1027.7,9.3,40,NA
2021-06-26 19:00:00,NA,1027.9,8.8,45,NA
2021-06-26 20:00:00,NA,1028.6,8.9,44,NA
2021-06-26 21:00:00,NA,1029,8,47,NA
2021-06-26 22:00:00,NA,1029.9,7.7,51,NA
2021-06-26 23:00:00,NA,1030.3,7.2,57,NA
2021-06-27 00:00:00,NA,1031,6.7,62,NA
2021-06-28 12:00:00,NA,1032.8,-5,95,NA
2021-06-28 13:00:00,NA,1032.9,-2.8,96,NA
2021-06-28 14:00:00,NA,1032.7,1.6,63,NA
2021-06-28 15:00:00,NA,1032.2,5,39,NA
2021-06-28 16:00:00,NA,1031.5,8,44,NA
2021-06-28 17:00:00,NA,1030.8,9.4,38,NA
2021-06-28 18:00:00,NA,1030.1,11.4,28,NA
2021-06-28 19:00:00,NA,1030.3,12.6,25,NA
2021-06-28 20:00:00,NA,1030.1,13.2,21,NA
2021-06-28 21:00:00,NA,1030.2,10.4,36,NA
2021-06-28 22:00:00,NA,1030.5,3.4,70,NA
2021-06-28 23:00:00,NA,1030.8,0.6,73,NA
2021-06-29 00:00:00,NA,1030.9,-0.8,76,NA
2021-06-30 00:00:00,1020.6,NA,NA,NA,NA
2021-06-30 12:00:00,1014.4,1016.9,3.5,59,NA
2021-06-30 13:00:00,1014.1,1016.6,4.8,54,NA
2021-06-30 14:00:00,1013.8,1016.3,5.2,63,NA
2021-06-30 15:00:00,1013,1015.5,5.4,52,NA
2021-06-30 16:00:00,1012.8,1015.3,5.5,54,NA
2021-06-30 17:00:00,1012.5,1015,5.7,53,NA
2021-06-30 18:00:00,1012.2,1014.7,6,49,NA
2021-06-30 19:00:00,1012.2,1014.7,6.1,49,NA
2021-06-30 20:00:00,1011,1013.6,8.2,39,NA
2021-06-30 21:00:00,1010.8,1013.3,7.5,46,NA
2021-06-30 22:00:00,1010.8,1013.3,7,44,NA
2021-06-30 23:00:00,1010.5,1013.1,6.6,46,NA
2021-07-01 00:00:00,NA,1013.2,5,62,NA
