2021-01-07 00:00:00,974.1,NA,NA,NA,NA
2021-01-07 12:00:00,980.4,1019.6,15,56,NA
2021-01-07 13:00:00,980.1,1019.4,16.7,50,NA
2021-01-07 14:00:00,979.3,1018.8,18.1,42,NA
2021-01-07 15:00:00,978.6,1018,19.7,37,NA
2021-01-07 16:00:00,977.8,1017.2,21.3,34,NA
2021-01-07 17:00:00,976.8,1016,22.1,31,NA
2021-01-07 18:00:00,976,1014.9,23.1,29,NA
2021-01-08 00:00:00,NA,1018.7,18.5,46,NA
2021-01-09 00:00:00,974,NA,NA,NA,NA
2021-01-09 12:00:00,970.8,1009.9,15.5,45,NA
2021-01-09 18:00:00,967.3,1006.5,16.5,45,NA
2021-01-10 00:00:00,NA,1005.2,14.1,56,NA
2021-01-11 00:00:00,969.2,NA,NA,NA,NA
2021-01-11 12:00:00,NA,1021.4,6.4,84,NA
2021-01-11 13:00:00,980.8,1021.5,9.9,63,NA
2021-01-11 14:00:00,981,1021.7,12.3,55,NA
2021-01-11 15:00:00,NA,1021.7,13.8,45,NA
2021-01-11 16:00:00,980.9,1021.4,15.2,39,NA
2021-01-11 17:00:00,980.8,1021.2,15.2,34,NA
2021-01-11 18:00:00,980.6,1021,16.7,28,NA
2021-01-12 00:00:00,NA,1024.9,11.7,37,NA
2021-01-13 00:00:00,978.6,NA,NA,NA,NA
2021-01-13 12:00:00,NA,1021.4,11.6,76,NA
2021-01-13 13:00:00,981.2,1021.2,14.4,63,NA
2021-01-13 14:00:00,980.1,1020.2,16.3,56,NA
2021-01-13 15:00:00,979.7,1019.7,19,45,NA
2021-01-13 16:00:00,978,1017.7,21.1,43,NA
2021-01-13 17:00:00,976.5,1016.1,23.8,34,NA
2021-01-13 18:00:00,975.8,1015.5,25.1,30,NA
2021-01-14 00:00:00,NA,1014.5,20.8,33,NA
2021-01-15 00:00:00,973.7,NA,NA,NA,NA
2021-01-15 12:00:00,NA,1014.3,14,66,NA
2021-01-15 13:00:00,974.9,1014.7,13.5,69,NA
2021-01-15 14:00:00,975.2,1015,14.4,62,NA
2021-01-15 15:00:00,975,1014.6,16.7,56,NA
2021-01-15 16:00:00,974.9,1014.6,16.6,51,NA
2021-01-15 17:00:00,975.6,1015.4,16,49,NA
2021-01-15 18:00:00,976.1,1015.9,16,52,NA
2021-01-16 00:00:00,NA,1017.2,14.5,49,NA
2021-01-17 00:00:00,979,NA,NA,NA,NA
2021-01-17 12:00:00,981.2,1020.7,15.2,72,NA
2021-01-17 18:00:00,NA,1015.9,27.5,26,NA
2021-01-18 00:00:00,NA,1015.9,22.7,35,NA
2021-01-19 12:00:00,NA,1019.4,16.6,71,NA
2021-01-19 13:00:00,NA,1018.4,19.7,59,NA
2021-01-19 14:00:00,NA,1017.8,21.7,53,NA
2021-01-19 15:00:00,NA,1016.9,24.6,45,NA
2021-01-19 16:00:00,NA,1015.7,25.1,42,NA
2021-01-19 17:00:00,NA,1014.7,28.4,33,NA
2021-01-19 18:00:00,NA,1014,28.9,29,NA
2021-01-20 00:00:00,NA,1015.5,24.9,29,NA
2021-01-21 12:00:00,NA,1016.7,16.7,67,NA
2021-01-21 13:00:00,NA,1016.5,20.3,58,NA
2021-01-21 14:00:00,NA,1016.5,23.1,48,NA
2021-01-21 15:00:00,NA,1015.1,26.3,43,NA
2021-01-21 16:00:00,NA,1014.3,27.3,37,NA
2021-01-21 17:00:00,NA,1014.4,30.1,33,NA
2021-01-21 18:00:00,NA,1013.6,30.5,30,NA
2021-01-22 00:00:00,NA,1014.7,25.1,52,NA
2021-01-23 12:00:00,NA,1014,19.3,65,NA
2021-01-23 18:00:00,NA,1011.4,31.3,31,NA
2021-01-24 00:00:00,NA,1011.8,24.7,49,NA
2021-01-25 12:00:00,NA,1012.8,14,63,NA
2021-01-25 13:00:00,NA,1012.2,16.4,60,NA
2021-01-25 14:00:00,NA,1012.1,18.4,55,NA
2021-01-25 15:00:00,NA,1011.9,19.4,52,NA
2021-01-25 16:00:00,NA,1011.7,20.2,47,NA
2021-01-25 17:00:00,NA,1012.3,21.9,38,NA
2021-01-25 18:00:00,NA,1012.6,20.5,44,NA
2021-01-26 00:00:00,NA,1014.1,15.6,47,NA
2021-01-26 15:00:00,976.2,NA,16.1,43,NA
2021-01-26 16:00:00,976.2,NA,17,37,NA
2021-01-26 17:00:00,975.4,NA,19.3,39,NA
2021-01-26 18:00:00,975.8,NA,18.7,38,NA
2021-01-27 12:00:00,NA,1013.2,13.4,62,NA
2021-01-27 13:00:00,NA,1012.7,14.2,58,NA
2021-01-27 14:00:00,NA,1012.3,14.7,58,NA
2021-01-27 15:00:00,NA,1012.3,14.2,66,NA
2021-01-27 16:00:00,NA,1012.2,14.9,64,NA
2021-01-27 17:00:00,NA,1011.6,15.1,71,NA
2021-01-27 18:00:00,NA,1011.3,15.7,68,NA
2021-01-28 00:00:00,NA,1013.4,13.3,83,NA
2021-01-29 12:00:00,NA,1008.8,10.8,81,NA
2021-01-29 13:00:00,NA,1009,13.1,67,NA
2021-01-29 14:00:00,NA,1008.9,16.1,60,NA
2021-01-29 15:00:00,NA,1008.1,18.1,51,NA
2021-01-29 16:00:00,NA,1007.9,20.3,45,NA
2021-01-29 17:00:00,NA,1006.8,22.1,37,NA
2021-01-29 18:00:00,NA,1006.4,23.1,39,NA
2021-01-30 00:00:00,NA,1007.4,20.1,47,NA
2021-01-31 00:00:00,973.4,NA,NA,NA,NA
2021-01-31 12:00:00,979.3,1018.6,14.7,69,NA
2021-01-31 18:00:00,974.1,1013.2,27.7,32,NA
2021-02-01 00:00:00,977.8,1017.3,18.7,55,NA
2021-02-02 00:00:00,974.8,NA,NA,NA,NA
2021-02-02 12:00:00,979.7,1018.8,15.1,79,NA
2021-02-02 13:00:00,979.4,1018.6,18.7,58,NA
2021-02-02 14:00:00,978.8,1017.8,21.1,56,NA
2021-02-02 15:00:00,977.8,1016.6,23.7,49,NA
2021-02-02 16:00:00,977.4,1016.3,26.1,43,NA
2021-02-02 17:00:00,NA,1014.2,28.1,29,NA
2021-02-02 18:00:00,976.4,1015.1,29.7,24,NA
2021-02-03 00:00:00,NA,1015,24.1,45,NA
2021-02-04 00:00:00,975.8,NA,NA,NA,NA
2021-02-04 12:00:00,981.7,1020.9,16.1,70,NA
2021-02-04 13:00:00,981.6,1020.2,21.3,53,NA
2021-02-04 14:00:00,980.4,1019.2,25.1,43,NA
2021-02-04 15:00:00,978.9,1017.4,28.1,34,NA
2021-02-04 16:00:00,978.2,1016.7,30.1,32,NA
2021-02-04 17:00:00,977.2,1015.4,33.1,27,NA
2021-02-04 18:00:00,975.6,1013.6,35.1,27,NA
2021-02-05 00:00:00,NA,1013.5,26.1,49,NA
2021-02-05 12:00:00,NA,1015.3,16.1,66,NA
2021-02-05 13:00:00,NA,1014.4,21.7,49,NA
2021-02-05 14:00:00,NA,1012.4,25.1,43,NA
2021-02-05 15:00:00,NA,1012.4,29.7,32,NA
2021-02-05 16:00:00,NA,1010.9,32,25,NA
2021-02-05 17:00:00,NA,1009.6,34.5,22,NA
2021-02-05 18:00:00,NA,1009,36.3,18,NA
2021-02-06 00:00:00,970.4,1008.7,29.7,39,NA
2021-02-06 12:00:00,974.6,NA,NA,NA,NA
2021-02-06 18:00:00,971.3,NA,NA,NA,NA
2021-02-08 00:00:00,977.3,NA,NA,NA,NA
2021-02-08 01:00:00,978,NA,NA,NA,NA
2021-02-08 02:00:00,978.4,NA,NA,NA,NA
2021-02-08 03:00:00,978.9,1018,19.7,53,NA
2021-02-08 12:00:00,NA,1020.4,13.7,81,NA
2021-02-08 13:00:00,NA,1019.9,19.3,58,NA
2021-02-08 14:00:00,NA,1019.8,21.1,52,NA
2021-02-08 15:00:00,NA,1018.9,23.5,47,NA
2021-02-08 16:00:00,NA,1018,25.6,41,NA
2021-02-08 17:00:00,NA,1017.1,27.2,39,NA
2021-02-08 18:00:00,NA,1015.9,28.6,35,NA
2021-02-08 19:00:00,NA,1014.9,29.5,33,NA
2021-02-08 20:00:00,NA,1014,30.9,28,NA
2021-02-08 21:00:00,NA,1013.9,31.5,25,NA
2021-02-08 22:00:00,NA,1013.6,31,25,NA
2021-02-08 23:00:00,NA,1013.6,30.4,26,NA
2021-02-09 00:00:00,NA,1014.3,22.9,50,NA
2021-02-09 01:00:00,NA,1014.1,23.8,48,NA
2021-02-09 02:00:00,NA,1016.2,20,55,NA
2021-02-10 12:00:00,NA,1015.7,15.5,82,NA
2021-02-10 13:00:00,NA,1014.9,21.1,60,NA
2021-02-10 14:00:00,NA,1014.1,24.3,48,NA
2021-02-10 15:00:00,NA,1012.9,28.1,43,NA
2021-02-10 16:00:00,NA,1010.9,30.5,38,NA
2021-02-10 17:00:00,NA,1010.1,32.7,35,NA
2021-02-10 18:00:00,NA,1008.6,34.7,27,NA
2021-02-10 21:00:00,NA,1006.9,34.1,27,NA
2021-02-11 00:00:00,969.2,NA,29.9,41,NA
2021-02-11 12:00:00,972.8,NA,18.2,78,NA
2021-02-11 13:00:00,973.3,NA,21.5,NA,NA
2021-02-11 14:00:00,973,NA,25.1,56,NA
2021-02-11 15:00:00,972.9,NA,28,47,NA
2021-02-11 16:00:00,972.8,NA,29.8,38,NA
2021-02-11 17:00:00,972.9,NA,31.3,23,NA
2021-02-11 18:00:00,972.5,NA,31.5,12,NA
2021-02-11 21:00:00,972.4,NA,29.7,24,NA
2021-02-12 12:00:00,NA,1017.7,13.1,87,NA
2021-02-12 13:00:00,NA,1017.1,17.5,70,NA
2021-02-12 14:00:00,NA,1016.6,20.6,60,NA
2021-02-12 15:00:00,NA,1015.9,23.3,52,NA
2021-02-12 16:00:00,NA,1015,26.4,43,NA
2021-02-12 17:00:00,NA,1013.3,27.7,35,NA
2021-02-12 18:00:00,NA,1012.3,29.6,31,NA
2021-02-12 21:00:00,970.6,NA,31.6,27,NA
2021-02-13 00:00:00,972,NA,26.5,41,NA
2021-02-13 12:00:00,975.4,NA,13.3,87,NA
2021-02-13 18:00:00,972.2,NA,27.9,28,NA
2021-02-14 12:00:00,NA,1018.1,10.5,85,NA
2021-02-14 18:00:00,NA,1014.3,24.9,32,NA
2021-02-15 00:00:00,975.3,NA,21.5,45,NA
2021-02-15 12:00:00,980.5,NA,11.4,85,NA
2021-02-15 13:00:00,980.5,NA,15.1,67,NA
2021-02-15 14:00:00,980.1,NA,19,54,NA
2021-02-15 15:00:00,979.3,NA,21.4,43,NA
2021-02-15 16:00:00,977.7,NA,24,38,NA
2021-02-15 17:00:00,976.4,NA,26.7,32,NA
2021-02-15 18:00:00,975.8,NA,27.9,31,NA
2021-02-16 12:00:00,NA,1016.9,11.5,91,NA
2021-02-16 13:00:00,NA,1016.8,16.4,68,NA
2021-02-16 14:00:00,NA,1016.2,20.2,53,NA
2021-02-16 15:00:00,NA,1015.7,22.4,47,NA
2021-02-16 16:00:00,NA,1014.3,25.2,38,NA
2021-02-16 17:00:00,NA,1011.8,26.3,32,NA
2021-02-16 18:00:00,NA,1011.2,27.9,28,NA
2021-02-17 00:00:00,974.4,NA,18.7,35,NA
2021-02-17 12:00:00,977.6,NA,11.4,83,NA
2021-02-17 13:00:00,977.2,NA,16.3,58,NA
2021-02-17 14:00:00,976.5,NA,19.4,52,NA
2021-02-17 16:00:00,973.8,NA,22.1,36,NA
2021-02-17 17:00:00,973.6,NA,23.2,38,NA
2021-02-17 18:00:00,973,NA,22.6,33,NA
2021-02-18 12:00:00,NA,1009.7,14.5,71,NA
2021-02-18 13:00:00,NA,1009.7,15.2,68,NA
2021-02-18 14:00:00,NA,1009.3,16.4,67,NA
2021-02-18 15:00:00,NA,1008.7,17.9,64,NA
2021-02-18 16:00:00,NA,1009.3,19.8,41,NA
2021-02-18 17:00:00,NA,1011.2,18.1,41,NA
2021-02-18 18:00:00,972.8,NA,16.2,47,NA
2021-02-19 00:00:00,982.6,NA,9.3,62,NA
2021-02-19 13:00:00,985.7,NA,10.2,66,NA
2021-02-19 14:00:00,985.3,NA,14.7,56,NA
2021-02-19 15:00:00,984.2,NA,15.9,48,NA
2021-02-19 16:00:00,983.7,NA,17,43,NA
2021-02-19 17:00:00,983,NA,18.1,40,NA
2021-02-19 18:00:00,982.5,NA,19.8,38,NA
2021-02-20 12:00:00,NA,1022.9,7.4,92,NA
2021-02-20 18:00:00,NA,1017.6,23.7,36,NA
2021-02-21 00:00:00,976,NA,16.7,48,NA
2021-02-21 12:00:00,974.4,NA,12.4,71,NA
2021-02-21 18:00:00,971.7,NA,19.7,46,NA
2021-02-22 12:00:00,NA,1021,4.6,97,NA
2021-02-22 13:00:00,NA,1020.2,13,71,NA
2021-02-22 14:00:00,NA,1020.3,15.5,53,NA
2021-02-22 15:00:00,NA,1019.7,18,45,NA
2021-02-22 16:00:00,NA,1019.6,18.9,41,NA
2021-02-22 17:00:00,NA,1019.1,20.3,38,NA
2021-02-22 18:00:00,NA,1019.3,20.9,35,NA
2021-02-23 00:00:00,981.6,NA,15.3,54,NA
2021-02-23 12:00:00,984.4,NA,5.7,95,NA
2021-02-23 13:00:00,984,NA,12.2,67,NA
2021-02-23 14:00:00,983.2,NA,14.7,58,NA
2021-02-23 15:00:00,982.4,NA,17,54,NA
2021-02-23 16:00:00,981.7,NA,20,46,NA
2021-02-23 17:00:00,980.8,NA,21.9,42,NA
2021-02-23 18:00:00,979.8,NA,23.7,38,NA
2021-02-24 12:00:00,NA,1020.2,8.2,99,NA
2021-02-24 13:00:00,NA,1019.8,15.5,70,NA
2021-02-24 14:00:00,NA,1019,19.5,60,NA
2021-02-24 15:00:00,NA,1018.3,21.7,53,NA
2021-02-24 16:00:00,NA,1017,24.7,45,NA
2021-02-24 17:00:00,NA,1015.2,27.9,36,NA
2021-02-24 18:00:00,NA,1013.8,30.2,27,NA
2021-02-25 00:00:00,974,NA,23.9,42,NA
2021-02-25 12:00:00,977.6,NA,9.4,92,NA
2021-02-25 13:00:00,977,NA,17.1,65,NA
2021-02-25 14:00:00,975.8,NA,21.5,52,NA
2021-02-25 16:00:00,973.2,NA,27.5,35,NA
2021-02-25 17:00:00,972,NA,30.3,27,NA
2021-02-25 18:00:00,970.9,NA,32.5,23,NA
2021-02-26 12:00:00,NA,1014.5,10.5,94,NA
2021-02-26 13:00:00,NA,1014.4,17.9,76,NA
2021-02-26 14:00:00,NA,1013.7,20.5,64,NA
2021-02-26 15:00:00,NA,1013.6,22.5,55,NA
2021-02-26 16:00:00,NA,1012.7,25.5,45,NA
2021-02-26 17:00:00,NA,1011.3,28.1,37,NA
2021-02-26 18:00:00,NA,1010.6,30.2,29,NA
2021-02-27 00:00:00,973.6,NA,25.1,45,NA
2021-02-27 12:00:00,977,NA,12,97,NA
2021-02-27 18:00:00,974.1,NA,28.2,28,NA
2021-02-28 18:00:00,NA,1015.4,26,33,NA
2021-03-01 00:00:00,NA,1014.5,22.7,47,NA
2021-03-02 12:00:00,NA,1016.8,13.4,93,NA
2021-03-02 13:00:00,NA,1016.7,17.9,70,NA
2021-03-02 14:00:00,NA,1016.2,22.4,58,NA
2021-03-02 15:00:00,NA,1015.3,25.5,50,NA
2021-03-02 16:00:00,NA,1014,26.3,46,NA
2021-03-02 17:00:00,NA,1013,29,39,NA
2021-03-02 18:00:00,973.8,1012.4,29.5,36,NA
2021-03-03 00:00:00,NA,1011.7,24.9,47,NA
2021-03-04 00:00:00,977,NA,NA,NA,NA
2021-03-04 12:00:00,983.6,1023.1,11.5,95,NA
2021-03-04 13:00:00,982.4,1021.9,17.8,71,NA
2021-03-04 14:00:00,982.1,1021.4,21.2,53,NA
2021-03-04 15:00:00,981.4,1020.8,23.6,50,NA
2021-03-04 16:00:00,980.5,1019.7,25.8,44,NA
2021-03-04 17:00:00,980.1,1019.4,28,38,NA
2021-03-04 18:00:00,978,1016.9,29.4,33,NA
2021-03-05 00:00:00,NA,1015.8,19.6,68,NA
2021-03-06 00:00:00,969.4,NA,NA,NA,NA
2021-03-06 12:00:00,973.6,1012.6,13.2,90,NA
2021-03-06 18:00:00,974.8,1013.7,23.6,45,NA
2021-03-07 00:00:00,NA,1013.8,19.2,68,NA
2021-03-08 00:00:00,980,NA,NA,NA,NA
2021-03-08 12:00:00,984,1024.7,6.2,94,NA
2021-03-08 13:00:00,983.7,1023.9,13.3,66,NA
2021-03-08 14:00:00,983.2,1023.4,16,58,NA
2021-03-08 15:00:00,982.1,1022.1,18.1,50,NA
2021-03-08 16:00:00,980.5,1020.4,20.3,43,NA
2021-03-08 17:00:00,979,1018.9,22.6,35,NA
2021-03-08 18:00:00,977.6,1017.3,24.1,28,NA
2021-03-09 00:00:00,NA,1014.3,15.9,61,NA
2021-03-10 00:00:00,966.1,NA,NA,NA,NA
2021-03-10 12:00:00,963.7,1002.2,15.3,97,NA
2021-03-10 13:00:00,964.6,1003.2,15.5,90,NA
2021-03-10 14:00:00,964.5,1003.1,15.3,76,NA
2021-03-10 15:00:00,965.3,1004,14.3,86,NA
2021-03-10 16:00:00,966.5,1005.4,12.9,87,NA
2021-03-10 17:00:00,967.2,1006.3,15.1,80,NA
2021-03-10 18:00:00,969,1008.3,13.1,70,NA
2021-03-11 00:00:00,NA,1014.2,11.5,64,NA
2021-03-12 00:00:00,980.8,NA,NA,NA,NA
2021-03-12 12:00:00,NA,1023.1,5.5,99,NA
2021-03-12 13:00:00,981.8,1022.2,10.7,77,NA
2021-03-12 14:00:00,981.6,1021.8,14.4,66,NA
2021-03-12 15:00:00,981,1021,16.3,59,NA
2021-03-12 16:00:00,979.4,1019.2,18.8,53,NA
2021-03-12 17:00:00,979.4,1019,20.4,46,NA
2021-03-12 18:00:00,978.5,1018.2,22.2,36,NA
2021-03-13 00:00:00,NA,1017.3,14.5,73,NA
2021-03-14 12:00:00,NA,1020.5,6.7,90,NA
2021-03-14 18:00:00,NA,1014.7,25.1,31,NA
2021-03-15 00:00:00,NA,1012.4,16.1,72,NA
2021-03-15 12:00:00,973.7,NA,9.7,94,NA
2021-03-15 13:00:00,974.4,NA,13.7,76,NA
2021-03-15 14:00:00,974.5,NA,15,75,NA
2021-03-15 15:00:00,974.5,NA,18.1,64,NA
2021-03-15 17:00:00,972.8,NA,21.5,48,NA
2021-03-15 18:00:00,972.5,NA,22.3,44,NA
2021-03-16 12:00:00,NA,1022.5,5.1,94,NA
2021-03-16 13:00:00,NA,1021.2,10.3,85,NA
2021-03-16 14:00:00,NA,1020.6,15.3,63,NA
2021-03-16 15:00:00,NA,1021,17.7,53,NA
2021-03-16 16:00:00,NA,1020.5,19.7,45,NA
2021-03-16 17:00:00,NA,1020,21.1,39,NA
2021-03-16 18:00:00,NA,1020.2,21.5,37,NA
2021-03-17 00:00:00,980.4,NA,16.3,42,NA
2021-03-17 12:00:00,986.5,NA,11.1,71,NA
2021-03-18 12:00:00,NA,1023.3,14.5,55,NA
2021-03-18 13:00:00,NA,1017.5,10.5,64,NA
2021-03-18 14:00:00,NA,1016.8,13.1,62,NA
2021-03-18 15:00:00,NA,1016.4,16.3,54,NA
2021-03-18 16:00:00,NA,1015.5,19.1,47,NA
2021-03-18 17:00:00,NA,1014.3,20.3,43,NA
2021-03-18 18:00:00,NA,1013.1,21.3,41,NA
2021-03-19 00:00:00,972.8,NA,13.1,79,NA
2021-03-19 12:00:00,973.2,NA,5.1,96,NA
2021-03-19 13:00:00,971.8,NA,12.1,72,NA
2021-03-19 15:00:00,970.9,NA,18.1,62,NA
2021-03-19 16:00:00,970.4,NA,20.1,48,NA
2021-03-19 17:00:00,970.4,NA,22.3,42,NA
2021-03-19 18:00:00,970.2,NA,22.1,34,NA
2021-03-20 12:00:00,NA,1020,10.1,88,NA
2021-03-20 18:00:00,NA,1021.7,19.7,45,NA
2021-03-21 00:00:00,983.2,NA,12.1,76,NA
2021-03-21 12:00:00,983.7,NA,3.1,96,NA
2021-03-21 18:00:00,978.6,NA,22.3,42,NA
2021-03-22 12:00:00,NA,1021.9,6.1,93,NA
2021-03-22 13:00:00,NA,1022.1,11.1,79,NA
2021-03-22 14:00:00,NA,1021.7,14.7,63,NA
2021-03-22 15:00:00,NA,1021.2,17.3,57,NA
2021-03-22 16:00:00,NA,1019.5,20.5,47,NA
2021-03-22 17:00:00,NA,1018.5,22.7,40,NA
2021-03-22 18:00:00,NA,1017.7,25.1,33,NA
2021-03-23 00:00:00,976.5,NA,13.3,70,NA
2021-03-23 12:00:00,974.8,NA,8.1,92,NA
2021-03-23 13:00:00,974.8,NA,11.1,88,NA
2021-03-23 14:00:00,975.2,NA,14,78,NA
2021-03-23 15:00:00,975.3,NA,15.2,70,NA
2021-03-23 16:00:00,975,NA,18,60,NA
2021-03-23 17:00:00,975.4,NA,19.7,53,NA
2021-03-23 18:00:00,974.9,NA,20.2,47,NA
2021-03-24 12:00:00,NA,1024.6,1.9,100,NA
2021-03-24 13:00:00,NA,1024.2,8.2,84,NA
2021-03-24 14:00:00,NA,1024,11.8,62,NA
2021-03-24 15:00:00,NA,1023.7,13.1,55,NA
2021-03-24 16:00:00,NA,1022,15.3,41,NA
2021-03-24 17:00:00,NA,1021.1,17.1,30,NA
2021-03-24 18:00:00,NA,1019.8,19.1,20,NA
2021-03-25 00:00:00,980.1,NA,7.3,76,NA
2021-03-25 12:00:00,985.2,NA,0,95,NA
2021-03-25 13:00:00,985,NA,6.5,75,NA
2021-03-25 14:00:00,985,NA,11.7,57,NA
2021-03-25 15:00:00,984.4,NA,12.7,48,NA
2021-03-25 16:00:00,983.3,NA,16.1,41,NA
2021-03-25 17:00:00,982.9,NA,18.3,35,NA
2021-03-25 18:00:00,981.7,NA,20.9,25,NA
2021-03-26 12:00:00,NA,1028,1.3,97,NA
2021-03-26 13:00:00,NA,1027.6,8.5,72,NA
2021-03-26 14:00:00,NA,1026.9,12.3,67,NA
2021-03-26 15:00:00,NA,1026.5,14.1,65,NA
2021-03-26 16:00:00,NA,1025,17.3,50,NA
2021-03-26 17:00:00,NA,1024.1,19.5,45,NA
2021-03-26 18:00:00,NA,1022.7,21.3,38,NA
2021-03-27 00:00:00,982.2,NA,11.5,72,NA
2021-03-27 12:00:00,983.6,NA,1.1,97,NA
2021-03-27 18:00:00,980,NA,21.5,32,NA
2021-03-28 12:00:00,NA,1022.2,3,100,NA
2021-03-28 18:00:00,NA,1017.1,23.2,37,NA
2021-03-29 00:00:00,976.8,NA,13.5,72,NA
2021-03-29 12:00:00,979.4,NA,5.3,96,NA
2021-03-29 13:00:00,979.2,NA,12.3,69,NA
2021-03-29 14:00:00,978.8,NA,16.1,60,NA
2021-03-29 16:00:00,977.4,NA,21.3,49,NA
2021-03-29 17:00:00,976.2,NA,24,44,NA
2021-03-29 18:00:00,975.2,NA,25.5,40,NA
2021-03-30 12:00:00,NA,1018,5.3,91,NA
2021-03-30 13:00:00,NA,1018.3,11.3,69,NA
2021-03-30 14:00:00,NA,1017.5,16.1,62,NA
2021-03-30 15:00:00,NA,1017.6,17.3,67,NA
2021-03-30 16:00:00,NA,1015.9,20.3,58,NA
2021-03-30 17:00:00,NA,1015,22.1,53,NA
2021-03-30 18:00:00,NA,1014.4,23.3,48,NA
2021-03-31 00:00:00,975.6,NA,17.8,75,NA
2021-03-31 17:00:00,977.3,NA,23.1,45,NA
2021-03-31 18:00:00,976.5,NA,23.2,44,NA
2021-04-01 12:00:00,NA,1015.6,13.1,91,NA
2021-04-01 13:00:00,NA,1016,14.5,91,NA
2021-04-01 14:00:00,NA,1015.5,15.1,83,NA
2021-04-01 15:00:00,NA,1016,16.1,79,NA
2021-04-01 16:00:00,NA,1015,16.7,74,NA
2021-04-01 17:00:00,NA,1014.8,19.1,67,NA
2021-04-01 18:00:00,NA,1014.5,19.5,60,NA
2021-04-02 00:00:00,976,NA,13.1,88,NA
2021-04-02 12:00:00,978.9,NA,10.5,94,NA
2021-04-02 13:00:00,978.6,NA,12.1,88,NA
2021-04-02 14:00:00,979.3,NA,14.1,82,NA
2021-04-02 15:00:00,978.4,NA,15.3,76,NA
2021-04-02 16:00:00,978.4,NA,16.1,69,NA
2021-04-02 17:00:00,976.8,NA,20.1,57,NA
2021-04-02 18:00:00,976.4,NA,20.5,53,NA
2021-04-03 12:00:00,NA,1019.2,8.7,84,NA
2021-04-03 18:00:00,NA,1015.4,18.7,53,NA
2021-04-04 00:00:00,973.8,NA,10.1,79,NA
2021-04-04 12:00:00,972.9,NA,2.1,89,NA
2021-04-04 18:00:00,968.2,NA,21.5,40,NA
2021-04-05 12:00:00,NA,1013.6,7.6,89,NA
2021-04-05 13:00:00,NA,1013.8,10.2,80,NA
2021-04-05 14:00:00,NA,1013.8,12.3,71,NA
2021-04-05 15:00:00,NA,1013.3,14.3,65,NA
2021-04-05 16:00:00,NA,1013.2,16.1,55,NA
2021-04-05 17:00:00,NA,1012,17,56,NA
2021-04-05 18:00:00,NA,1011.3,17.3,55,NA
2021-04-06 00:00:00,973.2,NA,12,88,NA
2021-04-06 13:00:00,974.6,NA,12.4,95,NA
2021-04-06 14:00:00,975,NA,13.3,87,NA
2021-04-06 15:00:00,975.2,NA,16.7,69,NA
2021-04-06 16:00:00,974.1,NA,16.8,64,NA
2021-04-06 17:00:00,973.8,NA,17.2,64,NA
2021-04-06 18:00:00,973.7,NA,17.8,60,NA
2021-04-07 12:00:00,NA,1014.1,9.7,96,NA
2021-04-07 13:00:00,NA,1013.7,14.7,57,NA
2021-04-07 14:00:00,NA,1013.9,14.6,57,NA
2021-04-07 15:00:00,NA,1014.4,15.1,52,NA
2021-04-07 16:00:00,NA,1014.1,16.7,46,NA
2021-04-07 17:00:00,NA,1013.3,17.3,43,NA
2021-04-07 18:00:00,NA,1013,16.3,48,NA
2021-04-08 00:00:00,NA,1015.2,11.7,87,NA
2021-04-08 15:00:00,974.6,NA,12.1,84,NA
2021-04-08 17:00:00,974.2,NA,13.4,73,NA
2021-04-08 18:00:00,973.3,NA,14.9,63,NA
2021-04-09 12:00:00,NA,1023.8,7.5,99,NA
2021-04-09 13:00:00,NA,1024,8.1,96,NA
2021-04-09 14:00:00,NA,1024.3,10.1,74,NA
2021-04-09 15:00:00,NA,1024.2,11.7,75,NA
2021-04-09 16:00:00,NA,1023.5,13.2,69,NA
2021-04-09 17:00:00,NA,1022.7,14.9,59,NA
2021-04-09 18:00:00,NA,1021.5,16,54,NA
2021-04-10 00:00:00,NA,1022.9,8.2,89,NA
2021-04-11 12:00:00,NA,1021.1,8.5,96,NA
2021-04-11 18:00:00,NA,1017.5,19.1,59,NA
2021-04-12 00:00:00,NA,1017.3,13.2,88,NA
2021-04-13 12:00:00,NA,1022.1,6.2,99,NA
2021-04-13 13:00:00,982.1,1022.4,11.2,95,NA
2021-04-13 14:00:00,981.8,1022,14.9,79,NA
2021-04-13 15:00:00,NA,1020.9,16.4,68,NA
2021-04-13 16:00:00,979.6,1019.3,19.4,59,NA
2021-04-13 17:00:00,978.8,1017.6,20.5,57,NA
2021-04-13 18:00:00,978.1,1017.8,21.4,48,NA
2021-04-13 21:00:00,976.5,1016.3,21.4,46,NA
2021-04-14 00:00:00,NA,1015.1,12.7,81,NA
2021-04-15 00:00:00,975,NA,NA,NA,NA
2021-04-15 12:00:00,980.4,1021.2,2,98,NA
2021-04-15 13:00:00,980.6,1021.3,6.4,95,NA
2021-04-15 14:00:00,980.6,1021.1,11.2,80,NA
2021-04-15 15:00:00,980.5,1020.9,12.7,67,NA
2021-04-15 16:00:00,970.7,1021.3,13.8,59,NA
2021-04-15 17:00:00,NA,1018.7,16.4,50,NA
2021-04-15 18:00:00,977.3,1017.4,17.4,45,NA
2021-04-15 21:00:00,975.4,1015.7,16.7,44,NA
2021-04-16 00:00:00,NA,1017.7,8.1,82,NA
2021-04-17 00:00:00,980.2,NA,NA,NA,NA
2021-04-17 12:00:00,978.5,1019.3,6,93,NA
2021-04-17 18:00:00,978.6,1019,14.7,58,NA
2021-04-18 00:00:00,NA,1017.7,9.5,81,NA
2021-04-18 18:00:00,972.4,NA,NA,NA,NA
2021-04-19 12:00:00,964.6,1004,16.1,79,NA
2021-04-19 13:00:00,NA,1003.3,16.7,77,NA
2021-04-19 14:00:00,965.4,1004.7,16.1,83,NA
2021-04-19 15:00:00,964.9,1004,18.5,70,NA
2021-04-19 16:00:00,965.4,1004.5,18.3,71,NA
2021-04-19 17:00:00,968,1007.3,16.7,91,NA
2021-04-19 18:00:00,968.4,1007.5,16.7,84,NA
2021-04-19 21:00:00,972,1011.6,14.1,78,NA
2021-04-20 00:00:00,NA,1013.8,11.5,92,NA
2021-04-21 00:00:00,974.2,NA,NA,NA,NA
2021-04-21 12:00:00,977.6,1018,7.3,97,NA
2021-04-21 13:00:00,NA,1018.1,9.1,95,NA
2021-04-21 14:00:00,978,1018.4,10.7,82,NA
2021-04-21 15:00:00,977.4,1017.4,12.5,72,NA
2021-04-21 16:00:00,978,1017.9,13,68,NA
2021-04-21 17:00:00,976.6,1016.6,15.5,60,NA
2021-04-21 18:00:00,975.8,1015.5,15.3,48,NA
2021-04-21 21:00:00,976.6,1016.3,15.1,55,NA
2021-04-22 00:00:00,NA,1018.3,6.7,85,NA
2021-04-23 00:00:00,974.2,NA,NA,NA,NA
2021-04-23 12:00:00,NA,1018.5,5.5,94,NA
2021-04-23 13:00:00,NA,1018.9,8.1,92,NA
2021-04-23 14:00:00,NA,1018.5,10.5,82,NA
2021-04-23 15:00:00,NA,1019.3,12.2,71,NA
2021-04-23 16:00:00,NA,1019.1,14.3,64,NA
2021-04-23 17:00:00,NA,1019.1,14.5,54,NA
2021-04-23 18:00:00,NA,1018.9,16.1,42,NA
2021-04-23 21:00:00,NA,1020.1,15.3,48,NA
2021-04-24 00:00:00,NA,1023.3,8.1,84,NA
2021-04-25 12:00:00,NA,1025,0.2,98,NA
2021-04-25 18:00:00,NA,1018,16.3,59,NA
2021-04-26 00:00:00,NA,1020.2,8.1,89,NA
2021-04-27 12:00:00,NA,1017.8,1.7,98,NA
2021-04-27 13:00:00,NA,1017.5,4.2,99,NA
2021-04-27 14:00:00,NA,1016.6,10.2,80,NA
2021-04-27 15:00:00,NA,1014.8,13.4,65,NA
2021-04-27 16:00:00,NA,1014,19.3,45,NA
2021-04-27 17:00:00,NA,1013.7,20,42,NA
2021-04-27 18:00:00,NA,1012.6,20.1,45,NA
2021-04-27 21:00:00,NA,1012.9,18.3,52,NA
2021-04-28 00:00:00,974,NA,13.7,87,NA
2021-04-28 13:00:00,977.6,NA,12.3,97,NA
2021-04-28 14:00:00,977.3,NA,13.5,95,NA
2021-04-28 15:00:00,977.6,NA,14.1,89,NA
2021-04-28 16:00:00,976.9,NA,15.5,85,NA
2021-04-28 17:00:00,976.9,NA,16.1,79,NA
2021-04-28 18:00:00,976.6,NA,17.1,70,NA
2021-04-28 21:00:00,976.5,NA,16.3,73,NA
2021-04-29 12:00:00,NA,1017.9,8.1,86,NA
2021-04-29 13:00:00,NA,1018.4,8.7,89,NA
2021-04-29 14:00:00,NA,1018.3,11.1,80,NA
2021-04-29 15:00:00,NA,1018.1,13.5,69,NA
2021-04-29 16:00:00,NA,1017.1,15.1,65,NA
2021-04-29 17:00:00,NA,1016.6,15.5,61,NA
2021-04-29 18:00:00,NA,1015.9,17,62,NA
2021-04-29 21:00:00,NA,1015.1,15.5,65,NA
2021-04-30 00:00:00,974.9,NA,8.1,89,NA
2021-04-30 12:00:00,973.3,NA,7.4,94,NA
2021-04-30 13:00:00,974.1,NA,8.3,92,NA
2021-04-30 14:00:00,974,NA,9.8,96,NA
2021-04-30 15:00:00,973.2,NA,10.4,92,NA
2021-04-30 16:00:00,972.6,NA,11.5,86,NA
2021-04-30 17:00:00,971.7,NA,12.1,87,NA
2021-04-30 18:00:00,971.7,NA,12.1,84,NA
2021-04-30 21:00:00,971.3,NA,11.7,91,NA
2021-05-01 12:00:00,NA,1011.5,10.4,95,NA
2021-05-01 18:00:00,NA,1011.5,11.3,82,NA
2021-05-02 00:00:00,972.6,NA,8,86,NA
2021-05-02 12:00:00,974.6,NA,5.6,84,NA
2021-05-02 18:00:00,973.2,NA,11.5,68,NA
2021-05-03 12:00:00,NA,1018.6,3.1,97,NA
2021-05-03 13:00:00,NA,1019.6,4.1,93,NA
2021-05-03 14:00:00,NA,1020.2,8,82,NA
2021-05-03 15:00:00,NA,1020.6,9.7,65,NA
2021-05-03 16:00:00,NA,1020.7,11.3,59,NA
2021-05-03 17:00:00,NA,1020.2,12.7,62,NA
2021-05-03 18:00:00,NA,1020.6,13.5,43,NA
2021-05-03 21:00:00,NA,1021.4,12,45,NA
2021-05-04 00:00:00,985.3,NA,2,87,NA
2021-05-04 12:00:00,991.4,NA,-2.5,93,NA
2021-05-04 13:00:00,992,NA,-0.9,95,NA
2021-05-04 14:00:00,991.6,NA,3.1,86,NA
2021-05-04 15:00:00,991.3,NA,6.1,67,NA
2021-05-04 16:00:00,991.2,NA,7.1,63,NA
2021-05-04 17:00:00,989.8,NA,8.7,55,NA
2021-05-04 18:00:00,989.4,NA,10.3,49,NA
2021-05-04 21:00:00,988.1,NA,9.7,52,NA
2021-05-05 12:00:00,NA,1032.7,-3,98,NA
2021-05-05 13:00:00,NA,1033.4,-2,98,NA
2021-05-05 14:00:00,NA,1032.8,3,86,NA
2021-05-05 15:00:00,NA,1032.5,5.5,66,NA
2021-05-05 16:00:00,NA,1032,7.7,55,NA
2021-05-05 17:00:00,NA,1031.3,9.5,51,NA
2021-05-05 18:00:00,NA,1030.3,11.1,43,NA
2021-05-05 21:00:00,NA,1028.8,10,51,NA
2021-05-06 00:00:00,988.4,NA,2.3,87,NA
2021-05-06 12:00:00,987.4,NA,-3.6,100,NA
2021-05-06 13:00:00,987.3,NA,-1.9,96,NA
2021-05-06 14:00:00,986.9,NA,2.5,87,NA
2021-05-06 15:00:00,986.8,NA,5,73,NA
2021-05-06 16:00:00,986.1,NA,8,59,NA
2021-05-06 17:00:00,984.8,NA,10.2,55,NA
2021-05-06 18:00:00,983.3,NA,12.3,47,NA
2021-05-06 21:00:00,981.6,NA,9.7,53,NA
2021-05-07 12:00:00,NA,1020.2,-1.3,99,NA
2021-05-07 13:00:00,NA,1020,0.1,96,NA
2021-05-07 14:00:00,NA,1020.2,3.1,93,NA
2021-05-07 15:00:00,NA,1018.7,6.3,74,NA
2021-05-07 16:00:00,NA,1018.2,9.7,55,NA
2021-05-07 17:00:00,NA,1017.7,11.1,53,NA
2021-05-07 18:00:00,NA,1016.9,12.3,48,NA
2021-05-07 21:00:00,NA,1017.4,10.5,54,NA
2021-05-08 00:00:00,976.9,NA,3.3,90,NA
2021-05-08 12:00:00,978.5,NA,5.8,95,NA
2021-05-08 18:00:00,978.5,NA,13.1,66,NA
2021-05-09 12:00:00,NA,1026.5,1.7,97,NA
2021-05-09 18:00:00,NA,1027.5,14.1,40,NA
2021-05-10 00:00:00,988.1,NA,3.7,80,NA
2021-05-10 12:00:00,991.2,NA,-2.3,95,NA
2021-05-10 13:00:00,991.3,NA,-1.5,96,NA
2021-05-10 14:00:00,991.2,NA,3,79,NA
2021-05-10 15:00:00,990.4,NA,5.1,70,NA
2021-05-10 16:00:00,989.4,NA,7,65,NA
2021-05-10 17:00:00,988.8,NA,8.9,54,NA
2021-05-10 18:00:00,987.3,NA,10.5,50,NA
2021-05-10 21:00:00,985.2,NA,9.1,47,NA
2021-05-11 12:00:00,NA,1027,-4.7,100,NA
2021-05-11 13:00:00,NA,1026.6,-3.5,98,NA
2021-05-11 14:00:00,NA,1026.3,1.3,87,NA
2021-05-11 15:00:00,NA,1024.8,3.7,69,NA
2021-05-11 16:00:00,NA,1024.3,6.5,58,NA
2021-05-11 17:00:00,NA,1023.1,8.5,54,NA
2021-05-11 18:00:00,NA,1021.5,10.1,50,NA
2021-05-11 21:00:00,978.4,NA,10.7,51,NA
2021-05-12 00:00:00,978.6,NA,3,86,NA
2021-05-12 13:00:00,978.6,NA,2.7,89,NA
2021-05-12 15:00:00,977,NA,11.3,53,NA
2021-05-12 16:00:00,978.9,NA,31.1,18,NA
2021-05-12 17:00:00,978.1,NA,13.1,56,NA
2021-05-12 18:00:00,978,NA,14,58,NA
2021-05-12 21:00:00,977.4,NA,13.1,68,NA
2021-05-13 12:00:00,NA,1019.7,2,95,NA
2021-05-13 13:00:00,NA,1020.8,2.7,93,NA
2021-05-13 14:00:00,NA,1020.2,8.7,89,NA
2021-05-13 15:00:00,NA,1020,10.7,77,NA
2021-05-13 16:00:00,NA,1019.2,12.7,68,NA
2021-05-13 17:00:00,NA,1019.7,14.1,68,NA
2021-05-13 18:00:00,NA,1018.5,14.7,62,NA
2021-05-13 21:00:00,976.4,NA,14.1,67,NA
2021-05-14 00:00:00,978,NA,7.1,91,NA
2021-05-14 12:00:00,978.6,NA,2.7,96,NA
2021-05-14 13:00:00,978.6,NA,4.2,95,NA
2021-05-14 14:00:00,978.8,NA,17.8,47,NA
2021-05-14 15:00:00,978.2,NA,10.1,81,NA
2021-05-14 17:00:00,977.7,NA,12.4,75,NA
2021-05-14 18:00:00,977.2,NA,12.9,71,NA
2021-05-14 21:00:00,975.7,NA,13.7,75,NA
2021-05-15 12:00:00,NA,1023.8,0.1,96,NA
2021-05-15 18:00:00,NA,1019.9,13,54,NA
2021-05-16 00:00:00,982.4,NA,3,86,NA
2021-05-16 12:00:00,985.3,NA,2.4,84,NA
2021-05-16 18:00:00,983,NA,9.4,62,NA
2021-05-17 12:00:00,NA,1022.1,0.1,94,NA
2021-05-17 13:00:00,NA,1022.7,0.3,92,NA
2021-05-17 14:00:00,NA,1022.2,2.7,86,NA
2021-05-17 15:00:00,NA,1021.5,5.3,78,NA
2021-05-17 16:00:00,NA,1019.4,7.3,67,NA
2021-05-17 17:00:00,NA,1020,9.1,61,NA
2021-05-17 18:00:00,NA,1019.1,9.7,57,NA
2021-05-17 21:00:00,NA,1018.1,8.9,64,NA
2021-05-18 00:00:00,977,NA,4.3,87,NA
2021-05-18 13:00:00,974.1,NA,-0.7,87,NA
2021-05-18 14:00:00,972.9,NA,3.7,85,NA
2021-05-18 15:00:00,973.4,NA,6.1,76,NA
2021-05-18 17:00:00,971.6,NA,9.1,68,NA
2021-05-18 18:00:00,971,NA,10.3,55,NA
2021-05-18 21:00:00,970.2,NA,9.5,66,NA
2021-05-19 12:00:00,NA,1012.7,3.4,95,NA
2021-05-19 13:00:00,NA,1013.3,4,93,NA
2021-05-19 14:00:00,NA,1013.4,5.1,92,NA
2021-05-19 15:00:00,NA,1013.3,5.9,87,NA
2021-05-19 16:00:00,NA,1013.6,7.4,81,NA
2021-05-19 17:00:00,NA,1013.2,8.1,77,NA
2021-05-19 18:00:00,NA,1013,10.5,70,NA
2021-05-19 21:00:00,NA,1013.1,9,79,NA
2021-05-20 00:00:00,973.4,NA,6.4,90,NA
2021-05-20 12:00:00,973.7,NA,5.7,94,NA
2021-05-20 13:00:00,974.4,NA,5.8,94,NA
2021-05-20 16:00:00,974.6,NA,10.7,72,NA
2021-05-20 17:00:00,974,NA,13,69,NA
2021-05-20 18:00:00,973.3,NA,12.9,68,NA
2021-05-20 21:00:00,973.3,NA,11.2,87,NA
2021-05-21 12:00:00,NA,1022.6,1.5,98,NA
2021-05-21 13:00:00,NA,1023.2,2,98,NA
2021-05-21 14:00:00,NA,1023.6,6,91,NA
2021-05-21 15:00:00,NA,1023.7,8.5,75,NA
2021-05-21 16:00:00,NA,1023.1,11.1,65,NA
2021-05-21 17:00:00,NA,1022.6,11.5,66,NA
2021-05-21 18:00:00,NA,1022.1,12.2,61,NA
2021-05-21 21:00:00,NA,1023.3,11.1,68,NA
2021-05-22 00:00:00,983.4,NA,4.4,93,NA
2021-05-22 12:00:00,985.8,NA,0,100,NA
2021-05-22 18:00:00,984.1,NA,12.7,58,NA
2021-05-23 12:00:00,NA,1022.3,4.7,99,NA
2021-05-23 18:00:00,NA,1017.8,11.7,75,NA
2021-05-24 00:00:00,NA,1017.3,9,87,NA
2021-05-25 12:00:00,NA,1021.3,-0.9,94,NA
2021-05-25 13:00:00,NA,1021.4,2.3,84,NA
2021-05-25 14:00:00,NA,1021.1,5.2,63,NA
2021-05-25 15:00:00,NA,1020.3,8.7,60,NA
2021-05-25 16:00:00,NA,1020.1,10,58,NA
2021-05-25 17:00:00,NA,1018.7,10.4,58,NA
2021-05-25 18:00:00,NA,1018.5,10,60,NA
2021-05-25 21:00:00,NA,1015.6,8.4,69,NA
2021-05-26 00:00:00,NA,1014.8,6.7,88,NA
2021-05-27 12:00:00,NA,1002.7,9.3,75,NA
2021-05-27 13:00:00,NA,1003,10.2,60,NA
2021-05-27 14:00:00,NA,1004,8.5,80,NA
2021-05-27 15:00:00,NA,1004.1,8,89,NA
2021-05-27 16:00:00,NA,1003.7,9.5,78,NA
2021-05-27 17:00:00,964.1,1003.9,8.3,75,NA
2021-05-27 18:00:00,962.2,1001.8,9.3,78,NA
2021-05-27 21:00:00,959.5,998.6,8.3,77,NA
2021-05-28 00:00:00,NA,997.8,8.7,77,NA
2021-05-29 00:00:00,975.5,NA,NA,NA,NA
2021-05-29 12:00:00,980.9,1022.8,-0.9,91,NA
2021-05-29 18:00:00,980.8,1022.4,7.1,64,NA
2021-05-30 00:00:00,NA,1021.7,4,85,NA
2021-05-31 00:00:00,973.6,NA,NA,NA,NA
2021-05-31 12:00:00,968.9,1008.9,10.5,94,NA
2021-05-31 13:00:00,969.7,1009.8,10.2,92,NA
2021-05-31 14:00:00,NA,1009.3,10.2,95,NA
2021-05-31 15:00:00,968.9,1009.1,11.8,93,NA
2021-05-31 16:00:00,968.4,1008.6,11.3,94,NA
2021-05-31 17:00:00,968,1008.1,11.7,94,NA
2021-05-31 18:00:00,968.4,1008.6,12.2,93,NA
2021-05-31 21:00:00,968.4,1008.4,12.1,94,NA
2021-06-02 00:00:00,977.7,NA,NA,NA,NA
2021-06-02 12:00:00,NA,1020,-0.4,94,NA
2021-06-02 13:00:00,978.4,1019.9,1,94,NA
2021-06-02 14:00:00,978.4,1019.9,2,95,NA
2021-06-02 15:00:00,976.8,1018.1,3.7,87,NA
2021-06-02 16:00:00,976.5,1017.8,4.5,82,NA
2021-06-02 17:00:00,975.2,1016.5,4.7,84,NA
2021-06-02 18:00:00,974.6,1016,5.1,81,NA
2021-06-02 21:00:00,972,1013.3,4.2,92,NA
2021-06-03 00:00:00,NA,1012.1,4.1,90,NA
2021-06-04 00:00:00,970.1,NA,NA,NA,NA
2021-06-04 12:00:00,973.2,1013.9,4.9,86,NA
2021-06-04 13:00:00,973.6,1014.5,4.9,89,NA
2021-06-04 14:00:00,974,1014.7,6.7,85,NA
2021-06-04 15:00:00,NA,1015,7.2,76,NA
2021-06-04 16:00:00,974.4,1015.1,6.9,79,NA
2021-06-04 17:00:00,974.8,1015.5,6.7,79,NA
2021-06-04 18:00:00,975,1015.8,6.7,80,NA
2021-06-04 21:00:00,976,1017,5.4,86,NA
2021-06-05 00:00:00,NA,1019.4,4.7,92,NA
2021-06-06 00:00:00,984,NA,NA,NA,NA
2021-06-06 12:00:00,980,1021.7,-0.5,94,NA
2021-06-06 18:00:00,977.8,1018.9,7.8,63,NA
2021-06-07 00:00:00,NA,1017.8,4.7,84,NA
2021-06-08 00:00:00,968.1,NA,NA,NA,NA
2021-06-08 12:00:00,NA,1001.8,11,94,NA
2021-06-08 13:00:00,NA,1001.7,11.5,92,NA
2021-06-08 14:00:00,NA,1004.4,11,89,NA
2021-06-08 15:00:00,NA,1006.1,9.7,87,NA
2021-06-08 16:00:00,NA,1007.3,8.5,81,NA
2021-06-08 17:00:00,NA,1009.3,9.1,79,NA
2021-06-08 18:00:00,NA,1008.9,8.7,83,NA
2021-06-08 21:00:00,NA,1009.5,9.5,67,NA
2021-06-09 00:00:00,NA,1011.7,7.5,80,NA
2021-06-10 00:00:00,977.8,NA,NA,NA,NA
2021-06-10 12:00:00,985.6,1027.4,0.9,97,NA
2021-06-10 13:00:00,985.6,1027.5,1.4,97,NA
2021-06-10 14:00:00,985.8,1027.4,3.4,95,NA
2021-06-10 15:00:00,986,1027.4,6.4,85,NA
2021-06-10 16:00:00,985.4,1026.8,9.2,72,NA
2021-06-10 18:00:00,982.8,1024.1,8.4,65,NA
2021-06-10 21:00:00,980.4,1021.4,8.5,60,NA
2021-06-11 00:00:00,NA,1019.5,8.7,70,NA
2021-06-12 00:00:00,971.7,NA,NA,NA,NA
2021-06-12 12:00:00,972.4,1012,11,95,NA
2021-06-12 18:00:00,973.2,1013,9,92,NA
2021-06-13 00:00:00,NA,1013.6,7.2,94,NA
2021-06-13 18:00:00,979.7,NA,NA,NA,NA
2021-06-14 00:00:00,984.4,NA,NA,NA,NA
2021-06-14 12:00:00,992.2,1034.7,-2.6,96,NA
2021-06-14 13:00:00,992.4,1034.8,-2.1,91,NA
2021-06-14 14:00:00,992.4,1034.6,1.2,87,NA
2021-06-14 15:00:00,NA,1035,3,76,NA
2021-06-14 16:00:00,992.6,1034.7,4.7,70,NA
2021-06-14 17:00:00,991.7,1033.8,5.1,65,NA
2021-06-14 18:00:00,991.4,1033.4,6.1,61,NA
2021-06-14 21:00:00,990.5,1032.7,3.4,73,NA
2021-06-15 00:00:00,NA,1035,-1.6,90,NA
2021-06-16 12:00:00,NA,1033.5,-4.1,93,NA
2021-06-16 13:00:00,NA,1034,-3.7,93,NA
2021-06-16 14:00:00,NA,1034,-1.1,89,NA
2021-06-16 15:00:00,991.4,1034,1.3,76,NA
2021-06-16 16:00:00,991.3,1033.7,3.5,59,NA
2021-06-16 17:00:00,990.6,1032.9,4.1,57,NA
2021-06-16 18:00:00,990.1,1032.3,6.1,52,NA
2021-06-16 21:00:00,989.4,1031.9,1.9,70,NA
2021-06-17 00:00:00,NA,1033.2,-1.7,89,NA
2021-06-18 00:00:00,985.6,NA,NA,NA,NA
2021-06-18 12:00:00,983.4,1025.4,-0.2,94,NA
2021-06-18 13:00:00,983.4,1025.4,0.1,96,NA
2021-06-18 14:00:00,983.3,1025.4,1.5,82,NA
2021-06-18 15:00:00,984.1,1025.9,5.1,63,NA
2021-06-18 16:00:00,983.3,1025.1,5.5,61,NA
2021-06-18 17:00:00,982.1,1023.8,6.1,59,NA
2021-06-18 18:00:00,981.8,1023.4,7.1,56,NA
2021-06-18 21:00:00,981.6,1023.4,4.7,65,NA
2021-06-19 00:00:00,NA,1025,-1.3,91,NA
2021-06-19 18:00:00,983.2,NA,NA,NA,NA
2021-06-20 00:00:00,981.8,NA,NA,NA,NA
2021-06-20 12:00:00,978.8,1021.2,-5.3,95,NA
2021-06-20 18:00:00,976.5,1018.4,4.1,71,NA
2021-06-21 00:00:00,NA,1017.7,0.5,92,NA
2021-06-22 00:00:00,975.4,NA,NA,NA,NA
2021-06-22 12:00:00,974.6,1015.8,2.4,100,NA
2021-06-22 13:00:00,974.6,1016,3,100,NA
2021-06-22 14:00:00,974.4,1015.7,3.5,99,NA
2021-06-22 15:00:00,NA,1015.6,3.9,99,NA
2021-06-22 16:00:00,NA,1014.7,4.9,97,NA
2021-06-22 17:00:00,NA,1013.3,5.4,94,NA
2021-06-22 18:00:00,NA,1012.6,5.5,87,NA
2021-06-22 21:00:00,NA,1011.9,5.1,95,NA
2021-06-23 00:00:00,NA,1010.9,4.6,99,NA
2021-06-24 00:00:00,972,NA,NA,NA,NA
2021-06-24 12:00:00,NA,1010.4,8.2,79,NA
2021-06-24 13:00:00,971,1011.6,9,67,NA
2021-06-24 14:00:00,970.4,1010.9,9.7,60,NA
2021-06-24 15:00:00,NA,1010.3,10.5,59,NA
2021-06-24 16:00:00,970,1010.2,11.5,56,NA
2021-06-24 17:00:00,970,1010.2,12.5,51,NA
2021-06-24 18:00:00,969.7,1010,12.3,48,NA
2021-06-24 21:00:00,970.8,1011.3,9.1,59,NA
2021-06-25 00:00:00,NA,1013.3,5.3,82,NA
2021-06-26 00:00:00,981.2,NA,NA,NA,NA
2021-06-26 12:00:00,NA,1032.7,-3,98,NA
2021-06-26 18:00:00,NA,1033.9,5.2,71,NA
2021-06-27 00:00:00,NA,1036.8,-1.6,92,NA
2021-06-28 12:00:00,NA,1036.3,-5.7,95,NA
2021-06-28 13:00:00,NA,1036.1,-6,97,NA
2021-06-28 14:00:00,NA,1035.4,-2.9,96,NA
2021-06-28 15:00:00,NA,1035,-0.3,96,NA
2021-06-28 16:00:00,NA,1034.6,1,79,NA
2021-06-28 17:00:00,NA,1033.5,2.3,65,NA
2021-06-28 18:00:00,NA,1032.3,3.5,61,NA
2021-06-28 21:00:00,NA,1031.1,1.3,73,NA
2021-06-29 00:00:00,NA,1031.8,-2.3,92,NA
2021-06-30 00:00:00,979.4,NA,NA,NA,NA
2021-06-30 12:00:00,973,1015.1,-4.3,100,NA
2021-06-30 13:00:00,973,1015.2,-4.2,100,NA
2021-06-30 14:00:00,972.9,1015,-3.1,98,NA
2021-06-30 15:00:00,972.6,1014.2,-1.6,99,NA
2021-06-30 16:00:00,972.1,1014,-0.9,96,NA
2021-06-30 17:00:00,972.1,1013.9,0.4,94,NA
2021-06-30 18:00:00,971.3,1012.5,3.4,91,NA
2021-06-30 21:00:00,974.2,1015.9,4.4,86,NA
2021-07-01 00:00:00,NA,1017.2,1.7,93,NA
