2021-01-07 00:00:00,950.9,NA,NA,NA,NA
2021-01-07 12:00:00,957.2,1009.8,13.7,33,NA
2021-01-07 13:00:00,957.8,1010.3,15.3,29,NA
2021-01-07 14:00:00,957.8,1010.3,17.3,31,NA
2021-01-07 15:00:00,957.8,1010.3,18.3,23,NA
2021-01-07 16:00:00,957.8,1010.3,19.6,21,NA
2021-01-07 17:00:00,957,1009.5,21.3,18,NA
2021-01-07 18:00:00,956.5,1008.6,22.8,15,NA
2021-01-07 19:00:00,955.9,1007.9,24.4,14,NA
2021-01-07 20:00:00,955.4,1007.4,24.6,14,NA
2021-01-07 21:00:00,955.5,1007.5,24,16,NA
2021-01-07 22:00:00,955.9,1007.9,23.3,18,NA
2021-01-07 23:00:00,956.7,1008.7,21.9,24,NA
2021-01-08 00:00:00,NA,1011.3,18.9,30,NA
2021-01-09 00:00:00,952.7,NA,NA,NA,NA
2021-01-09 12:00:00,949.9,1002.4,13.5,40,NA
2021-01-09 13:00:00,948.6,1001.5,15,35,NA
2021-01-09 14:00:00,947.4,999.9,17.7,26,NA
2021-01-09 15:00:00,946.5,998.6,18.7,24,NA
2021-01-09 16:00:00,945.5,997.6,20,22,NA
2021-01-09 17:00:00,944.3,996.4,21.8,17,NA
2021-01-09 18:00:00,943.5,995.6,21.7,18,NA
2021-01-09 19:00:00,942.6,994.7,21.8,17,NA
2021-01-09 20:00:00,942.1,994.2,22.1,17,NA
2021-01-09 21:00:00,941.3,993.4,22.4,19,NA
2021-01-09 22:00:00,NA,992.4,20.7,21,NA
2021-01-09 23:00:00,940.6,992.3,20.1,26,NA
2021-01-10 00:00:00,NA,993.2,18,26,NA
2021-01-11 00:00:00,947.6,NA,NA,NA,NA
2021-01-11 12:00:00,955,1008.8,9.1,42,NA
2021-01-11 13:00:00,955.1,1009,10.2,36,NA
2021-01-11 14:00:00,955.7,1009.6,12.5,29,NA
2021-01-11 15:00:00,956.2,1010,14.3,23,NA
2021-01-11 16:00:00,956.6,1010.4,13.8,27,NA
2021-01-11 17:00:00,956.5,1010.3,14.7,26,NA
2021-01-11 18:00:00,956.4,1010.2,16.7,20,NA
2021-01-11 19:00:00,956.8,1010.6,17.7,18,NA
2021-01-11 20:00:00,956.7,1010.4,18.1,19,NA
2021-01-11 21:00:00,957.1,1010.8,17.1,20,NA
2021-01-11 22:00:00,957.4,1011.4,16.5,21,NA
2021-01-11 23:00:00,958.2,1012.2,15.1,25,NA
2021-01-12 00:00:00,NA,1013.2,13.5,28,NA
2021-01-13 00:00:00,959.1,NA,NA,NA,NA
2021-01-13 12:00:00,962.8,1016.2,14.9,44,NA
2021-01-13 13:00:00,962.6,1015.9,17.3,38,NA
2021-01-13 14:00:00,961.9,1015.2,20,29,NA
2021-01-13 15:00:00,961.2,1014.6,21.1,27,NA
2021-01-13 16:00:00,960.4,1013,22.9,23,NA
2021-01-13 17:00:00,959.5,1012,24.3,20,NA
2021-01-13 18:00:00,958.3,1010.9,26.7,17,NA
2021-01-13 19:00:00,957.5,1009.9,28.5,12,NA
2021-01-13 20:00:00,956.9,1009.3,28.7,16,NA
2021-01-13 21:00:00,956.1,1008.4,29.5,14,NA
2021-01-13 22:00:00,NA,1007.9,29.7,9,NA
2021-01-13 23:00:00,955.7,1008,28.8,10,NA
2021-01-14 00:00:00,NA,1008.4,26.9,17,NA
2021-01-15 00:00:00,950.7,NA,NA,NA,NA
2021-01-15 12:00:00,NA,1004.4,16.3,55,NA
2021-01-15 13:00:00,952.7,1004.8,16.4,57,NA
2021-01-15 14:00:00,952.7,1004.8,17.8,42,NA
2021-01-15 15:00:00,952.7,1004.8,18.3,36,NA
2021-01-15 16:00:00,952.6,1004.8,18.6,38,NA
2021-01-15 17:00:00,952.6,1004.8,18.7,50,NA
2021-01-15 18:00:00,953.4,1006.3,14.4,85,NA
2021-01-15 19:00:00,953.3,1006.2,13.5,89,NA
2021-01-15 20:00:00,953.8,1006.7,13.9,75,NA
2021-01-15 21:00:00,953.9,1006.4,16.1,67,NA
2021-01-15 22:00:00,954.6,1007.9,15.6,71,NA
2021-01-15 23:00:00,955.6,1009,14.2,75,NA
2021-01-16 00:00:00,NA,1010.2,12.9,91,NA
2021-01-17 00:00:00,957.6,NA,NA,NA,NA
2021-01-17 12:00:00,960.1,1012.2,16.5,48,NA
2021-01-17 13:00:00,959.9,1012.9,17.5,45,NA
2021-01-17 14:00:00,959.4,1011.4,18.9,37,NA
2021-01-17 15:00:00,958.5,1010.6,20.6,35,NA
2021-01-17 16:00:00,957.4,1009.4,22.8,26,NA
2021-01-17 17:00:00,NA,1008.3,25,22,NA
2021-01-17 18:00:00,NA,1006.8,27,18,NA
2021-01-17 19:00:00,NA,1006,28.2,18,NA
2021-01-17 20:00:00,NA,1005.8,27.5,19,NA
2021-01-17 21:00:00,NA,1005.8,28.4,20,NA
2021-01-17 22:00:00,NA,1005.4,27.1,22,NA
2021-01-17 23:00:00,NA,1005.8,26,25,NA
2021-01-18 00:00:00,NA,1007.4,23.1,31,NA
2021-01-19 12:00:00,NA,1012.3,19.3,50,NA
2021-01-19 13:00:00,NA,1011.9,21.1,42,NA
2021-01-19 14:00:00,NA,1011.8,22.6,41,NA
2021-01-19 15:00:00,NA,1011.8,24.3,32,NA
2021-01-19 16:00:00,NA,1011.1,25.8,29,NA
2021-01-19 17:00:00,NA,1010.4,27.3,25,NA
2021-01-19 18:00:00,NA,1009.9,28.3,23,NA
2021-01-19 19:00:00,NA,1009.4,28.6,25,NA
2021-01-19 20:00:00,NA,1009.1,29.5,22,NA
2021-01-19 21:00:00,NA,1008.7,29.7,23,NA
2021-01-19 22:00:00,NA,1008.4,30.3,17,NA
2021-01-19 23:00:00,NA,1008.7,29.6,13,NA
2021-01-20 00:00:00,NA,1009.1,27.9,24,NA
2021-01-21 12:00:00,NA,1010,22.1,46,NA
2021-01-21 13:00:00,NA,1010.4,23.1,42,NA
2021-01-21 14:00:00,NA,1009.2,26,33,NA
2021-01-21 15:00:00,NA,1009,27.6,26,NA
2021-01-21 16:00:00,NA,1008.3,29.8,21,NA
2021-01-21 17:00:00,NA,1007.6,30.3,19,NA
2021-01-21 18:00:00,NA,1007.1,31.4,17,NA
2021-01-21 19:00:00,NA,1006.8,31.9,19,NA
2021-01-21 20:00:00,NA,1006.3,32.8,16,NA
2021-01-21 21:00:00,NA,1006.3,33,16,NA
2021-01-21 22:00:00,NA,1005.8,31.8,18,NA
2021-01-21 23:00:00,NA,1006.7,30.2,21,NA
2021-01-22 00:00:00,NA,1007.8,28.1,21,NA
2021-01-23 12:00:00,NA,1009.1,20.6,57,NA
2021-01-23 13:00:00,NA,1009.2,21.5,52,NA
2021-01-23 14:00:00,NA,1009.5,22.7,50,NA
2021-01-23 15:00:00,NA,1009.1,24,43,NA
2021-01-23 16:00:00,NA,1008.7,26.5,31,NA
2021-01-23 17:00:00,NA,1007.9,28.5,24,NA
2021-01-23 18:00:00,NA,1007.5,29.7,25,NA
2021-01-23 19:00:00,NA,1007,29.4,22,NA
2021-01-23 20:00:00,NA,1006.7,31,19,NA
2021-01-23 21:00:00,NA,1005.9,31.3,18,NA
2021-01-23 22:00:00,NA,1006,31.2,16,NA
2021-01-23 23:00:00,NA,1006.2,30.5,15,NA
2021-01-24 00:00:00,NA,1007,28.1,18,NA
2021-01-25 12:00:00,NA,1001.1,16.6,38,NA
2021-01-25 13:00:00,NA,1001,18.5,36,NA
2021-01-25 14:00:00,NA,1001.4,19.8,32,NA
2021-01-25 15:00:00,NA,1000.8,20.8,29,NA
2021-01-25 16:00:00,NA,1001.1,21.9,24,NA
2021-01-25 17:00:00,NA,1001.2,22.3,20,NA
2021-01-25 18:00:00,NA,1002,22.7,14,NA
2021-01-25 19:00:00,NA,1002.3,23,17,NA
2021-01-25 20:00:00,NA,1002.2,22.4,19,NA
2021-01-25 21:00:00,NA,1002.7,21.7,19,NA
2021-01-25 22:00:00,NA,1003.4,20.8,18,NA
2021-01-25 23:00:00,NA,1004,19.3,22,NA
2021-01-26 00:00:00,NA,1005,17.5,25,NA
2021-01-26 15:00:00,954.5,NA,17.5,28,NA
2021-01-26 16:00:00,953.9,NA,16.8,28,NA
2021-01-26 17:00:00,953.9,NA,17.2,27,NA
2021-01-26 18:00:00,953.9,NA,17.9,27,NA
2021-01-26 19:00:00,953.7,NA,18.6,26,NA
2021-01-26 20:00:00,953.9,NA,18.3,25,NA
2021-01-27 12:00:00,NA,1005.9,12.9,51,NA
2021-01-27 13:00:00,NA,1005.9,13.5,48,NA
2021-01-27 14:00:00,NA,1005.5,13.9,46,NA
2021-01-27 15:00:00,NA,1005.5,14.3,46,NA
2021-01-27 16:00:00,NA,1004.7,15.5,43,NA
2021-01-27 17:00:00,NA,1004,14,66,NA
2021-01-27 18:00:00,NA,1002.3,18.2,41,NA
2021-01-27 19:00:00,NA,1002.7,12,77,NA
2021-01-27 20:00:00,NA,1002.4,13.3,64,NA
2021-01-27 21:00:00,NA,1001.4,16.6,51,NA
2021-01-27 22:00:00,NA,1001.5,15.9,51,NA
2021-01-27 23:00:00,NA,1001.9,16.2,40,NA
2021-01-28 00:00:00,NA,1002.6,14.7,40,NA
2021-01-29 12:00:00,NA,1003,11.9,50,NA
2021-01-29 13:00:00,NA,1003.2,13.9,40,NA
2021-01-29 14:00:00,NA,1003.1,15.1,38,NA
2021-01-29 15:00:00,NA,1003.4,16.1,36,NA
2021-01-29 16:00:00,NA,1003.4,16.9,32,NA
2021-01-29 17:00:00,NA,1003.2,18.2,29,NA
2021-01-29 18:00:00,NA,1003,19.3,27,NA
2021-01-29 19:00:00,NA,1002.7,21.3,24,NA
2021-01-29 20:00:00,NA,1002.4,21.1,25,NA
2021-01-29 21:00:00,NA,1002.2,21.7,23,NA
2021-01-29 22:00:00,NA,1002.4,21.5,23,NA
2021-01-29 23:00:00,NA,1002.7,21.8,20,NA
2021-01-30 00:00:00,NA,1003.4,20.6,21,NA
2021-01-31 00:00:00,959.4,NA,NA,NA,NA
2021-01-31 12:00:00,963.1,1016.4,13.5,69,NA
2021-01-31 13:00:00,962.7,1016,15.1,64,NA
2021-01-31 14:00:00,962.2,1015.5,17.3,54,NA
2021-01-31 15:00:00,961.8,1015.1,19.5,48,NA
2021-01-31 16:00:00,961.1,1014,21.8,42,NA
2021-01-31 17:00:00,960,1013,22.3,39,NA
2021-01-31 18:00:00,958.7,1011.5,23.7,33,NA
2021-01-31 19:00:00,958.2,1011,24.1,31,NA
2021-01-31 20:00:00,958.1,1010.8,24.2,23,NA
2021-01-31 21:00:00,960.1,1013,20.9,40,NA
2021-01-31 22:00:00,960.7,1013.5,17.5,72,NA
2021-01-31 23:00:00,960.6,1013.4,16.7,69,NA
2021-02-01 00:00:00,960.2,1013,16.5,68,NA
2021-02-02 00:00:00,956.2,NA,NA,NA,NA
2021-02-02 12:00:00,960.2,1012,20.2,37,NA
2021-02-02 13:00:00,960.3,1012.2,22.7,33,NA
2021-02-02 14:00:00,959.9,1011.8,25.2,27,NA
2021-02-02 15:00:00,959.8,1011.2,27.6,22,NA
2021-02-02 16:00:00,959.4,1010.8,29.2,19,NA
2021-02-02 17:00:00,NA,1010.3,29.7,19,NA
2021-02-02 18:00:00,958.3,1009.6,31.5,15,NA
2021-02-02 19:00:00,958.1,1009.5,31.6,14,NA
2021-02-02 20:00:00,957.8,1009.1,31.9,15,NA
2021-02-02 21:00:00,957,1008.3,31.7,14,NA
2021-02-02 22:00:00,957.1,1008.4,31.7,12,NA
2021-02-02 23:00:00,957.3,1008.7,30.7,15,NA
2021-02-03 00:00:00,NA,1009.1,28.6,19,NA
2021-02-04 00:00:00,960,NA,NA,NA,NA
2021-02-04 12:00:00,963.4,1015.4,19.3,49,NA
2021-02-04 13:00:00,962.6,1014.7,22.8,42,NA
2021-02-04 14:00:00,961.9,1013.8,27,36,NA
2021-02-04 15:00:00,961.1,1012.6,30.7,26,NA
2021-02-04 16:00:00,960.2,1011.6,32.7,20,NA
2021-02-04 17:00:00,959.4,1010.4,36,18,NA
2021-02-04 18:00:00,958.6,1009.9,37.8,14,NA
2021-02-04 19:00:00,958.1,1009.5,37.3,15,NA
2021-02-04 20:00:00,957.5,1008.8,38.2,13,NA
2021-02-04 21:00:00,956.8,1008.2,38.1,14,NA
2021-02-04 22:00:00,956.4,1007.8,37.8,12,NA
2021-02-04 23:00:00,956.3,1007.6,36.6,14,NA
2021-02-05 00:00:00,NA,1008,34.2,15,NA
2021-02-05 12:00:00,NA,1010,25,27,NA
2021-02-05 13:00:00,NA,1010.2,26.2,24,NA
2021-02-05 14:00:00,NA,1009.9,27.7,23,NA
2021-02-05 15:00:00,NA,1009.8,29.3,22,NA
2021-02-05 16:00:00,NA,1009,30.9,22,NA
2021-02-05 17:00:00,NA,1008.4,31.5,20,NA
2021-02-05 18:00:00,NA,1007.5,31.8,16,NA
2021-02-05 19:00:00,NA,1006.7,33.3,15,NA
2021-02-05 20:00:00,NA,1006.3,33.4,14,NA
2021-02-05 21:00:00,NA,1006.8,33.3,14,NA
2021-02-05 22:00:00,NA,1008,28.8,28,NA
2021-02-05 23:00:00,NA,1008.8,26,33,NA
2021-02-06 00:00:00,958.3,1009.8,22.5,40,NA
2021-02-06 12:00:00,961.8,NA,NA,NA,NA
2021-02-06 13:00:00,960,NA,NA,NA,NA
2021-02-06 14:00:00,960,NA,NA,NA,NA
2021-02-06 15:00:00,959.5,NA,NA,NA,NA
2021-02-06 16:00:00,958.6,NA,NA,NA,NA
2021-02-06 17:00:00,957.8,NA,NA,NA,NA
2021-02-06 18:00:00,957.7,NA,NA,NA,NA
2021-02-06 19:00:00,957.5,NA,NA,NA,NA
2021-02-06 20:00:00,957.7,NA,NA,NA,NA
2021-02-06 21:00:00,958.1,NA,NA,NA,NA
2021-02-06 22:00:00,958.9,NA,NA,NA,NA
2021-02-06 23:00:00,960.7,NA,NA,NA,NA
2021-02-08 00:00:00,964.4,NA,NA,NA,NA
2021-02-08 12:00:00,NA,1018.4,12.9,64,NA
2021-02-08 13:00:00,NA,1017.8,15.7,55,NA
2021-02-08 14:00:00,NA,1016.7,19.8,43,NA
2021-02-08 15:00:00,NA,1015.6,22.9,39,NA
2021-02-08 16:00:00,NA,1015,24.8,34,NA
2021-02-08 17:00:00,NA,1014.6,26.1,31,NA
2021-02-08 18:00:00,NA,1013.8,27.4,27,NA
2021-02-08 19:00:00,NA,1013.2,28.1,27,NA
2021-02-08 20:00:00,NA,1012.7,28.8,25,NA
2021-02-08 21:00:00,NA,1012.6,28.5,25,NA
2021-02-08 22:00:00,NA,1012.4,29,25,NA
2021-02-08 23:00:00,NA,1012.6,28,22,NA
2021-02-09 00:00:00,NA,1013,26.5,27,NA
2021-02-10 12:00:00,NA,1011.1,21.9,43,NA
2021-02-10 13:00:00,NA,1010.7,26.6,38,NA
2021-02-10 14:00:00,NA,1009.4,29.2,35,NA
2021-02-10 15:00:00,NA,1008.8,30.2,34,NA
2021-02-10 16:00:00,NA,1008.2,31.7,28,NA
2021-02-10 17:00:00,NA,1007.5,32.3,25,NA
2021-02-10 18:00:00,NA,1006.7,33.1,23,NA
2021-02-10 19:00:00,NA,1005.6,33.8,22,NA
2021-02-10 20:00:00,NA,1004.7,34.5,21,NA
2021-02-10 21:00:00,NA,1003.5,34.9,20,NA
2021-02-10 22:00:00,NA,1002.7,34.6,18,NA
2021-02-10 23:00:00,NA,1002.4,33.4,19,NA
2021-02-11 00:00:00,950.9,NA,31.1,22,NA
2021-02-11 12:00:00,952.4,NA,25.6,43,NA
2021-02-11 13:00:00,952.1,NA,28.3,34,NA
2021-02-11 14:00:00,952.3,NA,29.5,31,NA
2021-02-11 15:00:00,952.3,NA,31.5,25,NA
2021-02-11 16:00:00,952.2,NA,31.8,24,NA
2021-02-11 17:00:00,952.3,NA,30.9,24,NA
2021-02-11 18:00:00,952.1,NA,32.3,20,NA
2021-02-11 19:00:00,952.1,NA,32.7,16,NA
2021-02-11 20:00:00,952.6,NA,31.5,21,NA
2021-02-11 21:00:00,953,NA,30.8,21,NA
2021-02-11 23:00:00,954.6,NA,28.2,29,NA
2021-02-12 12:00:00,NA,1014.4,16.4,67,NA
2021-02-12 13:00:00,NA,1014,18.9,42,NA
2021-02-12 14:00:00,NA,1013.1,20.7,32,NA
2021-02-12 15:00:00,NA,1012.6,22.7,30,NA
2021-02-12 16:00:00,NA,1011.6,24.3,27,NA
2021-02-12 17:00:00,NA,1010.7,26.2,28,NA
2021-02-12 18:00:00,NA,1010,28.5,25,NA
2021-02-12 19:00:00,NA,1008.8,29.3,25,NA
2021-02-12 20:00:00,NA,1007.8,30.1,22,NA
2021-02-12 21:00:00,NA,1006.2,30.5,19,NA
2021-02-12 22:00:00,NA,1005.8,30.3,20,NA
2021-02-12 23:00:00,953.6,NA,29,21,NA
2021-02-13 00:00:00,953.7,NA,27.9,25,NA
2021-02-13 12:00:00,953.4,NA,21.3,32,NA
2021-02-13 13:00:00,953.1,NA,22.7,27,NA
2021-02-13 14:00:00,953.3,NA,25.1,22,NA
2021-02-13 15:00:00,952.7,NA,26.6,16,NA
2021-02-13 16:00:00,952.5,NA,28.1,13,NA
2021-02-13 17:00:00,952.2,NA,28.5,11,NA
2021-02-13 18:00:00,951.8,NA,29.6,12,NA
2021-02-13 19:00:00,951.5,NA,28.5,15,NA
2021-02-13 20:00:00,951.1,NA,28.5,16,NA
2021-02-13 21:00:00,951,NA,28.9,15,NA
2021-02-13 22:00:00,951.1,NA,27.8,17,NA
2021-02-13 23:00:00,952.1,NA,25.1,19,NA
2021-02-14 12:00:00,NA,1012.4,13.8,62,NA
2021-02-14 13:00:00,NA,1013.2,15.5,56,NA
2021-02-14 14:00:00,NA,1013.4,15.7,54,NA
2021-02-14 15:00:00,NA,1013.4,16.9,48,NA
2021-02-14 16:00:00,NA,1013.1,18.8,43,NA
2021-02-14 17:00:00,NA,1013.1,19.2,38,NA
2021-02-14 18:00:00,NA,1013.3,20.8,34,NA
2021-02-14 19:00:00,NA,1011.7,21,31,NA
2021-02-14 20:00:00,NA,1011.7,21,31,NA
2021-02-14 21:00:00,NA,1013.1,21.3,29,NA
2021-02-14 22:00:00,NA,1013.5,21,28,NA
2021-02-14 23:00:00,NA,1013.8,20.6,35,NA
2021-02-15 00:00:00,960.8,NA,18.6,30,NA
2021-02-15 12:00:00,964.8,NA,11,58,NA
2021-02-15 13:00:00,964.5,NA,13.1,50,NA
2021-02-15 14:00:00,963.8,NA,16,37,NA
2021-02-15 15:00:00,963.1,NA,17.5,34,NA
2021-02-15 16:00:00,962.2,NA,19.9,31,NA
2021-02-15 17:00:00,961.1,NA,22.4,26,NA
2021-02-15 18:00:00,959.6,NA,23.5,25,NA
2021-02-15 19:00:00,958.6,NA,24.4,26,NA
2021-02-15 20:00:00,957.6,NA,25.3,25,NA
2021-02-15 21:00:00,957,NA,25.3,25,NA
2021-02-15 22:00:00,956.4,NA,25,26,NA
2021-02-15 23:00:00,956.4,NA,23.7,27,NA
2021-02-16 12:00:00,NA,1009,14.3,52,NA
2021-02-16 13:00:00,NA,1008.4,20.1,39,NA
2021-02-16 14:00:00,NA,1007.6,22.4,32,NA
2021-02-16 15:00:00,NA,1007.2,24.4,29,NA
2021-02-16 16:00:00,NA,1006.7,25.5,23,NA
2021-02-16 17:00:00,NA,1005.8,27,NA,NA
2021-02-16 18:00:00,NA,1005,28.3,18,NA
2021-02-16 19:00:00,NA,1004.3,28.7,18,NA
2021-02-16 20:00:00,NA,1003.6,29.1,18,NA
2021-02-16 21:00:00,NA,1003.8,28.3,18,NA
2021-02-16 22:00:00,NA,1003.9,27.8,20,NA
2021-02-16 23:00:00,NA,1004.2,26.7,20,NA
2021-02-17 00:00:00,952.8,NA,24.4,23,NA
2021-02-17 12:00:00,956.5,NA,13.3,56,NA
2021-02-17 13:00:00,956.2,NA,14.7,50,NA
2021-02-17 14:00:00,955.6,NA,17.2,44,NA
2021-02-17 15:00:00,955.1,NA,19.7,37,NA
2021-02-17 16:00:00,954.4,NA,20.5,35,NA
2021-02-17 17:00:00,953.5,NA,23.5,28,NA
2021-02-17 18:00:00,953.9,NA,23.8,28,NA
2021-02-17 19:00:00,951.7,NA,24.9,27,NA
2021-02-17 20:00:00,951,NA,25.7,26,NA
2021-02-17 21:00:00,950.7,NA,25.4,28,NA
2021-02-17 22:00:00,950.7,NA,24.6,28,NA
2021-02-17 23:00:00,951.1,NA,22.4,31,NA
2021-02-18 12:00:00,NA,1000.2,15.6,50,NA
2021-02-18 13:00:00,NA,1001.1,17.5,45,NA
2021-02-18 14:00:00,NA,1001,18.1,44,NA
2021-02-18 15:00:00,NA,1000.2,19.8,41,NA
2021-02-18 16:00:00,NA,999.5,21.2,38,NA
2021-02-18 17:00:00,NA,1001,17.3,72,NA
2021-02-18 18:00:00,NA,1000.7,18.7,36,NA
2021-02-18 19:00:00,NA,1001,18.6,30,NA
2021-02-18 20:00:00,NA,1002.8,17.8,36,NA
2021-02-18 21:00:00,NA,1004.6,14.9,38,NA
2021-02-18 22:00:00,NA,1007.6,11.5,56,NA
2021-02-18 23:00:00,954.4,NA,12.1,51,NA
2021-02-19 00:00:00,955.4,NA,11.5,43,NA
2021-02-19 12:00:00,962.6,NA,9.5,55,NA
2021-02-19 13:00:00,962.3,NA,10.5,48,NA
2021-02-19 14:00:00,962.2,NA,12,46,NA
2021-02-19 15:00:00,961.7,NA,12.7,46,NA
2021-02-19 16:00:00,960.8,NA,14.8,39,NA
2021-02-19 17:00:00,960,NA,17.2,34,NA
2021-02-19 18:00:00,959.5,NA,17.7,32,NA
2021-02-19 19:00:00,959.2,NA,18.8,32,NA
2021-02-19 20:00:00,959.2,NA,18.8,34,NA
2021-02-19 21:00:00,959.4,NA,18.1,35,NA
2021-02-19 22:00:00,959.6,NA,17.5,36,NA
2021-02-19 23:00:00,959.9,NA,16.5,40,NA
2021-02-20 12:00:00,NA,1014,12.1,57,NA
2021-02-20 13:00:00,NA,1013,13.7,53,NA
2021-02-20 14:00:00,NA,1012.3,15.3,48,NA
2021-02-20 15:00:00,NA,1011.9,17.6,41,NA
2021-02-20 16:00:00,NA,1010.4,19.9,35,NA
2021-02-20 17:00:00,NA,1008.7,21.3,31,NA
2021-02-20 18:00:00,NA,1007.9,23.1,28,NA
2021-02-20 19:00:00,NA,1006.7,23.6,23,NA
2021-02-20 20:00:00,NA,1006,24.3,22,NA
2021-02-20 21:00:00,NA,1005.8,24.5,22,NA
2021-02-20 22:00:00,NA,1005.8,23.3,24,NA
2021-02-20 23:00:00,NA,1006,21.7,25,NA
2021-02-21 00:00:00,954.4,NA,19.2,28,NA
2021-02-21 12:00:00,950.8,NA,13,44,NA
2021-02-21 13:00:00,950.8,NA,13.7,44,NA
2021-02-21 14:00:00,949.9,NA,18.8,36,NA
2021-02-21 15:00:00,949.1,NA,20.6,31,NA
2021-02-21 16:00:00,949.9,NA,16.5,57,NA
2021-02-21 17:00:00,949.2,NA,19,28,NA
2021-02-21 19:00:00,949.7,NA,18.3,27,NA
2021-02-21 20:00:00,949.9,NA,18.1,29,NA
2021-02-21 21:00:00,950.9,NA,17.6,29,NA
2021-02-21 22:00:00,951.8,NA,16.5,31,NA
2021-02-21 23:00:00,952.5,NA,15.2,37,NA
2021-02-22 12:00:00,NA,1010.6,10.2,58,NA
2021-02-22 13:00:00,NA,1011,12.2,50,NA
2021-02-22 14:00:00,NA,1011.1,14.6,42,NA
2021-02-22 15:00:00,NA,1010.7,16.2,39,NA
2021-02-22 16:00:00,NA,1010.4,18.4,35,NA
2021-02-22 17:00:00,NA,1009.8,20.2,32,NA
2021-02-22 18:00:00,NA,1009.4,21.5,31,NA
2021-02-22 19:00:00,NA,1009,22.5,24,NA
2021-02-22 20:00:00,NA,1008.4,22.6,25,NA
2021-02-22 21:00:00,NA,1008.4,22.4,26,NA
2021-02-22 22:00:00,NA,1009,22.3,25,NA
2021-02-22 23:00:00,NA,1009.4,20.5,30,NA
2021-02-23 00:00:00,956.7,NA,17.5,36,NA
2021-02-23 12:00:00,962,NA,15.2,50,NA
2021-02-23 13:00:00,962.2,NA,17.3,45,NA
2021-02-23 14:00:00,962.2,NA,18.8,43,NA
2021-02-23 15:00:00,962,NA,21.1,37,NA
2021-02-23 16:00:00,961.8,NA,22.1,34,NA
2021-02-23 17:00:00,961.1,NA,23.9,31,NA
2021-02-23 18:00:00,960.4,NA,25.2,27,NA
2021-02-23 19:00:00,959.8,NA,26.7,24,NA
2021-02-23 20:00:00,959.1,NA,27.8,22,NA
2021-02-23 21:00:00,958.6,NA,27.9,21,NA
2021-02-23 23:00:00,958.5,NA,26.9,22,NA
2021-02-24 12:00:00,NA,1009.2,21.8,31,NA
2021-02-24 13:00:00,NA,1008.4,23.3,27,NA
2021-02-24 14:00:00,NA,1008.7,25.5,22,NA
2021-02-24 15:00:00,NA,1008.4,27.5,17,NA
2021-02-24 16:00:00,NA,1007.6,30.7,13,NA
2021-02-24 17:00:00,NA,1007,32.1,11,NA
2021-02-24 18:00:00,NA,1006.3,32.6,13,NA
2021-02-24 19:00:00,NA,1006,33,11,NA
2021-02-24 20:00:00,NA,1005.1,33.3,13,NA
2021-02-24 21:00:00,NA,1005.4,33.6,11,NA
2021-02-24 22:00:00,NA,1005.5,32.7,12,NA
2021-02-24 23:00:00,NA,1005.6,31.1,15,NA
2021-02-25 00:00:00,955.4,NA,28,19,NA
2021-02-25 12:00:00,958.3,NA,21.7,32,NA
2021-02-25 13:00:00,958,NA,24.6,28,NA
2021-02-25 14:00:00,957.8,NA,25.9,24,NA
2021-02-25 15:00:00,957.1,NA,27,20,NA
2021-02-25 16:00:00,956.2,NA,29.6,17,NA
2021-02-25 17:00:00,955,NA,30.9,15,NA
2021-02-25 18:00:00,954.3,NA,32.5,13,NA
2021-02-25 19:00:00,953.5,NA,32.2,11,NA
2021-02-25 20:00:00,952.5,NA,33.6,10,NA
2021-02-25 21:00:00,951.9,NA,33,11,NA
2021-02-25 23:00:00,951.3,NA,31.8,11,NA
2021-02-26 12:00:00,NA,1006.6,21.1,25,NA
2021-02-26 13:00:00,NA,1006.7,23.3,22,NA
2021-02-26 14:00:00,NA,1006.6,25.8,19,NA
2021-02-26 15:00:00,NA,1006.8,26.7,19,NA
2021-02-26 16:00:00,NA,1007.2,29.5,17,NA
2021-02-26 17:00:00,NA,1007.1,30.1,17,NA
2021-02-26 18:00:00,NA,1007.5,30.1,19,NA
2021-02-26 19:00:00,NA,1007,31.3,17,NA
2021-02-26 20:00:00,NA,1006.8,32.4,16,NA
2021-02-26 21:00:00,NA,1007,30.9,19,NA
2021-02-26 22:00:00,NA,1007.2,29.9,20,NA
2021-02-26 23:00:00,955.8,NA,29.3,20,NA
2021-02-27 00:00:00,956.8,NA,27.5,22,NA
2021-02-27 12:00:00,958.9,NA,17.8,70,NA
2021-02-27 13:00:00,958.6,NA,19.4,65,NA
2021-02-27 14:00:00,958.3,NA,21.5,58,NA
2021-02-27 15:00:00,957.4,NA,23.4,52,NA
2021-02-27 16:00:00,956.4,NA,26.1,41,NA
2021-02-27 17:00:00,955.5,NA,28.6,35,NA
2021-02-27 18:00:00,954.3,NA,29.4,29,NA
2021-02-27 19:00:00,953.4,NA,28.9,31,NA
2021-02-27 20:00:00,953,NA,25.2,67,NA
2021-02-27 21:00:00,951.9,NA,26.1,57,NA
2021-02-27 22:00:00,951.7,NA,26.4,53,NA
2021-02-27 23:00:00,951.9,NA,26.2,51,NA
2021-02-28 12:00:00,NA,1009.9,16.7,40,NA
2021-02-28 13:00:00,NA,1010.4,18.3,36,NA
2021-02-28 14:00:00,NA,1010.6,19.1,34,NA
2021-02-28 15:00:00,NA,1010.3,22.9,29,NA
2021-02-28 16:00:00,NA,1009,25,25,NA
2021-02-28 17:00:00,NA,1007.8,27,24,NA
2021-02-28 18:00:00,NA,1007.9,26.8,24,NA
2021-02-28 19:00:00,NA,1007.5,26.7,21,NA
2021-02-28 20:00:00,NA,1006.8,28.5,23,NA
2021-02-28 21:00:00,NA,1006.3,28.5,24,NA
2021-02-28 22:00:00,NA,1006.2,28.4,26,NA
2021-02-28 23:00:00,NA,1006.3,27.3,30,NA
2021-03-01 00:00:00,NA,1007.2,25.8,34,NA
2021-03-02 12:00:00,NA,1016,11.4,99,NA
2021-03-02 13:00:00,NA,1015.9,11.6,98,NA
2021-03-02 14:00:00,NA,1015.9,12.2,99,NA
2021-03-02 15:00:00,NA,1015.8,12.7,99,NA
2021-03-02 16:00:00,NA,1015.6,13.5,97,NA
2021-03-02 17:00:00,961.8,1015.2,14.1,92,NA
2021-03-02 18:00:00,NA,1015.8,14.9,89,NA
2021-03-02 19:00:00,961.4,1015.4,15.9,85,NA
2021-03-02 20:00:00,961,1014.3,17,77,NA
2021-03-02 21:00:00,961.2,1015.2,16.7,79,NA
2021-03-02 22:00:00,NA,1015.5,16.7,78,NA
2021-03-02 23:00:00,961.6,1015.4,16.7,79,NA
2021-03-03 00:00:00,NA,1016.2,16.1,83,NA
2021-03-04 00:00:00,961.8,NA,NA,NA,NA
2021-03-04 12:00:00,966,1019.6,14.2,89,NA
2021-03-04 13:00:00,966.4,1020,15.4,78,NA
2021-03-04 14:00:00,966.3,1019.9,16.8,69,NA
2021-03-04 15:00:00,966,1019.4,18,56,NA
2021-03-04 16:00:00,965.5,1018.8,20.5,50,NA
2021-03-04 17:00:00,964.8,1018.2,21.1,43,NA
2021-03-04 18:00:00,964.3,1017.5,22.9,36,NA
2021-03-04 19:00:00,963.6,1016.8,22.8,38,NA
2021-03-04 20:00:00,962.7,1015.9,23.4,34,NA
2021-03-04 21:00:00,962.2,1015.4,23.5,36,NA
2021-03-04 22:00:00,961.6,1014.8,23.1,38,NA
2021-03-04 23:00:00,961.4,1014.6,22.1,40,NA
2021-03-05 00:00:00,NA,1014.2,19.7,50,NA
2021-03-06 00:00:00,947.7,NA,NA,NA,NA
2021-03-06 12:00:00,950.1,1002.4,22.2,13,NA
2021-03-06 13:00:00,950.2,1002,23.7,18,NA
2021-03-06 14:00:00,950.7,1002.2,24.2,31,NA
2021-03-06 15:00:00,950.6,1002.3,25.5,33,NA
2021-03-06 16:00:00,950.7,1002.2,24.8,33,NA
2021-03-06 17:00:00,950.7,1002.3,26,31,NA
2021-03-06 18:00:00,951.1,1002.7,26.9,30,NA
2021-03-06 19:00:00,951.1,1002.6,25.2,30,NA
2021-03-06 20:00:00,951,1002.4,27.6,24,NA
2021-03-06 21:00:00,951.1,1002.6,27.1,23,NA
2021-03-06 22:00:00,951.4,1003.2,25.3,24,NA
2021-03-06 23:00:00,951.5,1003.4,23.9,29,NA
2021-03-07 00:00:00,NA,1003.2,22.5,34,NA
2021-03-08 00:00:00,956.4,NA,NA,NA,NA
2021-03-08 12:00:00,962.3,1015.8,13.3,39,NA
2021-03-08 13:00:00,962.1,1015.5,15.6,30,NA
2021-03-08 14:00:00,961.7,1015.1,17.3,23,NA
2021-03-08 15:00:00,961.6,1015.1,18.7,19,NA
2021-03-08 16:00:00,960.8,1014,20.6,17,NA
2021-03-08 17:00:00,959.9,1013.1,22.5,15,NA
2021-03-08 18:00:00,959.1,1012,24.6,14,NA
2021-03-08 19:00:00,958,1011,23.9,16,NA
2021-03-08 20:00:00,957.4,1009.9,24.5,17,NA
2021-03-08 21:00:00,957.1,1009.6,24.2,17,NA
2021-03-08 22:00:00,956.7,1009.2,24.6,18,NA
2021-03-08 23:00:00,956.7,1009.6,23.9,20,NA
2021-03-09 00:00:00,NA,1009.8,20.5,28,NA
2021-03-10 00:00:00,944.6,NA,NA,NA,NA
2021-03-10 12:00:00,941.7,992.7,18.7,55,NA
2021-03-10 13:00:00,941.6,992.6,20.5,42,NA
2021-03-10 14:00:00,941.6,992.6,19.6,42,NA
2021-03-10 15:00:00,941.9,992.8,19.9,34,NA
2021-03-10 16:00:00,942.9,993.9,18.3,35,NA
2021-03-10 17:00:00,942.2,993.1,18.2,36,NA
2021-03-10 18:00:00,942.2,994,19.4,32,NA
2021-03-10 19:00:00,943.9,995.8,17.8,33,NA
2021-03-10 20:00:00,945.8,997.9,14.8,43,NA
2021-03-10 21:00:00,946.6,998.7,15.3,28,NA
2021-03-10 22:00:00,948.1,1001,12.6,31,NA
2021-03-10 23:00:00,948.9,1001.8,10.7,39,NA
2021-03-11 00:00:00,NA,1003.8,9.8,41,NA
2021-03-12 00:00:00,956.9,NA,NA,NA,NA
2021-03-12 12:00:00,959.2,1012.4,13.8,51,NA
2021-03-12 13:00:00,959.1,1012.3,16.7,37,NA
2021-03-12 14:00:00,959.5,1012.7,18.7,31,NA
2021-03-12 15:00:00,959.2,1012.4,20.6,28,NA
2021-03-12 16:00:00,958.6,1011.8,23.8,22,NA
2021-03-12 17:00:00,958.3,1011.5,24.5,19,NA
2021-03-12 18:00:00,957.6,1009.8,26.3,18,NA
2021-03-12 19:00:00,957,1009.1,27.3,16,NA
2021-03-12 20:00:00,956.4,1008.6,27.6,15,NA
2021-03-12 21:00:00,955.9,1008,27.9,17,NA
2021-03-12 22:00:00,955.9,1008.4,26.7,21,NA
2021-03-12 23:00:00,956.4,1009,25.3,23,NA
2021-03-13 00:00:00,NA,1010,20,31,NA
2021-03-14 12:00:00,NA,1018.8,9.4,78,NA
2021-03-14 13:00:00,NA,1019,10.7,76,NA
2021-03-14 14:00:00,NA,1018.4,12.8,71,NA
2021-03-14 15:00:00,NA,1017.5,15.2,62,NA
2021-03-14 16:00:00,NA,1015.6,18.1,49,NA
2021-03-14 17:00:00,NA,1013.8,20.2,41,NA
2021-03-14 18:00:00,NA,1012.3,22.6,32,NA
2021-03-14 19:00:00,NA,1011.4,23.4,31,NA
2021-03-14 20:00:00,NA,1010.3,23.6,30,NA
2021-03-14 21:00:00,NA,1009.5,24.1,29,NA
2021-03-14 22:00:00,NA,1008.8,23.2,32,NA
2021-03-14 23:00:00,NA,1008.6,20.7,39,NA
2021-03-15 00:00:00,NA,1008.3,18.8,44,NA
2021-03-15 12:00:00,953.5,NA,15.6,42,NA
2021-03-15 13:00:00,953.2,NA,20.2,26,NA
2021-03-15 14:00:00,953.6,NA,19.3,25,NA
2021-03-15 15:00:00,953.8,NA,21.5,24,NA
2021-03-15 16:00:00,953.7,NA,22.1,28,NA
2021-03-15 17:00:00,953.1,NA,21.7,29,NA
2021-03-15 18:00:00,952.9,NA,23.4,27,NA
2021-03-16 12:00:00,NA,1015.6,11.3,46,NA
2021-03-16 13:00:00,NA,1016.6,12.7,42,NA
2021-03-16 14:00:00,NA,1017.2,13.7,43,NA
2021-03-16 15:00:00,NA,1018.2,13.8,56,NA
2021-03-16 16:00:00,NA,1019.2,13,65,NA
2021-03-16 17:00:00,NA,1019.9,13,62,NA
2021-03-16 18:00:00,NA,1021,11.9,77,NA
2021-03-16 19:00:00,NA,1021.4,12.1,65,NA
2021-03-16 20:00:00,NA,1022,11.3,70,NA
2021-03-16 21:00:00,NA,1022.6,10.3,84,NA
2021-03-16 22:00:00,NA,1023.2,10.2,78,NA
2021-03-16 23:00:00,NA,1024,9.5,76,NA
2021-03-17 00:00:00,970.3,NA,8.9,77,NA
2021-03-17 12:00:00,974.1,NA,2.6,90,NA
2021-03-18 12:00:00,NA,1014.4,9.4,49,NA
2021-03-18 13:00:00,NA,1014,11.1,42,NA
2021-03-18 14:00:00,NA,1013.1,14.1,36,NA
2021-03-18 15:00:00,NA,1012.3,17.3,36,NA
2021-03-18 16:00:00,NA,1011,18.9,31,NA
2021-03-18 17:00:00,NA,1009.8,21,30,NA
2021-03-18 18:00:00,NA,1008.8,22.9,24,NA
2021-03-18 19:00:00,NA,1007.6,23.4,24,NA
2021-03-18 20:00:00,NA,1006.7,22.9,25,NA
2021-03-18 21:00:00,NA,1006.2,23.3,23,NA
2021-03-18 22:00:00,NA,1005.8,22.5,21,NA
2021-03-18 23:00:00,NA,1005.8,19.9,27,NA
2021-03-19 00:00:00,952.3,NA,18.3,27,NA
2021-03-19 12:00:00,950.1,NA,13.3,38,NA
2021-03-19 13:00:00,949.7,NA,15.3,30,NA
2021-03-19 14:00:00,949.3,NA,16.7,27,NA
2021-03-19 15:00:00,949,NA,19.1,25,NA
2021-03-19 16:00:00,948.3,NA,21,21,NA
2021-03-19 17:00:00,947.4,NA,22.6,17,NA
2021-03-19 18:00:00,946.6,NA,24,16,NA
2021-03-19 19:00:00,946.1,NA,24.4,18,NA
2021-03-19 20:00:00,945.7,NA,24.1,15,NA
2021-03-19 21:00:00,946.1,NA,23.5,15,NA
2021-03-19 22:00:00,947.1,NA,20.3,23,NA
2021-03-19 23:00:00,947.9,NA,18.3,25,NA
2021-03-20 12:00:00,NA,1011.6,12,53,NA
2021-03-20 13:00:00,NA,1012.6,14.3,44,NA
2021-03-20 14:00:00,NA,1013.2,15.9,43,NA
2021-03-20 15:00:00,NA,1013.8,17.3,35,NA
2021-03-20 16:00:00,NA,1014,19.2,31,NA
2021-03-20 17:00:00,NA,1014.2,19.9,28,NA
2021-03-20 18:00:00,NA,1014,20.8,29,NA
2021-03-20 19:00:00,NA,1013.2,22,23,NA
2021-03-20 20:00:00,NA,1013.9,22.8,24,NA
2021-03-20 21:00:00,NA,1014.4,22.4,26,NA
2021-03-20 22:00:00,NA,1015.6,21.5,29,NA
2021-03-20 23:00:00,NA,1016,19.6,33,NA
2021-03-21 00:00:00,963.6,NA,17.1,37,NA
2021-03-21 12:00:00,964.7,NA,10.4,66,NA
2021-03-21 13:00:00,964.8,NA,13.9,53,NA
2021-03-21 14:00:00,964.3,NA,16,48,NA
2021-03-21 15:00:00,963.4,NA,19.9,31,NA
2021-03-21 16:00:00,962.4,NA,21.8,26,NA
2021-03-21 17:00:00,961.5,NA,24.4,22,NA
2021-03-21 18:00:00,960.4,NA,25,23,NA
2021-03-21 19:00:00,959.8,NA,26.5,15,NA
2021-03-21 20:00:00,959.1,NA,27.4,14,NA
2021-03-21 21:00:00,958.7,NA,26.8,13,NA
2021-03-21 22:00:00,958.6,NA,26.4,12,NA
2021-03-21 23:00:00,958.8,NA,22.6,17,NA
2021-03-22 12:00:00,NA,1012.8,14.4,38,NA
2021-03-22 13:00:00,NA,1012.2,17.9,28,NA
2021-03-22 14:00:00,NA,1012.4,19.8,26,NA
2021-03-22 15:00:00,NA,1012.2,20.5,24,NA
2021-03-22 16:00:00,NA,1011.6,23.2,18,NA
2021-03-22 17:00:00,NA,1011.4,23.3,19,NA
2021-03-22 18:00:00,NA,1010.3,25.8,15,NA
2021-03-22 19:00:00,NA,1010,26.5,16,NA
2021-03-22 20:00:00,NA,1009.5,26.8,18,NA
2021-03-22 21:00:00,NA,1009,26.6,20,NA
2021-03-22 22:00:00,NA,1008.8,25.7,20,NA
2021-03-22 23:00:00,NA,1009,21.3,29,NA
2021-03-23 00:00:00,956.8,NA,20.1,30,NA
2021-03-23 12:00:00,952.6,NA,17.5,33,NA
2021-03-23 13:00:00,952.9,NA,16.4,33,NA
2021-03-23 14:00:00,953,NA,18,33,NA
2021-03-23 15:00:00,953.1,NA,19.9,32,NA
2021-03-23 16:00:00,952.9,NA,20.7,29,NA
2021-03-23 17:00:00,953.3,NA,21.6,27,NA
2021-03-23 18:00:00,953.3,NA,22.4,21,NA
2021-03-23 19:00:00,953.5,NA,21.8,22,NA
2021-03-23 20:00:00,953.4,NA,21.9,22,NA
2021-03-23 21:00:00,954.2,NA,19.8,30,NA
2021-03-23 22:00:00,955.1,NA,18.9,27,NA
2021-03-23 23:00:00,955.9,NA,16.9,25,NA
2021-03-24 12:00:00,NA,1017.2,8.1,45,NA
2021-03-24 13:00:00,NA,1017.9,10.3,37,NA
2021-03-24 14:00:00,NA,1017.5,12.2,32,NA
2021-03-24 15:00:00,NA,1018.2,14,28,NA
2021-03-24 16:00:00,NA,1017.6,16,27,NA
2021-03-24 17:00:00,NA,1017.2,16.7,23,NA
2021-03-24 18:00:00,NA,1015.9,19.5,22,NA
2021-03-24 19:00:00,NA,1015.4,19.3,17,NA
2021-03-24 20:00:00,NA,1015.2,19,15,NA
2021-03-24 21:00:00,NA,1015.4,19.6,14,NA
2021-03-24 22:00:00,NA,1015.9,18.7,15,NA
2021-03-24 23:00:00,NA,1016.2,14.6,19,NA
2021-03-25 00:00:00,963,NA,13,19,NA
2021-03-25 12:00:00,965.1,NA,3.6,37,NA
2021-03-25 13:00:00,965.2,NA,8.4,29,NA
2021-03-25 14:00:00,965.1,NA,16.4,21,NA
2021-03-25 15:00:00,964.7,NA,19.4,15,NA
2021-03-25 16:00:00,963.9,NA,20.6,12,NA
2021-03-25 17:00:00,963.6,NA,22.3,13,NA
2021-03-25 18:00:00,963,NA,22.5,9,NA
2021-03-25 19:00:00,962.7,NA,22.9,8,NA
2021-03-25 20:00:00,962.1,NA,23.7,8,NA
2021-03-25 21:00:00,961.8,NA,23.5,8,NA
2021-03-25 22:00:00,961.9,NA,22.4,10,NA
2021-03-25 23:00:00,962.4,NA,17.9,13,NA
2021-03-26 12:00:00,NA,1020.3,12,35,NA
2021-03-26 13:00:00,NA,1020,14.4,29,NA
2021-03-26 14:00:00,NA,1020.2,15.3,33,NA
2021-03-26 15:00:00,NA,1020,16.5,35,NA
2021-03-26 16:00:00,NA,1019.4,18.6,32,NA
2021-03-26 17:00:00,NA,1019.1,20.1,30,NA
2021-03-26 18:00:00,NA,1017.9,21.7,27,NA
2021-03-26 19:00:00,NA,1017.4,21.4,29,NA
2021-03-26 20:00:00,NA,1017.1,22,23,NA
2021-03-26 21:00:00,NA,1016.7,22.3,22,NA
2021-03-26 22:00:00,NA,1016.4,21.6,25,NA
2021-03-26 23:00:00,NA,1017.4,16.6,29,NA
2021-03-27 00:00:00,963.5,NA,17.3,29,NA
2021-03-27 12:00:00,963.1,NA,11.5,55,NA
2021-03-27 13:00:00,963.2,NA,12.9,50,NA
2021-03-27 14:00:00,963,NA,15.5,43,NA
2021-03-27 15:00:00,962.7,NA,17.6,36,NA
2021-03-27 16:00:00,962,NA,19.6,27,NA
2021-03-27 17:00:00,961.1,NA,21,25,NA
2021-03-27 18:00:00,960,NA,22.9,20,NA
2021-03-27 19:00:00,959.2,NA,23.4,21,NA
2021-03-27 20:00:00,958.6,NA,24.4,44,NA
2021-03-27 21:00:00,958.2,NA,24.3,21,NA
2021-03-27 22:00:00,958.2,NA,23.7,22,NA
2021-03-27 23:00:00,958.7,NA,20.5,35,NA
2021-03-28 12:00:00,NA,1013.5,14.2,57,NA
2021-03-28 13:00:00,NA,1014.2,15.1,54,NA
2021-03-28 14:00:00,NA,1013.9,18.5,44,NA
2021-03-28 15:00:00,NA,1014,19.9,41,NA
2021-03-28 16:00:00,NA,1013,21.5,36,NA
2021-03-28 17:00:00,NA,1012.7,23.1,34,NA
2021-03-28 18:00:00,NA,1012.2,22.5,32,NA
2021-03-28 19:00:00,NA,1011.8,24.2,30,NA
2021-03-28 20:00:00,NA,1011.4,24.6,28,NA
2021-03-28 21:00:00,NA,1011.1,25.5,26,NA
2021-03-28 22:00:00,NA,1011.1,24.6,29,NA
2021-03-28 23:00:00,959.2,NA,19.9,38,NA
2021-03-29 00:00:00,960,NA,19.3,41,NA
2021-03-29 12:00:00,962.5,NA,8.7,62,NA
2021-03-29 13:00:00,962.4,NA,12.8,59,NA
2021-03-29 14:00:00,962.2,NA,16.7,48,NA
2021-03-29 15:00:00,961.9,NA,18.6,45,NA
2021-03-29 16:00:00,961.2,NA,20.7,38,NA
2021-03-29 17:00:00,960.4,NA,22.7,32,NA
2021-03-29 18:00:00,959.5,NA,24.7,27,NA
2021-03-29 19:00:00,959,NA,25.6,25,NA
2021-03-29 20:00:00,958.6,NA,25.7,26,NA
2021-03-29 21:00:00,958.2,NA,25.4,26,NA
2021-03-29 22:00:00,958.3,NA,24.8,26,NA
2021-03-29 23:00:00,958.4,NA,22.2,29,NA
2021-03-30 12:00:00,NA,1011.5,9.6,51,NA
2021-03-30 13:00:00,NA,1011.4,17,27,NA
2021-03-30 14:00:00,NA,1011.1,20.6,32,NA
2021-03-30 15:00:00,NA,1011.4,21.8,34,NA
2021-03-30 16:00:00,NA,1011.4,22.7,37,NA
2021-03-30 17:00:00,NA,1011,25.6,30,NA
2021-03-30 18:00:00,NA,1010.3,25.5,30,NA
2021-03-30 19:00:00,NA,1010.4,26.2,30,NA
2021-03-30 20:00:00,NA,1009.9,26.5,31,NA
2021-03-30 21:00:00,NA,1010.3,26,28,NA
2021-03-30 22:00:00,NA,1011.5,24.8,28,NA
2021-03-30 23:00:00,NA,1012.3,22,34,NA
2021-03-31 00:00:00,959.6,NA,20.2,41,NA
2021-03-31 17:00:00,967.1,NA,11.1,93,NA
2021-03-31 18:00:00,967.3,NA,11.3,90,NA
2021-03-31 19:00:00,966.7,NA,11,93,NA
2021-03-31 20:00:00,965.8,NA,11.3,91,NA
2021-03-31 21:00:00,966.2,NA,11.2,92,NA
2021-03-31 23:00:00,966.3,NA,11.2,94,NA
2021-04-01 12:00:00,NA,1016.6,9.1,98,NA
2021-04-01 13:00:00,NA,1017,9.2,100,NA
2021-04-01 14:00:00,NA,1015.8,9.8,99,NA
2021-04-01 15:00:00,NA,1014.8,10,99,NA
2021-04-01 16:00:00,NA,1014.6,10.7,97,NA
2021-04-01 17:00:00,NA,1014.6,11.6,92,NA
2021-04-01 18:00:00,NA,1014,11.5,92,NA
2021-04-01 19:00:00,NA,1013.6,11.7,94,NA
2021-04-01 20:00:00,NA,1013,12,92,NA
2021-04-01 21:00:00,NA,1013,12.1,92,NA
2021-04-01 22:00:00,NA,1013.2,11.7,94,NA
2021-04-01 23:00:00,NA,1013.4,11.6,98,NA
2021-04-02 00:00:00,959.4,NA,11.5,99,NA
2021-04-02 12:00:00,960.3,NA,9.9,100,NA
2021-04-02 13:00:00,960.6,NA,12.3,89,NA
2021-04-02 14:00:00,960.3,NA,14.8,79,NA
2021-04-02 15:00:00,960.2,NA,16.6,72,NA
2021-04-02 16:00:00,960,NA,17.4,64,NA
2021-04-02 17:00:00,959.6,NA,18.9,53,NA
2021-04-02 18:00:00,959.1,NA,19.7,49,NA
2021-04-02 19:00:00,958.6,NA,20.6,49,NA
2021-04-02 20:00:00,958.2,NA,21.2,45,NA
2021-04-02 21:00:00,958,NA,20.5,49,NA
2021-04-02 23:00:00,958.3,NA,16.1,70,NA
2021-04-03 12:00:00,NA,1011.8,12.6,70,NA
2021-04-03 13:00:00,NA,1011.4,13.2,63,NA
2021-04-03 14:00:00,NA,1010.3,15.5,58,NA
2021-04-03 15:00:00,NA,1010.6,17.7,51,NA
2021-04-03 16:00:00,NA,1009.5,19.4,32,NA
2021-04-03 17:00:00,NA,1009.1,21.1,31,NA
2021-04-03 18:00:00,NA,1008,23.4,29,NA
2021-04-03 19:00:00,NA,1007.5,23.7,27,NA
2021-04-03 20:00:00,NA,1007.6,23.9,28,NA
2021-04-03 21:00:00,NA,1007.5,23.5,29,NA
2021-04-03 22:00:00,NA,1007.5,21.8,35,NA
2021-04-03 23:00:00,955.4,NA,19.3,40,NA
2021-04-04 00:00:00,955.4,NA,18.5,42,NA
2021-04-04 12:00:00,952.5,NA,14.8,52,NA
2021-04-04 13:00:00,952.6,NA,16.7,48,NA
2021-04-04 14:00:00,952.3,NA,18.1,46,NA
2021-04-04 15:00:00,952,NA,20.7,42,NA
2021-04-04 16:00:00,951.3,NA,22.7,36,NA
2021-04-04 17:00:00,950.8,NA,23.8,33,NA
2021-04-04 18:00:00,950.2,NA,24.5,37,NA
2021-04-04 19:00:00,949.5,NA,26.5,18,NA
2021-04-04 20:00:00,949.5,NA,26.3,15,NA
2021-04-04 21:00:00,949.7,NA,25.3,15,NA
2021-04-04 22:00:00,949.9,NA,24.3,19,NA
2021-04-04 23:00:00,950.3,NA,18.9,32,NA
2021-04-05 12:00:00,NA,1011.5,8.5,75,NA
2021-04-05 13:00:00,NA,1012.2,10.9,69,NA
2021-04-05 14:00:00,NA,1012.6,12.7,72,NA
2021-04-05 15:00:00,NA,1012.8,13,71,NA
2021-04-05 16:00:00,NA,1012.8,14.1,67,NA
2021-04-05 17:00:00,NA,1012.4,15.1,63,NA
2021-04-05 18:00:00,NA,1011.9,15.7,59,NA
2021-04-05 19:00:00,NA,1011.4,15.8,60,NA
2021-04-05 20:00:00,NA,1011.5,16.6,61,NA
2021-04-05 21:00:00,NA,1011.8,16.3,61,NA
2021-04-05 22:00:00,NA,1012.3,16,54,NA
2021-04-05 23:00:00,NA,1012.6,15.3,65,NA
2021-04-06 00:00:00,959.1,NA,13.9,74,NA
2021-04-06 12:00:00,955.6,NA,12.2,100,NA
2021-04-06 13:00:00,955.4,NA,12.2,100,NA
2021-04-06 14:00:00,956,NA,12.6,100,NA
2021-04-06 15:00:00,955.4,NA,13.8,94,NA
2021-04-06 16:00:00,954.1,NA,14.4,91,NA
2021-04-06 17:00:00,953.9,NA,15.5,87,NA
2021-04-06 18:00:00,953.3,NA,16.6,77,NA
2021-04-06 19:00:00,953.1,NA,17.7,69,NA
2021-04-06 20:00:00,952.7,NA,18.1,65,NA
2021-04-06 21:00:00,952.9,NA,20.1,51,NA
2021-04-06 22:00:00,953.3,NA,18.3,49,NA
2021-04-06 23:00:00,953.3,NA,15.7,55,NA
2021-04-07 12:00:00,NA,1007.1,8.9,81,NA
2021-04-07 13:00:00,NA,1007,13.6,56,NA
2021-04-07 14:00:00,NA,1006.8,16.2,41,NA
2021-04-07 15:00:00,NA,1006,17.7,37,NA
2021-04-07 16:00:00,NA,1005.8,19,30,NA
2021-04-07 17:00:00,NA,1005.4,19.8,29,NA
2021-04-07 18:00:00,NA,1004,20.4,27,NA
2021-04-07 19:00:00,NA,1003.5,20.7,26,NA
2021-04-07 20:00:00,NA,1004,19.4,28,NA
2021-04-07 21:00:00,NA,1005,18.9,31,NA
2021-04-07 22:00:00,NA,1005.6,17.8,35,NA
2021-04-07 23:00:00,NA,1006.7,15.9,43,NA
2021-04-08 00:00:00,NA,1007.2,15.1,46,NA
2021-04-08 15:00:00,956,NA,14.4,52,NA
2021-04-08 16:00:00,955.6,NA,15.5,46,NA
2021-04-08 17:00:00,955,NA,17.2,40,NA
2021-04-08 18:00:00,954.8,NA,16.3,40,NA
2021-04-08 20:00:00,955.6,NA,11.4,83,NA
2021-04-08 21:00:00,955.2,NA,11.7,84,NA
2021-04-09 12:00:00,NA,1017.8,8.4,88,NA
2021-04-09 13:00:00,NA,1017.9,10,80,NA
2021-04-09 14:00:00,NA,1018.3,10.9,74,NA
2021-04-09 15:00:00,NA,1018.4,11.5,71,NA
2021-04-09 16:00:00,NA,1018.7,11.8,70,NA
2021-04-09 17:00:00,NA,1018.7,11.3,73,NA
2021-04-09 18:00:00,NA,1018,12,70,NA
2021-04-09 19:00:00,NA,1017.8,12.3,67,NA
2021-04-09 20:00:00,NA,1017.8,12.7,64,NA
2021-04-09 21:00:00,NA,1017.9,12.7,66,NA
2021-04-09 22:00:00,NA,1018,12.2,72,NA
2021-04-09 23:00:00,NA,1018.4,9.4,82,NA
2021-04-10 00:00:00,NA,1018.8,8.7,82,NA
2021-04-11 12:00:00,NA,1010,13.5,59,NA
2021-04-11 13:00:00,NA,1010,14.8,53,NA
2021-04-11 14:00:00,NA,1009.6,17.5,46,NA
2021-04-11 15:00:00,NA,1008.8,18.7,45,NA
2021-04-11 16:00:00,NA,1008.4,20.1,44,NA
2021-04-11 17:00:00,NA,1007,19.1,47,NA
2021-04-11 18:00:00,NA,1005.8,21.9,40,NA
2021-04-11 19:00:00,NA,1005.1,23.6,36,NA
2021-04-11 20:00:00,NA,1003.6,24.1,35,NA
2021-04-11 21:00:00,NA,1004,22.9,39,NA
2021-04-11 22:00:00,NA,1004.6,21.1,44,NA
2021-04-11 23:00:00,NA,1005.2,19.3,40,NA
2021-04-12 00:00:00,NA,1005.2,18.5,52,NA
2021-04-13 12:00:00,NA,1013.6,14.3,62,NA
2021-04-13 13:00:00,961.3,1014,17.7,53,NA
2021-04-13 14:00:00,961.2,1014,19.8,40,NA
2021-04-13 15:00:00,960.9,1013.6,21.5,35,NA
2021-04-13 16:00:00,960.1,1012.8,22.4,36,NA
2021-04-13 17:00:00,959.1,1011.9,23.5,35,NA
2021-04-13 18:00:00,957.8,1010.3,24.6,32,NA
2021-04-13 19:00:00,956.8,1009,25.2,30,NA
2021-04-13 20:00:00,956.3,1008.4,24.9,31,NA
2021-04-13 21:00:00,955.5,1008,24.6,30,NA
2021-04-13 22:00:00,954.9,1007.8,21.8,33,NA
2021-04-13 23:00:00,954.7,1008,18.8,43,NA
2021-04-14 00:00:00,NA,1007,19.8,38,NA
2021-04-15 00:00:00,954.6,NA,NA,NA,NA
2021-04-15 03:00:00,NA,1008.6,18,25,NA
2021-04-15 12:00:00,NA,1013.5,7.8,68,NA
2021-04-15 13:00:00,959.8,1013.6,9.6,55,NA
2021-04-15 14:00:00,959.7,1013.5,10.9,51,NA
2021-04-15 15:00:00,959.1,1013,12.7,44,NA
2021-04-15 16:00:00,958.4,1012.3,15.1,35,NA
2021-04-15 17:00:00,958.1,1011.9,16,31,NA
2021-04-15 18:00:00,956.8,1010.6,17.4,26,NA
2021-04-15 19:00:00,956.2,1009.9,18.5,24,NA
2021-04-15 20:00:00,955.9,1009.2,18.5,27,NA
2021-04-15 22:00:00,955.8,1010.4,15.7,33,NA
2021-04-15 23:00:00,956,1010,13.6,37,NA
2021-04-16 00:00:00,NA,1010.4,12.8,37,NA
2021-04-17 00:00:00,960.7,NA,NA,NA,NA
2021-04-17 12:00:00,960.6,1015,4.3,91,NA
2021-04-17 13:00:00,960.4,1016.1,7.4,78,NA
2021-04-17 14:00:00,960,1015.5,8.4,77,NA
2021-04-17 15:00:00,959.5,1014.8,10.1,69,NA
2021-04-17 16:00:00,958.8,1012.6,13,57,NA
2021-04-17 17:00:00,958,1011.8,14.7,48,NA
2021-04-17 18:00:00,957.5,1011.1,15.5,45,NA
2021-04-17 19:00:00,957.1,1010.7,16.6,40,NA
2021-04-17 20:00:00,957,1010.6,15.2,48,NA
2021-04-17 21:00:00,957.1,1010.7,14.5,50,NA
2021-04-17 22:00:00,957.1,1010.7,13.6,50,NA
2021-04-17 23:00:00,956.6,1010.2,12.7,55,NA
2021-04-18 00:00:00,NA,1011.5,12.5,57,NA
2021-04-19 00:00:00,950.7,NA,NA,NA,NA
2021-04-19 12:00:00,945.4,997.5,17.2,53,NA
2021-04-19 13:00:00,944.9,996.7,18.8,47,NA
2021-04-19 14:00:00,944.6,996.4,20.3,42,NA
2021-04-19 15:00:00,945.1,997,21.6,40,NA
2021-04-19 16:00:00,944.9,996.4,24.5,32,NA
2021-04-19 17:00:00,946.2,998,25,33,NA
2021-04-19 18:00:00,949,1001.4,16.6,68,NA
2021-04-19 19:00:00,949.2,1001.6,18,51,NA
2021-04-19 20:00:00,949.9,1002.3,17.8,44,NA
2021-04-19 21:00:00,951.1,1003.5,17.5,45,NA
2021-04-19 22:00:00,951.7,1004.2,17,43,NA
2021-04-19 23:00:00,953.2,1005.6,16.5,39,NA
2021-04-20 00:00:00,NA,1007.6,15.7,46,NA
2021-04-21 00:00:00,960.2,NA,NA,NA,NA
2021-04-21 12:00:00,957.2,1011.6,7.7,96,NA
2021-04-21 13:00:00,957.9,1011.9,10.2,82,NA
2021-04-21 14:00:00,958,1012,11.5,68,NA
2021-04-21 15:00:00,957.2,1011.2,12.4,64,NA
2021-04-21 16:00:00,957,1011,13.2,57,NA
2021-04-21 17:00:00,957.2,1011,14.6,52,NA
2021-04-21 18:00:00,956.3,1009.9,15.1,51,NA
2021-04-21 19:00:00,956.2,1009.8,14.5,45,NA
2021-04-21 20:00:00,956.8,1010.4,14.4,44,NA
2021-04-21 21:00:00,957.1,1010.7,14,48,NA
2021-04-21 22:00:00,956.8,1010.4,11.7,66,NA
2021-04-21 23:00:00,957.2,1010.8,10.3,68,NA
2021-04-22 00:00:00,NA,1012.1,8.6,75,NA
2021-04-22 23:00:00,955.1,NA,NA,NA,NA
2021-04-23 12:00:00,NA,1011.6,6.4,84,NA
2021-04-23 13:00:00,NA,1012.3,8.1,76,NA
2021-04-23 14:00:00,NA,1012.8,8.3,75,NA
2021-04-23 15:00:00,NA,1012.6,10.8,61,NA
2021-04-23 16:00:00,NA,1012.6,11.6,NA,NA
2021-04-23 17:00:00,NA,1012.2,13.2,46,NA
2021-04-23 18:00:00,NA,1012,13.9,41,NA
2021-04-23 19:00:00,NA,1012.3,13.8,38,NA
2021-04-23 20:00:00,NA,1012.6,13.6,39,NA
2021-04-23 21:00:00,NA,1013,13.5,39,NA
2021-04-23 22:00:00,NA,1013.8,11.4,49,NA
2021-04-23 23:00:00,NA,1015.7,9.5,58,NA
2021-04-24 00:00:00,NA,1014.7,9.9,55,NA
2021-04-25 12:00:00,NA,1017.2,8.5,80,NA
2021-04-25 13:00:00,NA,1017.4,11.3,64,NA
2021-04-25 14:00:00,NA,1016.7,13.8,58,NA
2021-04-25 15:00:00,NA,1016,14.5,55,NA
2021-04-25 16:00:00,NA,1015.4,16.5,52,NA
2021-04-25 17:00:00,NA,1014.1,17.7,44,NA
2021-04-25 18:00:00,NA,1013.5,18.7,42,NA
2021-04-25 19:00:00,NA,1012.8,19.3,36,NA
2021-04-25 20:00:00,NA,1012.6,19,38,NA
2021-04-25 21:00:00,NA,1012.4,18.5,37,NA
2021-04-25 22:00:00,NA,1012.4,15.5,46,NA
2021-04-25 23:00:00,NA,1012.6,14.8,48,NA
2021-04-26 00:00:00,NA,1012.7,14.5,50,NA
2021-04-27 12:00:00,NA,1006.3,13.1,46,NA
2021-04-27 13:00:00,NA,1005.6,14.8,41,NA
2021-04-27 14:00:00,NA,1005.1,16.6,38,NA
2021-04-27 15:00:00,NA,1004.2,19.9,27,NA
2021-04-27 16:00:00,NA,1003.4,19.9,29,NA
2021-04-27 17:00:00,NA,1002.2,20.9,28,NA
2021-04-27 18:00:00,NA,1002,20.7,34,NA
2021-04-27 19:00:00,NA,1001.4,20.5,35,NA
2021-04-27 20:00:00,NA,1002.2,22.1,32,NA
2021-04-27 21:00:00,NA,1002.3,20.8,35,NA
2021-04-27 22:00:00,NA,1003.6,19.4,38,NA
2021-04-27 23:00:00,NA,1004,18.5,40,NA
2021-04-28 00:00:00,952.6,NA,17.3,49,NA
2021-04-28 12:00:00,959.6,NA,8.7,70,NA
2021-04-28 13:00:00,960,NA,11.5,59,NA
2021-04-28 14:00:00,960.3,NA,9.1,75,NA
2021-04-28 15:00:00,960.2,NA,10.1,71,NA
2021-04-28 16:00:00,959.9,NA,13.6,55,NA
2021-04-28 17:00:00,959.3,NA,16.3,48,NA
2021-04-28 18:00:00,958.7,NA,16.8,41,NA
2021-04-28 19:00:00,958.4,NA,16.3,44,NA
2021-04-28 20:00:00,958.2,NA,15.1,56,NA
2021-04-28 21:00:00,958,NA,14.8,59,NA
2021-04-28 22:00:00,957.9,NA,13.5,62,NA
2021-04-28 23:00:00,957.8,NA,12.6,66,NA
2021-04-29 12:00:00,NA,1011.6,11.2,74,NA
2021-04-29 13:00:00,NA,1011.5,13,67,NA
2021-04-29 14:00:00,NA,1011.5,14.8,57,NA
2021-04-29 15:00:00,NA,1010.6,16.9,46,NA
2021-04-29 16:00:00,NA,1010,17.5,45,NA
2021-04-29 17:00:00,NA,1009,19.3,38,NA
2021-04-29 18:00:00,NA,1008.2,19.6,33,NA
2021-04-29 19:00:00,NA,1007.4,19.2,34,NA
2021-04-29 20:00:00,NA,1007,18.5,40,NA
2021-04-29 21:00:00,NA,1006.7,17.6,45,NA
2021-04-29 22:00:00,NA,1006.8,14.9,47,NA
2021-04-29 23:00:00,NA,1007.1,12.3,51,NA
2021-04-30 00:00:00,954,NA,15.6,35,NA
2021-04-30 12:00:00,952.6,NA,9.8,57,NA
2021-04-30 13:00:00,952,NA,14,35,NA
2021-04-30 14:00:00,952.4,NA,12.6,50,NA
2021-04-30 15:00:00,952.2,NA,14.1,44,NA
2021-04-30 16:00:00,951.6,NA,16.2,39,NA
2021-04-30 17:00:00,951.3,NA,16,42,NA
2021-04-30 18:00:00,950.7,NA,17,39,NA
2021-04-30 19:00:00,950.9,NA,16.8,42,NA
2021-04-30 20:00:00,950.9,NA,16.4,50,NA
2021-04-30 21:00:00,951,NA,16,52,NA
2021-04-30 23:00:00,951.3,NA,13,76,NA
2021-05-01 12:00:00,NA,1005.1,10.9,70,NA
2021-05-01 13:00:00,NA,1005,10.7,67,NA
2021-05-01 14:00:00,NA,1005,12,61,NA
2021-05-01 15:00:00,NA,1004.2,14.2,53,NA
2021-05-01 16:00:00,NA,1004.8,14.6,50,NA
2021-05-01 17:00:00,NA,1004.7,15.7,43,NA
2021-05-01 18:00:00,NA,1003.5,16.5,37,NA
2021-05-01 19:00:00,NA,1003.2,16.3,40,NA
2021-05-01 20:00:00,NA,1003.6,15.5,46,NA
2021-05-01 21:00:00,NA,1003.2,13.5,57,NA
2021-05-01 22:00:00,NA,1003.6,12.2,60,NA
2021-05-01 23:00:00,NA,1003.2,12.6,56,NA
2021-05-02 00:00:00,949.7,NA,12.3,56,NA
2021-05-02 13:00:00,950.2,NA,17.7,36,NA
2021-05-02 15:00:00,949.8,NA,12.7,49,NA
2021-05-02 16:00:00,951,NA,12.5,45,NA
2021-05-02 17:00:00,950.1,NA,13.5,38,NA
2021-05-02 18:00:00,949.3,NA,14.6,32,NA
2021-05-02 19:00:00,949,NA,12.6,41,NA
2021-05-02 20:00:00,949.3,NA,13.3,38,NA
2021-05-02 21:00:00,949.3,NA,12.4,40,NA
2021-05-02 22:00:00,948.9,NA,11.7,41,NA
2021-05-02 23:00:00,950.2,NA,10.5,48,NA
2021-05-03 12:00:00,NA,1011.5,4.2,73,NA
2021-05-03 13:00:00,NA,1012.8,6.1,59,NA
2021-05-03 14:00:00,NA,1014.2,6.3,59,NA
2021-05-03 15:00:00,NA,1013.9,7.9,51,NA
2021-05-03 16:00:00,NA,1014.6,8.5,45,NA
2021-05-03 17:00:00,NA,1015.2,9.3,43,NA
2021-05-03 18:00:00,NA,1015.9,8.8,38,NA
2021-05-03 19:00:00,NA,1016.4,9.9,36,NA
2021-05-03 20:00:00,NA,1017.2,9.4,36,NA
2021-05-03 21:00:00,NA,1018.7,8.3,45,NA
2021-05-03 23:00:00,NA,1022.3,1.9,73,NA
2021-05-03 22:00:00,964.3,NA,6,62,NA
2021-05-04 00:00:00,966.7,NA,2,70,NA
2021-05-04 12:00:00,971.4,NA,3.2,63,NA
2021-05-04 13:00:00,971.9,NA,4.2,61,NA
2021-05-04 14:00:00,971.6,NA,6.3,52,NA
2021-05-04 15:00:00,971.2,NA,8,46,NA
2021-05-04 16:00:00,970.8,NA,9.9,43,NA
2021-05-04 17:00:00,969.9,NA,11.6,36,NA
2021-05-04 18:00:00,969,NA,12.3,33,NA
2021-05-04 19:00:00,968.2,NA,13,31,NA
2021-05-04 20:00:00,968.2,NA,13.7,27,NA
2021-05-04 21:00:00,968.2,NA,12.2,29,NA
2021-05-04 22:00:00,968.2,NA,8.7,37,NA
2021-05-04 23:00:00,968,NA,8.5,33,NA
2021-05-05 12:00:00,NA,1025.9,4.5,54,NA
2021-05-05 13:00:00,NA,1026.3,3.7,60,NA
2021-05-05 14:00:00,NA,1026.5,9.4,40,NA
2021-05-05 15:00:00,NA,1026.2,10.3,38,NA
2021-05-05 16:00:00,NA,1026,12.7,37,NA
2021-05-05 17:00:00,NA,1025.5,12.8,35,NA
2021-05-05 18:00:00,NA,1025.1,14,32,NA
2021-05-05 19:00:00,NA,1024.8,14.2,31,NA
2021-05-05 20:00:00,NA,1024.3,14.5,28,NA
2021-05-05 21:00:00,NA,1024.3,13.2,33,NA
2021-05-05 22:00:00,NA,1024,9.7,38,NA
2021-05-05 23:00:00,NA,1024,9.1,37,NA
2021-05-06 00:00:00,968.6,NA,8.1,46,NA
2021-05-06 12:00:00,966.8,NA,1,66,NA
2021-05-06 13:00:00,967,NA,8.1,41,NA
2021-05-06 14:00:00,967.2,NA,10.5,34,NA
2021-05-06 15:00:00,967.1,NA,12.3,33,NA
2021-05-06 16:00:00,967.1,NA,13.3,34,NA
2021-05-06 17:00:00,966.4,NA,14.1,32,NA
2021-05-06 18:00:00,966,NA,14.5,27,NA
2021-05-06 19:00:00,965.7,NA,14.3,26,NA
2021-05-06 20:00:00,965.4,NA,14.5,26,NA
2021-05-06 21:00:00,965.4,NA,11.5,34,NA
2021-05-06 22:00:00,965.5,NA,8.9,39,NA
2021-05-06 23:00:00,965.5,NA,8,41,NA
2021-05-07 12:00:00,NA,1019.4,-4.9,99,NA
2021-05-07 13:00:00,NA,1019.1,-1.1,88,NA
2021-05-07 14:00:00,NA,1018.8,3.6,53,NA
2021-05-07 15:00:00,NA,1018.2,7.3,57,NA
2021-05-07 16:00:00,NA,1017.1,8.9,48,NA
2021-05-07 17:00:00,NA,1016,9.6,43,NA
2021-05-07 18:00:00,NA,1013,11,37,NA
2021-05-07 19:00:00,NA,1012.7,11.3,40,NA
2021-05-07 20:00:00,NA,1013,11.4,42,NA
2021-05-07 21:00:00,NA,1012.7,11.4,50,NA
2021-05-07 22:00:00,NA,1012.4,10.1,48,NA
2021-05-07 23:00:00,957.2,NA,8.8,56,NA
2021-05-08 00:00:00,957.6,NA,9.8,52,NA
2021-05-08 12:00:00,958,NA,9.8,54,NA
2021-05-08 13:00:00,959.8,NA,9.5,61,NA
2021-05-08 14:00:00,959.8,NA,11.9,53,NA
2021-05-08 15:00:00,958.6,NA,12.8,52,NA
2021-05-08 16:00:00,958,NA,13.9,47,NA
2021-05-08 17:00:00,957.4,NA,15.2,51,NA
2021-05-08 18:00:00,956.7,NA,16.1,42,NA
2021-05-08 19:00:00,956.2,NA,15.6,40,NA
2021-05-08 20:00:00,956.3,NA,14.9,41,NA
2021-05-08 21:00:00,956.3,NA,14.2,44,NA
2021-05-08 22:00:00,956.6,NA,10.9,61,NA
2021-05-08 23:00:00,957,NA,11.1,54,NA
2021-05-09 12:00:00,NA,1016.5,6,67,NA
2021-05-09 13:00:00,NA,1016,6.7,69,NA
2021-05-09 14:00:00,NA,1018.3,8.5,48,NA
2021-05-09 15:00:00,NA,1018.8,9.9,38,NA
2021-05-09 16:00:00,NA,1019.9,9.4,40,NA
2021-05-09 17:00:00,NA,1019.8,10.1,36,NA
2021-05-09 18:00:00,NA,1019.9,11.3,35,NA
2021-05-09 19:00:00,NA,1019.6,11.6,29,NA
2021-05-09 20:00:00,NA,1020.7,11.2,30,NA
2021-05-09 21:00:00,NA,1021.4,10.4,32,NA
2021-05-09 22:00:00,NA,1022.4,7.3,47,NA
2021-05-09 23:00:00,NA,1022.8,6.5,52,NA
2021-05-10 00:00:00,968.4,NA,5,62,NA
2021-05-10 12:00:00,970.8,NA,2.9,70,NA
2021-05-10 13:00:00,970.8,NA,4.4,63,NA
2021-05-10 14:00:00,970.6,NA,7.1,53,NA
2021-05-10 15:00:00,970.3,NA,9,47,NA
2021-05-10 16:00:00,969.9,NA,10.1,41,NA
2021-05-10 17:00:00,969,NA,11.4,40,NA
2021-05-10 18:00:00,968.2,NA,12.3,36,NA
2021-05-10 19:00:00,967.2,NA,12.4,37,NA
2021-05-10 20:00:00,966.6,NA,12.9,35,NA
2021-05-10 21:00:00,966.4,NA,12.2,37,NA
2021-05-10 22:00:00,966.6,NA,8.2,47,NA
2021-05-10 23:00:00,966.4,NA,7.8,36,NA
2021-05-11 12:00:00,NA,1018,1.5,75,NA
2021-05-11 13:00:00,NA,1016.7,8.1,49,NA
2021-05-11 14:00:00,NA,1016.6,9.1,44,NA
2021-05-11 15:00:00,NA,1015,10.6,41,NA
2021-05-11 16:00:00,NA,1013.9,12.6,35,NA
2021-05-11 17:00:00,NA,1012.8,14.3,30,NA
2021-05-11 18:00:00,NA,1011.4,16.1,25,NA
2021-05-11 19:00:00,NA,1010.3,17.5,16,NA
2021-05-11 20:00:00,NA,1009.9,16,20,NA
2021-05-11 21:00:00,NA,1009.9,14.1,33,NA
2021-05-11 22:00:00,NA,1011,10.5,38,NA
2021-05-11 23:00:00,955.2,NA,8.7,35,NA
2021-05-12 00:00:00,955.3,NA,11.3,33,NA
2021-05-12 12:00:00,957.2,NA,7.5,35,NA
2021-05-12 13:00:00,957.5,NA,8.8,27,NA
2021-05-12 14:00:00,957.4,NA,10.9,33,NA
2021-05-12 15:00:00,957.2,NA,14.1,37,NA
2021-05-12 16:00:00,957,NA,16.2,38,NA
2021-05-12 17:00:00,956.7,NA,16.7,41,NA
2021-05-12 18:00:00,956.9,NA,16.9,39,NA
2021-05-12 19:00:00,956.3,NA,17.3,37,NA
2021-05-12 20:00:00,956.6,NA,17.6,39,NA
2021-05-12 21:00:00,957.4,NA,16.1,42,NA
2021-05-12 23:00:00,958,NA,13.3,52,NA
2021-05-13 12:00:00,NA,1014.8,3.5,95,NA
2021-05-13 13:00:00,NA,1016.8,4.7,87,NA
2021-05-13 14:00:00,NA,1016.6,9.3,76,NA
2021-05-13 15:00:00,NA,1015.1,10.4,64,NA
2021-05-13 16:00:00,NA,1014.8,12.5,53,NA
2021-05-13 17:00:00,NA,1014,14.7,41,NA
2021-05-13 18:00:00,NA,1013.2,15.7,35,NA
2021-05-13 19:00:00,NA,1015.3,15.2,45,NA
2021-05-13 20:00:00,NA,1013.2,16,44,NA
2021-05-13 21:00:00,NA,1013.6,14.5,50,NA
2021-05-13 22:00:00,NA,1014.6,10.3,61,NA
2021-05-13 23:00:00,NA,1016,7.6,70,NA
2021-05-14 00:00:00,961.5,NA,6.4,71,NA
2021-05-14 12:00:00,961,NA,-1.4,92,NA
2021-05-14 13:00:00,961.1,NA,2.2,68,NA
2021-05-14 14:00:00,960.6,NA,5.9,70,NA
2021-05-14 16:00:00,959.4,NA,11,49,NA
2021-05-14 17:00:00,958.3,NA,12.8,46,NA
2021-05-14 18:00:00,957.5,NA,13.5,46,NA
2021-05-14 19:00:00,957.1,NA,14.4,44,NA
2021-05-14 20:00:00,957,NA,14.7,43,NA
2021-05-14 21:00:00,956.8,NA,12.8,54,NA
2021-05-14 22:00:00,956.8,NA,10.2,62,NA
2021-05-15 12:00:00,NA,1016.6,5.7,68,NA
2021-05-15 13:00:00,NA,1017.1,7.5,63,NA
2021-05-15 14:00:00,NA,1017.2,10.1,53,NA
2021-05-15 15:00:00,NA,1017.8,11.3,45,NA
2021-05-15 16:00:00,NA,1017.9,12.5,45,NA
2021-05-15 17:00:00,NA,1017.1,13.2,40,NA
2021-05-15 18:00:00,NA,1016.6,14.2,35,NA
2021-05-15 19:00:00,NA,1015.8,14.3,35,NA
2021-05-15 20:00:00,NA,1015.9,14.4,36,NA
2021-05-15 21:00:00,NA,1016.6,11.7,42,NA
2021-05-15 22:00:00,NA,1016.8,9.7,45,NA
2021-05-15 23:00:00,NA,1017.9,8.2,53,NA
2021-05-16 00:00:00,962.8,NA,3.6,65,NA
2021-05-16 12:00:00,966.8,NA,4.1,74,NA
2021-05-16 13:00:00,967.1,NA,6.2,66,NA
2021-05-16 14:00:00,967.4,NA,7.8,61,NA
2021-05-16 15:00:00,967.4,NA,9.5,59,NA
2021-05-16 17:00:00,966.3,NA,11,51,NA
2021-05-16 18:00:00,966.3,NA,12.7,46,NA
2021-05-16 19:00:00,965.9,NA,12.5,48,NA
2021-05-16 20:00:00,965.8,NA,12.2,47,NA
2021-05-16 21:00:00,965.9,NA,9.8,51,NA
2021-05-16 22:00:00,966,NA,7.5,58,NA
2021-05-16 23:00:00,965.8,NA,6.5,59,NA
2021-05-17 12:00:00,NA,1018,1,88,NA
2021-05-17 13:00:00,NA,1017.9,1.5,88,NA
2021-05-17 14:00:00,NA,1017.9,2.4,84,NA
2021-05-17 15:00:00,NA,1016.7,4.6,82,NA
2021-05-17 16:00:00,NA,1016,7.3,56,NA
2021-05-17 17:00:00,NA,1015.8,7.5,68,NA
2021-05-17 18:00:00,NA,1014.8,11.6,49,NA
2021-05-17 19:00:00,NA,1014.4,10.8,52,NA
2021-05-17 20:00:00,NA,1014.3,11.8,49,NA
2021-05-17 21:00:00,NA,1014.3,9.6,51,NA
2021-05-17 22:00:00,NA,1014.2,9.3,53,NA
2021-05-17 23:00:00,NA,1014.2,8.2,57,NA
2021-05-18 00:00:00,959.4,NA,6.1,69,NA
2021-05-18 12:00:00,955.9,NA,0.4,89,NA
2021-05-18 13:00:00,955.9,NA,0.2,91,NA
2021-05-18 14:00:00,955.6,NA,2.8,84,NA
2021-05-18 15:00:00,955.4,NA,6.1,72,NA
2021-05-18 16:00:00,955,NA,11,56,NA
2021-05-18 17:00:00,954.1,NA,13.7,46,NA
2021-05-18 18:00:00,953.1,NA,14.6,45,NA
2021-05-18 19:00:00,952.9,NA,13.6,46,NA
2021-05-18 20:00:00,952.9,NA,11.2,53,NA
2021-05-18 21:00:00,953.3,NA,10.5,61,NA
2021-05-18 22:00:00,953.3,NA,9,64,NA
2021-05-18 23:00:00,953.8,NA,8.4,64,NA
2021-05-19 12:00:00,NA,1009.1,0.8,89,NA
2021-05-19 13:00:00,NA,1009.9,2.5,87,NA
2021-05-19 14:00:00,NA,1010.6,4.7,79,NA
2021-05-19 15:00:00,NA,1010.2,7.3,75,NA
2021-05-19 16:00:00,NA,1009.8,11.5,62,NA
2021-05-19 17:00:00,NA,1009.5,12.6,59,NA
2021-05-19 18:00:00,NA,1009.4,13.6,60,NA
2021-05-19 19:00:00,NA,1008.7,13.2,60,NA
2021-05-19 20:00:00,NA,1009.4,13.3,63,NA
2021-05-19 21:00:00,NA,1009.6,12.3,68,NA
2021-05-19 22:00:00,NA,1010.7,11.4,69,NA
2021-05-19 23:00:00,NA,1011.1,9.9,68,NA
2021-05-20 00:00:00,955.8,NA,9.8,70,NA
2021-05-20 12:00:00,958,NA,0.6,100,NA
2021-05-20 14:00:00,958.8,NA,4.9,99,NA
2021-05-20 16:00:00,958.8,NA,6.6,97,NA
2021-05-20 17:00:00,959.6,NA,7.2,100,NA
2021-05-20 18:00:00,958.7,NA,8,96,NA
2021-05-20 19:00:00,958.1,NA,8.3,83,NA
2021-05-20 20:00:00,957.8,NA,8.4,93,NA
2021-05-20 21:00:00,958.6,NA,8.1,96,NA
2021-05-20 23:00:00,959.3,NA,8.1,96,NA
2021-05-21 12:00:00,NA,1016,6.2,97,NA
2021-05-21 13:00:00,NA,1016.7,5.9,97,NA
2021-05-21 14:00:00,NA,1016.8,7.5,80,NA
2021-05-21 15:00:00,NA,1017.4,9.6,70,NA
2021-05-21 16:00:00,NA,1016.8,11.5,54,NA
2021-05-21 17:00:00,NA,1015.8,12.4,48,NA
2021-05-21 18:00:00,NA,1014.6,12.6,46,NA
2021-05-21 19:00:00,NA,1015.2,13.2,44,NA
2021-05-21 20:00:00,NA,1016.6,12.8,46,NA
2021-05-21 21:00:00,NA,1016.6,12,53,NA
2021-05-21 22:00:00,NA,1017.2,9.2,64,NA
2021-05-21 23:00:00,NA,1017.9,8.6,65,NA
2021-05-22 00:00:00,962.6,NA,8.5,63,NA
2021-05-22 12:00:00,963.4,NA,5.4,71,NA
2021-05-22 13:00:00,963.5,NA,6.9,66,NA
2021-05-22 14:00:00,963.5,NA,9.1,58,NA
2021-05-22 15:00:00,963.6,NA,11,54,NA
2021-05-22 16:00:00,963.8,NA,10.5,55,NA
2021-05-22 17:00:00,962.8,NA,12,52,NA
2021-05-22 18:00:00,962.5,NA,12.9,48,NA
2021-05-22 19:00:00,961.9,NA,13.5,46,NA
2021-05-22 20:00:00,961.9,NA,13.4,41,NA
2021-05-22 21:00:00,961.9,NA,11.9,45,NA
2021-05-22 22:00:00,962.3,NA,9.7,53,NA
2021-05-22 23:00:00,962.7,NA,9.6,56,NA
2021-05-23 12:00:00,NA,1012.7,6.9,83,NA
2021-05-23 13:00:00,NA,1012,9.1,68,NA
2021-05-23 14:00:00,NA,1011.8,9,75,NA
2021-05-23 15:00:00,NA,1011.6,8.1,84,NA
2021-05-23 16:00:00,NA,1010.8,8.2,89,NA
2021-05-23 17:00:00,NA,1009.6,10.8,71,NA
2021-05-23 18:00:00,NA,1007.6,12.1,65,NA
2021-05-23 19:00:00,NA,1006.7,12.6,59,NA
2021-05-23 20:00:00,NA,1006.2,12.5,57,NA
2021-05-23 21:00:00,NA,1005.9,12.6,52,NA
2021-05-23 22:00:00,NA,1004.5,12.8,51,NA
2021-05-23 23:00:00,NA,1005.4,12.2,53,NA
2021-05-24 00:00:00,NA,1005.5,10.7,60,NA
2021-05-25 12:00:00,NA,1011.9,5.5,42,NA
2021-05-25 13:00:00,NA,1011.6,5.9,42,NA
2021-05-25 14:00:00,NA,1011.1,6.4,44,NA
2021-05-25 15:00:00,NA,1011.1,7.5,40,NA
2021-05-25 16:00:00,NA,1011,7.8,40,NA
2021-05-25 17:00:00,NA,1010.8,8.6,39,NA
2021-05-25 18:00:00,NA,1010.2,8.2,40,NA
2021-05-25 19:00:00,NA,1010.2,8.1,42,NA
2021-05-25 20:00:00,NA,1009.4,8.1,44,NA
2021-05-25 21:00:00,NA,1009.5,7.4,54,NA
2021-05-25 22:00:00,NA,1009,6.6,69,NA
2021-05-25 23:00:00,NA,1008.7,5.2,86,NA
2021-05-26 00:00:00,NA,1007.5,4.9,92,NA
2021-05-27 12:00:00,NA,992,10.1,67,NA
2021-05-27 13:00:00,NA,992.7,9.6,67,NA
2021-05-27 14:00:00,NA,993.2,9.8,60,NA
2021-05-27 15:00:00,NA,993.6,10.2,58,NA
2021-05-27 16:00:00,NA,992,11.2,49,NA
2021-05-27 17:00:00,939.4,993.2,11.4,44,NA
2021-05-27 18:00:00,938.6,991.8,11,47,NA
2021-05-27 19:00:00,937.9,990.9,11,42,NA
2021-05-27 20:00:00,938.3,991.6,12.2,33,NA
2021-05-27 21:00:00,935.7,989.2,10.6,46,NA
2021-05-27 22:00:00,936.9,989.8,10,49,NA
2021-05-27 23:00:00,NA,989.1,9.5,47,NA
2021-05-28 00:00:00,NA,989,8.1,67,NA
2021-05-29 00:00:00,955,NA,NA,NA,NA
2021-05-29 12:00:00,956.1,1012,2.9,87,NA
2021-05-29 13:00:00,956.6,1012.4,2.8,60,NA
2021-05-29 14:00:00,956.1,1012,4.5,54,NA
2021-05-29 15:00:00,955.5,1011.4,4.8,50,NA
2021-05-29 16:00:00,956.9,1012.8,6.5,45,NA
2021-05-29 17:00:00,956.6,1012.4,7.7,41,NA
2021-05-29 18:00:00,956.3,1011.5,8.7,36,NA
2021-05-29 19:00:00,956.6,1011.2,8.7,38,NA
2021-05-29 20:00:00,956.3,1011.1,8.2,41,NA
2021-05-29 21:00:00,956.6,1011.8,7.2,48,NA
2021-05-29 22:00:00,957,1012.2,5.6,63,NA
2021-05-29 23:00:00,957.2,1012.4,4.8,66,NA
2021-05-30 00:00:00,NA,1013,4.8,67,NA
2021-05-31 00:00:00,948.9,NA,NA,NA,NA
2021-05-31 12:00:00,949.8,1003.6,7.7,97,NA
2021-05-31 13:00:00,949.2,1003.1,6.6,98,NA
2021-05-31 14:00:00,NA,1002.4,8,96,NA
2021-05-31 15:00:00,947.5,1001.4,7.7,99,NA
2021-05-31 16:00:00,946.5,1000.4,8.5,99,NA
2021-05-31 17:00:00,945.5,999.1,9,94,NA
2021-05-31 18:00:00,945,998.7,9.8,96,NA
2021-05-31 19:00:00,944.7,998.4,12.7,83,NA
2021-05-31 20:00:00,944.2,997.5,14.6,71,NA
2021-05-31 21:00:00,944.1,997,13.9,71,NA
2021-05-31 22:00:00,944.2,997.5,12.8,73,NA
2021-05-31 23:00:00,944.3,997.6,12.4,72,NA
2021-06-01 00:00:00,NA,998.2,12.2,74,NA
2021-06-02 00:00:00,955.4,NA,NA,NA,NA
2021-06-02 12:00:00,957,1012,3.7,73,NA
2021-06-02 13:00:00,957.3,1012.3,4.5,67,NA
2021-06-02 14:00:00,956.8,1011.9,6.1,59,NA
2021-06-02 15:00:00,956.3,1011.4,6,62,NA
2021-06-02 16:00:00,956,1011.1,6.5,61,NA
2021-06-02 17:00:00,955.5,1010.6,6.2,64,NA
2021-06-02 18:00:00,NA,1010,5.3,80,NA
2021-06-02 19:00:00,954.9,1010,4.2,92,NA
2021-06-02 20:00:00,954.3,1009.1,3.7,96,NA
2021-06-02 21:00:00,954.3,1009.1,3.4,97,NA
2021-06-02 22:00:00,954.1,1008.8,3.2,96,NA
2021-06-02 23:00:00,953.8,1008.6,3.2,96,NA
2021-06-03 00:00:00,NA,1008.6,3.3,94,NA
2021-06-04 00:00:00,948,NA,NA,NA,NA
2021-06-04 12:00:00,NA,1005.1,5.7,67,NA
2021-06-04 13:00:00,950.9,1005.6,4.7,70,NA
2021-06-04 14:00:00,951.6,1006.3,6.1,68,NA
2021-06-04 15:00:00,952.3,1007,7.9,62,NA
2021-06-04 16:00:00,951.6,1006.3,8.5,55,NA
2021-06-04 17:00:00,951.2,1005.9,8.8,54,NA
2021-06-04 18:00:00,951.4,1005.4,9.2,50,NA
2021-06-04 19:00:00,950.9,1005.2,9.2,45,NA
2021-06-04 20:00:00,951.4,1005.8,8,59,NA
2021-06-04 21:00:00,952.2,1007,6.8,58,NA
2021-06-04 22:00:00,952.9,1007.6,6.2,60,NA
2021-06-04 23:00:00,954.6,1009.8,4.4,57,NA
2021-06-05 00:00:00,NA,1010.2,5.3,61,NA
2021-06-06 00:00:00,961.7,NA,NA,NA,NA
2021-06-06 12:00:00,958.5,1014,0.5,82,NA
2021-06-06 13:00:00,958.2,1013.6,2.7,73,NA
2021-06-06 14:00:00,957.6,1013.1,5.2,61,NA
2021-06-06 15:00:00,957.4,1012.8,6.6,57,NA
2021-06-06 16:00:00,956.6,1012,8.6,49,NA
2021-06-06 17:00:00,955.7,1011.2,9,47,NA
2021-06-06 18:00:00,955.3,1010,9.4,48,NA
2021-06-06 19:00:00,954.3,1009.7,9.9,43,NA
2021-06-06 20:00:00,953.9,1008.3,8.8,47,NA
2021-06-06 21:00:00,954.1,1008.4,8.6,49,NA
2021-06-06 22:00:00,954.2,1009,7.3,54,NA
2021-06-06 23:00:00,954.1,1008.8,7.1,56,NA
2021-06-07 00:00:00,NA,1008.6,7.3,56,NA
2021-06-07 23:00:00,949.2,NA,NA,NA,NA
2021-06-08 00:00:00,948.1,NA,NA,NA,NA
2021-06-08 12:00:00,NA,990.6,14.5,49,NA
2021-06-08 13:00:00,NA,990.6,14.6,50,NA
2021-06-08 14:00:00,NA,991.5,16.3,45,NA
2021-06-08 15:00:00,NA,993.8,15.5,50,NA
2021-06-08 16:00:00,NA,995,13.2,51,NA
2021-06-08 17:00:00,NA,995.4,12.5,53,NA
2021-06-08 18:00:00,NA,996.3,13.9,38,NA
2021-06-08 19:00:00,NA,996.8,12.7,35,NA
2021-06-08 20:00:00,NA,998,13,35,NA
2021-06-08 21:00:00,NA,999.2,11.6,42,NA
2021-06-08 22:00:00,NA,999.8,10.6,47,NA
2021-06-08 23:00:00,NA,1000.4,10.1,48,NA
2021-06-09 00:00:00,NA,1000.4,10,47,NA
2021-06-10 00:00:00,953.1,NA,NA,NA,NA
2021-06-10 12:00:00,962.7,1018.2,3.5,64,NA
2021-06-10 13:00:00,962.8,1018.3,3.7,64,NA
2021-06-10 14:00:00,963.7,1019.1,5.9,54,NA
2021-06-10 15:00:00,963.8,1019.2,7.3,49,NA
2021-06-10 16:00:00,962.9,1018.4,8.3,45,NA
2021-06-10 17:00:00,961.9,1017.4,9,44,NA
2021-06-10 18:00:00,961.1,1015.9,8.7,42,NA
2021-06-10 19:00:00,960.2,1015,8.9,42,NA
2021-06-10 20:00:00,959.9,1014.7,8.6,45,NA
2021-06-10 21:00:00,959.5,1014.3,8.2,46,NA
2021-06-10 22:00:00,NA,1013.2,7.9,46,NA
2021-06-10 23:00:00,956.7,1011.5,8.3,42,NA
2021-06-11 00:00:00,NA,1010.8,7.5,50,NA
2021-06-12 00:00:00,946.7,NA,NA,NA,NA
2021-06-12 12:00:00,949.4,1002.6,9.1,61,NA
2021-06-12 13:00:00,949.4,1002.6,9.3,59,NA
2021-06-12 14:00:00,949.8,1003,9.7,52,NA
2021-06-12 15:00:00,NA,1003.4,11.3,45,NA
2021-06-12 16:00:00,950.1,1003.4,11.7,35,NA
2021-06-12 17:00:00,951,1004.2,12.6,31,NA
2021-06-12 18:00:00,950.3,1003.6,11.9,32,NA
2021-06-12 19:00:00,950.9,1004.2,12.1,33,NA
2021-06-12 20:00:00,951.7,1005.4,11.2,31,NA
2021-06-12 21:00:00,952.6,1006.3,10.2,33,NA
2021-06-12 22:00:00,953.5,1007.5,9.3,46,NA
2021-06-12 23:00:00,NA,1009.1,9.8,31,NA
2021-06-13 00:00:00,NA,1008,8.3,45,NA
2021-06-13 23:00:00,961.4,NA,NA,NA,NA
2021-06-14 00:00:00,962.5,NA,NA,NA,NA
2021-06-14 12:00:00,970.1,1026.5,-0.7,75,NA
2021-06-14 13:00:00,970.2,1026.5,0.4,66,NA
2021-06-14 14:00:00,970.7,1027,1.6,65,NA
2021-06-14 15:00:00,971.1,1027.4,4,55,NA
2021-06-14 16:00:00,971,1027.2,5.3,50,NA
2021-06-14 17:00:00,970.7,1027,6.2,44,NA
2021-06-14 18:00:00,970,1026,7.3,40,NA
2021-06-14 19:00:00,969.8,1025.8,7.5,40,NA
2021-06-14 20:00:00,969.6,1025.6,7.9,36,NA
2021-06-14 21:00:00,969.8,1025.8,6.1,41,NA
2021-06-14 22:00:00,970.4,1026.8,4.8,49,NA
2021-06-14 23:00:00,NA,1028.2,3.7,54,NA
2021-06-15 00:00:00,NA,1028.4,2.7,57,NA
2021-06-16 12:00:00,NA,1031.8,-7.3,99,NA
2021-06-16 13:00:00,NA,1033.3,-7.3,99,NA
2021-06-16 14:00:00,NA,1031.4,-2,89,NA
2021-06-16 15:00:00,974.4,1031.8,-0.1,85,NA
2021-06-16 16:00:00,973.9,1031.2,1.9,67,NA
2021-06-16 17:00:00,973.1,1029.9,3.5,49,NA
2021-06-16 18:00:00,972.7,1029.6,5.4,49,NA
2021-06-16 19:00:00,972.4,1029.1,5.1,47,NA
2021-06-16 20:00:00,972.4,1029.1,4.7,51,NA
2021-06-16 21:00:00,972.4,1030.6,1.9,74,NA
2021-06-16 22:00:00,NA,1031.2,0.1,85,NA
2021-06-16 23:00:00,NA,1031.9,-2.3,88,NA
2021-06-17 00:00:00,NA,1032.4,-4.6,96,NA
2021-06-18 00:00:00,970.1,NA,NA,NA,NA
2021-06-18 12:00:00,968,1026,-10.2,96,NA
2021-06-18 13:00:00,968.3,1027.8,-8.9,97,NA
2021-06-18 15:00:00,967.7,1025.2,-1.3,87,NA
2021-06-18 16:00:00,966.9,1024.4,0.6,89,NA
2021-06-18 17:00:00,965.9,1023.5,2.5,66,NA
2021-06-18 18:00:00,965,1021.9,4.1,74,NA
2021-06-18 19:00:00,964.3,1021.2,4.6,52,NA
2021-06-18 20:00:00,964,1021,4,56,NA
2021-06-18 21:00:00,964,1022.1,0.8,92,NA
2021-06-18 22:00:00,NA,1021.5,-0.1,82,NA
2021-06-18 23:00:00,964.4,1021.8,-0.1,96,NA
2021-06-19 00:00:00,NA,1022.2,-0.1,87,NA
2021-06-20 00:00:00,961.2,NA,NA,NA,NA
2021-06-20 12:00:00,959,1015,0,87,NA
2021-06-20 13:00:00,959.1,1015.1,0.3,91,NA
2021-06-20 14:00:00,958.8,1014.4,1.7,78,NA
2021-06-20 15:00:00,958.7,1013.9,4.1,61,NA
2021-06-20 16:00:00,958,1013.2,4.7,64,NA
2021-06-20 17:00:00,957.2,1012.4,5.5,58,NA
2021-06-20 18:00:00,956.8,1012.8,6,58,NA
2021-06-20 19:00:00,956.3,1011,6.7,58,NA
2021-06-20 20:00:00,956.2,1012.2,5.6,61,NA
2021-06-20 21:00:00,956.1,1012.3,3.6,71,NA
2021-06-20 22:00:00,956.1,1012.5,2.2,72,NA
2021-06-20 23:00:00,956.1,1012.4,3.4,69,NA
2021-06-21 00:00:00,NA,1012.5,2.7,86,NA
2021-06-22 00:00:00,955.6,NA,NA,NA,NA
2021-06-22 12:00:00,957.8,1013.8,-0.5,92,NA
2021-06-22 13:00:00,958,1013.6,2.6,85,NA
2021-06-22 14:00:00,958.2,1013.8,2.2,97,NA
2021-06-22 15:00:00,NA,1013.6,1.7,98,NA
2021-06-22 16:00:00,NA,1013,1.8,98,NA
2021-06-22 17:00:00,NA,1012,1.7,100,NA
2021-06-22 18:00:00,NA,1011.2,1.7,100,NA
2021-06-22 19:00:00,NA,1010.4,1.6,99,NA
2021-06-22 20:00:00,NA,1010.2,1.7,100,NA
2021-06-22 21:00:00,NA,1009.6,1.5,99,NA
2021-06-22 22:00:00,NA,1009,1.4,82,NA
2021-06-22 23:00:00,NA,1008.7,1.4,82,NA
2021-06-23 00:00:00,NA,1009.7,1.3,99,NA
2021-06-24 00:00:00,950.9,NA,NA,NA,NA
2021-06-24 12:00:00,945.4,999.9,7.1,60,NA
2021-06-24 13:00:00,945.4,999.5,7.2,62,NA
2021-06-24 14:00:00,945.5,999.2,9,52,NA
2021-06-24 15:00:00,945.9,999.6,10.4,44,NA
2021-06-24 16:00:00,946.5,1000.2,10.6,49,NA
2021-06-24 17:00:00,946.2,999.9,11.5,33,NA
2021-06-24 18:00:00,NA,999.5,10.9,45,NA
2021-06-24 19:00:00,945.8,999.4,10.6,42,NA
2021-06-24 20:00:00,946.1,999.8,9.9,43,NA
2021-06-24 21:00:00,946.7,1000.3,8.5,44,NA
2021-06-24 22:00:00,946.6,1000.2,6.8,53,NA
2021-06-24 23:00:00,946.7,1000.3,5.8,56,NA
2021-06-25 00:00:00,NA,1001,5.6,56,NA
2021-06-26 00:00:00,958,NA,NA,NA,NA
2021-06-26 12:00:00,NA,1025.9,0.8,79,NA
2021-06-26 13:00:00,NA,1026.5,1.2,74,NA
2021-06-26 14:00:00,NA,1027.2,3.3,64,NA
2021-06-26 15:00:00,NA,1027.5,4.6,56,NA
2021-06-26 16:00:00,NA,1027.9,5.3,54,NA
2021-06-26 17:00:00,NA,1027.9,6.1,51,NA
2021-06-26 18:00:00,NA,1027,6.7,52,NA
2021-06-26 19:00:00,NA,1027,6.8,48,NA
2021-06-26 20:00:00,NA,1027.9,6.6,47,NA
2021-06-26 21:00:00,NA,1028.2,5.3,54,NA
2021-06-26 22:00:00,NA,1031,3.7,54,NA
2021-06-26 23:00:00,NA,1031.4,1.9,63,NA
2021-06-27 00:00:00,NA,1031.4,1.5,64,NA
2021-06-28 12:00:00,NA,1026.8,3.2,43,NA
2021-06-28 13:00:00,NA,1026.6,2.9,40,NA
2021-06-28 14:00:00,NA,1026.6,5.9,23,NA
2021-06-28 15:00:00,NA,1026.3,7.3,27,NA
2021-06-28 16:00:00,NA,1025.4,8.9,27,NA
2021-06-28 17:00:00,NA,1024.6,10.1,29,NA
2021-06-28 18:00:00,NA,1023.8,10.5,28,NA
2021-06-28 19:00:00,NA,1023.5,11.3,25,NA
2021-06-28 20:00:00,NA,1023.5,10.6,30,NA
2021-06-28 21:00:00,NA,1023.5,6.5,43,NA
2021-06-28 22:00:00,NA,1024.8,6.4,38,NA
2021-06-28 23:00:00,NA,1023.5,5.8,39,NA
2021-06-29 00:00:00,NA,1024.5,5.2,39,NA
2021-06-30 00:00:00,956.6,NA,NA,NA,NA
2021-06-30 12:00:00,952.3,1007.1,4.6,34,NA
2021-06-30 13:00:00,951.8,1006.2,5.5,35,NA
2021-06-30 14:00:00,951.4,1005.8,6.7,35,NA
2021-06-30 15:00:00,951.1,1005.5,6.3,47,NA
2021-06-30 16:00:00,949.8,1003.8,7.8,35,NA
2021-06-30 17:00:00,949.4,1003.8,8.9,31,NA
2021-06-30 18:00:00,949.2,1003.1,8.2,35,NA
2021-06-30 19:00:00,949.2,1003.1,8.3,27,NA
2021-06-30 20:00:00,949.6,1003.9,9.5,25,NA
2021-06-30 21:00:00,950.4,1004.7,9.3,28,NA
2021-06-30 22:00:00,951.2,1005.5,8.3,33,NA
2021-06-30 23:00:00,NA,1007,7.3,49,NA
2021-07-01 00:00:00,NA,1006.4,7.1,55,NA
