2021-01-07 00:00:00,991.4,NA,NA,NA,NA
2021-01-07 01:00:00,991.4,NA,NA,NA,NA
2021-01-07 11:00:00,991.2,1007,18.8,56,NA
2021-01-07 12:00:00,992.6,1008.4,19.8,30,NA
2021-01-07 13:00:00,993.2,1009.1,20.2,25,NA
2021-01-07 14:00:00,993.4,1009.4,20,26,NA
2021-01-07 15:00:00,993.7,1009.6,22.4,23,NA
2021-01-07 16:00:00,993.7,1009.5,23.8,19,NA
2021-01-07 17:00:00,993.8,1009.6,23.2,28,NA
2021-01-07 18:00:00,994.4,1010.3,22.2,34,NA
2021-01-07 19:00:00,994.6,1010.5,21.4,37,NA
2021-01-07 20:00:00,994.9,1010.8,20,41,NA
2021-01-07 21:00:00,994.8,1010.8,19.8,40,NA
2021-01-07 22:00:00,995.4,1011.3,18.8,42,NA
2021-01-07 23:00:00,995.8,1011.9,18,44,NA
2021-01-08 00:00:00,NA,1012.4,16.6,57,NA
2021-01-08 01:00:00,NA,1012.8,15.4,56,NA
2021-01-09 00:00:00,990.6,NA,NA,NA,NA
2021-01-09 01:00:00,991.2,NA,NA,NA,NA
2021-01-09 12:00:00,988.6,1004.3,21.2,28,NA
2021-01-09 18:00:00,NA,998.7,26.4,18,NA
2021-01-10 00:00:00,NA,996,25.6,10,NA
2021-01-11 00:00:00,985.6,NA,NA,NA,NA
2021-01-11 11:00:00,991.4,1007.5,12.8,37,NA
2021-01-11 12:00:00,991.6,1007.6,13,32,NA
2021-01-11 13:00:00,992.2,1008.2,14.6,26,NA
2021-01-11 14:00:00,992.6,1008.6,15.4,23,NA
2021-01-11 15:00:00,993,1009.2,16.4,20,NA
2021-01-11 16:00:00,993.4,1009.6,17,19,NA
2021-01-11 17:00:00,993.3,1009.3,17.8,18,NA
2021-01-11 18:00:00,993.3,1009.3,18.8,19,NA
2021-01-11 19:00:00,993.8,1009.9,20.4,17,NA
2021-01-11 20:00:00,994,1010,20.4,16,NA
2021-01-11 21:00:00,994.1,1010.2,20.4,16,NA
2021-01-11 22:00:00,994.5,1010.6,19.4,22,NA
2021-01-11 23:00:00,995.4,1011.7,16.8,36,NA
2021-01-12 00:00:00,NA,1012.1,15.6,45,NA
2021-01-12 01:00:00,NA,1012.3,15.8,38,NA
2021-01-13 00:00:00,998.9,NA,NA,NA,NA
2021-01-13 01:00:00,999.7,NA,NA,NA,NA
2021-01-13 11:00:00,1004.2,1020.4,15.8,77,NA
2021-01-13 12:00:00,1004.8,1021,18,61,NA
2021-01-13 13:00:00,1004.2,1020.3,19.8,48,NA
2021-01-13 14:00:00,1003.8,1019.9,20,48,NA
2021-01-13 15:00:00,1003.2,1019.3,22.2,44,NA
2021-01-13 16:00:00,1003,1019.1,23.7,39,NA
2021-01-13 17:00:00,1002.2,1018.4,24.2,39,NA
2021-01-13 18:00:00,1001.4,1017.6,24,40,NA
2021-01-13 19:00:00,1001,1017.1,24.6,40,NA
2021-01-13 20:00:00,1000.3,1016.3,24.2,38,NA
2021-01-13 21:00:00,999.7,1015.8,22.4,43,NA
2021-01-13 22:00:00,999.1,1015.2,21,50,NA
2021-01-13 23:00:00,998.7,1014.7,19.8,56,NA
2021-01-14 00:00:00,NA,1014.4,18.6,61,NA
2021-01-14 01:00:00,NA,1014,18,62,NA
2021-01-15 00:00:00,990.2,NA,NA,NA,NA
2021-01-15 01:00:00,990.2,NA,NA,NA,NA
2021-01-15 11:00:00,986.8,1002.6,18.4,88,NA
2021-01-15 12:00:00,986.8,1002.6,20.2,75,NA
2021-01-15 13:00:00,986.8,1002.5,20.4,75,NA
2021-01-15 14:00:00,986.5,1002.2,21.4,71,NA
2021-01-15 15:00:00,987.3,1003.1,20.4,73,NA
2021-01-15 16:00:00,987.8,1003.7,18.6,79,NA
2021-01-15 17:00:00,988.1,1004,17.2,86,NA
2021-01-15 18:00:00,988.9,1004.9,16.4,94,NA
2021-01-15 19:00:00,989,1005.1,15.8,94,NA
2021-01-15 20:00:00,988.9,1004.9,16,94,NA
2021-01-15 21:00:00,988.9,1004.8,17,88,NA
2021-01-15 22:00:00,988.6,1004.6,17.6,79,NA
2021-01-15 23:00:00,989.7,1005.6,17.4,77,NA
2021-01-16 00:00:00,NA,1007,16.8,78,NA
2021-01-16 01:00:00,NA,1007.6,16.4,78,NA
2021-01-17 00:00:00,996.2,NA,NA,NA,NA
2021-01-17 12:00:00,996.4,1012.4,20.2,39,NA
2021-01-17 18:00:00,NA,1009.6,22.6,46,NA
2021-01-17 19:00:00,NA,1009.2,21.4,52,NA
2021-01-18 00:00:00,NA,1007.3,18.2,71,NA
2021-01-19 12:00:00,NA,1014.3,20.8,59,NA
2021-01-19 13:00:00,NA,1013.8,23.4,49,NA
2021-01-19 14:00:00,NA,1013.8,26.4,35,NA
2021-01-19 15:00:00,NA,1014.1,26.2,37,NA
2021-01-19 16:00:00,NA,1014.1,25.8,40,NA
2021-01-19 17:00:00,NA,1014.2,24.8,41,NA
2021-01-19 18:00:00,NA,1014.2,24,51,NA
2021-01-19 19:00:00,NA,1014,23.7,50,NA
2021-01-19 20:00:00,NA,1013.4,23.8,48,NA
2021-01-19 21:00:00,NA,1013.3,24.4,47,NA
2021-01-19 22:00:00,NA,1013.1,24.4,46,NA
2021-01-19 23:00:00,NA,1013.2,23,52,NA
2021-01-20 01:00:00,NA,1014.1,20.4,52,NA
2021-01-21 11:00:00,NA,1011.9,23.2,45,NA
2021-01-21 12:00:00,NA,1012.1,26.6,31,NA
2021-01-21 13:00:00,NA,1012.2,28.8,35,NA
2021-01-21 14:00:00,NA,1012,29.6,30,NA
2021-01-21 15:00:00,NA,1011.8,30.4,28,NA
2021-01-21 16:00:00,NA,1011.4,30.1,28,NA
2021-01-21 17:00:00,NA,1011.1,29.4,30,NA
2021-01-21 18:00:00,NA,1011.4,28.1,24,NA
2021-01-21 19:00:00,NA,1011,27.4,34,NA
2021-01-21 20:00:00,NA,1010.3,28.2,35,NA
2021-01-21 21:00:00,NA,1009.6,26.6,40,NA
2021-01-21 22:00:00,NA,1008.1,26.8,41,NA
2021-01-21 23:00:00,NA,1008.1,26.8,41,NA
2021-01-22 00:00:00,NA,1008.4,24.4,52,NA
2021-01-22 01:00:00,NA,1009.2,23.2,58,NA
2021-01-23 03:00:00,NA,1004.3,20,61,NA
2021-01-23 12:00:00,NA,1009.8,28.8,27,NA
2021-01-23 18:00:00,NA,1013.2,23.4,53,NA
2021-01-24 00:00:00,NA,1014.1,17.4,75,NA
2021-01-25 11:00:00,NA,1004.1,19.6,28,NA
2021-01-25 12:00:00,NA,1004.8,20.6,26,NA
2021-01-25 13:00:00,NA,1005,22.6,24,NA
2021-01-25 14:00:00,NA,1004.5,24.6,19,NA
2021-01-25 15:00:00,NA,1004.4,25.6,20,NA
2021-01-25 16:00:00,NA,1004.4,26.6,18,NA
2021-01-25 17:00:00,NA,1003.9,27.4,16,NA
2021-01-25 18:00:00,NA,1003.3,28,14,NA
2021-01-25 19:00:00,NA,1002.7,29.2,14,NA
2021-01-25 20:00:00,NA,1002.2,29.2,12,NA
2021-01-25 21:00:00,NA,1001.7,29.8,11,NA
2021-01-25 22:00:00,NA,1002,27.8,14,NA
2021-01-25 23:00:00,NA,1002.3,26,16,NA
2021-01-26 00:00:00,NA,1003.7,23.8,22,NA
2021-01-26 01:00:00,NA,1005.9,19.6,54,NA
2021-01-26 15:00:00,993.8,NA,21.8,17,NA
2021-01-26 16:00:00,993.4,NA,22.6,16,NA
2021-01-26 17:00:00,992.9,NA,23.4,16,NA
2021-01-26 18:00:00,992,NA,22.8,17,NA
2021-01-26 19:00:00,991.7,NA,24.6,18,NA
2021-01-26 20:00:00,991.3,NA,19.4,41,NA
2021-01-27 09:00:00,NA,1010.2,9.4,59,NA
2021-01-27 10:00:00,NA,1010.1,11.6,51,NA
2021-01-27 11:00:00,NA,1009.7,16.2,40,NA
2021-01-27 12:00:00,NA,1009.6,17.2,35,NA
2021-01-27 13:00:00,NA,1009.2,18.2,33,NA
2021-01-27 14:00:00,NA,1008.4,19.8,30,NA
2021-01-27 15:00:00,NA,1007.9,19.8,27,NA
2021-01-27 16:00:00,NA,1007.1,20,26,NA
2021-01-27 17:00:00,NA,1006.2,20,27,NA
2021-01-27 18:00:00,NA,1005.7,20.4,27,NA
2021-01-27 19:00:00,NA,1005.4,18.8,39,NA
2021-01-27 20:00:00,NA,1004.3,19.6,37,NA
2021-01-27 21:00:00,NA,1004.4,19.2,38,NA
2021-01-27 22:00:00,NA,1004,18.2,49,NA
2021-01-27 23:00:00,NA,1003.9,18.6,48,NA
2021-01-28 00:00:00,NA,1004.3,19,39,NA
2021-01-28 01:00:00,NA,1005.2,17.4,41,NA
2021-01-29 11:00:00,NA,1003.7,13.8,43,NA
2021-01-29 12:00:00,NA,1003.9,15.6,36,NA
2021-01-29 13:00:00,NA,1003.6,17.2,34,NA
2021-01-29 14:00:00,NA,1003.8,18.8,29,NA
2021-01-29 15:00:00,NA,1003.8,20,26,NA
2021-01-29 16:00:00,NA,1003.8,20.6,24,NA
2021-01-29 17:00:00,NA,1003.7,21.4,NA,NA
2021-01-29 18:00:00,NA,1004.2,20.8,40,NA
2021-01-29 19:00:00,NA,1004.7,19.4,44,NA
2021-01-29 20:00:00,NA,1005.7,18.4,46,NA
2021-01-29 21:00:00,NA,1006.5,17.8,46,NA
2021-01-29 22:00:00,NA,1007,16.4,50,NA
2021-01-29 23:00:00,NA,1007.9,15.2,52,NA
2021-01-30 00:00:00,NA,1009,14.2,56,NA
2021-01-30 01:00:00,NA,1010.1,13.4,59,NA
2021-01-30 18:00:00,1000.2,NA,NA,NA,NA
2021-01-31 12:00:00,1003.7,1019.9,17.8,57,NA
2021-01-31 18:00:00,1000.6,1016.5,25.8,31,NA
2021-02-01 00:00:00,1000.4,1016.4,19.4,52,NA
2021-02-01 01:00:00,1001.3,1017.3,19,62,NA
2021-02-02 00:00:00,996.5,NA,NA,NA,NA
2021-02-02 01:00:00,996.6,NA,NA,NA,NA
2021-02-02 11:00:00,996.6,1012.5,17.4,58,NA
2021-02-02 12:00:00,997.2,1013.1,18.4,54,NA
2021-02-02 13:00:00,997.6,1013.4,21.6,43,NA
2021-02-02 14:00:00,997.8,1013.6,26.6,25,NA
2021-02-02 15:00:00,997.8,1013.7,26.7,24,NA
2021-02-02 16:00:00,997.8,1013.7,25.6,29,NA
2021-02-02 17:00:00,NA,1013.7,26.7,26,NA
2021-02-02 18:00:00,997.4,1013.2,28.2,25,NA
2021-02-02 19:00:00,997.2,1013,27.4,33,NA
2021-02-02 20:00:00,997,1012.8,28.2,33,NA
2021-02-02 21:00:00,996.6,1012.3,30.4,22,NA
2021-02-02 22:00:00,996.6,1012.4,29.6,19,NA
2021-02-02 23:00:00,997.2,1013,27.6,22,NA
2021-02-03 00:00:00,NA,1013.7,24.6,31,NA
2021-02-03 01:00:00,NA,1014.3,22,41,NA
2021-02-04 00:00:00,1000.9,NA,NA,NA,NA
2021-02-04 01:00:00,1001.8,NA,NA,NA,NA
2021-02-04 11:00:00,1003,1018.8,17.8,90,NA
2021-02-04 12:00:00,1002.6,1018.6,20.8,75,NA
2021-02-04 13:00:00,1002.1,1017.9,27.7,35,NA
2021-02-04 14:00:00,1001.3,1017,30.6,25,NA
2021-02-04 15:00:00,1000.6,1016.3,32.6,20,NA
2021-02-04 16:00:00,999.8,1015.4,34.4,17,NA
2021-02-04 17:00:00,998.9,1014.5,35.7,16,NA
2021-02-04 18:00:00,998.2,1013.8,35,14,NA
2021-02-04 19:00:00,997.6,1013.2,35,14,NA
2021-02-04 20:00:00,997,1012.6,35,13,NA
2021-02-04 21:00:00,996.5,1012.1,34.4,20,NA
2021-02-04 22:00:00,996,1011.6,32.6,23,NA
2021-02-04 23:00:00,NA,1011.6,30.8,16,NA
2021-02-05 00:00:00,NA,1011.2,28.6,21,NA
2021-02-05 11:00:00,NA,1008,26.8,20,NA
2021-02-05 12:00:00,NA,1008.7,29,20,NA
2021-02-05 13:00:00,NA,1008.9,31,17,NA
2021-02-05 14:00:00,NA,1008.8,33.2,14,NA
2021-02-05 15:00:00,NA,1008.9,35.2,11,NA
2021-02-05 16:00:00,NA,1008.8,36.6,12,NA
2021-02-05 17:00:00,NA,1009.6,31.2,26,NA
2021-02-05 18:00:00,NA,1009.5,30,33,NA
2021-02-05 19:00:00,NA,1010.4,27.6,33,NA
2021-02-05 20:00:00,NA,1011.5,23,52,NA
2021-02-05 21:00:00,NA,1012.5,20.8,57,NA
2021-02-05 22:00:00,NA,1013.3,18.4,72,NA
2021-02-05 23:00:00,NA,1013.8,17.4,73,NA
2021-02-06 00:00:00,998.4,1014.2,17.2,63,NA
2021-02-06 01:00:00,999,1014.8,17,61,NA
2021-02-06 12:00:00,1002.8,NA,NA,NA,NA
2021-02-06 18:00:00,999.6,NA,NA,NA,NA
2021-02-07 18:00:00,1009.8,NA,NA,NA,NA
2021-02-08 00:00:00,1008.9,NA,NA,NA,NA
2021-02-08 11:00:00,NA,1024,12.8,75,NA
2021-02-08 12:00:00,NA,1023.9,14.8,70,NA
2021-02-08 13:00:00,NA,1023.6,17,56,NA
2021-02-08 14:00:00,NA,1023.4,18.8,46,NA
2021-02-08 15:00:00,NA,1022.7,20,41,NA
2021-02-08 16:00:00,NA,1021.9,21.6,35,NA
2021-02-08 17:00:00,NA,1021.7,21.6,37,NA
2021-02-08 18:00:00,NA,1021.1,22.4,36,NA
2021-02-08 19:00:00,NA,1020.5,22.8,31,NA
2021-02-08 20:00:00,NA,1019.7,23,29,NA
2021-02-08 21:00:00,NA,1019.6,22.8,34,NA
2021-02-08 22:00:00,NA,1019.6,20.8,40,NA
2021-02-08 23:00:00,NA,1019.9,19.4,46,NA
2021-02-09 00:00:00,NA,1020.4,16.8,63,NA
2021-02-09 01:00:00,NA,1020.9,15.8,67,NA
2021-02-10 11:00:00,NA,1016.7,18.4,73,NA
2021-02-10 12:00:00,NA,1016.9,21.4,58,NA
2021-02-10 13:00:00,NA,1016.8,23.6,50,NA
2021-02-10 14:00:00,NA,1016.5,25.6,45,NA
2021-02-10 15:00:00,NA,1016,28.6,37,NA
2021-02-10 16:00:00,NA,1015.5,29.8,32,NA
2021-02-10 17:00:00,NA,1015.1,30,32,NA
2021-02-10 18:00:00,NA,1014.3,30.2,31,NA
2021-02-10 19:00:00,NA,1013.7,29.6,28,NA
2021-02-10 20:00:00,NA,1013.2,29,26,NA
2021-02-10 21:00:00,NA,1013.1,27.8,27,NA
2021-02-10 22:00:00,NA,1012.7,27.4,29,NA
2021-02-10 23:00:00,NA,1012.7,24.4,45,NA
2021-02-11 00:00:00,NA,1012.9,21.2,58,NA
2021-02-11 01:00:00,997.4,NA,20.6,58,NA
2021-02-11 11:00:00,995.2,NA,18.2,74,NA
2021-02-11 12:00:00,995,NA,22,54,NA
2021-02-11 13:00:00,994.2,NA,24.7,40,NA
2021-02-11 14:00:00,994,NA,27,37,NA
2021-02-11 15:00:00,993.6,NA,28.7,39,NA
2021-02-11 16:00:00,993,NA,29.7,37,NA
2021-02-11 17:00:00,992.8,NA,30,36,NA
2021-02-11 18:00:00,992.1,NA,30.6,37,NA
2021-02-11 19:00:00,991.4,NA,30.2,35,NA
2021-02-11 20:00:00,991,NA,30.8,31,NA
2021-02-11 21:00:00,990.6,NA,30.4,28,NA
2021-02-11 22:00:00,990.2,NA,29.6,28,NA
2021-02-11 23:00:00,990.6,NA,27.6,33,NA
2021-02-12 05:00:00,NA,1009.3,21.4,62,NA
2021-02-12 11:00:00,NA,1012.6,19.8,57,NA
2021-02-12 12:00:00,NA,1013.2,20.2,60,NA
2021-02-12 13:00:00,NA,1013.7,20,66,NA
2021-02-12 14:00:00,NA,1014.4,21.4,64,NA
2021-02-12 15:00:00,NA,1014.6,23.4,60,NA
2021-02-12 16:00:00,NA,1014.2,24.8,56,NA
2021-02-12 17:00:00,NA,1013.8,26.4,49,NA
2021-02-12 18:00:00,NA,1013.6,23.6,62,NA
2021-02-12 19:00:00,NA,1013.1,23.8,59,NA
2021-02-12 20:00:00,NA,1012.7,22.8,65,NA
2021-02-12 21:00:00,NA,1012.2,22,69,NA
2021-02-12 22:00:00,NA,1011.8,20.2,80,NA
2021-02-12 23:00:00,NA,1012,19.8,80,NA
2021-02-13 00:00:00,996.4,NA,18.4,88,NA
2021-02-13 11:00:00,994.4,NA,18.8,92,NA
2021-02-13 12:00:00,994.2,NA,20.2,85,NA
2021-02-13 16:00:00,991.4,NA,28,53,NA
2021-02-13 18:00:00,989.8,NA,29.8,43,NA
2021-02-14 11:00:00,NA,1010.3,17,54,NA
2021-02-14 12:00:00,NA,1011,18.2,52,NA
2021-02-14 16:00:00,NA,1012.5,22.2,25,NA
2021-02-14 17:00:00,NA,1012.8,21.8,32,NA
2021-02-14 18:00:00,NA,1013.4,20.8,43,NA
2021-02-14 19:00:00,NA,1014,20,48,NA
2021-02-15 00:00:00,1001.8,NA,14.8,64,NA
2021-02-15 09:00:00,991.2,NA,16.9,84,NA
2021-02-15 13:00:00,1005,NA,15.8,59,NA
2021-02-15 14:00:00,1004.7,NA,16.4,55,NA
2021-02-15 15:00:00,1004.2,NA,17.6,49,NA
2021-02-15 16:00:00,1003.7,NA,19,41,NA
2021-02-15 17:00:00,1003.3,NA,18.8,44,NA
2021-02-15 18:00:00,1003,NA,19,41,NA
2021-02-15 19:00:00,1002.4,NA,18.4,47,NA
2021-02-15 20:00:00,1001.7,NA,17.4,49,NA
2021-02-15 21:00:00,1001.4,NA,17.2,50,NA
2021-02-15 22:00:00,1000.6,NA,16.4,53,NA
2021-02-15 23:00:00,1000.2,NA,15.4,57,NA
2021-02-16 11:00:00,NA,1013,12.8,82,NA
2021-02-16 12:00:00,NA,1012.8,15.4,69,NA
2021-02-16 13:00:00,NA,1012,18,61,NA
2021-02-16 14:00:00,NA,1011.8,20.4,49,NA
2021-02-16 15:00:00,NA,1011.3,22.4,44,NA
2021-02-16 16:00:00,NA,1010.6,24.2,39,NA
2021-02-16 17:00:00,NA,1010.1,25.4,38,NA
2021-02-16 18:00:00,NA,1009.8,22.4,51,NA
2021-02-16 19:00:00,NA,1009.2,22.4,52,NA
2021-02-16 20:00:00,NA,1008.7,21.8,54,NA
2021-02-16 21:00:00,NA,1008.3,22.2,45,NA
2021-02-16 22:00:00,NA,1007.9,21,48,NA
2021-02-16 23:00:00,NA,1007.9,20,56,NA
2021-02-17 00:00:00,992.2,NA,19,50,NA
2021-02-17 01:00:00,992.8,NA,16.4,72,NA
2021-02-17 11:00:00,993,NA,14.6,82,NA
2021-02-17 12:00:00,993.6,NA,17,72,NA
2021-02-17 13:00:00,993.4,NA,20,56,NA
2021-02-17 14:00:00,993.4,NA,23,35,NA
2021-02-17 15:00:00,993.2,NA,24,34,NA
2021-02-17 16:00:00,992.6,NA,24.6,24,NA
2021-02-17 17:00:00,992.1,NA,26.4,20,NA
2021-02-17 18:00:00,991.6,NA,25.2,31,NA
2021-02-17 19:00:00,991.2,NA,22.6,47,NA
2021-02-17 20:00:00,990.7,NA,22.6,51,NA
2021-02-17 21:00:00,990.1,NA,21.4,53,NA
2021-02-17 22:00:00,989.7,NA,20.4,58,NA
2021-02-17 23:00:00,989.7,NA,20,56,NA
2021-02-18 11:00:00,NA,1003.6,18,43,NA
2021-02-18 12:00:00,NA,1003.8,20.4,34,NA
2021-02-18 13:00:00,NA,1003.3,23.4,32,NA
2021-02-18 14:00:00,NA,1003.1,24,31,NA
2021-02-18 15:00:00,NA,1002.5,24.6,29,NA
2021-02-18 16:00:00,NA,1002.1,27.2,25,NA
2021-02-18 17:00:00,NA,1001.6,27.4,24,NA
2021-02-18 18:00:00,NA,1001.7,27.2,22,NA
2021-02-18 19:00:00,NA,1001.3,26.8,23,NA
2021-02-18 20:00:00,NA,1000.9,26,23,NA
2021-02-18 21:00:00,NA,999.9,27.6,21,NA
2021-02-18 22:00:00,NA,999.9,26.4,22,NA
2021-02-18 23:00:00,NA,1004.2,16.4,66,NA
2021-02-19 00:00:00,990.1,NA,13.4,86,NA
2021-02-19 01:00:00,990.9,NA,13.2,81,NA
2021-02-19 02:00:00,991.3,NA,12.6,81,NA
2021-02-19 11:00:00,995.2,NA,11.2,48,NA
2021-02-19 12:00:00,996,NA,12,47,NA
2021-02-19 13:00:00,996.4,NA,14.2,42,NA
2021-02-19 14:00:00,996.7,NA,15.2,40,NA
2021-02-19 15:00:00,996.7,NA,16.2,35,NA
2021-02-19 16:00:00,996.7,NA,17.2,28,NA
2021-02-19 17:00:00,996.7,NA,18.6,25,NA
2021-02-19 18:00:00,997,NA,18.8,21,NA
2021-02-19 19:00:00,996.9,NA,19.2,22,NA
2021-02-19 20:00:00,996.4,NA,19.4,23,NA
2021-02-19 21:00:00,996.6,NA,19.2,22,NA
2021-02-19 22:00:00,996.9,NA,19.2,22,NA
2021-02-19 23:00:00,997.6,NA,15.8,39,NA
2021-02-20 12:00:00,NA,1015.4,13.8,39,NA
2021-02-20 18:00:00,NA,1011.7,23.2,22,NA
2021-02-20 20:00:00,NA,1009.7,24.6,24,NA
2021-02-20 21:00:00,NA,1009.5,23,27,NA
2021-02-20 22:00:00,NA,1009.6,22.2,34,NA
2021-02-20 23:00:00,NA,1009.2,20.4,37,NA
2021-02-21 00:00:00,993.4,NA,18.4,40,NA
2021-02-21 12:00:00,990.4,NA,18,41,NA
2021-02-21 14:00:00,989.7,NA,24,26,NA
2021-02-21 15:00:00,989.1,NA,25,21,NA
2021-02-21 16:00:00,988.3,NA,24.6,22,NA
2021-02-21 18:00:00,986.6,NA,28,13,NA
2021-02-22 11:00:00,NA,1010.8,12.4,49,NA
2021-02-22 12:00:00,NA,1011.5,14.2,42,NA
2021-02-22 13:00:00,NA,1011.5,16,38,NA
2021-02-22 14:00:00,NA,1011.8,18,34,NA
2021-02-22 15:00:00,NA,1011.5,18.8,31,NA
2021-02-22 16:00:00,NA,1011.1,20.4,25,NA
2021-02-22 17:00:00,NA,1010.4,21.4,23,NA
2021-02-22 18:00:00,NA,1010.1,21.8,23,NA
2021-02-22 19:00:00,NA,1009.5,23,19,NA
2021-02-22 20:00:00,NA,1009.5,23.2,18,NA
2021-02-22 21:00:00,NA,1009.3,23.4,19,NA
2021-02-22 22:00:00,NA,1009.5,22.8,19,NA
2021-02-22 23:00:00,NA,1009.7,21.4,19,NA
2021-02-23 00:00:00,994.2,NA,17.2,59,NA
2021-02-23 01:00:00,994.8,NA,15.6,67,NA
2021-02-23 11:00:00,997.7,NA,15,49,NA
2021-02-23 12:00:00,998.6,NA,17.7,44,NA
2021-02-23 13:00:00,999.3,NA,19.2,44,NA
2021-02-23 14:00:00,1000.2,NA,19.7,42,NA
2021-02-23 15:00:00,1000.6,NA,20.8,43,NA
2021-02-23 16:00:00,1000.6,NA,20.8,44,NA
2021-02-23 17:00:00,1000.6,NA,22.4,38,NA
2021-02-23 18:00:00,1000.3,NA,21.7,38,NA
2021-02-23 19:00:00,1000,NA,20.4,50,NA
2021-02-23 20:00:00,1000,NA,20,51,NA
2021-02-23 21:00:00,999.7,NA,19,53,NA
2021-02-23 22:00:00,999.7,NA,18,57,NA
2021-02-23 23:00:00,1000,NA,16.6,60,NA
2021-02-24 11:00:00,NA,1010.5,17.4,51,NA
2021-02-24 12:00:00,NA,1010.4,22,35,NA
2021-02-24 13:00:00,NA,1010.4,25.4,29,NA
2021-02-24 14:00:00,NA,1009.6,28,23,NA
2021-02-24 15:00:00,NA,1009.6,28.8,21,NA
2021-02-24 16:00:00,NA,1008.8,29.8,20,NA
2021-02-24 17:00:00,NA,1008.3,31.6,19,NA
2021-02-24 18:00:00,NA,1008,32.8,16,NA
2021-02-24 19:00:00,NA,1008.3,26.4,33,NA
2021-02-24 20:00:00,NA,1008.1,25,35,NA
2021-02-24 21:00:00,NA,1007.8,23.8,38,NA
2021-02-24 22:00:00,NA,1007.9,22.2,42,NA
2021-02-24 23:00:00,NA,1007.8,20.8,48,NA
2021-02-25 00:00:00,991.8,NA,19.6,54,NA
2021-02-25 01:00:00,992.2,NA,19.8,51,NA
2021-02-25 11:00:00,996.2,NA,21.2,42,NA
2021-02-25 12:00:00,996.6,NA,23.6,39,NA
2021-02-25 13:00:00,996.9,NA,26,35,NA
2021-02-25 14:00:00,996.8,NA,27,33,NA
2021-02-25 15:00:00,996.5,NA,28.4,34,NA
2021-02-25 16:00:00,996.2,NA,28,35,NA
2021-02-25 17:00:00,995.8,NA,27.7,33,NA
2021-02-25 18:00:00,994.8,NA,26.4,37,NA
2021-02-25 19:00:00,994,NA,26.6,36,NA
2021-02-25 20:00:00,993,NA,26,36,NA
2021-02-25 21:00:00,992.8,NA,26.4,37,NA
2021-02-25 22:00:00,992.6,NA,25.6,43,NA
2021-02-25 23:00:00,992.5,NA,25.8,38,NA
2021-02-26 11:00:00,NA,1008.1,17.4,90,NA
2021-02-26 12:00:00,NA,1008.3,18.4,87,NA
2021-02-26 13:00:00,NA,1009.2,20.4,75,NA
2021-02-26 14:00:00,NA,1009.6,21.4,71,NA
2021-02-26 15:00:00,NA,1010.3,21.6,72,NA
2021-02-26 16:00:00,NA,1010.4,20.8,77,NA
2021-02-26 17:00:00,NA,1010.1,22.6,68,NA
2021-02-26 18:00:00,NA,1010.2,22.4,68,NA
2021-02-26 19:00:00,NA,1009.8,23.4,59,NA
2021-02-26 20:00:00,NA,1010.5,21.8,66,NA
2021-02-26 21:00:00,NA,1010.4,24.6,53,NA
2021-02-26 22:00:00,NA,1011.1,23,58,NA
2021-02-26 23:00:00,NA,1012.9,22,66,NA
2021-02-27 00:00:00,997.6,NA,20.4,73,NA
2021-02-27 01:00:00,998.4,NA,19.6,75,NA
2021-02-27 12:00:00,999.8,NA,20,77,NA
2021-02-28 12:00:00,NA,1012.3,20.4,63,NA
2021-02-28 13:00:00,NA,1012,22.8,42,NA
2021-02-28 14:00:00,NA,1012.1,24,33,NA
2021-02-28 15:00:00,NA,1011.9,25.2,34,NA
2021-02-28 16:00:00,NA,1011.3,26.6,23,NA
2021-02-28 18:00:00,NA,1011,26.4,41,NA
2021-02-28 19:00:00,NA,1010.5,26.2,52,NA
2021-02-28 20:00:00,NA,1009.8,27.2,43,NA
2021-03-01 00:00:00,NA,1010.2,21.4,71,NA
2021-03-02 11:00:00,NA,1019.2,14.8,85,NA
2021-03-02 12:00:00,NA,1019.4,15,85,NA
2021-03-02 13:00:00,NA,1019.6,15.7,86,NA
2021-03-02 14:00:00,NA,1019.8,16,81,NA
2021-03-02 15:00:00,NA,1019.8,16.2,83,NA
2021-03-02 16:00:00,NA,1019.4,15.9,83,NA
2021-03-02 17:00:00,NA,1019.4,15,93,NA
2021-03-02 18:00:00,1003.2,1019.4,16.1,84,NA
2021-03-02 19:00:00,1002.5,1018.7,16.4,78,NA
2021-03-02 20:00:00,1002.1,1018.3,16.2,79,NA
2021-03-02 21:00:00,1002.2,1018.5,16.4,76,NA
2021-03-02 22:00:00,1002.2,1018.5,16,79,NA
2021-03-02 23:00:00,1002.9,1019.2,15.4,83,NA
2021-03-03 00:00:00,NA,1019.8,15.4,85,NA
2021-03-03 01:00:00,NA,1020.2,15.4,85,NA
2021-03-04 00:00:00,1000.6,NA,NA,NA,NA
2021-03-04 01:00:00,1000.6,NA,NA,NA,NA
2021-03-04 02:00:00,1001,NA,NA,NA,NA
2021-03-04 11:00:00,1003.8,1020.2,14,93,NA
2021-03-04 12:00:00,1004.2,1020.6,14.6,91,NA
2021-03-04 13:00:00,1004.8,1021.1,14.7,97,NA
2021-03-04 14:00:00,1005.3,1021.6,15.2,94,NA
2021-03-04 15:00:00,1005.6,1021.8,17,85,NA
2021-03-04 16:00:00,1005.7,1021.9,17.7,83,NA
2021-03-04 17:00:00,1005.8,1022.1,18.4,77,NA
2021-03-04 18:00:00,1005.8,1022,17.8,77,NA
2021-03-04 19:00:00,1005.1,1021.3,18.6,74,NA
2021-03-04 20:00:00,1004.6,1020.8,18.6,72,NA
2021-03-04 21:00:00,1004.6,1020.8,18.2,73,NA
2021-03-04 22:00:00,1004.6,1020.8,17.8,73,NA
2021-03-04 23:00:00,1004.6,1020.9,16.2,79,NA
2021-03-05 00:00:00,NA,1020.6,15.4,85,NA
2021-03-05 01:00:00,NA,1020.9,15,85,NA
2021-03-05 20:00:00,992.6,NA,NA,NA,NA
2021-03-06 01:00:00,990.9,NA,NA,NA,NA
2021-03-06 10:00:00,987.3,1003,18.2,84,NA
2021-03-06 11:00:00,987.8,1003.7,18.2,87,NA
2021-03-06 12:00:00,988.2,1004,19.6,80,NA
2021-03-06 13:00:00,988,1003,23.6,66,NA
2021-03-06 14:00:00,988.9,1004.5,27.2,48,NA
2021-03-06 15:00:00,989.2,1004.7,29.4,28,NA
2021-03-06 16:00:00,988.4,1003.9,30.8,23,NA
2021-03-06 17:00:00,988.9,1004.4,31.6,19,NA
2021-03-06 18:00:00,988.6,1004,32.6,14,NA
2021-03-07 00:00:00,NA,1005.3,25.6,46,NA
2021-03-08 00:00:00,991.8,NA,NA,NA,NA
2021-03-08 11:00:00,1003.4,1019.6,8.8,69,NA
2021-03-08 12:00:00,1003.9,1020,13.8,39,NA
2021-03-08 13:00:00,1003.6,1019.6,15.8,29,NA
2021-03-08 14:00:00,1003.3,1019.5,17.4,24,NA
2021-03-08 15:00:00,1003.3,1019.5,18.8,23,NA
2021-03-08 16:00:00,1002.9,1019,20.4,20,NA
2021-03-08 17:00:00,1001.7,1017.8,21.4,21,NA
2021-03-08 18:00:00,1001,1017.1,23,19,NA
2021-03-08 19:00:00,999.8,1016,22.6,27,NA
2021-03-08 20:00:00,999,1015.3,22.2,30,NA
2021-03-08 21:00:00,999,1015.4,20.8,37,NA
2021-03-08 22:00:00,998.9,1015.2,19.8,42,NA
2021-03-08 23:00:00,998.6,1015,18.8,45,NA
2021-03-09 00:00:00,NA,1015,17.2,51,NA
2021-03-09 01:00:00,NA,1014.6,16.2,60,NA
2021-03-10 00:00:00,985.3,NA,NA,NA,NA
2021-03-10 01:00:00,985.3,NA,NA,NA,NA
2021-03-10 11:00:00,983.2,998.8,18.4,51,NA
2021-03-10 12:00:00,983.2,998.7,22.8,33,NA
2021-03-10 13:00:00,982.2,997.6,26.6,22,NA
2021-03-10 14:00:00,981.4,996.8,29.2,16,NA
2021-03-10 15:00:00,981,996.3,30.6,18,NA
2021-03-10 16:00:00,980.6,995.9,31,18,NA
2021-03-10 17:00:00,980.4,995.7,30.2,23,NA
2021-03-10 18:00:00,980.2,995.5,29,24,NA
2021-03-10 19:00:00,979.8,995,29.4,23,NA
2021-03-10 20:00:00,979.5,994.8,29,24,NA
2021-03-10 21:00:00,980.4,995.9,26.4,25,NA
2021-03-10 22:00:00,982.6,998.2,22.6,38,NA
2021-03-10 23:00:00,985,1000.7,21.6,40,NA
2021-03-11 00:00:00,NA,1003.7,17.8,33,NA
2021-03-11 01:00:00,NA,1004.2,16.8,31,NA
2021-03-12 00:00:00,993.7,NA,NA,NA,NA
2021-03-12 01:00:00,994.8,NA,NA,NA,NA
2021-03-12 11:00:00,997.7,1013.8,12.2,70,NA
2021-03-12 12:00:00,998.2,1014.2,15.4,57,NA
2021-03-12 13:00:00,998.2,1014.2,18.4,44,NA
2021-03-12 14:00:00,998.2,1014.1,20,41,NA
2021-03-12 15:00:00,998.2,1014.1,21.8,38,NA
2021-03-12 16:00:00,997.6,1013.5,23,32,NA
2021-03-12 17:00:00,997.2,1013.1,24,30,NA
2021-03-12 18:00:00,996.8,1012.7,24.4,30,NA
2021-03-12 19:00:00,996.4,1012.3,25.2,28,NA
2021-03-12 20:00:00,995.8,1011.8,23.4,36,NA
2021-03-12 21:00:00,995.8,1011.8,22.4,40,NA
2021-03-12 22:00:00,996,1012,21.8,38,NA
2021-03-12 23:00:00,996.2,1012.4,21,39,NA
2021-03-13 00:00:00,NA,1012.6,19.8,40,NA
2021-03-13 01:00:00,NA,1013.1,18.2,47,NA
2021-03-14 12:00:00,NA,1022.8,14.2,82,NA
2021-03-14 18:00:00,NA,1019.7,17.4,69,NA
2021-03-15 00:00:00,NA,1016,15.4,73,NA
2021-03-15 12:00:00,992.2,NA,18.2,78,NA
2021-03-15 13:00:00,991.9,NA,21.6,61,NA
2021-03-15 14:00:00,991.6,NA,24.8,52,NA
2021-03-15 15:00:00,991.3,NA,27,44,NA
2021-03-15 16:00:00,990.4,NA,28.8,41,NA
2021-03-15 17:00:00,989.5,NA,27.8,44,NA
2021-03-15 18:00:00,989.4,NA,26.2,55,NA
2021-03-16 09:00:00,NA,1010.7,11.8,91,NA
2021-03-16 10:00:00,NA,1011.7,11.4,90,NA
2021-03-16 11:00:00,NA,1012.4,12,91,NA
2021-03-16 12:00:00,NA,1013,13.6,87,NA
2021-03-16 13:00:00,NA,1014.2,14.6,89,NA
2021-03-16 14:00:00,NA,1014.8,17.4,82,NA
2021-03-16 15:00:00,NA,1016,17.6,75,NA
2021-03-16 16:00:00,NA,1017.1,17,74,NA
2021-03-16 17:00:00,NA,1017.5,16.6,74,NA
2021-03-16 18:00:00,NA,1019,15.2,75,NA
2021-03-16 19:00:00,NA,1019.8,13.8,78,NA
2021-03-16 20:00:00,NA,1020.6,13,88,NA
2021-03-16 21:00:00,NA,1021.6,12,93,NA
2021-03-16 22:00:00,NA,1023,11.6,95,NA
2021-03-16 23:00:00,NA,1023.5,11,88,NA
2021-03-17 00:00:00,1008.5,NA,12,74,NA
2021-03-17 01:00:00,1009.8,NA,12,69,NA
2021-03-17 11:00:00,1012.9,NA,6.6,73,NA
2021-03-17 12:00:00,1013,NA,8.8,71,NA
2021-03-18 11:00:00,NA,1019.5,6.2,85,NA
2021-03-18 12:00:00,NA,1019,8,81,NA
2021-03-18 13:00:00,NA,1018.6,11.6,69,NA
2021-03-18 14:00:00,NA,1017.5,14.8,53,NA
2021-03-18 15:00:00,NA,1016.5,16.8,45,NA
2021-03-18 16:00:00,NA,1015.3,18.6,35,NA
2021-03-18 17:00:00,NA,1014.2,20,33,NA
2021-03-18 18:00:00,NA,1013.1,21.4,29,NA
2021-03-18 19:00:00,NA,1011.8,22.2,29,NA
2021-03-18 20:00:00,NA,1011,22.4,29,NA
2021-03-18 21:00:00,NA,1010.3,21.2,38,NA
2021-03-18 22:00:00,NA,1009.9,19.4,48,NA
2021-03-18 23:00:00,NA,1009.6,17.6,57,NA
2021-03-19 00:00:00,993,NA,16.6,59,NA
2021-03-19 01:00:00,993.2,NA,16.2,58,NA
2021-03-19 11:00:00,989.8,NA,10.6,72,NA
2021-03-19 12:00:00,989.9,NA,13,64,NA
2021-03-19 13:00:00,989.6,NA,19.4,42,NA
2021-03-19 14:00:00,989.3,NA,21.6,35,NA
2021-03-19 15:00:00,988.7,NA,23,30,NA
2021-03-19 16:00:00,987.8,NA,24.6,27,NA
2021-03-19 17:00:00,986.8,NA,26,24,NA
2021-03-19 18:00:00,985.8,NA,26.2,22,NA
2021-03-19 19:00:00,984.5,NA,26.6,22,NA
2021-03-19 20:00:00,984,NA,27.8,17,NA
2021-03-19 21:00:00,983.8,NA,27.4,17,NA
2021-03-19 22:00:00,984,NA,26.4,22,NA
2021-03-19 23:00:00,984.2,NA,22.2,26,NA
2021-03-20 03:00:00,NA,1002.9,17,33,NA
2021-03-20 06:00:00,NA,1005.6,15,33,NA
2021-03-20 07:00:00,NA,1005.9,13.8,37,NA
2021-03-20 12:00:00,NA,1011.1,16.2,40,NA
2021-03-20 16:00:00,NA,1014.4,21.2,31,NA
2021-03-20 17:00:00,NA,1015.2,21.8,28,NA
2021-03-20 18:00:00,NA,1016.1,21,42,NA
2021-03-21 00:00:00,1004.5,NA,15.2,62,NA
2021-03-21 12:00:00,1006.6,NA,13.2,90,NA
2021-03-21 18:00:00,1004,NA,23.4,37,NA
2021-03-22 11:00:00,NA,1015.9,12.6,64,NA
2021-03-22 12:00:00,NA,1015.5,16.2,53,NA
2021-03-22 13:00:00,NA,1015.3,19.8,42,NA
2021-03-22 14:00:00,NA,1014.8,23.4,30,NA
2021-03-22 15:00:00,NA,1014.5,25.6,23,NA
2021-03-22 16:00:00,NA,1013.6,27.4,21,NA
2021-03-22 17:00:00,NA,1012.8,28.8,15,NA
2021-03-22 18:00:00,NA,1012.4,28.8,23,NA
2021-03-22 19:00:00,NA,1011.7,27.4,29,NA
2021-03-22 20:00:00,NA,1011.1,27.6,28,NA
2021-03-22 21:00:00,NA,1010.8,27.4,28,NA
2021-03-22 22:00:00,NA,1010.9,24.8,36,NA
2021-03-22 23:00:00,NA,1011,23,45,NA
2021-03-23 00:00:00,995.3,NA,21.4,47,NA
2021-03-23 11:00:00,991,NA,10,69,NA
2021-03-23 12:00:00,991.2,NA,15.2,45,NA
2021-03-23 13:00:00,990.6,NA,21.2,28,NA
2021-03-23 14:00:00,990.6,NA,25.8,22,NA
2021-03-23 15:00:00,990.6,NA,29.6,19,NA
2021-03-23 16:00:00,989.8,NA,29.4,20,NA
2021-03-23 17:00:00,990,NA,28.4,16,NA
2021-03-23 18:00:00,989.8,NA,28.6,10,NA
2021-03-23 19:00:00,990,NA,26.6,11,NA
2021-03-23 20:00:00,990,NA,28.2,13,NA
2021-03-23 21:00:00,990.3,NA,27.4,13,NA
2021-03-23 22:00:00,991.3,NA,25.2,22,NA
2021-03-23 23:00:00,992.1,NA,22.4,26,NA
2021-03-24 11:00:00,NA,1016.5,10.6,41,NA
2021-03-24 12:00:00,NA,1017.4,12.8,37,NA
2021-03-24 13:00:00,NA,1017.5,14,32,NA
2021-03-24 14:00:00,NA,1017.9,16,28,NA
2021-03-24 15:00:00,NA,1018.2,16,30,NA
2021-03-24 16:00:00,NA,1018.5,17.6,23,NA
2021-03-24 17:00:00,NA,1018.4,18.2,25,NA
2021-03-24 18:00:00,NA,1018.5,16.8,31,NA
2021-03-24 19:00:00,NA,1018.9,16.8,31,NA
2021-03-24 20:00:00,NA,1018.9,16.8,31,NA
2021-03-24 21:00:00,NA,1019.6,15.6,47,NA
2021-03-24 22:00:00,NA,1020.2,14.6,54,NA
2021-03-24 23:00:00,NA,1020.5,14.2,58,NA
2021-03-25 00:00:00,1004.6,NA,13.8,59,NA
2021-03-25 01:00:00,1005.3,NA,12.2,63,NA
2021-03-25 11:00:00,1005.8,NA,3.6,91,NA
2021-03-25 12:00:00,1005.8,NA,5.4,90,NA
2021-03-25 13:00:00,1005.8,NA,13.2,79,NA
2021-03-25 14:00:00,1005.8,NA,16.2,49,NA
2021-03-25 15:00:00,1005.4,NA,18,36,NA
2021-03-25 16:00:00,1005,NA,19,38,NA
2021-03-25 17:00:00,1004.6,NA,19.2,45,NA
2021-03-25 18:00:00,1004,NA,19.6,47,NA
2021-03-25 19:00:00,1003.8,NA,19,50,NA
2021-03-25 20:00:00,1003.7,NA,17.6,60,NA
2021-03-25 21:00:00,1003.3,NA,19.8,31,NA
2021-03-25 22:00:00,1003.6,NA,19,19,NA
2021-03-25 23:00:00,1004.2,NA,15.2,24,NA
2021-03-26 11:00:00,NA,1020.9,5.2,91,NA
2021-03-26 12:00:00,NA,1021.2,8,86,NA
2021-03-26 13:00:00,NA,1021.3,11.8,63,NA
2021-03-26 14:00:00,NA,1021.7,16,36,NA
2021-03-26 15:00:00,NA,1021.5,18.6,29,NA
2021-03-26 18:00:00,NA,1020,22.2,24,NA
2021-03-26 19:00:00,NA,1020.1,21.6,32,NA
2021-03-26 20:00:00,NA,1020,20,45,NA
2021-03-26 21:00:00,NA,1019.9,19,52,NA
2021-03-26 22:00:00,NA,1020.3,17.2,69,NA
2021-03-26 23:00:00,NA,1020.6,15.2,75,NA
2021-03-27 00:00:00,1004.2,NA,14.6,78,NA
2021-03-27 01:00:00,1004.4,NA,14,82,NA
2021-03-27 02:00:00,1004.4,NA,14,84,NA
2021-03-27 03:00:00,1004.2,NA,11.4,85,NA
2021-03-27 12:00:00,1002.6,NA,11,66,NA
2021-03-27 18:00:00,999.7,NA,26,19,NA
2021-03-28 12:00:00,NA,1014.8,16.8,45,NA
2021-03-29 00:00:00,NA,1016.3,15.4,75,NA
2021-03-28 18:00:00,998.8,NA,24.8,29,NA
2021-03-29 11:00:00,1002.9,NA,13.2,90,NA
2021-03-29 12:00:00,1003,NA,13.6,88,NA
2021-03-29 13:00:00,1003.3,NA,14.8,89,NA
2021-03-29 14:00:00,1003.3,NA,15.6,81,NA
2021-03-29 15:00:00,1003.3,NA,16.8,75,NA
2021-03-29 16:00:00,1002.6,NA,16.8,77,NA
2021-03-29 17:00:00,1002.1,NA,18.2,71,NA
2021-03-29 18:00:00,1001.4,NA,19.8,64,NA
2021-03-29 19:00:00,1001.3,NA,19.4,68,NA
2021-03-29 20:00:00,1001,NA,19.8,60,NA
2021-03-29 21:00:00,1001,NA,19.4,62,NA
2021-03-29 22:00:00,1001,NA,18,67,NA
2021-03-29 23:00:00,1001,NA,16.6,73,NA
2021-03-30 11:00:00,NA,1013,13.4,96,NA
2021-03-30 12:00:00,NA,1015,14.2,96,NA
2021-03-30 13:00:00,NA,1015,17.1,79,NA
2021-03-30 14:00:00,NA,1015,21.6,58,NA
2021-03-30 15:00:00,NA,1014.5,25,39,NA
2021-03-30 16:00:00,NA,1013.9,27.7,33,NA
2021-03-30 17:00:00,NA,1013.1,28.6,32,NA
2021-03-30 18:00:00,NA,1012.5,28.8,24,NA
2021-03-30 19:00:00,NA,1012,27.6,29,NA
2021-03-30 20:00:00,NA,1012.1,26.2,36,NA
2021-03-30 21:00:00,NA,1012.3,24.8,41,NA
2021-03-30 22:00:00,NA,1012.8,23,44,NA
2021-03-30 23:00:00,NA,1013.2,22.4,44,NA
2021-03-31 00:00:00,997.7,NA,20.8,53,NA
2021-03-31 01:00:00,998.4,NA,18.8,64,NA
2021-03-31 11:00:00,1003.6,NA,14.6,89,NA
2021-03-31 17:00:00,1004.5,NA,17.4,68,NA
2021-03-31 18:00:00,1004.2,NA,17.2,70,NA
2021-03-31 19:00:00,1004.1,NA,16,81,NA
2021-03-31 20:00:00,1003.8,NA,15,85,NA
2021-03-31 21:00:00,1003.8,NA,14.8,85,NA
2021-03-31 22:00:00,1004,NA,14.6,82,NA
2021-03-31 23:00:00,1004.5,NA,14.4,84,NA
2021-04-01 11:00:00,NA,1020,10,96,NA
2021-04-01 12:00:00,NA,1020.2,11.2,96,NA
2021-04-01 13:00:00,NA,1020.2,12.8,94,NA
2021-04-01 14:00:00,NA,1019.9,14.2,89,NA
2021-04-01 15:00:00,NA,1019.7,16.2,79,NA
2021-04-01 16:00:00,NA,1019.4,17.2,80,NA
2021-04-01 17:00:00,NA,1018.7,17.2,80,NA
2021-04-01 18:00:00,NA,1018,18,68,NA
2021-04-01 19:00:00,NA,1017.3,19.4,65,NA
2021-04-01 20:00:00,NA,1016.7,18.2,73,NA
2021-04-01 21:00:00,NA,1016.8,18,77,NA
2021-04-01 22:00:00,NA,1016.8,17.4,82,NA
2021-04-01 23:00:00,NA,1016.8,17,80,NA
2021-04-02 00:00:00,1000.5,NA,16,83,NA
2021-04-02 01:00:00,1000.5,NA,16.2,85,NA
2021-04-02 11:00:00,999.2,NA,14.8,91,NA
2021-04-02 12:00:00,999.4,NA,14.8,95,NA
2021-04-02 13:00:00,999.8,NA,16,87,NA
2021-04-02 14:00:00,1000,NA,15.8,87,NA
2021-04-02 15:00:00,999.4,NA,19,75,NA
2021-04-02 16:00:00,999.2,NA,22.2,58,NA
2021-04-02 17:00:00,998.6,NA,21.8,61,NA
2021-04-02 18:00:00,998.1,NA,22.2,58,NA
2021-04-02 19:00:00,997.8,NA,21.6,62,NA
2021-04-02 20:00:00,997.8,NA,20.4,69,NA
2021-04-02 21:00:00,997.4,NA,21.2,67,NA
2021-04-02 22:00:00,997.4,NA,21,60,NA
2021-04-02 23:00:00,997.8,NA,19.2,67,NA
2021-04-03 12:00:00,NA,1013.2,14.6,87,NA
2021-04-03 18:00:00,NA,1010.5,26.4,43,NA
2021-04-04 00:00:00,994.2,NA,20.2,73,NA
2021-04-04 12:00:00,993.4,NA,16.7,82,NA
2021-04-04 16:00:00,991.6,NA,28.2,33,NA
2021-04-04 17:00:00,990.5,NA,29.2,33,NA
2021-04-04 18:00:00,989.4,NA,30,33,NA
2021-04-05 11:00:00,NA,1009.9,15.2,75,NA
2021-04-05 12:00:00,NA,1011.1,15.4,85,NA
2021-04-05 13:00:00,NA,1012.1,15.8,87,NA
2021-04-05 14:00:00,NA,1012.8,16,84,NA
2021-04-05 15:00:00,NA,1013.4,17.6,75,NA
2021-04-05 16:00:00,NA,1013.7,19,67,NA
2021-04-05 17:00:00,NA,1013.7,18.6,70,NA
2021-04-05 18:00:00,NA,1013.7,18.8,70,NA
2021-04-05 19:00:00,NA,1014.4,17,76,NA
2021-04-05 20:00:00,NA,1014.5,16.8,76,NA
2021-04-05 21:00:00,NA,1015.3,15.6,83,NA
2021-04-05 22:00:00,NA,1015.6,15.4,85,NA
2021-04-05 23:00:00,NA,1016.1,14.8,83,NA
2021-04-06 00:00:00,999.8,NA,14.4,84,NA
2021-04-06 01:00:00,1000.6,NA,14.6,91,NA
2021-04-06 11:00:00,996.8,NA,16,98,NA
2021-04-06 12:00:00,996.6,NA,16.2,98,NA
2021-04-06 13:00:00,996.5,NA,17,98,NA
2021-04-06 14:00:00,996,NA,17.6,98,NA
2021-04-06 15:00:00,995.6,NA,17.6,98,NA
2021-04-06 16:00:00,994.8,NA,17.7,98,NA
2021-04-06 17:00:00,994.6,NA,18.1,98,NA
2021-04-06 18:00:00,994.2,NA,17.8,98,NA
2021-04-06 19:00:00,993,NA,17.8,98,NA
2021-04-06 20:00:00,993.3,NA,18,98,NA
2021-04-06 21:00:00,992.6,NA,18.2,98,NA
2021-04-06 22:00:00,992.9,NA,17.8,98,NA
2021-04-06 23:00:00,993.8,NA,17.6,98,NA
2021-04-07 11:00:00,NA,1008.9,13.4,96,NA
2021-04-07 12:00:00,NA,1009.7,13.6,93,NA
2021-04-07 13:00:00,NA,1010.2,14,91,NA
2021-04-07 14:00:00,NA,1010.2,16.4,74,NA
2021-04-07 15:00:00,NA,1010.3,17.8,64,NA
2021-04-07 16:00:00,NA,1009.7,20,47,NA
2021-04-07 17:00:00,NA,1009.3,20.6,40,NA
2021-04-07 18:00:00,NA,1008.5,21,38,NA
2021-04-07 19:00:00,NA,1008.3,21.6,35,NA
2021-04-07 20:00:00,NA,1008.1,21.8,34,NA
2021-04-07 21:00:00,NA,1008.2,19.8,51,NA
2021-04-07 22:00:00,NA,1008.8,18.2,57,NA
2021-04-07 23:00:00,NA,1009.4,17,60,NA
2021-04-08 00:00:00,NA,1009.4,15.8,64,NA
2021-04-08 01:00:00,NA,1009.4,15.6,65,NA
2021-04-08 15:00:00,995.8,NA,19.2,47,NA
2021-04-08 16:00:00,995.7,NA,20.2,44,NA
2021-04-08 17:00:00,995,NA,20.6,44,NA
2021-04-08 18:00:00,995,NA,19.8,36,NA
2021-04-08 19:00:00,994.6,NA,19.2,47,NA
2021-04-08 20:00:00,994.6,NA,19,50,NA
2021-04-08 21:00:00,995,NA,17.4,58,NA
2021-04-08 22:00:00,995.5,NA,16,67,NA
2021-04-08 23:00:00,995.8,NA,14.8,76,NA
2021-04-09 11:00:00,NA,1015,9.2,92,NA
2021-04-09 12:00:00,NA,1015.8,12,88,NA
2021-04-09 13:00:00,NA,1016.9,13.8,78,NA
2021-04-09 14:00:00,NA,1017.7,14,74,NA
2021-04-09 15:00:00,NA,1018.2,14.2,68,NA
2021-04-09 16:00:00,NA,1018.7,15,67,NA
2021-04-09 17:00:00,NA,1018.8,15.4,59,NA
2021-04-09 18:00:00,NA,1018.8,16.4,57,NA
2021-04-09 19:00:00,NA,1018.8,16.8,58,NA
2021-04-09 20:00:00,NA,1019.4,15.8,60,NA
2021-04-09 21:00:00,NA,1019.8,15.2,63,NA
2021-04-09 22:00:00,NA,1020.1,14,70,NA
2021-04-09 23:00:00,NA,1020.6,12.4,75,NA
2021-04-10 00:00:00,NA,1021,11.4,83,NA
2021-04-10 01:00:00,NA,1020.9,11,88,NA
2021-04-10 02:00:00,NA,1021.2,11.4,88,NA
2021-04-11 12:00:00,NA,1013.1,10.8,59,NA
2021-04-11 18:00:00,NA,1010.3,23.8,32,NA
2021-04-11 21:00:00,NA,1009,24.4,32,NA
2021-04-11 22:00:00,NA,1009.1,20.2,44,NA
2021-04-11 23:00:00,NA,1009.2,18.4,48,NA
2021-04-12 00:00:00,NA,1008.7,17.4,55,NA
2021-04-12 01:00:00,NA,1008.3,18.4,48,NA
2021-04-12 02:00:00,NA,1008.3,17.2,51,NA
2021-04-13 11:00:00,NA,1016.4,10.4,70,NA
2021-04-13 12:00:00,NA,1016.7,12.6,70,NA
2021-04-13 13:00:00,1000.6,1016.8,18.2,51,NA
2021-04-13 14:00:00,1000.9,1016.9,20.8,42,NA
2021-04-13 15:00:00,1000.6,1016.7,23.4,32,NA
2021-04-13 16:00:00,1000.4,1016.3,24.8,29,NA
2021-04-13 17:00:00,999.8,1015.7,25.2,25,NA
2021-04-13 18:00:00,998.9,1014.9,24.2,34,NA
2021-04-13 19:00:00,998.2,1014.2,23.4,34,NA
2021-04-13 20:00:00,997.8,1013.9,23,36,NA
2021-04-13 21:00:00,997.4,1013.5,21.6,42,NA
2021-04-13 22:00:00,NA,1013,19.8,46,NA
2021-04-13 23:00:00,996.8,1013,19.4,43,NA
2021-04-14 00:00:00,NA,1012.5,17.4,57,NA
2021-04-14 01:00:00,NA,1011.9,16.8,58,NA
2021-04-14 02:00:00,NA,1011.1,16.4,57,NA
2021-04-15 00:00:00,990.2,NA,NA,NA,NA
2021-04-15 01:00:00,990.9,NA,NA,NA,NA
2021-04-15 11:00:00,998.2,1014.4,10.6,66,NA
2021-04-15 12:00:00,998.6,1014.8,11.6,65,NA
2021-04-15 13:00:00,999,1015.2,14.6,47,NA
2021-04-15 14:00:00,999,1015.1,16.2,33,NA
2021-04-15 15:00:00,999,1015.1,16.8,31,NA
2021-04-15 17:00:00,998.3,1014.4,18.8,25,NA
2021-04-15 18:00:00,997.4,1013.4,19.2,23,NA
2021-04-15 19:00:00,997,1013,20,22,NA
2021-04-15 20:00:00,996.8,1012.8,20.2,21,NA
2021-04-15 21:00:00,996.6,1012.8,19.8,23,NA
2021-04-15 23:00:00,996.8,1013.1,14.6,52,NA
2021-04-16 00:00:00,NA,1012.9,13,62,NA
2021-04-16 01:00:00,NA,1013,13.2,67,NA
2021-04-16 23:00:00,999.4,NA,NA,NA,NA
2021-04-17 01:00:00,1000.2,NA,NA,NA,NA
2021-04-17 12:00:00,1002.2,1018.7,11.6,58,NA
2021-04-17 18:00:00,1000,1016.2,20,33,NA
2021-04-18 00:00:00,NA,1015.5,13.8,82,NA
2021-04-19 00:00:00,992.2,NA,NA,NA,NA
2021-04-19 11:00:00,991.3,1007.2,16.2,84,NA
2021-04-19 12:00:00,991,1006.9,17.2,82,NA
2021-04-19 13:00:00,991,1007,18.4,77,NA
2021-04-19 14:00:00,990.8,1006.6,22,66,NA
2021-04-19 15:00:00,990.4,1006.1,23.8,62,NA
2021-04-19 16:00:00,989.6,1005.3,24.8,59,NA
2021-04-19 17:00:00,988.8,1004.4,25.4,56,NA
2021-04-19 18:00:00,988,1003.6,26.4,57,NA
2021-04-19 19:00:00,988,1003.6,28,51,NA
2021-04-19 20:00:00,988,1003.6,28.8,43,NA
2021-04-19 21:00:00,988.7,1004.4,27.4,37,NA
2021-04-19 22:00:00,989.4,1005.1,26,37,NA
2021-04-19 23:00:00,990.7,1006.5,23.6,46,NA
2021-04-20 00:00:00,NA,1007.3,22.2,54,NA
2021-04-20 01:00:00,NA,1008,20.4,63,NA
2021-04-21 00:00:00,997.8,NA,NA,NA,NA
2021-04-21 01:00:00,998.8,NA,NA,NA,NA
2021-04-21 11:00:00,994.6,1010.8,15.8,98,NA
2021-04-21 12:00:00,995.6,1011.7,15.8,96,NA
2021-04-21 13:00:00,996,1012.1,16,94,NA
2021-04-21 14:00:00,995.8,1011.9,15.4,94,NA
2021-04-21 15:00:00,995.4,1011.6,15.4,91,NA
2021-04-21 16:00:00,995.6,1011.7,15.2,91,NA
2021-04-21 17:00:00,995,1011.1,15.8,87,NA
2021-04-21 18:00:00,995,1011.2,15.6,89,NA
2021-04-21 19:00:00,995.2,1011.3,15.4,89,NA
2021-04-21 20:00:00,996.2,1012.5,15.2,91,NA
2021-04-21 21:00:00,996,1012.2,13.4,91,NA
2021-04-21 22:00:00,995.4,1011.6,13.6,93,NA
2021-04-21 23:00:00,995.7,1011.9,14,93,NA
2021-04-22 00:00:00,NA,1012.4,14.2,93,NA
2021-04-22 01:00:00,NA,1011.6,13.8,93,NA
2021-04-23 00:00:00,997,NA,NA,NA,NA
2021-04-23 01:00:00,997.5,NA,NA,NA,NA
2021-04-23 11:00:00,NA,1011.8,10.8,92,NA
2021-04-23 12:00:00,NA,1012.1,10.8,88,NA
2021-04-23 13:00:00,NA,1012.4,11.6,81,NA
2021-04-23 14:00:00,NA,1012.5,15,63,NA
2021-04-23 15:00:00,NA,1012.6,16.4,48,NA
2021-04-23 16:00:00,NA,1012.5,16.8,49,NA
2021-04-23 17:00:00,NA,1012.2,17.2,47,NA
2021-04-23 18:00:00,NA,1012.8,17,43,NA
2021-04-23 19:00:00,NA,1012.6,17.2,44,NA
2021-04-23 20:00:00,NA,1013.2,16.6,43,NA
2021-04-23 21:00:00,NA,1013.8,15.6,47,NA
2021-04-23 22:00:00,NA,1014.7,13,56,NA
2021-04-23 23:00:00,NA,1015.5,11.4,69,NA
2021-04-24 00:00:00,NA,1016.3,10.4,75,NA
2021-04-24 01:00:00,NA,1016.5,9,76,NA
2021-04-25 12:00:00,NA,1021,9.6,67,NA
2021-04-25 18:00:00,NA,1017.5,19,52,NA
2021-04-26 00:00:00,NA,1016.1,13.8,74,NA
2021-04-27 04:00:00,NA,1012.6,11.2,85,NA
2021-04-27 05:00:00,NA,1012.3,10.2,85,NA
2021-04-27 06:00:00,NA,1012.1,9.6,90,NA
2021-04-27 11:00:00,NA,1010.5,8.7,84,NA
2021-04-27 12:00:00,NA,1010.1,10,80,NA
2021-04-27 13:00:00,NA,1010.2,13.7,58,NA
2021-04-27 14:00:00,NA,1009.9,17.4,53,NA
2021-04-27 15:00:00,NA,1009.1,20.7,46,NA
2021-04-27 16:00:00,NA,1008.6,21.6,43,NA
2021-04-27 17:00:00,NA,1007.6,22.4,41,NA
2021-04-27 18:00:00,NA,1006.9,23.4,42,NA
2021-04-27 19:00:00,NA,1006.1,24.2,31,NA
2021-04-27 20:00:00,NA,1006.3,23.4,36,NA
2021-04-27 21:00:00,NA,1006.3,20.8,54,NA
2021-04-27 22:00:00,NA,1006.8,18,64,NA
2021-04-27 23:00:00,NA,1007.1,15.4,71,NA
2021-04-28 00:00:00,991.4,NA,17.8,50,NA
2021-04-28 01:00:00,991.8,NA,17.2,48,NA
2021-04-28 11:00:00,999,NA,12.6,63,NA
2021-04-28 12:00:00,999.8,NA,13.8,69,NA
2021-04-28 14:00:00,1000.5,NA,14.2,65,NA
2021-04-28 15:00:00,1000.6,NA,16,60,NA
2021-04-28 16:00:00,1000.6,NA,18.4,46,NA
2021-04-28 17:00:00,999.8,NA,20,45,NA
2021-04-28 18:00:00,999.2,NA,21.2,48,NA
2021-04-28 19:00:00,998.6,NA,19.2,55,NA
2021-04-28 20:00:00,998.4,NA,18.6,56,NA
2021-04-28 21:00:00,998.2,NA,17.8,63,NA
2021-04-28 22:00:00,998.2,NA,16.8,61,NA
2021-04-28 23:00:00,998.2,NA,15.6,65,NA
2021-04-29 11:00:00,NA,1012.6,12.6,88,NA
2021-04-29 12:00:00,NA,1012.5,12.7,90,NA
2021-04-29 13:00:00,NA,1012.5,14.4,87,NA
2021-04-29 14:00:00,NA,1012.3,17.2,71,NA
2021-04-29 15:00:00,NA,1012,19.2,64,NA
2021-04-29 16:00:00,NA,1011.3,21.7,51,NA
2021-04-29 17:00:00,NA,1010.5,22.7,45,NA
2021-04-29 18:00:00,NA,1010.3,23.7,43,NA
2021-04-29 19:00:00,NA,1009.9,23.4,38,NA
2021-04-29 20:00:00,NA,1009.9,23.6,45,NA
2021-04-29 21:00:00,NA,1009.9,21.8,48,NA
2021-04-29 22:00:00,NA,1009.7,18.8,53,NA
2021-04-29 23:00:00,NA,1010,17.6,65,NA
2021-04-30 00:00:00,994.2,NA,15.6,79,NA
2021-04-30 01:00:00,993.9,NA,15.6,79,NA
2021-04-30 11:00:00,991.7,NA,9.2,61,NA
2021-04-30 12:00:00,991.7,NA,11.2,55,NA
2021-04-30 13:00:00,992,NA,13,49,NA
2021-04-30 14:00:00,992,NA,17,35,NA
2021-04-30 15:00:00,991.7,NA,19.2,34,NA
2021-04-30 16:00:00,991.7,NA,20,31,NA
2021-04-30 17:00:00,991,NA,21.8,28,NA
2021-04-30 18:00:00,990.6,NA,23.2,23,NA
2021-04-30 19:00:00,990.5,NA,23.8,24,NA
2021-04-30 20:00:00,990.4,NA,19.2,45,NA
2021-04-30 21:00:00,990.4,NA,18,43,NA
2021-04-30 22:00:00,990.6,NA,16.4,55,NA
2021-04-30 23:00:00,990.5,NA,15.8,46,NA
2021-05-01 12:00:00,NA,1007.4,14,61,NA
2021-05-01 18:00:00,NA,1007.3,18.4,54,NA
2021-05-01 22:00:00,NA,1006.7,14.7,68,NA
2021-05-02 00:00:00,990.2,NA,13.4,66,NA
2021-05-02 12:00:00,990.2,NA,8.2,81,NA
2021-05-02 18:00:00,989.8,NA,16.4,40,NA
2021-05-03 11:00:00,NA,1008.6,6.6,65,NA
2021-05-03 12:00:00,NA,1009.1,7.8,57,NA
2021-05-03 13:00:00,NA,1010.1,8.8,56,NA
2021-05-03 14:00:00,NA,1010.9,10.2,51,NA
2021-05-03 15:00:00,NA,1011.2,10.8,48,NA
2021-05-03 16:00:00,NA,1011.6,11.2,44,NA
2021-05-03 17:00:00,NA,1011.6,10.8,46,NA
2021-05-03 18:00:00,NA,1012.2,10,48,NA
2021-05-03 19:00:00,NA,1013.5,9.6,60,NA
2021-05-03 20:00:00,NA,1015.4,8.6,68,NA
2021-05-03 21:00:00,NA,1015.9,9,56,NA
2021-05-03 22:00:00,NA,1017.3,7.8,57,NA
2021-05-03 23:00:00,NA,1018.6,7.8,57,NA
2021-05-04 00:00:00,1003.3,NA,7.6,69,NA
2021-05-04 01:00:00,1004.8,NA,6.4,76,NA
2021-05-04 11:00:00,1012,NA,0.6,92,NA
2021-05-04 12:00:00,1012.4,NA,0,92,NA
2021-05-04 13:00:00,1013.3,NA,3.2,83,NA
2021-05-04 14:00:00,1013.2,NA,6.6,71,NA
2021-05-04 15:00:00,1013.4,NA,8.4,60,NA
2021-05-04 16:00:00,1012.9,NA,9.8,59,NA
2021-05-04 17:00:00,1012.1,NA,10.7,55,NA
2021-05-04 18:00:00,1011.4,NA,11.4,51,NA
2021-05-04 19:00:00,1011,NA,11.8,45,NA
2021-05-04 20:00:00,1010.9,NA,11.2,41,NA
2021-05-04 21:00:00,1010.6,NA,10.4,42,NA
2021-05-04 22:00:00,1010.2,NA,7.2,52,NA
2021-05-04 23:00:00,1010.2,NA,7.2,52,NA
2021-05-05 11:00:00,NA,1024.7,0.6,70,NA
2021-05-05 12:00:00,NA,1025.3,1.2,72,NA
2021-05-05 13:00:00,NA,1025.9,7,50,NA
2021-05-05 14:00:00,NA,1025.9,10.4,58,NA
2021-05-05 15:00:00,NA,1026.3,12,54,NA
2021-05-05 16:00:00,NA,1026.5,13.4,48,NA
2021-05-05 17:00:00,NA,1026.3,14,44,NA
2021-05-05 18:00:00,NA,1025.9,15.2,44,NA
2021-05-05 19:00:00,NA,1026,15.2,44,NA
2021-05-05 20:00:00,NA,1026,14.6,47,NA
2021-05-05 22:00:00,NA,1026.5,9.2,61,NA
2021-05-05 23:00:00,NA,1026.5,8.6,63,NA
2021-05-06 00:00:00,1009.3,NA,6.2,70,NA
2021-05-06 01:00:00,1009.4,NA,5,71,NA
2021-05-06 02:00:00,1009.4,NA,3.8,73,NA
2021-05-06 03:00:00,1009.3,NA,3.2,73,NA
2021-05-06 04:00:00,1009,NA,2.8,75,NA
2021-05-06 05:00:00,1009,NA,2.6,75,NA
2021-05-06 11:00:00,1006.9,NA,0,80,NA
2021-05-06 12:00:00,1007,NA,0.6,77,NA
2021-05-06 13:00:00,1007.3,NA,7.6,58,NA
2021-05-06 14:00:00,1007.2,NA,10.2,51,NA
2021-05-06 15:00:00,1007.4,NA,12.4,50,NA
2021-05-06 16:00:00,1007.6,NA,13.8,41,NA
2021-05-06 17:00:00,1006.8,NA,15.2,42,NA
2021-05-06 18:00:00,1006.5,NA,15.2,42,NA
2021-05-06 19:00:00,1006.6,NA,14.6,42,NA
2021-05-06 20:00:00,1006.5,NA,14.4,42,NA
2021-05-06 21:00:00,1006.4,NA,12.6,55,NA
2021-05-06 22:00:00,1007,NA,9.2,64,NA
2021-05-06 23:00:00,1007.3,NA,9.4,74,NA
2021-05-07 11:00:00,NA,1021.8,8.8,92,NA
2021-05-07 12:00:00,NA,1021.8,8.2,97,NA
2021-05-07 13:00:00,NA,1021.9,9.8,87,NA
2021-05-07 14:00:00,NA,1021.6,10.8,90,NA
2021-05-07 15:00:00,NA,1021.1,14.2,66,NA
2021-05-07 16:00:00,NA,1021.2,16.4,44,NA
2021-05-07 17:00:00,NA,1019.9,17.2,42,NA
2021-05-07 18:00:00,NA,1019.1,17.4,48,NA
2021-05-07 19:00:00,NA,1018.7,17.2,47,NA
2021-05-07 20:00:00,NA,1018.4,16,56,NA
2021-05-07 21:00:00,NA,1018.4,14.4,60,NA
2021-05-07 22:00:00,NA,1018.5,13,66,NA
2021-05-07 23:00:00,NA,1018.2,12.8,73,NA
2021-05-08 00:00:00,1001.7,NA,12.6,74,NA
2021-05-08 01:00:00,1001.7,NA,12.6,74,NA
2021-05-08 12:00:00,999.8,NA,9.4,76,NA
2021-05-08 18:00:00,996.8,NA,19.6,52,NA
2021-05-09 12:00:00,NA,1016.2,7.6,69,NA
2021-05-09 18:00:00,NA,1017.7,13.8,39,NA
2021-05-10 00:00:00,1006.2,NA,6.2,62,NA
2021-05-10 11:00:00,1009.2,NA,2.6,65,NA
2021-05-10 12:00:00,1009.4,NA,3.6,63,NA
2021-05-10 13:00:00,1010,NA,5.4,57,NA
2021-05-10 14:00:00,1009.8,NA,8,46,NA
2021-05-10 15:00:00,1009.8,NA,9.8,48,NA
2021-05-10 16:00:00,1009.3,NA,12.2,35,NA
2021-05-10 17:00:00,1008.6,NA,12.8,37,NA
2021-05-10 18:00:00,1008.1,NA,13.8,35,NA
2021-05-10 19:00:00,1007.4,NA,14.4,32,NA
2021-05-10 20:00:00,1007.4,NA,14,37,NA
2021-05-10 21:00:00,1007.4,NA,12.6,38,NA
2021-05-10 22:00:00,1007.4,NA,8.6,53,NA
2021-05-10 23:00:00,1007.7,NA,6.6,60,NA
2021-05-11 10:00:00,NA,1020.9,0.8,70,NA
2021-05-11 11:00:00,NA,1020.7,-0.2,80,NA
2021-05-11 12:00:00,NA,1020.1,0.4,85,NA
2021-05-11 13:00:00,NA,1019.8,4.6,69,NA
2021-05-11 14:00:00,NA,1019.5,9.4,50,NA
2021-05-11 15:00:00,NA,1018.8,12,44,NA
2021-05-11 16:00:00,NA,1017.5,14.2,38,NA
2021-05-11 17:00:00,NA,1016.2,16.8,36,NA
2021-05-11 18:00:00,NA,1014.9,18.7,34,NA
2021-05-11 19:00:00,NA,1013.8,18.8,32,NA
2021-05-11 20:00:00,NA,1013.1,18,29,NA
2021-05-11 21:00:00,NA,1012.8,16.4,39,NA
2021-05-11 22:00:00,NA,1013,13,46,NA
2021-05-11 23:00:00,NA,1012.8,11,53,NA
2021-05-12 00:00:00,995.6,NA,11.2,50,NA
2021-05-12 01:00:00,995.4,NA,8.6,68,NA
2021-05-12 11:00:00,993.8,NA,5.2,66,NA
2021-05-12 12:00:00,994.4,NA,6,56,NA
2021-05-12 13:00:00,995.3,NA,8.8,48,NA
2021-05-12 14:00:00,995.3,NA,12.8,37,NA
2021-05-12 15:00:00,995.4,NA,17.2,20,NA
2021-05-12 17:00:00,994.8,NA,20.8,19,NA
2021-05-12 18:00:00,994.8,NA,21,23,NA
2021-05-12 19:00:00,995.2,NA,20,28,NA
2021-05-12 20:00:00,995.7,NA,18.8,32,NA
2021-05-12 21:00:00,996,NA,17.8,36,NA
2021-05-12 22:00:00,996.6,NA,14.8,45,NA
2021-05-13 11:00:00,NA,1016.6,5.4,78,NA
2021-05-13 12:00:00,NA,1017.5,5.6,79,NA
2021-05-13 13:00:00,NA,1017.7,8.8,66,NA
2021-05-13 14:00:00,NA,1017.9,10.2,65,NA
2021-05-13 15:00:00,NA,1017.6,12.8,53,NA
2021-05-13 16:00:00,NA,1017.5,15.6,47,NA
2021-05-13 17:00:00,NA,1017.1,15.7,47,NA
2021-05-13 18:00:00,NA,1016.8,15.6,48,NA
2021-05-13 19:00:00,NA,1016.3,15.8,52,NA
2021-05-13 20:00:00,NA,1016.3,15,53,NA
2021-05-13 21:00:00,NA,1016.6,14,55,NA
2021-05-13 22:00:00,NA,1016.7,13,60,NA
2021-05-13 23:00:00,NA,1017.4,11.6,72,NA
2021-05-14 00:00:00,1001.1,NA,9.8,76,NA
2021-05-14 01:00:00,1001.1,NA,10.4,87,NA
2021-05-14 11:00:00,1000,NA,2.8,93,NA
2021-05-14 12:00:00,1000.1,NA,4.8,93,NA
2021-05-14 13:00:00,1000.4,NA,7.4,94,NA
2021-05-14 14:00:00,1000.6,NA,9.2,97,NA
2021-05-14 15:00:00,1000.6,NA,10.2,97,NA
2021-05-14 17:00:00,999.3,NA,13.2,86,NA
2021-05-14 18:00:00,998.8,NA,14.8,78,NA
2021-05-14 19:00:00,998.8,NA,15.6,70,NA
2021-05-14 20:00:00,998.3,NA,15.6,67,NA
2021-05-14 21:00:00,998.6,NA,14.2,72,NA
2021-05-14 22:00:00,998.6,NA,12.2,78,NA
2021-05-15 12:00:00,NA,1018.1,4.2,93,NA
2021-05-15 18:00:00,NA,1018,15.8,43,NA
2021-05-16 00:00:00,1003,NA,6.2,70,NA
2021-05-16 12:00:00,1006.1,NA,1.8,89,NA
2021-05-16 14:00:00,1006.6,NA,8.4,73,NA
2021-05-17 11:00:00,NA,1022.9,2.4,97,NA
2021-05-17 12:00:00,NA,1021.9,6.2,97,NA
2021-05-17 13:00:00,NA,1021.9,6.8,94,NA
2021-05-17 14:00:00,NA,1021.8,9.8,90,NA
2021-05-17 15:00:00,NA,1021.5,10.8,92,NA
2021-05-17 16:00:00,NA,1020.9,11.2,88,NA
2021-05-17 17:00:00,NA,1019.8,11.8,79,NA
2021-05-17 18:00:00,NA,1018.9,12.8,69,NA
2021-05-17 19:00:00,NA,1018.2,12,77,NA
2021-05-17 20:00:00,NA,1017.4,12.4,75,NA
2021-05-17 21:00:00,NA,1017.9,11.6,79,NA
2021-05-17 22:00:00,NA,1017.6,10.6,80,NA
2021-05-17 23:00:00,NA,1017.5,11.2,69,NA
2021-05-18 00:00:00,1000.6,NA,10.4,77,NA
2021-05-18 01:00:00,1000.6,NA,9.8,76,NA
2021-05-18 11:00:00,998,NA,7,85,NA
2021-05-18 12:00:00,997.8,NA,7.8,86,NA
2021-05-18 13:00:00,997.6,NA,9.4,84,NA
2021-05-18 14:00:00,998.2,NA,12.2,76,NA
2021-05-18 15:00:00,997.8,NA,14.6,68,NA
2021-05-18 16:00:00,997.4,NA,14.6,70,NA
2021-05-18 17:00:00,996.6,NA,15.2,69,NA
2021-05-18 18:00:00,996.1,NA,15.4,69,NA
2021-05-18 19:00:00,995.7,NA,15.6,67,NA
2021-05-18 20:00:00,995.8,NA,14.8,70,NA
2021-05-18 21:00:00,996.2,NA,13.6,73,NA
2021-05-18 22:00:00,996.6,NA,12.6,76,NA
2021-05-18 23:00:00,997,NA,12.2,80,NA
2021-05-19 11:00:00,NA,1012.4,12,93,NA
2021-05-19 12:00:00,NA,1012.7,12,93,NA
2021-05-19 13:00:00,NA,1013,12.8,93,NA
2021-05-19 14:00:00,NA,1013.6,14.2,91,NA
2021-05-19 15:00:00,NA,1013.5,16,79,NA
2021-05-19 16:00:00,NA,1013.1,16,71,NA
2021-05-19 17:00:00,NA,1012.8,16.6,68,NA
2021-05-19 18:00:00,NA,1012.4,15.4,73,NA
2021-05-19 19:00:00,NA,1012,15,71,NA
2021-05-19 20:00:00,NA,1013.2,14.4,76,NA
2021-05-19 21:00:00,NA,1013.9,14.2,80,NA
2021-05-19 22:00:00,NA,1013.8,12.8,88,NA
2021-05-19 23:00:00,NA,1014.3,11.8,91,NA
2021-05-20 00:00:00,998,NA,12,94,NA
2021-05-20 01:00:00,998.2,NA,11.6,94,NA
2021-05-20 09:00:00,998.2,NA,11,94,NA
2021-05-20 10:00:00,998.4,NA,10.5,94,NA
2021-05-20 11:00:00,998.8,NA,11,94,NA
2021-05-20 12:00:00,999.2,NA,11.1,92,NA
2021-05-20 13:00:00,999.7,NA,11.4,94,NA
2021-05-20 16:00:00,1000,NA,12.2,95,NA
2021-05-20 17:00:00,1000,NA,12.4,95,NA
2021-05-20 18:00:00,999.6,NA,12,94,NA
2021-05-20 19:00:00,999.4,NA,12.6,93,NA
2021-05-20 20:00:00,999.4,NA,12.8,90,NA
2021-05-20 21:00:00,1000.1,NA,12.6,90,NA
2021-05-20 22:00:00,1000.5,NA,12.2,93,NA
2021-05-20 23:00:00,1000.9,NA,12,93,NA
2021-05-21 03:00:00,NA,1017.6,12.2,88,NA
2021-05-21 04:00:00,NA,1017.8,12.2,88,NA
2021-05-21 05:00:00,NA,1017.7,12.2,88,NA
2021-05-21 06:00:00,NA,1017.2,12.4,93,NA
2021-05-21 07:00:00,NA,1017.2,11.4,95,NA
2021-05-21 08:00:00,NA,1017,10.4,97,NA
2021-05-21 09:00:00,NA,1016.7,10.4,92,NA
2021-05-21 10:00:00,NA,1016.7,10.4,95,NA
2021-05-21 11:00:00,NA,1017.1,10.4,95,NA
2021-05-21 12:00:00,NA,1017.7,10.4,97,NA
2021-05-21 13:00:00,NA,1017.8,10.4,97,NA
2021-05-21 14:00:00,NA,1018,10.6,97,NA
2021-05-21 15:00:00,NA,1018,10.8,95,NA
2021-05-21 16:00:00,NA,1017.5,10.8,97,NA
2021-05-21 17:00:00,NA,1016.7,11.2,97,NA
2021-05-21 18:00:00,NA,1016.6,11.4,97,NA
2021-05-21 19:00:00,NA,1016.8,11.6,97,NA
2021-05-21 20:00:00,NA,1017.3,11.8,97,NA
2021-05-21 21:00:00,NA,1017.3,11.8,97,NA
2021-05-21 22:00:00,NA,1017.7,11.2,97,NA
2021-05-21 23:00:00,NA,1017.8,11.2,97,NA
2021-05-22 00:00:00,1001.3,NA,11.4,97,NA
2021-05-22 01:00:00,1001.3,NA,10.8,94,NA
2021-05-22 02:00:00,1001.3,NA,10.6,94,NA
2021-05-22 03:00:00,1001.3,NA,10.2,97,NA
2021-05-22 04:00:00,1001.3,NA,10,97,NA
2021-05-22 05:00:00,1001.3,NA,10,97,NA
2021-05-22 06:00:00,1001.3,NA,9.8,97,NA
2021-05-22 08:00:00,1001,NA,10.8,97,NA
2021-05-22 09:00:00,1001,NA,10.6,97,NA
2021-05-22 10:00:00,1001,NA,10.2,97,NA
2021-05-22 11:00:00,1001.3,NA,10.4,97,NA
2021-05-22 12:00:00,1001.4,NA,9.8,97,NA
2021-05-22 18:00:00,1000.6,NA,12,83,NA
2021-05-22 23:00:00,1001,NA,8.6,89,NA
2021-05-23 03:00:00,NA,1017.9,5.2,91,NA
2021-05-23 04:00:00,NA,1017.8,5.2,91,NA
2021-05-23 05:00:00,NA,1017.6,4.8,91,NA
2021-05-23 06:00:00,NA,1017.4,4.6,90,NA
2021-05-23 07:00:00,NA,1016.9,4,93,NA
2021-05-23 08:00:00,NA,1016.2,3.4,93,NA
2021-05-23 09:00:00,NA,1016.4,3.4,93,NA
2021-05-23 10:00:00,NA,1016.3,3,93,NA
2021-05-23 11:00:00,NA,1016.4,2.8,93,NA
2021-05-23 12:00:00,NA,1016.3,2.8,93,NA
2021-05-23 18:00:00,NA,1011.7,13.6,55,NA
2021-05-23 23:00:00,NA,1008.3,9.8,77,NA
2021-05-24 00:00:00,NA,1007.7,10.4,80,NA
2021-05-24 01:00:00,NA,1006.9,9.8,80,NA
2021-05-24 02:00:00,NA,1006,11.2,76,NA
2021-05-25 03:00:00,NA,1004.6,9.6,43,NA
2021-05-25 04:00:00,NA,1005.4,8.6,46,NA
2021-05-25 05:00:00,NA,1005.9,8.4,53,NA
2021-05-25 06:00:00,NA,1007.3,7.6,54,NA
2021-05-25 07:00:00,NA,1009,6.4,57,NA
2021-05-25 08:00:00,NA,1010,6,56,NA
2021-05-25 09:00:00,NA,1011.2,5.2,58,NA
2021-05-25 10:00:00,NA,1012.4,1.8,71,NA
2021-05-25 11:00:00,NA,1013.3,2.8,76,NA
2021-05-25 12:00:00,NA,1014.1,2.4,76,NA
2021-05-25 13:00:00,NA,1014.6,5,63,NA
2021-05-25 14:00:00,NA,1014.9,7.2,56,NA
2021-05-25 15:00:00,NA,1015,8.8,46,NA
2021-05-25 16:00:00,NA,1014.5,10,44,NA
2021-05-25 17:00:00,NA,1013.8,10.8,37,NA
2021-05-25 18:00:00,NA,1013.2,11.4,36,NA
2021-05-25 19:00:00,NA,1012.7,10.4,43,NA
2021-05-25 20:00:00,NA,1012.8,9.6,45,NA
2021-05-25 21:00:00,NA,1012.8,8,55,NA
2021-05-25 22:00:00,NA,1012.2,6.6,60,NA
2021-05-25 23:00:00,NA,1012.4,5.4,67,NA
2021-05-26 00:00:00,NA,1011.7,6.6,57,NA
2021-05-26 01:00:00,NA,1011,5.6,58,NA
2021-05-26 02:00:00,NA,1010.6,5,69,NA
2021-05-27 03:00:00,NA,1005.9,9.4,79,NA
2021-05-27 04:00:00,NA,1005.4,8.2,89,NA
2021-05-27 05:00:00,NA,1004,8,92,NA
2021-05-27 06:00:00,NA,1003.2,7.8,92,NA
2021-05-27 07:00:00,NA,1002.2,8,92,NA
2021-05-27 08:00:00,NA,1000.6,8.4,89,NA
2021-05-27 09:00:00,NA,998.8,9,84,NA
2021-05-27 10:00:00,NA,997.2,9,87,NA
2021-05-27 11:00:00,NA,996,8.4,89,NA
2021-05-27 12:00:00,NA,994.5,10,85,NA
2021-05-27 13:00:00,NA,994,12,81,NA
2021-05-27 14:00:00,NA,994.1,14,74,NA
2021-05-27 15:00:00,NA,995.6,13.4,77,NA
2021-05-27 16:00:00,NA,994.5,14.4,76,NA
2021-05-27 17:00:00,977.8,993.8,16.8,43,NA
2021-05-27 18:00:00,977.1,993.1,16.2,47,NA
2021-05-27 19:00:00,976.8,992.8,16.2,46,NA
2021-05-27 20:00:00,977.3,993.3,15.8,43,NA
2021-05-27 21:00:00,977.8,993.9,13.6,49,NA
2021-05-27 22:00:00,977.8,993.9,11.2,62,NA
2021-05-27 23:00:00,977.8,994,10.4,66,NA
2021-05-28 00:00:00,NA,993.5,9.8,67,NA
2021-05-28 01:00:00,NA,993,10.2,68,NA
2021-05-28 02:00:00,NA,992.6,11,62,NA
2021-05-29 00:00:00,994.1,NA,NA,NA,NA
2021-05-29 01:00:00,994.7,NA,NA,NA,NA
2021-05-29 02:00:00,995.3,NA,NA,NA,NA
2021-05-29 03:00:00,995.7,1012.5,0,73,NA
2021-05-29 04:00:00,995.9,1012.8,-1.6,78,NA
2021-05-29 05:00:00,995.9,1012.8,-1,75,NA
2021-05-29 06:00:00,996.2,1013.1,-1.6,83,NA
2021-05-29 07:00:00,996.6,1013.5,-1.8,83,NA
2021-05-29 08:00:00,996.3,1013.2,-1.4,87,NA
2021-05-29 09:00:00,995.8,1012.7,-1.8,92,NA
2021-05-29 10:00:00,996.1,1013.1,-2,90,NA
2021-05-29 11:00:00,995.8,1012.8,-2,94,NA
2021-05-29 12:00:00,995.8,1012.9,-1.6,86,NA
2021-05-29 18:00:00,995,1011.8,9,39,NA
2021-05-29 23:00:00,996.2,1013.4,2.2,65,NA
2021-05-30 00:00:00,NA,1013.7,1.6,71,NA
2021-05-30 01:00:00,NA,1013.6,0.4,73,NA
2021-05-30 02:00:00,NA,1013.6,1.4,74,NA
2021-05-31 00:00:00,985.8,NA,NA,NA,NA
2021-05-31 01:00:00,985.7,NA,NA,NA,NA
2021-05-31 02:00:00,986.2,NA,NA,NA,NA
2021-05-31 03:00:00,987.7,1004.1,9.8,80,NA
2021-05-31 04:00:00,989,1005.5,9,76,NA
2021-05-31 05:00:00,990.1,1006.5,7.2,83,NA
2021-05-31 06:00:00,991.6,1008.1,5,85,NA
2021-05-31 07:00:00,992.1,1008.6,4.6,87,NA
2021-05-31 08:00:00,992.2,1008.7,4,87,NA
2021-05-31 09:00:00,993.3,1009.9,2.2,89,NA
2021-05-31 10:00:00,993.2,1009.8,2.8,89,NA
2021-05-31 11:00:00,993.4,1010.1,2,89,NA
2021-05-31 12:00:00,993.2,1009.9,2.2,97,NA
2021-05-31 13:00:00,992.9,1009.6,2.8,97,NA
2021-05-31 14:00:00,NA,1008.9,4.8,88,NA
2021-05-31 15:00:00,991.3,1007.8,6.4,88,NA
2021-05-31 16:00:00,990.1,1006.6,7.4,NA,NA
2021-05-31 17:00:00,988.4,1004.9,7.7,79,NA
2021-05-31 18:00:00,987.4,1003.9,8.7,83,NA
2021-05-31 19:00:00,985,1001.6,8.8,81,NA
2021-05-31 21:00:00,984.9,1001.4,8.8,89,NA
2021-05-31 22:00:00,985,1001.5,8.2,92,NA
2021-05-31 23:00:00,983.7,1000.2,8.8,89,NA
2021-06-01 00:00:00,NA,1000.3,7.2,88,NA
2021-06-01 01:00:00,NA,999.9,6.4,91,NA
2021-06-01 02:00:00,NA,999.3,4.2,90,NA
2021-06-02 00:00:00,993.2,NA,NA,NA,NA
2021-06-02 01:00:00,994.1,NA,NA,NA,NA
2021-06-02 11:00:00,998.6,1015.4,0.6,89,NA
2021-06-02 12:00:00,998,1014.9,0,92,NA
2021-06-02 13:00:00,997.6,1014.5,2.4,89,NA
2021-06-02 14:00:00,998.2,1015,5.8,79,NA
2021-06-02 15:00:00,997.7,1014.5,6.4,71,NA
2021-06-02 16:00:00,997,1013.7,7.6,62,NA
2021-06-02 17:00:00,996.1,1012.8,8.6,56,NA
2021-06-02 18:00:00,995.4,1012.1,8.6,58,NA
2021-06-02 19:00:00,994.8,1011.5,8.2,65,NA
2021-06-02 20:00:00,994.6,1011.4,8.2,63,NA
2021-06-02 21:00:00,994.8,1011.6,7.4,62,NA
2021-06-02 22:00:00,994.8,1011.6,6.4,68,NA
2021-06-02 23:00:00,995,1011.8,8,57,NA
2021-06-03 00:00:00,NA,1011.8,8.4,58,NA
2021-06-03 01:00:00,NA,1011.4,6.8,69,NA
2021-06-03 02:00:00,NA,1011,4.2,74,NA
2021-06-04 00:00:00,987.3,NA,NA,NA,NA
2021-06-04 01:00:00,987.3,NA,NA,NA,NA
2021-06-04 09:00:00,989.8,1006.5,3.6,97,NA
2021-06-04 10:00:00,990.2,1006.8,2.8,97,NA
2021-06-04 11:00:00,990.6,1007.2,2.6,97,NA
2021-06-04 12:00:00,991,1007.8,2.8,97,NA
2021-06-04 13:00:00,991.8,1008.5,4,93,NA
2021-06-04 14:00:00,992.2,1009,4.8,94,NA
2021-06-04 15:00:00,992.2,1008.9,7.6,92,NA
2021-06-04 16:00:00,992,1008.5,10,82,NA
2021-06-04 17:00:00,991.4,1008,11.6,72,NA
2021-06-04 18:00:00,991.1,1007.5,13.6,57,NA
2021-06-04 19:00:00,991.4,1007.9,12.4,49,NA
2021-06-04 20:00:00,992.1,1008.6,12.4,44,NA
2021-06-04 21:00:00,992.6,1009.2,10.4,52,NA
2021-06-04 22:00:00,992.9,1009.5,9.2,59,NA
2021-06-04 23:00:00,993.4,1010.1,7.2,64,NA
2021-06-05 00:00:00,NA,1010.5,6.4,71,NA
2021-06-05 01:00:00,NA,1011.2,6.4,68,NA
2021-06-05 18:00:00,998.2,NA,NA,NA,NA
2021-06-06 12:00:00,1001.4,1018.5,1,89,NA
2021-06-06 18:00:00,998,1014.7,12,52,NA
2021-06-06 21:00:00,997.2,1014,9.6,62,NA
2021-06-06 22:00:00,997.2,1014,7.8,67,NA
2021-06-06 23:00:00,996.9,1013.7,7.8,69,NA
2021-06-07 00:00:00,NA,1013.4,7,69,NA
2021-06-08 00:00:00,994.5,NA,NA,NA,NA
2021-06-08 01:00:00,993.8,NA,NA,NA,NA
2021-06-08 10:00:00,987.4,1003.6,13.7,47,NA
2021-06-08 11:00:00,NA,1003.4,12.8,53,NA
2021-06-08 12:00:00,NA,1002.3,13,54,NA
2021-06-08 13:00:00,NA,1003.1,12.2,59,NA
2021-06-08 14:00:00,NA,1003.5,11.4,62,NA
2021-06-08 15:00:00,NA,1003.1,12.8,60,NA
2021-06-08 16:00:00,NA,1002.4,15.7,53,NA
2021-06-08 17:00:00,NA,1001.9,16,52,NA
2021-06-08 18:00:00,NA,1001.1,17.6,46,NA
2021-06-08 19:00:00,NA,1001.3,18.4,46,NA
2021-06-08 20:00:00,NA,1001.6,18,48,NA
2021-06-08 21:00:00,NA,1003.3,16.4,51,NA
2021-06-08 22:00:00,NA,1004.2,15.6,54,NA
2021-06-08 23:00:00,NA,1005.7,14.6,58,NA
2021-06-09 00:00:00,NA,1006.7,13.2,65,NA
2021-06-09 01:00:00,NA,1007,13.4,65,NA
2021-06-10 00:00:00,991.2,NA,NA,NA,NA
2021-06-10 01:00:00,992,NA,NA,NA,NA
2021-06-10 11:00:00,999.7,1016.3,6.2,68,NA
2021-06-10 12:00:00,1000.6,1017.3,5.4,61,NA
2021-06-10 13:00:00,1002.5,1019.1,6.6,63,NA
2021-06-10 14:00:00,1003,1019.6,8.2,57,NA
2021-06-10 15:00:00,1003.2,1019.8,9.6,50,NA
2021-06-10 16:00:00,1003,1019.7,10.6,51,NA
2021-06-10 17:00:00,1002.6,1019.2,11.2,42,NA
2021-06-10 18:00:00,1002.5,1019.1,11.7,44,NA
2021-06-10 19:00:00,1002.4,1019,11.2,42,NA
2021-06-10 20:00:00,1002.7,1019.4,10.2,44,NA
2021-06-10 21:00:00,1002.4,1019.2,7.2,53,NA
2021-06-10 22:00:00,1002.4,1019.2,5.2,63,NA
2021-06-10 23:00:00,1001.6,1018.4,4,71,NA
2021-06-11 00:00:00,NA,1017.3,3.6,67,NA
2021-06-11 01:00:00,NA,1016.5,5,63,NA
2021-06-12 00:00:00,988.8,NA,NA,NA,NA
2021-06-12 02:00:00,988.2,NA,NA,NA,NA
2021-06-12 03:00:00,988,1004.1,14.2,60,NA
2021-06-12 12:00:00,988.6,1004.7,12.6,64,NA
2021-06-12 18:00:00,990.2,1006.2,16,51,NA
2021-06-12 20:00:00,991,1007.2,14.6,50,NA
2021-06-12 21:00:00,991.6,1007.7,13.4,50,NA
2021-06-12 22:00:00,992.1,1008.3,12,52,NA
2021-06-12 23:00:00,992.9,1009.2,10.6,59,NA
2021-06-13 00:00:00,NA,1009.4,10.6,59,NA
2021-06-14 00:00:00,1000.4,NA,NA,NA,NA
2021-06-14 11:00:00,1007,1024.1,2,82,NA
2021-06-14 12:00:00,1007.8,1025,2.6,79,NA
2021-06-14 13:00:00,1008.9,1026,2.8,73,NA
2021-06-14 14:00:00,1009.4,1026.5,4.2,65,NA
2021-06-14 15:00:00,NA,1027.2,5.6,56,NA
2021-06-14 16:00:00,1010.2,1027.2,7,47,NA
2021-06-14 17:00:00,1009.8,1026.8,7.8,44,NA
2021-06-14 18:00:00,1009.6,1026.5,8.4,40,NA
2021-06-14 19:00:00,1009.6,1026.5,8.4,43,NA
2021-06-14 20:00:00,1010,1027,7.8,44,NA
2021-06-14 21:00:00,1010.4,1027.5,5.6,50,NA
2021-06-14 22:00:00,1010.4,1027.5,3,63,NA
2021-06-14 23:00:00,1010.8,1028,1.6,68,NA
2021-06-15 00:00:00,NA,1028.5,2,68,NA
2021-06-15 01:00:00,NA,1028.8,2.4,65,NA
2021-06-16 03:00:00,NA,1034.5,-0.8,87,NA
2021-06-16 04:00:00,NA,1034.2,-1.4,86,NA
2021-06-16 05:00:00,NA,1033.8,-1.4,86,NA
2021-06-16 06:00:00,NA,1033.4,-1.8,86,NA
2021-06-16 07:00:00,NA,1033.6,-2.6,86,NA
2021-06-16 08:00:00,NA,1032.9,-2.2,85,NA
2021-06-16 09:00:00,NA,1032.9,-2.2,83,NA
2021-06-16 10:00:00,NA,1033.3,-1,87,NA
2021-06-16 11:00:00,NA,1033.3,0.4,85,NA
2021-06-16 12:00:00,NA,1033.3,0.6,82,NA
2021-06-16 13:00:00,NA,1033.7,0.8,82,NA
2021-06-16 14:00:00,NA,1034,1.6,78,NA
2021-06-16 15:00:00,1016.6,1033.9,5.2,67,NA
2021-06-16 16:00:00,1016,1033.1,6.2,65,NA
2021-06-16 17:00:00,1015.4,1032.6,7.4,56,NA
2021-06-16 18:00:00,1014.9,1032.1,7.6,51,NA
2021-06-16 19:00:00,1014.4,1031.6,8.2,40,NA
2021-06-16 20:00:00,1014.6,1031.8,7,47,NA
2021-06-16 21:00:00,1014.6,1032,5.6,56,NA
2021-06-16 22:00:00,1014.6,1032,4.8,57,NA
2021-06-16 23:00:00,1014.8,1032,4.8,63,NA
2021-06-17 00:00:00,NA,1031.9,4,65,NA
2021-06-17 01:00:00,NA,1032,3,66,NA
2021-06-17 02:00:00,NA,1031.8,0,76,NA
2021-06-17 23:00:00,1013,NA,NA,NA,NA
2021-06-18 01:00:00,1013,NA,NA,NA,NA
2021-06-18 02:00:00,1013.2,NA,NA,NA,NA
2021-06-18 03:00:00,1013.3,1030.5,2,82,NA
2021-06-18 04:00:00,1013.4,1030.5,2.2,79,NA
2021-06-18 05:00:00,1013,1030.2,1.8,78,NA
2021-06-18 06:00:00,1012.8,1029.8,2,78,NA
2021-06-18 07:00:00,1012.8,1029.8,1.2,81,NA
2021-06-18 08:00:00,1012.2,1029.3,0.8,85,NA
2021-06-18 09:00:00,1011.8,1029,-0.4,88,NA
2021-06-18 10:00:00,1011.8,1029,-1,88,NA
2021-06-18 11:00:00,1012.2,1029.5,-1.8,90,NA
2021-06-18 12:00:00,1012.2,1029.5,-0.8,91,NA
2021-06-18 13:00:00,1012.2,1029.5,0.4,85,NA
2021-06-18 14:00:00,1012.2,1029.4,2.4,86,NA
2021-06-18 15:00:00,1012.2,1029.3,5,78,NA
2021-06-18 16:00:00,1011.5,1028.6,6.4,68,NA
2021-06-18 17:00:00,1010.8,1027.9,6,71,NA
2021-06-18 18:00:00,1010,1027,7.7,68,NA
2021-06-18 19:00:00,1009.4,1026.5,7.4,69,NA
2021-06-18 20:00:00,1009.4,1026.4,7.2,72,NA
2021-06-18 21:00:00,1009.2,1026.3,5.6,76,NA
2021-06-18 22:00:00,1009.6,1026.8,2.7,81,NA
2021-06-18 23:00:00,1009.7,1027,2,87,NA
2021-06-19 00:00:00,NA,1026.9,1.8,89,NA
2021-06-19 01:00:00,NA,1026.7,2,89,NA
2021-06-19 02:00:00,NA,1026.4,1,85,NA
2021-06-19 23:00:00,1003.4,NA,NA,NA,NA
2021-06-20 01:00:00,1002.9,NA,NA,NA,NA
2021-06-20 02:00:00,1002.6,NA,NA,NA,NA
2021-06-20 03:00:00,1002.4,1019.4,0.5,79,NA
2021-06-20 04:00:00,1002.4,1019.4,-0.8,83,NA
2021-06-20 05:00:00,1002.4,1019.4,-1.8,86,NA
2021-06-20 06:00:00,1001.7,1018.7,-2.8,91,NA
2021-06-20 07:00:00,1001.4,1018.4,-3.2,91,NA
2021-06-20 08:00:00,1000.8,1017.8,-3.4,91,NA
2021-06-20 09:00:00,1000.5,1017.5,-3.4,91,NA
2021-06-20 12:00:00,1001.2,1018.4,-4.2,86,NA
2021-06-20 18:00:00,999.9,1016.9,11.8,52,NA
2021-06-20 21:00:00,NA,1015,6.6,57,NA
2021-06-20 22:00:00,997.8,1014.9,5.8,73,NA
2021-06-20 23:00:00,997.8,1014.8,5.8,79,NA
2021-06-21 00:00:00,NA,1014.6,5.2,82,NA
2021-06-21 01:00:00,NA,1013.6,5,69,NA
2021-06-21 02:00:00,NA,1013.5,4.4,71,NA
2021-06-22 00:00:00,994.5,NA,NA,NA,NA
2021-06-22 01:00:00,995.3,NA,NA,NA,NA
2021-06-22 02:00:00,996.8,NA,NA,NA,NA
2021-06-22 03:00:00,997.8,1014.5,6.2,71,NA
2021-06-22 04:00:00,999.1,1015.8,5.6,76,NA
2021-06-22 05:00:00,999.4,1016.1,5.6,73,NA
2021-06-22 06:00:00,999.4,1016,4.8,72,NA
2021-06-22 07:00:00,999.4,1016.1,3,76,NA
2021-06-22 08:00:00,1000,1016.7,2.6,83,NA
2021-06-22 09:00:00,1000.9,1017.6,1.8,87,NA
2021-06-22 10:00:00,1000.1,1016.9,2,86,NA
2021-06-22 11:00:00,NA,1017.6,2,87,NA
2021-06-22 12:00:00,1000.6,1017.4,2.8,83,NA
2021-06-22 13:00:00,1000.8,1017.5,4.2,84,NA
2021-06-22 14:00:00,1001.2,1017.9,5.6,79,NA
2021-06-22 15:00:00,NA,1017.5,7.2,69,NA
2021-06-22 16:00:00,NA,1016,9.8,75,NA
2021-06-22 17:00:00,NA,1015.3,11.2,64,NA
2021-06-22 18:00:00,NA,1014,11.4,76,NA
2021-06-22 19:00:00,NA,1013,11.4,81,NA
2021-06-22 20:00:00,NA,1012.8,10.6,80,NA
2021-06-22 21:00:00,NA,1012.9,9.8,85,NA
2021-06-22 22:00:00,NA,1012.3,9.6,90,NA
2021-06-22 23:00:00,NA,1012.7,10.2,90,NA
2021-06-23 00:00:00,NA,1012.2,9.8,90,NA
2021-06-23 01:00:00,NA,1011.8,9.6,90,NA
2021-06-23 02:00:00,NA,1011.5,9.6,90,NA
2021-06-24 00:00:00,992.2,NA,NA,NA,NA
2021-06-24 01:00:00,992.4,NA,NA,NA,NA
2021-06-24 02:00:00,992.8,NA,NA,NA,NA
2021-06-24 03:00:00,993,1009.7,2.8,89,NA
2021-06-24 04:00:00,992.8,1009.3,2.6,91,NA
2021-06-24 05:00:00,992.2,1008.7,3.2,93,NA
2021-06-24 06:00:00,991.4,1008,2.2,93,NA
2021-06-24 07:00:00,991,1007.4,3.4,90,NA
2021-06-24 08:00:00,990.2,1006.8,2.6,89,NA
2021-06-24 09:00:00,990.2,1006.8,2,89,NA
2021-06-24 10:00:00,990.6,1007.2,3.2,85,NA
2021-06-24 11:00:00,990.6,1007.2,4.4,78,NA
2021-06-24 12:00:00,990.6,1007.2,5,77,NA
2021-06-24 13:00:00,990,1006.6,5.7,77,NA
2021-06-24 14:00:00,989.8,1006.5,8.4,71,NA
2021-06-24 15:00:00,989.8,1006.4,9.4,67,NA
2021-06-24 16:00:00,988.5,1005,13,52,NA
2021-06-24 17:00:00,988.2,1004.6,14.7,47,NA
2021-06-24 19:00:00,987,1003.3,15,45,NA
2021-06-24 20:00:00,987,1003.5,15,42,NA
2021-06-24 21:00:00,987.4,1003.9,10.8,55,NA
2021-06-24 22:00:00,987.6,1004.1,8.8,61,NA
2021-06-24 23:00:00,987.8,1004.4,8.2,52,NA
2021-06-25 00:00:00,NA,1004.9,6,65,NA
2021-06-25 01:00:00,NA,1005.1,4.8,66,NA
2021-06-25 02:00:00,NA,1005.3,6,59,NA
2021-06-26 00:00:00,995.7,NA,NA,NA,NA
2021-06-26 01:00:00,996.9,NA,NA,NA,NA
2021-06-26 02:00:00,997.6,NA,NA,NA,NA
2021-06-26 03:00:00,998.5,1015.3,2.2,72,NA
2021-06-26 04:00:00,999.3,1016,2,75,NA
2021-06-26 05:00:00,999.7,1016.4,2.8,79,NA
2021-06-26 06:00:00,1000.2,1016.9,2.6,76,NA
2021-06-26 07:00:00,1001,1017.8,2.2,75,NA
2021-06-26 08:00:00,1001.4,1018.2,3.4,70,NA
2021-06-26 09:00:00,1001.8,1018.6,3.8,74,NA
2021-06-26 12:00:00,NA,1021.8,1.8,83,NA
2021-06-26 18:00:00,NA,1024.6,7.2,58,NA
2021-06-26 21:00:00,NA,1026.5,6.2,68,NA
2021-06-26 22:00:00,NA,1027.2,6,71,NA
2021-06-26 23:00:00,NA,1027.8,5.4,76,NA
2021-06-27 00:00:00,NA,1028.5,5,78,NA
2021-06-27 01:00:00,NA,1028.8,4.6,81,NA
2021-06-27 02:00:00,NA,1029.1,3.4,90,NA
2021-06-28 03:00:00,NA,1031.2,-2.2,90,NA
2021-06-28 04:00:00,NA,1031.3,-2.4,90,NA
2021-06-28 05:00:00,NA,1030.8,-3.6,86,NA
2021-06-28 06:00:00,NA,1030.3,-3.4,86,NA
2021-06-28 07:00:00,NA,1030,-4,86,NA
2021-06-28 08:00:00,NA,1029.4,-3.6,86,NA
2021-06-28 09:00:00,NA,1029.3,-3.2,86,NA
2021-06-28 10:00:00,NA,1029.3,-3.8,86,NA
2021-06-28 11:00:00,NA,1029.4,-4.4,90,NA
2021-06-28 12:00:00,NA,1029.3,-4.8,90,NA
2021-06-28 13:00:00,NA,1029.2,-2.2,90,NA
2021-06-28 14:00:00,NA,1029,0.6,78,NA
2021-06-28 15:00:00,NA,1028.9,4.2,68,NA
2021-06-28 16:00:00,NA,1028.4,7.8,49,NA
2021-06-28 17:00:00,NA,1027.8,9.4,45,NA
2021-06-28 18:00:00,NA,1027.2,10.7,42,NA
2021-06-28 19:00:00,NA,1026.9,12.2,34,NA
2021-06-28 20:00:00,NA,1026.8,12.2,35,NA
2021-06-28 21:00:00,NA,1027.2,10.4,41,NA
2021-06-28 22:00:00,NA,1027.3,8,42,NA
2021-06-28 23:00:00,NA,1027.1,5.4,58,NA
2021-06-29 00:00:00,NA,1027.1,4.8,77,NA
2021-06-29 01:00:00,NA,1026.9,3.7,79,NA
2021-06-29 02:00:00,NA,1026.9,3.2,86,NA
2021-06-30 00:00:00,998.8,NA,NA,NA,NA
2021-06-30 01:00:00,998.2,NA,NA,NA,NA
2021-06-30 02:00:00,997.6,NA,NA,NA,NA
2021-06-30 03:00:00,997,1013.5,8,27,NA
2021-06-30 04:00:00,996.8,1013.3,8.2,28,NA
2021-06-30 05:00:00,996,1012.4,8.6,29,NA
2021-06-30 06:00:00,995.4,1011.8,8.4,31,NA
2021-06-30 07:00:00,995,1011.3,8.8,29,NA
2021-06-30 08:00:00,994.6,1011,8,32,NA
2021-06-30 09:00:00,994.1,1010.5,8,32,NA
2021-06-30 10:00:00,993.4,1009.8,8,34,NA
2021-06-30 11:00:00,993.4,1009.9,7.2,37,NA
2021-06-30 12:00:00,993.1,1009.6,7.4,40,NA
2021-06-30 13:00:00,993.1,1009.6,7.2,42,NA
2021-06-30 14:00:00,992,1008.5,7.4,46,NA
2021-06-30 15:00:00,991.6,1008.1,7.6,41,NA
2021-06-30 16:00:00,991,1007.5,7.2,45,NA
2021-06-30 17:00:00,990.2,1006.7,7.4,46,NA
2021-06-30 18:00:00,988.8,1005.3,7.2,45,NA
2021-06-30 19:00:00,989,1005.5,7.4,53,NA
2021-06-30 20:00:00,988.8,1005.2,8.4,43,NA
2021-06-30 21:00:00,988.2,1004.8,6.8,52,NA
2021-06-30 22:00:00,989,1005.5,7,47,NA
2021-06-30 23:00:00,989.8,1006.4,7.4,46,NA
2021-07-01 00:00:00,NA,1007.5,8,39,NA
2021-07-01 01:00:00,NA,1008,7.6,43,NA
2021-07-01 02:00:00,NA,1009.2,5.4,52,NA
