2021-01-07 00:00:00,953.6,NA,NA,NA,NA
2021-01-07 12:00:00,966.5,1008.2,12,45,NA
2021-01-07 18:00:00,965.7,1007.4,20.4,25,NA
2021-01-08 00:00:00,NA,1007.8,13.2,42,NA
2021-01-09 00:00:00,959.8,NA,NA,NA,NA
2021-01-09 12:00:00,950.6,992.1,13,44,NA
2021-01-09 18:00:00,944.7,985.6,17.4,34,NA
2021-01-10 00:00:00,NA,982.9,11.4,39,NA
2021-01-11 00:00:00,951.9,NA,NA,NA,NA
2021-01-11 12:00:00,963.5,1005.8,8.4,61,NA
2021-01-11 18:00:00,963.1,1004.9,15.4,19,NA
2021-01-12 00:00:00,NA,1005,11.4,39,NA
2021-01-13 00:00:00,971.4,NA,NA,NA,NA
2021-01-13 12:00:00,973.9,1015.6,13.8,42,NA
2021-01-13 18:00:00,969.3,1011,24.8,16,NA
2021-01-14 00:00:00,NA,1008.6,24.2,24,NA
2021-01-14 18:00:00,966.1,NA,NA,NA,NA
2021-01-15 00:00:00,967,NA,NA,NA,NA
2021-01-15 12:00:00,969.1,1010.9,12.2,64,NA
2021-01-15 18:00:00,968.5,1010.2,19.6,41,NA
2021-01-16 00:00:00,NA,1011.4,19,39,NA
2021-01-17 00:00:00,969.9,NA,NA,NA,NA
2021-01-17 12:00:00,968.7,1010.2,14.4,45,NA
2021-01-17 18:00:00,NA,1003.3,20.2,35,NA
2021-01-18 00:00:00,NA,999.9,20.8,33,NA
2021-01-19 12:00:00,NA,1012.6,17.8,48,NA
2021-01-19 18:00:00,NA,1008.3,27.4,18,NA
2021-01-20 00:00:00,NA,1007.8,21.8,23,NA
2021-01-21 12:00:00,NA,1007.2,17.8,39,NA
2021-01-21 18:00:00,NA,1004.1,21.4,25,NA
2021-01-22 00:00:00,NA,1006.3,18.6,39,NA
2021-01-23 12:00:00,NA,1010.9,9.6,58,NA
2021-01-23 18:00:00,NA,1008.7,21.2,22,NA
2021-01-24 00:00:00,NA,1010.3,16.2,33,NA
2021-01-25 12:00:00,NA,995.7,10.4,39,NA
2021-01-25 18:00:00,NA,995.9,15.4,25,NA
2021-01-26 00:00:00,NA,998.7,10,42,NA
2021-01-26 12:00:00,961.5,NA,9,35,NA
2021-01-26 18:00:00,961.1,NA,14.2,21,NA
2021-01-27 12:00:00,NA,1004.9,6.8,53,NA
2021-01-27 18:00:00,NA,1002.2,15.2,32,NA
2021-01-28 00:00:00,NA,1000.7,12.8,43,NA
2021-01-29 12:00:00,NA,1004.5,8.6,54,NA
2021-01-29 18:00:00,NA,1004.1,16.4,24,NA
2021-01-30 00:00:00,NA,1008.1,12.8,36,NA
2021-01-31 00:00:00,972.7,NA,NA,NA,NA
2021-01-31 12:00:00,974.6,1016.3,13.2,47,NA
2021-01-31 18:00:00,969.7,1011.1,26,17,NA
2021-02-01 00:00:00,968.1,1009.1,25,22,NA
2021-02-02 00:00:00,969.3,NA,NA,NA,NA
2021-02-02 12:00:00,972.1,1013.5,16,51,NA
2021-02-02 18:00:00,969.1,1010.2,28.2,19,NA
2021-02-03 00:00:00,NA,1010.5,26,23,NA
2021-02-04 00:00:00,973.1,NA,NA,NA,NA
2021-02-04 12:00:00,972.1,1012.6,21.8,36,NA
2021-02-04 18:00:00,970.5,1011,31.6,24,NA
2021-02-05 00:00:00,NA,1011.1,27,35,NA
2021-02-05 12:00:00,NA,1014.3,13.2,59,NA
2021-02-05 18:00:00,NA,1016.8,18,38,NA
2021-02-06 00:00:00,974.6,1016.6,18.6,44,NA
2021-02-06 12:00:00,976.3,NA,NA,NA,NA
2021-02-08 00:00:00,973.7,NA,NA,NA,NA
2021-02-08 12:00:00,NA,1013.1,19,42,NA
2021-02-08 18:00:00,NA,1010.8,31.2,17,NA
2021-02-09 00:00:00,NA,1010.9,18.5,43,NA
2021-02-10 12:00:00,NA,1012.1,19.6,43,NA
2021-02-10 18:00:00,NA,1006.1,32.8,21,NA
2021-02-11 00:00:00,959.7,NA,31.4,32,NA
2021-02-11 12:00:00,957.8,NA,21.6,78,NA
2021-02-11 18:00:00,962.1,NA,23.2,17,NA
2021-02-12 12:00:00,NA,1015.9,14.4,36,NA
2021-02-12 18:00:00,NA,1008.3,27,15,NA
2021-02-13 00:00:00,964.3,NA,22,14,NA
2021-02-13 12:00:00,961.4,NA,15,37,NA
2021-02-13 18:00:00,958.6,NA,22,21,NA
2021-02-14 12:00:00,NA,1015.6,18.4,25,NA
2021-02-14 18:00:00,974.7,NA,16,19,NA
2021-02-15 12:00:00,973.3,NA,13.2,37,NA
2021-02-15 18:00:00,968.9,NA,24.4,15,NA
2021-02-16 12:00:00,NA,1007.4,13.2,47,NA
2021-02-16 18:00:00,NA,1005.9,18.8,30,NA
2021-02-17 00:00:00,963.4,NA,18,30,NA
2021-02-17 12:00:00,961.8,NA,16.4,38,NA
2021-02-17 18:00:00,959.3,NA,24.4,19,NA
2021-02-18 12:00:00,NA,1000.6,12,37,NA
2021-02-18 18:00:00,NA,1004.5,12.6,32,NA
2021-02-19 00:00:00,967.3,NA,12.4,29,NA
2021-02-19 12:00:00,972.6,NA,6.6,49,NA
2021-02-19 18:00:00,971.4,NA,16.6,27,NA
2021-02-20 12:00:00,NA,1008.6,13,44,NA
2021-02-20 18:00:00,NA,1004.3,21.6,26,NA
2021-02-21 00:00:00,961.7,NA,16.4,30,NA
2021-02-21 12:00:00,960.9,NA,9,86,NA
2021-02-21 18:00:00,961.5,NA,9.4,91,NA
2021-02-22 12:00:00,NA,1009,9.6,75,NA
2021-02-22 18:00:00,NA,1006.7,20,23,NA
2021-02-23 00:00:00,964.3,NA,18.4,38,NA
2021-02-23 12:00:00,971.1,NA,13,56,NA
2021-02-23 18:00:00,968.7,NA,25.4,22,NA
2021-02-24 12:00:00,NA,1004.2,17.4,50,NA
2021-02-24 18:00:00,NA,1002.6,26.6,25,NA
2021-02-25 00:00:00,966.6,NA,20.4,43,NA
2021-02-25 12:00:00,967.8,NA,16.8,46,NA
2021-02-25 18:00:00,965.1,NA,27.2,16,NA
2021-02-26 12:00:00,NA,1014.6,14.4,61,NA
2021-02-26 18:00:00,NA,1014.5,25.6,29,NA
2021-02-27 00:00:00,970.7,NA,25.6,32,NA
2021-02-27 12:00:00,969.9,NA,18,51,NA
2021-02-27 18:00:00,967.8,NA,22.4,42,NA
2021-02-28 12:00:00,NA,1003.3,18,48,NA
2021-02-28 18:00:00,NA,1002.1,24.2,40,NA
2021-03-01 00:00:00,NA,1002.7,19.8,55,NA
2021-03-02 12:00:00,975.4,1018.3,8.4,71,NA
2021-03-02 18:00:00,974.5,1016.7,17.8,44,NA
2021-03-03 00:00:00,NA,1017.8,13.4,61,NA
2021-03-04 00:00:00,976.7,NA,NA,NA,NA
2021-03-04 12:00:00,979.1,1021.6,10.4,42,NA
2021-03-04 18:00:00,976.2,1018.4,23,20,NA
2021-03-05 00:00:00,NA,1010.5,20.8,30,NA
2021-03-06 00:00:00,953.9,NA,NA,NA,NA
2021-03-06 12:00:00,949.8,989.9,20,27,NA
2021-03-06 18:00:00,956.9,997.5,22.4,54,NA
2021-03-07 00:00:00,NA,997.8,15.8,30,NA
2021-03-08 00:00:00,965.1,NA,NA,NA,NA
2021-03-08 12:00:00,968.4,1010.6,10.4,44,NA
2021-03-08 18:00:00,967.9,1010.1,18.6,35,NA
2021-03-09 00:00:00,NA,1006.7,16,34,NA
2021-03-10 00:00:00,945,NA,NA,NA,NA
2021-03-10 12:00:00,947.5,988.3,9,62,NA
2021-03-10 18:00:00,947.7,988.7,14.8,23,NA
2021-03-11 00:00:00,NA,994.1,8.6,42,NA
2021-03-12 00:00:00,962.1,NA,NA,NA,NA
2021-03-12 12:00:00,965.7,1007.4,14,48,NA
2021-03-12 18:00:00,963.9,1005,24.6,19,NA
2021-03-13 00:00:00,NA,1007.1,16.8,26,NA
2021-03-14 12:00:00,NA,1014.6,13.4,47,NA
2021-03-14 18:00:00,NA,1006.9,24.2,37,NA
2021-03-15 00:00:00,NA,1002.3,20.4,31,NA
2021-03-15 12:00:00,959.5,NA,15,38,NA
2021-03-15 18:00:00,962.7,NA,21.2,19,NA
2021-03-16 12:00:00,NA,1024,5.8,54,NA
2021-03-16 21:00:00,NA,1025.5,13.2,22,NA
2021-03-17 00:00:00,984.1,NA,9.8,33,NA
2021-03-18 12:00:00,NA,1007.7,10.6,35,NA
2021-03-18 18:00:00,NA,1003.3,25.6,11,NA
2021-03-19 00:00:00,961.3,NA,17.6,28,NA
2021-03-19 12:00:00,953.9,NA,13.6,47,NA
2021-03-19 18:00:00,950.6,NA,18.4,36,NA
2021-03-20 12:00:00,NA,1010.3,8.8,59,NA
2021-03-20 18:00:00,NA,1013.4,18.8,26,NA
2021-03-21 00:00:00,972.2,NA,15.4,34,NA
2021-03-21 12:00:00,973.4,NA,5.8,64,NA
2021-03-21 18:00:00,970.2,NA,20,35,NA
2021-03-22 12:00:00,NA,1009.8,14.4,45,NA
2021-03-22 18:00:00,NA,1008.5,22,31,NA
2021-03-23 00:00:00,966.1,NA,17,42,NA
2021-03-23 12:00:00,955.1,NA,12.6,60,NA
2021-03-23 18:00:00,957,NA,16,25,NA
2021-03-24 12:00:00,NA,1013.5,7.2,41,NA
2021-03-24 18:00:00,NA,1016.3,13.4,29,NA
2021-03-25 00:00:00,973.9,NA,9.4,67,NA
2021-03-25 12:00:00,972.5,NA,7.8,40,NA
2021-03-25 18:00:00,969.7,NA,18.4,51,NA
2021-03-26 12:00:00,NA,1019.4,9,55,NA
2021-03-26 18:00:00,NA,1016.3,19,40,NA
2021-03-27 00:00:00,972.7,NA,14.6,64,NA
2021-03-27 12:00:00,967.4,NA,15.4,56,NA
2021-03-27 18:00:00,963.4,NA,18.2,24,NA
2021-03-28 12:00:00,NA,1013.7,6,48,NA
2021-03-28 18:00:00,NA,1014.7,16.2,37,NA
2021-03-29 00:00:00,971.4,NA,14.4,41,NA
2021-03-29 12:00:00,968.9,NA,17,63,NA
2021-03-29 18:00:00,967.1,NA,25,34,NA
2021-03-30 12:00:00,NA,1010.7,15.2,58,NA
2021-03-30 18:00:00,NA,1019,11.2,69,NA
2021-03-31 00:00:00,981.1,NA,11.2,62,NA
2021-03-31 12:00:00,983.7,NA,6.4,82,NA
2021-03-31 18:00:00,983,NA,10,74,NA
2021-04-01 12:00:00,NA,1019.5,5.8,59,NA
2021-04-01 18:00:00,973.4,NA,13.8,46,NA
2021-04-02 00:00:00,970.1,NA,10.6,85,NA
2021-04-02 12:00:00,969.8,NA,7.8,88,NA
2021-04-02 18:00:00,968.7,NA,18,38,NA
2021-04-03 12:00:00,NA,1006.5,12.4,52,NA
2021-04-03 18:00:00,NA,1005.9,15.8,66,NA
2021-04-04 00:00:00,967,NA,10.6,57,NA
2021-04-04 12:00:00,961.5,NA,4.2,96,NA
2021-04-04 18:00:00,961.8,NA,3.6,95,NA
2021-04-05 12:00:00,NA,1017.8,2,82,NA
2021-04-05 18:00:00,NA,1017,10.8,55,NA
2021-04-06 00:00:00,973.1,NA,9.4,77,NA
2021-04-06 12:00:00,966.3,NA,10.6,80,NA
2021-04-06 18:00:00,961.5,NA,18,46,NA
2021-04-07 12:00:00,NA,1000.3,7.8,70,NA
2021-04-07 18:00:00,NA,998.6,14.4,33,NA
2021-04-08 00:00:00,NA,1001.3,12.2,53,NA
2021-04-08 12:00:00,964.5,NA,6.6,68,NA
2021-04-08 18:00:00,966.7,NA,14,38,NA
2021-04-09 12:00:00,NA,1014.3,4.4,78,NA
2021-04-09 18:00:00,NA,1015.5,15.8,43,NA
2021-04-10 00:00:00,NA,1012.3,11.8,77,NA
2021-04-11 12:00:00,NA,1003.1,12.8,69,NA
2021-04-11 18:00:00,NA,999.1,14.6,53,NA
2021-04-12 00:00:00,NA,995.3,13,59,NA
2021-04-13 12:00:00,964.3,1006.3,11.8,63,NA
2021-04-13 18:00:00,959,1000.5,18.4,36,NA
2021-04-14 00:00:00,NA,994.5,18,45,NA
2021-04-15 00:00:00,962.1,NA,NA,NA,NA
2021-04-15 12:00:00,961.5,1003.8,10,41,NA
2021-04-15 18:00:00,959.4,1001.1,17.4,24,NA
2021-04-16 00:00:00,NA,997.8,12.8,43,NA
2021-04-17 00:00:00,969.9,NA,NA,NA,NA
2021-04-17 12:00:00,969.7,1012.3,8.6,51,NA
2021-04-17 18:00:00,965.8,1008.3,16,35,NA
2021-04-18 00:00:00,NA,1007.4,13.6,46,NA
2021-04-18 18:00:00,954.1,NA,NA,NA,NA
2021-04-19 12:00:00,950.5,991.3,12.4,28,NA
2021-04-19 18:00:00,955,996.5,13.8,38,NA
2021-04-20 00:00:00,NA,1005.1,8,68,NA
2021-04-21 00:00:00,974.2,NA,NA,NA,NA
2021-04-21 12:00:00,969.5,1012.6,7.2,56,NA
2021-04-21 18:00:00,966.1,1009.2,6.4,94,NA
2021-04-22 00:00:00,NA,1011.3,4.6,87,NA
2021-04-23 00:00:00,966.5,NA,NA,NA,NA
2021-04-23 12:00:00,NA,1012.1,6.4,80,NA
2021-04-23 18:00:00,NA,1011.5,13,52,NA
2021-04-24 00:00:00,NA,1013,9.8,59,NA
2021-04-25 12:00:00,NA,1011.8,9.2,60,NA
2021-04-25 18:00:00,NA,1009.3,16.4,34,NA
2021-04-26 00:00:00,NA,1007.5,13.8,52,NA
2021-04-27 12:00:00,NA,989.8,14.4,55,NA
2021-04-27 18:00:00,NA,988.5,20.4,35,NA
2021-04-28 00:00:00,954.1,NA,9.4,55,NA
2021-04-28 12:00:00,963,NA,9,40,NA
2021-04-28 18:00:00,963.1,NA,13.8,31,NA
2021-04-29 12:00:00,NA,1008.5,5.6,88,NA
2021-04-29 18:00:00,NA,1002.1,12,79,NA
2021-04-30 00:00:00,956.1,NA,12.2,72,NA
2021-04-30 18:00:00,956.6,NA,16.2,36,NA
2021-05-01 12:00:00,NA,1001.5,2.4,86,NA
2021-05-01 18:00:00,NA,999.3,11.4,66,NA
2021-05-02 00:00:00,954.6,NA,8,65,NA
2021-05-02 12:00:00,951.5,NA,6.2,65,NA
2021-05-02 18:00:00,953,NA,9.6,44,NA
2021-05-03 12:00:00,NA,1014.5,1.6,82,NA
2021-05-03 18:00:00,NA,1019,3.8,58,NA
2021-05-04 00:00:00,979.1,NA,0,79,NA
2021-05-04 12:00:00,980.3,NA,-0.8,88,NA
2021-05-04 18:00:00,978.3,NA,8.4,51,NA
2021-05-05 12:00:00,NA,1025.8,-0.2,87,NA
2021-05-05 18:00:00,NA,1024.3,10.6,40,NA
2021-05-06 00:00:00,973.4,NA,4,71,NA
2021-05-06 12:00:00,979.5,NA,-1.2,87,NA
2021-05-06 18:00:00,977,NA,11,42,NA
2021-05-07 12:00:00,NA,1015,3,67,NA
2021-05-07 18:00:00,NA,1009.4,13.4,40,NA
2021-05-08 00:00:00,966.6,NA,4.6,65,NA
2021-05-08 12:00:00,965.7,NA,1.8,71,NA
2021-05-08 18:00:00,963.1,NA,13.8,44,NA
2021-05-09 12:00:00,NA,1015.2,4,71,NA
2021-05-09 18:00:00,NA,1017.8,11.6,28,NA
2021-05-10 00:00:00,977.8,NA,8,47,NA
2021-05-10 12:00:00,978.9,NA,4.6,65,NA
2021-05-10 18:00:00,974.3,NA,13.6,32,NA
2021-05-11 12:00:00,NA,1007.4,7.6,39,NA
2021-05-11 18:00:00,NA,1000.5,13,25,NA
2021-05-12 00:00:00,955.7,NA,11.6,48,NA
2021-05-12 12:00:00,961.1,NA,9,52,NA
2021-05-12 18:00:00,962.6,NA,13.6,30,NA
2021-05-13 12:00:00,NA,1012.1,9.5,45,NA
2021-05-13 18:00:00,971.9,NA,16,34,NA
2021-05-14 00:00:00,974.1,NA,7.4,59,NA
2021-05-14 12:00:00,971.7,NA,2.8,56,NA
2021-05-14 18:00:00,968.5,NA,10.6,48,NA
2021-05-15 12:00:00,NA,1015.4,5,94,NA
2021-05-15 18:00:00,NA,1016.3,9,74,NA
2021-05-16 00:00:00,976.3,NA,4,89,NA
2021-05-16 12:00:00,978.7,NA,-0.2,91,NA
2021-05-16 18:00:00,977.5,NA,10.6,64,NA
2021-05-17 12:00:00,NA,1012.6,6.4,75,NA
2021-05-17 18:00:00,966.9,NA,12,59,NA
2021-05-18 00:00:00,966.1,NA,10.4,61,NA
2021-05-18 12:00:00,964.7,NA,10,63,NA
2021-05-18 18:00:00,961.8,NA,13,69,NA
2021-05-19 12:00:00,NA,1011.3,4.8,97,NA
2021-05-19 18:00:00,969.5,NA,6,96,NA
2021-05-20 00:00:00,970.9,NA,5.6,100,NA
2021-05-20 12:00:00,971.9,NA,5.6,93,NA
2021-05-20 18:00:00,971.8,NA,9,71,NA
2021-05-21 12:00:00,NA,1019.5,0.4,99,NA
2021-05-21 18:00:00,NA,1019,8.6,66,NA
2021-05-22 00:00:00,975.7,NA,2.4,93,NA
2021-05-22 12:00:00,973.9,NA,0.2,91,NA
2021-05-22 18:00:00,973.4,NA,6.2,79,NA
2021-05-23 12:00:00,NA,1008.3,2,93,NA
2021-05-23 18:00:00,NA,1001.8,10.6,47,NA
2021-05-24 00:00:00,NA,995.6,8,73,NA
2021-05-25 12:00:00,NA,1007.3,0.2,66,NA
2021-05-25 18:00:00,NA,1005.4,6.2,38,NA
2021-05-26 00:00:00,NA,1004.5,2.6,63,NA
2021-05-27 12:00:00,946.9,989.8,0.8,97,NA
2021-05-27 18:00:00,947,989.8,2.2,79,NA
2021-05-28 00:00:00,NA,996.7,0,96,NA
2021-05-29 00:00:00,965.1,NA,NA,NA,NA
2021-05-29 12:00:00,966.2,1010.5,0,67,NA
2021-05-29 18:00:00,966.5,1010.1,7,41,NA
2021-05-30 00:00:00,NA,1010.9,0.6,77,NA
2021-05-31 00:00:00,961.4,NA,NA,NA,NA
2021-05-31 12:00:00,951.1,994.7,-0.6,96,NA
2021-05-31 18:00:00,952.9,996.1,2.2,95,NA
2021-06-02 00:00:00,966.5,NA,NA,NA,NA
2021-06-02 12:00:00,965.5,1010.1,-4,78,NA
2021-06-02 18:00:00,965.1,1009.3,-1,100,NA
2021-06-03 00:00:00,NA,1007.9,-1,92,NA
2021-06-03 18:00:00,955.7,NA,NA,NA,NA
2021-06-04 12:00:00,957.8,1001.7,-1.6,96,NA
2021-06-04 18:00:00,959.7,1003.3,3.6,68,NA
2021-06-05 00:00:00,NA,1004.5,2.4,69,NA
2021-06-06 00:00:00,967.8,NA,NA,NA,NA
2021-06-06 12:00:00,961.5,1004.7,3.6,58,NA
2021-06-06 18:00:00,957.9,1001.1,5.6,59,NA
2021-06-07 00:00:00,NA,1000.2,6,65,NA
2021-06-08 00:00:00,946.3,NA,NA,NA,NA
2021-06-08 12:00:00,NA,978.2,8.8,70,NA
2021-06-08 18:00:00,NA,981.5,11.2,49,NA
2021-06-09 00:00:00,NA,989.8,6.2,63,NA
2021-06-10 00:00:00,957.7,NA,NA,NA,NA
2021-06-10 12:00:00,968.3,1011.5,4,56,NA
2021-06-10 18:00:00,965.3,1008.5,6.4,44,NA
2021-06-11 00:00:00,NA,999.3,5.8,56,NA
2021-06-12 00:00:00,947.4,NA,NA,NA,NA
2021-06-12 12:00:00,NA,NA,NA,NA,NA
2021-06-12 18:00:00,957,999.7,8.2,33,NA
2021-06-13 00:00:00,NA,1005.1,3,67,NA
2021-06-13 18:00:00,969.5,NA,NA,NA,NA
2021-06-14 00:00:00,974.2,NA,NA,NA,NA
2021-06-14 12:00:00,978.6,1023.8,-3.6,84,NA
2021-06-14 18:00:00,980.9,1025.5,6,50,NA
2021-06-15 00:00:00,NA,1031.4,-1.6,83,NA
2021-06-16 12:00:00,986.5,1032.4,-6.4,96,NA
2021-06-16 18:00:00,987,1032.6,1,81,NA
2021-06-17 00:00:00,NA,1030.8,-2.6,78,NA
2021-06-18 00:00:00,977.5,NA,NA,NA,NA
2021-06-18 12:00:00,974.7,1019.5,-4,75,NA
2021-06-18 18:00:00,971.8,1016.3,5.4,23,NA
2021-06-19 00:00:00,NA,1015.5,0,68,NA
2021-06-20 00:00:00,967.5,NA,NA,NA,NA
2021-06-20 12:00:00,966.3,1009.9,1.6,75,NA
2021-06-20 18:00:00,962.6,1005.8,7.6,54,NA
2021-06-21 18:00:00,955.8,NA,NA,NA,NA
2021-06-22 00:00:00,963.5,NA,NA,NA,NA
2021-06-22 12:00:00,967.4,1011.5,-1.4,75,NA
2021-06-22 18:00:00,NA,1009.5,5.6,56,NA
2021-06-23 00:00:00,NA,1008.5,0.4,73,NA
2021-06-24 00:00:00,956.1,NA,NA,NA,NA
2021-06-24 12:00:00,945.5,988.2,3.6,68,NA
2021-06-24 18:00:00,945.8,988.1,8,43,NA
2021-06-26 00:00:00,969.8,NA,NA,NA,NA
2021-06-26 12:00:00,NA,1027.9,-3.8,84,NA
2021-06-26 18:00:00,NA,1029.5,4,38,NA
2021-06-27 00:00:00,NA,1030.3,0,69,NA
2021-06-28 12:00:00,NA,1022.8,6.4,55,NA
2021-06-28 18:00:00,NA,1022.8,12.2,41,NA
2021-06-29 00:00:00,NA,1022.6,5.6,71,NA
2021-06-30 00:00:00,962.2,NA,NA,NA,NA
2021-06-30 12:00:00,960.1,1003,5.4,64,NA
2021-06-30 18:00:00,958.5,1001.7,7.2,56,NA
2021-07-01 00:00:00,NA,1000.1,7,56,NA
