2021-01-06 23:00:00,991.6,NA,NA,NA,NA
2021-01-07 00:00:00,991,NA,NA,NA,NA
2021-01-07 12:00:00,995.8,1005.3,10.8,92,NA
2021-01-07 13:00:00,996.8,1006.3,11.8,83,NA
2021-01-07 14:00:00,997.3,1006.8,13.8,70,NA
2021-01-07 15:00:00,998,1007.4,15.2,61,NA
2021-01-07 16:00:00,998.4,1007.8,16.2,59,NA
2021-01-07 17:00:00,998.5,1007.9,18,54,NA
2021-01-07 18:00:00,998.5,1007.8,18,61,NA
2021-01-07 19:00:00,998.3,1007.6,17.4,64,NA
2021-01-07 20:00:00,998.2,1007.5,17.2,63,NA
2021-01-07 21:00:00,998.5,1007.8,15.5,65,NA
2021-01-07 22:00:00,998.5,1008,14.6,57,NA
2021-01-07 23:00:00,998.9,1008.4,14.2,66,NA
2021-01-08 00:00:00,NA,1008.6,14,67,NA
2021-01-09 00:00:00,992.2,NA,NA,NA,NA
2021-01-09 12:00:00,987.4,996.7,17.2,42,NA
2021-01-09 13:00:00,986.2,995.4,17.2,47,NA
2021-01-09 14:00:00,985.2,994.4,20,38,NA
2021-01-09 15:00:00,984.6,993.7,21.2,37,NA
2021-01-09 16:00:00,983.8,992.9,21.2,37,NA
2021-01-09 17:00:00,983,992.1,22.4,41,NA
2021-01-09 18:00:00,982.5,991.5,20.3,47,NA
2021-01-09 19:00:00,981.8,990.9,20.2,53,NA
2021-01-09 20:00:00,980.7,989.8,20.6,46,NA
2021-01-09 21:00:00,979.9,988.9,20.1,52,NA
2021-01-09 22:00:00,979.3,988.4,20.8,54,NA
2021-01-09 23:00:00,978.2,987.3,20.4,66,NA
2021-01-10 00:00:00,NA,987.4,19.5,71,NA
2021-01-11 00:00:00,984.6,NA,NA,NA,NA
2021-01-11 12:00:00,NA,1003.4,11,88,NA
2021-01-11 13:00:00,994.3,1003.8,11.4,85,NA
2021-01-11 14:00:00,994.9,1004.4,12.2,81,NA
2021-01-11 15:00:00,995.4,1004.9,12.8,69,NA
2021-01-11 16:00:00,996,1005.4,12.8,79,NA
2021-01-11 17:00:00,NA,1006,13.8,59,NA
2021-01-11 18:00:00,996.8,1006.2,14,36,NA
2021-01-11 19:00:00,NA,1006.4,14.8,38,NA
2021-01-11 20:00:00,997,1006.4,14.8,38,NA
2021-01-11 21:00:00,996.8,1006.2,13.4,57,NA
2021-01-11 22:00:00,996.4,1005.9,11.8,72,NA
2021-01-11 23:00:00,996.6,1006.1,11.2,60,NA
2021-01-12 00:00:00,NA,1006.2,10.2,63,NA
2021-01-13 00:00:00,1004.2,NA,NA,NA,NA
2021-01-13 12:00:00,1010.6,1020.3,14.6,72,NA
2021-01-13 13:00:00,1010.2,1019.7,15.8,71,NA
2021-01-13 14:00:00,1009.8,1019.3,17.2,69,NA
2021-01-13 15:00:00,1009.6,1019,17.8,62,NA
2021-01-13 16:00:00,1009,1018.4,20.2,55,NA
2021-01-13 17:00:00,1008.4,1017.7,19.2,79,NA
2021-01-13 18:00:00,1008,1017.3,19,42,NA
2021-01-13 19:00:00,1007.8,1017.2,19,42,NA
2021-01-13 20:00:00,1006.6,1015.9,19,42,NA
2021-01-13 21:00:00,1005.8,1015.1,18.2,44,NA
2021-01-13 22:00:00,1005.4,1014.8,16.2,51,NA
2021-01-13 23:00:00,1005.2,1014.6,15,49,NA
2021-01-14 00:00:00,NA,1014.8,14.2,54,NA
2021-01-15 00:00:00,999,NA,NA,NA,NA
2021-01-15 12:00:00,NA,1008.9,11.9,92,NA
2021-01-15 13:00:00,999.3,1008.8,11.6,97,NA
2021-01-15 14:00:00,999.2,1008.7,11.4,95,NA
2021-01-15 15:00:00,999.3,1008.8,11.2,90,NA
2021-01-15 16:00:00,999.5,1009,12.2,88,NA
2021-01-15 17:00:00,NA,NA,12.8,79,NA
2021-01-15 18:00:00,999.8,1009.3,13,77,NA
2021-01-15 19:00:00,1000.2,1009.7,12.2,79,NA
2021-01-15 20:00:00,1000.6,1010.1,11.8,81,NA
2021-01-15 21:00:00,1001,1010.5,11.4,83,NA
2021-01-15 22:00:00,1001.2,1010.7,11.2,83,NA
2021-01-15 23:00:00,1001.8,1011.3,10.8,80,NA
2021-01-16 00:00:00,NA,1012.1,10.6,80,NA
2021-01-17 00:00:00,1002.4,NA,NA,NA,NA
2021-01-17 12:00:00,1001.2,1010.8,13.8,74,NA
2021-01-17 13:00:00,1001.1,1010.6,14.2,72,NA
2021-01-17 14:00:00,1000.7,1010.1,15.8,71,NA
2021-01-17 15:00:00,1000.3,1009.7,17.2,60,NA
2021-01-17 16:00:00,999.2,1008.5,18.2,70,NA
2021-01-17 17:00:00,NA,1006.9,18.2,56,NA
2021-01-17 18:00:00,NA,1005.9,18.6,55,NA
2021-01-17 19:00:00,NA,1004.9,18,59,NA
2021-01-17 20:00:00,NA,1003.9,18,59,NA
2021-01-17 21:00:00,NA,1003.1,17.8,59,NA
2021-01-17 22:00:00,NA,1002.3,17.4,58,NA
2021-01-17 23:00:00,NA,1001.3,17.2,56,NA
2021-01-18 00:00:00,NA,1001.1,15.6,63,NA
2021-01-19 12:00:00,NA,1012.3,18.9,61,NA
2021-01-19 13:00:00,NA,1012.1,20.8,59,NA
2021-01-19 14:00:00,NA,1012,22.3,57,NA
2021-01-19 15:00:00,NA,1012.1,20.8,68,NA
2021-01-19 16:00:00,NA,1011.9,23.4,59,NA
2021-01-19 17:00:00,NA,1011.7,21.6,61,NA
2021-01-19 18:00:00,NA,1011.5,23.2,58,NA
2021-01-19 19:00:00,NA,1011.1,22.8,64,NA
2021-01-19 20:00:00,NA,1010.8,22.4,63,NA
2021-01-19 21:00:00,NA,1010.5,21.8,65,NA
2021-01-19 22:00:00,NA,1010.3,21.4,62,NA
2021-01-19 23:00:00,NA,1010.8,19.8,61,NA
2021-01-20 00:00:00,NA,1010.9,18.4,59,NA
2021-01-21 12:00:00,NA,1007.7,21.3,53,NA
2021-01-21 13:00:00,NA,1007.7,22.2,49,NA
2021-01-21 14:00:00,NA,1007.5,23.4,42,NA
2021-01-21 15:00:00,NA,1007.4,22,47,NA
2021-01-21 16:00:00,NA,1007.5,23,45,NA
2021-01-21 17:00:00,NA,1007.4,23.2,37,NA
2021-01-21 18:00:00,NA,1006.9,23.4,39,NA
2021-01-21 19:00:00,NA,1006.8,20,59,NA
2021-01-21 20:00:00,NA,1006.1,19.2,62,NA
2021-01-21 21:00:00,NA,1005.6,18.8,62,NA
2021-01-21 22:00:00,NA,1005.1,17.8,73,NA
2021-01-21 23:00:00,NA,1004.6,17.4,67,NA
2021-01-22 00:00:00,NA,1004.8,16.8,70,NA
2021-01-23 12:00:00,NA,1010.8,13.2,75,NA
2021-01-23 13:00:00,NA,1011.5,14,72,NA
2021-01-23 14:00:00,NA,1012.7,16.6,62,NA
2021-01-23 15:00:00,NA,1013,16,70,NA
2021-01-23 16:00:00,NA,1013.3,16.6,63,NA
2021-01-23 17:00:00,NA,1013.6,15.9,64,NA
2021-01-23 18:00:00,NA,1013.6,17,61,NA
2021-01-23 19:00:00,NA,1013.4,16.7,58,NA
2021-01-23 20:00:00,NA,1013.1,16.1,55,NA
2021-01-23 21:00:00,NA,1013.4,15.7,63,NA
2021-01-23 22:00:00,NA,1013.5,14.8,66,NA
2021-01-23 23:00:00,NA,1013.5,13.7,71,NA
2021-01-24 00:00:00,NA,1013.4,13.1,72,NA
2021-01-25 12:00:00,NA,997.6,15.8,52,NA
2021-01-25 13:00:00,NA,997.3,17.2,51,NA
2021-01-25 14:00:00,NA,996.7,19.2,49,NA
2021-01-25 15:00:00,NA,996.5,19.8,50,NA
2021-01-25 16:00:00,NA,996.5,18.8,65,NA
2021-01-25 17:00:00,NA,996.6,18.8,68,NA
2021-01-25 18:00:00,NA,997.4,17.2,92,NA
2021-01-25 19:00:00,NA,997.1,19.5,73,NA
2021-01-25 20:00:00,NA,997.4,20.3,62,NA
2021-01-25 21:00:00,NA,997.4,19.6,51,NA
2021-01-25 22:00:00,NA,997.7,19.7,47,NA
2021-01-25 23:00:00,NA,998.3,19,45,NA
2021-01-26 00:00:00,NA,999.5,17.5,40,NA
2021-01-26 15:00:00,995.4,NA,16,32,NA
2021-01-26 16:00:00,995.1,NA,17.8,30,NA
2021-01-26 17:00:00,994.7,NA,18.5,33,NA
2021-01-26 18:00:00,994.3,NA,20.2,28,NA
2021-01-26 19:00:00,994,NA,18.8,32,NA
2021-01-26 20:00:00,993.6,NA,15,57,NA
2021-01-27 12:00:00,NA,1005.7,11.2,66,NA
2021-01-27 13:00:00,NA,1005.5,12.2,63,NA
2021-01-27 14:00:00,NA,1004.9,13.8,53,NA
2021-01-27 15:00:00,NA,1004.1,15,49,NA
2021-01-27 16:00:00,NA,1003.4,16.8,40,NA
2021-01-27 17:00:00,NA,1002.3,17,43,NA
2021-01-27 18:00:00,NA,1001.3,17.2,34,NA
2021-01-27 19:00:00,NA,1000.9,18.8,22,NA
2021-01-27 20:00:00,NA,1000.7,16.2,40,NA
2021-01-27 21:00:00,NA,999.9,16.4,42,NA
2021-01-27 22:00:00,NA,999.8,14.6,54,NA
2021-01-27 23:00:00,NA,999.8,14.2,56,NA
2021-01-28 00:00:00,NA,999.9,14,57,NA
2021-01-29 12:00:00,NA,1003.2,7.8,79,NA
2021-01-29 13:00:00,NA,1003.3,9.8,65,NA
2021-01-29 14:00:00,NA,1003.2,11.5,61,NA
2021-01-29 15:00:00,NA,1003.4,12.4,55,NA
2021-01-29 16:00:00,NA,1003.7,13.5,51,NA
2021-01-29 17:00:00,NA,1004.2,12.4,36,NA
2021-01-29 18:00:00,NA,1004.5,12.8,50,NA
2021-01-29 19:00:00,NA,1004.6,12.8,50,NA
2021-01-29 20:00:00,NA,1004.8,11.8,58,NA
2021-01-29 21:00:00,NA,1005.5,13.2,50,NA
2021-01-29 22:00:00,NA,1006.1,11.8,56,NA
2021-01-29 23:00:00,NA,1006.8,10.6,64,NA
2021-01-30 00:00:00,NA,1007.7,10.2,60,NA
2021-01-31 00:00:00,1008.8,NA,NA,NA,NA
2021-01-31 12:00:00,1007.8,1017.4,17,45,NA
2021-01-31 13:00:00,1007.5,1016.9,20.7,45,NA
2021-01-31 14:00:00,1006.9,1016.2,22.6,37,NA
2021-01-31 15:00:00,1006.3,1015.5,24.4,43,NA
2021-01-31 16:00:00,NA,1014.6,26,31,NA
2021-01-31 17:00:00,1004.8,1013.9,26.4,25,NA
2021-01-31 18:00:00,1004.2,1013.3,27.8,21,NA
2021-01-31 19:00:00,1003.8,1012.8,26.1,21,NA
2021-01-31 20:00:00,1003.1,1012.2,25.2,25,NA
2021-01-31 21:00:00,1003.1,1012.2,25.2,25,NA
2021-01-31 22:00:00,1002.2,1011.4,23.2,33,NA
2021-01-31 23:00:00,1002.2,1011.5,20.3,43,NA
2021-02-01 00:00:00,1002,1011.5,17.7,58,NA
2021-02-02 00:00:00,1001,NA,NA,NA,NA
2021-02-02 12:00:00,1004.2,1013.6,20.4,47,NA
2021-02-02 13:00:00,1004.2,1013.5,23,37,NA
2021-02-02 14:00:00,1004.2,1013.4,22.2,37,NA
2021-02-02 15:00:00,1004,1013.2,22.5,35,NA
2021-02-02 16:00:00,1003.7,1012.9,21.6,43,NA
2021-02-02 17:00:00,1003.4,1012.6,21.9,36,NA
2021-02-02 18:00:00,NA,1012.6,22.9,39,NA
2021-02-02 19:00:00,1003.3,1012.5,22.7,40,NA
2021-02-02 20:00:00,1003,1012.2,22.2,36,NA
2021-02-02 21:00:00,1002.4,1011.6,21.9,37,NA
2021-02-02 22:00:00,1002,1011.2,22.5,36,NA
2021-02-02 23:00:00,1002,1011.2,21.6,35,NA
2021-02-03 00:00:00,NA,1011,17.6,65,NA
2021-02-04 00:00:00,1010.2,NA,NA,NA,NA
2021-02-04 12:00:00,1005.2,1014.6,20.4,54,NA
2021-02-04 13:00:00,1004.5,1013.8,23.8,48,NA
2021-02-04 14:00:00,1003.8,1013,26.5,34,NA
2021-02-04 15:00:00,1003.2,1012.3,28,31,NA
2021-02-04 16:00:00,1002.3,1011.3,29.8,24,NA
2021-02-04 17:00:00,1001.6,1010.6,31,23,NA
2021-02-04 18:00:00,1001.5,1010.4,25.4,52,NA
2021-02-04 19:00:00,1001.8,1010.9,25.2,47,NA
2021-02-04 20:00:00,1001.8,1010.9,24.4,58,NA
2021-02-04 21:00:00,1001.7,1010.8,23,41,NA
2021-02-04 22:00:00,1001.4,1010.6,24.6,43,NA
2021-02-04 23:00:00,1001.3,1010.5,22.8,61,NA
2021-02-05 00:00:00,NA,1010.7,22.4,63,NA
2021-02-05 12:00:00,NA,1015,14.8,70,NA
2021-02-05 13:00:00,NA,1015.7,15,51,NA
2021-02-05 14:00:00,NA,1016.1,15.2,48,NA
2021-02-05 15:00:00,NA,1016.5,15.6,48,NA
2021-02-05 16:00:00,NA,1017,16.1,42,NA
2021-02-05 17:00:00,NA,1017,16.1,48,NA
2021-02-05 18:00:00,NA,1017.2,15.8,43,NA
2021-02-05 20:00:00,NA,1017.9,14.4,50,NA
2021-02-05 21:00:00,NA,1018.5,14.4,49,NA
2021-02-05 22:00:00,NA,1019.2,13.6,53,NA
2021-02-05 23:00:00,NA,1019.5,13.1,56,NA
2021-02-06 00:00:00,1010,1019.7,12,60,NA
2021-02-06 12:00:00,1010.9,NA,NA,NA,NA
2021-02-06 13:00:00,1010.9,NA,NA,NA,NA
2021-02-06 14:00:00,1011.3,NA,NA,NA,NA
2021-02-06 15:00:00,1012,NA,NA,NA,NA
2021-02-06 16:00:00,1012.7,NA,NA,NA,NA
2021-02-06 17:00:00,1013,NA,NA,NA,NA
2021-02-06 18:00:00,1013.2,NA,NA,NA,NA
2021-02-06 19:00:00,1013,NA,NA,NA,NA
2021-02-06 20:00:00,1012.8,NA,NA,NA,NA
2021-02-06 21:00:00,1013.2,NA,NA,NA,NA
2021-02-06 22:00:00,1013.6,NA,NA,NA,NA
2021-02-06 23:00:00,1014.2,NA,NA,NA,NA
2021-02-08 00:00:00,1012.7,NA,NA,NA,NA
2021-02-08 12:00:00,NA,1018.4,17.2,69,NA
2021-02-08 13:00:00,NA,1018,19.2,49,NA
2021-02-08 14:00:00,NA,1017.8,21.8,48,NA
2021-02-08 15:00:00,NA,1017.2,22.8,46,NA
2021-02-08 16:00:00,NA,1016.6,22.4,50,NA
2021-02-08 17:00:00,NA,1016.5,24.4,41,NA
2021-02-08 18:00:00,NA,1016.2,23.3,44,NA
2021-02-08 19:00:00,NA,1015.7,23.4,43,NA
2021-02-08 20:00:00,NA,1015.6,22.5,37,NA
2021-02-08 21:00:00,NA,1015.4,21.9,41,NA
2021-02-08 22:00:00,NA,1015.4,20.2,50,NA
2021-02-08 23:00:00,NA,1015.4,18.7,58,NA
2021-02-09 00:00:00,NA,1016,16.6,72,NA
2021-02-10 12:00:00,NA,1015.5,15.5,89,NA
2021-02-10 13:00:00,NA,1015,17,87,NA
2021-02-10 14:00:00,NA,1014.2,20.6,68,NA
2021-02-10 15:00:00,NA,1013.5,21.1,68,NA
2021-02-10 16:00:00,NA,1012.8,21.4,65,NA
2021-02-10 17:00:00,NA,1012.2,21.8,65,NA
2021-02-10 18:00:00,NA,1011.8,22.2,62,NA
2021-02-10 19:00:00,NA,1011,20.6,68,NA
2021-02-10 20:00:00,NA,1010,19.8,74,NA
2021-02-10 22:00:00,NA,1008.5,19.4,73,NA
2021-02-10 23:00:00,NA,1007.9,17.4,77,NA
2021-02-10 21:00:00,1000,NA,19.8,72,NA
2021-02-11 00:00:00,997.4,NA,15.8,81,NA
2021-02-11 12:00:00,992.3,NA,18.4,75,NA
2021-02-11 13:00:00,991.8,NA,22.5,62,NA
2021-02-11 14:00:00,991.3,NA,26.6,44,NA
2021-02-11 15:00:00,991.3,NA,29.8,30,NA
2021-02-11 16:00:00,990.8,NA,32,20,NA
2021-02-11 17:00:00,990.6,NA,34.4,17,NA
2021-02-11 18:00:00,990.8,NA,34,16,NA
2021-02-11 19:00:00,991,NA,35,14,NA
2021-02-11 20:00:00,991.2,NA,33.8,13,NA
2021-02-11 22:00:00,995.4,NA,22.2,42,NA
2021-02-11 23:00:00,997.6,NA,16.6,79,NA
2021-02-12 12:00:00,NA,1018.3,13.5,76,NA
2021-02-12 13:00:00,NA,1017.8,16.6,63,NA
2021-02-12 14:00:00,NA,1017.3,16.8,52,NA
2021-02-12 15:00:00,NA,1017,17.5,50,NA
2021-02-12 16:00:00,NA,1016.6,17.6,50,NA
2021-02-12 17:00:00,NA,1015.8,17.8,46,NA
2021-02-12 18:00:00,NA,1014.8,18.4,44,NA
2021-02-12 19:00:00,NA,1013.9,18.4,44,NA
2021-02-12 20:00:00,NA,1013.3,17.6,50,NA
2021-02-12 21:00:00,NA,1012.6,17,61,NA
2021-02-12 23:00:00,1001.4,NA,14.8,76,NA
2021-02-13 01:00:00,1001.2,NA,13.4,84,NA
2021-02-13 12:00:00,993.8,NA,18,62,NA
2021-02-13 14:00:00,993.5,NA,22,43,NA
2021-02-13 15:00:00,993,NA,24,27,NA
2021-02-13 17:00:00,992.8,NA,25.2,29,NA
2021-02-13 18:00:00,992.4,NA,27,14,NA
2021-02-13 19:00:00,992,NA,25.6,23,NA
2021-02-13 20:00:00,991.8,NA,26.2,18,NA
2021-02-13 21:00:00,991.6,NA,26.7,16,NA
2021-02-13 22:00:00,991.8,NA,24.2,19,NA
2021-02-13 23:00:00,992,NA,24.4,20,NA
2021-02-14 12:00:00,NA,1014.5,13.8,43,NA
2021-02-14 13:00:00,NA,1015.2,14.4,39,NA
2021-02-14 14:00:00,NA,1016.1,14.6,38,NA
2021-02-14 15:00:00,NA,1016.9,14,53,NA
2021-02-14 16:00:00,NA,1017.4,14.8,39,NA
2021-02-14 17:00:00,NA,1017.8,15.2,35,NA
2021-02-14 18:00:00,NA,1018.4,14.8,32,NA
2021-02-14 19:00:00,NA,1018.5,14.4,31,NA
2021-02-14 20:00:00,NA,1018.9,14,28,NA
2021-02-14 21:00:00,NA,1019.4,13.8,30,NA
2021-02-14 22:00:00,NA,1019.6,13.4,29,NA
2021-02-14 23:00:00,NA,1020.3,12.8,27,NA
2021-02-15 00:00:00,1010.9,NA,12.4,30,NA
2021-02-15 12:00:00,1011,NA,12.2,72,NA
2021-02-15 13:00:00,1010.7,NA,15.2,47,NA
2021-02-15 14:00:00,1010.4,NA,15.6,46,NA
2021-02-15 15:00:00,1009.9,NA,18.8,26,NA
2021-02-15 16:00:00,1009.2,NA,19.8,49,NA
2021-02-15 17:00:00,1008.6,NA,21,49,NA
2021-02-15 18:00:00,1007.6,NA,19.8,34,NA
2021-02-15 19:00:00,1006.8,NA,17.8,46,NA
2021-02-15 20:00:00,1006,NA,17.4,49,NA
2021-02-15 21:00:00,1005.8,NA,16.6,51,NA
2021-02-15 22:00:00,1005.4,NA,22.4,37,NA
2021-02-15 23:00:00,1005,NA,12.8,70,NA
2021-02-16 12:00:00,NA,1008.8,16.2,59,NA
2021-02-16 13:00:00,NA,1008.4,17.8,55,NA
2021-02-16 14:00:00,NA,1007.5,18.4,54,NA
2021-02-16 15:00:00,NA,1007,23.2,47,NA
2021-02-16 16:00:00,NA,1006.1,23.8,48,NA
2021-02-16 17:00:00,NA,1005.8,26.2,38,NA
2021-02-16 18:00:00,NA,1005.2,26.2,24,NA
2021-02-16 19:00:00,NA,1005,25.8,26,NA
2021-02-16 20:00:00,NA,1004.8,23.8,28,NA
2021-02-16 21:00:00,NA,1005.1,20.6,45,NA
2021-02-16 22:00:00,NA,1004.7,19.2,50,NA
2021-02-16 23:00:00,NA,1004.5,18.6,50,NA
2021-02-17 00:00:00,995.4,NA,16.2,67,NA
2021-02-17 12:00:00,995.8,NA,15,49,NA
2021-02-17 13:00:00,995.8,NA,19.2,45,NA
2021-02-17 15:00:00,996.6,NA,20.4,30,NA
2021-02-17 16:00:00,994.6,NA,21.8,45,NA
2021-02-17 17:00:00,994.2,NA,21.8,46,NA
2021-02-17 18:00:00,993.9,NA,21.8,26,NA
2021-02-17 19:00:00,992.8,NA,22.5,31,NA
2021-02-17 20:00:00,991.9,NA,26.3,18,NA
2021-02-17 21:00:00,991.8,NA,25.2,18,NA
2021-02-17 22:00:00,991.6,NA,23.6,21,NA
2021-02-17 23:00:00,991.6,NA,20.7,31,NA
2021-02-18 12:00:00,NA,1000.2,17.8,64,NA
2021-02-18 13:00:00,NA,1000.2,18.8,65,NA
2021-02-18 14:00:00,NA,1000.1,20.2,66,NA
2021-02-18 15:00:00,NA,1000.6,18.8,40,NA
2021-02-18 16:00:00,NA,1001,13.8,89,NA
2021-02-18 17:00:00,NA,1001.4,12.6,94,NA
2021-02-18 18:00:00,NA,1002,11.6,81,NA
2021-02-18 19:00:00,NA,1002.4,10.5,90,NA
2021-02-18 20:00:00,NA,1003.1,9.4,97,NA
2021-02-18 21:00:00,NA,1004.1,8.9,95,NA
2021-02-18 22:00:00,NA,1004.8,9.8,90,NA
2021-02-18 23:00:00,NA,1006.7,8.9,80,NA
2021-02-19 00:00:00,997,NA,9.8,64,NA
2021-02-19 12:00:00,1002.3,NA,8.4,68,NA
2021-02-19 13:00:00,1002.4,NA,7.8,75,NA
2021-02-19 14:00:00,1002.4,NA,9.8,76,NA
2021-02-19 15:00:00,1002.4,NA,12.8,57,NA
2021-02-19 16:00:00,1002.1,NA,13.8,39,NA
2021-02-19 17:00:00,1002.1,NA,14.8,50,NA
2021-02-19 18:00:00,1002.2,NA,14.9,40,NA
2021-02-19 19:00:00,1002.1,NA,15.2,34,NA
2021-02-19 20:00:00,1001.9,NA,15.4,33,NA
2021-02-19 21:00:00,1002,NA,14.8,39,NA
2021-02-19 22:00:00,1002.4,NA,14.1,41,NA
2021-02-19 23:00:00,1002.9,NA,12,52,NA
2021-02-20 12:00:00,NA,1010.6,11.8,67,NA
2021-02-20 13:00:00,NA,1010,14.8,57,NA
2021-02-20 14:00:00,NA,1009.4,16.6,46,NA
2021-02-20 15:00:00,NA,1008.7,19,35,NA
2021-02-20 16:00:00,NA,1007.8,21.7,29,NA
2021-02-20 17:00:00,NA,1006.7,21.7,25,NA
2021-02-20 18:00:00,NA,1005.8,22.4,22,NA
2021-02-20 19:00:00,NA,1004.7,23.8,19,NA
2021-02-20 20:00:00,NA,1003.7,24.4,18,NA
2021-02-20 21:00:00,NA,1003.3,22.4,25,NA
2021-02-20 22:00:00,NA,1003.3,20.8,27,NA
2021-02-20 23:00:00,NA,1002.9,18.8,29,NA
2021-02-21 00:00:00,993.6,NA,16.4,38,NA
2021-02-21 12:00:00,991,NA,17,43,NA
2021-02-21 13:00:00,990.6,NA,17.8,44,NA
2021-02-21 14:00:00,990.8,NA,17.8,44,NA
2021-02-21 15:00:00,990.8,NA,16.2,58,NA
2021-02-21 16:00:00,991,NA,16.2,62,NA
2021-02-21 17:00:00,990.6,NA,16.2,62,NA
2021-02-21 18:00:00,990.3,NA,14.9,69,NA
2021-02-21 19:00:00,990.7,NA,13,83,NA
2021-02-21 20:00:00,991.1,NA,12.2,90,NA
2021-02-21 21:00:00,991.1,NA,12,91,NA
2021-02-21 22:00:00,991.6,NA,12,93,NA
2021-02-21 23:00:00,992.1,NA,11.9,87,NA
2021-02-22 12:00:00,NA,1006.9,10.2,85,NA
2021-02-22 13:00:00,NA,1007.4,10.2,60,NA
2021-02-22 14:00:00,NA,1007.8,10.8,66,NA
2021-02-22 15:00:00,NA,1007.7,11.8,61,NA
2021-02-22 16:00:00,NA,1007.2,13.8,49,NA
2021-02-22 17:00:00,NA,1006.4,14.8,51,NA
2021-02-22 18:00:00,NA,1006,16.4,39,NA
2021-02-22 19:00:00,NA,1005.5,16.6,41,NA
2021-02-22 20:00:00,NA,1004.7,16.8,43,NA
2021-02-22 21:00:00,NA,1004.3,16,44,NA
2021-02-22 22:00:00,NA,1005,13.8,55,NA
2021-02-22 23:00:00,NA,1005.1,13,62,NA
2021-02-23 00:00:00,995.2,NA,12.4,61,NA
2021-02-23 12:00:00,1004.1,NA,9.4,79,NA
2021-02-23 13:00:00,1004.4,NA,11.4,59,NA
2021-02-23 14:00:00,1004.4,NA,13,47,NA
2021-02-23 15:00:00,1003.9,NA,14.9,41,NA
2021-02-23 16:00:00,1004.4,NA,16,39,NA
2021-02-23 17:00:00,1003.5,NA,16.6,31,NA
2021-02-23 18:00:00,1002.6,NA,16.8,31,NA
2021-02-23 19:00:00,1001.4,NA,17.2,33,NA
2021-02-23 20:00:00,1000.1,NA,20.8,28,NA
2021-02-23 21:00:00,998.9,NA,18.4,42,NA
2021-02-23 22:00:00,997.4,NA,17.8,50,NA
2021-02-23 23:00:00,996.9,NA,16.8,44,NA
2021-02-24 12:00:00,NA,1005.1,17.9,57,NA
2021-02-24 13:00:00,NA,1005,20.9,46,NA
2021-02-24 14:00:00,NA,1004.3,23.2,37,NA
2021-02-24 15:00:00,NA,1003.7,25.1,30,NA
2021-02-24 16:00:00,NA,1003.6,24.2,30,NA
2021-02-24 17:00:00,NA,1004.7,19.1,46,NA
2021-02-24 18:00:00,NA,1005.2,16.8,54,NA
2021-02-24 19:00:00,NA,1005.1,16,60,NA
2021-02-24 20:00:00,NA,1004.3,16.8,54,NA
2021-02-24 21:00:00,NA,1004.3,17.4,53,NA
2021-02-24 22:00:00,NA,1004.5,16.8,56,NA
2021-02-24 23:00:00,NA,1004.9,15.6,63,NA
2021-02-25 00:00:00,996.6,NA,14.6,72,NA
2021-02-25 12:00:00,1000.7,NA,15.8,61,NA
2021-02-25 13:00:00,1000.7,NA,19.2,51,NA
2021-02-25 15:00:00,1000,NA,23.2,58,NA
2021-02-25 16:00:00,999.7,NA,24,34,NA
2021-02-25 17:00:00,999.7,NA,21.2,48,NA
2021-02-25 18:00:00,999.2,NA,19.8,46,NA
2021-02-25 19:00:00,998.8,NA,19.8,44,NA
2021-02-25 20:00:00,998.6,NA,18.8,48,NA
2021-02-25 21:00:00,998,NA,18.4,64,NA
2021-02-25 22:00:00,998,NA,16.8,72,NA
2021-02-25 23:00:00,997.8,NA,15.4,78,NA
2021-02-26 12:00:00,NA,1015.3,13.4,77,NA
2021-02-26 13:00:00,NA,1016.1,16,60,NA
2021-02-26 14:00:00,NA,1016.7,17.1,53,NA
2021-02-26 15:00:00,NA,1017.2,17.2,51,NA
2021-02-26 16:00:00,NA,1017.2,17.8,52,NA
2021-02-26 17:00:00,NA,1017.2,17.8,53,NA
2021-02-26 18:00:00,NA,1017.1,18.2,52,NA
2021-02-26 19:00:00,NA,1017.1,17.2,60,NA
2021-02-26 20:00:00,NA,1017.2,17,61,NA
2021-02-26 21:00:00,NA,1017.2,16.4,57,NA
2021-02-26 22:00:00,NA,1017.2,16.2,59,NA
2021-02-26 23:00:00,1007.7,NA,15.8,52,NA
2021-02-27 00:00:00,1007.7,NA,15.4,49,NA
2021-02-27 12:00:00,1006.6,NA,15,89,NA
2021-02-27 13:00:00,1005.6,NA,15.6,91,NA
2021-02-27 14:00:00,1005,NA,17,82,NA
2021-02-27 15:00:00,1004.4,NA,20.4,61,NA
2021-02-27 16:00:00,1003.6,NA,22.4,57,NA
2021-02-27 17:00:00,1003,NA,21.6,62,NA
2021-02-27 18:00:00,1002,NA,24.2,55,NA
2021-02-27 19:00:00,1001,NA,21.8,61,NA
2021-02-27 20:00:00,1000,NA,20.8,66,NA
2021-02-27 21:00:00,999.2,NA,18.6,71,NA
2021-02-27 22:00:00,998.4,NA,16.5,76,NA
2021-02-27 23:00:00,997.9,NA,16.8,85,NA
2021-02-28 12:00:00,NA,1004,16.8,80,NA
2021-02-28 13:00:00,NA,1003.5,18.8,65,NA
2021-02-28 14:00:00,NA,1004.2,20.8,51,NA
2021-02-28 15:00:00,NA,1004.1,22.8,39,NA
2021-02-28 16:00:00,NA,NA,23.4,39,NA
2021-02-28 17:00:00,NA,1003.6,24.8,42,NA
2021-02-28 18:00:00,NA,1003,26.4,42,NA
2021-02-28 19:00:00,NA,1002.8,28.2,31,NA
2021-02-28 20:00:00,NA,1002.3,28.2,31,NA
2021-02-28 21:00:00,NA,1002.1,28.8,30,NA
2021-02-28 22:00:00,NA,1002.3,28.4,28,NA
2021-02-28 23:00:00,NA,1002.7,25.8,31,NA
2021-03-01 00:00:00,NA,1002.7,22.4,41,NA
2021-03-02 09:00:00,NA,1021.2,6.4,80,NA
2021-03-02 10:00:00,NA,1021.4,6.6,77,NA
2021-03-02 11:00:00,NA,1021.4,7.6,86,NA
2021-03-02 12:00:00,NA,1021.6,9.6,67,NA
2021-03-02 13:00:00,NA,1021.9,9.8,65,NA
2021-03-02 14:00:00,NA,1022.3,10.8,57,NA
2021-03-02 15:00:00,NA,1022.1,11.8,67,NA
2021-03-02 16:00:00,NA,1022,12,70,NA
2021-03-02 17:00:00,NA,1021.5,11.1,82,NA
2021-03-02 18:00:00,1012.4,1022.1,10.8,82,NA
2021-03-02 19:00:00,1011.9,1021.6,10.3,89,NA
2021-03-02 20:00:00,1012.1,1021.9,10.2,91,NA
2021-03-02 21:00:00,1011.9,1021.7,10.2,85,NA
2021-03-02 22:00:00,1012.1,1021.9,10.1,85,NA
2021-03-02 23:00:00,1012.3,1022,10.2,90,NA
2021-03-03 00:00:00,NA,1022.3,10.4,85,NA
2021-03-04 00:00:00,1010.4,NA,NA,NA,NA
2021-03-04 09:00:00,1012.5,1022.3,10.8,90,NA
2021-03-04 10:00:00,1012.5,1022.3,10.8,95,NA
2021-03-04 11:00:00,1013,1022.8,11.7,91,NA
2021-03-04 12:00:00,1013.3,1023.1,11.8,91,NA
2021-03-04 13:00:00,1013.4,1023,11.8,83,NA
2021-03-04 14:00:00,1013.7,1023.4,11.8,79,NA
2021-03-04 15:00:00,1014,1023.7,14,78,NA
2021-03-04 16:00:00,1013.7,1023.3,14.8,75,NA
2021-03-04 17:00:00,1013.4,1022.9,15.8,67,NA
2021-03-04 18:00:00,1012.6,1022.1,15.2,67,NA
2021-03-04 19:00:00,1012.1,1021.7,15.6,73,NA
2021-03-04 20:00:00,1011.5,1021.1,15.4,71,NA
2021-03-04 21:00:00,1011.2,1020.9,15.2,72,NA
2021-03-04 22:00:00,1010.7,1020.4,13.8,76,NA
2021-03-04 23:00:00,NA,1019.7,12.7,81,NA
2021-03-05 00:00:00,NA,1019.4,11.8,93,NA
2021-03-06 00:00:00,991.5,NA,NA,NA,NA
2021-03-06 09:00:00,984.2,993.5,18.2,31,NA
2021-03-06 10:00:00,984.1,993.4,18.8,32,NA
2021-03-06 11:00:00,983.7,993,19.2,30,NA
2021-03-06 12:00:00,984,993.3,18.8,56,NA
2021-03-06 13:00:00,983.4,992.5,19.8,34,NA
2021-03-06 14:00:00,985,994.1,21.2,41,NA
2021-03-06 15:00:00,985.2,994.3,22,44,NA
2021-03-06 16:00:00,985,994,22.2,45,NA
2021-03-06 17:00:00,985.1,994.1,24.7,45,NA
2021-03-06 18:00:00,985.6,994.6,26.4,41,NA
2021-03-06 19:00:00,985.6,994.6,26.5,40,NA
2021-03-06 20:00:00,985.6,994.6,28.1,38,NA
2021-03-06 21:00:00,986.8,996,25,43,NA
2021-03-06 22:00:00,987.3,996.5,24.6,44,NA
2021-03-06 23:00:00,988.5,997.7,22.2,42,NA
2021-03-07 00:00:00,NA,999,21.5,44,NA
2021-03-08 00:00:00,995.8,NA,NA,NA,NA
2021-03-08 09:00:00,1002.8,1012.6,5.1,59,NA
2021-03-08 10:00:00,1003.3,1013.1,5,59,NA
2021-03-08 11:00:00,1003.9,1013.7,5.8,59,NA
2021-03-08 12:00:00,1003.9,1013.7,7.2,66,NA
2021-03-08 13:00:00,1003.6,1013.3,11,59,NA
2021-03-08 14:00:00,1003.6,1013.2,13.1,51,NA
2021-03-08 15:00:00,1003.3,1012.8,14.7,40,NA
2021-03-08 16:00:00,NA,1012.1,16.6,32,NA
2021-03-08 17:00:00,1002.4,1011.8,17.2,30,NA
2021-03-08 18:00:00,1001.4,1010.8,18,34,NA
2021-03-08 19:00:00,1001,1010.5,19.6,29,NA
2021-03-08 20:00:00,1000.8,1010.3,17.2,35,NA
2021-03-08 21:00:00,1000.2,1009.9,16.6,38,NA
2021-03-08 22:00:00,999.8,1009.5,15.6,45,NA
2021-03-08 23:00:00,999.6,1009.3,14.8,49,NA
2021-03-09 00:00:00,NA,1009.3,14,53,NA
2021-03-10 00:00:00,983.1,NA,NA,NA,NA
2021-03-10 09:00:00,980.5,989.6,20.6,48,NA
2021-03-10 10:00:00,981,990.2,19.2,49,NA
2021-03-10 11:00:00,982,991.2,17.3,48,NA
2021-03-10 12:00:00,982,991.2,15.8,51,NA
2021-03-10 13:00:00,982,991.2,16.8,50,NA
2021-03-10 14:00:00,981.7,990.9,17.1,45,NA
2021-03-10 15:00:00,981.5,990.7,20.1,38,NA
2021-03-10 16:00:00,981.3,990.4,20.8,30,NA
2021-03-10 17:00:00,980.6,989.6,22.2,22,NA
2021-03-10 18:00:00,980.6,989.6,20.6,23,NA
2021-03-10 19:00:00,980,989,21,17,NA
2021-03-10 20:00:00,979.6,988.6,19.8,14,NA
2021-03-10 21:00:00,980.2,989.4,19.2,15,NA
2021-03-10 22:00:00,980.8,990,17.8,19,NA
2021-03-10 23:00:00,981.6,990.9,16.2,27,NA
2021-03-11 00:00:00,NA,993.2,14.2,33,NA
2021-03-12 00:00:00,994,NA,NA,NA,NA
2021-03-12 09:00:00,997.5,1006.9,14.8,47,NA
2021-03-12 10:00:00,997.8,1007.2,13.2,50,NA
2021-03-12 11:00:00,NA,1008.3,13.9,44,NA
2021-03-12 12:00:00,999.6,1009.1,14.8,46,NA
2021-03-12 13:00:00,999.3,1008.7,18,45,NA
2021-03-12 14:00:00,999.8,1009.1,18.7,39,NA
2021-03-12 15:00:00,999.2,1008.5,21.5,34,NA
2021-03-12 16:00:00,998.8,1008,22.8,32,NA
2021-03-12 17:00:00,999.1,1008.3,24.5,27,NA
2021-03-12 18:00:00,998.6,1007.7,25.7,26,NA
2021-03-12 19:00:00,998.2,1007.4,26.4,24,NA
2021-03-12 20:00:00,997.6,1006.8,26.8,24,NA
2021-03-12 21:00:00,997.4,1006.8,24.1,24,NA
2021-03-12 22:00:00,997.4,1006.8,21.8,28,NA
2021-03-12 23:00:00,997.2,1006.6,19.7,32,NA
2021-03-13 00:00:00,NA,1007,18.4,33,NA
2021-03-14 09:00:00,NA,1023.2,8.2,84,NA
2021-03-14 10:00:00,NA,1022.8,7.6,86,NA
2021-03-14 12:00:00,NA,1022.2,11.5,73,NA
2021-03-14 13:00:00,NA,1021.2,13.8,66,NA
2021-03-14 14:00:00,NA,1020.8,15.8,50,NA
2021-03-14 15:00:00,NA,1020.1,17,44,NA
2021-03-14 16:00:00,NA,1018.9,17.2,45,NA
2021-03-14 17:00:00,NA,1017.9,17.2,43,NA
2021-03-14 18:00:00,NA,1017,17.3,43,NA
2021-03-14 19:00:00,NA,1015.7,17.2,46,NA
2021-03-14 20:00:00,NA,1015.1,16.1,55,NA
2021-03-14 21:00:00,NA,1013.7,14.8,61,NA
2021-03-14 22:00:00,NA,1013.3,13.2,69,NA
2021-03-14 23:00:00,NA,1012.3,13.1,70,NA
2021-03-15 00:00:00,NA,1011.4,11.3,73,NA
2021-03-15 12:00:00,992,NA,15.2,76,NA
2021-03-15 13:00:00,992.6,NA,18.4,52,NA
2021-03-15 14:00:00,992.8,NA,20.8,40,NA
2021-03-15 15:00:00,993.6,NA,22.2,27,NA
2021-03-15 16:00:00,994,NA,22.2,27,NA
2021-03-15 17:00:00,994.7,NA,19.1,39,NA
2021-03-15 18:00:00,995.3,NA,18.6,39,NA
2021-03-16 09:00:00,NA,1017.4,7.9,87,NA
2021-03-16 10:00:00,NA,1018.5,7.6,86,NA
2021-03-16 11:00:00,NA,1019.8,7.2,80,NA
2021-03-16 12:00:00,NA,1020.6,7.7,79,NA
2021-03-16 13:00:00,NA,1021.3,8.7,75,NA
2021-03-16 14:00:00,NA,1021.8,10.4,61,NA
2021-03-16 15:00:00,NA,1022.5,10.8,41,NA
2021-03-16 16:00:00,NA,1023,10.8,41,NA
2021-03-16 17:00:00,NA,1023,12,40,NA
2021-03-16 18:00:00,NA,1023.4,10.8,36,NA
2021-03-16 19:00:00,NA,1023.9,11.9,33,NA
2021-03-16 20:00:00,NA,1024.1,11.8,37,NA
2021-03-16 21:00:00,NA,1024.1,11.2,40,NA
2021-03-16 22:00:00,NA,1025.2,10,44,NA
2021-03-16 23:00:00,NA,1026,8.8,51,NA
2021-03-17 00:00:00,1016.5,NA,7.3,67,NA
2021-03-17 09:00:00,1018,NA,3.4,76,NA
2021-03-17 10:00:00,1018,NA,4.6,68,NA
2021-03-17 11:00:00,1018,NA,5.4,57,NA
2021-03-17 12:00:00,1018,NA,7,57,NA
2021-03-18 09:00:00,NA,1012.2,11.2,62,NA
2021-03-18 10:00:00,NA,1011.4,10.8,66,NA
2021-03-18 11:00:00,NA,1010.2,11.4,67,NA
2021-03-18 12:00:00,NA,1010.2,12.6,43,NA
2021-03-18 13:00:00,NA,1009.3,15.2,30,NA
2021-03-18 14:00:00,NA,1008.4,18,15,NA
2021-03-18 15:00:00,NA,1007.7,19.8,17,NA
2021-03-18 16:00:00,NA,1007.2,21.4,19,NA
2021-03-18 17:00:00,NA,1006.2,22.8,16,NA
2021-03-18 18:00:00,NA,1004.9,23.5,15,NA
2021-03-18 19:00:00,NA,1004.9,24.2,16,NA
2021-03-18 20:00:00,NA,1004.7,18.6,32,NA
2021-03-18 21:00:00,NA,1004.7,17.4,36,NA
2021-03-18 22:00:00,NA,1004.5,15.6,43,NA
2021-03-18 23:00:00,NA,1004.6,13.8,56,NA
2021-03-19 00:00:00,994.8,NA,12.7,69,NA
2021-03-19 09:00:00,988.9,NA,11.5,48,NA
2021-03-19 10:00:00,988.5,NA,10.9,37,NA
2021-03-19 12:00:00,988,NA,14.3,33,NA
2021-03-19 13:00:00,987.7,NA,18.2,21,NA
2021-03-19 14:00:00,986.8,NA,20.7,20,NA
2021-03-19 15:00:00,986,NA,21.3,17,NA
2021-03-19 16:00:00,984.8,NA,22.8,15,NA
2021-03-19 17:00:00,993.9,NA,23.1,15,NA
2021-03-19 18:00:00,983,NA,25.2,14,NA
2021-03-19 19:00:00,983,NA,23.7,15,NA
2021-03-19 20:00:00,983.3,NA,20.8,22,NA
2021-03-19 21:00:00,983,NA,20.7,22,NA
2021-03-19 22:00:00,983.5,NA,20.8,25,NA
2021-03-19 23:00:00,984.4,NA,18.2,28,NA
2021-03-20 09:00:00,NA,1004.3,11.6,47,NA
2021-03-20 10:00:00,NA,1006,10.2,55,NA
2021-03-20 11:00:00,NA,1007.8,9.3,69,NA
2021-03-20 12:00:00,NA,1009.5,10.3,52,NA
2021-03-20 13:00:00,NA,1010.8,13,45,NA
2021-03-20 14:00:00,NA,1012.1,13.9,39,NA
2021-03-20 15:00:00,NA,1013,14.2,32,NA
2021-03-20 16:00:00,NA,1013.9,14.9,35,NA
2021-03-20 17:00:00,NA,1014.6,15.8,34,NA
2021-03-20 18:00:00,NA,1014.5,14.6,45,NA
2021-03-20 19:00:00,NA,1015.2,13.9,46,NA
2021-03-20 20:00:00,NA,1015.2,14,47,NA
2021-03-20 21:00:00,NA,1016,13.6,51,NA
2021-03-20 22:00:00,NA,1016.5,12.4,59,NA
2021-03-20 23:00:00,NA,1016.5,11.1,65,NA
2021-03-21 00:00:00,1007,NA,10.2,74,NA
2021-03-21 09:00:00,1006.6,NA,9.2,89,NA
2021-03-21 10:00:00,1007,NA,8.2,89,NA
2021-03-21 11:00:00,1007.2,NA,8.8,76,NA
2021-03-21 12:00:00,1007.6,NA,10.6,65,NA
2021-03-21 13:00:00,1007.8,NA,12.4,54,NA
2021-03-21 14:00:00,1007.6,NA,14.4,48,NA
2021-03-21 15:00:00,1007,NA,18.2,30,NA
2021-03-21 16:00:00,1006.6,NA,18.4,34,NA
2021-03-21 17:00:00,1006.2,NA,18.8,35,NA
2021-03-21 18:00:00,1005.6,NA,18.4,37,NA
2021-03-21 20:00:00,1004.2,NA,15.1,64,NA
2021-03-21 21:00:00,1003.4,NA,14.8,76,NA
2021-03-21 22:00:00,1003.4,NA,19.2,36,NA
2021-03-21 23:00:00,1003.4,NA,17,40,NA
2021-03-22 09:00:00,NA,1008.5,12.1,71,NA
2021-03-22 10:00:00,NA,1008.4,10.2,75,NA
2021-03-22 11:00:00,NA,1008.8,10.4,70,NA
2021-03-22 12:00:00,NA,1009.1,11.6,67,NA
2021-03-22 13:00:00,NA,1009,14.8,57,NA
2021-03-22 14:00:00,NA,1009.2,17.5,47,NA
2021-03-22 15:00:00,NA,1008.8,18.6,38,NA
2021-03-22 16:00:00,NA,1008.5,21.9,28,NA
2021-03-22 17:00:00,NA,1008.2,23.2,28,NA
2021-03-22 18:00:00,NA,1008,24.3,23,NA
2021-03-22 19:00:00,NA,1008.4,20,41,NA
2021-03-22 20:00:00,NA,1008.6,19.2,39,NA
2021-03-22 21:00:00,NA,1008.7,18.9,39,NA
2021-03-22 22:00:00,NA,1008.8,17.4,43,NA
2021-03-22 23:00:00,NA,1009,15.2,49,NA
2021-03-23 00:00:00,999.4,NA,13.9,54,NA
2021-03-23 09:00:00,993,NA,13.8,59,NA
2021-03-23 10:00:00,992.8,NA,14.8,60,NA
2021-03-23 12:00:00,992,NA,15.8,52,NA
2021-03-23 13:00:00,991.6,NA,15.4,55,NA
2021-03-23 14:00:00,991.8,NA,19,45,NA
2021-03-23 15:00:00,991.6,NA,19.8,40,NA
2021-03-23 16:00:00,991.6,NA,19.8,38,NA
2021-03-23 17:00:00,990.6,NA,20.9,35,NA
2021-03-23 18:00:00,990.1,NA,22.9,28,NA
2021-03-23 19:00:00,990.2,NA,22.8,27,NA
2021-03-23 20:00:00,990.8,NA,21.3,29,NA
2021-03-23 21:00:00,991.7,NA,21.1,24,NA
2021-03-23 22:00:00,992.6,NA,18.8,23,NA
2021-03-23 23:00:00,993.8,NA,16.9,20,NA
2021-03-24 09:00:00,NA,1011.7,8.1,46,NA
2021-03-24 10:00:00,NA,1012.8,7.4,48,NA
2021-03-24 11:00:00,NA,1013.5,5.8,50,NA
2021-03-24 12:00:00,NA,1013.9,6.5,50,NA
2021-03-24 13:00:00,NA,1014.3,10.2,42,NA
2021-03-24 14:00:00,NA,1014.8,12.7,34,NA
2021-03-24 15:00:00,NA,1014.7,13.8,28,NA
2021-03-24 16:00:00,NA,1014.7,15.6,23,NA
2021-03-24 17:00:00,NA,1014.2,16.2,22,NA
2021-03-24 18:00:00,NA,1013.7,17.5,19,NA
2021-03-24 19:00:00,NA,1013.4,18.2,18,NA
2021-03-24 20:00:00,NA,1012.7,18.8,17,NA
2021-03-24 21:00:00,NA,1012.6,18.8,17,NA
2021-03-24 22:00:00,NA,1013.3,16.8,24,NA
2021-03-24 23:00:00,NA,1014.5,13.9,39,NA
2021-03-25 00:00:00,1005.9,NA,12.2,53,NA
2021-03-25 09:00:00,1007.4,NA,5.1,53,NA
2021-03-25 10:00:00,1007.7,NA,5,54,NA
2021-03-25 11:00:00,1007.7,NA,5.4,52,NA
2021-03-25 12:00:00,1007.2,NA,8.8,50,NA
2021-03-25 13:00:00,1007,NA,12.6,48,NA
2021-03-25 14:00:00,1006.8,NA,16.3,37,NA
2021-03-25 15:00:00,1006,NA,17.5,28,NA
2021-03-25 16:00:00,1004.7,NA,19.2,22,NA
2021-03-25 17:00:00,1004.4,NA,20.8,19,NA
2021-03-25 18:00:00,1003.6,NA,21.8,16,NA
2021-03-25 19:00:00,1003,NA,22.4,14,NA
2021-03-25 20:00:00,1002.6,NA,21.6,17,NA
2021-03-25 23:00:00,1003,NA,15.8,34,NA
2021-03-26 09:00:00,NA,1019.1,9,74,NA
2021-03-26 10:00:00,NA,1019.6,9.3,77,NA
2021-03-26 11:00:00,NA,1020.4,10,77,NA
2021-03-26 12:00:00,NA,1020.8,11.8,74,NA
2021-03-26 13:00:00,NA,1021,13.1,65,NA
2021-03-26 14:00:00,NA,1021.3,14.4,54,NA
2021-03-26 15:00:00,NA,1021.2,15,42,NA
2021-03-26 16:00:00,NA,1020.9,15.4,46,NA
2021-03-26 17:00:00,NA,1020.5,15.6,45,NA
2021-03-26 18:00:00,NA,1020.1,15.8,45,NA
2021-03-26 19:00:00,NA,1019.4,16.8,42,NA
2021-03-26 20:00:00,NA,1019,16.4,42,NA
2021-03-26 21:00:00,NA,1019.1,16.4,41,NA
2021-03-26 22:00:00,NA,1018.7,14.6,45,NA
2021-03-26 23:00:00,NA,1018.5,13.4,46,NA
2021-03-27 00:00:00,1008,NA,12.8,49,NA
2021-03-27 09:00:00,1004.7,NA,11.4,87,NA
2021-03-27 10:00:00,1004.5,NA,11.7,90,NA
2021-03-27 11:00:00,1004.5,NA,11.8,90,NA
2021-03-27 12:00:00,1003.7,NA,11.4,90,NA
2021-03-27 13:00:00,1003.3,NA,13.8,80,NA
2021-03-27 14:00:00,1003.1,NA,14.7,66,NA
2021-03-27 15:00:00,1002.4,NA,17.6,53,NA
2021-03-27 16:00:00,1001.8,NA,18.8,44,NA
2021-03-27 17:00:00,1000.8,NA,20,33,NA
2021-03-27 18:00:00,999.8,NA,21.8,30,NA
2021-03-27 19:00:00,998.8,NA,21.8,30,NA
2021-03-27 20:00:00,998.2,NA,20.2,36,NA
2021-03-27 21:00:00,997.8,NA,19.4,41,NA
2021-03-27 22:00:00,997.2,NA,18,45,NA
2021-03-27 23:00:00,996.6,NA,17,43,NA
2021-03-28 09:00:00,NA,1010.7,11.6,62,NA
2021-03-28 10:00:00,NA,1011.6,11.2,57,NA
2021-03-28 11:00:00,NA,1013,9.8,60,NA
2021-03-28 12:00:00,NA,1013.7,9.8,60,NA
2021-03-28 13:00:00,NA,1014.6,13.5,50,NA
2021-03-28 14:00:00,NA,1015.1,14.7,38,NA
2021-03-28 15:00:00,NA,1015.9,14.9,31,NA
2021-03-28 16:00:00,NA,1015.7,15.2,31,NA
2021-03-28 17:00:00,NA,1016.5,15,73,NA
2021-03-28 18:00:00,NA,1016.3,15.4,85,NA
2021-03-28 19:00:00,NA,1016.6,13.8,91,NA
2021-03-28 20:00:00,NA,1017.2,14,87,NA
2021-03-28 21:00:00,NA,1017.3,13.5,83,NA
2021-03-28 22:00:00,NA,1017.7,11.8,61,NA
2021-03-28 23:00:00,NA,1017.8,10.4,58,NA
2021-03-29 00:00:00,1008,NA,9.8,64,NA
2021-03-29 09:00:00,1007.7,NA,7.5,79,NA
2021-03-29 10:00:00,1007.3,NA,7.9,84,NA
2021-03-29 11:00:00,1007.2,NA,9.2,81,NA
2021-03-29 12:00:00,1007,NA,11.3,78,NA
2021-03-29 13:00:00,1006.3,NA,13.7,68,NA
2021-03-29 14:00:00,1006.6,NA,16,51,NA
2021-03-29 15:00:00,1005.8,NA,18,46,NA
2021-03-29 16:00:00,1005,NA,18.9,50,NA
2021-03-29 17:00:00,1004.5,NA,19.8,49,NA
2021-03-29 18:00:00,1004,NA,20.1,49,NA
2021-03-29 19:00:00,1003.5,NA,20,49,NA
2021-03-29 20:00:00,1003.3,NA,19.8,52,NA
2021-03-29 23:00:00,1003,NA,15,76,NA
2021-03-30 09:00:00,NA,1009.9,14.6,70,NA
2021-03-30 10:00:00,NA,1010.2,14.1,81,NA
2021-03-30 11:00:00,NA,1010.7,14,74,NA
2021-03-30 12:00:00,NA,1010.8,14.5,73,NA
2021-03-30 13:00:00,NA,1010.9,17.2,71,NA
2021-03-30 14:00:00,NA,1011.6,20.5,55,NA
2021-03-30 15:00:00,NA,1011.8,21.3,47,NA
2021-03-30 16:00:00,NA,1012.3,22.7,39,NA
2021-03-30 17:00:00,NA,1013.7,18.8,40,NA
2021-03-30 18:00:00,NA,1014.8,16.4,62,NA
2021-03-30 19:00:00,NA,1016,16.7,62,NA
2021-03-30 20:00:00,NA,1017.1,15.4,61,NA
2021-03-30 21:00:00,NA,1018.7,14.6,62,NA
2021-03-30 22:00:00,NA,1019.6,12.2,74,NA
2021-03-30 23:00:00,NA,1020.7,12,77,NA
2021-03-31 00:00:00,1011.7,NA,11.4,81,NA
2021-03-31 10:00:00,1015.7,NA,10.3,83,NA
2021-03-31 11:00:00,1016.7,NA,10.4,80,NA
2021-03-31 17:00:00,1017.4,NA,12,60,NA
2021-03-31 18:00:00,1017.1,NA,12,60,NA
2021-03-31 19:00:00,1017.1,NA,11.5,63,NA
2021-03-31 20:00:00,1016.5,NA,11.1,63,NA
2021-03-31 21:00:00,1016.5,NA,10.8,66,NA
2021-03-31 22:00:00,1016.5,NA,10.2,71,NA
2021-03-31 23:00:00,1016.5,NA,10.1,71,NA
2021-04-01 09:00:00,NA,1022.3,10,95,NA
2021-04-01 10:00:00,NA,1022.4,10.1,96,NA
2021-04-01 11:00:00,NA,1022.5,10.4,95,NA
2021-04-01 12:00:00,NA,1021.3,10.8,92,NA
2021-04-01 13:00:00,NA,1020.8,11.4,96,NA
2021-04-01 14:00:00,NA,1020.3,11.8,95,NA
2021-04-01 15:00:00,NA,1019.4,12.5,92,NA
2021-04-01 16:00:00,NA,1018.8,13.2,91,NA
2021-04-01 17:00:00,NA,1018,14.2,87,NA
2021-04-01 18:00:00,NA,1017,14,89,NA
2021-04-01 19:00:00,NA,1016.4,14,89,NA
2021-04-01 20:00:00,NA,1015.9,13.6,89,NA
2021-04-01 21:00:00,NA,1015.5,13.2,93,NA
2021-04-01 22:00:00,NA,1015,13.1,97,NA
2021-04-02 00:00:00,NA,1014.6,13,96,NA
2021-04-01 23:00:00,1004.9,NA,13,95,NA
2021-04-02 09:00:00,1002,NA,12.7,87,NA
2021-04-02 11:00:00,1001.9,NA,11.8,85,NA
2021-04-02 12:00:00,1001.9,NA,12.5,82,NA
2021-04-02 13:00:00,1002.1,NA,12.3,82,NA
2021-04-02 15:00:00,1001.9,NA,15.2,71,NA
2021-04-02 16:00:00,1001.9,NA,16.6,61,NA
2021-04-02 17:00:00,1001.9,NA,18.2,54,NA
2021-04-02 18:00:00,1001.9,NA,18.4,52,NA
2021-04-02 19:00:00,1001.9,NA,16.5,68,NA
2021-04-02 20:00:00,1002.2,NA,15,70,NA
2021-04-02 21:00:00,1002.5,NA,14.2,76,NA
2021-04-02 22:00:00,1002.8,NA,13.4,77,NA
2021-04-02 23:00:00,1003.1,NA,11.3,81,NA
2021-04-03 09:00:00,NA,1008.2,11.1,84,NA
2021-04-03 10:00:00,NA,1007.8,11.8,83,NA
2021-04-03 11:00:00,NA,1007.7,10.8,82,NA
2021-04-03 12:00:00,NA,1007.7,10.6,79,NA
2021-04-03 13:00:00,NA,1007.6,12,71,NA
2021-04-03 14:00:00,NA,1007.1,14.2,60,NA
2021-04-03 15:00:00,NA,1006.3,16.1,50,NA
2021-04-03 16:00:00,NA,1005.9,18.4,41,NA
2021-04-03 17:00:00,NA,1005.2,20.4,35,NA
2021-04-03 18:00:00,NA,1004.6,21.9,25,NA
2021-04-03 19:00:00,NA,1004.7,23.6,26,NA
2021-04-03 20:00:00,NA,1004.7,22.7,28,NA
2021-04-03 21:00:00,NA,1005.1,22,30,NA
2021-04-03 22:00:00,NA,1006.4,18,39,NA
2021-04-03 23:00:00,NA,1007.7,16.5,47,NA
2021-04-04 00:00:00,999.5,NA,12.8,66,NA
2021-04-04 09:00:00,997.3,NA,11,75,NA
2021-04-04 10:00:00,996.8,NA,11,78,NA
2021-04-04 11:00:00,996.3,NA,10.8,85,NA
2021-04-04 12:00:00,995.9,NA,12,87,NA
2021-04-04 13:00:00,995.3,NA,12.6,89,NA
2021-04-04 14:00:00,995,NA,13.9,79,NA
2021-04-04 15:00:00,994.8,NA,16.5,66,NA
2021-04-04 16:00:00,994,NA,19,55,NA
2021-04-04 17:00:00,992.7,NA,21.6,43,NA
2021-04-04 18:00:00,991.9,NA,22.2,37,NA
2021-04-04 19:00:00,991.9,NA,20.7,38,NA
2021-04-04 20:00:00,992.2,NA,19.8,40,NA
2021-04-04 21:00:00,992.5,NA,18.1,44,NA
2021-04-04 22:00:00,993.2,NA,15.8,53,NA
2021-04-04 23:00:00,994.3,NA,14.7,59,NA
2021-04-05 09:00:00,NA,1013.6,9.2,72,NA
2021-04-05 10:00:00,NA,1014.8,9.8,70,NA
2021-04-05 11:00:00,NA,1016.1,10.4,66,NA
2021-04-05 12:00:00,NA,1016.7,8.8,74,NA
2021-04-05 13:00:00,NA,1017.5,10.4,58,NA
2021-04-05 14:00:00,NA,1017.7,11.3,65,NA
2021-04-05 15:00:00,NA,1018.5,11,66,NA
2021-04-05 16:00:00,NA,1018.9,11.8,56,NA
2021-04-05 17:00:00,NA,1019.4,11.8,56,NA
2021-04-05 18:00:00,NA,1019.7,11.3,57,NA
2021-04-05 19:00:00,NA,1019.8,11.1,56,NA
2021-04-05 20:00:00,NA,1020.1,11.2,55,NA
2021-04-05 21:00:00,NA,1020.1,10.5,56,NA
2021-04-05 22:00:00,NA,1020.4,9.7,61,NA
2021-04-05 23:00:00,NA,1021,9.4,59,NA
2021-04-06 00:00:00,1011.5,NA,9.4,76,NA
2021-04-06 09:00:00,1008.3,NA,10.4,87,NA
2021-04-06 10:00:00,1006.5,NA,10.3,88,NA
2021-04-06 11:00:00,1003.8,NA,10.6,89,NA
2021-04-06 12:00:00,1006.1,NA,19.8,47,NA
2021-04-06 13:00:00,1005,NA,11.1,86,NA
2021-04-06 15:00:00,1003.6,NA,11.6,83,NA
2021-04-06 17:00:00,1000.9,NA,11.6,97,NA
2021-04-06 18:00:00,1000.7,NA,12.2,97,NA
2021-04-06 19:00:00,NA,NA,12.6,96,NA
2021-04-06 20:00:00,997.3,NA,12.8,97,NA
2021-04-06 21:00:00,996.4,NA,12.6,97,NA
2021-04-06 23:00:00,996.1,NA,11.8,97,NA
2021-04-07 09:00:00,NA,1002.5,10.2,75,NA
2021-04-07 10:00:00,NA,1002.5,10,77,NA
2021-04-07 11:00:00,NA,1003,9.8,75,NA
2021-04-07 12:00:00,NA,1003.3,9,79,NA
2021-04-07 13:00:00,NA,1003.9,12.1,70,NA
2021-04-07 14:00:00,NA,1004.2,13,62,NA
2021-04-07 15:00:00,NA,1003.7,14.4,54,NA
2021-04-07 16:00:00,NA,1003.2,16,42,NA
2021-04-07 17:00:00,NA,1002.3,17.6,43,NA
2021-04-07 18:00:00,NA,1001.4,18.6,39,NA
2021-04-07 19:00:00,NA,1001.1,19.7,35,NA
2021-04-07 20:00:00,NA,1000.9,20,30,NA
2021-04-07 21:00:00,NA,1001.1,17.7,39,NA
2021-04-07 22:00:00,NA,1001.4,14.8,59,NA
2021-04-07 23:00:00,NA,1001.5,14.3,63,NA
2021-04-08 00:00:00,NA,1001.8,13.8,59,NA
2021-04-08 15:00:00,998.1,NA,14.2,45,NA
2021-04-08 16:00:00,998.3,NA,15.2,42,NA
2021-04-08 17:00:00,998.6,NA,16.2,38,NA
2021-04-08 18:00:00,998.9,NA,14.8,50,NA
2021-04-08 19:00:00,999,NA,14.4,53,NA
2021-04-08 20:00:00,1000.1,NA,13.8,55,NA
2021-04-08 21:00:00,1000.9,NA,12.8,57,NA
2021-04-08 22:00:00,1002,NA,9.8,89,NA
2021-04-08 23:00:00,1002.8,NA,9.4,94,NA
2021-04-09 09:00:00,NA,1018.4,6.4,83,NA
2021-04-09 10:00:00,NA,1019.1,6.2,84,NA
2021-04-09 11:00:00,NA,1019.3,5.3,80,NA
2021-04-09 12:00:00,NA,1019.8,4.8,78,NA
2021-04-09 14:00:00,NA,1019.9,10,72,NA
2021-04-09 15:00:00,NA,1019.7,11.6,65,NA
2021-04-09 16:00:00,NA,1019.4,12.8,56,NA
2021-04-09 17:00:00,NA,1018.9,13.8,49,NA
2021-04-09 18:00:00,NA,1018.1,15.2,38,NA
2021-04-09 19:00:00,NA,1018.1,14.8,51,NA
2021-04-09 20:00:00,NA,1017.6,14.8,55,NA
2021-04-09 21:00:00,NA,1017.9,14.4,54,NA
2021-04-09 22:00:00,NA,1017.6,12.6,60,NA
2021-04-09 23:00:00,NA,1017.3,11.8,63,NA
2021-04-10 00:00:00,NA,1016.8,11.4,60,NA
2021-04-11 09:00:00,NA,1005.2,7.8,75,NA
2021-04-11 10:00:00,NA,1005.6,8,73,NA
2021-04-11 11:00:00,NA,1005.6,7.2,69,NA
2021-04-11 12:00:00,NA,1005.4,8.2,76,NA
2021-04-11 13:00:00,NA,1005.9,10.8,66,NA
2021-04-11 14:00:00,NA,1005.7,12.2,56,NA
2021-04-11 15:00:00,NA,1005.2,13.8,59,NA
2021-04-11 16:00:00,NA,1004.8,16.2,53,NA
2021-04-11 17:00:00,NA,1002.9,16.6,52,NA
2021-04-11 18:00:00,NA,1002.7,15,64,NA
2021-04-11 19:00:00,NA,1002.3,16.7,44,NA
2021-04-11 20:00:00,NA,1001.5,16.4,48,NA
2021-04-11 21:00:00,NA,1000.8,16.6,48,NA
2021-04-11 22:00:00,NA,1000.2,15.5,61,NA
2021-04-11 23:00:00,NA,999.8,15.1,66,NA
2021-04-12 00:00:00,NA,998.8,14.3,73,NA
2021-04-13 09:00:00,NA,1008.6,11.4,54,NA
2021-04-13 10:00:00,NA,1009.5,11,55,NA
2021-04-13 11:00:00,NA,1009.5,11.6,50,NA
2021-04-13 12:00:00,NA,1009.9,11.2,54,NA
2021-04-13 13:00:00,1001,1010.5,12.9,51,NA
2021-04-13 14:00:00,1001.1,1010.6,15.5,42,NA
2021-04-13 15:00:00,1001,1010.4,18.2,35,NA
2021-04-13 16:00:00,1000.5,1009.8,19.2,26,NA
2021-04-13 17:00:00,1000,1009.3,20.6,24,NA
2021-04-13 18:00:00,999.5,1008.7,21.9,24,NA
2021-04-13 19:00:00,997.4,1006.7,21.4,25,NA
2021-04-13 20:00:00,998,1007.3,19.7,38,NA
2021-04-13 21:00:00,997,1006.5,18,42,NA
2021-04-13 22:00:00,995.4,1004.9,16.4,51,NA
2021-04-13 23:00:00,995.1,1004.6,15.4,65,NA
2021-04-14 00:00:00,NA,1004,14.2,66,NA
2021-04-15 00:00:00,996.1,NA,NA,NA,NA
2021-04-15 09:00:00,998.5,1008.2,4.8,72,NA
2021-04-15 10:00:00,998.5,1008.1,4.6,75,NA
2021-04-15 11:00:00,NA,1008.6,4.6,69,NA
2021-04-15 12:00:00,998.5,1008.2,5.8,64,NA
2021-04-15 13:00:00,999,1008.7,8.8,51,NA
2021-04-15 14:00:00,998.9,1008.5,11.8,46,NA
2021-04-15 15:00:00,999,1008.5,14.8,32,NA
2021-04-15 16:00:00,998.6,1008,16.8,36,NA
2021-04-15 17:00:00,998.4,1007.7,17.6,30,NA
2021-04-15 18:00:00,997.3,1006.6,19.1,28,NA
2021-04-15 19:00:00,996.8,1006.3,18.3,31,NA
2021-04-15 20:00:00,996.5,1006,17.4,31,NA
2021-04-15 21:00:00,996.2,1005.8,16.2,39,NA
2021-04-15 22:00:00,995.8,1005.6,14,55,NA
2021-04-15 23:00:00,995.4,1005.1,13.1,53,NA
2021-04-16 00:00:00,NA,1004.6,12.4,59,NA
2021-04-17 00:00:00,1004.2,NA,NA,NA,NA
2021-04-17 09:00:00,1005.6,1015.2,9.7,73,NA
2021-04-17 10:00:00,1005.4,1015.1,9.3,83,NA
2021-04-17 11:00:00,1005.3,1014.9,9.8,87,NA
2021-04-17 12:00:00,1005.5,1015.1,10.8,86,NA
2021-04-17 13:00:00,1005.4,1015,12.1,77,NA
2021-04-17 14:00:00,1004.8,1014.4,14.3,77,NA
2021-04-17 15:00:00,1004.2,1013.7,15.6,71,NA
2021-04-17 16:00:00,1003.6,1013,16.7,54,NA
2021-04-17 17:00:00,1002.8,1012.2,16.8,54,NA
2021-04-17 18:00:00,1002.3,1011.7,17.2,51,NA
2021-04-17 19:00:00,1001.8,1011.3,17,56,NA
2021-04-17 20:00:00,1001.9,1011.4,16.8,59,NA
2021-04-17 21:00:00,1001.6,1011.2,16.4,57,NA
2021-04-17 22:00:00,1001.3,1010.9,16,42,NA
2021-04-17 23:00:00,1001,1010.6,15.8,34,NA
2021-04-18 00:00:00,NA,1010.5,15.2,26,NA
2021-04-19 00:00:00,993.4,NA,NA,NA,NA
2021-04-19 09:00:00,988.5,997.8,16.4,57,NA
2021-04-19 10:00:00,989.1,998.5,15.5,56,NA
2021-04-19 11:00:00,989.1,998.5,14.4,62,NA
2021-04-19 12:00:00,988.8,998.2,14.8,64,NA
2021-04-19 13:00:00,988.5,997.8,17.5,57,NA
2021-04-19 14:00:00,988.2,997.4,19.9,51,NA
2021-04-19 15:00:00,987.8,996.9,21.8,46,NA
2021-04-19 16:00:00,988.3,997.4,22.4,41,NA
2021-04-19 17:00:00,988.3,997.4,22,42,NA
2021-04-19 18:00:00,988.5,997.6,22.4,41,NA
2021-04-19 19:00:00,989.1,998.3,22.3,42,NA
2021-04-19 20:00:00,990.1,999.3,20.6,51,NA
2021-04-19 21:00:00,991.4,1000.7,19.6,49,NA
2021-04-19 22:00:00,992.9,1002.3,17.5,45,NA
2021-04-19 23:00:00,994.4,1003.9,16.7,43,NA
2021-04-20 00:00:00,NA,1005.2,16,44,NA
2021-04-21 00:00:00,1010.9,NA,NA,NA,NA
2021-04-21 09:00:00,1004.5,1014.2,11.6,48,NA
2021-04-21 10:00:00,1004,1013.7,11.5,84,NA
2021-04-21 11:00:00,1002.4,1012.1,11.4,92,NA
2021-04-21 12:00:00,1001.1,1010.8,10.3,99,NA
2021-04-21 13:00:00,1000,1009.5,12,99,NA
2021-04-21 14:00:00,999.5,1009,12.3,99,NA
2021-04-21 15:00:00,998.9,1008.4,12.9,97,NA
2021-04-21 16:00:00,998.2,1007.7,14.8,98,NA
2021-04-21 17:00:00,997,1006.4,15.2,98,NA
2021-04-21 18:00:00,996.1,1005.5,14.8,91,NA
2021-04-21 19:00:00,996.1,1005.5,13.8,91,NA
2021-04-21 20:00:00,996.4,1005.9,13.4,87,NA
2021-04-21 21:00:00,996.9,1006.5,12.2,97,NA
2021-04-21 22:00:00,997.7,1007.3,11.8,95,NA
2021-04-21 23:00:00,998.6,1008.2,11.4,95,NA
2021-04-22 00:00:00,NA,1009.1,10.8,95,NA
2021-04-23 00:00:00,1001,NA,NA,NA,NA
2021-04-23 09:00:00,NA,1012.6,3.2,90,NA
2021-04-23 10:00:00,NA,1012.9,3,90,NA
2021-04-23 11:00:00,NA,1012.9,3.4,83,NA
2021-04-23 12:00:00,NA,1013.2,5.6,82,NA
2021-04-23 13:00:00,NA,1013.8,7.2,78,NA
2021-04-23 14:00:00,NA,1013.5,10.8,73,NA
2021-04-23 15:00:00,NA,1013.6,11.2,69,NA
2021-04-23 16:00:00,NA,1013.6,12.2,63,NA
2021-04-23 17:00:00,NA,1012.7,12.2,71,NA
2021-04-23 18:00:00,NA,1012.4,13,63,NA
2021-04-23 19:00:00,NA,1012.9,12.5,61,NA
2021-04-23 20:00:00,NA,1013.1,12.3,66,NA
2021-04-23 21:00:00,NA,1013.8,11,76,NA
2021-04-23 22:00:00,NA,1014.5,9.1,87,NA
2021-04-23 23:00:00,NA,1015,8.2,92,NA
2021-04-24 00:00:00,NA,1015.3,7.7,92,NA
2021-04-25 09:00:00,NA,1015.5,8.1,74,NA
2021-04-25 10:00:00,NA,1015.1,7.6,78,NA
2021-04-25 11:00:00,NA,1015,6.8,79,NA
2021-04-25 12:00:00,NA,1014.5,6.8,74,NA
2021-04-25 13:00:00,NA,1014.7,8.7,75,NA
2021-04-25 14:00:00,NA,1014.1,10.6,64,NA
2021-04-25 15:00:00,NA,1013.7,13.4,55,NA
2021-04-25 16:00:00,NA,1013.2,14.2,48,NA
2021-04-25 17:00:00,NA,1012.3,15.8,43,NA
2021-04-25 18:00:00,NA,1011.4,17.3,36,NA
2021-04-25 19:00:00,NA,1010.9,16.4,41,NA
2021-04-25 20:00:00,NA,1010.6,14.8,49,NA
2021-04-25 21:00:00,NA,1010.6,14.1,53,NA
2021-04-25 22:00:00,NA,1010.3,13.1,55,NA
2021-04-25 23:00:00,NA,1010.3,13,60,NA
2021-04-26 00:00:00,NA,1010.3,12.3,62,NA
2021-04-27 09:00:00,NA,1000.1,14.8,61,NA
2021-04-27 10:00:00,NA,999.4,15,59,NA
2021-04-27 11:00:00,NA,999.4,15.4,59,NA
2021-04-27 12:00:00,NA,999,16,56,NA
2021-04-27 13:00:00,NA,998,16.6,53,NA
2021-04-27 14:00:00,NA,997.6,17,52,NA
2021-04-27 15:00:00,NA,997.8,17.9,47,NA
2021-04-27 16:00:00,NA,996.7,18.2,47,NA
2021-04-27 17:00:00,NA,995.4,18.4,46,NA
2021-04-27 18:00:00,NA,995,18.3,48,NA
2021-04-27 19:00:00,NA,994.8,18.6,48,NA
2021-04-27 20:00:00,NA,995.3,18.6,46,NA
2021-04-27 21:00:00,NA,994.8,18.1,50,NA
2021-04-27 22:00:00,NA,995.4,18,50,NA
2021-04-27 23:00:00,NA,995.6,17.6,51,NA
2021-04-28 00:00:00,987.2,NA,17.8,50,NA
2021-04-28 09:00:00,996,NA,8.8,50,NA
2021-04-28 10:00:00,997.3,NA,9.2,49,NA
2021-04-28 11:00:00,998.2,NA,9.8,52,NA
2021-04-28 12:00:00,998.9,NA,8.2,57,NA
2021-04-28 14:00:00,1000.3,NA,9.4,47,NA
2021-04-28 15:00:00,1000.2,NA,13.8,33,NA
2021-04-28 16:00:00,1000.2,NA,14.8,32,NA
2021-04-28 17:00:00,999.3,NA,15.5,31,NA
2021-04-28 18:00:00,999.2,NA,16,28,NA
2021-04-28 19:00:00,999.5,NA,16,31,NA
2021-04-28 20:00:00,999.3,NA,14.9,35,NA
2021-04-28 21:00:00,999.6,NA,13.3,41,NA
2021-04-28 22:00:00,999.6,NA,11.7,46,NA
2021-04-28 23:00:00,999.1,NA,12,45,NA
2021-04-29 09:00:00,NA,1010.5,8.8,51,NA
2021-04-29 10:00:00,NA,1010.8,9.4,47,NA
2021-04-29 11:00:00,NA,1010.9,9.8,43,NA
2021-04-29 12:00:00,NA,1011.1,9.6,43,NA
2021-04-29 13:00:00,NA,1011.1,9.8,53,NA
2021-04-29 14:00:00,NA,1010.6,11.2,55,NA
2021-04-29 15:00:00,NA,1009.6,11.8,54,NA
2021-04-29 16:00:00,NA,1008.5,12.8,58,NA
2021-04-29 17:00:00,NA,1007.6,13.7,49,NA
2021-04-29 18:00:00,NA,1006.1,13.4,49,NA
2021-04-29 19:00:00,NA,1006.1,13.4,54,NA
2021-04-29 20:00:00,NA,1005.5,13,63,NA
2021-04-29 21:00:00,NA,1004.9,13.1,70,NA
2021-04-29 22:00:00,NA,1003.8,12.2,77,NA
2021-04-29 23:00:00,NA,1003.3,12.1,76,NA
2021-04-30 00:00:00,993.4,NA,12.4,74,NA
2021-04-30 09:00:00,989,NA,13.6,50,NA
2021-04-30 10:00:00,989.4,NA,13.8,49,NA
2021-04-30 11:00:00,988.6,NA,14,49,NA
2021-04-30 12:00:00,989.8,NA,14.6,52,NA
2021-04-30 13:00:00,989.5,NA,15.2,51,NA
2021-04-30 14:00:00,989.7,NA,15.6,50,NA
2021-04-30 15:00:00,990.5,NA,17.6,48,NA
2021-04-30 16:00:00,990.7,NA,17.8,46,NA
2021-04-30 17:00:00,990.5,NA,17.7,49,NA
2021-04-30 18:00:00,990.1,NA,17.5,47,NA
2021-04-30 19:00:00,990.7,NA,17.2,49,NA
2021-04-30 20:00:00,990.9,NA,16,52,NA
2021-04-30 21:00:00,991.3,NA,15.4,56,NA
2021-04-30 22:00:00,991.7,NA,14.2,58,NA
2021-04-30 23:00:00,992.3,NA,13.5,61,NA
2021-05-01 09:00:00,NA,1002.7,11.8,42,NA
2021-05-01 10:00:00,NA,1002.4,9.8,87,NA
2021-05-01 11:00:00,NA,1001.6,10,87,NA
2021-05-01 12:00:00,NA,1001.3,10.7,73,NA
2021-05-01 13:00:00,NA,1001.5,12,72,NA
2021-05-01 14:00:00,NA,1001.4,14.2,75,NA
2021-05-01 15:00:00,NA,1001,14.2,78,NA
2021-05-01 16:00:00,NA,1000.6,13.7,73,NA
2021-05-01 17:00:00,NA,999.4,15,69,NA
2021-05-01 18:00:00,NA,999.7,15.4,61,NA
2021-05-01 19:00:00,NA,998.4,16.5,53,NA
2021-05-01 20:00:00,NA,999.1,16.9,46,NA
2021-05-01 21:00:00,NA,998.9,15,49,NA
2021-05-01 22:00:00,NA,999.2,13.8,51,NA
2021-05-01 23:00:00,NA,999.2,13.1,51,NA
2021-05-02 00:00:00,990,NA,11.4,51,NA
2021-05-02 10:00:00,984.8,NA,9.6,54,NA
2021-05-02 11:00:00,984.2,NA,9.4,52,NA
2021-05-02 12:00:00,984.4,NA,7.8,62,NA
2021-05-02 13:00:00,985.3,NA,8.2,59,NA
2021-05-02 14:00:00,985.7,NA,10.8,66,NA
2021-05-02 15:00:00,985.9,NA,12.6,49,NA
2021-05-02 16:00:00,986.1,NA,13.6,40,NA
2021-05-02 17:00:00,985.9,NA,14.6,37,NA
2021-05-02 18:00:00,985.7,NA,14.5,37,NA
2021-05-02 19:00:00,986.1,NA,13.4,47,NA
2021-05-02 20:00:00,987,NA,13.1,49,NA
2021-05-02 21:00:00,988.1,NA,12.4,53,NA
2021-05-02 22:00:00,989,NA,9,70,NA
2021-05-02 23:00:00,989.4,NA,7.6,76,NA
2021-05-03 09:00:00,NA,1003.2,7.6,64,NA
2021-05-03 10:00:00,NA,1004.7,7.8,94,NA
2021-05-03 11:00:00,NA,1004.7,8,86,NA
2021-05-03 12:00:00,NA,1007,4.8,88,NA
2021-05-03 13:00:00,NA,1008.1,4.2,97,NA
2021-05-03 14:00:00,NA,1009.5,5.8,97,NA
2021-05-03 15:00:00,NA,1010.7,6.2,82,NA
2021-05-03 16:00:00,NA,1012.3,6.8,74,NA
2021-05-03 17:00:00,NA,1013,7.4,63,NA
2021-05-03 18:00:00,NA,1013.9,6,71,NA
2021-05-03 19:00:00,NA,1015.3,5,85,NA
2021-05-03 20:00:00,NA,1016.6,4.2,90,NA
2021-05-03 21:00:00,NA,1017.7,3.7,92,NA
2021-05-03 22:00:00,NA,1019,3.7,93,NA
2021-05-03 23:00:00,NA,1020.1,3.2,85,NA
2021-05-04 00:00:00,1011.3,NA,2.3,87,NA
2021-05-04 09:00:00,1014.6,NA,0.3,74,NA
2021-05-04 10:00:00,1015.7,NA,0,72,NA
2021-05-04 12:00:00,1015.1,NA,-2.2,69,NA
2021-05-04 13:00:00,1015.1,NA,1.3,68,NA
2021-05-04 14:00:00,1015.1,NA,2.8,69,NA
2021-05-04 15:00:00,1014.5,NA,4.6,62,NA
2021-05-04 16:00:00,1014,NA,5.1,67,NA
2021-05-04 17:00:00,1013,NA,7.8,56,NA
2021-05-04 19:00:00,1011.9,NA,9.5,48,NA
2021-05-04 20:00:00,1011.8,NA,8.1,49,NA
2021-05-04 21:00:00,1011.9,NA,6.5,59,NA
2021-05-04 22:00:00,1011.8,NA,5.6,64,NA
2021-05-04 23:00:00,1011.5,NA,6.4,56,NA
2021-05-05 09:00:00,NA,1022.9,3.9,69,NA
2021-05-05 10:00:00,NA,1022.7,3.6,69,NA
2021-05-05 11:00:00,NA,1022.7,3.4,64,NA
2021-05-05 12:00:00,NA,1022.7,2.2,65,NA
2021-05-05 13:00:00,NA,1023,5,63,NA
2021-05-05 14:00:00,NA,1023.4,7.2,62,NA
2021-05-05 15:00:00,NA,1022.9,10.1,53,NA
2021-05-05 16:00:00,NA,1022.8,11,54,NA
2021-05-05 17:00:00,NA,1022.3,11.2,53,NA
2021-05-05 18:00:00,NA,1022.5,11.8,50,NA
2021-05-05 19:00:00,NA,1022.4,12.2,53,NA
2021-05-05 20:00:00,NA,1022.4,12.8,50,NA
2021-05-05 21:00:00,NA,1022.6,13.2,44,NA
2021-05-05 22:00:00,NA,1022.8,11.2,33,NA
2021-05-05 23:00:00,NA,1022.9,10.4,36,NA
2021-05-06 00:00:00,1013,NA,8.6,43,NA
2021-05-06 09:00:00,1013.6,NA,3.3,88,NA
2021-05-06 10:00:00,1013.6,NA,3,86,NA
2021-05-06 11:00:00,1013.5,NA,2.6,86,NA
2021-05-06 12:00:00,1013.9,NA,2.3,80,NA
2021-05-06 13:00:00,1013.9,NA,4.8,79,NA
2021-05-06 14:00:00,1013.9,NA,6.1,79,NA
2021-05-06 15:00:00,1013.9,NA,8,78,NA
2021-05-06 16:00:00,1013.9,NA,10.4,70,NA
2021-05-06 17:00:00,1013.8,NA,10.8,66,NA
2021-05-06 18:00:00,1013.6,NA,11.6,60,NA
2021-05-06 19:00:00,1013.4,NA,11.5,61,NA
2021-05-06 20:00:00,1013.6,NA,11.8,60,NA
2021-05-06 21:00:00,1013.4,NA,8.7,74,NA
2021-05-06 22:00:00,1013.3,NA,6.6,86,NA
2021-05-06 23:00:00,1013.5,NA,5.5,89,NA
2021-05-07 09:00:00,NA,1020,5.1,92,NA
2021-05-07 10:00:00,NA,1019.8,5.2,94,NA
2021-05-07 11:00:00,NA,1019.2,5.1,94,NA
2021-05-07 12:00:00,NA,1019,4.6,90,NA
2021-05-07 13:00:00,NA,1018.9,8.5,88,NA
2021-05-07 14:00:00,NA,1018.2,10.6,86,NA
2021-05-07 15:00:00,NA,1017.6,12.2,74,NA
2021-05-07 16:00:00,NA,1017,13.3,66,NA
2021-05-07 17:00:00,NA,1015.7,14.3,56,NA
2021-05-07 18:00:00,NA,1014.6,13.5,62,NA
2021-05-07 19:00:00,NA,1014.2,13.2,69,NA
2021-05-07 20:00:00,NA,1013.7,12.5,74,NA
2021-05-07 21:00:00,NA,1013.6,11.9,78,NA
2021-05-07 22:00:00,NA,1013.1,11.4,83,NA
2021-05-07 23:00:00,NA,1012.9,10.7,89,NA
2021-05-08 00:00:00,1002.4,NA,10.3,92,NA
2021-05-08 09:00:00,998.7,NA,9.9,88,NA
2021-05-08 10:00:00,998.6,NA,8.3,77,NA
2021-05-08 11:00:00,998.7,NA,7,75,NA
2021-05-08 12:00:00,998.9,NA,5.5,77,NA
2021-05-08 13:00:00,998.9,NA,5.8,73,NA
2021-05-08 14:00:00,999,NA,7.1,75,NA
2021-05-08 15:00:00,999.2,NA,9,67,NA
2021-05-08 17:00:00,998.2,NA,13.3,40,NA
2021-05-08 18:00:00,997.4,NA,14.8,34,NA
2021-05-08 19:00:00,997.1,NA,14.7,34,NA
2021-05-08 20:00:00,996.7,NA,14.2,38,NA
2021-05-08 21:00:00,996.5,NA,12.6,42,NA
2021-05-08 22:00:00,996.5,NA,12.1,44,NA
2021-05-08 23:00:00,996.5,NA,11.4,51,NA
2021-05-09 09:00:00,NA,1006.6,8.3,63,NA
2021-05-09 10:00:00,NA,1006.9,7.8,62,NA
2021-05-09 11:00:00,NA,1007.8,7.3,64,NA
2021-05-09 12:00:00,NA,1009.1,6.8,66,NA
2021-05-09 13:00:00,NA,1009.7,7.8,80,NA
2021-05-09 14:00:00,NA,1011.2,7.6,92,NA
2021-05-09 15:00:00,NA,1012.2,8,86,NA
2021-05-09 16:00:00,NA,1013,8.8,77,NA
2021-05-09 17:00:00,NA,1013.6,9.2,66,NA
2021-05-09 18:00:00,NA,1014.5,9.5,63,NA
2021-05-09 19:00:00,NA,1015.4,9.7,61,NA
2021-05-09 20:00:00,NA,1016.6,9,64,NA
2021-05-09 21:00:00,NA,1017.7,8.3,64,NA
2021-05-09 22:00:00,NA,1018.4,7.1,70,NA
2021-05-09 23:00:00,NA,1018.9,5.9,81,NA
2021-05-10 00:00:00,1009.2,NA,6,83,NA
2021-05-10 09:00:00,1011.4,NA,5.9,61,NA
2021-05-10 10:00:00,1011.9,NA,4.7,71,NA
2021-05-10 11:00:00,1012.2,NA,4.5,66,NA
2021-05-10 12:00:00,1012.6,NA,4.9,64,NA
2021-05-10 13:00:00,1012.7,NA,5.7,67,NA
2021-05-10 14:00:00,1012.6,NA,8.2,56,NA
2021-05-10 15:00:00,1012.7,NA,9.8,52,NA
2021-05-10 16:00:00,1012.4,NA,11.5,48,NA
2021-05-10 17:00:00,1011.8,NA,12.5,44,NA
2021-05-10 18:00:00,1011.3,NA,13.2,43,NA
2021-05-10 19:00:00,1010.5,NA,13.6,44,NA
2021-05-10 20:00:00,1010.2,NA,13.6,45,NA
2021-05-10 21:00:00,1010,NA,12.5,45,NA
2021-05-10 22:00:00,1009.8,NA,10.6,47,NA
2021-05-10 23:00:00,1009.6,NA,9.8,50,NA
2021-05-11 09:00:00,NA,1014.2,5.4,67,NA
2021-05-11 10:00:00,NA,1013.4,5.4,67,NA
2021-05-11 11:00:00,NA,1013.2,5,60,NA
2021-05-11 12:00:00,NA,1012.8,6.4,51,NA
2021-05-11 13:00:00,NA,1011.9,8,47,NA
2021-05-11 14:00:00,NA,1011.1,11,42,NA
2021-05-11 15:00:00,NA,1010.4,12.8,37,NA
2021-05-11 16:00:00,NA,1009.3,14.4,31,NA
2021-05-11 17:00:00,NA,1007.6,15.2,34,NA
2021-05-11 18:00:00,NA,1006.4,15,34,NA
2021-05-11 19:00:00,NA,1005.5,13.3,43,NA
2021-05-11 20:00:00,NA,1005.6,12.6,46,NA
2021-05-11 21:00:00,NA,1005.2,11.6,51,NA
2021-05-11 22:00:00,NA,1004.6,11.4,54,NA
2021-05-11 23:00:00,993.5,NA,11.3,54,NA
2021-05-12 00:00:00,993.5,NA,12.4,50,NA
2021-05-12 10:00:00,992.5,NA,12.1,47,NA
2021-05-12 11:00:00,993.3,NA,11.8,50,NA
2021-05-12 12:00:00,994.3,NA,10.9,55,NA
2021-05-12 13:00:00,995,NA,11.8,56,NA
2021-05-12 14:00:00,995.5,NA,13.4,52,NA
2021-05-12 15:00:00,995.9,NA,14.9,48,NA
2021-05-12 16:00:00,996.2,NA,16.3,41,NA
2021-05-12 17:00:00,996.5,NA,16.8,36,NA
2021-05-12 18:00:00,996.6,NA,17.2,35,NA
2021-05-12 19:00:00,996.8,NA,17.2,33,NA
2021-05-12 20:00:00,997,NA,16.8,34,NA
2021-05-12 21:00:00,997.8,NA,13.2,43,NA
2021-05-12 23:00:00,999,NA,12.4,46,NA
2021-05-13 12:00:00,NA,1012.9,2.5,77,NA
2021-05-13 13:00:00,NA,1013.7,5,69,NA
2021-05-13 14:00:00,NA,1013.8,8.8,58,NA
2021-05-13 15:00:00,NA,1014.8,10.4,58,NA
2021-05-13 16:00:00,NA,1014.7,12.8,47,NA
2021-05-13 17:00:00,NA,1014.6,14.1,43,NA
2021-05-13 18:00:00,NA,1014.6,16.2,30,NA
2021-05-13 19:00:00,NA,1014.8,16.9,32,NA
2021-05-13 20:00:00,NA,1015.4,13.8,41,NA
2021-05-13 21:00:00,NA,1016,12.1,51,NA
2021-05-13 22:00:00,NA,1016.7,10.6,58,NA
2021-05-13 23:00:00,1007.7,NA,9.8,59,NA
2021-05-14 00:00:00,1008.2,NA,7.4,77,NA
2021-05-14 12:00:00,1008.5,NA,7.9,96,NA
2021-05-14 13:00:00,1008.4,NA,9.2,96,NA
2021-05-14 14:00:00,1008.7,NA,9.6,94,NA
2021-05-14 15:00:00,1008.6,NA,10.1,87,NA
2021-05-14 17:00:00,1007.2,NA,10.8,80,NA
2021-05-14 18:00:00,1006.7,NA,11.2,80,NA
2021-05-14 19:00:00,1006.5,NA,10.6,85,NA
2021-05-14 20:00:00,1006.3,NA,10.1,89,NA
2021-05-14 21:00:00,1005.8,NA,9.9,93,NA
2021-05-14 22:00:00,1005.5,NA,10.8,91,NA
2021-05-14 23:00:00,1005.1,NA,10.3,91,NA
2021-05-15 12:00:00,NA,1012.8,7.1,81,NA
2021-05-15 13:00:00,NA,1012.9,7.4,80,NA
2021-05-15 14:00:00,NA,1013.3,8.8,87,NA
2021-05-15 15:00:00,NA,1013.6,8.6,92,NA
2021-05-15 16:00:00,NA,1013.3,7.7,94,NA
2021-05-15 17:00:00,NA,1012.8,8.1,95,NA
2021-05-15 18:00:00,NA,1012.6,8.5,95,NA
2021-05-16 00:00:00,1006.2,NA,8.3,97,NA
2021-05-16 12:00:00,1012.6,NA,7.8,92,NA
2021-05-16 13:00:00,1013.3,NA,7.6,90,NA
2021-05-16 14:00:00,1013.8,NA,7.8,89,NA
2021-05-16 15:00:00,1014.1,NA,7.9,84,NA
2021-05-16 16:00:00,1013.8,NA,8,91,NA
2021-05-16 17:00:00,1013.8,NA,8.6,89,NA
2021-05-16 18:00:00,1013.5,NA,8.9,75,NA
2021-05-16 21:00:00,1014.2,NA,7.3,78,NA
2021-05-17 12:00:00,NA,1019.4,7.4,80,NA
2021-05-17 13:00:00,NA,1019,8.5,77,NA
2021-05-17 14:00:00,NA,1018.4,9,66,NA
2021-05-17 15:00:00,NA,1018.1,9.3,70,NA
2021-05-17 16:00:00,NA,1018.1,9.4,79,NA
2021-05-17 17:00:00,NA,1017.2,9.8,79,NA
2021-05-17 18:00:00,NA,1016.7,9.9,81,NA
2021-05-17 21:00:00,NA,NA,9.6,80,NA
2021-05-18 00:00:00,1005.8,NA,9.9,76,NA
2021-05-18 12:00:00,1003.4,NA,10.8,91,NA
2021-05-18 13:00:00,1003.2,NA,10.8,94,NA
2021-05-18 14:00:00,1003.4,NA,10.9,93,NA
2021-05-18 15:00:00,1002.9,NA,11.4,90,NA
2021-05-18 17:00:00,1002.4,NA,11.7,91,NA
2021-05-18 18:00:00,1001.8,NA,11.9,90,NA
2021-05-18 21:00:00,1002.2,NA,11.4,93,NA
2021-05-19 12:00:00,NA,1012.6,11.2,92,NA
2021-05-19 13:00:00,NA,1012.5,11.2,94,NA
2021-05-19 14:00:00,NA,1012.7,11.1,94,NA
2021-05-19 15:00:00,NA,1012.7,11.1,96,NA
2021-05-19 16:00:00,NA,1012.7,11,97,NA
2021-05-19 17:00:00,NA,1012,10.9,97,NA
2021-05-19 18:00:00,NA,1012,10.8,99,NA
2021-05-19 21:00:00,NA,NA,11.2,100,NA
2021-05-20 00:00:00,1003.3,NA,11.6,97,NA
2021-05-20 12:00:00,1005.1,NA,10.2,94,NA
2021-05-20 13:00:00,1005.7,NA,10.3,94,NA
2021-05-20 16:00:00,1006.3,NA,9.5,96,NA
2021-05-20 17:00:00,1006.1,NA,10.1,93,NA
2021-05-20 18:00:00,1006.1,NA,10.1,96,NA
2021-05-20 21:00:00,1006.9,NA,10.4,96,NA
2021-05-21 12:00:00,NA,1017.8,9.4,99,NA
2021-05-21 13:00:00,NA,1017.6,10.6,NA,NA
2021-05-21 14:00:00,NA,1017.8,10.8,97,NA
2021-05-21 15:00:00,NA,1018,11.1,95,NA
2021-05-21 16:00:00,NA,1017.6,11.7,94,NA
2021-05-21 17:00:00,NA,1017.4,12,93,NA
2021-05-21 18:00:00,NA,1017.1,11.9,94,NA
2021-05-21 21:00:00,NA,NA,11.4,99,NA
2021-05-22 00:00:00,1007.6,NA,11,98,NA
2021-05-22 12:00:00,1007.5,NA,6.4,100,NA
2021-05-22 13:00:00,1007.8,NA,5.9,100,NA
2021-05-22 14:00:00,1007.8,NA,5.8,100,NA
2021-05-22 15:00:00,1007.8,NA,5.7,100,NA
2021-05-22 16:00:00,1007.5,NA,7.3,92,NA
2021-05-22 17:00:00,1006.9,NA,8,91,NA
2021-05-22 18:00:00,1006.9,NA,8.4,91,NA
2021-05-22 21:00:00,1006.7,NA,7.7,88,NA
2021-05-23 12:00:00,NA,1011.9,4,93,NA
2021-05-23 13:00:00,NA,1011,5.4,99,NA
2021-05-23 14:00:00,NA,1009.8,6.5,90,NA
2021-05-23 15:00:00,NA,1008.6,8.8,87,NA
2021-05-23 16:00:00,NA,1007.3,11.2,76,NA
2021-05-23 17:00:00,NA,1005.4,11.8,75,NA
2021-05-23 18:00:00,NA,1004,12,73,NA
2021-05-23 21:00:00,NA,NA,10,75,NA
2021-05-24 00:00:00,NA,997.3,9.4,79,NA
2021-05-25 12:00:00,NA,1005.8,1.5,62,NA
2021-05-25 13:00:00,NA,NA,1.4,60,NA
2021-05-25 14:00:00,NA,1006.8,2,54,NA
2021-05-25 15:00:00,NA,1007.2,4.8,51,NA
2021-05-25 16:00:00,NA,1007.1,5.9,48,NA
2021-05-25 17:00:00,NA,1006.6,6.8,47,NA
2021-05-25 18:00:00,NA,1006.1,7.4,43,NA
2021-05-25 21:00:00,NA,NA,4.8,57,NA
2021-05-26 00:00:00,NA,1005.4,1.4,67,NA
2021-05-27 12:00:00,NA,991.8,5.6,69,NA
2021-05-27 14:00:00,NA,989.6,5.9,91,NA
2021-05-27 15:00:00,NA,989.5,5.7,94,NA
2021-05-27 16:00:00,NA,988.2,5.4,94,NA
2021-05-27 17:00:00,978.8,988.3,5.4,94,NA
2021-05-27 18:00:00,978.9,988.4,4.8,94,NA
2021-05-27 21:00:00,980.7,NA,4.2,93,NA
2021-05-28 00:00:00,NA,991,4.4,97,NA
2021-05-29 00:00:00,995.3,NA,NA,NA,NA
2021-05-29 12:00:00,994.9,1004.9,-0.3,67,NA
2021-05-29 13:00:00,994.7,1004.6,1.2,56,NA
2021-05-29 14:00:00,995,1004.8,2.9,54,NA
2021-05-29 15:00:00,995.3,1005.1,3.5,53,NA
2021-05-29 16:00:00,995.4,1005.2,3.8,55,NA
2021-05-29 17:00:00,995.4,1005.2,4.2,56,NA
2021-05-29 18:00:00,995.7,1005.4,4.5,56,NA
2021-05-29 21:00:00,996.6,NA,2.9,68,NA
2021-05-30 00:00:00,NA,1007.6,0.8,75,NA
2021-05-31 00:00:00,993.7,NA,NA,NA,NA
2021-05-31 12:00:00,995.1,1005.1,-1.7,86,NA
2021-05-31 13:00:00,995,1004.9,-0.6,86,NA
2021-05-31 14:00:00,NA,1004,1.6,64,NA
2021-05-31 15:00:00,993.7,1003.5,1.8,64,NA
2021-05-31 16:00:00,992.7,1002.5,1.9,77,NA
2021-05-31 17:00:00,NA,1001.2,3,94,NA
2021-05-31 18:00:00,990.5,1000.2,3.3,95,NA
2021-05-31 21:00:00,988.2,NA,3.8,95,NA
2021-06-01 00:00:00,NA,996.5,4.8,99,NA
2021-06-02 00:00:00,999.4,NA,NA,NA,NA
2021-06-02 12:00:00,1000.7,1010.7,0,80,NA
2021-06-02 13:00:00,1000.6,1010.5,0.4,83,NA
2021-06-02 14:00:00,1000.6,1010.5,0.8,90,NA
2021-06-02 15:00:00,1000.5,1010.4,1.1,91,NA
2021-06-02 16:00:00,999.9,1009.8,1.4,92,NA
2021-06-02 17:00:00,999.3,1009.2,1.6,93,NA
2021-06-02 18:00:00,998.9,1008.8,2.2,93,NA
2021-06-02 21:00:00,999.2,NA,3,95,NA
2021-06-03 00:00:00,NA,1009.4,2.8,98,NA
2021-06-04 00:00:00,989.9,NA,NA,NA,NA
2021-06-04 12:00:00,991.6,1001.5,-0.4,84,NA
2021-06-04 13:00:00,NA,1001.8,0,81,NA
2021-06-04 14:00:00,992.1,1002,1.4,89,NA
2021-06-04 15:00:00,992.6,1002.4,3.1,83,NA
2021-06-04 16:00:00,992.6,1002.3,4,84,NA
2021-06-04 17:00:00,992.2,1001.9,4.8,84,NA
2021-06-04 18:00:00,992.2,1001.9,5.8,79,NA
2021-06-04 19:00:00,992.2,1001.8,6,91,NA
2021-06-04 20:00:00,992.8,1002.4,5.4,78,NA
2021-06-04 21:00:00,993.6,1003.3,3.4,90,NA
2021-06-04 22:00:00,994,1003.8,2.6,86,NA
2021-06-04 23:00:00,994.4,1004.2,1,92,NA
2021-06-05 00:00:00,NA,1004.8,1,92,NA
2021-06-06 00:00:00,1003,NA,NA,NA,NA
2021-06-06 12:00:00,999,1009,1.3,81,NA
2021-06-06 13:00:00,998.7,1008.6,2,80,NA
2021-06-06 14:00:00,998.3,1008.1,3.7,74,NA
2021-06-06 15:00:00,998,1007.8,4.9,70,NA
2021-06-06 16:00:00,997.2,1006.9,5.3,68,NA
2021-06-06 18:00:00,996.2,1005.9,7.2,50,NA
2021-06-06 19:00:00,995.4,1005,7.4,67,NA
2021-06-06 20:00:00,995.2,1004.8,7.4,67,NA
2021-06-06 21:00:00,994.6,1004.2,6.4,71,NA
2021-06-06 22:00:00,994.2,1003.9,6.8,71,NA
2021-06-06 23:00:00,994.2,1003.9,6.8,71,NA
2021-06-07 00:00:00,NA,1003.4,6.8,71,NA
2021-06-08 00:00:00,990.6,NA,NA,NA,NA
2021-06-08 12:00:00,NA,986.7,12.2,63,NA
2021-06-08 13:00:00,NA,987.1,12.6,61,NA
2021-06-08 14:00:00,NA,988.2,13.7,56,NA
2021-06-08 15:00:00,NA,989.1,13.9,60,NA
2021-06-08 16:00:00,NA,988.1,13.6,61,NA
2021-06-08 17:00:00,NA,988,13.6,57,NA
2021-06-08 18:00:00,NA,988.7,13,56,NA
2021-06-08 19:00:00,NA,989.1,13.1,55,NA
2021-06-08 20:00:00,NA,989.5,12.3,57,NA
2021-06-08 21:00:00,NA,991,11.5,54,NA
2021-06-08 22:00:00,NA,991.7,11.8,51,NA
2021-06-08 23:00:00,NA,992.5,10.8,57,NA
2021-06-09 00:00:00,NA,993.7,10.4,56,NA
2021-06-10 00:00:00,991.7,NA,NA,NA,NA
2021-06-10 12:00:00,1002.4,1012.3,1.2,74,NA
2021-06-10 13:00:00,1003.5,1013.4,1.9,70,NA
2021-06-10 14:00:00,1003.5,1013.4,1.9,70,NA
2021-06-10 15:00:00,1004.5,1014.4,5.4,67,NA
2021-06-10 16:00:00,1004.5,1014.3,7.4,63,NA
2021-06-10 17:00:00,1003.6,1013.3,8.4,55,NA
2021-06-10 18:00:00,1003,1012.7,8.8,51,NA
2021-06-10 19:00:00,1002.6,1012.2,7.6,59,NA
2021-06-10 21:00:00,1001.2,1010.9,6.6,57,NA
2021-06-10 22:00:00,999.8,1009.6,4.8,72,NA
2021-06-10 23:00:00,998.6,1008.4,4.8,72,NA
2021-06-11 00:00:00,NA,1008.1,5.8,73,NA
2021-06-12 00:00:00,984.5,NA,NA,NA,NA
2021-06-12 12:00:00,986,995.7,4.8,69,NA
2021-06-12 13:00:00,986.6,996.2,5.4,67,NA
2021-06-12 14:00:00,987.2,996.8,6.6,55,NA
2021-06-12 15:00:00,988,997.6,8,52,NA
2021-06-12 16:00:00,NA,997.9,9.2,49,NA
2021-06-12 17:00:00,NA,997.9,10,46,NA
2021-06-12 18:00:00,989.4,998.9,10.4,45,NA
2021-06-12 19:00:00,990.2,999.7,10.1,50,NA
2021-06-12 20:00:00,991.5,1001,9.2,56,NA
2021-06-12 21:00:00,992.5,1002,7,66,NA
2021-06-12 22:00:00,993.2,1002.9,7,55,NA
2021-06-12 23:00:00,994.2,1003.9,5.6,70,NA
2021-06-13 00:00:00,NA,1004.8,4.4,71,NA
2021-06-13 23:00:00,1003.4,NA,NA,NA,NA
2021-06-14 00:00:00,1004.5,NA,NA,NA,NA
2021-06-14 12:00:00,1010.6,1020.7,0.3,75,NA
2021-06-14 13:00:00,1010.8,1020.8,0.8,68,NA
2021-06-14 14:00:00,1011.2,1021.2,2,63,NA
2021-06-14 15:00:00,1011.6,1021.6,3.5,62,NA
2021-06-14 16:00:00,1011.7,1021.6,4.8,58,NA
2021-06-14 17:00:00,NA,1021.3,6,60,NA
2021-06-14 18:00:00,1011.4,1021.2,5.4,64,NA
2021-06-14 19:00:00,1011.7,1021.6,4.9,67,NA
2021-06-14 20:00:00,1012.2,1022.1,4.2,68,NA
2021-06-14 21:00:00,1012.7,1022.6,3,76,NA
2021-06-14 22:00:00,NA,1023.4,2.7,79,NA
2021-06-14 23:00:00,1014.2,1024.2,2.4,79,NA
2021-06-15 00:00:00,NA,1025.5,1.2,83,NA
2021-06-16 12:00:00,NA,1031.9,-1.4,83,NA
2021-06-16 13:00:00,NA,1031.8,-0.4,80,NA
2021-06-16 14:00:00,NA,1032.4,1,79,NA
2021-06-16 15:00:00,1022.2,1032.3,2.9,76,NA
2021-06-16 16:00:00,1022.2,1032.3,5,75,NA
2021-06-16 17:00:00,1021.8,1031.8,5.8,75,NA
2021-06-16 18:00:00,1021.4,1031.3,5.8,73,NA
2021-06-16 19:00:00,1021.2,1031.1,6,76,NA
2021-06-16 20:00:00,1021.6,1031.5,6,76,NA
2021-06-16 21:00:00,1021.6,1031.5,4,71,NA
2021-06-16 22:00:00,1021.8,1031.9,2.6,83,NA
2021-06-16 23:00:00,1021.8,1031.9,2,82,NA
2021-06-17 00:00:00,NA,1032,2.6,79,NA
2021-06-18 00:00:00,1016.9,NA,NA,NA,NA
2021-06-18 12:00:00,1013,1023.2,0.8,85,NA
2021-06-18 13:00:00,1012.9,1022.9,1.7,84,NA
2021-06-18 14:00:00,1012.7,1022.7,3.6,75,NA
2021-06-18 15:00:00,1012.5,1022.4,5.6,69,NA
2021-06-18 16:00:00,1011.9,1021.8,6.8,66,NA
2021-06-18 17:00:00,1011.2,1021,7.8,62,NA
2021-06-18 18:00:00,1010.6,1020.4,8.2,60,NA
2021-06-18 19:00:00,1009.8,1019.5,7.8,59,NA
2021-06-18 20:00:00,1009.8,1019.6,6.4,71,NA
2021-06-18 21:00:00,1009.6,1019.4,4.8,81,NA
2021-06-18 22:00:00,NA,1019.5,4.2,81,NA
2021-06-18 23:00:00,1009.6,1019.5,3.8,80,NA
2021-06-19 00:00:00,NA,1019.7,2.8,76,NA
2021-06-20 00:00:00,1002.8,NA,NA,NA,NA
2021-06-20 12:00:00,1002.9,1013,0,73,NA
2021-06-20 13:00:00,1003,1013,0.2,76,NA
2021-06-20 14:00:00,1002.8,1012.8,4.9,65,NA
2021-06-20 15:00:00,1002.8,1012.6,6,59,NA
2021-06-20 16:00:00,1002.5,1012.2,6.5,60,NA
2021-06-20 17:00:00,1001.6,1011.3,6.5,60,NA
2021-06-20 18:00:00,1001.2,1010.9,8.1,53,NA
2021-06-20 19:00:00,1000.5,1010.2,7.8,54,NA
2021-06-20 20:00:00,1000.5,1010.2,5.6,67,NA
2021-06-20 21:00:00,1000,1009.7,4.4,71,NA
2021-06-20 22:00:00,1000,1009.9,4,80,NA
2021-06-20 23:00:00,999.8,1009.7,4.8,81,NA
2021-06-21 00:00:00,NA,1009.4,4.4,82,NA
2021-06-22 00:00:00,993.3,NA,NA,NA,NA
2021-06-22 12:00:00,1003.5,1013.5,-0.5,80,NA
2021-06-22 13:00:00,1003.7,1013.7,0.8,79,NA
2021-06-22 14:00:00,1004.3,1014.3,0.9,79,NA
2021-06-22 15:00:00,NA,1014.7,2,78,NA
2021-06-22 16:00:00,NA,1014.2,4.2,78,NA
2021-06-22 17:00:00,NA,1013.6,4.8,72,NA
2021-06-22 18:00:00,NA,1013,4.8,72,NA
2021-06-22 19:00:00,NA,1012.8,4.6,75,NA
2021-06-22 20:00:00,NA,1012.6,4,74,NA
2021-06-22 21:00:00,NA,1012.4,3.4,83,NA
2021-06-22 22:00:00,NA,1011.9,3.6,87,NA
2021-06-22 23:00:00,NA,1012.1,3.6,87,NA
2021-06-23 00:00:00,NA,1012,4.8,84,NA
2021-06-24 00:00:00,993,NA,NA,NA,NA
2021-06-24 12:00:00,983.6,993.3,6.5,77,NA
2021-06-24 13:00:00,NA,992.6,6.8,77,NA
2021-06-24 14:00:00,983,992.5,8.1,69,NA
2021-06-24 15:00:00,982.4,991.9,9.1,68,NA
2021-06-24 16:00:00,981.6,991,9.8,75,NA
2021-06-24 17:00:00,981.2,990.6,10.2,72,NA
2021-06-24 18:00:00,NA,990.4,10,75,NA
2021-06-24 19:00:00,981,990.6,9.8,77,NA
2021-06-24 20:00:00,982,991.4,9.7,73,NA
2021-06-24 21:00:00,982.4,991.8,8,65,NA
2021-06-24 22:00:00,982.8,992.3,7,66,NA
2021-06-24 23:00:00,983.6,993.1,6.6,57,NA
2021-06-25 00:00:00,NA,993.9,5.4,61,NA
2021-06-26 00:00:00,996.2,NA,NA,NA,NA
2021-06-26 12:00:00,NA,1020.6,3.2,91,NA
2021-06-26 13:00:00,NA,1022,2.8,86,NA
2021-06-26 14:00:00,NA,1023.2,3.5,91,NA
2021-06-26 15:00:00,NA,1024.5,4.6,89,NA
2021-06-26 16:00:00,NA,1024.6,6.9,66,NA
2021-06-26 17:00:00,NA,1025,7,72,NA
2021-06-26 18:00:00,NA,1025,6.8,71,NA
2021-06-26 19:00:00,NA,1025.9,6.1,81,NA
2021-06-26 20:00:00,NA,1026.9,6,79,NA
2021-06-26 21:00:00,NA,1027.8,5.4,82,NA
2021-06-26 22:00:00,NA,1028.8,4.4,90,NA
2021-06-26 23:00:00,NA,1029,3.9,90,NA
2021-06-27 00:00:00,NA,1030,2,91,NA
2021-06-28 12:00:00,NA,1022,2.6,56,NA
2021-06-28 13:00:00,NA,1022.2,2,51,NA
2021-06-28 14:00:00,NA,1021.8,2.8,56,NA
2021-06-28 15:00:00,NA,1022.4,4.6,53,NA
2021-06-28 16:00:00,NA,1021.7,5.6,56,NA
2021-06-28 17:00:00,NA,1021.9,7.4,46,NA
2021-06-28 18:00:00,NA,1020.8,8.6,48,NA
2021-06-28 19:00:00,NA,1020.7,8.6,51,NA
2021-06-28 20:00:00,NA,1021.1,6.5,61,NA
2021-06-28 21:00:00,NA,1021.9,5,66,NA
2021-06-28 22:00:00,NA,1022.3,4.8,69,NA
2021-06-28 23:00:00,NA,1022.3,4.8,69,NA
2021-06-29 00:00:00,NA,1022.8,4,71,NA
2021-06-30 00:00:00,999.5,NA,NA,NA,NA
2021-06-30 12:00:00,994.8,1004.6,4.7,55,NA
2021-06-30 13:00:00,994.6,1004.3,4.6,60,NA
2021-06-30 14:00:00,994.5,1004.2,5.7,63,NA
2021-06-30 15:00:00,994.6,1004.3,7.6,56,NA
2021-06-30 16:00:00,993.9,1003.5,9.6,54,NA
2021-06-30 17:00:00,992.8,1002.3,10.7,54,NA
2021-06-30 18:00:00,992.6,1002.1,11.2,51,NA
2021-06-30 19:00:00,992,1001.5,11.8,56,NA
2021-06-30 20:00:00,991.6,1001,9.8,65,NA
2021-06-30 21:00:00,990.8,1000.3,6.6,74,NA
2021-06-30 22:00:00,990.8,1000.4,5.2,82,NA
2021-06-30 23:00:00,991,1000.7,6.2,76,NA
2021-07-01 00:00:00,NA,1000.6,6.2,76,NA
