2021-01-07 00:00:00,991.3,NA,NA,NA,NA
2021-01-07 09:00:00,997.4,1004.7,10.2,86,NA
2021-01-07 10:00:00,999,1006.4,10.2,84,NA
2021-01-07 11:00:00,1000.4,1007.8,10.8,79,NA
2021-01-07 12:00:00,1001,1008.4,11.2,65,NA
2021-01-07 13:00:00,1001,1008.4,12.7,54,NA
2021-01-07 14:00:00,1001,1008.4,14.5,41,NA
2021-01-07 15:00:00,1001,1008.4,16.1,33,NA
2021-01-07 16:00:00,1000.9,1008.2,17.9,29,NA
2021-01-07 17:00:00,1000.2,1007.6,19.9,23,NA
2021-01-07 18:00:00,1000.2,1007.6,18.1,39,NA
2021-01-07 19:00:00,1000.1,1007.5,16.2,45,NA
2021-01-07 20:00:00,999.8,1007.3,14.8,46,NA
2021-01-07 21:00:00,999.3,1006.7,17.2,40,NA
2021-01-07 22:00:00,999.3,1006.7,17.6,40,NA
2021-01-07 23:00:00,999.4,1006.7,21.1,23,NA
2021-01-08 00:00:00,NA,1007,19.6,23,NA
2021-01-09 00:00:00,992.9,NA,NA,NA,NA
2021-01-09 09:00:00,988.5,995.8,13,43,NA
2021-01-09 10:00:00,988.1,995.3,14,39,NA
2021-01-09 11:00:00,987.4,994.6,16,30,NA
2021-01-09 12:00:00,987,994.2,17,28,NA
2021-01-09 13:00:00,985.8,993.1,18.2,27,NA
2021-01-09 14:00:00,984.5,991.7,18,27,NA
2021-01-09 15:00:00,984.2,991.5,17.6,29,NA
2021-01-09 16:00:00,983.8,991.1,17.2,28,NA
2021-01-09 17:00:00,982.6,989.9,18.4,28,NA
2021-01-09 18:00:00,982.2,989.4,18,37,NA
2021-01-09 19:00:00,980.8,988,19,30,NA
2021-01-09 20:00:00,979.3,986.5,20.3,29,NA
2021-01-09 21:00:00,977.7,984.9,18.5,43,NA
2021-01-09 22:00:00,975.7,982.9,16.2,47,NA
2021-01-09 23:00:00,975.3,982.5,17.1,45,NA
2021-01-10 00:00:00,NA,983.2,14.8,55,NA
2021-01-11 00:00:00,984.6,NA,NA,NA,NA
2021-01-11 09:00:00,995,1002.5,7.4,73,NA
2021-01-11 10:00:00,996.2,1003.7,7,73,NA
2021-01-11 11:00:00,997.4,1005,8.7,62,NA
2021-01-11 12:00:00,998.6,1006.1,8.4,53,NA
2021-01-11 13:00:00,999.2,1006.7,10.1,41,NA
2021-01-11 14:00:00,999.3,1006.8,11.4,35,NA
2021-01-11 15:00:00,999.8,1007.4,13.4,28,NA
2021-01-11 16:00:00,999.6,1007,14.6,23,NA
2021-01-11 17:00:00,999.4,1006.9,15.4,20,NA
2021-01-11 18:00:00,999.2,1006.6,16.2,19,NA
2021-01-11 19:00:00,999,1006.4,16,17,NA
2021-01-11 20:00:00,998.6,1006.1,13.1,60,NA
2021-01-11 21:00:00,998,1005.5,13.4,66,NA
2021-01-11 22:00:00,997.8,1005.4,12.8,69,NA
2021-01-11 23:00:00,997.8,1005.3,12.7,76,NA
2021-01-12 00:00:00,NA,1005.4,14.8,42,NA
2021-01-13 00:00:00,1008.6,NA,NA,NA,NA
2021-01-13 09:00:00,1012.2,1019.8,6.8,63,NA
2021-01-13 10:00:00,1012.2,1019.8,10.4,50,NA
2021-01-13 11:00:00,1012,1019.5,12.8,44,NA
2021-01-13 12:00:00,1011.2,1018.7,14.8,37,NA
2021-01-13 13:00:00,1010.8,1018.3,16.8,33,NA
2021-01-13 14:00:00,1010,1017.5,19,26,NA
2021-01-13 15:00:00,1009.4,1016.9,21.4,23,NA
2021-01-13 16:00:00,1008.6,1016.1,22.5,20,NA
2021-01-13 17:00:00,1007.6,1015,23.2,19,NA
2021-01-13 18:00:00,1006.5,1013.9,24.2,19,NA
2021-01-13 19:00:00,1005.4,1012.9,25.4,22,NA
2021-01-13 20:00:00,1004.6,1012,21.2,42,NA
2021-01-13 21:00:00,1003.4,1010.8,22,37,NA
2021-01-13 23:00:00,1002.6,1009.9,28,12,NA
2021-01-14 00:00:00,NA,1010.2,20,49,NA
2021-01-15 00:00:00,1005,NA,NA,NA,NA
2021-01-15 09:00:00,1005.8,1013.3,10.5,82,NA
2021-01-15 10:00:00,1005.8,1013.4,11,89,NA
2021-01-15 11:00:00,1006.5,1014,11.2,96,NA
2021-01-15 12:00:00,1006.6,1014.2,11.2,86,NA
2021-01-15 13:00:00,1006.6,1014.2,11.2,96,NA
2021-01-15 14:00:00,1006.8,1014.3,11.5,95,NA
2021-01-15 15:00:00,1007,1014.6,12,89,NA
2021-01-15 16:00:00,1007.2,1014.7,13,78,NA
2021-01-15 17:00:00,1007,1014.6,14,69,NA
2021-01-15 18:00:00,1007.4,1014.9,14.2,58,NA
2021-01-15 19:00:00,NA,1015,14.4,55,NA
2021-01-15 20:00:00,1007.4,1015,14.2,58,NA
2021-01-15 21:00:00,1007.8,1015.3,14,58,NA
2021-01-15 22:00:00,1008.2,1015.7,13,65,NA
2021-01-15 23:00:00,1008.4,1015.9,12,69,NA
2021-01-16 00:00:00,NA,1016.6,11.2,75,NA
2021-01-17 00:00:00,1003.8,NA,NA,NA,NA
2021-01-17 09:00:00,1006.2,1013.8,7.4,92,NA
2021-01-17 10:00:00,1006,1013.5,8.5,96,NA
2021-01-17 11:00:00,1005.4,1012.9,12,81,NA
2021-01-17 12:00:00,1005.2,1012.6,14.5,68,NA
2021-01-17 13:00:00,1004.2,1011.7,16.1,60,NA
2021-01-17 14:00:00,1002.9,1010.3,17.8,51,NA
2021-01-17 15:00:00,1001.7,1009.1,19.9,40,NA
2021-01-17 16:00:00,1000.4,1007.8,18.8,44,NA
2021-01-17 17:00:00,NA,1005.8,18.2,46,NA
2021-01-17 18:00:00,NA,1004,22.4,29,NA
2021-01-17 19:00:00,NA,1003.7,21.8,32,NA
2021-01-17 20:00:00,NA,1003.1,21.4,34,NA
2021-01-17 21:00:00,NA,1001.1,20.6,47,NA
2021-01-17 22:00:00,NA,999.5,19.6,49,NA
2021-01-17 23:00:00,NA,998.7,25,30,NA
2021-01-18 00:00:00,NA,998.8,26.2,25,NA
2021-01-19 09:00:00,NA,1011.3,11.8,60,NA
2021-01-19 10:00:00,NA,1012.8,12.4,63,NA
2021-01-19 11:00:00,NA,1013.6,13.6,64,NA
2021-01-19 12:00:00,NA,1013.6,15.1,59,NA
2021-01-19 13:00:00,NA,1013.9,17.6,48,NA
2021-01-19 14:00:00,NA,1014.1,18.1,45,NA
2021-01-19 15:00:00,NA,1014.7,18.3,44,NA
2021-01-19 16:00:00,NA,1014.5,17.5,50,NA
2021-01-19 17:00:00,NA,1014.3,17.6,49,NA
2021-01-19 18:00:00,NA,1013.3,18.6,44,NA
2021-01-19 19:00:00,NA,1013.3,18,46,NA
2021-01-19 20:00:00,NA,1012.6,18.2,53,NA
2021-01-19 21:00:00,NA,1011.9,15.6,74,NA
2021-01-19 22:00:00,NA,1011.2,14.2,88,NA
2021-01-19 23:00:00,NA,1010.5,15,80,NA
2021-01-20 00:00:00,NA,1009.6,15.2,74,NA
2021-01-21 09:00:00,NA,1008.1,13.5,73,NA
2021-01-21 10:00:00,NA,1008.8,12.1,73,NA
2021-01-21 11:00:00,NA,1009.1,14,73,NA
2021-01-21 12:00:00,NA,1009.1,16.6,58,NA
2021-01-21 13:00:00,NA,1008.7,18.2,45,NA
2021-01-21 14:00:00,NA,1007.8,19.1,43,NA
2021-01-21 15:00:00,NA,1008,17.9,51,NA
2021-01-21 16:00:00,NA,1006.2,18.5,51,NA
2021-01-21 17:00:00,NA,1006.4,18,61,NA
2021-01-21 18:00:00,NA,1005.7,18,63,NA
2021-01-21 19:00:00,NA,1004.8,20,51,NA
2021-01-21 20:00:00,NA,1004.5,25.6,18,NA
2021-01-21 21:00:00,NA,1004.5,26,17,NA
2021-01-21 22:00:00,NA,1004.3,24.2,21,NA
2021-01-21 23:00:00,NA,1004.8,24,22,NA
2021-01-22 00:00:00,NA,1004.8,23.6,23,NA
2021-01-23 09:00:00,NA,1010.3,9,88,NA
2021-01-23 10:00:00,NA,1011.2,9.5,83,NA
2021-01-23 11:00:00,NA,1012,11,72,NA
2021-01-23 12:00:00,NA,1012.5,11.8,68,NA
2021-01-23 13:00:00,NA,1012.7,13,57,NA
2021-01-23 14:00:00,NA,1012.8,14.2,42,NA
2021-01-23 15:00:00,NA,1013.1,16,34,NA
2021-01-23 16:00:00,NA,1013,17.1,22,NA
2021-01-23 17:00:00,NA,1012.5,18.8,21,NA
2021-01-23 18:00:00,NA,1011.9,19.8,20,NA
2021-01-23 19:00:00,NA,1011.4,21.3,16,NA
2021-01-23 20:00:00,NA,1010.7,20.9,29,NA
2021-01-23 21:00:00,NA,1010,22.6,17,NA
2021-01-23 22:00:00,NA,1008.8,17.2,45,NA
2021-01-23 23:00:00,NA,1009.3,16.6,40,NA
2021-01-24 00:00:00,NA,1010,15.3,47,NA
2021-01-25 09:00:00,NA,996.7,7.6,55,NA
2021-01-25 10:00:00,NA,996.8,8,61,NA
2021-01-25 11:00:00,NA,996.8,12,38,NA
2021-01-25 12:00:00,NA,996.7,13.4,30,NA
2021-01-25 13:00:00,NA,996.2,14.4,27,NA
2021-01-25 14:00:00,NA,996.1,15.4,25,NA
2021-01-25 15:00:00,NA,995.7,15.5,23,NA
2021-01-25 16:00:00,NA,995.5,17.6,17,NA
2021-01-25 17:00:00,NA,995.8,14.2,47,NA
2021-01-25 18:00:00,NA,994.9,17.9,23,NA
2021-01-25 19:00:00,NA,995,19.1,12,NA
2021-01-25 20:00:00,NA,994.8,20.1,12,NA
2021-01-25 21:00:00,NA,995.4,20,17,NA
2021-01-25 22:00:00,NA,995.7,18.2,21,NA
2021-01-25 23:00:00,NA,996.8,16,25,NA
2021-01-26 00:00:00,NA,998,14.5,26,NA
2021-01-26 15:00:00,996.1,NA,15.7,18,NA
2021-01-26 16:00:00,995.8,NA,17,13,NA
2021-01-26 17:00:00,995.3,NA,18,14,NA
2021-01-26 18:00:00,995.2,NA,17.2,12,NA
2021-01-26 19:00:00,995.2,NA,16.6,16,NA
2021-01-26 20:00:00,995.4,NA,16.4,22,NA
2021-01-27 09:00:00,NA,1006.4,5.2,71,NA
2021-01-27 10:00:00,NA,1006.1,6,72,NA
2021-01-27 11:00:00,NA,1005.8,9,53,NA
2021-01-27 12:00:00,NA,1005.5,11,43,NA
2021-01-27 13:00:00,NA,1004.9,13.6,34,NA
2021-01-27 14:00:00,NA,1004.3,14.2,34,NA
2021-01-27 15:00:00,NA,1003.9,14,29,NA
2021-01-27 16:00:00,NA,1003.3,15,19,NA
2021-01-27 17:00:00,NA,1002.3,15.8,20,NA
2021-01-27 18:00:00,NA,1001.8,15.4,25,NA
2021-01-27 19:00:00,NA,1001.4,14,45,NA
2021-01-27 20:00:00,NA,1001.2,13.7,45,NA
2021-01-27 21:00:00,NA,1000.9,13.6,50,NA
2021-01-27 22:00:00,NA,1000.7,13.4,45,NA
2021-01-27 23:00:00,NA,1001.2,12.6,53,NA
2021-01-28 00:00:00,NA,1000.9,12,60,NA
2021-01-29 09:00:00,NA,1003.6,6.2,63,NA
2021-01-29 10:00:00,NA,1004.2,6.8,62,NA
2021-01-29 11:00:00,NA,1004.6,7.4,60,NA
2021-01-29 12:00:00,NA,1004.7,8.4,57,NA
2021-01-29 13:00:00,NA,1005.1,9.5,55,NA
2021-01-29 14:00:00,NA,1005.4,9.4,52,NA
2021-01-29 15:00:00,NA,1005.7,9,55,NA
2021-01-29 16:00:00,NA,1005.5,11,43,NA
2021-01-29 17:00:00,NA,1005.9,11.2,52,NA
2021-01-29 18:00:00,NA,1005.9,11.5,49,NA
2021-01-29 19:00:00,NA,1005.9,14,27,NA
2021-01-29 20:00:00,NA,1006.2,14,29,NA
2021-01-29 21:00:00,NA,1006.5,13.1,36,NA
2021-01-29 22:00:00,NA,1007.3,12,45,NA
2021-01-29 23:00:00,NA,1008,12.1,37,NA
2021-01-30 00:00:00,NA,1008.9,10.8,45,NA
2021-01-31 00:00:00,1010.1,NA,NA,NA,NA
2021-01-31 09:00:00,1010.6,1018.1,8,87,NA
2021-01-31 10:00:00,1011,1018.5,8.6,83,NA
2021-01-31 11:00:00,1010.6,1018.2,9,78,NA
2021-01-31 12:00:00,1010.5,1018,12.2,54,NA
2021-01-31 13:00:00,1010.2,1017.7,15,43,NA
2021-01-31 14:00:00,1009.4,1017,17,40,NA
2021-01-31 15:00:00,1008.9,1016.4,17.8,36,NA
2021-01-31 16:00:00,1008.5,1016,19,32,NA
2021-01-31 17:00:00,1007.3,1014.7,19.3,36,NA
2021-01-31 18:00:00,1006.5,1013.9,20,35,NA
2021-01-31 19:00:00,1005.6,1013.1,20.1,38,NA
2021-01-31 20:00:00,1005,1012.6,18.8,35,NA
2021-01-31 21:00:00,1005,1012.5,18.6,41,NA
2021-01-31 22:00:00,1004,1011.5,17.8,47,NA
2021-01-31 23:00:00,1003.4,1010.8,18.2,39,NA
2021-02-01 00:00:00,1003.4,1010.8,16.4,48,NA
2021-02-02 00:00:00,1002.9,NA,NA,NA,NA
2021-02-02 09:00:00,1006.4,1013.7,14.5,54,NA
2021-02-02 10:00:00,1006.9,1014.2,15,50,NA
2021-02-02 11:00:00,1007,1014.3,17.6,40,NA
2021-02-02 12:00:00,1007.2,1014.5,19.2,31,NA
2021-02-02 13:00:00,1006.6,1014,21,25,NA
2021-02-02 14:00:00,1006.6,1014,22.6,23,NA
2021-02-02 15:00:00,1006.2,1013.5,23.8,23,NA
2021-02-02 16:00:00,1005.4,1012.6,25.6,19,NA
2021-02-02 17:00:00,NA,1011.8,28,15,NA
2021-02-02 18:00:00,1003.6,1010.8,29.4,12,NA
2021-02-02 19:00:00,1002.6,1009.8,31.2,10,NA
2021-02-02 20:00:00,1002.2,1009.5,31.8,12,NA
2021-02-02 21:00:00,1001.8,1009.1,32.2,14,NA
2021-02-02 22:00:00,1001.4,1008.7,32.2,11,NA
2021-02-02 23:00:00,1001.4,1008.7,31.2,16,NA
2021-02-03 00:00:00,NA,1009,30.1,19,NA
2021-02-04 00:00:00,1012,NA,NA,NA,NA
2021-02-04 09:00:00,1007,1014.4,13.5,60,NA
2021-02-04 10:00:00,1006.6,1014.1,14.2,57,NA
2021-02-04 11:00:00,1006.1,1013.5,17,48,NA
2021-02-04 12:00:00,1006.2,1013.6,20.5,43,NA
2021-02-04 13:00:00,1006.4,1013.7,21.8,39,NA
2021-02-04 14:00:00,1006.1,1013.4,23.8,34,NA
2021-02-04 15:00:00,1005.6,1012.9,26.4,24,NA
2021-02-04 16:00:00,1005,1012.2,27,21,NA
2021-02-04 17:00:00,1004.2,1011.5,29.8,15,NA
2021-02-04 18:00:00,1003.7,1010.9,31.5,11,NA
2021-02-04 19:00:00,1003.4,1010.6,32.3,12,NA
2021-02-04 20:00:00,1002.9,1010.1,31.4,15,NA
2021-02-04 21:00:00,1002.6,1009.8,31.8,15,NA
2021-02-04 22:00:00,1002.2,1009.4,32.4,16,NA
2021-02-04 23:00:00,1002.6,1009.9,27,27,NA
2021-02-05 00:00:00,NA,1010.8,21.6,49,NA
2021-02-05 09:00:00,NA,1016.2,12.2,58,NA
2021-02-05 10:00:00,NA,1017.3,12,58,NA
2021-02-05 11:00:00,NA,1018.3,11.6,62,NA
2021-02-05 12:00:00,NA,1018.8,11.8,55,NA
2021-02-05 13:00:00,NA,1019.5,12,51,NA
2021-02-05 14:00:00,NA,1019.6,13,45,NA
2021-02-05 15:00:00,NA,1019.6,13.4,41,NA
2021-02-05 16:00:00,NA,1019.4,15.2,30,NA
2021-02-05 17:00:00,NA,1019.1,14,39,NA
2021-02-05 18:00:00,NA,1019.2,14.8,42,NA
2021-02-05 19:00:00,NA,1019.2,15,44,NA
2021-02-05 20:00:00,NA,1019,16,39,NA
2021-02-05 21:00:00,NA,1019,14.9,45,NA
2021-02-05 22:00:00,NA,1019.6,15,41,NA
2021-02-05 23:00:00,NA,1019.9,14.8,46,NA
2021-02-06 00:00:00,1012.8,1020.3,12.8,48,NA
2021-02-06 09:00:00,1014.4,NA,NA,NA,NA
2021-02-06 10:00:00,1015,NA,NA,NA,NA
2021-02-06 11:00:00,1015.6,NA,NA,NA,NA
2021-02-06 12:00:00,1016,NA,NA,NA,NA
2021-02-06 13:00:00,1016.2,NA,NA,NA,NA
2021-02-06 14:00:00,1016.4,NA,NA,NA,NA
2021-02-06 15:00:00,1017.2,NA,NA,NA,NA
2021-02-06 16:00:00,1017.2,NA,NA,NA,NA
2021-02-06 17:00:00,1017.2,NA,NA,NA,NA
2021-02-06 18:00:00,1017.2,NA,NA,NA,NA
2021-02-06 19:00:00,1016.8,NA,NA,NA,NA
2021-02-06 20:00:00,1016.8,NA,NA,NA,NA
2021-02-06 21:00:00,1016.8,NA,NA,NA,NA
2021-02-06 22:00:00,1016.9,NA,NA,NA,NA
2021-02-06 23:00:00,1016.9,NA,NA,NA,NA
2021-02-08 00:00:00,1012,NA,NA,NA,NA
2021-02-08 09:00:00,NA,1015.1,15.4,49,NA
2021-02-08 10:00:00,NA,1015.4,14.7,52,NA
2021-02-08 11:00:00,NA,1015.6,15.6,51,NA
2021-02-08 12:00:00,NA,1015.4,19.5,37,NA
2021-02-08 13:00:00,NA,1015.4,22.1,31,NA
2021-02-08 14:00:00,NA,1014.8,24,29,NA
2021-02-08 15:00:00,NA,1014.7,26.3,22,NA
2021-02-08 16:00:00,NA,1014.1,27.5,20,NA
2021-02-08 17:00:00,NA,1013.5,30.4,12,NA
2021-02-08 18:00:00,NA,1013.1,29.4,22,NA
2021-02-08 19:00:00,NA,1012.9,29,22,NA
2021-02-08 20:00:00,NA,1012.8,28.5,23,NA
2021-02-08 21:00:00,NA,1012.7,26.4,27,NA
2021-02-08 22:00:00,NA,1012.8,25.6,29,NA
2021-02-08 23:00:00,NA,1012.9,20.6,48,NA
2021-02-09 00:00:00,NA,1013.6,19,56,NA
2021-02-10 09:00:00,NA,1014.5,12.8,100,NA
2021-02-10 10:00:00,NA,1014.6,12.6,100,NA
2021-02-10 11:00:00,NA,1014.5,13.7,97,NA
2021-02-10 12:00:00,NA,1014.3,15.6,87,NA
2021-02-10 13:00:00,NA,1014,17.9,73,NA
2021-02-10 14:00:00,NA,1013.6,20,66,NA
2021-02-10 15:00:00,NA,1013.2,21.2,57,NA
2021-02-10 16:00:00,NA,1012.3,23,49,NA
2021-02-10 17:00:00,NA,1011.1,25,48,NA
2021-02-10 18:00:00,NA,1009.8,24,54,NA
2021-02-10 19:00:00,NA,1008.6,23.6,56,NA
2021-02-10 20:00:00,NA,1007.3,22,62,NA
2021-02-10 21:00:00,NA,1006,21.6,62,NA
2021-02-10 22:00:00,NA,1004.6,20.8,60,NA
2021-02-10 23:00:00,NA,1004.3,20.2,64,NA
2021-02-11 00:00:00,996.4,NA,20,60,NA
2021-02-11 09:00:00,991.3,NA,21.4,52,NA
2021-02-11 10:00:00,991.4,NA,19.6,56,NA
2021-02-11 11:00:00,991.4,NA,21.8,48,NA
2021-02-11 12:00:00,991.3,NA,24.5,37,NA
2021-02-11 13:00:00,991.2,NA,28.2,29,NA
2021-02-11 14:00:00,991.3,NA,30,23,NA
2021-02-11 15:00:00,991.7,NA,29.6,24,NA
2021-02-11 16:00:00,992,NA,30.4,16,NA
2021-02-11 17:00:00,992.6,NA,31,18,NA
2021-02-11 18:00:00,994.5,NA,25.5,35,NA
2021-02-11 19:00:00,995.4,NA,21.5,54,NA
2021-02-11 20:00:00,998,NA,20,60,NA
2021-02-11 21:00:00,999.6,NA,18,54,NA
2021-02-11 22:00:00,1000.8,NA,17,53,NA
2021-02-11 23:00:00,1002.6,NA,15,67,NA
2021-02-12 09:00:00,NA,1018.8,6,79,NA
2021-02-12 10:00:00,NA,1019.2,7.1,83,NA
2021-02-12 11:00:00,NA,1019.3,10.5,80,NA
2021-02-12 12:00:00,NA,1018.5,14.2,65,NA
2021-02-12 13:00:00,NA,1017.7,16.2,55,NA
2021-02-12 14:00:00,NA,1016.7,17.8,42,NA
2021-02-12 15:00:00,NA,1015.4,20.4,38,NA
2021-02-12 16:00:00,NA,1014.5,21.2,40,NA
2021-02-12 17:00:00,NA,1012.8,21.4,38,NA
2021-02-12 18:00:00,NA,1011.7,20.2,45,NA
2021-02-12 19:00:00,NA,1010.3,20.4,43,NA
2021-02-12 20:00:00,NA,1009.3,20,47,NA
2021-02-12 21:00:00,NA,1008.2,20.2,45,NA
2021-02-12 22:00:00,NA,1007.2,21.2,38,NA
2021-02-12 23:00:00,NA,1006.5,20.4,42,NA
2021-02-13 00:00:00,999.2,NA,18,54,NA
2021-02-13 09:00:00,996.8,NA,11,53,NA
2021-02-13 10:00:00,997,NA,10.6,55,NA
2021-02-13 11:00:00,996.6,NA,15,40,NA
2021-02-13 12:00:00,996.6,NA,15.4,39,NA
2021-02-13 13:00:00,995.7,NA,17.2,34,NA
2021-02-13 14:00:00,995.3,NA,19,27,NA
2021-02-13 15:00:00,994.6,NA,21,21,NA
2021-02-13 16:00:00,994,NA,23,19,NA
2021-02-13 17:00:00,993.2,NA,24,16,NA
2021-02-13 18:00:00,993.7,NA,23.6,19,NA
2021-02-13 19:00:00,993.6,NA,24.8,18,NA
2021-02-13 20:00:00,994.6,NA,20.6,32,NA
2021-02-13 21:00:00,998.2,NA,15.6,45,NA
2021-02-13 22:00:00,998.2,NA,15.4,43,NA
2021-02-13 23:00:00,999.3,NA,15.2,37,NA
2021-02-14 09:00:00,NA,1014.3,11,65,NA
2021-02-14 10:00:00,NA,1015.6,12,60,NA
2021-02-14 11:00:00,NA,1017,12.6,50,NA
2021-02-14 12:00:00,NA,1017.9,12,53,NA
2021-02-14 13:00:00,NA,1018.3,11,54,NA
2021-02-14 14:00:00,NA,1018.9,12.6,44,NA
2021-02-14 15:00:00,NA,1019.3,13.6,32,NA
2021-02-14 16:00:00,NA,1019.5,14.6,27,NA
2021-02-14 17:00:00,NA,1019.7,14,39,NA
2021-02-14 18:00:00,NA,1019.8,14.6,35,NA
2021-02-14 19:00:00,NA,1019.7,14.8,33,NA
2021-02-14 20:00:00,NA,1019.7,14,37,NA
2021-02-14 21:00:00,NA,1019.9,13.2,37,NA
2021-02-14 22:00:00,NA,1020,13,37,NA
2021-02-14 23:00:00,NA,1020.3,12,47,NA
2021-02-15 00:00:00,1013,NA,11,53,NA
2021-02-15 09:00:00,1010.4,NA,11,47,NA
2021-02-15 10:00:00,1010.4,NA,11.4,52,NA
2021-02-15 11:00:00,1010.6,NA,12.2,53,NA
2021-02-15 12:00:00,1010.6,NA,14.4,43,NA
2021-02-15 13:00:00,1010.5,NA,17.4,35,NA
2021-02-15 14:00:00,1009.7,NA,19,28,NA
2021-02-15 15:00:00,1008.8,NA,21.2,24,NA
2021-02-15 16:00:00,1008,NA,23.4,21,NA
2021-02-15 17:00:00,1006.6,NA,25,17,NA
2021-02-15 18:00:00,1005.6,NA,25.2,14,NA
2021-02-15 19:00:00,1004.5,NA,26,14,NA
2021-02-15 20:00:00,1003.4,NA,25.8,16,NA
2021-02-15 21:00:00,1002.2,NA,27,12,NA
2021-02-15 22:00:00,1001.7,NA,26.4,14,NA
2021-02-15 23:00:00,1001.4,NA,25.2,16,NA
2021-02-16 09:00:00,NA,1007.4,13,47,NA
2021-02-16 10:00:00,NA,1007.5,12.2,58,NA
2021-02-16 11:00:00,NA,1007.8,14,67,NA
2021-02-16 12:00:00,NA,1007.7,15.4,58,NA
2021-02-16 13:00:00,NA,1007.4,17,44,NA
2021-02-16 14:00:00,NA,1007.2,19,44,NA
2021-02-16 15:00:00,NA,1007,20,41,NA
2021-02-16 16:00:00,NA,1006.9,19.8,42,NA
2021-02-16 17:00:00,NA,1006,22.4,39,NA
2021-02-16 18:00:00,NA,1005.9,22.4,38,NA
2021-02-16 19:00:00,NA,1005.8,21.6,33,NA
2021-02-16 20:00:00,NA,1005.6,20,38,NA
2021-02-16 21:00:00,NA,1006.1,17.4,55,NA
2021-02-16 22:00:00,NA,1006,15.2,76,NA
2021-02-16 23:00:00,NA,1006.2,14.2,77,NA
2021-02-17 00:00:00,998.6,NA,13.6,83,NA
2021-02-17 09:00:00,997.8,NA,12,66,NA
2021-02-17 10:00:00,998.2,NA,13,57,NA
2021-02-17 11:00:00,998.5,NA,12,62,NA
2021-02-17 12:00:00,997.8,NA,17.8,39,NA
2021-02-17 13:00:00,997.4,NA,19,39,NA
2021-02-17 14:00:00,996.9,NA,20.6,33,NA
2021-02-17 15:00:00,996.1,NA,23,32,NA
2021-02-17 16:00:00,995.4,NA,24.5,25,NA
2021-02-17 17:00:00,994.2,NA,25.2,17,NA
2021-02-17 18:00:00,993.4,NA,27.6,9,NA
2021-02-17 19:00:00,992.5,NA,28,11,NA
2021-02-17 20:00:00,991.7,NA,24,27,NA
2021-02-17 21:00:00,991,NA,22,38,NA
2021-02-17 22:00:00,990.4,NA,22.2,29,NA
2021-02-17 23:00:00,990.1,NA,19,42,NA
2021-02-18 09:00:00,NA,997.6,14.6,57,NA
2021-02-18 10:00:00,NA,999.7,10.8,72,NA
2021-02-18 11:00:00,NA,1000.7,12.2,64,NA
2021-02-18 12:00:00,NA,1001.5,12.4,61,NA
2021-02-18 13:00:00,NA,1003.3,10.4,84,NA
2021-02-18 14:00:00,NA,1004.3,10.2,81,NA
2021-02-18 15:00:00,NA,1005.1,10.2,71,NA
2021-02-18 16:00:00,NA,1005.6,9.6,78,NA
2021-02-18 17:00:00,NA,1005.7,11.6,59,NA
2021-02-18 18:00:00,NA,1005.9,12.4,41,NA
2021-02-18 19:00:00,NA,1006.1,13.2,35,NA
2021-02-18 20:00:00,NA,1006.4,11.8,57,NA
2021-02-18 21:00:00,NA,1006.8,13,47,NA
2021-02-18 22:00:00,NA,1007.7,12.4,50,NA
2021-02-18 23:00:00,1001.4,NA,12,55,NA
2021-02-19 09:00:00,1007.3,NA,6,57,NA
2021-02-19 10:00:00,1007.2,NA,5.8,62,NA
2021-02-19 11:00:00,1007.3,NA,7.8,50,NA
2021-02-19 12:00:00,1007.7,NA,9.8,42,NA
2021-02-19 13:00:00,1007.8,NA,11,40,NA
2021-02-19 14:00:00,1007.4,NA,13.2,35,NA
2021-02-19 15:00:00,1007,NA,15.2,28,NA
2021-02-19 16:00:00,1006.6,NA,17.4,17,NA
2021-02-19 17:00:00,1006.2,NA,16,28,NA
2021-02-19 18:00:00,1005.8,NA,17,27,NA
2021-02-19 19:00:00,1005.6,NA,16.8,29,NA
2021-02-19 20:00:00,1005.4,NA,17.8,27,NA
2021-02-19 21:00:00,1005.4,NA,17.4,30,NA
2021-02-19 22:00:00,1005.6,NA,15.8,42,NA
2021-02-19 23:00:00,1005.8,NA,14.2,46,NA
2021-02-20 09:00:00,NA,1010.1,13.2,45,NA
2021-02-20 10:00:00,NA,1009.7,12,51,NA
2021-02-20 11:00:00,NA,1009.7,12.2,54,NA
2021-02-20 12:00:00,NA,1009.3,15.8,37,NA
2021-02-20 13:00:00,NA,1008.6,17.6,36,NA
2021-02-20 14:00:00,NA,1007.8,19.5,31,NA
2021-02-20 15:00:00,NA,1007.3,20.6,29,NA
2021-02-20 16:00:00,NA,1006.4,22,23,NA
2021-02-20 17:00:00,NA,1005.3,22.1,22,NA
2021-02-20 18:00:00,NA,1004.2,21.6,29,NA
2021-02-20 19:00:00,NA,1003.5,22,29,NA
2021-02-20 20:00:00,NA,1002.9,22.2,32,NA
2021-02-20 21:00:00,NA,1002.5,21,35,NA
2021-02-20 22:00:00,NA,1002.9,19.2,38,NA
2021-02-20 23:00:00,NA,1003,19.2,40,NA
2021-02-21 00:00:00,995.7,NA,19,38,NA
2021-02-21 09:00:00,995.4,NA,11,88,NA
2021-02-21 10:00:00,995.4,NA,10.8,96,NA
2021-02-21 11:00:00,995.7,NA,10.8,97,NA
2021-02-21 12:00:00,996,NA,11.5,94,NA
2021-02-21 13:00:00,995.8,NA,11.8,93,NA
2021-02-21 14:00:00,995.8,NA,13.8,75,NA
2021-02-21 15:00:00,995.7,NA,14.4,64,NA
2021-02-21 16:00:00,995.4,NA,14.2,72,NA
2021-02-21 17:00:00,995.7,NA,13.6,81,NA
2021-02-21 18:00:00,995.7,NA,14,66,NA
2021-02-21 19:00:00,995.4,NA,14.2,60,NA
2021-02-21 20:00:00,996,NA,14,64,NA
2021-02-21 21:00:00,996.5,NA,14.2,62,NA
2021-02-21 22:00:00,997.3,NA,13.2,67,NA
2021-02-21 23:00:00,998.1,NA,12,66,NA
2021-02-22 09:00:00,NA,1007.7,8.3,78,NA
2021-02-22 10:00:00,NA,1008.2,8.2,79,NA
2021-02-22 11:00:00,NA,1008.6,8.1,79,NA
2021-02-22 12:00:00,NA,1008.6,9.4,73,NA
2021-02-22 13:00:00,NA,1008.5,10.9,55,NA
2021-02-22 14:00:00,NA,1008.3,12.8,48,NA
2021-02-22 15:00:00,NA,1007.8,15.7,39,NA
2021-02-22 16:00:00,NA,1007.1,17.2,36,NA
2021-02-22 17:00:00,NA,1006.4,18,30,NA
2021-02-22 18:00:00,NA,1006.1,19.2,26,NA
2021-02-22 19:00:00,NA,1005.4,18.6,30,NA
2021-02-22 20:00:00,NA,1004.1,18.4,37,NA
2021-02-22 21:00:00,NA,1004,19,36,NA
2021-02-22 22:00:00,NA,1003.6,19.6,35,NA
2021-02-22 23:00:00,NA,1004,19,38,NA
2021-02-23 00:00:00,997.4,NA,18.6,40,NA
2021-02-23 09:00:00,1006.9,NA,7,72,NA
2021-02-23 10:00:00,1007.4,NA,6.8,75,NA
2021-02-23 11:00:00,1008,NA,7,70,NA
2021-02-23 12:00:00,1008,NA,9.4,55,NA
2021-02-23 13:00:00,1008,NA,11.4,46,NA
2021-02-23 14:00:00,1007.8,NA,13,37,NA
2021-02-23 15:00:00,1007.2,NA,15,31,NA
2021-02-23 16:00:00,1005.4,NA,15.2,30,NA
2021-02-23 17:00:00,1004,NA,19.4,23,NA
2021-02-23 18:00:00,1002.2,NA,22.2,24,NA
2021-02-23 19:00:00,1000.1,NA,26,21,NA
2021-02-23 20:00:00,998.1,NA,26.6,18,NA
2021-02-23 21:00:00,997.6,NA,27.4,21,NA
2021-02-23 22:00:00,997.4,NA,25.6,24,NA
2021-02-23 23:00:00,996.8,NA,24.6,25,NA
2021-02-24 09:00:00,NA,1004.5,16,52,NA
2021-02-24 10:00:00,NA,1004.3,14.8,57,NA
2021-02-24 11:00:00,NA,1004.7,15.3,53,NA
2021-02-24 12:00:00,NA,1004.9,17.3,49,NA
2021-02-24 13:00:00,NA,1004.9,18.3,48,NA
2021-02-24 14:00:00,NA,1005.2,19.6,40,NA
2021-02-24 15:00:00,NA,1004.8,21,39,NA
2021-02-24 16:00:00,NA,1004,22.5,35,NA
2021-02-24 17:00:00,NA,1003.5,24.8,29,NA
2021-02-24 18:00:00,NA,1003.1,26.1,26,NA
2021-02-24 19:00:00,NA,1003.4,27,23,NA
2021-02-24 20:00:00,NA,1004.5,19,38,NA
2021-02-24 21:00:00,NA,1005.4,18.2,48,NA
2021-02-24 22:00:00,NA,1006.4,17.6,49,NA
2021-02-24 23:00:00,NA,1007.1,17.2,50,NA
2021-02-25 00:00:00,1000.8,NA,16.8,53,NA
2021-02-25 09:00:00,1001.3,NA,14.1,57,NA
2021-02-25 10:00:00,1001.4,NA,13.6,59,NA
2021-02-25 11:00:00,1002,NA,16.8,53,NA
2021-02-25 12:00:00,1002.4,NA,17.4,52,NA
2021-02-25 13:00:00,1002.8,NA,19.4,45,NA
2021-02-25 14:00:00,1002.9,NA,20.5,40,NA
2021-02-25 15:00:00,1003,NA,18.6,52,NA
2021-02-25 16:00:00,1002.6,NA,18.6,47,NA
2021-02-25 17:00:00,1002.4,NA,19.2,47,NA
2021-02-25 18:00:00,1002,NA,19,47,NA
2021-02-25 19:00:00,1001,NA,20.2,44,NA
2021-02-25 20:00:00,1000.8,NA,19,47,NA
2021-02-25 21:00:00,1000.4,NA,18,47,NA
2021-02-25 22:00:00,1000.6,NA,17,54,NA
2021-02-25 23:00:00,1001.3,NA,15.2,67,NA
2021-02-26 09:00:00,NA,1016.2,7.4,96,NA
2021-02-26 10:00:00,NA,1016.5,7.8,94,NA
2021-02-26 11:00:00,NA,1016.9,9.5,87,NA
2021-02-26 12:00:00,NA,1017.5,13.2,72,NA
2021-02-26 13:00:00,NA,1017.9,16,56,NA
2021-02-26 14:00:00,NA,1018,17.6,50,NA
2021-02-26 15:00:00,NA,1017.6,19,44,NA
2021-02-26 16:00:00,NA,1017.1,20.2,43,NA
2021-02-26 17:00:00,NA,1016.9,21.5,39,NA
2021-02-26 18:00:00,NA,1016.5,21,42,NA
2021-02-26 19:00:00,NA,1016,21,43,NA
2021-02-26 20:00:00,NA,1015.8,19.4,50,NA
2021-02-26 21:00:00,NA,1016.3,18,48,NA
2021-02-26 22:00:00,NA,1016.2,19.4,48,NA
2021-02-26 23:00:00,NA,1015.9,17,60,NA
2021-02-27 00:00:00,1008.8,NA,16.2,66,NA
2021-02-27 09:00:00,1007.7,NA,12,55,NA
2021-02-27 10:00:00,1007.7,NA,13,78,NA
2021-02-27 11:00:00,1007,NA,14,70,NA
2021-02-27 12:00:00,1006.6,NA,16.8,73,NA
2021-02-27 13:00:00,1005.8,NA,20,65,NA
2021-02-27 14:00:00,1005.3,NA,22,51,NA
2021-02-27 15:00:00,1004.2,NA,25.2,39,NA
2021-02-27 16:00:00,1003.7,NA,26.2,36,NA
2021-02-27 17:00:00,1002.4,NA,29,35,NA
2021-02-27 18:00:00,1001,NA,30,31,NA
2021-02-27 19:00:00,1000,NA,31.4,26,NA
2021-02-27 20:00:00,999.4,NA,31.8,25,NA
2021-02-27 21:00:00,998.6,NA,31,27,NA
2021-02-27 22:00:00,998.1,NA,25.6,45,NA
2021-02-27 23:00:00,998,NA,22.2,56,NA
2021-02-28 09:00:00,NA,1001.5,16.4,54,NA
2021-02-28 10:00:00,NA,1001.6,16,49,NA
2021-02-28 11:00:00,NA,1002,17.4,43,NA
2021-02-28 12:00:00,NA,1002.7,17.7,46,NA
2021-02-28 13:00:00,NA,1002.9,20.6,38,NA
2021-02-28 14:00:00,NA,1002.9,23.4,32,NA
2021-02-28 15:00:00,NA,1003,21.4,38,NA
2021-02-28 16:00:00,NA,1002.3,23.7,37,NA
2021-02-28 17:00:00,NA,1002.1,25,36,NA
2021-02-28 18:00:00,NA,1001.6,27,33,NA
2021-02-28 19:00:00,NA,1001.3,28.2,29,NA
2021-02-28 20:00:00,NA,1000,31,24,NA
2021-02-28 21:00:00,NA,1003.1,30.2,26,NA
2021-02-28 22:00:00,NA,1000.6,28.4,28,NA
2021-02-28 23:00:00,NA,1001.9,21,51,NA
2021-03-01 00:00:00,NA,1003.4,16.6,67,NA
2021-03-02 09:00:00,NA,1022.9,3.6,79,NA
2021-03-02 10:00:00,NA,1022.3,5,65,NA
2021-03-02 11:00:00,NA,1022.8,6.8,65,NA
2021-03-02 12:00:00,NA,1022.5,6.8,65,NA
2021-03-02 13:00:00,NA,1022.3,8.8,65,NA
2021-03-02 14:00:00,NA,1022.7,10.8,51,NA
2021-03-02 15:00:00,NA,1022.9,11.4,52,NA
2021-03-02 16:00:00,NA,1022.6,10,65,NA
2021-03-02 17:00:00,NA,1022.8,9,88,NA
2021-03-02 18:00:00,1014.9,1022.6,10,79,NA
2021-03-02 19:00:00,1014.4,1022,11.2,63,NA
2021-03-02 20:00:00,1014,1021.7,11.8,64,NA
2021-03-02 21:00:00,1014.4,1022,11,65,NA
2021-03-02 22:00:00,1014.4,1022,11,75,NA
2021-03-02 23:00:00,1014.5,1022.2,11.2,75,NA
2021-03-03 00:00:00,NA,1022.6,11,77,NA
2021-03-04 00:00:00,1014.4,NA,NA,NA,NA
2021-03-04 09:00:00,1016,1023.6,9.7,99,NA
2021-03-04 10:00:00,NA,1023.8,9.4,100,NA
2021-03-04 11:00:00,NA,1023.8,10.6,100,NA
2021-03-04 12:00:00,NA,1024.2,11,99,NA
2021-03-04 13:00:00,1016.8,1024.3,12,94,NA
2021-03-04 14:00:00,1016.1,1023.6,15.4,76,NA
2021-03-04 15:00:00,1016,1023.5,17.2,66,NA
2021-03-04 16:00:00,1015.2,1022.7,18.2,61,NA
2021-03-04 17:00:00,NA,1021.7,19,56,NA
2021-03-04 18:00:00,1013.4,1020.9,17.8,67,NA
2021-03-04 19:00:00,1012.5,1020,18.6,64,NA
2021-03-04 20:00:00,1011.3,1018.8,19.2,56,NA
2021-03-04 21:00:00,1010.8,1018.3,19.4,53,NA
2021-03-04 22:00:00,1009.7,1017.2,18.2,55,NA
2021-03-04 23:00:00,1008.4,1015.9,18,46,NA
2021-03-05 00:00:00,NA,1015.3,17.6,52,NA
2021-03-05 20:00:00,994.2,NA,NA,NA,NA
2021-03-06 00:00:00,989.8,NA,NA,NA,NA
2021-03-06 09:00:00,982.1,989.2,20.5,33,NA
2021-03-06 10:00:00,981.8,989,19.8,19,NA
2021-03-06 11:00:00,982.6,989.8,20,18,NA
2021-03-06 12:00:00,983,990.1,20.8,21,NA
2021-03-06 13:00:00,982.9,990,23,27,NA
2021-03-06 14:00:00,983.7,990.8,23.6,33,NA
2021-03-06 15:00:00,984.2,991.2,26.2,28,NA
2021-03-06 16:00:00,984.2,991.4,27,26,NA
2021-03-06 17:00:00,984.6,991.6,28,18,NA
2021-03-06 18:00:00,985.6,992.6,27.8,12,NA
2021-03-06 19:00:00,986.2,993.3,27.2,12,NA
2021-03-06 20:00:00,987.6,994.7,25.6,12,NA
2021-03-06 21:00:00,988.8,995.9,24.6,12,NA
2021-03-06 22:00:00,989.8,996.9,23.4,13,NA
2021-03-06 23:00:00,990.5,997.7,20.8,20,NA
2021-03-07 00:00:00,NA,998.8,18.6,24,NA
2021-03-08 00:00:00,999,NA,NA,NA,NA
2021-03-08 09:00:00,1003.4,1011,6.6,50,NA
2021-03-08 10:00:00,1003.6,1011.1,6.6,50,NA
2021-03-08 11:00:00,1003.7,1011.2,8.4,47,NA
2021-03-08 12:00:00,1003.7,1011.2,10.6,42,NA
2021-03-08 13:00:00,1003,1010.6,12.4,43,NA
2021-03-08 14:00:00,1002.8,1010.2,16,32,NA
2021-03-08 15:00:00,1002.6,1010.1,18.8,29,NA
2021-03-08 16:00:00,1002.2,1009.7,20.4,26,NA
2021-03-08 17:00:00,1001.2,1008.6,22.2,23,NA
2021-03-08 18:00:00,1000.4,1007.8,24.6,17,NA
2021-03-08 19:00:00,999.7,1007.1,25,18,NA
2021-03-08 20:00:00,998.6,1006.1,25.2,21,NA
2021-03-08 21:00:00,998.6,1006,24.6,23,NA
2021-03-08 22:00:00,998.6,1006.1,22.4,29,NA
2021-03-08 23:00:00,998.9,1006.3,20,32,NA
2021-03-09 00:00:00,NA,1006.1,18.4,35,NA
2021-03-10 00:00:00,979.8,NA,NA,NA,NA
2021-03-10 09:00:00,979.4,986.5,15.4,56,NA
2021-03-10 10:00:00,980.1,987.2,12.8,52,NA
2021-03-10 11:00:00,980.6,987.7,12.8,51,NA
2021-03-10 12:00:00,981.4,988.5,14.8,44,NA
2021-03-10 13:00:00,981.2,988.3,15.8,37,NA
2021-03-10 14:00:00,981.2,988.3,16.6,30,NA
2021-03-10 15:00:00,981.2,988.3,18,19,NA
2021-03-10 16:00:00,980.8,987.9,18.2,15,NA
2021-03-10 17:00:00,980.6,987.7,19,10,NA
2021-03-10 18:00:00,980.2,987.4,18.9,9,NA
2021-03-10 19:00:00,980.4,987.5,19.4,10,NA
2021-03-10 20:00:00,980.6,987.8,19,10,NA
2021-03-10 21:00:00,981.4,988.6,18.2,12,NA
2021-03-10 22:00:00,982.2,989.6,16.4,16,NA
2021-03-10 23:00:00,983.2,990.5,15.6,17,NA
2021-03-11 00:00:00,NA,991.2,13.6,20,NA
2021-03-12 00:00:00,994.8,NA,NA,NA,NA
2021-03-12 09:00:00,997.3,1004.5,16.2,38,NA
2021-03-12 10:00:00,997.2,1004.4,16,36,NA
2021-03-12 11:00:00,998.1,1005.4,16.8,34,NA
2021-03-12 12:00:00,998,1005.3,18.6,25,NA
2021-03-12 13:00:00,998.6,1005.9,21,12,NA
2021-03-12 14:00:00,998.9,1006.1,23.6,19,NA
2021-03-12 15:00:00,998.1,1005.3,25.6,21,NA
2021-03-12 16:00:00,998.2,1005.4,27,17,NA
2021-03-12 17:00:00,998.2,1005.5,26.2,24,NA
2021-03-12 18:00:00,998.2,1005.4,28.2,18,NA
2021-03-12 19:00:00,998.2,1005.4,28.2,16,NA
2021-03-12 20:00:00,997.8,1005.1,28,15,NA
2021-03-12 21:00:00,997.4,1004.7,26.2,15,NA
2021-03-12 22:00:00,998.1,1005.3,24.8,15,NA
2021-03-12 23:00:00,998.4,1005.6,23,12,NA
2021-03-13 00:00:00,NA,1005.5,20.8,17,NA
2021-03-14 09:00:00,NA,1022.1,9.6,51,NA
2021-03-14 10:00:00,NA,1021.5,10,62,NA
2021-03-14 11:00:00,NA,1020.5,11.4,52,NA
2021-03-14 12:00:00,NA,1019.9,12.4,54,NA
2021-03-14 13:00:00,NA,1018.8,12.2,62,NA
2021-03-14 14:00:00,NA,1017,15.2,45,NA
2021-03-14 15:00:00,NA,1016.6,18,36,NA
2021-03-14 16:00:00,NA,1015.4,20.8,30,NA
2021-03-14 17:00:00,NA,1012.9,22,30,NA
2021-03-14 18:00:00,NA,1011.6,23.2,25,NA
2021-03-14 19:00:00,NA,1010,24,22,NA
2021-03-14 20:00:00,NA,1008.7,23.8,26,NA
2021-03-14 21:00:00,NA,1007.7,23,32,NA
2021-03-14 22:00:00,NA,1007.4,21,36,NA
2021-03-14 23:00:00,NA,1006.7,17,44,NA
2021-03-15 00:00:00,NA,1006.1,16.8,58,NA
2021-03-15 12:00:00,994.1,NA,18.2,42,NA
2021-03-15 13:00:00,994.6,NA,18.6,37,NA
2021-03-15 14:00:00,996.2,NA,18.6,39,NA
2021-03-15 15:00:00,996.6,NA,19,38,NA
2021-03-15 16:00:00,997.6,NA,20.8,26,NA
2021-03-15 17:00:00,997.8,NA,20.8,25,NA
2021-03-15 18:00:00,998.5,NA,21.8,22,NA
2021-03-16 09:00:00,NA,1020.5,5.9,84,NA
2021-03-16 10:00:00,NA,1021.7,4.2,85,NA
2021-03-16 11:00:00,NA,1022.7,4,89,NA
2021-03-16 12:00:00,NA,1023.3,5.3,80,NA
2021-03-16 13:00:00,NA,1023.7,7.6,60,NA
2021-03-16 14:00:00,NA,1024,8.6,48,NA
2021-03-16 15:00:00,NA,1024.5,10.4,36,NA
2021-03-16 16:00:00,NA,1024.5,11.6,27,NA
2021-03-16 17:00:00,NA,1024.6,12,24,NA
2021-03-16 18:00:00,NA,1024.9,12.4,21,NA
2021-03-16 19:00:00,NA,1025,14,20,NA
2021-03-16 20:00:00,NA,1025.2,13.6,19,NA
2021-03-16 21:00:00,NA,1025.6,13.2,25,NA
2021-03-16 22:00:00,NA,1026.1,12.8,26,NA
2021-03-16 23:00:00,NA,1026.8,10,40,NA
2021-03-17 00:00:00,1019.6,NA,7.8,47,NA
2021-03-17 09:00:00,1020.8,NA,5.4,74,NA
2021-03-17 10:00:00,1020.8,NA,6,52,NA
2021-03-17 11:00:00,1020.6,NA,6.2,49,NA
2021-03-17 12:00:00,1020,NA,10.4,38,NA
2021-03-18 09:00:00,NA,1009.5,11.5,31,NA
2021-03-18 10:00:00,NA,1009,9.9,37,NA
2021-03-18 11:00:00,NA,1008.1,11.2,32,NA
2021-03-18 12:00:00,NA,1008.1,13,31,NA
2021-03-18 13:00:00,NA,1007.6,16.9,22,NA
2021-03-18 14:00:00,NA,1007.9,18.4,20,NA
2021-03-18 15:00:00,NA,1007.5,20.6,15,NA
2021-03-18 16:00:00,NA,1007.3,21.6,10,NA
2021-03-18 17:00:00,NA,1007,18,28,NA
2021-03-18 18:00:00,NA,1006.5,17.8,31,NA
2021-03-18 19:00:00,NA,1006,18,27,NA
2021-03-18 20:00:00,NA,1005.7,15.6,37,NA
2021-03-18 21:00:00,NA,1005.1,15,41,NA
2021-03-18 22:00:00,NA,1005,14.4,38,NA
2021-03-18 23:00:00,NA,1004.7,13.8,40,NA
2021-03-19 00:00:00,997.2,NA,12,53,NA
2021-03-19 09:00:00,991.2,NA,14.2,44,NA
2021-03-19 10:00:00,990.5,NA,14.2,46,NA
2021-03-19 11:00:00,990,NA,14.1,44,NA
2021-03-19 12:00:00,989.3,NA,14.5,46,NA
2021-03-19 13:00:00,988.4,NA,15,40,NA
2021-03-19 14:00:00,987.2,NA,17.2,34,NA
2021-03-19 15:00:00,986.2,NA,18.5,33,NA
2021-03-19 16:00:00,985.7,NA,18.6,33,NA
2021-03-19 17:00:00,984.9,NA,17.9,36,NA
2021-03-19 18:00:00,983.8,NA,18,30,NA
2021-03-19 19:00:00,982.1,NA,21.4,23,NA
2021-03-19 20:00:00,982.6,NA,22.5,17,NA
2021-03-19 21:00:00,982.9,NA,21.9,17,NA
2021-03-19 22:00:00,983.8,NA,20.4,19,NA
2021-03-19 23:00:00,985,NA,18.6,18,NA
2021-03-20 09:00:00,NA,1006,8,48,NA
2021-03-20 10:00:00,NA,1007.7,6.4,53,NA
2021-03-20 11:00:00,NA,1009.2,6.8,48,NA
2021-03-20 12:00:00,NA,1010.9,9.2,41,NA
2021-03-20 13:00:00,NA,1012,10.4,39,NA
2021-03-20 14:00:00,NA,1013.1,11.8,36,NA
2021-03-20 15:00:00,NA,1013.9,13.6,28,NA
2021-03-20 16:00:00,NA,1014.1,14,26,NA
2021-03-20 17:00:00,NA,1014.5,15.2,29,NA
2021-03-20 18:00:00,NA,1014.1,17.4,24,NA
2021-03-20 19:00:00,NA,1013.9,18.8,20,NA
2021-03-20 20:00:00,NA,1014.2,17.8,33,NA
2021-03-20 21:00:00,NA,1014.1,14.6,53,NA
2021-03-20 22:00:00,NA,1014.2,14.2,57,NA
2021-03-20 23:00:00,NA,1014.4,13.8,52,NA
2021-03-21 00:00:00,1007.2,NA,13,55,NA
2021-03-21 09:00:00,1010,NA,7.1,47,NA
2021-03-21 10:00:00,1010.6,NA,6.7,51,NA
2021-03-21 11:00:00,1010.5,NA,5.4,57,NA
2021-03-21 12:00:00,1011,NA,8.3,50,NA
2021-03-21 13:00:00,1010.8,NA,13.4,36,NA
2021-03-21 14:00:00,1010.4,NA,15.6,33,NA
2021-03-21 15:00:00,1010,NA,17.2,26,NA
2021-03-21 16:00:00,1009.2,NA,17.8,29,NA
2021-03-21 17:00:00,1008.5,NA,18.4,35,NA
2021-03-21 18:00:00,1008,NA,17.2,36,NA
2021-03-21 19:00:00,1007.4,NA,16,49,NA
2021-03-21 20:00:00,1007,NA,15,55,NA
2021-03-21 21:00:00,1006.9,NA,14.2,58,NA
2021-03-21 22:00:00,1006.9,NA,13,67,NA
2021-03-21 23:00:00,1006.8,NA,12,73,NA
2021-03-22 09:00:00,NA,1009.5,12.4,57,NA
2021-03-22 10:00:00,NA,1009.2,12.4,58,NA
2021-03-22 11:00:00,NA,1009.6,11.3,62,NA
2021-03-22 12:00:00,NA,1009.6,11.6,59,NA
2021-03-22 13:00:00,NA,1009.7,14.6,53,NA
2021-03-22 14:00:00,NA,1009.6,18,19,NA
2021-03-22 15:00:00,NA,1009.4,20.3,31,NA
2021-03-22 16:00:00,NA,1009,21.8,29,NA
2021-03-22 17:00:00,NA,1008.4,23.2,25,NA
2021-03-22 18:00:00,NA,1008.3,24.1,24,NA
2021-03-22 19:00:00,NA,1008,24.5,24,NA
2021-03-22 20:00:00,NA,1007.9,24.4,25,NA
2021-03-22 21:00:00,NA,1008.1,20.4,37,NA
2021-03-22 22:00:00,NA,1008.2,19.2,35,NA
2021-03-22 23:00:00,NA,1008.6,16.9,42,NA
2021-03-23 00:00:00,1001.3,NA,15,54,NA
2021-03-23 09:00:00,993.2,NA,14.1,48,NA
2021-03-23 10:00:00,992.2,NA,14,51,NA
2021-03-23 12:00:00,991,NA,15.4,64,NA
2021-03-23 13:00:00,990.6,NA,14.6,71,NA
2021-03-23 14:00:00,990.6,NA,15.5,67,NA
2021-03-23 15:00:00,990.6,NA,16.4,55,NA
2021-03-23 16:00:00,991.4,NA,15.8,62,NA
2021-03-23 17:00:00,990.9,NA,19.4,35,NA
2021-03-23 18:00:00,990.6,NA,20.2,31,NA
2021-03-23 19:00:00,991,NA,20.4,10,NA
2021-03-23 20:00:00,991.2,NA,20,14,NA
2021-03-23 21:00:00,992.2,NA,19,17,NA
2021-03-23 22:00:00,993,NA,17.4,19,NA
2021-03-23 23:00:00,994.1,NA,15.6,22,NA
2021-03-24 09:00:00,NA,1011.8,5.2,53,NA
2021-03-24 10:00:00,NA,1012.4,6,46,NA
2021-03-24 11:00:00,NA,1013,6.2,44,NA
2021-03-24 12:00:00,NA,1013.9,6,55,NA
2021-03-24 13:00:00,NA,1013.9,9.2,39,NA
2021-03-24 14:00:00,NA,1014.2,11,34,NA
2021-03-24 15:00:00,NA,1014.1,12.2,33,NA
2021-03-24 16:00:00,NA,1013.8,14.4,27,NA
2021-03-24 17:00:00,NA,1012.9,16.4,21,NA
2021-03-24 18:00:00,NA,1012.9,17.4,18,NA
2021-03-24 19:00:00,NA,1012.7,18.3,15,NA
2021-03-24 20:00:00,NA,1012.9,17.2,17,NA
2021-03-24 21:00:00,NA,1014,16,18,NA
2021-03-24 22:00:00,NA,1014.6,15.6,20,NA
2021-03-24 23:00:00,NA,1015.2,14,23,NA
2021-03-25 00:00:00,1008.6,NA,10.8,59,NA
2021-03-25 09:00:00,1009.4,NA,5.4,56,NA
2021-03-25 10:00:00,1009.4,NA,5.1,58,NA
2021-03-25 11:00:00,1009.2,NA,4.3,59,NA
2021-03-25 12:00:00,1008.9,NA,6.9,52,NA
2021-03-25 13:00:00,1008.6,NA,11.6,36,NA
2021-03-25 14:00:00,1008.1,NA,13.3,32,NA
2021-03-25 15:00:00,1007.3,NA,14.8,29,NA
2021-03-25 16:00:00,1006.6,NA,16.7,24,NA
2021-03-25 17:00:00,1005.7,NA,18.2,21,NA
2021-03-25 18:00:00,1004.6,NA,20.2,18,NA
2021-03-25 19:00:00,1004,NA,20.8,17,NA
2021-03-25 20:00:00,1003.7,NA,22,18,NA
2021-03-25 21:00:00,1003.7,NA,22,17,NA
2021-03-25 22:00:00,1004.4,NA,20.2,24,NA
2021-03-25 23:00:00,1005.6,NA,18.2,30,NA
2021-03-26 09:00:00,NA,1020.4,3.2,68,NA
2021-03-26 10:00:00,NA,1020.9,3.2,78,NA
2021-03-26 11:00:00,NA,1021.3,4,77,NA
2021-03-26 12:00:00,NA,1021.9,7.1,69,NA
2021-03-26 13:00:00,NA,1021.4,10.8,60,NA
2021-03-26 14:00:00,NA,1021.3,13.8,46,NA
2021-03-26 15:00:00,NA,1020.9,14.6,42,NA
2021-03-26 16:00:00,NA,1020.2,16.3,37,NA
2021-03-26 17:00:00,NA,1019.2,18.4,29,NA
2021-03-26 18:00:00,NA,1018,20.1,25,NA
2021-03-26 19:00:00,NA,1017.1,19.9,26,NA
2021-03-26 20:00:00,NA,1016,20.4,28,NA
2021-03-26 21:00:00,NA,1015.4,20.5,26,NA
2021-03-26 22:00:00,NA,1015.2,19.8,28,NA
2021-03-26 23:00:00,NA,1015,17.3,33,NA
2021-03-27 00:00:00,1007.8,NA,16,37,NA
2021-03-27 09:00:00,1004.8,NA,12,55,NA
2021-03-27 10:00:00,1004.2,NA,13.4,47,NA
2021-03-27 11:00:00,1003.8,NA,13,46,NA
2021-03-27 12:00:00,1003.4,NA,14,50,NA
2021-03-27 13:00:00,1002.9,NA,16,42,NA
2021-03-27 14:00:00,1002.4,NA,19.2,35,NA
2021-03-27 15:00:00,1001.8,NA,21,30,NA
2021-03-27 16:00:00,1000.5,NA,21.8,30,NA
2021-03-27 17:00:00,999.8,NA,22.4,27,NA
2021-03-27 18:00:00,998.4,NA,23.4,27,NA
2021-03-27 19:00:00,997,NA,26,24,NA
2021-03-27 20:00:00,996.6,NA,23.8,20,NA
2021-03-27 21:00:00,994.9,NA,23,27,NA
2021-03-27 22:00:00,994.4,NA,22.2,29,NA
2021-03-27 23:00:00,994.2,NA,21.4,30,NA
2021-03-28 09:00:00,NA,1011.6,9,38,NA
2021-03-28 10:00:00,NA,1013,8.2,39,NA
2021-03-28 11:00:00,NA,1013.6,7.9,40,NA
2021-03-28 12:00:00,NA,1014.9,10.6,34,NA
2021-03-28 13:00:00,NA,1015.8,10.8,36,NA
2021-03-28 14:00:00,NA,1016.8,12.2,35,NA
2021-03-28 15:00:00,NA,1017,12.6,36,NA
2021-03-28 16:00:00,NA,1017.6,14.2,30,NA
2021-03-28 17:00:00,NA,1017.3,15,30,NA
2021-03-28 18:00:00,NA,1017.3,16,25,NA
2021-03-28 19:00:00,NA,1017.1,16.6,25,NA
2021-03-28 20:00:00,NA,1017.5,14.2,47,NA
2021-03-28 21:00:00,NA,1017.8,13,57,NA
2021-03-28 22:00:00,NA,1018,11.4,61,NA
2021-03-28 23:00:00,1010.6,NA,8.8,67,NA
2021-03-29 00:00:00,1010.9,NA,7,72,NA
2021-03-29 09:00:00,1006.6,NA,11,67,NA
2021-03-29 10:00:00,1005.8,NA,11.5,63,NA
2021-03-29 11:00:00,1006.2,NA,11.2,67,NA
2021-03-29 12:00:00,1005.8,NA,13.5,62,NA
2021-03-29 13:00:00,1005.4,NA,15.2,50,NA
2021-03-29 14:00:00,1005,NA,16.8,45,NA
2021-03-29 15:00:00,1004.6,NA,19.7,35,NA
2021-03-29 16:00:00,1003.8,NA,22.2,31,NA
2021-03-29 17:00:00,1003.2,NA,25.8,28,NA
2021-03-29 18:00:00,1002.2,NA,26.8,30,NA
2021-03-29 19:00:00,1001.7,NA,29,25,NA
2021-03-29 20:00:00,1001.4,NA,29.1,24,NA
2021-03-29 21:00:00,1001.2,NA,28.8,24,NA
2021-03-29 22:00:00,1001.4,NA,27.4,26,NA
2021-03-29 23:00:00,1001.4,NA,23.5,33,NA
2021-03-30 09:00:00,NA,1008.9,13.2,51,NA
2021-03-30 10:00:00,NA,1009.2,14.6,55,NA
2021-03-30 11:00:00,NA,1009.9,15.1,57,NA
2021-03-30 12:00:00,NA,1010.4,15.2,58,NA
2021-03-30 13:00:00,NA,1012.1,18.2,50,NA
2021-03-30 14:00:00,NA,1014.3,19.4,48,NA
2021-03-30 15:00:00,NA,1016.2,16.8,66,NA
2021-03-30 16:00:00,NA,1018,14.7,60,NA
2021-03-30 17:00:00,NA,1019.2,15.2,45,NA
2021-03-30 18:00:00,NA,1020.1,14.4,54,NA
2021-03-30 19:00:00,NA,1020.9,14,55,NA
2021-03-30 20:00:00,NA,1022.1,13,49,NA
2021-03-30 21:00:00,NA,1023.5,12.8,35,NA
2021-03-30 22:00:00,NA,1024.6,12,39,NA
2021-03-30 23:00:00,NA,1025.4,10.7,59,NA
2021-03-31 00:00:00,1018.6,NA,9.2,60,NA
2021-03-31 09:00:00,1022,NA,9,82,NA
2021-03-31 10:00:00,1022.4,NA,8.7,78,NA
2021-03-31 11:00:00,1022.5,NA,8.4,78,NA
2021-03-31 17:00:00,1022.8,NA,11.3,59,NA
2021-03-31 18:00:00,1022.1,NA,11,62,NA
2021-03-31 19:00:00,1021.8,NA,10.8,63,NA
2021-03-31 20:00:00,1021.7,NA,11,62,NA
2021-03-31 21:00:00,1021.2,NA,10.8,64,NA
2021-03-31 22:00:00,1021,NA,10.6,67,NA
2021-03-31 23:00:00,1020.8,NA,10.2,69,NA
2021-04-01 09:00:00,NA,1024.2,6.4,87,NA
2021-04-01 10:00:00,NA,1023.9,5.1,88,NA
2021-04-01 11:00:00,NA,1023.3,6.5,85,NA
2021-04-01 12:00:00,NA,1022.7,9.2,75,NA
2021-04-01 13:00:00,NA,1022.3,10.4,69,NA
2021-04-01 14:00:00,NA,1021.9,11,67,NA
2021-04-01 15:00:00,NA,1021.2,11.7,67,NA
2021-04-01 16:00:00,NA,1020.3,13,61,NA
2021-04-01 17:00:00,NA,1019.4,14.2,57,NA
2021-04-01 18:00:00,NA,1018.3,13.3,65,NA
2021-04-01 19:00:00,NA,1018.3,13.3,65,NA
2021-04-01 20:00:00,NA,1016.6,12.8,83,NA
2021-04-01 21:00:00,NA,1016.6,12.8,83,NA
2021-04-01 22:00:00,NA,1016,12.2,89,NA
2021-04-01 23:00:00,NA,1015.7,11.8,96,NA
2021-04-02 00:00:00,1007.4,NA,11.9,97,NA
2021-04-02 09:00:00,1004.2,NA,11.9,94,NA
2021-04-02 10:00:00,1004.2,NA,11.8,97,NA
2021-04-02 11:00:00,1004.2,NA,11.6,93,NA
2021-04-02 12:00:00,1004.6,NA,11.4,96,NA
2021-04-02 13:00:00,1004.8,NA,11.5,90,NA
2021-04-02 14:00:00,1005,NA,12,88,NA
2021-04-02 15:00:00,1005.4,NA,13.2,79,NA
2021-04-02 16:00:00,1005.4,NA,15,68,NA
2021-04-02 17:00:00,1005.4,NA,15.8,62,NA
2021-04-02 18:00:00,1005.4,NA,16.8,55,NA
2021-04-02 19:00:00,1005.6,NA,15.9,46,NA
2021-04-02 20:00:00,1005.6,NA,14.6,51,NA
2021-04-02 21:00:00,1005.7,NA,14.3,49,NA
2021-04-02 22:00:00,1005.8,NA,12.4,70,NA
2021-04-02 23:00:00,1006,NA,10.2,81,NA
2021-04-03 09:00:00,NA,1006.7,9.6,81,NA
2021-04-03 10:00:00,NA,1006.7,9.2,81,NA
2021-04-03 11:00:00,NA,1006.2,10.2,74,NA
2021-04-03 12:00:00,NA,1006.2,10,79,NA
2021-04-03 13:00:00,NA,1006,14,58,NA
2021-04-03 14:00:00,NA,1005.2,16.8,46,NA
2021-04-03 15:00:00,NA,1004.9,16,50,NA
2021-04-03 16:00:00,NA,1004.9,17,44,NA
2021-04-03 17:00:00,NA,1005.6,16.3,54,NA
2021-04-03 18:00:00,NA,1005.8,17,48,NA
2021-04-03 19:00:00,NA,1006.2,17.1,34,NA
2021-04-03 20:00:00,NA,1007.6,14.2,51,NA
2021-04-03 21:00:00,NA,1009.7,11.8,64,NA
2021-04-03 22:00:00,NA,1010.6,10,64,NA
2021-04-03 23:00:00,NA,1011.5,10.1,46,NA
2021-04-04 00:00:00,1004.6,NA,9.3,54,NA
2021-04-04 09:00:00,1003.3,NA,6.8,87,NA
2021-04-04 10:00:00,1001.8,NA,5.8,92,NA
2021-04-04 11:00:00,1000.8,NA,5.8,92,NA
2021-04-04 12:00:00,1000.8,NA,6.2,95,NA
2021-04-04 13:00:00,1000.6,NA,6.2,95,NA
2021-04-04 14:00:00,999.7,NA,6.8,95,NA
2021-04-04 15:00:00,999.3,NA,7.2,95,NA
2021-04-04 16:00:00,998.5,NA,7.8,96,NA
2021-04-04 17:00:00,997.6,NA,8.4,96,NA
2021-04-04 18:00:00,997.8,NA,9,93,NA
2021-04-04 19:00:00,997,NA,9.2,98,NA
2021-04-04 20:00:00,997.7,NA,9,98,NA
2021-04-04 21:00:00,998.6,NA,8.8,96,NA
2021-04-04 22:00:00,999.2,NA,8,98,NA
2021-04-04 23:00:00,1000.6,NA,7.2,98,NA
2021-04-05 09:00:00,NA,1016.8,3.4,85,NA
2021-04-05 10:00:00,NA,1017.8,2.8,91,NA
2021-04-05 11:00:00,NA,1018.3,1.5,97,NA
2021-04-05 12:00:00,NA,1019,2.8,88,NA
2021-04-05 13:00:00,NA,1019.5,5.1,85,NA
2021-04-05 14:00:00,NA,1020.4,7,76,NA
2021-04-05 15:00:00,NA,1021,8.1,73,NA
2021-04-05 16:00:00,NA,1021.2,9.4,63,NA
2021-04-05 17:00:00,NA,1020.9,10,55,NA
2021-04-05 18:00:00,NA,1020.9,11,53,NA
2021-04-05 19:00:00,NA,1021,10.3,58,NA
2021-04-05 20:00:00,NA,1021.2,9.2,61,NA
2021-04-05 21:00:00,NA,1021.2,9,65,NA
2021-04-05 22:00:00,NA,1021.2,8.8,70,NA
2021-04-05 23:00:00,NA,1021.6,8,78,NA
2021-04-06 00:00:00,1013.8,NA,6.4,92,NA
2021-04-06 09:00:00,1009.8,NA,8.4,82,NA
2021-04-06 10:00:00,1009,NA,8.8,80,NA
2021-04-06 11:00:00,1008.2,NA,9.2,82,NA
2021-04-06 12:00:00,1007,NA,9.1,83,NA
2021-04-06 13:00:00,1006.9,NA,10.3,87,NA
2021-04-06 14:00:00,1005.3,NA,10.6,88,NA
2021-04-06 15:00:00,1004.6,NA,10.4,96,NA
2021-04-06 16:00:00,1003.8,NA,11.4,91,NA
2021-04-06 17:00:00,1003,NA,11.6,94,NA
2021-04-06 18:00:00,1001.3,NA,11.6,96,NA
2021-04-06 19:00:00,999.4,NA,11.8,96,NA
2021-04-06 20:00:00,999,NA,11.8,98,NA
2021-04-06 21:00:00,997.4,NA,12.2,98,NA
2021-04-06 22:00:00,996.8,NA,12.3,98,NA
2021-04-06 23:00:00,996.8,NA,12.2,98,NA
2021-04-07 09:00:00,NA,999.7,10.2,71,NA
2021-04-07 10:00:00,NA,1000.3,10.2,72,NA
2021-04-07 11:00:00,NA,1000.6,10.4,67,NA
2021-04-07 12:00:00,NA,1001.2,9.8,70,NA
2021-04-07 13:00:00,NA,1001.5,10.4,68,NA
2021-04-07 14:00:00,NA,1001.4,12.6,57,NA
2021-04-07 15:00:00,NA,1001.1,15.4,44,NA
2021-04-07 16:00:00,NA,1000.8,17.2,35,NA
2021-04-07 17:00:00,NA,1000.3,18.4,29,NA
2021-04-07 18:00:00,NA,999.5,19.2,26,NA
2021-04-07 19:00:00,NA,999,19.4,25,NA
2021-04-07 20:00:00,NA,999.4,18.1,26,NA
2021-04-07 21:00:00,NA,999.1,17.6,34,NA
2021-04-07 22:00:00,NA,999.8,15.8,43,NA
2021-04-07 23:00:00,NA,999.8,15,44,NA
2021-04-08 00:00:00,NA,1000,15,46,NA
2021-04-08 15:00:00,1001.4,NA,12.6,48,NA
2021-04-08 16:00:00,1001.8,NA,15,42,NA
2021-04-08 17:00:00,1002.2,NA,15.2,41,NA
2021-04-08 18:00:00,1002.2,NA,14.8,46,NA
2021-04-08 19:00:00,1002.8,NA,13,59,NA
2021-04-08 20:00:00,1003.4,NA,13,55,NA
2021-04-08 21:00:00,1004.8,NA,12.4,42,NA
2021-04-08 22:00:00,1006.1,NA,11.2,46,NA
2021-04-08 23:00:00,1007,NA,10.2,59,NA
2021-04-09 09:00:00,NA,1020.1,2.8,81,NA
2021-04-09 10:00:00,NA,1020.4,1.8,84,NA
2021-04-09 11:00:00,NA,1020.3,1.8,84,NA
2021-04-09 12:00:00,NA,1020.5,3,80,NA
2021-04-09 13:00:00,NA,1020.4,7.3,64,NA
2021-04-09 14:00:00,NA,1019.9,10.8,49,NA
2021-04-09 15:00:00,NA,1019.3,12.5,42,NA
2021-04-09 16:00:00,NA,1018.9,14.5,37,NA
2021-04-09 17:00:00,NA,1018.1,15.8,33,NA
2021-04-09 18:00:00,NA,1016.8,17.3,32,NA
2021-04-09 19:00:00,NA,1016.1,18,30,NA
2021-04-09 20:00:00,NA,1015.5,18.2,31,NA
2021-04-09 21:00:00,NA,1014.9,18.2,32,NA
2021-04-09 22:00:00,NA,1014.4,15.4,42,NA
2021-04-09 23:00:00,NA,1014.3,11.8,51,NA
2021-04-10 00:00:00,NA,1013.8,10.6,51,NA
2021-04-11 09:00:00,NA,1004.8,7,70,NA
2021-04-11 10:00:00,NA,1004.4,6.6,73,NA
2021-04-11 11:00:00,NA,1004.7,5.7,76,NA
2021-04-11 12:00:00,NA,1004.9,6.8,67,NA
2021-04-11 13:00:00,NA,1005.2,10.6,60,NA
2021-04-11 14:00:00,NA,1004.8,13.2,50,NA
2021-04-11 15:00:00,NA,1004.3,14.3,46,NA
2021-04-11 16:00:00,NA,1003.5,14.6,42,NA
2021-04-11 17:00:00,NA,1002.3,15.8,37,NA
2021-04-11 18:00:00,NA,1001.7,16.2,36,NA
2021-04-11 19:00:00,NA,1000.5,16.6,35,NA
2021-04-11 20:00:00,NA,999.5,15.4,43,NA
2021-04-11 21:00:00,NA,998.6,16,39,NA
2021-04-11 22:00:00,NA,997.7,16.4,38,NA
2021-04-11 23:00:00,NA,995.5,17,39,NA
2021-04-12 00:00:00,NA,995,16.2,45,NA
2021-04-13 09:00:00,NA,1007.5,11.8,55,NA
2021-04-13 10:00:00,NA,1008.2,11.6,55,NA
2021-04-13 11:00:00,NA,1009.2,9.2,55,NA
2021-04-13 12:00:00,NA,1009.3,9.6,54,NA
2021-04-13 13:00:00,1002.4,1009.8,14,43,NA
2021-04-13 14:00:00,1002.1,1009.5,16.6,35,NA
2021-04-13 15:00:00,1001,1008.4,18.8,30,NA
2021-04-13 16:00:00,1000.6,1007.9,19.4,28,NA
2021-04-13 17:00:00,999,1006.3,20.2,27,NA
2021-04-13 18:00:00,998,1005.3,19.4,30,NA
2021-04-13 19:00:00,996.2,1003.5,19.8,22,NA
2021-04-13 20:00:00,994.6,1002,20.2,20,NA
2021-04-13 21:00:00,993.3,1000.6,20,21,NA
2021-04-13 22:00:00,991.8,999.1,19.8,20,NA
2021-04-13 23:00:00,991.4,998.8,20.2,31,NA
2021-04-14 00:00:00,NA,998.1,20.4,33,NA
2021-04-15 00:00:00,997.2,NA,NA,NA,NA
2021-04-15 09:00:00,996.6,1004.4,9.4,39,NA
2021-04-15 10:00:00,996,1003.4,10.4,35,NA
2021-04-15 11:00:00,997,1004.4,10.1,35,NA
2021-04-15 12:00:00,998,1005.5,10.9,35,NA
2021-04-15 13:00:00,998.6,1006.1,12.9,30,NA
2021-04-15 14:00:00,998.6,1006.2,14.4,29,NA
2021-04-15 15:00:00,998.8,1006.2,15.3,30,NA
2021-04-15 16:00:00,998.1,1005.5,16.2,30,NA
2021-04-15 17:00:00,997,1004.4,16.3,29,NA
2021-04-15 18:00:00,995.2,1002.6,16.5,27,NA
2021-04-15 19:00:00,995.4,1002.8,16.2,28,NA
2021-04-15 20:00:00,995.4,1002.9,15.8,30,NA
2021-04-15 21:00:00,994.9,1002.3,14.8,31,NA
2021-04-15 22:00:00,994.2,1001.7,14.4,34,NA
2021-04-15 23:00:00,993.4,1000.8,13.6,40,NA
2021-04-16 00:00:00,NA,1000,15.6,33,NA
2021-04-16 01:00:00,NA,999.2,15.6,33,NA
2021-04-16 02:00:00,NA,999.3,14.2,37,NA
2021-04-17 00:00:00,1007,NA,NA,NA,NA
2021-04-17 01:00:00,1007.6,NA,NA,NA,NA
2021-04-17 02:00:00,1007.8,NA,NA,NA,NA
2021-04-17 03:00:00,1008.1,1015.6,7.2,64,NA
2021-04-17 04:00:00,1007.8,1015.3,8.5,49,NA
2021-04-17 05:00:00,1007.8,1015.4,8,53,NA
2021-04-17 06:00:00,1007.6,1015.1,6.8,56,NA
2021-04-17 07:00:00,1007.3,1014.8,5.4,62,NA
2021-04-17 08:00:00,1006.8,1014.4,3.6,64,NA
2021-04-17 09:00:00,1006.9,1014.4,6.2,41,NA
2021-04-17 10:00:00,1006.8,1014.4,7,49,NA
2021-04-17 11:00:00,1006.5,1014.1,5.2,59,NA
2021-04-17 12:00:00,1006.6,1014.2,5.4,79,NA
2021-04-17 13:00:00,1006.2,1014,7.4,57,NA
2021-04-17 14:00:00,1005.8,1013.4,11.8,44,NA
2021-04-17 15:00:00,1005.2,1012.7,14.1,40,NA
2021-04-17 16:00:00,1004.2,1011.8,15.4,38,NA
2021-04-17 17:00:00,1003.3,1010.8,17.8,29,NA
2021-04-17 18:00:00,1002.4,1009.9,18.4,28,NA
2021-04-17 19:00:00,1001.6,1009.1,19,24,NA
2021-04-17 20:00:00,1001.6,1009.1,18.4,25,NA
2021-04-17 21:00:00,1001,1008.6,17.6,29,NA
2021-04-17 22:00:00,1000.6,1008.2,14.4,36,NA
2021-04-17 23:00:00,1000.6,1008.2,13.4,41,NA
2021-04-18 00:00:00,NA,1007.9,13.6,42,NA
2021-04-18 01:00:00,NA,1007.8,13,47,NA
2021-04-18 02:00:00,NA,1007.3,13.6,44,NA
2021-04-19 00:00:00,988.6,NA,NA,NA,NA
2021-04-19 01:00:00,988.9,NA,NA,NA,NA
2021-04-19 02:00:00,988.9,NA,NA,NA,NA
2021-04-19 03:00:00,989.3,996.6,17.2,48,NA
2021-04-19 04:00:00,988.9,996.1,15.6,53,NA
2021-04-19 05:00:00,988.6,995.8,17.4,48,NA
2021-04-19 06:00:00,988.4,995.6,17.5,49,NA
2021-04-19 07:00:00,987.8,995,16.8,50,NA
2021-04-19 08:00:00,986.8,994,16.6,51,NA
2021-04-19 09:00:00,986.2,993.4,17.4,47,NA
2021-04-19 10:00:00,986.1,993.3,16.6,51,NA
2021-04-19 11:00:00,985.7,992.9,17.2,45,NA
2021-04-19 12:00:00,986.1,993.3,16.8,46,NA
2021-04-19 13:00:00,987.2,994.4,17.2,46,NA
2021-04-19 14:00:00,987.4,994.7,17.8,44,NA
2021-04-19 15:00:00,987.6,994.8,19.6,39,NA
2021-04-19 16:00:00,988.2,995.4,20.5,37,NA
2021-04-19 17:00:00,989,996.2,17.6,40,NA
2021-04-19 18:00:00,989.4,996.7,16.5,41,NA
2021-04-19 19:00:00,991.4,998.7,17.2,33,NA
2021-04-19 20:00:00,992.6,999.9,16.2,33,NA
2021-04-19 21:00:00,994.1,1001.4,15.2,36,NA
2021-04-19 22:00:00,994.9,1002.2,12.8,34,NA
2021-04-19 23:00:00,996.2,1003.5,13.6,25,NA
2021-04-20 00:00:00,NA,1004.7,13.4,26,NA
2021-04-20 01:00:00,NA,1006,12.2,33,NA
2021-04-20 02:00:00,NA,1006.8,12,32,NA
2021-04-21 00:00:00,1013.8,NA,NA,NA,NA
2021-04-21 01:00:00,1013.3,NA,NA,NA,NA
2021-04-21 02:00:00,1013.6,NA,NA,NA,NA
2021-04-21 03:00:00,1012.8,1020.4,8.4,76,NA
2021-04-21 04:00:00,1012.8,1020.4,8.8,75,NA
2021-04-21 05:00:00,1011.7,1019.3,9.6,65,NA
2021-04-21 06:00:00,1011.3,1018.9,10.1,62,NA
2021-04-21 07:00:00,1010.6,1018.3,9.2,78,NA
2021-04-21 08:00:00,1010,1017.6,9.2,83,NA
2021-04-21 09:00:00,1009.3,1016.9,8.1,86,NA
2021-04-21 10:00:00,1008.6,1016.2,7.5,87,NA
2021-04-21 11:00:00,1008,1015.7,8.2,88,NA
2021-04-21 12:00:00,1007,1014.6,8.2,93,NA
2021-04-21 13:00:00,1006.9,1014.5,8.2,100,NA
2021-04-21 14:00:00,1005.4,1013.1,9.6,100,NA
2021-04-21 15:00:00,1004.4,1012,9.2,100,NA
2021-04-21 16:00:00,1003.3,1010.9,8.6,96,NA
2021-04-21 17:00:00,1002.1,1009.6,8.6,96,NA
2021-04-21 18:00:00,997.4,1005,9.2,94,NA
2021-04-21 19:00:00,999.8,1007.3,9.6,96,NA
2021-04-21 20:00:00,1000,1007.5,9.4,99,NA
2021-04-21 21:00:00,999.8,1007.4,8,99,NA
2021-04-21 22:00:00,999,1006.6,7.8,99,NA
2021-04-21 23:00:00,1000.1,1007.7,7.6,96,NA
2021-04-22 00:00:00,NA,1009.1,7.8,96,NA
2021-04-22 01:00:00,NA,1009.6,7.8,93,NA
2021-04-22 02:00:00,NA,1009.6,7.2,95,NA
2021-04-23 00:00:00,1004.5,NA,NA,NA,NA
2021-04-23 01:00:00,1004.8,NA,NA,NA,NA
2021-04-23 02:00:00,1005,NA,NA,NA,NA
2021-04-23 03:00:00,1005,1012.6,6.4,84,NA
2021-04-23 04:00:00,1005,1012.7,6.2,84,NA
2021-04-23 05:00:00,1005.6,1013.2,6,84,NA
2021-04-23 06:00:00,1005.8,1013.4,6.2,84,NA
2021-04-23 07:00:00,1005.6,1013.2,7.4,81,NA
2021-04-23 08:00:00,NA,1013.5,7,84,NA
2021-04-23 09:00:00,NA,1013.3,6.4,93,NA
2021-04-23 10:00:00,NA,1013.5,6.4,93,NA
2021-04-23 11:00:00,NA,1013.5,6.6,94,NA
2021-04-23 12:00:00,NA,1013.5,7,93,NA
2021-04-23 13:00:00,NA,1014,7.7,92,NA
2021-04-23 14:00:00,NA,1014,9.6,81,NA
2021-04-23 15:00:00,NA,1014.1,11.1,70,NA
2021-04-23 16:00:00,NA,1013.9,12,60,NA
2021-04-23 17:00:00,NA,1013.3,12.6,61,NA
2021-04-23 18:00:00,NA,1012.9,13.7,59,NA
2021-04-23 19:00:00,NA,1013,14.4,57,NA
2021-04-23 20:00:00,NA,1013.1,13,63,NA
2021-04-23 21:00:00,NA,1013.4,11.4,81,NA
2021-04-23 22:00:00,NA,1013.9,9.8,91,NA
2021-04-23 23:00:00,NA,1014.1,8.8,96,NA
2021-04-24 00:00:00,NA,1013.5,7.8,93,NA
2021-04-24 01:00:00,NA,1014.6,6.5,94,NA
2021-04-24 02:00:00,NA,1015.1,7.8,90,NA
2021-04-25 03:00:00,NA,1015.5,11.9,56,NA
2021-04-25 04:00:00,NA,1015.4,9.4,70,NA
2021-04-25 05:00:00,NA,1015.5,10.8,60,NA
2021-04-25 06:00:00,NA,1015.5,9.3,69,NA
2021-04-25 07:00:00,NA,1015.3,7.8,74,NA
2021-04-25 08:00:00,NA,1014.9,8.2,69,NA
2021-04-25 09:00:00,NA,1014.4,8.2,72,NA
2021-04-25 10:00:00,NA,1013.7,8.2,72,NA
2021-04-25 11:00:00,NA,1013.7,8.2,72,NA
2021-04-25 12:00:00,NA,1013.2,9,67,NA
2021-04-25 13:00:00,NA,1012.7,9.8,68,NA
2021-04-25 14:00:00,NA,1012.1,12.4,56,NA
2021-04-25 15:00:00,NA,1011.2,12.6,54,NA
2021-04-25 16:00:00,NA,1010.4,13.8,52,NA
2021-04-25 17:00:00,NA,1009.6,16.4,42,NA
2021-04-25 18:00:00,NA,1008.7,16.8,39,NA
2021-04-25 19:00:00,NA,1008,17.4,38,NA
2021-04-25 20:00:00,NA,1007,17.2,38,NA
2021-04-25 21:00:00,NA,1006.8,17,38,NA
2021-04-25 22:00:00,NA,1006.4,15.6,44,NA
2021-04-25 23:00:00,NA,1006.5,14.8,48,NA
2021-04-26 00:00:00,NA,1006.3,14,45,NA
2021-04-26 01:00:00,NA,1006.3,15,41,NA
2021-04-26 02:00:00,NA,1005.9,14,48,NA
2021-04-27 03:00:00,NA,999.3,16.4,47,NA
2021-04-27 04:00:00,NA,998.2,16.2,48,NA
2021-04-27 05:00:00,NA,997.8,16,52,NA
2021-04-27 06:00:00,NA,997.6,15.4,53,NA
2021-04-27 07:00:00,NA,997,15,56,NA
2021-04-27 08:00:00,NA,995.8,15.2,56,NA
2021-04-27 09:00:00,NA,995.5,16,52,NA
2021-04-27 10:00:00,NA,994.6,15.9,54,NA
2021-04-27 11:00:00,NA,994,16.4,50,NA
2021-04-27 12:00:00,NA,993.4,16.5,50,NA
2021-04-27 13:00:00,NA,993.6,16.3,53,NA
2021-04-27 14:00:00,NA,994,16,55,NA
2021-04-27 15:00:00,NA,993.2,18.4,45,NA
2021-04-27 16:00:00,NA,993.2,18.4,45,NA
2021-04-27 17:00:00,NA,990.8,21.2,36,NA
2021-04-27 18:00:00,NA,990.4,21.4,32,NA
2021-04-27 19:00:00,NA,990.3,21.6,33,NA
2021-04-27 20:00:00,NA,990.2,22.1,37,NA
2021-04-27 21:00:00,NA,991.3,19.4,40,NA
2021-04-27 22:00:00,NA,992.6,15.8,48,NA
2021-04-27 23:00:00,NA,994,15.6,33,NA
2021-04-28 00:00:00,987.8,NA,14,38,NA
2021-04-28 01:00:00,989.2,NA,13,40,NA
2021-04-28 02:00:00,990.4,NA,12.6,39,NA
2021-04-28 03:00:00,991.8,NA,11,49,NA
2021-04-28 04:00:00,992.5,NA,10.6,50,NA
2021-04-28 05:00:00,994.2,NA,10.2,52,NA
2021-04-28 06:00:00,995.4,NA,10.2,52,NA
2021-04-28 07:00:00,996,NA,8.8,60,NA
2021-04-28 08:00:00,996.8,NA,6.9,67,NA
2021-04-28 09:00:00,997.4,NA,8.9,58,NA
2021-04-28 10:00:00,997.8,NA,9,61,NA
2021-04-28 11:00:00,998.2,NA,8.6,66,NA
2021-04-28 12:00:00,998.5,NA,8.2,65,NA
2021-04-28 13:00:00,999.2,NA,9,62,NA
2021-04-28 14:00:00,999.6,NA,11.9,58,NA
2021-04-28 15:00:00,999.8,NA,12,55,NA
2021-04-28 16:00:00,999.7,NA,15.1,40,NA
2021-04-28 17:00:00,998.9,NA,16.2,32,NA
2021-04-28 18:00:00,998.8,NA,16.4,22,NA
2021-04-28 19:00:00,998.4,NA,16.3,21,NA
2021-04-28 20:00:00,998.2,NA,16,22,NA
2021-04-28 21:00:00,998.9,NA,15,27,NA
2021-04-28 22:00:00,999.2,NA,14.2,27,NA
2021-04-28 23:00:00,999.8,NA,13.2,33,NA
2021-04-29 03:00:00,NA,1010,11,47,NA
2021-04-29 04:00:00,NA,1009.5,10.2,55,NA
2021-04-29 05:00:00,NA,1010.1,10.3,52,NA
2021-04-29 06:00:00,NA,1010.6,9.6,56,NA
2021-04-29 07:00:00,NA,1010.8,9.2,58,NA
2021-04-29 08:00:00,NA,1011,8.2,64,NA
2021-04-29 09:00:00,NA,1011,6.8,67,NA
2021-04-29 10:00:00,NA,1011.7,6.4,72,NA
2021-04-29 11:00:00,NA,1011.6,6.8,67,NA
2021-04-29 12:00:00,NA,1011.5,6.6,70,NA
2021-04-29 13:00:00,NA,1010.4,7.5,72,NA
2021-04-29 14:00:00,NA,1010,7.9,78,NA
2021-04-29 15:00:00,NA,1009.8,9.1,79,NA
2021-04-29 16:00:00,NA,1008.5,9.8,83,NA
2021-04-29 17:00:00,NA,1007,10,89,NA
2021-04-29 18:00:00,NA,1006,10.8,63,NA
2021-04-29 19:00:00,NA,1004.5,11,70,NA
2021-04-29 20:00:00,NA,1003.3,10.8,75,NA
2021-04-29 21:00:00,NA,1002.3,11.6,64,NA
2021-04-29 22:00:00,NA,1001.5,11.8,68,NA
2021-04-29 23:00:00,NA,1000.4,13.6,62,NA
2021-04-30 00:00:00,992.1,NA,15.6,54,NA
2021-04-30 01:00:00,991.6,NA,15.2,57,NA
2021-04-30 02:00:00,991.4,NA,16.8,49,NA
2021-04-30 03:00:00,991,NA,16.8,49,NA
2021-04-30 04:00:00,990.4,NA,15.9,52,NA
2021-04-30 05:00:00,989.8,NA,14,62,NA
2021-04-30 06:00:00,989.6,NA,14.4,59,NA
2021-04-30 07:00:00,989.4,NA,15.9,54,NA
2021-04-30 08:00:00,989,NA,16.6,49,NA
2021-04-30 09:00:00,989.3,NA,15.6,53,NA
2021-04-30 10:00:00,989.4,NA,14.6,55,NA
2021-04-30 11:00:00,989.3,NA,14.3,57,NA
2021-04-30 12:00:00,989.7,NA,14.4,56,NA
2021-04-30 13:00:00,990.5,NA,14.5,56,NA
2021-04-30 14:00:00,991.2,NA,15.8,48,NA
2021-04-30 15:00:00,991.8,NA,15.7,53,NA
2021-04-30 16:00:00,992.2,NA,16.6,49,NA
2021-04-30 17:00:00,991.7,NA,18,43,NA
2021-04-30 18:00:00,991,NA,19.6,37,NA
2021-04-30 19:00:00,991.2,NA,19.2,29,NA
2021-04-30 20:00:00,991.8,NA,18.6,23,NA
2021-04-30 21:00:00,992.5,NA,16.8,27,NA
2021-04-30 22:00:00,993.2,NA,14,36,NA
2021-04-30 23:00:00,993.6,NA,12.1,41,NA
2021-05-01 03:00:00,NA,1003.6,7.8,67,NA
2021-05-01 04:00:00,NA,1004,5.7,73,NA
2021-05-01 05:00:00,NA,1003.4,4.4,76,NA
2021-05-01 06:00:00,NA,1003.9,5.5,76,NA
2021-05-01 07:00:00,NA,1003.9,5.4,77,NA
2021-05-01 08:00:00,NA,1003.9,5.4,80,NA
2021-05-01 09:00:00,NA,1003.7,5,86,NA
2021-05-01 10:00:00,NA,1003.4,3.6,79,NA
2021-05-01 11:00:00,NA,1003.1,2.4,81,NA
2021-05-01 12:00:00,NA,1002.1,3.4,82,NA
2021-05-01 13:00:00,NA,1002.5,4.4,86,NA
2021-05-01 14:00:00,NA,1001.8,7,84,NA
2021-05-01 15:00:00,NA,1001.4,8.4,85,NA
2021-05-01 16:00:00,NA,1001.1,9.4,88,NA
2021-05-01 17:00:00,NA,1000,10.4,81,NA
2021-05-01 18:00:00,NA,1000.3,11.4,73,NA
2021-05-01 19:00:00,NA,999.8,12,67,NA
2021-05-01 20:00:00,NA,999.4,11,72,NA
2021-05-01 21:00:00,NA,999.9,10.2,74,NA
2021-05-01 22:00:00,NA,999.7,8.2,74,NA
2021-05-01 23:00:00,NA,999.5,4.6,95,NA
2021-05-02 00:00:00,991.8,NA,4.2,95,NA
2021-05-02 01:00:00,990.6,NA,4,95,NA
2021-05-02 02:00:00,990.2,NA,4.6,88,NA
2021-05-02 03:00:00,989.8,NA,6,89,NA
2021-05-02 04:00:00,988.6,NA,5.3,94,NA
2021-05-02 05:00:00,987.8,NA,4.2,88,NA
2021-05-02 06:00:00,987,NA,2,96,NA
2021-05-02 07:00:00,986.2,NA,3.2,85,NA
2021-05-02 08:00:00,985.8,NA,6,69,NA
2021-05-02 09:00:00,985.8,NA,5.4,71,NA
2021-05-02 10:00:00,986.2,NA,4.9,73,NA
2021-05-02 12:00:00,986.8,NA,5.2,80,NA
2021-05-02 13:00:00,987.4,NA,6.8,75,NA
2021-05-02 14:00:00,987.4,NA,8.4,66,NA
2021-05-02 15:00:00,988,NA,9.2,62,NA
2021-05-02 16:00:00,988.4,NA,9.4,62,NA
2021-05-02 17:00:00,989,NA,8.8,77,NA
2021-05-02 18:00:00,989.2,NA,6.6,92,NA
2021-05-02 19:00:00,989.7,NA,6.6,92,NA
2021-05-02 20:00:00,990.1,NA,6.6,89,NA
2021-05-02 21:00:00,990.2,NA,6.4,89,NA
2021-05-02 22:00:00,990.6,NA,4.4,95,NA
2021-05-02 23:00:00,991.2,NA,3.6,95,NA
2021-05-03 03:00:00,NA,1002.3,5.2,77,NA
2021-05-03 04:00:00,NA,1003,5,89,NA
2021-05-03 05:00:00,NA,1003.6,4.8,92,NA
2021-05-03 06:00:00,NA,1004.4,4,99,NA
2021-05-03 07:00:00,NA,1005.3,4,95,NA
2021-05-03 08:00:00,NA,1006.1,3.8,88,NA
2021-05-03 09:00:00,NA,1006.8,3.4,88,NA
2021-05-03 10:00:00,NA,1008.4,3.1,91,NA
2021-05-03 11:00:00,NA,1010.4,3.8,97,NA
2021-05-03 12:00:00,NA,1012.6,4.4,89,NA
2021-05-03 13:00:00,NA,1014.3,4.2,90,NA
2021-05-03 14:00:00,NA,1015.4,4.1,93,NA
2021-05-03 15:00:00,NA,1016.5,3.7,90,NA
2021-05-03 16:00:00,NA,1017.6,3.2,91,NA
2021-05-03 17:00:00,NA,1017.9,4.2,85,NA
2021-05-03 18:00:00,NA,1018.4,4.4,64,NA
2021-05-03 19:00:00,NA,1018.8,4,63,NA
2021-05-03 20:00:00,NA,1019.9,4,57,NA
2021-05-03 21:00:00,NA,1021.3,3.7,61,NA
2021-05-03 22:00:00,NA,1021.9,3.4,62,NA
2021-05-03 23:00:00,NA,1022.9,3.4,62,NA
2021-05-04 00:00:00,1015.8,NA,3.3,65,NA
2021-05-04 01:00:00,1016.2,NA,3.2,65,NA
2021-05-04 02:00:00,1016.8,NA,1.8,66,NA
2021-05-04 03:00:00,1017.6,NA,2,69,NA
2021-05-04 04:00:00,1017.7,NA,1,75,NA
2021-05-04 05:00:00,1017.8,NA,1.6,72,NA
2021-05-04 06:00:00,1018,NA,1,79,NA
2021-05-04 07:00:00,1018,NA,0,82,NA
2021-05-04 08:00:00,1017.8,NA,0.2,82,NA
2021-05-04 09:00:00,1017.7,NA,0.2,78,NA
2021-05-04 10:00:00,1017.8,NA,0.4,77,NA
2021-05-04 11:00:00,1017.2,NA,0.5,77,NA
2021-05-04 12:00:00,1017.4,NA,1,75,NA
2021-05-04 13:00:00,1017.8,NA,1.8,78,NA
2021-05-04 14:00:00,1017.3,NA,3,73,NA
2021-05-04 15:00:00,1016.8,NA,4.2,71,NA
2021-05-04 16:00:00,1016.2,NA,5.6,62,NA
2021-05-04 17:00:00,1015.7,NA,6.2,64,NA
2021-05-04 18:00:00,1014.9,NA,7.5,67,NA
2021-05-04 19:00:00,1014.6,NA,7.6,69,NA
2021-05-04 20:00:00,1015,NA,8,58,NA
2021-05-04 21:00:00,1014.6,NA,8.8,64,NA
2021-05-04 22:00:00,1014.6,NA,7.4,67,NA
2021-05-04 23:00:00,1015.2,NA,7,75,NA
2021-05-05 03:00:00,NA,1023.3,7.6,50,NA
2021-05-05 04:00:00,NA,1023.5,7.4,51,NA
2021-05-05 05:00:00,NA,1023.9,6.8,53,NA
2021-05-05 06:00:00,NA,1024.1,5.2,62,NA
2021-05-05 07:00:00,NA,1024.2,4.1,68,NA
2021-05-05 08:00:00,NA,1024.3,5.2,50,NA
2021-05-05 09:00:00,NA,1024.2,4.8,65,NA
2021-05-05 10:00:00,NA,1024.7,4,69,NA
2021-05-05 11:00:00,NA,1024.5,5.4,62,NA
2021-05-05 12:00:00,NA,1024.4,5.8,63,NA
2021-05-05 13:00:00,NA,1024.9,7.4,57,NA
2021-05-05 14:00:00,NA,1024.6,9,53,NA
2021-05-05 15:00:00,NA,1024.7,10.2,50,NA
2021-05-05 16:00:00,NA,1024.6,10.8,49,NA
2021-05-05 17:00:00,NA,1023.8,11.4,48,NA
2021-05-05 18:00:00,NA,1023.7,12.4,48,NA
2021-05-05 19:00:00,NA,1023.5,13,45,NA
2021-05-05 20:00:00,NA,1023.9,12.8,46,NA
2021-05-05 21:00:00,NA,1023.8,11,54,NA
2021-05-05 22:00:00,NA,1024.2,8.2,64,NA
2021-05-05 23:00:00,NA,1024.6,7,70,NA
2021-05-06 00:00:00,1017.2,NA,6.8,70,NA
2021-05-06 01:00:00,1017.4,NA,7,67,NA
2021-05-06 02:00:00,1017.4,NA,7.2,66,NA
2021-05-06 03:00:00,1017.6,NA,7.2,69,NA
2021-05-06 04:00:00,1017.3,NA,5.5,77,NA
2021-05-06 05:00:00,1017.4,NA,4.5,84,NA
2021-05-06 06:00:00,1017.6,NA,4.1,86,NA
2021-05-06 07:00:00,1017.4,NA,4.2,85,NA
2021-05-06 08:00:00,1017.3,NA,3.4,85,NA
2021-05-06 09:00:00,1017.2,NA,2.6,88,NA
2021-05-06 10:00:00,1017.6,NA,3.6,85,NA
2021-05-06 11:00:00,1017.4,NA,2.4,93,NA
2021-05-06 12:00:00,1017.6,NA,2.1,94,NA
2021-05-06 13:00:00,1017.7,NA,4.7,82,NA
2021-05-06 14:00:00,1017.7,NA,7.4,78,NA
2021-05-06 15:00:00,1017.4,NA,8.2,73,NA
2021-05-06 16:00:00,1017.6,NA,10.2,66,NA
2021-05-06 17:00:00,1017.3,NA,11,60,NA
2021-05-06 18:00:00,1016.4,NA,12.2,53,NA
2021-05-06 19:00:00,1015.7,NA,12.4,56,NA
2021-05-06 20:00:00,1015.6,NA,10.6,73,NA
2021-05-06 21:00:00,1015.7,NA,9.2,72,NA
2021-05-06 22:00:00,1015.6,NA,6.2,89,NA
2021-05-07 03:00:00,NA,1021.8,3.5,90,NA
2021-05-07 04:00:00,NA,1020.8,3.8,88,NA
2021-05-07 05:00:00,NA,1020.3,4,89,NA
2021-05-07 06:00:00,NA,1019.2,4.8,79,NA
2021-05-07 07:00:00,NA,1018.8,3.6,85,NA
2021-05-07 08:00:00,NA,1018.6,3,84,NA
2021-05-07 09:00:00,NA,1018.1,6.2,61,NA
2021-05-07 10:00:00,NA,1017.5,4.4,70,NA
2021-05-07 11:00:00,NA,1017.1,4.5,76,NA
2021-05-07 12:00:00,NA,1016.8,5.2,83,NA
2021-05-07 13:00:00,NA,1016.5,6.5,83,NA
2021-05-07 14:00:00,NA,1015.4,8,79,NA
2021-05-07 15:00:00,NA,1015,9.8,73,NA
2021-05-07 16:00:00,NA,1013.7,12.2,54,NA
2021-05-07 17:00:00,NA,1012.8,14,39,NA
2021-05-07 18:00:00,NA,1012.2,14.6,36,NA
2021-05-07 19:00:00,NA,1011.4,14.4,38,NA
2021-05-07 20:00:00,NA,1011,14.2,39,NA
2021-05-07 21:00:00,NA,1010.5,13.2,41,NA
2021-05-07 22:00:00,NA,1010.4,11.6,43,NA
2021-05-07 23:00:00,NA,1010.5,11.2,43,NA
2021-05-08 00:00:00,1002.6,NA,10.6,48,NA
2021-05-08 01:00:00,1002.2,NA,10,53,NA
2021-05-08 02:00:00,1001.8,NA,8.2,58,NA
2021-05-08 03:00:00,1002.2,NA,8,55,NA
2021-05-08 04:00:00,1002.4,NA,5,64,NA
2021-05-08 05:00:00,1002.5,NA,3.2,78,NA
2021-05-08 06:00:00,1002.4,NA,3.6,75,NA
2021-05-08 07:00:00,1002.2,NA,3.4,74,NA
2021-05-08 08:00:00,1001.8,NA,4.2,69,NA
2021-05-08 09:00:00,1001.8,NA,4,69,NA
2021-05-08 10:00:00,1001.8,NA,3.2,71,NA
2021-05-08 11:00:00,1002.1,NA,2,75,NA
2021-05-08 12:00:00,1002.2,NA,0.3,86,NA
2021-05-08 13:00:00,1002.2,NA,1.1,92,NA
2021-05-08 14:00:00,1001,NA,5,76,NA
2021-05-08 15:00:00,1001.2,NA,7,72,NA
2021-05-08 16:00:00,1001.2,NA,9,62,NA
2021-05-08 17:00:00,1000.5,NA,10.2,53,NA
2021-05-08 18:00:00,999.4,NA,10.2,54,NA
2021-05-08 19:00:00,999,NA,11.2,54,NA
2021-05-08 20:00:00,999,NA,11.3,55,NA
2021-05-08 21:00:00,999,NA,8,73,NA
2021-05-08 22:00:00,998.5,NA,6.4,63,NA
2021-05-08 23:00:00,998,NA,6.2,66,NA
2021-05-09 03:00:00,NA,1005.6,7,63,NA
2021-05-09 04:00:00,NA,1006,6.5,65,NA
2021-05-09 05:00:00,NA,1006.1,5.6,69,NA
2021-05-09 06:00:00,NA,1005.8,6.8,62,NA
2021-05-09 07:00:00,NA,1006.2,7,62,NA
2021-05-09 08:00:00,NA,1007.2,6.8,62,NA
2021-05-09 09:00:00,NA,1008.2,6.6,61,NA
2021-05-09 10:00:00,NA,1009.8,5.9,64,NA
2021-05-09 11:00:00,NA,1011.7,5.3,67,NA
2021-05-09 12:00:00,NA,1013.4,5.5,67,NA
2021-05-09 13:00:00,NA,1014.9,4.9,70,NA
2021-05-09 14:00:00,NA,1015.7,5.9,68,NA
2021-05-09 15:00:00,NA,1016.3,7.5,59,NA
2021-05-09 16:00:00,NA,1016.8,9.5,50,NA
2021-05-09 17:00:00,NA,1016.9,10.4,48,NA
2021-05-09 18:00:00,NA,1017.3,11,41,NA
2021-05-09 19:00:00,NA,1018.5,10.6,37,NA
2021-05-09 20:00:00,NA,1018.4,10.8,36,NA
2021-05-09 21:00:00,NA,1019.2,9.8,40,NA
2021-05-09 22:00:00,NA,1019.9,7.6,45,NA
2021-05-09 23:00:00,NA,1020.3,7.2,46,NA
2021-05-10 00:00:00,1012.8,NA,8.6,39,NA
2021-05-10 01:00:00,1012.9,NA,9.2,38,NA
2021-05-10 02:00:00,1013.8,NA,7.8,47,NA
2021-05-10 03:00:00,1013.7,NA,8.4,43,NA
2021-05-10 04:00:00,1014,NA,8,48,NA
2021-05-10 05:00:00,1014.6,NA,7,53,NA
2021-05-10 06:00:00,1014.6,NA,7,56,NA
2021-05-10 07:00:00,1014.6,NA,7.4,57,NA
2021-05-10 08:00:00,1014.2,NA,6,63,NA
2021-05-10 09:00:00,1014.6,NA,6,63,NA
2021-05-10 10:00:00,1015.3,NA,5.8,62,NA
2021-05-10 11:00:00,1015.7,NA,5,70,NA
2021-05-10 12:00:00,1015.6,NA,3.8,72,NA
2021-05-10 13:00:00,1015.6,NA,6,60,NA
2021-05-10 14:00:00,1015.3,NA,9,50,NA
2021-05-10 15:00:00,1015.2,NA,11,44,NA
2021-05-10 16:00:00,1014.1,NA,12.2,43,NA
2021-05-10 17:00:00,1013.2,NA,14,36,NA
2021-05-10 18:00:00,1012.1,NA,15,33,NA
2021-05-10 19:00:00,1011,NA,15,31,NA
2021-05-10 20:00:00,1010.6,NA,14.4,32,NA
2021-05-10 21:00:00,1010.6,NA,11.4,43,NA
2021-05-10 22:00:00,1010.5,NA,7.8,55,NA
2021-05-10 23:00:00,1009.8,NA,6.8,59,NA
2021-05-11 03:00:00,NA,1015.5,6.3,57,NA
2021-05-11 04:00:00,NA,1015.3,5.8,54,NA
2021-05-11 05:00:00,NA,1014.8,6.5,53,NA
2021-05-11 06:00:00,NA,1014,7.4,47,NA
2021-05-11 07:00:00,NA,1013.3,5.6,54,NA
2021-05-11 08:00:00,NA,1012.2,7.8,42,NA
2021-05-11 09:00:00,NA,1011.2,7.6,42,NA
2021-05-11 10:00:00,NA,1010.3,6.6,44,NA
2021-05-11 11:00:00,NA,1009.2,8.7,33,NA
2021-05-11 12:00:00,NA,1008.4,8.5,34,NA
2021-05-11 13:00:00,NA,1007.3,11.6,22,NA
2021-05-11 14:00:00,NA,1006.7,12.5,20,NA
2021-05-11 15:00:00,NA,1005.5,14.7,16,NA
2021-05-11 16:00:00,NA,1004.3,13.5,23,NA
2021-05-11 17:00:00,NA,1003.7,12.2,29,NA
2021-05-11 18:00:00,NA,1001.7,12.5,29,NA
2021-05-11 19:00:00,NA,1000.7,16.5,18,NA
2021-05-11 20:00:00,NA,999.4,16,19,NA
2021-05-11 21:00:00,NA,999.5,15.8,21,NA
2021-05-11 22:00:00,NA,999.4,15.2,23,NA
2021-05-12 00:00:00,NA,999.4,14.6,33,NA
2021-05-11 23:00:00,990.6,NA,14.4,28,NA
2021-05-12 01:00:00,991,NA,14.4,37,NA
2021-05-12 02:00:00,990.9,NA,14.2,43,NA
2021-05-12 03:00:00,990.8,NA,13.6,43,NA
2021-05-12 04:00:00,990.2,NA,14.2,44,NA
2021-05-12 05:00:00,991.2,NA,13.4,49,NA
2021-05-12 06:00:00,991.4,NA,12.8,50,NA
2021-05-12 07:00:00,991.4,NA,12.2,51,NA
2021-05-12 08:00:00,991.8,NA,11.6,54,NA
2021-05-12 09:00:00,992.5,NA,11.9,54,NA
2021-05-12 10:00:00,993.4,NA,11,56,NA
2021-05-12 11:00:00,994.6,NA,10.8,55,NA
2021-05-12 12:00:00,995.6,NA,10.6,57,NA
2021-05-12 13:00:00,996.8,NA,10,59,NA
2021-05-12 14:00:00,997.2,NA,12,44,NA
2021-05-12 15:00:00,997.6,NA,14,40,NA
2021-05-12 16:00:00,997.8,NA,15.2,35,NA
2021-05-12 17:00:00,997.7,NA,16.2,30,NA
2021-05-12 18:00:00,997.6,NA,17,27,NA
2021-05-12 19:00:00,997.8,NA,17.1,30,NA
2021-05-12 20:00:00,998.1,NA,17.2,24,NA
2021-05-12 21:00:00,998.4,NA,14.4,35,NA
2021-05-12 22:00:00,999.4,NA,12.8,42,NA
2021-05-13 03:00:00,NA,1008.8,10.6,40,NA
2021-05-13 04:00:00,NA,1008.9,9.4,44,NA
2021-05-13 05:00:00,NA,1008.8,11,41,NA
2021-05-13 06:00:00,NA,1009.1,10.4,43,NA
2021-05-13 07:00:00,NA,1009.2,10,43,NA
2021-05-13 08:00:00,NA,1009.2,9.4,49,NA
2021-05-13 09:00:00,NA,1009.5,11.4,39,NA
2021-05-13 10:00:00,NA,1010.5,12.3,37,NA
2021-05-13 11:00:00,NA,1011.5,11.3,42,NA
2021-05-13 12:00:00,NA,1011.7,11.5,40,NA
2021-05-13 13:00:00,NA,1013.1,11.7,43,NA
2021-05-13 14:00:00,NA,1013.3,14.4,40,NA
2021-05-13 15:00:00,NA,1014.2,15.2,38,NA
2021-05-13 16:00:00,NA,1015.1,15.2,36,NA
2021-05-13 17:00:00,NA,1015.4,15.6,38,NA
2021-05-13 18:00:00,NA,1016,16.1,40,NA
2021-05-13 19:00:00,NA,1016.1,14,49,NA
2021-05-13 20:00:00,NA,1017.7,11.5,64,NA
2021-05-13 21:00:00,NA,1018.1,9.6,73,NA
2021-05-13 22:00:00,NA,1018.9,7.8,75,NA
2021-05-13 23:00:00,NA,1019.3,6.2,75,NA
2021-05-14 00:00:00,1012.1,NA,4.6,82,NA
2021-05-14 01:00:00,1012.2,NA,3.9,82,NA
2021-05-14 02:00:00,1012.5,NA,4,88,NA
2021-05-14 03:00:00,1012.8,NA,5,85,NA
2021-05-14 04:00:00,1012.9,NA,4,98,NA
2021-05-14 05:00:00,1013,NA,4.2,98,NA
2021-05-14 06:00:00,1012.9,NA,5.4,92,NA
2021-05-14 07:00:00,1012.8,NA,4,100,NA
2021-05-14 08:00:00,1012.2,NA,3.8,98,NA
2021-05-14 09:00:00,1012.2,NA,4.2,98,NA
2021-05-14 10:00:00,1012,NA,4.2,98,NA
2021-05-14 11:00:00,1012,NA,4.2,98,NA
2021-05-14 13:00:00,1011.9,NA,6.1,96,NA
2021-05-14 14:00:00,1011.7,NA,8.2,98,NA
2021-05-14 16:00:00,1011,NA,9.2,90,NA
2021-05-14 17:00:00,1010.4,NA,9.2,88,NA
2021-05-14 18:00:00,1009.6,NA,10.4,81,NA
2021-05-14 19:00:00,1009,NA,10.4,86,NA
2021-05-14 20:00:00,1008.8,NA,9.6,91,NA
2021-05-14 21:00:00,1008.5,NA,9.4,93,NA
2021-05-14 22:00:00,1008.2,NA,8.4,96,NA
2021-05-14 23:00:00,1008.2,NA,8.4,94,NA
2021-05-15 03:00:00,NA,1015.3,8.6,89,NA
2021-05-15 04:00:00,NA,1014.8,8.1,93,NA
2021-05-15 05:00:00,NA,1014.2,7.7,94,NA
2021-05-15 06:00:00,NA,1013.9,6.7,97,NA
2021-05-15 07:00:00,NA,1013.4,6.4,95,NA
2021-05-15 08:00:00,NA,1013.2,6.3,97,NA
2021-05-15 09:00:00,NA,1013.2,5.5,99,NA
2021-05-15 10:00:00,NA,1013.1,5.4,100,NA
2021-05-15 11:00:00,NA,1013.2,5.8,99,NA
2021-05-15 12:00:00,NA,1013,6.5,94,NA
2021-05-15 13:00:00,NA,1013.7,7,93,NA
2021-05-15 14:00:00,NA,1014.5,7,99,NA
2021-05-15 15:00:00,NA,1014.9,7.2,99,NA
2021-05-15 16:00:00,NA,1015,8.2,99,NA
2021-05-15 17:00:00,NA,1015,8.2,100,NA
2021-05-15 18:00:00,NA,1015.3,8.7,100,NA
2021-05-15 19:00:00,NA,1015.5,9.4,99,NA
2021-05-15 20:00:00,NA,1016.5,9,96,NA
2021-05-15 21:00:00,NA,1017.2,8.9,97,NA
2021-05-15 22:00:00,NA,1017.9,8.6,99,NA
2021-05-15 23:00:00,NA,1018.8,8.4,100,NA
2021-05-16 00:00:00,1012,NA,8.2,100,NA
2021-05-16 01:00:00,1012.8,NA,8.2,98,NA
2021-05-16 02:00:00,1013.4,NA,8,100,NA
2021-05-16 03:00:00,1013.8,NA,7.8,98,NA
2021-05-16 04:00:00,1014.4,NA,7.6,98,NA
2021-05-16 05:00:00,1014.6,NA,7.6,96,NA
2021-05-16 06:00:00,1014.8,NA,7.4,96,NA
2021-05-16 07:00:00,1015.3,NA,7.2,95,NA
2021-05-16 08:00:00,1015.8,NA,7.2,95,NA
2021-05-16 09:00:00,1016.4,NA,7,98,NA
2021-05-16 10:00:00,1016.8,NA,6.6,98,NA
2021-05-16 11:00:00,1017.2,NA,6.4,98,NA
2021-05-16 12:00:00,1017.6,NA,5.6,98,NA
2021-05-16 13:00:00,1018,NA,5.2,98,NA
2021-05-16 14:00:00,1018.1,NA,6.4,98,NA
2021-05-16 15:00:00,1018.1,NA,7.6,92,NA
2021-05-16 16:00:00,1018,NA,8,90,NA
2021-05-16 17:00:00,1017.8,NA,7.6,92,NA
2021-05-16 18:00:00,1017.6,NA,7.2,98,NA
2021-05-16 19:00:00,1017.3,NA,7.5,97,NA
2021-05-16 20:00:00,1017.3,NA,7.4,99,NA
2021-05-16 21:00:00,1017.4,NA,7,98,NA
2021-05-16 22:00:00,1017.2,NA,7,100,NA
2021-05-16 23:00:00,1017,NA,6.8,98,NA
2021-05-17 03:00:00,NA,1023.1,6.8,95,NA
2021-05-17 04:00:00,NA,1022.4,6.6,99,NA
2021-05-17 05:00:00,NA,1022.2,6.8,93,NA
2021-05-17 06:00:00,NA,1021.2,6.6,99,NA
2021-05-17 07:00:00,NA,1020.7,6.6,99,NA
2021-05-17 08:00:00,NA,1020.1,6.4,95,NA
2021-05-17 09:00:00,NA,1019.1,6.4,95,NA
2021-05-17 10:00:00,NA,1018.3,6.5,91,NA
2021-05-17 11:00:00,NA,1017.7,6.7,94,NA
2021-05-17 12:00:00,NA,1017.4,7.1,92,NA
2021-05-17 13:00:00,NA,1016.8,7.1,92,NA
2021-05-17 14:00:00,NA,1016.6,7.7,92,NA
2021-05-17 15:00:00,NA,1016.1,8.6,87,NA
2021-05-17 16:00:00,NA,1015.8,9.2,83,NA
2021-05-17 17:00:00,NA,1014.7,9.7,80,NA
2021-05-17 18:00:00,NA,1012.8,10.8,70,NA
2021-05-17 19:00:00,NA,1012.3,11.2,73,NA
2021-05-17 20:00:00,NA,1012.8,11.6,71,NA
2021-05-17 21:00:00,NA,1012.8,10,76,NA
2021-05-17 22:00:00,NA,1012.5,9,86,NA
2021-05-17 23:00:00,NA,1012.7,8.8,85,NA
2021-05-18 00:00:00,1004.8,NA,8,87,NA
2021-05-18 01:00:00,1004.6,NA,8.4,85,NA
2021-05-18 02:00:00,1004.5,NA,8,84,NA
2021-05-18 03:00:00,1004.9,NA,8,87,NA
2021-05-18 04:00:00,1004.6,NA,7.8,90,NA
2021-05-18 05:00:00,1003.8,NA,7.9,89,NA
2021-05-18 06:00:00,1004.2,NA,8,96,NA
2021-05-18 07:00:00,1003.7,NA,8,97,NA
2021-05-18 08:00:00,1003.2,NA,8.5,86,NA
2021-05-18 09:00:00,1002.5,NA,8.2,90,NA
2021-05-18 10:00:00,1003,NA,8,90,NA
2021-05-18 12:00:00,1003.4,NA,8.5,89,NA
2021-05-18 13:00:00,1003.4,NA,8.7,94,NA
2021-05-18 14:00:00,1002.5,NA,10,80,NA
2021-05-18 15:00:00,1002.6,NA,11,81,NA
2021-05-18 16:00:00,1001.8,NA,11.2,79,NA
2021-05-18 17:00:00,1001.7,NA,11.6,82,NA
2021-05-18 18:00:00,1001,NA,13.6,72,NA
2021-05-18 19:00:00,1000.9,NA,13.2,74,NA
2021-05-18 20:00:00,1001,NA,13,76,NA
2021-05-18 21:00:00,1001.2,NA,12.2,82,NA
2021-05-18 22:00:00,1001,NA,11.8,84,NA
2021-05-18 23:00:00,1001.8,NA,11.4,86,NA
2021-05-19 03:00:00,NA,1010.1,11,86,NA
2021-05-19 04:00:00,NA,1010.4,10.6,89,NA
2021-05-19 05:00:00,NA,1011,11,89,NA
2021-05-19 06:00:00,NA,1011.3,10.8,91,NA
2021-05-19 07:00:00,NA,1010.8,11,91,NA
2021-05-19 08:00:00,NA,1010.8,10,96,NA
2021-05-19 09:00:00,NA,1010.5,10.2,96,NA
2021-05-19 10:00:00,NA,1011.5,10.4,96,NA
2021-05-19 11:00:00,NA,1012,10.8,94,NA
2021-05-19 12:00:00,NA,1012.4,10.6,94,NA
2021-05-19 13:00:00,NA,1012.6,9.8,99,NA
2021-05-19 14:00:00,NA,1013.3,9.4,99,NA
2021-05-19 15:00:00,NA,1013.3,10.4,96,NA
2021-05-19 16:00:00,NA,1013.2,11,99,NA
2021-05-19 17:00:00,NA,1012.9,11,99,NA
2021-05-19 18:00:00,NA,1012.6,10.8,99,NA
2021-05-19 19:00:00,NA,1012.4,10.8,99,NA
2021-05-19 20:00:00,NA,1012.6,10.6,100,NA
2021-05-19 21:00:00,NA,1012.8,10.6,100,NA
2021-05-19 22:00:00,NA,1013.1,10.5,100,NA
2021-05-19 23:00:00,NA,1013.6,9.8,100,NA
2021-05-20 00:00:00,1006.2,NA,9.4,98,NA
2021-05-20 01:00:00,1006.4,NA,9.4,98,NA
2021-05-20 02:00:00,1006.8,NA,8.8,98,NA
2021-05-20 03:00:00,1006.9,NA,8.5,100,NA
2021-05-20 04:00:00,1007.2,NA,8.4,100,NA
2021-05-20 05:00:00,1007.4,NA,8.3,100,NA
2021-05-20 06:00:00,1007.4,NA,8,100,NA
2021-05-20 07:00:00,1006.6,NA,7.9,99,NA
2021-05-20 08:00:00,1007,NA,7.8,99,NA
2021-05-20 09:00:00,1007.4,NA,7.8,99,NA
2021-05-20 10:00:00,1007.4,NA,7.6,100,NA
2021-05-20 11:00:00,1007.3,NA,7.8,98,NA
2021-05-20 12:00:00,1007.7,NA,7.3,99,NA
2021-05-20 13:00:00,1008.6,NA,7.6,97,NA
2021-05-20 16:00:00,1009,NA,8.2,91,NA
2021-05-20 17:00:00,1008.9,NA,9.4,85,NA
2021-05-20 18:00:00,1008.8,NA,10.2,83,NA
2021-05-20 19:00:00,1009,NA,10,83,NA
2021-05-20 20:00:00,1009.3,NA,9.8,88,NA
2021-05-20 21:00:00,1009.4,NA,10,85,NA
2021-05-20 22:00:00,1010.1,NA,9,88,NA
2021-05-20 23:00:00,1010.5,NA,9,82,NA
2021-05-21 03:00:00,NA,1019.3,5.6,91,NA
2021-05-21 04:00:00,NA,1019.3,5.1,97,NA
2021-05-21 05:00:00,NA,1019,4.7,97,NA
2021-05-21 06:00:00,NA,1018.7,5.2,95,NA
2021-05-21 07:00:00,NA,1019,5.8,95,NA
2021-05-21 08:00:00,NA,1018.8,5.6,95,NA
2021-05-21 09:00:00,NA,1018.8,5.2,95,NA
2021-05-21 10:00:00,NA,1018.8,5.8,90,NA
2021-05-21 11:00:00,NA,1019,5.8,97,NA
2021-05-21 12:00:00,NA,1019.1,5.4,95,NA
2021-05-21 13:00:00,NA,1019.1,6,100,NA
2021-05-21 14:00:00,NA,1019.2,6.5,99,NA
2021-05-21 15:00:00,NA,1019.4,8,96,NA
2021-05-21 16:00:00,NA,1019.2,8.8,90,NA
2021-05-21 17:00:00,NA,1018.9,9,88,NA
2021-05-21 18:00:00,NA,1018.8,9.6,88,NA
2021-05-21 19:00:00,NA,1018.7,9.7,86,NA
2021-05-21 20:00:00,NA,1018.8,9,86,NA
2021-05-21 21:00:00,NA,1019,8.6,88,NA
2021-05-21 22:00:00,NA,1019.1,7.9,89,NA
2021-05-21 23:00:00,NA,1019.4,7.9,89,NA
2021-05-22 00:00:00,1011.7,NA,6.4,94,NA
2021-05-22 01:00:00,1011.8,NA,5.2,95,NA
2021-05-22 02:00:00,1011.6,NA,3.2,98,NA
2021-05-22 03:00:00,1011.4,NA,2.6,94,NA
2021-05-22 04:00:00,1011.4,NA,2.4,94,NA
2021-05-22 05:00:00,1011.7,NA,3.2,98,NA
2021-05-22 06:00:00,1011.4,NA,3.6,95,NA
2021-05-22 08:00:00,1011,NA,4,98,NA
2021-05-22 09:00:00,1011,NA,4.2,98,NA
2021-05-22 10:00:00,1011,NA,4,100,NA
2021-05-22 11:00:00,1011.3,NA,3.8,99,NA
2021-05-22 12:00:00,1011.4,NA,3.7,100,NA
2021-05-22 13:00:00,1011.8,NA,4,100,NA
2021-05-22 14:00:00,1011.6,NA,5,98,NA
2021-05-22 15:00:00,1011.7,NA,5.6,100,NA
2021-05-22 16:00:00,1011.4,NA,6,98,NA
2021-05-22 17:00:00,1011,NA,6.2,97,NA
2021-05-22 18:00:00,1010.6,NA,6,98,NA
2021-05-22 19:00:00,1010.5,NA,6,97,NA
2021-05-22 20:00:00,1010.5,NA,5.8,92,NA
2021-05-22 21:00:00,1010.4,NA,5,92,NA
2021-05-22 22:00:00,1010.4,NA,5,88,NA
2021-05-22 23:00:00,1010.4,NA,4,91,NA
2021-05-23 03:00:00,NA,1017.5,1.2,91,NA
2021-05-23 04:00:00,NA,1016.9,0.8,90,NA
2021-05-23 05:00:00,NA,1016.3,0.6,94,NA
2021-05-23 06:00:00,NA,1015.5,-0.8,90,NA
2021-05-23 07:00:00,NA,1014.8,-1.4,94,NA
2021-05-23 08:00:00,NA,1013.9,0.1,96,NA
2021-05-23 09:00:00,NA,1013,-0.9,96,NA
2021-05-23 10:00:00,NA,1012.3,-0.4,100,NA
2021-05-23 11:00:00,NA,1011,0.2,100,NA
2021-05-23 12:00:00,NA,1009.9,1.1,100,NA
2021-05-23 13:00:00,NA,1009,3,95,NA
2021-05-23 14:00:00,NA,1007.8,4.6,89,NA
2021-05-23 15:00:00,NA,1006.5,6.2,87,NA
2021-05-23 16:00:00,NA,1004.9,7.2,84,NA
2021-05-23 17:00:00,NA,1002.8,8.6,75,NA
2021-05-23 18:00:00,NA,1001.3,9.8,71,NA
2021-05-23 19:00:00,NA,999.9,9.5,75,NA
2021-05-23 20:00:00,NA,998.8,9.6,74,NA
2021-05-23 21:00:00,NA,997.5,9.6,74,NA
2021-05-23 22:00:00,NA,996.1,10.4,71,NA
2021-05-23 23:00:00,NA,994.9,10.4,71,NA
2021-05-24 00:00:00,NA,994.1,11.2,62,NA
2021-05-24 01:00:00,NA,992.7,9.3,70,NA
2021-05-24 02:00:00,NA,991.7,9.4,70,NA
2021-05-25 03:00:00,NA,1000.6,0.9,72,NA
2021-05-25 04:00:00,NA,1001.6,1.2,71,NA
2021-05-25 05:00:00,NA,1002.8,1.4,67,NA
2021-05-25 06:00:00,NA,1003.2,0.4,79,NA
2021-05-25 07:00:00,NA,1004,0.8,74,NA
2021-05-25 08:00:00,NA,1004.1,1,70,NA
2021-05-25 09:00:00,NA,1004.8,0.8,70,NA
2021-05-25 10:00:00,NA,1005.4,0.6,72,NA
2021-05-25 11:00:00,NA,1005.6,1,69,NA
2021-05-25 12:00:00,NA,1006.1,1.4,67,NA
2021-05-25 13:00:00,NA,1006.5,2,65,NA
2021-05-25 14:00:00,NA,1006.7,3.9,52,NA
2021-05-25 15:00:00,NA,1006.7,5,44,NA
2021-05-25 16:00:00,NA,1006.7,6,46,NA
2021-05-25 17:00:00,NA,1006.2,6.7,40,NA
2021-05-25 18:00:00,NA,1005.7,7.1,42,NA
2021-05-25 19:00:00,NA,1005.5,7.3,40,NA
2021-05-25 20:00:00,NA,1005.4,7.3,40,NA
2021-05-25 21:00:00,NA,1005.4,4.8,52,NA
2021-05-25 22:00:00,NA,1005.1,3,58,NA
2021-05-25 23:00:00,NA,1005.1,2.6,59,NA
2021-05-26 00:00:00,NA,1005,2.1,60,NA
2021-05-26 01:00:00,NA,1004.8,1.4,65,NA
2021-05-26 02:00:00,NA,1004,0.8,65,NA
2021-05-27 03:00:00,NA,1001.8,-1.4,85,NA
2021-05-27 04:00:00,NA,1001.5,-1.6,88,NA
2021-05-27 05:00:00,NA,1000.8,-0.8,82,NA
2021-05-27 06:00:00,NA,999,-0.4,90,NA
2021-05-27 07:00:00,NA,998.1,-1,93,NA
2021-05-27 08:00:00,NA,997.6,-0.8,89,NA
2021-05-27 09:00:00,NA,996.3,0,90,NA
2021-05-27 10:00:00,NA,995.1,0.2,89,NA
2021-05-27 11:00:00,NA,994.2,0.4,84,NA
2021-05-27 12:00:00,NA,993.6,0.8,72,NA
2021-05-27 13:00:00,NA,993.2,0.5,83,NA
2021-05-27 14:00:00,NA,992.8,1.6,87,NA
2021-05-27 15:00:00,NA,992.6,1.5,87,NA
2021-05-27 16:00:00,NA,992.1,1.6,95,NA
2021-05-27 17:00:00,983.8,991.4,2.4,95,NA
2021-05-27 18:00:00,983.7,991.3,3.2,99,NA
2021-05-27 19:00:00,983.7,991.3,3.2,95,NA
2021-05-27 20:00:00,984.1,991.7,2.8,98,NA
2021-05-27 21:00:00,984.9,992.5,1.8,98,NA
2021-05-27 22:00:00,985.4,993.1,0.8,100,NA
2021-05-27 23:00:00,986.1,993.8,1.2,100,NA
2021-05-28 00:00:00,NA,994.6,1.6,100,NA
2021-05-28 01:00:00,NA,995.7,1.4,98,NA
2021-05-28 02:00:00,NA,996.5,1.2,98,NA
2021-05-29 00:00:00,999.8,NA,NA,NA,NA
2021-05-29 01:00:00,999.8,NA,NA,NA,NA
2021-05-29 02:00:00,999.4,NA,NA,NA,NA
2021-05-29 03:00:00,999.3,1007.1,0.4,80,NA
2021-05-29 04:00:00,999,1006.8,0.6,75,NA
2021-05-29 05:00:00,999.2,1006.9,0.7,75,NA
2021-05-29 06:00:00,998.6,1006.4,-1.2,73,NA
2021-05-29 07:00:00,998.5,1006.3,-2,70,NA
2021-05-29 08:00:00,998,1005.8,-2.2,74,NA
2021-05-29 09:00:00,998,1005.8,-1.4,69,NA
2021-05-29 10:00:00,998.1,1005.9,-0.2,77,NA
2021-05-29 11:00:00,997.8,1005.5,1.6,72,NA
2021-05-29 12:00:00,997.8,1005.6,2,66,NA
2021-05-29 13:00:00,998.2,1005.9,2.1,66,NA
2021-05-29 14:00:00,999.2,1006.9,2.4,60,NA
2021-05-29 15:00:00,999.6,1007.3,2.4,64,NA
2021-05-29 16:00:00,999.7,1007.4,3.2,68,NA
2021-05-29 17:00:00,1000,1007.7,3,75,NA
2021-05-29 18:00:00,999.6,1007.4,2.2,81,NA
2021-05-29 19:00:00,999.6,1007.4,2,84,NA
2021-05-29 20:00:00,1000.4,1008.2,2.6,77,NA
2021-05-29 21:00:00,1000.6,1008.5,1.2,83,NA
2021-05-29 22:00:00,1000.8,1008.6,-1,98,NA
2021-05-29 23:00:00,NA,1009.2,0,98,NA
2021-05-30 00:00:00,NA,1009.3,0.8,79,NA
2021-05-30 01:00:00,NA,1009.5,1,79,NA
2021-05-30 02:00:00,NA,1009.4,-0.2,100,NA
2021-05-30 23:00:00,998.1,NA,NA,NA,NA
2021-05-31 01:00:00,999,NA,NA,NA,NA
2021-05-31 02:00:00,999.4,NA,NA,NA,NA
2021-05-31 03:00:00,999.7,1007.5,-1.5,92,NA
2021-05-31 04:00:00,999.8,1007.5,0.3,85,NA
2021-05-31 05:00:00,999.8,1007.5,0.4,85,NA
2021-05-31 06:00:00,999.8,1007.5,-0.6,96,NA
2021-05-31 07:00:00,999.6,1007.3,-1.2,89,NA
2021-05-31 08:00:00,999.4,1007.2,-0.8,85,NA
2021-05-31 09:00:00,998.8,1006.6,-1.8,88,NA
2021-05-31 10:00:00,997.8,1005.7,-0.2,83,NA
2021-05-31 11:00:00,997.6,1005.4,-0.4,82,NA
2021-05-31 12:00:00,996.9,1004.7,-0.2,83,NA
2021-05-31 13:00:00,996.4,1004.2,0.4,84,NA
2021-05-31 14:00:00,NA,1003.9,1.4,74,NA
2021-05-31 15:00:00,995.4,1003.2,0,98,NA
2021-05-31 16:00:00,994.1,1001.8,0.4,92,NA
2021-05-31 17:00:00,992.8,1000.5,1.2,89,NA
2021-05-31 18:00:00,992.2,1000,1,98,NA
2021-05-31 19:00:00,NA,998.8,1.2,98,NA
2021-05-31 20:00:00,990.5,998.2,1.2,98,NA
2021-05-31 21:00:00,990.4,998.1,1,94,NA
2021-05-31 22:00:00,990,997.7,0.8,94,NA
2021-05-31 23:00:00,989.4,997.1,1,94,NA
2021-06-01 00:00:00,NA,996.7,1.2,98,NA
2021-06-01 01:00:00,NA,996.6,1.6,95,NA
2021-06-01 02:00:00,NA,996.1,1.4,100,NA
2021-06-02 00:00:00,1004,NA,NA,NA,NA
2021-06-02 01:00:00,1004.1,NA,NA,NA,NA
2021-06-02 02:00:00,1004.4,NA,NA,NA,NA
2021-06-02 03:00:00,1004.6,1012.4,-0.8,93,NA
2021-06-02 04:00:00,1004.5,1012.3,-1.8,96,NA
2021-06-02 05:00:00,1004.4,1012.2,-2.2,96,NA
2021-06-02 06:00:00,1004.4,1012.2,-1.8,92,NA
2021-06-02 07:00:00,1004.2,1012.1,-1.6,96,NA
2021-06-02 08:00:00,1003.7,1011.5,-1.6,96,NA
2021-06-02 09:00:00,1003.6,1011.4,-1,89,NA
2021-06-02 10:00:00,1003.8,1011.7,-1,91,NA
2021-06-02 11:00:00,1004,1011.8,-1.2,93,NA
2021-06-02 12:00:00,1003.8,1011.6,-1,91,NA
2021-06-02 13:00:00,1003.8,1011.7,-1.1,95,NA
2021-06-02 14:00:00,1004,1011.8,-1,93,NA
2021-06-02 15:00:00,1004.2,1012.1,-0.8,97,NA
2021-06-02 16:00:00,1004.1,1011.9,0.7,97,NA
2021-06-02 17:00:00,1003.4,1011.2,0.9,98,NA
2021-06-02 18:00:00,1003.2,1011,1.2,83,NA
2021-06-02 19:00:00,1003,1010.9,1.4,80,NA
2021-06-02 20:00:00,1003.2,1011,1.4,85,NA
2021-06-02 21:00:00,1003.4,1011.2,1,92,NA
2021-06-02 22:00:00,1003.4,1011.2,1,92,NA
2021-06-02 23:00:00,1003,1010.9,0.2,98,NA
2021-06-03 00:00:00,NA,1010.9,0,98,NA
2021-06-03 01:00:00,NA,1010.7,-0.1,98,NA
2021-06-03 02:00:00,NA,1010.4,0.2,100,NA
2021-06-04 00:00:00,993.6,NA,NA,NA,NA
2021-06-04 01:00:00,993.7,NA,NA,NA,NA
2021-06-04 02:00:00,993.8,NA,NA,NA,NA
2021-06-04 03:00:00,994.2,1001.9,0.2,90,NA
2021-06-04 04:00:00,994.4,1002.1,0.2,94,NA
2021-06-04 05:00:00,994.4,1002.1,-0.1,96,NA
2021-06-04 06:00:00,994.2,1002,-0.6,94,NA
2021-06-04 07:00:00,994.1,1001.8,-0.8,93,NA
2021-06-04 08:00:00,994.1,1001.8,-0.6,90,NA
2021-06-04 09:00:00,994.1,1001.8,-1,85,NA
2021-06-04 10:00:00,994.4,1002.2,-1.8,96,NA
2021-06-04 11:00:00,995,1002.8,-1.2,89,NA
2021-06-04 12:00:00,994.9,1002.7,-1.8,96,NA
2021-06-04 13:00:00,995.4,1003.1,-0.2,87,NA
2021-06-04 14:00:00,995.4,1003.2,0,94,NA
2021-06-04 15:00:00,995.8,1003.6,1,83,NA
2021-06-04 16:00:00,995.8,1003.6,0.8,87,NA
2021-06-04 17:00:00,995.7,1003.4,1.6,73,NA
2021-06-04 18:00:00,995.8,1003.6,1.3,81,NA
2021-06-04 19:00:00,996.2,1003.9,2.8,88,NA
2021-06-04 20:00:00,996.2,1004,1.5,89,NA
2021-06-04 21:00:00,996.6,1004.5,1,91,NA
2021-06-04 22:00:00,997.4,1005.2,0.2,94,NA
2021-06-04 23:00:00,997.4,1005.3,-0.6,100,NA
2021-06-05 00:00:00,NA,1005.8,-1.8,92,NA
2021-06-05 01:00:00,NA,1005.9,-1.2,85,NA
2021-06-05 02:00:00,NA,1006,-2.8,95,NA
2021-06-06 00:00:00,1005,NA,NA,NA,NA
2021-06-06 01:00:00,1004.6,NA,NA,NA,NA
2021-06-06 02:00:00,1004.2,NA,NA,NA,NA
2021-06-06 03:00:00,1003.8,1011.7,0.8,87,NA
2021-06-06 04:00:00,1003.4,1011.1,1.2,79,NA
2021-06-06 05:00:00,1002.6,1010.4,0.6,87,NA
2021-06-06 06:00:00,1001.8,1009.6,2,74,NA
2021-06-06 07:00:00,1001.2,1008.9,3.2,82,NA
2021-06-06 08:00:00,1000.2,1008,2,78,NA
2021-06-06 09:00:00,999.8,1007.5,1.8,77,NA
2021-06-06 10:00:00,999.2,1006.9,1,76,NA
2021-06-06 11:00:00,998.9,1006.6,1,74,NA
2021-06-06 12:00:00,998.4,1006.1,1.7,75,NA
2021-06-06 13:00:00,997.8,1005.6,2.9,73,NA
2021-06-06 14:00:00,997.4,1005.2,4.4,70,NA
2021-06-06 15:00:00,997,1004.7,5.2,68,NA
2021-06-06 16:00:00,996.4,1004,6.6,64,NA
2021-06-06 17:00:00,995.7,1003.3,6.8,62,NA
2021-06-06 18:00:00,994.9,1002.5,5.9,64,NA
2021-06-06 19:00:00,993.8,1001.4,6.3,67,NA
2021-06-06 20:00:00,993.8,1001.4,6.4,67,NA
2021-06-06 21:00:00,993.3,1000.9,6,66,NA
2021-06-06 22:00:00,992.6,1000.2,6.6,61,NA
2021-06-06 23:00:00,992.8,1000.4,6.8,63,NA
2021-06-07 00:00:00,NA,1000.1,5.9,68,NA
2021-06-07 01:00:00,NA,999.5,5.9,68,NA
2021-06-07 02:00:00,NA,999.1,5.8,72,NA
2021-06-08 00:00:00,987.4,NA,NA,NA,NA
2021-06-08 01:00:00,986,NA,NA,NA,NA
2021-06-08 02:00:00,983.4,NA,NA,NA,NA
2021-06-08 03:00:00,983,990.4,9.2,69,NA
2021-06-08 04:00:00,982.6,990.1,9.8,66,NA
2021-06-08 05:00:00,981.4,988.9,10.5,61,NA
2021-06-08 06:00:00,979.6,986.9,10.6,62,NA
2021-06-08 07:00:00,979.3,986.7,9.3,72,NA
2021-06-08 08:00:00,977,984.4,11.2,59,NA
2021-06-08 09:00:00,974.4,981.7,11.4,59,NA
2021-06-08 10:00:00,973,980.4,10.9,57,NA
2021-06-08 11:00:00,NA,979.2,10,54,NA
2021-06-08 12:00:00,NA,979.2,10.2,64,NA
2021-06-08 13:00:00,NA,980,10.8,61,NA
2021-06-08 14:00:00,NA,981,11.6,62,NA
2021-06-08 15:00:00,NA,981.5,13,47,NA
2021-06-08 16:00:00,NA,980.6,13.8,42,NA
2021-06-08 17:00:00,NA,979.7,14.2,39,NA
2021-06-08 18:00:00,NA,980.1,13.9,45,NA
2021-06-08 19:00:00,NA,980.3,14.8,36,NA
2021-06-08 20:00:00,NA,982.3,13.8,42,NA
2021-06-08 21:00:00,NA,983.9,12.4,43,NA
2021-06-08 22:00:00,NA,984.9,10.8,53,NA
2021-06-08 23:00:00,NA,985.9,10.2,52,NA
2021-06-09 00:00:00,NA,987.1,9.9,53,NA
2021-06-09 01:00:00,NA,987.9,9.2,55,NA
2021-06-09 02:00:00,NA,989.7,8.1,57,NA
2021-06-10 00:00:00,991.8,NA,NA,NA,NA
2021-06-10 01:00:00,992.5,NA,NA,NA,NA
2021-06-10 02:00:00,994.1,NA,NA,NA,NA
2021-06-10 03:00:00,995.6,1003.2,5.2,58,NA
2021-06-10 04:00:00,996.4,1003.9,4.8,58,NA
2021-06-10 05:00:00,997.3,1004.8,4.6,58,NA
2021-06-10 06:00:00,998.6,1006.2,4.6,58,NA
2021-06-10 07:00:00,NA,1007.1,5.4,56,NA
2021-06-10 08:00:00,1000.6,1008.2,5.8,57,NA
2021-06-10 09:00:00,1001.6,1009.2,4.6,64,NA
2021-06-10 10:00:00,1002.8,1010.5,3.6,67,NA
2021-06-10 11:00:00,1004,1011.7,2.8,71,NA
2021-06-10 12:00:00,1004.8,1012.5,2.2,74,NA
2021-06-10 13:00:00,1005.6,1013.3,2.8,77,NA
2021-06-10 14:00:00,1005.7,1013.4,5.2,71,NA
2021-06-10 15:00:00,1006.1,1013.8,7.1,66,NA
2021-06-10 16:00:00,1005.3,1012.9,8.2,59,NA
2021-06-10 17:00:00,1004.6,1012.2,8.7,53,NA
2021-06-10 18:00:00,1003.8,1011.4,8.9,47,NA
2021-06-10 19:00:00,1002.6,1010.3,8,55,NA
2021-06-10 20:00:00,1001.4,1009,6.4,65,NA
2021-06-10 21:00:00,1000.1,1007.7,5.7,70,NA
2021-06-10 22:00:00,998.6,1006.2,5.5,72,NA
2021-06-10 23:00:00,997,1004.6,6.2,62,NA
2021-06-11 00:00:00,NA,1003.5,5.2,71,NA
2021-06-11 01:00:00,NA,1002,5.2,86,NA
2021-06-11 02:00:00,NA,1000.3,5,86,NA
2021-06-12 00:00:00,983.7,NA,NA,NA,NA
2021-06-12 01:00:00,982.6,NA,NA,NA,NA
2021-06-12 02:00:00,981.2,NA,NA,NA,NA
2021-06-12 03:00:00,981.4,988.8,8.6,80,NA
2021-06-12 04:00:00,980.1,987.5,9.2,78,NA
2021-06-12 05:00:00,981,988.4,10,68,NA
2021-06-12 06:00:00,981.4,988.8,9.8,63,NA
2021-06-12 07:00:00,982.8,990.2,9.4,61,NA
2021-06-12 08:00:00,983.6,991,7.9,57,NA
2021-06-12 09:00:00,984.1,991.5,5.9,70,NA
2021-06-12 10:00:00,984.6,992.2,5.6,66,NA
2021-06-12 11:00:00,985,992.6,5.6,62,NA
2021-06-12 12:00:00,985.4,993,5.4,62,NA
2021-06-12 13:00:00,986.1,993.6,6.4,55,NA
2021-06-12 14:00:00,987.4,994.9,7.2,54,NA
2021-06-12 15:00:00,NA,995.5,9.2,46,NA
2021-06-12 16:00:00,990.4,997.8,10.1,43,NA
2021-06-12 17:00:00,990.2,997.7,10.2,41,NA
2021-06-12 18:00:00,991.3,998.7,9.9,41,NA
2021-06-12 19:00:00,992.5,1000,10,43,NA
2021-06-12 20:00:00,993.8,1001.3,8.9,44,NA
2021-06-12 21:00:00,994.9,1002.5,7,57,NA
2021-06-12 22:00:00,995.7,1003.3,6,60,NA
2021-06-12 23:00:00,996.2,1003.9,5.2,68,NA
2021-06-13 00:00:00,NA,1004.4,4.8,66,NA
2021-06-13 01:00:00,NA,1004.6,4.5,59,NA
2021-06-13 02:00:00,NA,1005.2,4.2,57,NA
2021-06-14 00:00:00,1009.3,NA,NA,NA,NA
2021-06-14 01:00:00,1009.8,NA,NA,NA,NA
2021-06-14 02:00:00,1010.6,NA,NA,NA,NA
2021-06-14 03:00:00,1011.2,1019,0.8,79,NA
2021-06-14 04:00:00,1011.7,1019.5,0.6,75,NA
2021-06-14 05:00:00,1012,1019.8,0.4,79,NA
2021-06-14 06:00:00,1012,1019.8,1,72,NA
2021-06-14 07:00:00,1012.2,1020,-0.6,82,NA
2021-06-14 08:00:00,1012.2,1020,1.8,70,NA
2021-06-14 09:00:00,1012,1019.8,2,66,NA
2021-06-14 10:00:00,1012.4,1020.2,3,61,NA
2021-06-14 11:00:00,1012.5,1020.3,3.2,58,NA
2021-06-14 12:00:00,1013,1020.8,4.1,54,NA
2021-06-14 13:00:00,1013.4,1021.2,2.4,64,NA
2021-06-14 14:00:00,1014.6,1022.5,2.4,77,NA
2021-06-14 15:00:00,1015,1022.8,3.6,82,NA
2021-06-14 16:00:00,1015.2,1022.9,4.6,70,NA
2021-06-14 17:00:00,1015.3,1023.1,5.1,65,NA
2021-06-14 18:00:00,1015.7,1023.6,4.6,70,NA
2021-06-14 19:00:00,1016.4,1024.2,4.4,73,NA
2021-06-14 20:00:00,1017.3,1025.2,4,69,NA
2021-06-14 21:00:00,1018,1025.9,3.6,69,NA
2021-06-14 22:00:00,1019.2,1027.1,3,71,NA
2021-06-14 23:00:00,1019.6,1027.4,2.6,74,NA
2021-06-15 00:00:00,NA,1029.1,1,83,NA
2021-06-15 01:00:00,NA,1029.5,1.2,79,NA
2021-06-15 02:00:00,NA,1030.4,1,83,NA
2021-06-16 03:00:00,NA,1032.7,0,90,NA
2021-06-16 04:00:00,NA,1032.7,-1.9,92,NA
2021-06-16 05:00:00,NA,1033.2,-2.5,98,NA
2021-06-16 06:00:00,NA,1032.8,-2.6,98,NA
2021-06-16 07:00:00,NA,1033,-3,98,NA
2021-06-16 08:00:00,NA,1032.9,-3.3,98,NA
2021-06-16 09:00:00,NA,1033,-3.2,93,NA
2021-06-16 10:00:00,NA,1033.2,-3,93,NA
2021-06-16 11:00:00,NA,1033,-3.4,93,NA
2021-06-16 12:00:00,NA,1033.2,-4,98,NA
2021-06-16 13:00:00,NA,1033.5,-2,84,NA
2021-06-16 14:00:00,NA,1033.7,0.2,79,NA
2021-06-16 15:00:00,1025.7,1033.6,3,55,NA
2021-06-16 16:00:00,1025.4,1033.3,5,62,NA
2021-06-16 17:00:00,1024.8,1032.7,6.2,55,NA
2021-06-16 18:00:00,1024.5,1032.4,5,74,NA
2021-06-16 19:00:00,1024.2,1032.1,6.2,53,NA
2021-06-16 20:00:00,1024.1,1032,6,69,NA
2021-06-16 21:00:00,1024.4,1032.4,1.8,80,NA
2021-06-16 22:00:00,1024.5,1032.5,-0.4,86,NA
2021-06-16 23:00:00,1024.4,1032.3,-0.2,86,NA
2021-06-17 00:00:00,NA,1032.1,-0.2,86,NA
2021-06-17 01:00:00,NA,1031.9,0,82,NA
2021-06-17 02:00:00,NA,1031.9,-0.1,84,NA
2021-06-18 00:00:00,1015.3,NA,NA,NA,NA
2021-06-18 01:00:00,1015.4,NA,NA,NA,NA
2021-06-18 02:00:00,1015.2,NA,NA,NA,NA
2021-06-18 03:00:00,1014.8,1022.6,3.2,NA,NA
2021-06-18 04:00:00,1014.5,1022.3,3.4,NA,NA
2021-06-18 05:00:00,1014.4,1022.2,2,46,NA
2021-06-18 06:00:00,1013.8,1021.8,1.8,42,NA
2021-06-18 07:00:00,1013.3,1021.1,1.8,42,NA
2021-06-18 08:00:00,1012.5,1020.4,0.8,50,NA
2021-06-18 09:00:00,1012,1019.7,1.2,47,NA
2021-06-18 10:00:00,1011.6,1019.4,0.2,48,NA
2021-06-18 11:00:00,1011.7,1019.5,-0.6,62,NA
2021-06-18 12:00:00,1011.6,1019.4,-0.2,59,NA
2021-06-18 13:00:00,1011.3,1019.1,0.4,56,NA
2021-06-18 14:00:00,1010.8,1018.6,2.6,44,NA
2021-06-18 15:00:00,1010.8,1018.6,4.2,43,NA
2021-06-18 16:00:00,1010.2,1018,6.2,36,NA
2021-06-18 17:00:00,1009.6,1017.3,7,30,NA
2021-06-18 18:00:00,1008.8,1016.5,7.3,35,NA
2021-06-18 19:00:00,1008.2,1016,7.2,41,NA
2021-06-18 20:00:00,1008.2,1015.9,6.8,44,NA
2021-06-18 21:00:00,1008.2,1016.1,3.5,61,NA
2021-06-18 22:00:00,1007.7,1015.5,3.9,61,NA
2021-06-18 23:00:00,1007.7,1015.5,4.1,56,NA
2021-06-19 00:00:00,NA,1015.4,3.6,61,NA
2021-06-19 01:00:00,NA,1015,3.4,57,NA
2021-06-19 02:00:00,NA,1014.6,2.2,63,NA
2021-06-19 23:00:00,1003.8,NA,NA,NA,NA
2021-06-20 01:00:00,1004.6,NA,NA,NA,NA
2021-06-20 02:00:00,1004.6,NA,NA,NA,NA
2021-06-20 03:00:00,1005.8,1013.6,2.2,68,NA
2021-06-20 04:00:00,1006.1,1013.9,0.9,75,NA
2021-06-20 05:00:00,1006.2,1014.1,-0.1,82,NA
2021-06-20 06:00:00,1006.1,1013.8,0.6,79,NA
2021-06-20 07:00:00,1005.8,1013.6,-0.8,83,NA
2021-06-20 08:00:00,1005.7,1013.5,-2.2,89,NA
2021-06-20 09:00:00,1005,1012.9,-2.3,91,NA
2021-06-20 10:00:00,1005,1012.7,0.6,72,NA
2021-06-20 11:00:00,1004.9,1012.6,0.4,67,NA
2021-06-20 12:00:00,1004.6,1012.4,1.2,67,NA
2021-06-20 13:00:00,1004.5,1012.2,4,63,NA
2021-06-20 14:00:00,1003.8,1011.5,4,60,NA
2021-06-20 15:00:00,1003.4,1011.2,4.4,61,NA
2021-06-20 16:00:00,1002.6,1010.4,5,56,NA
2021-06-20 17:00:00,1002.2,1009.9,6.6,53,NA
2021-06-20 18:00:00,1000.6,1008.2,9.6,38,NA
2021-06-20 19:00:00,1000,1007.6,10.4,39,NA
2021-06-20 20:00:00,999.6,1007.3,6.4,53,NA
2021-06-20 21:00:00,999.7,1007.4,4.6,61,NA
2021-06-20 22:00:00,999,1006.8,4.2,65,NA
2021-06-20 23:00:00,997.7,1005.4,4.7,65,NA
2021-06-21 00:00:00,NA,1005.1,3.3,73,NA
2021-06-21 01:00:00,NA,1004.6,3,78,NA
2021-06-21 02:00:00,NA,1003.8,2.9,78,NA
2021-06-22 00:00:00,999.3,NA,NA,NA,NA
2021-06-22 01:00:00,999.8,NA,NA,NA,NA
2021-06-22 02:00:00,1000.2,NA,NA,NA,NA
2021-06-22 03:00:00,1001.2,1008.8,2.2,89,NA
2021-06-22 04:00:00,1001.8,1009.5,1.2,91,NA
2021-06-22 05:00:00,1003,1010.6,1.4,91,NA
2021-06-22 06:00:00,1003.6,1011.2,1.4,91,NA
2021-06-22 07:00:00,1003.4,1011.1,1.5,89,NA
2021-06-22 08:00:00,1003.7,1011.4,1.3,91,NA
2021-06-22 09:00:00,1003.8,1011.5,1.4,87,NA
2021-06-22 10:00:00,1004,1011.7,0.2,87,NA
2021-06-22 11:00:00,1004.2,1012,0,82,NA
2021-06-22 12:00:00,1004.2,1012.1,0.2,73,NA
2021-06-22 13:00:00,1004.8,1012.6,1.5,74,NA
2021-06-22 14:00:00,1004.9,1012.6,2,75,NA
2021-06-22 15:00:00,NA,1012.9,3.6,69,NA
2021-06-22 16:00:00,NA,1012.4,5,60,NA
2021-06-22 17:00:00,NA,1011.8,6.1,57,NA
2021-06-22 18:00:00,NA,1011.3,6.9,54,NA
2021-06-22 19:00:00,NA,1010.7,6.1,59,NA
2021-06-22 20:00:00,NA,1010.6,4.6,69,NA
2021-06-22 21:00:00,NA,1010.3,3.5,70,NA
2021-06-22 22:00:00,NA,1010.1,2.2,75,NA
2021-06-22 23:00:00,NA,1010.4,2,77,NA
2021-06-23 00:00:00,NA,1010,2.8,71,NA
2021-06-23 01:00:00,NA,1009.7,4,59,NA
2021-06-23 02:00:00,NA,1009.2,2.6,67,NA
2021-06-24 00:00:00,994.6,NA,NA,NA,NA
2021-06-24 01:00:00,994.2,NA,NA,NA,NA
2021-06-24 02:00:00,993.3,NA,NA,NA,NA
2021-06-24 03:00:00,992.6,1000.3,0.1,89,NA
2021-06-24 04:00:00,992,999.7,0,90,NA
2021-06-24 05:00:00,990.8,998.4,-0.4,94,NA
2021-06-24 06:00:00,989.6,997.2,1.2,91,NA
2021-06-24 07:00:00,988.4,996,0.6,94,NA
2021-06-24 08:00:00,986.8,994.4,0.8,90,NA
2021-06-24 09:00:00,985.8,993.4,0.8,90,NA
2021-06-24 10:00:00,984.6,992.3,0.5,87,NA
2021-06-24 11:00:00,983.6,991.2,2,75,NA
2021-06-24 12:00:00,983,990.6,1.6,82,NA
2021-06-24 13:00:00,982.2,989.8,1.8,78,NA
2021-06-24 14:00:00,981.3,988.9,5.1,63,NA
2021-06-24 15:00:00,NA,988.5,5.8,62,NA
2021-06-24 16:00:00,979.8,987.3,7.6,56,NA
2021-06-24 17:00:00,978.9,986.4,9,51,NA
2021-06-24 18:00:00,979,986.5,9.4,50,NA
2021-06-24 19:00:00,979.7,987.2,9.8,45,NA
2021-06-24 20:00:00,980.9,988.4,8.5,45,NA
2021-06-24 21:00:00,981.7,989.2,7.8,45,NA
2021-06-24 22:00:00,982.5,990,6.6,50,NA
2021-06-24 23:00:00,983.6,991.2,4.8,58,NA
2021-06-25 00:00:00,NA,991.9,4.7,55,NA
2021-06-25 01:00:00,NA,991.8,4.4,48,NA
2021-06-25 02:00:00,NA,992.4,4,47,NA
2021-06-26 00:00:00,1003,NA,NA,NA,NA
2021-06-26 01:00:00,1003.7,NA,NA,NA,NA
2021-06-26 02:00:00,1005.8,NA,NA,NA,NA
2021-06-26 03:00:00,1006.4,1014.2,2.8,74,NA
2021-06-26 04:00:00,1007.8,1015.6,2.3,74,NA
2021-06-26 05:00:00,1009.3,1017.1,1.9,78,NA
2021-06-26 06:00:00,NA,1018.1,2.3,79,NA
2021-06-26 07:00:00,1012,1019.8,2,82,NA
2021-06-26 08:00:00,1012.6,1020.4,1.8,80,NA
2021-06-26 09:00:00,1014,1021.8,2.2,84,NA
2021-06-26 10:00:00,NA,1022.9,1.6,86,NA
2021-06-26 11:00:00,NA,1024,2,84,NA
2021-06-26 12:00:00,NA,1025.1,1.8,84,NA
2021-06-26 13:00:00,NA,1026.7,2,80,NA
2021-06-26 14:00:00,NA,1027.8,2.2,81,NA
2021-06-26 15:00:00,NA,1028.7,3.6,74,NA
2021-06-26 16:00:00,NA,1029.1,4.2,73,NA
2021-06-26 17:00:00,NA,1029.2,4.7,73,NA
2021-06-26 18:00:00,NA,1029.1,5.2,71,NA
2021-06-26 19:00:00,NA,1029.4,5.4,70,NA
2021-06-26 20:00:00,NA,1030.3,4,72,NA
2021-06-26 21:00:00,NA,1030.3,1.2,79,NA
2021-06-26 22:00:00,NA,1030.7,-1,92,NA
2021-06-26 23:00:00,NA,1030.7,-1.1,92,NA
2021-06-27 00:00:00,NA,1031.1,-1.4,90,NA
2021-06-27 01:00:00,NA,1031,-0.4,86,NA
2021-06-27 02:00:00,NA,1030.3,1,81,NA
2021-06-28 03:00:00,NA,1022.3,5.2,42,NA
2021-06-28 04:00:00,NA,1022.1,6.5,35,NA
2021-06-28 05:00:00,NA,1022.1,5.6,41,NA
2021-06-28 06:00:00,NA,1021.5,5,41,NA
2021-06-28 07:00:00,NA,1021.3,5.2,39,NA
2021-06-28 08:00:00,NA,1021.1,5,41,NA
2021-06-28 09:00:00,NA,1020.9,5.2,36,NA
2021-06-28 10:00:00,NA,1021.1,5.3,35,NA
2021-06-28 11:00:00,NA,1021.4,4.9,35,NA
2021-06-28 12:00:00,NA,1021.2,3.4,46,NA
2021-06-28 13:00:00,NA,1021.1,5.1,35,NA
2021-06-28 14:00:00,NA,1021.5,5.6,40,NA
2021-06-28 15:00:00,NA,1021.8,6.7,36,NA
2021-06-28 16:00:00,NA,1021.4,12.4,29,NA
2021-06-28 17:00:00,NA,1021.3,13.1,40,NA
2021-06-28 18:00:00,NA,1022,11.2,47,NA
2021-06-28 19:00:00,NA,1022,9.8,53,NA
2021-06-28 20:00:00,NA,1022.9,8.8,52,NA
2021-06-28 21:00:00,NA,1023.8,8,56,NA
2021-06-28 22:00:00,NA,1024.8,5.8,72,NA
2021-06-28 23:00:00,NA,1025,5.6,66,NA
2021-06-29 00:00:00,NA,1025,3,78,NA
2021-06-29 01:00:00,NA,1025.2,2.4,77,NA
2021-06-29 02:00:00,NA,1025.5,2,80,NA
2021-06-30 00:00:00,998.6,NA,NA,NA,NA
2021-06-30 01:00:00,997.7,NA,NA,NA,NA
2021-06-30 02:00:00,996.4,NA,NA,NA,NA
2021-06-30 03:00:00,996,1003.6,5,47,NA
2021-06-30 04:00:00,995.4,1003.1,8,31,NA
2021-06-30 05:00:00,995,1002.7,8.2,26,NA
2021-06-30 06:00:00,995,1002.6,7,35,NA
2021-06-30 07:00:00,994.9,1002.5,6.8,37,NA
2021-06-30 08:00:00,994.9,1002.5,7,38,NA
2021-06-30 09:00:00,995,1002.6,6.6,45,NA
2021-06-30 10:00:00,995.8,1003.3,8.6,41,NA
2021-06-30 11:00:00,995.4,1003.1,7.6,47,NA
2021-06-30 12:00:00,995.8,1003.5,7.4,53,NA
2021-06-30 13:00:00,996.1,1003.7,6.8,59,NA
2021-06-30 14:00:00,996.2,1003.9,2.9,74,NA
2021-06-30 15:00:00,996.4,1004,4.9,69,NA
2021-06-30 16:00:00,996.2,1003.7,6.8,65,NA
2021-06-30 17:00:00,995.4,1002.9,8.6,60,NA
2021-06-30 18:00:00,994.9,1002.4,9,61,NA
2021-06-30 19:00:00,994,1001.5,8.5,68,NA
2021-06-30 20:00:00,993.8,1001.4,8,58,NA
2021-06-30 21:00:00,993.4,1000.9,6.8,59,NA
2021-06-30 22:00:00,993.3,1000.8,4.8,67,NA
2021-06-30 23:00:00,993,1000.6,2.6,77,NA
2021-07-01 00:00:00,NA,1000.4,3.5,75,NA
2021-07-01 01:00:00,NA,1000,3.1,78,NA
2021-07-01 02:00:00,NA,999.5,3.8,74,NA
