2021-01-07 00:00:00,985.2,NA,NA,NA,NA
2021-01-07 12:00:00,993.8,1007.1,11,59,NA
2021-01-07 13:00:00,993.6,1006.8,13.6,45,NA
2021-01-07 14:00:00,993.6,1006.8,15.4,39,NA
2021-01-07 15:00:00,993,1006.2,16.9,34,NA
2021-01-07 16:00:00,993,1006.2,18.4,25,NA
2021-01-07 17:00:00,992.2,1005.4,19.4,26,NA
2021-01-07 18:00:00,991.8,1005,21.4,22,NA
2021-01-07 19:00:00,991.2,1004.3,22.4,20,NA
2021-01-07 20:00:00,991,1004.1,22.2,20,NA
2021-01-07 21:00:00,990.8,1003.9,21.5,20,NA
2021-01-07 22:00:00,991.1,1004.3,19.2,26,NA
2021-01-07 23:00:00,NA,1004.2,18.5,26,NA
2021-01-08 00:00:00,NA,1004,17.8,27,NA
2021-01-09 00:00:00,984,NA,NA,NA,NA
2021-01-09 12:00:00,978.2,991.1,15.4,30,NA
2021-01-09 13:00:00,977.3,990.1,15.4,32,NA
2021-01-09 14:00:00,976.6,989.5,15.8,33,NA
2021-01-09 15:00:00,975.4,988.4,17.2,29,NA
2021-01-09 16:00:00,974.8,987.7,16.8,31,NA
2021-01-09 17:00:00,974.2,987.1,18,27,NA
2021-01-09 18:00:00,973.2,986,19,27,NA
2021-01-09 19:00:00,971.6,984.4,20.1,28,NA
2021-01-09 20:00:00,970,982.7,19.9,26,NA
2021-01-09 21:00:00,968.8,981.6,19,27,NA
2021-01-09 22:00:00,967.8,980.7,18.1,29,NA
2021-01-09 23:00:00,967.4,980.2,16.9,35,NA
2021-01-10 00:00:00,NA,980,16.2,22,NA
2021-01-11 00:00:00,977.4,NA,NA,NA,NA
2021-01-11 12:00:00,991.7,1005,8.3,49,NA
2021-01-11 13:00:00,992.1,1005.5,9.6,41,NA
2021-01-11 14:00:00,992.2,1005.7,10.9,38,NA
2021-01-11 15:00:00,992.1,1005.5,12.5,31,NA
2021-01-11 16:00:00,991.8,1005.2,13.3,27,NA
2021-01-11 17:00:00,991.2,1004.5,14.9,23,NA
2021-01-11 18:00:00,990.6,1003.9,15.9,19,NA
2021-01-11 19:00:00,990.5,1003.8,15.8,18,NA
2021-01-11 20:00:00,989.8,1003.2,16.4,14,NA
2021-01-11 21:00:00,989.4,1002.7,14.4,20,NA
2021-01-11 22:00:00,989,1002.3,14.2,18,NA
2021-01-11 23:00:00,988.4,1001.7,14.9,20,NA
2021-01-12 00:00:00,NA,1001.1,14.5,25,NA
2021-01-13 00:00:00,1000.6,NA,NA,NA,NA
2021-01-13 12:00:00,1003.3,1016.7,12.9,45,NA
2021-01-13 13:00:00,1002.2,1015.8,15.5,41,NA
2021-01-13 14:00:00,1001.8,1015.2,17.6,34,NA
2021-01-13 15:00:00,1001,1014.5,19.5,26,NA
2021-01-13 16:00:00,1000.5,1013.7,21.7,19,NA
2021-01-13 17:00:00,999.6,1012.8,22.7,18,NA
2021-01-13 18:00:00,998.2,1011.4,22.6,19,NA
2021-01-13 19:00:00,997.7,1010.9,23.8,18,NA
2021-01-13 20:00:00,997.2,1010.4,24.6,14,NA
2021-01-13 21:00:00,996.4,1009.6,25,16,NA
2021-01-13 22:00:00,996,1009.1,25,17,NA
2021-01-13 23:00:00,996.1,1009.2,24.9,15,NA
2021-01-14 00:00:00,NA,1009.1,21.2,30,NA
2021-01-15 00:00:00,997.6,NA,NA,NA,NA
2021-01-15 12:00:00,1000,1013.3,11.7,81,NA
2021-01-15 13:00:00,999.7,1013,12.7,75,NA
2021-01-15 14:00:00,999.8,1013.1,13.2,74,NA
2021-01-15 15:00:00,1000,1013.3,14.1,71,NA
2021-01-15 16:00:00,1000.1,1013.5,13.7,80,NA
2021-01-15 17:00:00,999.8,1013.2,15.3,62,NA
2021-01-15 18:00:00,999.7,1013,16.7,50,NA
2021-01-15 19:00:00,999.8,1013.1,17.6,48,NA
2021-01-15 20:00:00,1000,1013.3,16.6,50,NA
2021-01-15 21:00:00,NA,1013.2,16.2,53,NA
2021-01-15 22:00:00,1000.1,1013.4,15.4,50,NA
2021-01-15 23:00:00,1000.2,1013.6,15,49,NA
2021-01-16 00:00:00,NA,1014.4,14.1,55,NA
2021-01-17 00:00:00,997.7,NA,NA,NA,NA
2021-01-17 12:00:00,996.8,1010,14.4,66,NA
2021-01-17 13:00:00,995.4,1008.7,15.7,57,NA
2021-01-17 14:00:00,994.5,1007.7,16.5,54,NA
2021-01-17 15:00:00,993.4,1006.6,17.7,51,NA
2021-01-17 16:00:00,990.8,1003.9,19.6,34,NA
2021-01-17 17:00:00,NA,1002.9,19.6,38,NA
2021-01-17 18:00:00,NA,1002,18,48,NA
2021-01-17 19:00:00,NA,1001.1,18.6,45,NA
2021-01-17 20:00:00,NA,999.2,19.3,40,NA
2021-01-17 21:00:00,NA,998,22.8,31,NA
2021-01-17 22:00:00,NA,996.9,25.2,26,NA
2021-01-17 23:00:00,NA,996.7,25,24,NA
2021-01-18 00:00:00,NA,997.2,23.6,26,NA
2021-01-19 12:00:00,NA,1012.6,15.4,56,NA
2021-01-19 13:00:00,NA,1012.8,16.6,37,NA
2021-01-19 14:00:00,NA,1012.9,17.5,31,NA
2021-01-19 15:00:00,NA,1013,17.8,37,NA
2021-01-19 16:00:00,NA,1012.6,18,39,NA
2021-01-19 17:00:00,NA,1011.9,19.2,37,NA
2021-01-19 18:00:00,NA,1011.3,19.2,40,NA
2021-01-19 19:00:00,NA,1010.3,20.4,37,NA
2021-01-19 20:00:00,NA,1009.2,21.2,35,NA
2021-01-19 21:00:00,NA,1009.1,19.7,37,NA
2021-01-19 22:00:00,NA,1008.1,18.5,44,NA
2021-01-19 23:00:00,NA,1007.7,16.2,57,NA
2021-01-20 00:00:00,NA,1007.5,15.9,66,NA
2021-01-21 12:00:00,NA,1006.9,14.4,66,NA
2021-01-21 13:00:00,NA,1006.6,16,55,NA
2021-01-21 14:00:00,NA,1005.4,18,48,NA
2021-01-21 15:00:00,NA,1004.7,20.3,34,NA
2021-01-21 16:00:00,NA,1003.1,23.4,22,NA
2021-01-21 17:00:00,NA,1002,24,24,NA
2021-01-21 18:00:00,NA,1001.7,24,19,NA
2021-01-21 19:00:00,NA,1001.5,25.6,19,NA
2021-01-21 20:00:00,NA,1000.8,25.2,20,NA
2021-01-21 21:00:00,NA,1001.2,25.6,17,NA
2021-01-21 22:00:00,NA,1002.5,20.6,31,NA
2021-01-21 23:00:00,NA,1003.6,19.2,31,NA
2021-01-22 00:00:00,NA,1004.2,17.2,49,NA
2021-01-23 12:00:00,NA,1010.3,9.2,69,NA
2021-01-23 13:00:00,NA,1010.3,10.6,59,NA
2021-01-23 14:00:00,NA,1011.1,12.5,50,NA
2021-01-23 15:00:00,NA,1010.2,15.5,31,NA
2021-01-23 16:00:00,NA,1009.6,17.2,27,NA
2021-01-23 17:00:00,NA,1008.9,18.5,23,NA
2021-01-23 18:00:00,NA,1008.8,19.6,18,NA
2021-01-23 19:00:00,NA,1008.6,20.2,21,NA
2021-01-23 20:00:00,NA,1008.1,21.4,17,NA
2021-01-23 21:00:00,NA,1007.7,21,17,NA
2021-01-23 22:00:00,NA,1007,21.6,21,NA
2021-01-23 23:00:00,NA,1007,21.5,22,NA
2021-01-24 00:00:00,NA,1007.3,19.4,38,NA
2021-01-25 12:00:00,NA,994,9.8,42,NA
2021-01-25 13:00:00,NA,994.3,11.7,39,NA
2021-01-25 14:00:00,NA,993.7,13.8,31,NA
2021-01-25 15:00:00,NA,993.4,13.7,26,NA
2021-01-25 16:00:00,NA,993,14.1,21,NA
2021-01-25 17:00:00,NA,992.6,14.9,14,NA
2021-01-25 18:00:00,NA,992.5,17.3,13,NA
2021-01-25 19:00:00,NA,992.5,18,11,NA
2021-01-25 20:00:00,NA,992.4,16,15,NA
2021-01-25 21:00:00,NA,992.6,15.6,15,NA
2021-01-25 22:00:00,NA,993.6,13.2,38,NA
2021-01-25 23:00:00,NA,995.1,13.6,23,NA
2021-01-26 00:00:00,NA,996.2,12.2,28,NA
2021-01-26 15:00:00,987.4,NA,15.3,16,NA
2021-01-26 16:00:00,987.4,NA,15.8,17,NA
2021-01-26 17:00:00,986.9,NA,16,13,NA
2021-01-26 18:00:00,987,NA,15.8,17,NA
2021-01-26 19:00:00,987.4,NA,15.8,15,NA
2021-01-26 20:00:00,988.1,NA,14.2,16,NA
2021-01-27 12:00:00,NA,1003.4,10,43,NA
2021-01-27 13:00:00,NA,1003,11.5,38,NA
2021-01-27 14:00:00,NA,1002.5,12.5,34,NA
2021-01-27 15:00:00,NA,1001.9,13.9,26,NA
2021-01-27 16:00:00,NA,1001.1,14.8,24,NA
2021-01-27 17:00:00,NA,1000.2,14.6,20,NA
2021-01-27 18:00:00,NA,1000.4,11.9,41,NA
2021-01-27 19:00:00,NA,999.5,12.8,37,NA
2021-01-27 21:00:00,NA,998.8,13.8,33,NA
2021-01-27 22:00:00,NA,998.5,13.8,32,NA
2021-01-27 23:00:00,NA,998.7,13.2,34,NA
2021-01-28 00:00:00,NA,998.6,12.4,40,NA
2021-01-29 12:00:00,NA,1003.8,7.9,50,NA
2021-01-29 13:00:00,NA,1003.8,8.1,52,NA
2021-01-29 14:00:00,NA,1004.1,9.3,40,NA
2021-01-29 15:00:00,NA,1004.4,9.1,44,NA
2021-01-29 16:00:00,NA,1004.4,10.7,40,NA
2021-01-29 17:00:00,NA,1004.4,11.3,26,NA
2021-01-29 18:00:00,NA,1004.5,12.7,34,NA
2021-01-29 19:00:00,NA,1005,11.4,38,NA
2021-01-29 20:00:00,NA,1005.2,12.2,34,NA
2021-01-29 21:00:00,NA,1005.5,12,34,NA
2021-01-29 22:00:00,NA,1006.3,11.4,36,NA
2021-01-29 23:00:00,NA,1006.7,11.4,40,NA
2021-01-30 00:00:00,NA,1007.5,11.6,38,NA
2021-01-31 00:00:00,1002.2,NA,NA,NA,NA
2021-01-31 12:00:00,1002.6,1016,13.7,52,NA
2021-01-31 13:00:00,1002.2,1015.6,15.6,42,NA
2021-01-31 14:00:00,1001.4,1014.7,17.4,37,NA
2021-01-31 15:00:00,1000.8,1014,19.3,32,NA
2021-01-31 16:00:00,999.8,1013.1,21.4,25,NA
2021-01-31 17:00:00,999,1012.2,23.5,23,NA
2021-01-31 18:00:00,998,1011.2,23.9,23,NA
2021-01-31 19:00:00,NA,1010.3,25.3,17,NA
2021-01-31 20:00:00,997.2,1010.3,25.3,17,NA
2021-01-31 21:00:00,995.3,1008.4,26.9,13,NA
2021-01-31 22:00:00,994.6,1007.8,26.5,14,NA
2021-01-31 23:00:00,994.4,1007.4,26,15,NA
2021-02-01 00:00:00,994.5,1007.5,22.9,15,NA
2021-02-02 00:00:00,995.4,NA,NA,NA,NA
2021-02-02 11:00:00,999,1012.3,12.3,56,NA
2021-02-02 12:00:00,999.3,1012.3,16.9,35,NA
2021-02-02 13:00:00,999,1012.3,19.5,21,NA
2021-02-02 14:00:00,998.2,1011.5,NA,NA,NA
2021-02-02 15:00:00,997.6,1010.6,24.2,8,NA
2021-02-02 16:00:00,996.6,1009.7,25.1,6,NA
2021-02-02 17:00:00,NA,1008.7,27.9,21,NA
2021-02-02 18:00:00,995,1007.9,29.2,23,NA
2021-02-02 19:00:00,994.2,1007.2,30.2,20,NA
2021-02-02 20:00:00,993.8,1006.8,30.4,20,NA
2021-02-02 21:00:00,993.6,1006.4,31.2,19,NA
2021-02-02 22:00:00,993.6,1006.5,28.8,22,NA
2021-02-02 23:00:00,994.1,1007,28,20,NA
2021-02-03 00:00:00,NA,1007.2,26.4,27,NA
2021-02-04 00:00:00,1003.7,NA,NA,NA,NA
2021-02-04 12:00:00,998.9,1012,16.4,53,NA
2021-02-04 13:00:00,998.6,1011.8,18,47,NA
2021-02-04 14:00:00,998.6,1011.6,20.6,40,NA
2021-02-04 15:00:00,998,1011,24.2,29,NA
2021-02-04 16:00:00,997,1010,26,24,NA
2021-02-04 17:00:00,996.6,1009.6,28,21,NA
2021-02-04 18:00:00,996.2,1009.2,29.4,20,NA
2021-02-04 19:00:00,995.8,1008.7,30.8,20,NA
2021-02-04 20:00:00,995.3,1008.2,31.6,19,NA
2021-02-04 21:00:00,995.4,1008.5,26.8,27,NA
2021-02-04 22:00:00,NA,1008.9,24.4,35,NA
2021-02-04 23:00:00,996.4,1009.4,23.6,38,NA
2021-02-05 00:00:00,NA,1010.2,21.6,40,NA
2021-02-05 12:00:00,NA,1017.3,10.1,68,NA
2021-02-05 13:00:00,NA,1017.8,10.9,49,NA
2021-02-05 14:00:00,NA,1017.8,12.8,39,NA
2021-02-05 15:00:00,NA,1017.9,14.3,38,NA
2021-02-05 16:00:00,NA,1017.5,16.3,31,NA
2021-02-05 17:00:00,NA,1017.6,16.7,31,NA
2021-02-05 18:00:00,NA,1017.7,17.1,30,NA
2021-02-05 19:00:00,NA,1017.7,18,28,NA
2021-02-05 20:00:00,NA,1017.4,19,24,NA
2021-02-05 21:00:00,NA,1017.4,17.8,27,NA
2021-02-05 22:00:00,NA,1017.7,17,31,NA
2021-02-05 23:00:00,NA,1018.1,16,36,NA
2021-02-06 00:00:00,1005.4,1018.8,14,51,NA
2021-02-06 12:00:00,1008.2,NA,NA,NA,NA
2021-02-06 13:00:00,1008.2,NA,NA,NA,NA
2021-02-06 14:00:00,1008.4,NA,NA,NA,NA
2021-02-06 15:00:00,1008.5,NA,NA,NA,NA
2021-02-06 16:00:00,1008.6,NA,NA,NA,NA
2021-02-06 17:00:00,1008.8,NA,NA,NA,NA
2021-02-06 18:00:00,1009,NA,NA,NA,NA
2021-02-06 19:00:00,1008.9,NA,NA,NA,NA
2021-02-06 20:00:00,1008.6,NA,NA,NA,NA
2021-02-06 21:00:00,1008.6,NA,NA,NA,NA
2021-02-06 22:00:00,1008.2,NA,NA,NA,NA
2021-02-06 23:00:00,1008.2,NA,NA,NA,NA
2021-02-08 00:00:00,1003.2,NA,NA,NA,NA
2021-02-08 12:00:00,NA,1013,17.9,35,NA
2021-02-08 13:00:00,NA,1013,19.1,31,NA
2021-02-08 14:00:00,NA,1012.7,23,24,NA
2021-02-08 15:00:00,NA,1012.5,25.1,22,NA
2021-02-08 16:00:00,NA,1012,27.5,20,NA
2021-02-08 17:00:00,NA,1011.8,27.8,18,NA
2021-02-08 18:00:00,NA,1011.5,25.7,23,NA
2021-02-08 19:00:00,NA,1011.6,24,24,NA
2021-02-08 20:00:00,NA,1011.5,24.8,23,NA
2021-02-08 21:00:00,NA,1011.5,25,27,NA
2021-02-08 22:00:00,NA,1011.2,25,31,NA
2021-02-08 23:00:00,NA,1011.4,22.4,40,NA
2021-02-09 00:00:00,NA,1011.9,21.6,42,NA
2021-02-10 12:00:00,NA,1013.1,12.9,96,NA
2021-02-10 13:00:00,NA,1012.8,13.9,90,NA
2021-02-10 14:00:00,NA,1012.2,15.5,81,NA
2021-02-10 15:00:00,NA,1011.4,17.3,71,NA
2021-02-10 16:00:00,NA,1010.4,19.8,57,NA
2021-02-10 17:00:00,NA,1009.6,22.1,51,NA
2021-02-10 18:00:00,NA,1009.6,22.1,51,NA
2021-02-10 19:00:00,NA,1005.5,27.4,38,NA
2021-02-10 20:00:00,NA,1004.4,28.9,37,NA
2021-02-10 21:00:00,NA,1003.1,29.8,32,NA
2021-02-10 22:00:00,NA,1001.9,28.2,33,NA
2021-02-10 23:00:00,NA,1000.8,24.6,43,NA
2021-02-11 00:00:00,987.4,NA,23.6,44,NA
2021-02-11 12:00:00,983.6,NA,24.1,33,NA
2021-02-11 13:00:00,983.6,NA,25.5,30,NA
2021-02-11 14:00:00,983.8,NA,24.7,33,NA
2021-02-11 15:00:00,984.8,NA,25.6,28,NA
2021-02-11 16:00:00,985.8,NA,20.2,52,NA
2021-02-11 17:00:00,987.2,NA,19.9,54,NA
2021-02-11 18:00:00,988.8,NA,21,43,NA
2021-02-11 19:00:00,990.6,NA,16.6,51,NA
2021-02-11 20:00:00,990.8,NA,18.6,47,NA
2021-02-11 21:00:00,991.7,NA,17.8,50,NA
2021-02-11 22:00:00,993.2,NA,16.7,50,NA
2021-02-11 23:00:00,994.5,NA,16.3,55,NA
2021-02-12 12:00:00,NA,1015.7,11.7,71,NA
2021-02-12 13:00:00,NA,1014.6,13.2,65,NA
2021-02-12 14:00:00,NA,1013.3,15.6,47,NA
2021-02-12 15:00:00,NA,1011.7,19,30,NA
2021-02-12 16:00:00,NA,1010.6,22,23,NA
2021-02-12 17:00:00,NA,1008.8,24.2,22,NA
2021-02-12 18:00:00,NA,1007.6,24.8,21,NA
2021-02-12 19:00:00,NA,1006.9,28.2,12,NA
2021-02-12 20:00:00,NA,1005,27.8,13,NA
2021-02-12 21:00:00,NA,1003.9,29.8,9,NA
2021-02-12 22:00:00,NA,1003.5,28.1,7,NA
2021-02-12 23:00:00,989.8,NA,26.4,9,NA
2021-02-13 00:00:00,989.8,NA,23.2,14,NA
2021-02-13 12:00:00,989,NA,13.7,48,NA
2021-02-13 13:00:00,987.8,NA,16.6,35,NA
2021-02-13 14:00:00,986.9,NA,18.6,28,NA
2021-02-13 15:00:00,986.4,NA,18.4,27,NA
2021-02-13 16:00:00,985.7,NA,19.5,24,NA
2021-02-13 17:00:00,985.6,NA,22.4,20,NA
2021-02-13 18:00:00,984.6,NA,24.1,20,NA
2021-02-13 19:00:00,988,NA,15.8,44,NA
2021-02-13 20:00:00,989.8,NA,13.7,47,NA
2021-02-13 21:00:00,990.5,NA,14,42,NA
2021-02-13 22:00:00,991.8,NA,13.2,43,NA
2021-02-13 23:00:00,992.1,NA,13.4,44,NA
2021-02-14 12:00:00,NA,1016,9.9,20,NA
2021-02-14 13:00:00,NA,1015.8,11.5,25,NA
2021-02-14 14:00:00,NA,1016.7,13.2,23,NA
2021-02-14 15:00:00,NA,1017,14.6,20,NA
2021-02-14 16:00:00,NA,1017.3,15.8,18,NA
2021-02-14 17:00:00,NA,1017,15.5,23,NA
2021-02-14 18:00:00,NA,1017,15.9,24,NA
2021-02-14 19:00:00,NA,1016.7,16.3,23,NA
2021-02-14 20:00:00,NA,1016.5,16.8,26,NA
2021-02-14 21:00:00,NA,1016.4,17.5,19,NA
2021-02-14 22:00:00,NA,1015.6,16.3,23,NA
2021-02-14 23:00:00,NA,1017.1,14.2,34,NA
2021-02-15 00:00:00,1004,NA,12.2,40,NA
2021-02-15 12:00:00,1001.8,NA,12.4,45,NA
2021-02-15 13:00:00,1001.6,NA,13.9,34,NA
2021-02-15 14:00:00,1001,NA,15.9,25,NA
2021-02-15 15:00:00,1000.6,NA,18.2,25,NA
2021-02-15 16:00:00,999.8,NA,19,24,NA
2021-02-15 17:00:00,999,NA,21.3,21,NA
2021-02-15 18:00:00,998.1,NA,22.2,20,NA
2021-02-15 19:00:00,996.8,NA,24.1,18,NA
2021-02-15 20:00:00,995.4,NA,24.5,18,NA
2021-02-15 21:00:00,994.5,NA,25.9,15,NA
2021-02-15 22:00:00,993.8,NA,25,13,NA
2021-02-15 23:00:00,993.2,NA,23.9,26,NA
2021-02-16 12:00:00,NA,1005.8,15.3,56,NA
2021-02-16 13:00:00,NA,1005.6,17.4,38,NA
2021-02-16 14:00:00,NA,1005.8,18.5,30,NA
2021-02-16 15:00:00,NA,1005.7,17.5,38,NA
2021-02-16 16:00:00,NA,1005.3,18.2,36,NA
2021-02-16 17:00:00,NA,1005.3,18.2,36,NA
2021-02-16 18:00:00,NA,1005.1,19.9,32,NA
2021-02-16 19:00:00,NA,1005.1,19.9,31,NA
2021-02-16 20:00:00,NA,1004.9,19.2,32,NA
2021-02-16 21:00:00,NA,1004.4,18.9,32,NA
2021-02-16 22:00:00,NA,1004.2,16.8,40,NA
2021-02-16 23:00:00,NA,1004,15.2,31,NA
2021-02-17 00:00:00,991,NA,13.5,51,NA
2021-02-17 12:00:00,989.3,NA,15.8,45,NA
2021-02-17 13:00:00,989,NA,17.3,42,NA
2021-02-17 14:00:00,988.4,NA,19.5,34,NA
2021-02-17 15:00:00,987.4,NA,23.1,24,NA
2021-02-17 16:00:00,986.2,NA,24.3,21,NA
2021-02-17 17:00:00,985.3,NA,25.2,22,NA
2021-02-17 18:00:00,984.6,NA,26.5,18,NA
2021-02-17 19:00:00,983.8,NA,27,17,NA
2021-02-17 20:00:00,982.8,NA,28.4,15,NA
2021-02-17 21:00:00,982.2,NA,26.4,17,NA
2021-02-17 22:00:00,982.2,NA,25.9,19,NA
2021-02-17 23:00:00,982.2,NA,23.2,22,NA
2021-02-18 12:00:00,NA,1000.9,10.4,56,NA
2021-02-18 13:00:00,NA,1002.1,9.9,54,NA
2021-02-18 14:00:00,NA,1003,10.9,47,NA
2021-02-18 15:00:00,NA,1003.8,9.6,56,NA
2021-02-18 16:00:00,NA,1003.7,12,43,NA
2021-02-18 17:00:00,NA,1003.5,13.1,38,NA
2021-02-18 18:00:00,NA,1003.2,15.3,32,NA
2021-02-18 19:00:00,NA,1003.5,14,28,NA
2021-02-18 20:00:00,NA,1004.4,13.9,32,NA
2021-02-18 21:00:00,NA,1005.3,12,43,NA
2021-02-18 22:00:00,NA,1006,14,36,NA
2021-02-18 23:00:00,994.2,NA,13.6,39,NA
2021-02-19 00:00:00,995.6,NA,12.9,44,NA
2021-02-19 13:00:00,1000.2,NA,10.2,43,NA
2021-02-19 14:00:00,1000.2,NA,9.8,49,NA
2021-02-19 15:00:00,1000,NA,12,37,NA
2021-02-19 16:00:00,999.6,NA,13,33,NA
2021-02-19 17:00:00,999,NA,14.5,32,NA
2021-02-19 18:00:00,998.5,NA,16.3,30,NA
2021-02-19 19:00:00,998.2,NA,15.3,37,NA
2021-02-19 20:00:00,997.8,NA,16.3,36,NA
2021-02-19 21:00:00,997.7,NA,16.4,35,NA
2021-02-19 22:00:00,997.6,NA,16.3,35,NA
2021-02-19 23:00:00,997.6,NA,15.6,42,NA
2021-02-20 12:00:00,NA,1006.1,14,45,NA
2021-02-20 13:00:00,NA,1005.8,16.6,38,NA
2021-02-20 14:00:00,NA,1004.9,17.8,33,NA
2021-02-20 15:00:00,NA,1004.8,18.5,29,NA
2021-02-20 16:00:00,NA,1003.6,21.5,24,NA
2021-02-20 17:00:00,NA,1002.9,21.7,21,NA
2021-02-20 18:00:00,NA,1002.6,21.6,25,NA
2021-02-20 19:00:00,NA,1002.5,20.2,31,NA
2021-02-20 20:00:00,NA,1001.9,20,32,NA
2021-02-20 21:00:00,NA,1001.6,20.6,29,NA
2021-02-20 22:00:00,NA,1001.8,19,33,NA
2021-02-20 23:00:00,NA,1002.2,19,33,NA
2021-02-21 00:00:00,988.8,NA,18.2,37,NA
2021-02-21 12:00:00,989,NA,11.5,91,NA
2021-02-21 13:00:00,989,NA,11.9,88,NA
2021-02-21 14:00:00,989.2,NA,12.2,84,NA
2021-02-21 15:00:00,989.3,NA,12.9,78,NA
2021-02-21 16:00:00,989.4,NA,12.5,81,NA
2021-02-21 17:00:00,989.3,NA,13.5,63,NA
2021-02-21 18:00:00,989.4,NA,14.2,57,NA
2021-02-21 19:00:00,989.7,NA,14.2,61,NA
2021-02-21 20:00:00,990,NA,14,63,NA
2021-02-21 21:00:00,990.1,NA,13.4,65,NA
2021-02-21 22:00:00,990.6,NA,12,76,NA
2021-02-21 23:00:00,991.3,NA,10.9,67,NA
2021-02-22 12:00:00,NA,1006.8,10.6,66,NA
2021-02-22 13:00:00,NA,1006.8,11.6,51,NA
2021-02-22 14:00:00,NA,1005.9,13.6,45,NA
2021-02-22 15:00:00,NA,1005.9,14.6,43,NA
2021-02-22 16:00:00,NA,1005.3,15.8,36,NA
2021-02-22 17:00:00,NA,1004.6,15.8,38,NA
2021-02-22 18:00:00,NA,1004.6,14,61,NA
2021-02-22 19:00:00,NA,1003.3,14.6,60,NA
2021-02-22 20:00:00,NA,1002.4,16,56,NA
2021-02-22 21:00:00,NA,1001.9,17.2,51,NA
2021-02-22 22:00:00,NA,1002.2,17.3,48,NA
2021-02-22 23:00:00,NA,1002.9,18.2,44,NA
2021-02-23 00:00:00,991.4,NA,14.8,56,NA
2021-02-23 12:00:00,1000.1,NA,9.8,49,NA
2021-02-23 13:00:00,1000.1,NA,10.7,50,NA
2021-02-23 14:00:00,999.8,NA,11.5,49,NA
2021-02-23 15:00:00,998.2,NA,12.7,42,NA
2021-02-23 16:00:00,996.6,NA,14.9,34,NA
2021-02-23 17:00:00,994.8,NA,19.3,24,NA
2021-02-23 18:00:00,993.4,NA,21.5,23,NA
2021-02-23 19:00:00,991.3,NA,25.6,22,NA
2021-02-23 20:00:00,990.2,NA,24,26,NA
2021-02-23 21:00:00,989.4,NA,24.6,25,NA
2021-02-23 22:00:00,989.4,NA,23.4,31,NA
2021-02-23 23:00:00,988.8,NA,23,31,NA
2021-02-24 12:00:00,NA,1002.1,16.1,64,NA
2021-02-24 13:00:00,NA,1002.8,18.2,40,NA
2021-02-24 14:00:00,NA,1002.7,20.1,34,NA
2021-02-24 15:00:00,NA,1002.1,21.1,35,NA
2021-02-24 16:00:00,NA,1001.6,22.5,33,NA
2021-02-24 17:00:00,NA,1000.8,25,25,NA
2021-02-24 18:00:00,NA,1001.1,23.9,28,NA
2021-02-24 19:00:00,NA,1001.1,25.6,25,NA
2021-02-24 20:00:00,NA,1001.7,25.2,38,NA
2021-02-24 21:00:00,NA,1002.3,24.5,32,NA
2021-02-24 22:00:00,NA,1003.3,22.5,31,NA
2021-02-24 23:00:00,NA,1004.8,21.6,43,NA
2021-02-25 00:00:00,992.9,NA,17.6,49,NA
2021-02-25 12:00:00,995.3,NA,14,61,NA
2021-02-25 13:00:00,995.4,NA,15.6,63,NA
2021-02-25 14:00:00,995.4,NA,16.2,61,NA
2021-02-25 15:00:00,995.3,NA,17.6,53,NA
2021-02-25 16:00:00,994.6,NA,19.2,48,NA
2021-02-25 17:00:00,993.8,NA,21.8,40,NA
2021-02-25 18:00:00,993,NA,23.4,34,NA
2021-02-25 19:00:00,992.4,NA,24.8,31,NA
2021-02-25 21:00:00,992.8,NA,18.8,49,NA
2021-02-25 22:00:00,993.3,NA,18.2,50,NA
2021-02-25 23:00:00,994.2,NA,17.4,54,NA
2021-02-26 12:00:00,NA,1015.6,13,71,NA
2021-02-26 13:00:00,NA,1015.7,14.4,58,NA
2021-02-26 14:00:00,NA,1015.8,16.9,55,NA
2021-02-26 15:00:00,NA,1015.1,20.1,44,NA
2021-02-26 16:00:00,NA,1014.6,22.5,34,NA
2021-02-26 17:00:00,NA,1014,23.7,32,NA
2021-02-26 18:00:00,NA,1013.7,24.9,31,NA
2021-02-26 19:00:00,NA,1013.2,26.5,26,NA
2021-02-26 20:00:00,NA,1012.8,26.5,25,NA
2021-02-26 21:00:00,NA,1012.6,27,24,NA
2021-02-26 22:00:00,NA,1012.7,26.7,24,NA
2021-02-26 23:00:00,NA,1012.9,24.1,35,NA
2021-02-27 00:00:00,1000.2,NA,20.3,44,NA
2021-02-27 12:00:00,998.4,NA,16.6,63,NA
2021-02-27 13:00:00,997.6,NA,19,55,NA
2021-02-27 14:00:00,997,NA,21.5,42,NA
2021-02-27 15:00:00,996.1,NA,25.1,35,NA
2021-02-27 16:00:00,995,NA,26.9,28,NA
2021-02-27 17:00:00,994,NA,29.7,22,NA
2021-02-27 18:00:00,993.2,NA,30.9,22,NA
2021-02-27 19:00:00,992,NA,33,16,NA
2021-02-27 20:00:00,991.3,NA,30.8,19,NA
2021-02-27 21:00:00,990.6,NA,29.9,20,NA
2021-02-27 22:00:00,990.2,NA,29.6,21,NA
2021-02-27 23:00:00,989.6,NA,27.2,27,NA
2021-02-28 12:00:00,NA,1000.1,17,39,NA
2021-02-28 13:00:00,NA,1000.2,18.8,35,NA
2021-02-28 14:00:00,NA,1000.2,17.6,48,NA
2021-02-28 15:00:00,NA,1000.2,20.2,44,NA
2021-02-28 16:00:00,NA,1000.2,20.4,49,NA
2021-02-28 17:00:00,NA,999.7,22.7,37,NA
2021-02-28 18:00:00,NA,999.1,25.6,32,NA
2021-02-28 19:00:00,NA,999,27,30,NA
2021-02-28 20:00:00,NA,999.3,24.4,38,NA
2021-02-28 21:00:00,NA,1000.2,20.2,44,NA
2021-02-28 22:00:00,NA,1001.4,16,70,NA
2021-02-28 23:00:00,NA,1003.2,15.2,74,NA
2021-03-01 00:00:00,NA,1004.3,13.2,84,NA
2021-03-02 12:00:00,NA,1020.5,7.1,70,NA
2021-03-02 13:00:00,NA,1020.2,7.9,70,NA
2021-03-02 14:00:00,NA,1020.4,9,60,NA
2021-03-02 15:00:00,NA,1020.4,12.3,42,NA
2021-03-02 16:00:00,NA,1019.9,13.3,36,NA
2021-03-02 17:00:00,NA,1019.8,13.1,46,NA
2021-03-02 18:00:00,1006,1019.6,14.5,42,NA
2021-03-02 19:00:00,1005.8,1019.4,14.2,43,NA
2021-03-02 20:00:00,1005.6,1019.2,14.6,48,NA
2021-03-02 21:00:00,1005.8,1019.4,13.8,52,NA
2021-03-02 22:00:00,1006.1,1019.8,14.1,53,NA
2021-03-02 23:00:00,1006.4,1020,13,61,NA
2021-03-03 00:00:00,NA,1020.3,11.5,70,NA
2021-03-04 00:00:00,1006.8,NA,NA,NA,NA
2021-03-04 12:00:00,1008.6,1022.1,9.8,96,NA
2021-03-04 13:00:00,NA,1022.2,12.9,75,NA
2021-03-04 14:00:00,NA,1021.7,14.8,68,NA
2021-03-04 15:00:00,NA,1021.3,15.3,54,NA
2021-03-04 16:00:00,NA,1020.6,16.3,55,NA
2021-03-04 17:00:00,NA,1019.7,18,53,NA
2021-03-04 18:00:00,1005.3,1018.6,17.7,51,NA
2021-03-04 19:00:00,1003.7,1017,18.2,57,NA
2021-03-04 20:00:00,1002.2,1015.6,19.5,52,NA
2021-03-04 21:00:00,1000.9,1014.1,22.4,30,NA
2021-03-04 22:00:00,999.8,1013.1,21.8,25,NA
2021-03-04 23:00:00,999,1012.3,19.4,33,NA
2021-03-05 00:00:00,NA,1011.2,18.8,37,NA
2021-03-05 20:00:00,986.4,NA,NA,NA,NA
2021-03-06 00:00:00,981,NA,NA,NA,NA
2021-03-06 12:00:00,972.6,985.3,20.2,29,NA
2021-03-06 13:00:00,974.2,986.8,22.8,31,NA
2021-03-06 14:00:00,975.4,988,22.8,33,NA
2021-03-06 15:00:00,976.5,989.1,23.6,29,NA
2021-03-06 16:00:00,977,989.7,23.2,31,NA
2021-03-06 17:00:00,976.6,989.2,25.8,22,NA
2021-03-06 18:00:00,977.4,990,25.5,15,NA
2021-03-06 19:00:00,978.6,991.2,25.2,12,NA
2021-03-06 20:00:00,979.6,992.2,24.4,11,NA
2021-03-06 21:00:00,980.6,993.3,23,12,NA
2021-03-06 22:00:00,NA,994.4,21.5,12,NA
2021-03-06 23:00:00,982.5,995.3,19.4,19,NA
2021-03-07 00:00:00,NA,995.5,17.6,22,NA
2021-03-08 00:00:00,991.3,NA,NA,NA,NA
2021-03-08 12:00:00,994.1,1007.5,8.9,40,NA
2021-03-08 13:00:00,993.8,1007.2,10.4,45,NA
2021-03-08 14:00:00,993.8,1007.3,10.9,44,NA
2021-03-08 15:00:00,993.4,1007,11.4,43,NA
2021-03-08 16:00:00,993.4,1006.9,15.8,42,NA
2021-03-08 17:00:00,992.2,1005.6,19,36,NA
2021-03-08 18:00:00,991.4,1004.7,21.9,23,NA
2021-03-08 19:00:00,990.6,1003.8,23.9,21,NA
2021-03-08 20:00:00,990.2,1003.4,23.6,20,NA
2021-03-08 21:00:00,989.8,1002.9,24.3,21,NA
2021-03-08 22:00:00,989.7,1002.8,23.2,23,NA
2021-03-08 23:00:00,990.1,1003.2,10.6,56,NA
2021-03-09 00:00:00,NA,1003.4,18.4,26,NA
2021-03-10 00:00:00,970.8,NA,NA,NA,NA
2021-03-10 12:00:00,972.1,984.9,12.5,43,NA
2021-03-10 13:00:00,971.8,984.6,14,36,NA
2021-03-10 14:00:00,971.6,984.4,14.3,27,NA
2021-03-10 15:00:00,972.2,985.1,15.5,23,NA
2021-03-10 16:00:00,971.8,984.7,17,10,NA
2021-03-10 17:00:00,972,984.8,17.9,13,NA
2021-03-10 18:00:00,972.5,985.3,17.5,14,NA
2021-03-10 19:00:00,973.4,986.3,17,17,NA
2021-03-10 20:00:00,973.6,986.5,15.4,14,NA
2021-03-10 21:00:00,974,987,14.8,18,NA
2021-03-10 22:00:00,974.4,987.4,15.4,17,NA
2021-03-10 23:00:00,975,988,13,32,NA
2021-03-11 00:00:00,NA,988.9,11.4,32,NA
2021-03-12 00:00:00,986.6,NA,NA,NA,NA
2021-03-12 12:00:00,989.8,1002.9,16.9,37,NA
2021-03-12 13:00:00,989.4,1002.5,19.3,30,NA
2021-03-12 14:00:00,989.8,1002.9,20.1,28,NA
2021-03-12 15:00:00,989.3,1002.2,23,23,NA
2021-03-12 16:00:00,989.2,1002.1,22.9,24,NA
2021-03-12 17:00:00,NA,1002.3,23.1,23,NA
2021-03-12 18:00:00,989.3,1002.2,25,19,NA
2021-03-12 19:00:00,989.4,1002.2,26.4,14,NA
2021-03-12 20:00:00,989.8,1002.7,23.8,16,NA
2021-03-12 21:00:00,989.2,1002.1,23.8,16,NA
2021-03-12 22:00:00,989.8,1002.8,22.2,14,NA
2021-03-12 23:00:00,990,1003,19.8,17,NA
2021-03-13 00:00:00,NA,1003.5,17.6,27,NA
2021-03-14 12:00:00,NA,1016.8,11.4,58,NA
2021-03-14 13:00:00,NA,1015.8,13.2,47,NA
2021-03-14 14:00:00,NA,1015.4,14.4,43,NA
2021-03-14 15:00:00,NA,1013.8,15.3,42,NA
2021-03-14 16:00:00,NA,1012.2,18.8,31,NA
2021-03-14 17:00:00,NA,1010.5,20.2,31,NA
2021-03-14 18:00:00,NA,1008.8,22.5,26,NA
2021-03-14 19:00:00,NA,1007.8,23.2,21,NA
2021-03-14 20:00:00,NA,1006.1,23.5,21,NA
2021-03-14 21:00:00,NA,1004.5,24.3,21,NA
2021-03-14 22:00:00,NA,1003.7,22.9,NA,NA
2021-03-14 23:00:00,NA,1002.8,18.8,39,NA
2021-03-15 00:00:00,988.8,NA,18.5,40,NA
2021-03-15 13:00:00,988,NA,15.6,41,NA
2021-03-15 14:00:00,989.2,NA,17.5,35,NA
2021-03-15 15:00:00,990,NA,18.5,30,NA
2021-03-15 16:00:00,990.1,NA,20.3,22,NA
2021-03-15 17:00:00,990.5,NA,19.8,21,NA
2021-03-15 18:00:00,991,NA,19.7,19,NA
2021-03-16 12:00:00,NA,1021.4,6.5,45,NA
2021-03-16 13:00:00,NA,1022.1,8.5,34,NA
2021-03-16 14:00:00,NA,1022.4,9.5,32,NA
2021-03-16 15:00:00,NA,1022.7,11.1,27,NA
2021-03-16 16:00:00,NA,1022.9,11.5,28,NA
2021-03-16 17:00:00,NA,1023,11.6,27,NA
2021-03-16 18:00:00,NA,1023,12.1,27,NA
2021-03-16 19:00:00,NA,1023.1,12.8,25,NA
2021-03-16 20:00:00,NA,1023.6,13,23,NA
2021-03-16 21:00:00,NA,1023.8,12.4,28,NA
2021-03-16 22:00:00,NA,1024.4,12.6,31,NA
2021-03-16 23:00:00,NA,1025,11,34,NA
2021-03-17 00:00:00,1012,NA,8.8,43,NA
2021-03-18 12:00:00,NA,1006.3,8.7,41,NA
2021-03-18 13:00:00,NA,1006.4,12.8,30,NA
2021-03-18 14:00:00,NA,1006.4,15.9,25,NA
2021-03-18 15:00:00,NA,1006.1,15.9,28,NA
2021-03-18 16:00:00,NA,1005.8,16.4,29,NA
2021-03-18 17:00:00,NA,1004.9,17.8,23,NA
2021-03-18 18:00:00,NA,1004.2,18.9,21,NA
2021-03-18 19:00:00,NA,1003.4,18.4,25,NA
2021-03-18 20:00:00,NA,1003.5,15.4,37,NA
2021-03-18 21:00:00,NA,1002.7,14.6,43,NA
2021-03-18 22:00:00,NA,1002.7,15,38,NA
2021-03-18 23:00:00,NA,1002.5,14.2,33,NA
2021-03-19 00:00:00,988.9,NA,12.8,37,NA
2021-03-19 12:00:00,980.6,NA,13.7,49,NA
2021-03-19 13:00:00,980,NA,14.7,45,NA
2021-03-19 14:00:00,979.3,NA,14.5,47,NA
2021-03-19 15:00:00,978,NA,14.7,46,NA
2021-03-19 16:00:00,977,NA,11.5,78,NA
2021-03-19 17:00:00,976,NA,11.7,80,NA
2021-03-19 18:00:00,974.6,NA,17.5,47,NA
2021-03-19 19:00:00,974.9,NA,18.2,34,NA
2021-03-19 20:00:00,974.8,NA,18.4,33,NA
2021-03-19 21:00:00,975.4,NA,18.8,15,NA
2021-03-19 22:00:00,976.1,NA,18.1,17,NA
2021-03-19 23:00:00,977.4,NA,16.6,21,NA
2021-03-20 12:00:00,NA,1009.2,8,49,NA
2021-03-20 13:00:00,NA,1009.8,9.4,47,NA
2021-03-20 14:00:00,NA,1011,10.9,40,NA
2021-03-20 15:00:00,NA,1011.1,13.7,28,NA
2021-03-20 16:00:00,NA,1011.5,14.9,24,NA
2021-03-20 17:00:00,NA,1011.4,16.2,22,NA
2021-03-20 18:00:00,NA,1011.4,16.6,23,NA
2021-03-20 19:00:00,NA,1011.8,18.2,20,NA
2021-03-20 20:00:00,NA,1011.3,18.1,27,NA
2021-03-20 21:00:00,NA,1011.3,19,19,NA
2021-03-20 22:00:00,NA,1011.7,18,21,NA
2021-03-20 23:00:00,NA,1012,17.2,18,NA
2021-03-21 00:00:00,999.4,NA,15.6,18,NA
2021-03-21 12:00:00,1003,NA,7.8,54,NA
2021-03-21 13:00:00,1002.8,NA,10.9,60,NA
2021-03-21 14:00:00,1002.8,NA,12.7,46,NA
2021-03-21 15:00:00,1002.6,NA,14.3,38,NA
2021-03-21 16:00:00,1001.8,NA,15.8,33,NA
2021-03-21 17:00:00,1001.2,NA,17.9,23,NA
2021-03-21 18:00:00,1000.6,NA,16.8,35,NA
2021-03-21 19:00:00,1000.1,NA,16.9,34,NA
2021-03-21 20:00:00,999.7,NA,16.4,38,NA
2021-03-21 21:00:00,999.3,NA,15.4,38,NA
2021-03-21 22:00:00,999.6,NA,14.2,43,NA
2021-03-21 23:00:00,999,NA,11.2,48,NA
2021-03-22 12:00:00,NA,1007.5,8.9,76,NA
2021-03-22 13:00:00,NA,1007.4,13.7,53,NA
2021-03-22 14:00:00,NA,1007.2,17.3,37,NA
2021-03-22 15:00:00,NA,1007.6,18.5,35,NA
2021-03-22 16:00:00,NA,1007.2,20.6,30,NA
2021-03-22 17:00:00,NA,1006.8,22.1,27,NA
2021-03-22 18:00:00,NA,1006.1,23.7,23,NA
2021-03-22 19:00:00,NA,1005.8,24.1,20,NA
2021-03-22 20:00:00,NA,1005.8,23.7,19,NA
2021-03-22 21:00:00,NA,1005.9,21,29,NA
2021-03-22 22:00:00,NA,1005.9,18.8,35,NA
2021-03-22 23:00:00,NA,1006.4,17.8,37,NA
2021-03-23 00:00:00,992.8,NA,16.3,37,NA
2021-03-23 13:00:00,982.6,NA,11.4,85,NA
2021-03-23 14:00:00,982.5,NA,11.8,85,NA
2021-03-23 15:00:00,982.5,NA,14.4,76,NA
2021-03-23 16:00:00,982.2,NA,14.3,69,NA
2021-03-23 17:00:00,982.2,NA,16.4,42,NA
2021-03-23 18:00:00,982.2,NA,17.6,37,NA
2021-03-23 19:00:00,982.2,NA,17.3,22,NA
2021-03-23 20:00:00,982.5,NA,18.3,15,NA
2021-03-23 21:00:00,983.3,NA,17.2,17,NA
2021-03-23 22:00:00,984.6,NA,15.8,23,NA
2021-03-23 23:00:00,986,NA,13,33,NA
2021-03-24 12:00:00,NA,1011.2,5.9,56,NA
2021-03-24 13:00:00,NA,1011.6,6.9,55,NA
2021-03-24 14:00:00,NA,1011.9,9.6,42,NA
2021-03-24 15:00:00,NA,1012.2,9.7,40,NA
2021-03-24 16:00:00,NA,1011.6,12.1,31,NA
2021-03-24 17:00:00,NA,1011.4,13.7,36,NA
2021-03-24 18:00:00,NA,1011.1,15.7,21,NA
2021-03-24 19:00:00,NA,1011.5,15.4,23,NA
2021-03-24 20:00:00,NA,1011.8,14.8,24,NA
2021-03-24 21:00:00,NA,1012.6,13.8,26,NA
2021-03-24 22:00:00,NA,1013,13.6,27,NA
2021-03-24 23:00:00,NA,1013.8,12.6,29,NA
2021-03-25 00:00:00,1000.5,NA,11.4,32,NA
2021-03-25 12:00:00,1000.1,NA,5.2,63,NA
2021-03-25 13:00:00,999.8,NA,7.3,46,NA
2021-03-25 14:00:00,999,NA,11.2,32,NA
2021-03-25 15:00:00,998.2,NA,14.6,25,NA
2021-03-25 16:00:00,997,NA,16.3,21,NA
2021-03-25 17:00:00,996.1,NA,18.7,19,NA
2021-03-25 18:00:00,995.2,NA,19.9,22,NA
2021-03-25 19:00:00,995,NA,20.1,19,NA
2021-03-25 20:00:00,995.3,NA,21.1,19,NA
2021-03-25 21:00:00,995.8,NA,20,24,NA
2021-03-25 22:00:00,996.8,NA,17.9,25,NA
2021-03-25 23:00:00,998.4,NA,15.9,42,NA
2021-03-26 12:00:00,NA,1019.1,5.9,64,NA
2021-03-26 13:00:00,NA,1019.1,9.5,57,NA
2021-03-26 14:00:00,NA,1019,10.7,57,NA
2021-03-26 15:00:00,NA,1018.2,12.8,52,NA
2021-03-26 16:00:00,NA,1017.8,13.9,43,NA
2021-03-26 17:00:00,NA,1016.7,15.3,35,NA
2021-03-26 18:00:00,NA,1015.8,17.7,30,NA
2021-03-26 19:00:00,NA,1014.3,18.6,30,NA
2021-03-26 20:00:00,NA,1013.5,18.2,29,NA
2021-03-26 21:00:00,NA,1013,19.3,31,NA
2021-03-26 22:00:00,NA,1012.9,18,29,NA
2021-03-26 23:00:00,NA,1012.8,14.8,38,NA
2021-03-27 00:00:00,999,NA,13.8,40,NA
2021-03-27 12:00:00,994.6,NA,13.2,56,NA
2021-03-27 13:00:00,994.6,NA,14.4,52,NA
2021-03-27 14:00:00,993.8,NA,16.3,46,NA
2021-03-27 15:00:00,992.6,NA,18.4,39,NA
2021-03-27 16:00:00,991.8,NA,20.4,34,NA
2021-03-27 17:00:00,990.2,NA,21.2,31,NA
2021-03-27 18:00:00,988.5,NA,21.6,30,NA
2021-03-27 19:00:00,988,NA,21.4,31,NA
2021-03-27 20:00:00,986.6,NA,20.6,34,NA
2021-03-27 21:00:00,984.5,NA,20,34,NA
2021-03-27 22:00:00,985.3,NA,20.7,30,NA
2021-03-27 23:00:00,985.4,NA,19.6,33,NA
2021-03-28 12:00:00,NA,1013.7,7.8,45,NA
2021-03-28 13:00:00,NA,1014.5,10,39,NA
2021-03-28 14:00:00,NA,1015.3,11.3,40,NA
2021-03-28 15:00:00,NA,1015.6,11.9,37,NA
2021-03-28 16:00:00,NA,1015.2,14.5,30,NA
2021-03-28 17:00:00,NA,1015,15.1,28,NA
2021-03-28 18:00:00,NA,1015,15.1,33,NA
2021-03-28 19:00:00,NA,1015,15.2,30,NA
2021-03-28 20:00:00,NA,1015.1,13.8,36,NA
2021-03-28 21:00:00,NA,1015.3,13.2,37,NA
2021-03-28 22:00:00,NA,1015.1,12.2,38,NA
2021-03-28 23:00:00,NA,1015.6,9.8,53,NA
2021-03-29 00:00:00,1002.4,NA,9,53,NA
2021-03-29 13:00:00,996.6,NA,10.8,63,NA
2021-03-29 14:00:00,996.5,NA,13.8,50,NA
2021-03-29 15:00:00,996,NA,16.8,41,NA
2021-03-29 16:00:00,995,NA,21.2,36,NA
2021-03-29 17:00:00,994.4,NA,22.8,34,NA
2021-03-29 18:00:00,994.1,NA,23.8,33,NA
2021-03-29 19:00:00,993.7,NA,25.4,29,NA
2021-03-29 20:00:00,993.4,NA,26.2,28,NA
2021-03-29 21:00:00,993.3,NA,26.2,29,NA
2021-03-29 22:00:00,993,NA,24.8,32,NA
2021-03-30 12:00:00,NA,1010.7,15.7,67,NA
2021-03-30 13:00:00,NA,1012,15.5,71,NA
2021-03-30 14:00:00,NA,1014.8,13.3,75,NA
2021-03-30 15:00:00,NA,1016,11.9,86,NA
2021-03-30 16:00:00,NA,1017.2,12.5,72,NA
2021-03-30 17:00:00,NA,1018.2,13.1,69,NA
2021-03-30 18:00:00,NA,1019,13.1,65,NA
2021-03-30 19:00:00,NA,1020.1,13.2,50,NA
2021-03-30 20:00:00,NA,1021.1,12.9,48,NA
2021-03-30 21:00:00,NA,1022.1,12.6,49,NA
2021-03-30 22:00:00,NA,1023.5,10.2,51,NA
2021-03-30 23:00:00,NA,1024.4,9,56,NA
2021-03-31 00:00:00,1011.4,NA,8.6,55,NA
2021-03-31 17:00:00,1014.5,NA,11.7,55,NA
2021-03-31 18:00:00,1013.8,NA,12.4,49,NA
2021-03-31 19:00:00,1013.3,NA,12.8,48,NA
2021-03-31 20:00:00,1013.2,NA,11.4,59,NA
2021-03-31 21:00:00,1012.8,NA,11,59,NA
2021-03-31 22:00:00,1012.8,NA,10.9,62,NA
2021-03-31 23:00:00,1012.8,NA,9.2,70,NA
2021-04-01 12:00:00,NA,1020.7,7.7,82,NA
2021-04-01 13:00:00,NA,1020.4,7.7,83,NA
2021-04-01 14:00:00,NA,1019.6,9.9,72,NA
2021-04-01 15:00:00,NA,1018.8,10.5,71,NA
2021-04-01 16:00:00,NA,1018,11.5,67,NA
2021-04-01 17:00:00,NA,1016.6,13.1,60,NA
2021-04-01 18:00:00,NA,1015.6,14.5,54,NA
2021-04-01 19:00:00,NA,1014.1,15.6,49,NA
2021-04-01 20:00:00,NA,1013.7,15.4,52,NA
2021-04-01 21:00:00,NA,1013.5,14.9,57,NA
2021-04-01 22:00:00,NA,1013.2,15,58,NA
2021-04-01 23:00:00,NA,1013,13.6,69,NA
2021-04-02 00:00:00,999.3,NA,11.8,93,NA
2021-04-02 12:00:00,997.4,NA,9.9,84,NA
2021-04-02 13:00:00,997.8,NA,10.9,87,NA
2021-04-02 14:00:00,998.1,NA,12.2,84,NA
2021-04-02 15:00:00,998.4,NA,14,57,NA
2021-04-02 16:00:00,998.2,NA,15.3,48,NA
2021-04-02 17:00:00,998.2,NA,17.5,36,NA
2021-04-02 18:00:00,998,NA,15.9,41,NA
2021-04-02 19:00:00,997.8,NA,14.8,43,NA
2021-04-02 20:00:00,997.6,NA,14.5,43,NA
2021-04-02 21:00:00,997.4,NA,13.2,53,NA
2021-04-02 22:00:00,997.4,NA,12.3,61,NA
2021-04-02 23:00:00,996.9,NA,10.7,71,NA
2021-04-03 12:00:00,NA,1002.9,10.6,62,NA
2021-04-03 13:00:00,NA,1002.6,11.5,62,NA
2021-04-03 14:00:00,NA,1002.6,12.3,57,NA
2021-04-03 15:00:00,NA,1003,13.5,55,NA
2021-04-03 16:00:00,NA,1003.1,14.2,50,NA
2021-04-03 17:00:00,NA,1003.6,14.9,48,NA
2021-04-03 19:00:00,NA,1004.8,15.5,42,NA
2021-04-03 20:00:00,NA,1007.1,11.8,24,NA
2021-04-03 21:00:00,NA,1007.9,10.4,47,NA
2021-04-03 22:00:00,NA,1008.8,9.8,45,NA
2021-04-03 23:00:00,NA,1009.8,8.4,48,NA
2021-04-04 00:00:00,996.5,NA,7.7,52,NA
2021-04-04 12:00:00,993.4,NA,4,96,NA
2021-04-04 13:00:00,993.2,NA,4.6,96,NA
2021-04-04 14:00:00,992.9,NA,5,92,NA
2021-04-04 15:00:00,992.6,NA,5.4,90,NA
2021-04-04 16:00:00,992.3,NA,5.2,100,NA
2021-04-04 18:00:00,991.6,NA,6,100,NA
2021-04-04 19:00:00,991.7,NA,6,100,NA
2021-04-04 20:00:00,991.7,NA,6.1,98,NA
2021-04-04 21:00:00,992.6,NA,6,98,NA
2021-04-04 22:00:00,993.2,NA,5.6,96,NA
2021-04-04 23:00:00,994.4,NA,5.7,96,NA
2021-04-05 12:00:00,NA,1017.3,1.3,89,NA
2021-04-05 13:00:00,NA,1017.8,3.4,86,NA
2021-04-05 14:00:00,NA,1018.9,6.1,75,NA
2021-04-05 15:00:00,NA,1019.2,7.4,67,NA
2021-04-05 16:00:00,NA,1019.2,7.9,61,NA
2021-04-05 17:00:00,NA,1018.8,8.5,59,NA
2021-04-05 18:00:00,NA,1018.7,9.3,56,NA
2021-04-05 19:00:00,NA,1018.9,10,51,NA
2021-04-05 20:00:00,NA,1018.8,9.8,56,NA
2021-04-05 21:00:00,NA,1018.5,9.6,52,NA
2021-04-05 22:00:00,NA,1018.7,8.6,70,NA
2021-04-05 23:00:00,NA,1018.9,7.7,75,NA
2021-04-06 00:00:00,1005.6,NA,7.2,80,NA
2021-04-06 12:00:00,998.2,NA,8.9,81,NA
2021-04-06 13:00:00,997.6,NA,10.3,76,NA
2021-04-06 14:00:00,997.2,NA,9.4,89,NA
2021-04-06 15:00:00,996.2,NA,10.2,85,NA
2021-04-06 16:00:00,995,NA,11,89,NA
2021-04-06 17:00:00,993.4,NA,11.5,87,NA
2021-04-06 18:00:00,992.6,NA,12.4,87,NA
2021-04-06 19:00:00,991,NA,13.5,82,NA
2021-04-06 20:00:00,991,NA,13.8,82,NA
2021-04-06 21:00:00,989.3,NA,13.2,86,NA
2021-04-06 22:00:00,988.4,NA,12.4,91,NA
2021-04-06 23:00:00,988.1,NA,11.3,94,NA
2021-04-07 12:00:00,NA,998.1,9.3,62,NA
2021-04-07 13:00:00,NA,998.6,10.7,60,NA
2021-04-07 14:00:00,NA,998.6,13.2,47,NA
2021-04-07 15:00:00,NA,998.1,14.6,40,NA
2021-04-07 16:00:00,NA,997.6,16.3,34,NA
2021-04-07 17:00:00,NA,997.2,16.5,31,NA
2021-04-07 18:00:00,NA,996.6,16.7,31,NA
2021-04-07 19:00:00,NA,996.4,15.6,34,NA
2021-04-07 20:00:00,NA,996.2,16.2,33,NA
2021-04-07 21:00:00,NA,996.7,15.6,37,NA
2021-04-07 22:00:00,NA,997,15,40,NA
2021-04-07 23:00:00,NA,997.4,14.4,42,NA
2021-04-08 00:00:00,NA,997.8,14,44,NA
2021-04-08 15:00:00,993.8,NA,12.5,53,NA
2021-04-08 16:00:00,994.5,NA,12.8,52,NA
2021-04-08 17:00:00,995,NA,12.9,51,NA
2021-04-08 18:00:00,995.2,NA,13.2,52,NA
2021-04-08 19:00:00,995.8,NA,11.4,42,NA
2021-04-08 20:00:00,996.6,NA,11.6,45,NA
2021-04-08 21:00:00,997.3,NA,10.7,46,NA
2021-04-08 22:00:00,998.5,NA,9.4,54,NA
2021-04-08 23:00:00,999.6,NA,7.4,60,NA
2021-04-09 12:00:00,NA,1018.2,2,87,NA
2021-04-09 13:00:00,NA,1018.1,5.8,72,NA
2021-04-09 14:00:00,NA,1017.5,8.3,57,NA
2021-04-09 15:00:00,NA,1017.1,10.1,53,NA
2021-04-09 16:00:00,NA,1016.3,13,43,NA
2021-04-09 17:00:00,NA,1015.4,14.5,42,NA
2021-04-09 18:00:00,NA,1014.5,15.5,41,NA
2021-04-09 19:00:00,NA,1013.2,16.4,37,NA
2021-04-09 20:00:00,NA,1012.7,16.1,41,NA
2021-04-09 21:00:00,NA,1012.3,16.1,39,NA
2021-04-09 22:00:00,NA,1012.2,14.1,46,NA
2021-04-09 23:00:00,NA,1011.5,11.2,53,NA
2021-04-10 00:00:00,NA,1011.1,10.8,57,NA
2021-04-11 12:00:00,NA,1002,5.8,75,NA
2021-04-11 13:00:00,NA,1002.2,9,64,NA
2021-04-11 14:00:00,NA,1001.7,11.1,48,NA
2021-04-11 15:00:00,NA,1001.4,12.7,42,NA
2021-04-11 16:00:00,NA,1000.3,14.4,34,NA
2021-04-11 17:00:00,NA,999.4,15.1,35,NA
2021-04-11 18:00:00,NA,998.4,15.7,31,NA
2021-04-11 19:00:00,NA,997.4,15.2,35,NA
2021-04-11 20:00:00,NA,996.1,15.4,37,NA
2021-04-11 21:00:00,NA,995.1,14.8,39,NA
2021-04-11 22:00:00,NA,993.5,15,40,NA
2021-04-11 23:00:00,NA,992.4,14.4,42,NA
2021-04-12 00:00:00,NA,991.8,14.4,44,NA
2021-04-13 12:00:00,NA,1007,7.1,80,NA
2021-04-13 13:00:00,994.1,1007.4,9.9,72,NA
2021-04-13 14:00:00,993.7,1006.9,12.9,59,NA
2021-04-13 15:00:00,992.4,1005.6,13.2,57,NA
2021-04-13 16:00:00,991.6,1004.8,15.2,48,NA
2021-04-13 17:00:00,989.6,1002.7,16.5,37,NA
2021-04-13 18:00:00,989,1002.1,16.9,37,NA
2021-04-13 19:00:00,987.4,1000.5,17.4,29,NA
2021-04-13 20:00:00,985.6,998.7,16.7,34,NA
2021-04-13 21:00:00,983.6,996.7,17.4,28,NA
2021-04-13 22:00:00,982.5,995.6,17.6,28,NA
2021-04-13 23:00:00,981.4,994.6,19,39,NA
2021-04-14 00:00:00,NA,993.4,18.8,46,NA
2021-04-14 23:00:00,987.8,NA,NA,NA,NA
2021-04-15 00:00:00,988.6,NA,NA,NA,NA
2021-04-15 12:00:00,987.7,1001.1,9,48,NA
2021-04-15 13:00:00,987.8,1001.2,11.7,41,NA
2021-04-15 14:00:00,988.5,1001.8,13.1,38,NA
2021-04-15 15:00:00,988.8,1002,14.5,39,NA
2021-04-15 16:00:00,988.4,1001.6,16.2,33,NA
2021-04-15 17:00:00,987.3,1000.5,17.3,29,NA
2021-04-15 18:00:00,986.9,1000,17,28,NA
2021-04-15 19:00:00,985.4,998.5,17.3,25,NA
2021-04-15 20:00:00,984.8,997.8,18.6,21,NA
2021-04-15 21:00:00,984.6,997.8,17.8,26,NA
2021-04-15 22:00:00,984.1,997.2,17.4,26,NA
2021-04-15 23:00:00,983.7,996.8,15.6,31,NA
2021-04-16 00:00:00,NA,996.5,14.6,34,NA
2021-04-17 00:00:00,998.9,NA,NA,NA,NA
2021-04-17 12:00:00,997.6,1011.2,5.2,62,NA
2021-04-17 13:00:00,997.4,1011,6.1,61,NA
2021-04-17 14:00:00,996.6,1010.1,9.3,50,NA
2021-04-17 15:00:00,995.8,1009.6,13.4,40,NA
2021-04-17 16:00:00,995.6,1009,14.7,36,NA
2021-04-17 17:00:00,994.6,1008,14.8,35,NA
2021-04-17 18:00:00,994,1007.3,16.3,33,NA
2021-04-17 19:00:00,993.2,1006.5,16.8,31,NA
2021-04-17 20:00:00,992.9,1006.2,16.6,33,NA
2021-04-17 21:00:00,992.6,1006,15.8,33,NA
2021-04-17 22:00:00,992.2,1005.6,14,45,NA
2021-04-17 23:00:00,992.1,1005.1,13.2,41,NA
2021-04-18 00:00:00,NA,1005.2,12.2,48,NA
2021-04-19 00:00:00,979.4,NA,NA,NA,NA
2021-04-19 12:00:00,NA,989.4,15,55,NA
2021-04-19 13:00:00,976.9,989.8,15,55,NA
2021-04-19 14:00:00,978,990.9,16.3,47,NA
2021-04-19 15:00:00,979.3,992.2,16.2,44,NA
2021-04-19 16:00:00,980.2,993.2,15,38,NA
2021-04-19 17:00:00,981,994,14.7,40,NA
2021-04-19 18:00:00,981.6,994.6,14.8,39,NA
2021-04-19 19:00:00,983,996,15.3,29,NA
2021-04-19 20:00:00,984.2,997.2,14.6,28,NA
2021-04-19 21:00:00,985.2,998.2,15.6,18,NA
2021-04-19 22:00:00,986.9,1000,13.3,26,NA
2021-04-19 23:00:00,988.2,1001.5,11.8,35,NA
2021-04-20 00:00:00,NA,1002.7,10.8,39,NA
2021-04-21 00:00:00,1005.4,NA,NA,NA,NA
2021-04-21 12:00:00,999.2,1012.8,7.4,76,NA
2021-04-21 13:00:00,989.8,1012.4,8.9,73,NA
2021-04-21 14:00:00,998.5,1012.1,8.3,88,NA
2021-04-21 15:00:00,997,1010.7,8.4,95,NA
2021-04-21 16:00:00,996.1,1009.7,8.5,96,NA
2021-04-21 17:00:00,994.9,1008.4,8.9,95,NA
2021-04-21 18:00:00,993.4,1006.9,9.2,96,NA
2021-04-21 19:00:00,992.2,1005.6,9.3,95,NA
2021-04-21 20:00:00,993.6,1007.1,7.4,100,NA
2021-04-21 21:00:00,993.4,1007,7.1,100,NA
2021-04-21 22:00:00,992.6,1006.1,7,100,NA
2021-04-21 23:00:00,992.2,1005.7,6.9,97,NA
2021-04-22 00:00:00,NA,1007.3,6.5,95,NA
2021-04-23 00:00:00,996.8,NA,NA,NA,NA
2021-04-23 12:00:00,NA,1011.8,4.4,92,NA
2021-04-23 13:00:00,NA,1012.1,6.5,72,NA
2021-04-23 14:00:00,NA,1012.1,7,69,NA
2021-04-23 15:00:00,NA,1011.9,9.4,75,NA
2021-04-23 16:00:00,NA,1009.5,10.3,65,NA
2021-04-23 17:00:00,NA,1011.5,10.9,61,NA
2021-04-23 18:00:00,NA,1011,12.2,57,NA
2021-04-23 19:00:00,NA,1011.1,13,56,NA
2021-04-23 20:00:00,NA,1011.1,13.2,56,NA
2021-04-23 21:00:00,NA,1011.3,11.8,64,NA
2021-04-23 22:00:00,NA,1011.5,9.3,75,NA
2021-04-23 23:00:00,NA,1012.2,9.8,72,NA
2021-04-24 00:00:00,NA,1012.3,9.6,72,NA
2021-04-25 12:00:00,NA,1009.8,7.6,72,NA
2021-04-25 13:00:00,NA,1009.5,8.4,73,NA
2021-04-25 14:00:00,NA,1008.7,9.5,68,NA
2021-04-25 15:00:00,NA,1007.4,10.8,61,NA
2021-04-25 16:00:00,NA,1006.9,13,54,NA
2021-04-25 17:00:00,NA,1005.5,15.2,44,NA
2021-04-25 18:00:00,NA,1004.9,15.6,48,NA
2021-04-25 19:00:00,NA,1004,17,40,NA
2021-04-25 20:00:00,NA,1003.3,17,40,NA
2021-04-25 21:00:00,NA,1003.1,16,44,NA
2021-04-25 22:00:00,NA,1003.1,14.8,48,NA
2021-04-25 23:00:00,NA,1003.1,15,45,NA
2021-04-26 00:00:00,NA,1002.6,14.4,48,NA
2021-04-27 12:00:00,NA,989.2,14.2,65,NA
2021-04-27 13:00:00,NA,989.2,15.3,46,NA
2021-04-27 14:00:00,NA,988.9,15.9,51,NA
2021-04-27 15:00:00,NA,988.2,17.4,52,NA
2021-04-27 16:00:00,NA,987.2,18.8,46,NA
2021-04-27 17:00:00,NA,987.3,20.3,38,NA
2021-04-27 18:00:00,NA,987.7,NA,NA,NA
2021-04-27 19:00:00,NA,986.5,21.2,32,NA
2021-04-27 20:00:00,NA,987.7,19.3,41,NA
2021-04-27 21:00:00,NA,988.5,17.9,37,NA
2021-04-27 22:00:00,NA,989.6,15.9,27,NA
2021-04-27 23:00:00,NA,991.5,12.8,31,NA
2021-04-28 00:00:00,978.8,NA,12.2,40,NA
2021-04-28 12:00:00,990.1,NA,8,63,NA
2021-04-28 13:00:00,990,NA,9.3,54,NA
2021-04-28 15:00:00,990.1,NA,12,33,NA
2021-04-28 16:00:00,990.4,NA,14.1,24,NA
2021-04-28 17:00:00,989.6,NA,14.5,25,NA
2021-04-28 18:00:00,989,NA,16,21,NA
2021-04-28 19:00:00,989.6,NA,15.2,27,NA
2021-04-28 20:00:00,990,NA,14.3,30,NA
2021-04-28 21:00:00,990.6,NA,12.8,39,NA
2021-04-28 22:00:00,991.4,NA,11.6,40,NA
2021-04-28 23:00:00,992.2,NA,8.5,56,NA
2021-04-29 12:00:00,NA,1008.9,6.1,62,NA
2021-04-29 13:00:00,NA,1008.3,6.1,76,NA
2021-04-29 14:00:00,NA,1008.3,6.8,81,NA
2021-04-29 15:00:00,NA,1007.2,7.2,84,NA
2021-04-29 16:00:00,NA,1006.5,7.5,83,NA
2021-04-29 17:00:00,NA,1005,7.9,74,NA
2021-04-29 18:00:00,NA,1003.4,8.9,69,NA
2021-04-29 19:00:00,NA,1002.4,9.5,71,NA
2021-04-29 20:00:00,NA,1001.4,10,68,NA
2021-04-29 21:00:00,NA,1000,9.6,69,NA
2021-04-29 22:00:00,NA,999,9.1,75,NA
2021-04-29 23:00:00,NA,998.2,8.6,74,NA
2021-04-30 00:00:00,984.2,NA,9.3,72,NA
2021-04-30 12:00:00,981.8,NA,9.8,75,NA
2021-04-30 13:00:00,982.5,NA,8.3,81,NA
2021-04-30 14:00:00,983,NA,10.2,63,NA
2021-04-30 15:00:00,983.7,NA,12.7,59,NA
2021-04-30 16:00:00,983.7,NA,14.3,52,NA
2021-04-30 17:00:00,983,NA,15.6,47,NA
2021-04-30 18:00:00,982.6,NA,17.7,34,NA
2021-04-30 19:00:00,982.8,NA,17.4,34,NA
2021-04-30 20:00:00,983.7,NA,17.4,31,NA
2021-04-30 21:00:00,984.2,NA,16,31,NA
2021-04-30 22:00:00,984.8,NA,13.4,40,NA
2021-04-30 23:00:00,985.7,NA,12.4,44,NA
2021-05-01 12:00:00,NA,1000.9,4.4,87,NA
2021-05-01 13:00:00,NA,1001.1,5.6,85,NA
2021-05-01 14:00:00,NA,1000.7,6.4,83,NA
2021-05-01 15:00:00,NA,1000.5,8,76,NA
2021-05-01 16:00:00,NA,1000.4,8.6,74,NA
2021-05-01 17:00:00,NA,999.8,8.8,71,NA
2021-05-01 18:00:00,NA,998.8,8.4,73,NA
2021-05-01 19:00:00,NA,998.6,8.2,74,NA
2021-05-01 20:00:00,NA,998,8.1,78,NA
2021-05-01 21:00:00,NA,998,7.8,75,NA
2021-05-01 22:00:00,NA,997.8,6.5,85,NA
2021-05-01 23:00:00,NA,997.7,5.4,92,NA
2021-05-02 00:00:00,983.7,NA,4.2,95,NA
2021-05-02 12:00:00,979.4,NA,2.5,91,NA
2021-05-02 13:00:00,980.2,NA,3.1,91,NA
2021-05-02 14:00:00,980.2,NA,4.3,87,NA
2021-05-02 15:00:00,981,NA,6.7,89,NA
2021-05-02 16:00:00,981.4,NA,7,87,NA
2021-05-02 17:00:00,981.3,NA,6.8,81,NA
2021-05-02 18:00:00,981.4,NA,6.2,86,NA
2021-05-02 19:00:00,981.6,NA,7.6,80,NA
2021-05-02 20:00:00,981.8,NA,8.3,71,NA
2021-05-02 21:00:00,982.2,NA,6.4,80,NA
2021-05-02 23:00:00,983.4,NA,3.4,90,NA
2021-05-03 12:00:00,NA,1013,1.8,95,NA
2021-05-03 13:00:00,NA,1014,1.7,89,NA
2021-05-03 14:00:00,NA,1015.1,2.7,86,NA
2021-05-03 15:00:00,NA,1015.9,3.3,73,NA
2021-05-03 16:00:00,NA,1016.8,3.7,59,NA
2021-05-03 17:00:00,NA,1017.2,3.5,61,NA
2021-05-03 18:00:00,NA,1017.5,4,55,NA
2021-05-03 19:00:00,NA,1018.2,3.8,55,NA
2021-05-03 20:00:00,NA,1018.9,4,55,NA
2021-05-03 21:00:00,NA,1019.7,3.6,61,NA
2021-05-03 22:00:00,NA,1020.6,2.8,66,NA
2021-05-03 23:00:00,NA,1021.4,2.6,69,NA
2021-05-04 00:00:00,1007.8,NA,2.6,65,NA
2021-05-04 12:00:00,1009.4,NA,-0.9,87,NA
2021-05-04 14:00:00,1008.9,NA,1.5,74,NA
2021-05-04 15:00:00,1008.5,NA,1.9,73,NA
2021-05-04 16:00:00,1008.2,NA,5.2,57,NA
2021-05-04 17:00:00,1007.4,NA,6.3,55,NA
2021-05-04 18:00:00,1006.6,NA,7.4,52,NA
2021-05-04 19:00:00,1007,NA,7.6,51,NA
2021-05-04 20:00:00,1006.8,NA,7.2,52,NA
2021-05-04 21:00:00,1006.6,NA,7.1,51,NA
2021-05-04 23:00:00,1007.4,NA,5.8,61,NA
2021-05-05 12:00:00,NA,1023,6.4,65,NA
2021-05-05 13:00:00,NA,1023,6.6,67,NA
2021-05-05 14:00:00,NA,1022.9,9.6,57,NA
2021-05-05 15:00:00,NA,1022.6,10.8,52,NA
2021-05-05 16:00:00,NA,1022.8,12.2,47,NA
2021-05-05 17:00:00,NA,1022.3,12.8,43,NA
2021-05-05 18:00:00,NA,1022,13.4,38,NA
2021-05-05 19:00:00,NA,1021.8,13.8,37,NA
2021-05-05 20:00:00,NA,1022,11.9,47,NA
2021-05-05 21:00:00,NA,1022.4,9.9,55,NA
2021-05-05 22:00:00,NA,1022.8,8.3,69,NA
2021-05-05 23:00:00,NA,1023.2,8.2,69,NA
2021-05-06 00:00:00,1009.3,NA,8.1,69,NA
2021-05-06 12:00:00,1009.4,NA,0.3,95,NA
2021-05-06 13:00:00,1009,NA,0.7,94,NA
2021-05-06 14:00:00,1009.4,NA,4.2,92,NA
2021-05-06 15:00:00,1009.4,NA,5.7,81,NA
2021-05-06 16:00:00,1009.6,NA,7.1,77,NA
2021-05-06 17:00:00,1008.8,NA,7.9,74,NA
2021-05-06 18:00:00,1008.5,NA,9.1,67,NA
2021-05-06 19:00:00,1007.8,NA,9.8,62,NA
2021-05-06 20:00:00,1007.7,NA,10,60,NA
2021-05-06 21:00:00,1007.3,NA,8.2,70,NA
2021-05-06 22:00:00,1007.4,NA,6.8,77,NA
2021-05-06 23:00:00,1007,NA,5.2,81,NA
2021-05-07 12:00:00,NA,1013.8,0.7,89,NA
2021-05-07 13:00:00,NA,1013.3,3,75,NA
2021-05-07 14:00:00,NA,1012.3,5.9,60,NA
2021-05-07 15:00:00,NA,1012,6.9,58,NA
2021-05-07 16:00:00,NA,1011.3,9.3,52,NA
2021-05-07 17:00:00,NA,1010,11.3,47,NA
2021-05-07 18:00:00,NA,1009.5,12.5,45,NA
2021-05-07 19:00:00,NA,1008.5,12.6,37,NA
2021-05-07 20:00:00,NA,1008.3,12.8,38,NA
2021-05-07 21:00:00,NA,1008.2,10.8,43,NA
2021-05-07 22:00:00,NA,1008.5,5.6,64,NA
2021-05-07 23:00:00,NA,1008.4,5.2,62,NA
2021-05-08 00:00:00,994.6,NA,5.6,46,NA
2021-05-08 12:00:00,994.6,NA,0.6,81,NA
2021-05-08 13:00:00,994.4,NA,1.8,78,NA
2021-05-08 14:00:00,993.8,NA,2.8,79,NA
2021-05-08 15:00:00,993,NA,4.6,77,NA
2021-05-08 16:00:00,993.2,NA,9.7,53,NA
2021-05-08 17:00:00,992.2,NA,9.2,58,NA
2021-05-08 18:00:00,992.1,NA,9.2,56,NA
2021-05-08 19:00:00,991,NA,9.5,53,NA
2021-05-08 20:00:00,991,NA,10.3,50,NA
2021-05-08 21:00:00,990.8,NA,8.8,53,NA
2021-05-08 22:00:00,990,NA,7.3,67,NA
2021-05-08 23:00:00,990.4,NA,6.9,68,NA
2021-05-09 12:00:00,NA,1012.2,2.9,80,NA
2021-05-09 13:00:00,NA,1013.2,4.6,73,NA
2021-05-09 14:00:00,NA,1014.1,7.6,55,NA
2021-05-09 15:00:00,NA,1015.2,8.8,51,NA
2021-05-09 16:00:00,NA,1015.9,10,47,NA
2021-05-09 17:00:00,NA,1016.2,10.5,44,NA
2021-05-09 18:00:00,NA,1016.2,12.3,32,NA
2021-05-09 19:00:00,NA,1016.5,11.2,36,NA
2021-05-09 20:00:00,NA,1017.1,10.6,31,NA
2021-05-09 21:00:00,NA,1017.7,8.5,34,NA
2021-05-09 22:00:00,NA,1018.4,7.6,43,NA
2021-05-09 23:00:00,NA,1018.7,7.6,43,NA
2021-05-10 00:00:00,1005.3,NA,6.4,59,NA
2021-05-10 12:00:00,1007.3,NA,1.5,81,NA
2021-05-10 13:00:00,1007,NA,3.7,73,NA
2021-05-10 14:00:00,1006.6,NA,6.5,65,NA
2021-05-10 15:00:00,1006,NA,9.1,54,NA
2021-05-10 16:00:00,1005.2,NA,10.1,46,NA
2021-05-10 17:00:00,1004.2,NA,10.9,41,NA
2021-05-10 18:00:00,1003,NA,11.5,40,NA
2021-05-10 19:00:00,1002.2,NA,12,41,NA
2021-05-10 20:00:00,1002.2,NA,11.5,45,NA
2021-05-10 21:00:00,1001.8,NA,9.2,58,NA
2021-05-10 22:00:00,1001.2,NA,9.6,45,NA
2021-05-10 23:00:00,1000.9,NA,9,51,NA
2021-05-11 12:00:00,NA,1004.8,4.9,47,NA
2021-05-11 13:00:00,NA,1004,6.9,39,NA
2021-05-11 14:00:00,NA,1003.3,7.6,40,NA
2021-05-11 15:00:00,NA,1001.6,9.9,32,NA
2021-05-11 16:00:00,NA,1000.3,11.2,28,NA
2021-05-11 17:00:00,NA,999,12,28,NA
2021-05-11 18:00:00,NA,998.2,13.2,24,NA
2021-05-11 19:00:00,NA,996.7,14.2,22,NA
2021-05-11 20:00:00,NA,996.1,14.7,26,NA
2021-05-11 21:00:00,NA,995.8,13.2,37,NA
2021-05-11 22:00:00,NA,995.3,13,37,NA
2021-05-11 23:00:00,NA,996,12.8,38,NA
2021-05-12 00:00:00,983.3,NA,12.6,40,NA
2021-05-12 12:00:00,987.8,NA,6.8,74,NA
2021-05-12 13:00:00,989,NA,8,70,NA
2021-05-12 14:00:00,988.9,NA,9.6,62,NA
2021-05-12 15:00:00,989.2,NA,11.4,53,NA
2021-05-12 16:00:00,989.4,NA,13.2,42,NA
2021-05-12 17:00:00,989,NA,14.2,38,NA
2021-05-12 18:00:00,989.2,NA,15,34,NA
2021-05-12 19:00:00,988.8,NA,15.3,33,NA
2021-05-12 20:00:00,988.4,NA,15,32,NA
2021-05-12 21:00:00,988.8,NA,13.9,27,NA
2021-05-12 23:00:00,989.7,NA,12.5,26,NA
2021-05-13 12:00:00,NA,1010.5,4.4,87,NA
2021-05-13 13:00:00,NA,1011.1,6.3,74,NA
2021-05-13 14:00:00,NA,1012,6.8,67,NA
2021-05-13 15:00:00,NA,1013.1,8.3,63,NA
2021-05-13 16:00:00,NA,1013.4,10.1,59,NA
2021-05-13 17:00:00,NA,1013.7,11.2,52,NA
2021-05-13 18:00:00,NA,1014.3,11.9,55,NA
2021-05-13 19:00:00,NA,1014.6,11.4,58,NA
2021-05-13 20:00:00,NA,1015.2,9.6,74,NA
2021-05-13 21:00:00,NA,1015.9,9.4,74,NA
2021-05-13 22:00:00,NA,1016.6,8,70,NA
2021-05-13 23:00:00,NA,1017.7,6.2,79,NA
2021-05-14 00:00:00,1004.2,NA,6,79,NA
2021-05-14 13:00:00,1003.8,NA,4.6,100,NA
2021-05-14 14:00:00,1003.6,NA,5.8,100,NA
2021-05-14 15:00:00,1003.4,NA,6.2,100,NA
2021-05-14 17:00:00,1002.2,NA,10.6,77,NA
2021-05-14 19:00:00,1001,NA,9.9,76,NA
2021-05-14 20:00:00,1000.5,NA,10,80,NA
2021-05-14 21:00:00,1000.2,NA,8.1,89,NA
2021-05-14 22:00:00,1000.2,NA,7.4,94,NA
2021-05-14 23:00:00,1000.2,NA,7.7,97,NA
2021-05-15 12:00:00,NA,1011.6,4.6,100,NA
2021-05-15 13:00:00,NA,1012.8,7.1,100,NA
2021-05-15 14:00:00,NA,1013.1,8.9,97,NA
2021-05-15 15:00:00,NA,1013.8,8.7,100,NA
2021-05-15 16:00:00,NA,1014.1,8.6,100,NA
2021-05-15 17:00:00,NA,1014.3,8.7,100,NA
2021-05-15 18:00:00,NA,1014.7,8.7,100,NA
2021-05-15 19:00:00,NA,1015,8.6,100,NA
2021-05-15 20:00:00,NA,1015.8,8.8,100,NA
2021-05-15 21:00:00,NA,1016.6,8.5,100,NA
2021-05-15 22:00:00,NA,1017.4,8.1,100,NA
2021-05-15 23:00:00,NA,1018.1,8,100,NA
2021-05-16 00:00:00,1005,NA,7.8,99,NA
2021-05-16 12:00:00,1009.4,NA,5.9,100,NA
2021-05-16 13:00:00,1009.8,NA,6.2,97,NA
2021-05-16 14:00:00,1009.8,NA,6.5,97,NA
2021-05-16 15:00:00,1010,NA,6.8,95,NA
2021-05-16 16:00:00,1009.8,NA,7.6,94,NA
2021-05-16 17:00:00,1009.4,NA,8.2,87,NA
2021-05-16 18:00:00,1009,NA,8.5,85,NA
2021-05-16 19:00:00,1009,NA,8.2,82,NA
2021-05-16 20:00:00,1008.9,NA,7.8,86,NA
2021-05-16 21:00:00,1008.9,NA,7.6,83,NA
2021-05-16 22:00:00,1008.6,NA,6.9,88,NA
2021-05-16 23:00:00,1008.1,NA,6.5,92,NA
2021-05-17 12:00:00,NA,1012.9,6.9,88,NA
2021-05-17 13:00:00,NA,1013.6,7.1,85,NA
2021-05-17 14:00:00,NA,1013.1,7.5,86,NA
2021-05-17 15:00:00,NA,1012.5,8.1,80,NA
2021-05-17 16:00:00,NA,1011.5,9.3,77,NA
2021-05-17 17:00:00,NA,1010.9,10.1,70,NA
2021-05-17 18:00:00,NA,1010.4,10.1,68,NA
2021-05-17 19:00:00,NA,1010.2,10.2,70,NA
2021-05-17 20:00:00,NA,1009.8,10.6,68,NA
2021-05-17 21:00:00,NA,1009.9,9.6,72,NA
2021-05-17 22:00:00,NA,1009.5,8.6,79,NA
2021-05-17 23:00:00,NA,1010.2,7.9,82,NA
2021-05-18 00:00:00,996,NA,8,81,NA
2021-05-18 12:00:00,993.8,NA,6.3,88,NA
2021-05-18 13:00:00,994.1,NA,7.2,84,NA
2021-05-18 15:00:00,994.1,NA,9.1,82,NA
2021-05-18 16:00:00,993.6,NA,8.9,90,NA
2021-05-18 17:00:00,992.8,NA,9.7,86,NA
2021-05-18 18:00:00,992.6,NA,10.3,84,NA
2021-05-18 19:00:00,992.6,NA,10.8,78,NA
2021-05-18 20:00:00,993,NA,10.4,86,NA
2021-05-18 21:00:00,993,NA,10.2,84,NA
2021-05-18 22:00:00,993,NA,11.1,74,NA
2021-05-18 23:00:00,993.3,NA,10.8,82,NA
2021-05-19 12:00:00,NA,1011.3,7.3,96,NA
2021-05-19 13:00:00,NA,1011.4,6.9,99,NA
2021-05-19 14:00:00,NA,1012.3,7,99,NA
2021-05-19 15:00:00,NA,1012.5,7.3,97,NA
2021-05-19 16:00:00,NA,1012.2,7.8,92,NA
2021-05-19 17:00:00,NA,1012.3,7.9,94,NA
2021-05-19 18:00:00,NA,1011.8,8.2,95,NA
2021-05-19 19:00:00,NA,1011.8,8.4,93,NA
2021-05-19 20:00:00,NA,1012.2,8.8,89,NA
2021-05-19 21:00:00,NA,1012.4,7.4,96,NA
2021-05-19 22:00:00,NA,1012.6,6.9,100,NA
2021-05-19 23:00:00,999.4,NA,6.5,98,NA
2021-05-20 00:00:00,999.2,NA,7.6,98,NA
2021-05-20 12:00:00,1000.4,NA,6.5,97,NA
2021-05-20 13:00:00,1000.6,NA,6.3,97,NA
2021-05-20 16:00:00,1000.8,NA,7.9,90,NA
2021-05-20 17:00:00,1000.4,NA,9,80,NA
2021-05-20 18:00:00,1000.4,NA,9.3,76,NA
2021-05-20 19:00:00,1000.5,NA,8.6,79,NA
2021-05-20 20:00:00,1000.9,NA,8.4,75,NA
2021-05-20 21:00:00,1001,NA,8.4,78,NA
2021-05-20 22:00:00,1001.6,NA,6.2,94,NA
2021-05-20 23:00:00,1002.2,NA,4.6,100,NA
2021-05-21 12:00:00,NA,1017.2,3,99,NA
2021-05-21 13:00:00,NA,1017.4,2.1,100,NA
2021-05-21 14:00:00,NA,1017.6,3.7,100,NA
2021-05-21 15:00:00,NA,1017.8,3.8,99,NA
2021-05-21 16:00:00,NA,1017.6,6,93,NA
2021-05-21 17:00:00,NA,1017.2,6.9,84,NA
2021-05-21 18:00:00,NA,1017,6.6,84,NA
2021-05-21 19:00:00,NA,1016.9,5.6,94,NA
2021-05-21 20:00:00,NA,1016.7,5.4,97,NA
2021-05-21 21:00:00,NA,1017.3,3.8,100,NA
2021-05-21 22:00:00,NA,1017.6,3.6,100,NA
2021-05-21 23:00:00,NA,1017.7,4.1,100,NA
2021-05-22 00:00:00,1003.8,NA,4.2,100,NA
2021-05-22 12:00:00,1003.4,NA,1.9,99,NA
2021-05-22 13:00:00,1003.8,NA,4.8,96,NA
2021-05-22 14:00:00,1006,NA,3.3,99,NA
2021-05-22 15:00:00,1004,NA,4.3,98,NA
2021-05-22 16:00:00,1003.8,NA,4.8,98,NA
2021-05-22 17:00:00,1003.3,NA,5.2,99,NA
2021-05-22 18:00:00,1002.9,NA,4.2,96,NA
2021-05-22 19:00:00,1002.8,NA,4.2,100,NA
2021-05-22 20:00:00,1002.5,NA,4.8,100,NA
2021-05-22 21:00:00,1002.5,NA,4.6,100,NA
2021-05-22 22:00:00,1002.4,NA,4.6,98,NA
2021-05-22 23:00:00,1002.6,NA,4.6,98,NA
2021-05-23 12:00:00,NA,1007.2,1,100,NA
2021-05-23 13:00:00,NA,1006.1,1.6,100,NA
2021-05-23 14:00:00,NA,1005.1,3,93,NA
2021-05-23 15:00:00,NA,1003.7,3.8,95,NA
2021-05-23 16:00:00,NA,1002.3,4.4,92,NA
2021-05-23 17:00:00,NA,1000,5.7,90,NA
2021-05-23 18:00:00,NA,998.5,7.2,84,NA
2021-05-23 19:00:00,NA,999,7.4,83,NA
2021-05-23 20:00:00,NA,995.8,7.6,83,NA
2021-05-23 21:00:00,NA,994.2,7.4,84,NA
2021-05-23 22:00:00,NA,993.1,7.2,90,NA
2021-05-23 23:00:00,NA,992,6.2,91,NA
2021-05-24 00:00:00,NA,991,5.7,83,NA
2021-05-25 12:00:00,NA,1004.4,-1.1,87,NA
2021-05-25 13:00:00,NA,1005,-0.5,80,NA
2021-05-25 14:00:00,NA,1005,0.7,72,NA
2021-05-25 15:00:00,NA,1004.8,2.7,56,NA
2021-05-25 16:00:00,NA,1004.3,3.7,61,NA
2021-05-25 17:00:00,NA,1003.8,5.6,51,NA
2021-05-25 18:00:00,NA,1003.2,6.1,49,NA
2021-05-25 19:00:00,NA,1003.3,6.2,48,NA
2021-05-25 20:00:00,NA,1003.2,5,56,NA
2021-05-25 21:00:00,NA,1003.4,2,66,NA
2021-05-25 22:00:00,NA,1003.2,1.6,70,NA
2021-05-25 23:00:00,NA,1003.2,1,70,NA
2021-05-26 00:00:00,NA,1003.1,2.1,63,NA
2021-05-27 12:00:00,NA,992.1,-0.1,94,NA
2021-05-27 13:00:00,NA,991.5,1.2,83,NA
2021-05-27 14:00:00,NA,991.5,1.3,84,NA
2021-05-27 15:00:00,NA,993.2,2.4,79,NA
2021-05-27 16:00:00,NA,990.8,1.9,89,NA
2021-05-27 17:00:00,976.9,990.5,1.3,78,NA
2021-05-27 18:00:00,977,990.7,0.2,100,NA
2021-05-27 19:00:00,977,990.6,0,100,NA
2021-05-27 20:00:00,977.4,991,0.2,100,NA
2021-05-27 21:00:00,978.2,991.9,0.4,100,NA
2021-05-27 22:00:00,979,992.8,0.4,100,NA
2021-05-27 23:00:00,980,993.7,0.2,100,NA
2021-05-28 00:00:00,NA,994.5,0.2,96,NA
2021-05-29 00:00:00,992.6,NA,NA,NA,NA
2021-05-29 12:00:00,991,1005,0.1,100,NA
2021-05-29 13:00:00,991.8,1005.7,0.7,100,NA
2021-05-29 14:00:00,992.2,1006.1,1.3,100,NA
2021-05-29 15:00:00,992.6,1006.5,1.9,80,NA
2021-05-29 16:00:00,992.9,1006.7,3.1,73,NA
2021-05-29 17:00:00,992.6,1006.6,2.5,83,NA
2021-05-29 18:00:00,992.5,1006.4,1.6,89,NA
2021-05-29 19:00:00,992.4,1006.2,1,92,NA
2021-05-29 20:00:00,992.6,1006.5,2.2,83,NA
2021-05-29 21:00:00,993,1006.8,1.6,82,NA
2021-05-29 22:00:00,993.3,1007.1,1.4,85,NA
2021-05-29 23:00:00,993.8,1007.6,1.8,82,NA
2021-05-30 00:00:00,NA,1007.6,1.8,82,NA
2021-05-31 00:00:00,990.6,NA,NA,NA,NA
2021-05-31 12:00:00,988.6,1002.5,-0.4,90,NA
2021-05-31 13:00:00,988.4,1002.2,-0.2,90,NA
2021-05-31 14:00:00,NA,1001.2,0.4,91,NA
2021-05-31 15:00:00,987,1000.8,0.5,92,NA
2021-05-31 16:00:00,985.8,999.6,0.3,92,NA
2021-05-31 17:00:00,985.4,999.3,0.7,92,NA
2021-05-31 18:00:00,983,996.7,1.8,89,NA
2021-05-31 19:00:00,983,996.8,2,89,NA
2021-05-31 20:00:00,982.1,995.8,1.4,98,NA
2021-05-31 21:00:00,982.8,996.5,1.2,100,NA
2021-05-31 22:00:00,982.1,995.8,1,100,NA
2021-05-31 23:00:00,981.7,995.4,0.8,100,NA
2021-06-01 00:00:00,NA,995,0.8,100,NA
2021-06-02 00:00:00,996.6,NA,NA,NA,NA
2021-06-02 12:00:00,996.1,1010.1,-0.3,100,NA
2021-06-02 13:00:00,996.2,1010.2,-0.5,96,NA
2021-06-02 14:00:00,996.2,1010.3,-0.4,98,NA
2021-06-02 15:00:00,996.6,1010.7,-0.3,100,NA
2021-06-02 16:00:00,996.5,1010.5,0.1,96,NA
2021-06-02 17:00:00,995.8,1009.8,0.9,85,NA
2021-06-02 18:00:00,995.4,1009.4,1.1,81,NA
2021-06-02 19:00:00,995.4,1009.5,1.2,81,NA
2021-06-02 20:00:00,995.8,1009.9,1,92,NA
2021-06-02 21:00:00,995.8,1009.8,0.8,89,NA
2021-06-02 22:00:00,995.3,1009.3,0.2,96,NA
2021-06-02 23:00:00,995.4,1009.5,-0.2,96,NA
2021-06-03 00:00:00,NA,1009.5,0.2,92,NA
2021-06-04 00:00:00,986,NA,NA,NA,NA
2021-06-04 12:00:00,NA,1000.9,-3.5,98,NA
2021-06-04 13:00:00,987.4,1001.3,-3.2,98,NA
2021-06-04 14:00:00,987.7,1001.6,-3.2,100,NA
2021-06-04 15:00:00,988.1,1002,-1.1,99,NA
2021-06-04 16:00:00,988.2,1002,-0.4,99,NA
2021-06-04 17:00:00,988.1,1002,-0.1,100,NA
2021-06-04 18:00:00,988.1,1002,0.3,98,NA
2021-06-04 19:00:00,988.2,1002,1.2,81,NA
2021-06-04 20:00:00,988.4,1002.3,0.8,92,NA
2021-06-04 21:00:00,988.8,1002.7,-0.8,96,NA
2021-06-04 22:00:00,989.2,1003.1,-1.8,98,NA
2021-06-04 23:00:00,989.4,1003.4,-2.4,96,NA
2021-06-05 00:00:00,NA,1003.9,-2.4,100,NA
2021-06-05 23:00:00,996.6,NA,NA,NA,NA
2021-06-06 00:00:00,996.8,NA,NA,NA,NA
2021-06-06 12:00:00,988.6,1002.4,2.1,80,NA
2021-06-06 13:00:00,988.2,1002,3,75,NA
2021-06-06 14:00:00,987.8,1001.6,3,75,NA
2021-06-06 15:00:00,987.4,1001.3,3.4,73,NA
2021-06-06 16:00:00,986.9,1000.6,3,78,NA
2021-06-06 17:00:00,986,999.7,5.3,64,NA
2021-06-06 18:00:00,985.2,998.9,5.1,67,NA
2021-06-06 19:00:00,984.6,998.2,4.6,69,NA
2021-06-06 20:00:00,984.1,997.7,4.2,74,NA
2021-06-06 21:00:00,983.4,997,3.8,74,NA
2021-06-06 22:00:00,983.4,997.1,5,66,NA
2021-06-06 23:00:00,983.4,997.1,4.2,73,NA
2021-06-07 00:00:00,NA,997,4.6,69,NA
2021-06-08 00:00:00,977.7,NA,NA,NA,NA
2021-06-08 12:00:00,NA,977.1,8.8,69,NA
2021-06-08 13:00:00,NA,977.1,8.2,76,NA
2021-06-08 14:00:00,NA,976.6,7.6,78,NA
2021-06-08 15:00:00,NA,975.9,10.4,68,NA
2021-06-08 16:00:00,NA,977.2,11.6,52,NA
2021-06-08 17:00:00,NA,977.1,12.6,53,NA
2021-06-08 18:00:00,NA,977,12.8,50,NA
2021-06-08 19:00:00,NA,977.7,13.4,44,NA
2021-06-08 20:00:00,NA,978.4,12.2,39,NA
2021-06-08 21:00:00,NA,980.5,10.4,53,NA
2021-06-08 22:00:00,NA,980.9,9.7,62,NA
2021-06-08 23:00:00,NA,982.6,8.5,67,NA
2021-06-09 00:00:00,NA,983,8,59,NA
2021-06-10 00:00:00,983.7,NA,NA,NA,NA
2021-06-10 12:00:00,996.5,1010.3,0.7,89,NA
2021-06-10 13:00:00,997.2,1011,1.7,86,NA
2021-06-10 14:00:00,997,1010.8,3.5,80,NA
2021-06-10 15:00:00,997.4,1011.1,5.1,69,NA
2021-06-10 16:00:00,996.2,1009.9,6.3,65,NA
2021-06-10 17:00:00,995.6,1009.2,6.5,65,NA
2021-06-10 18:00:00,994.6,1008.3,6.1,71,NA
2021-06-10 19:00:00,992.6,1006.2,5.6,70,NA
2021-06-10 20:00:00,992.1,1005.7,5,74,NA
2021-06-10 21:00:00,990.6,1004.2,5,72,NA
2021-06-10 22:00:00,988.9,1002.5,4.8,72,NA
2021-06-10 23:00:00,988,1001.6,5.2,67,NA
2021-06-11 00:00:00,NA,1000.4,5,69,NA
2021-06-12 00:00:00,973.2,NA,NA,NA,NA
2021-06-12 12:00:00,977.6,991,4,74,NA
2021-06-12 13:00:00,978.5,992,3.5,75,NA
2021-06-12 14:00:00,979.6,993,4.8,75,NA
2021-06-12 15:00:00,NA,994.6,6.1,79,NA
2021-06-12 16:00:00,981.6,995.1,6.9,67,NA
2021-06-12 17:00:00,982.2,995.7,7.2,70,NA
2021-06-12 18:00:00,983.2,996.6,8,62,NA
2021-06-12 19:00:00,984.2,997.7,7.8,54,NA
2021-06-12 20:00:00,985.4,998.9,7,63,NA
2021-06-12 21:00:00,987.3,1000.9,4.4,68,NA
2021-06-12 22:00:00,987.7,1001.3,2.8,74,NA
2021-06-12 23:00:00,988.8,1002.4,3.4,73,NA
2021-06-13 00:00:00,NA,1003,1.8,75,NA
2021-06-14 00:00:00,1001.7,NA,NA,NA,NA
2021-06-14 12:00:00,1005.7,1019.7,1.7,NA,NA
2021-06-14 13:00:00,1006.2,1020.3,1.3,87,NA
2021-06-14 14:00:00,1006.6,1020.7,2,84,NA
2021-06-14 15:00:00,1007,1021.1,4.5,62,NA
2021-06-14 16:00:00,1007.7,1021.7,5.5,55,NA
2021-06-14 17:00:00,1008.1,1022.1,5.6,60,NA
2021-06-14 18:00:00,1008.4,1022.4,5.2,58,NA
2021-06-14 19:00:00,1009.3,1023.3,4.8,63,NA
2021-06-14 20:00:00,1010.1,1024.1,4.3,64,NA
2021-06-14 21:00:00,1011.4,1025.6,2.6,69,NA
2021-06-14 22:00:00,1012.1,1026.2,2.4,69,NA
2021-06-14 23:00:00,1012,1026.1,2.2,72,NA
2021-06-15 00:00:00,NA,1028,1.6,80,NA
2021-06-16 12:00:00,NA,1031.2,-2.8,89,NA
2021-06-16 13:00:00,NA,1031.2,-3,93,NA
2021-06-16 14:00:00,NA,1031.2,-0.2,84,NA
2021-06-16 15:00:00,1017.6,1031.7,1.4,82,NA
2021-06-16 16:00:00,1017,1031.2,3.2,73,NA
2021-06-16 17:00:00,1016.4,1030.4,4.2,69,NA
2021-06-16 18:00:00,1016,1030.1,4.2,69,NA
2021-06-16 19:00:00,1015.6,1029.7,4.7,64,NA
2021-06-16 20:00:00,1015.7,1029.8,4.5,64,NA
2021-06-16 21:00:00,1015.8,1030,2.3,64,NA
2021-06-16 22:00:00,1015.7,1029.9,0.1,89,NA
2021-06-16 23:00:00,1015.6,1029.9,-0.5,99,NA
2021-06-17 00:00:00,NA,1029.9,-1.1,69,NA
2021-06-18 00:00:00,1006.4,NA,NA,NA,NA
2021-06-18 12:00:00,1003,1017.2,-5.1,100,NA
2021-06-18 13:00:00,1002.2,1016.5,-4.5,100,NA
2021-06-18 14:00:00,1002.2,1016.3,-2.7,96,NA
2021-06-18 15:00:00,1002.1,1016.3,-2.3,96,NA
2021-06-18 16:00:00,1001.4,1015.6,-1.5,100,NA
2021-06-18 17:00:00,1000.6,1014.8,-0.1,96,NA
2021-06-18 18:00:00,1000.2,1014.3,2.1,93,NA
2021-06-18 19:00:00,999.8,1014,1.8,68,NA
2021-06-18 20:00:00,999.8,1014,0.8,70,NA
2021-06-18 21:00:00,999,1013,2.2,62,NA
2021-06-18 22:00:00,999.6,1013.7,-3,86,NA
2021-06-18 23:00:00,NA,1013.5,-3.2,91,NA
2021-06-19 00:00:00,NA,1013.5,-3.4,91,NA
2021-06-20 00:00:00,996.2,NA,NA,NA,NA
2021-06-20 12:00:00,996,1009.9,-0.1,100,NA
2021-06-20 13:00:00,995.6,1009.9,0.2,98,NA
2021-06-20 14:00:00,995,1008.8,0.1,100,NA
2021-06-20 15:00:00,994.5,1008.3,1.2,97,NA
2021-06-20 16:00:00,993.8,1007.7,3,80,NA
2021-06-20 17:00:00,992.9,1006.7,4.2,68,NA
2021-06-20 18:00:00,991.7,1005.5,5.2,63,NA
2021-06-20 19:00:00,991,1004.8,5.8,62,NA
2021-06-20 20:00:00,990.8,1004.6,4.4,65,NA
2021-06-20 21:00:00,990.2,1004,4.4,65,NA
2021-06-20 22:00:00,989.6,1003.4,2.9,74,NA
2021-06-20 23:00:00,988.9,1002.7,2.6,76,NA
2021-06-21 00:00:00,NA,1002,2.2,72,NA
2021-06-22 00:00:00,991.7,NA,NA,NA,NA
2021-06-22 12:00:00,995.6,1009.5,-1.2,65,NA
2021-06-22 13:00:00,995.6,1009.3,-0.4,82,NA
2021-06-22 14:00:00,995.9,1009.2,-0.1,81,NA
2021-06-22 15:00:00,NA,1009.7,0.3,92,NA
2021-06-22 16:00:00,NA,1009.5,1.2,85,NA
2021-06-22 17:00:00,NA,1008.7,2.3,77,NA
2021-06-22 18:00:00,NA,1008.2,4.6,69,NA
2021-06-22 19:00:00,NA,1008,4.6,69,NA
2021-06-22 20:00:00,NA,1007.6,4.4,68,NA
2021-06-22 21:00:00,NA,1007.4,2.2,79,NA
2021-06-22 22:00:00,NA,1007.2,1.8,80,NA
2021-06-22 23:00:00,NA,1007.1,0.8,89,NA
2021-06-23 00:00:00,NA,1007.6,1.6,82,NA
2021-06-24 00:00:00,986.2,NA,NA,NA,NA
2021-06-24 12:00:00,973.3,986.9,1,85,NA
2021-06-24 13:00:00,973.3,986.8,2,77,NA
2021-06-24 14:00:00,972.1,985.6,3.3,73,NA
2021-06-24 15:00:00,971.6,985.1,3.5,74,NA
2021-06-24 16:00:00,970.5,983.9,5.1,69,NA
2021-06-24 17:00:00,970.3,983.7,7.7,56,NA
2021-06-24 18:00:00,NA,984.5,8.5,55,NA
2021-06-24 19:00:00,971.2,984.2,8.4,55,NA
2021-06-24 20:00:00,971.8,984.8,7.4,58,NA
2021-06-24 21:00:00,973.4,986.4,6.2,45,NA
2021-06-24 22:00:00,NA,987.7,4.4,68,NA
2021-06-24 23:00:00,975.3,988.8,3.8,74,NA
2021-06-25 00:00:00,NA,989.4,2.8,89,NA
2021-06-26 00:00:00,997,NA,NA,NA,NA
2021-06-26 12:00:00,NA,1024.8,1.3,78,NA
2021-06-26 13:00:00,NA,1025.4,0.3,85,NA
2021-06-26 14:00:00,NA,1026.4,1.3,81,NA
2021-06-26 15:00:00,NA,1027.2,4.6,67,NA
2021-06-26 16:00:00,NA,1027.5,5.5,64,NA
2021-06-26 17:00:00,NA,1027.5,6.1,59,NA
2021-06-26 18:00:00,NA,1027,5.5,72,NA
2021-06-26 19:00:00,NA,1027.6,4.4,70,NA
2021-06-26 20:00:00,NA,1027.9,3.3,75,NA
2021-06-26 21:00:00,NA,1028.1,1,81,NA
2021-06-26 22:00:00,NA,1028.1,0.4,85,NA
2021-06-26 23:00:00,NA,1028,1,78,NA
2021-06-27 00:00:00,NA,1028.2,0.8,74,NA
2021-06-28 12:00:00,NA,1019.2,2.2,60,NA
2021-06-28 13:00:00,NA,1019,2.5,60,NA
2021-06-28 14:00:00,NA,1019.5,3.4,56,NA
2021-06-28 15:00:00,NA,1020.5,5,57,NA
2021-06-28 16:00:00,NA,1020.5,5.8,53,NA
2021-06-28 17:00:00,NA,1020.5,7.8,46,NA
2021-06-28 18:00:00,NA,1020.9,7.6,51,NA
2021-06-28 19:00:00,NA,1021.5,8.2,48,NA
2021-06-28 20:00:00,NA,1021.6,5.7,73,NA
2021-06-28 21:00:00,NA,1023,4.9,77,NA
2021-06-28 22:00:00,NA,1023.2,2.9,84,NA
2021-06-28 23:00:00,NA,1023.8,3.5,82,NA
2021-06-29 00:00:00,NA,1023.7,1.9,78,NA
2021-06-30 00:00:00,990.5,NA,NA,NA,NA
2021-06-30 12:00:00,988.2,1002,-0.9,90,NA
2021-06-30 13:00:00,988.4,1002,-1.1,88,NA
2021-06-30 14:00:00,988.7,1002.3,2,78,NA
2021-06-30 15:00:00,988.4,1002,3.7,74,NA
2021-06-30 16:00:00,987.3,1000.9,5.7,67,NA
2021-06-30 17:00:00,987.4,1001,8.5,57,NA
2021-06-30 18:00:00,986.8,1000.4,5.2,69,NA
2021-06-30 19:00:00,986.2,999.8,6.5,61,NA
2021-06-30 20:00:00,986.2,999.9,4.6,75,NA
2021-06-30 21:00:00,985.6,999.3,4.2,73,NA
2021-06-30 22:00:00,985.4,999.1,3.6,77,NA
2021-06-30 23:00:00,985,998.8,2.8,83,NA
2021-07-01 00:00:00,NA,998.4,2.1,84,NA
