2021-01-07 00:00:00,990.8,NA,NA,NA,NA
2021-01-07 03:00:00,990.2,993.2,2.1,89,NA
2021-01-07 06:00:00,987.4,990.3,2.4,86,NA
2021-01-07 09:00:00,984.2,987.2,1.9,91,NA
2021-01-07 12:00:00,981.4,984.3,1.6,95,NA
2021-01-07 15:00:00,979.4,982.3,3.3,86,NA
2021-01-07 18:00:00,979.6,982.5,6.2,59,NA
2021-01-07 21:00:00,981,983.9,3.4,76,NA
2021-01-08 00:00:00,NA,983.7,2.9,80,NA
2021-01-09 00:00:00,976.4,NA,NA,NA,NA
2021-01-09 03:00:00,979,982,2.3,74,NA
2021-01-09 06:00:00,980.6,983.6,3.4,65,NA
2021-01-09 09:00:00,983.2,986.1,2.9,78,NA
2021-01-09 12:00:00,983.7,986.6,4.2,68,NA
2021-01-09 15:00:00,984.5,987.4,4.7,75,NA
2021-01-09 18:00:00,985,987.9,2.5,91,NA
2021-01-09 21:00:00,984.6,987.6,1.5,91,NA
2021-01-10 00:00:00,NA,988.1,-0.4,96,NA
2021-01-11 00:00:00,988.4,NA,NA,NA,NA
2021-01-11 03:00:00,987.3,990.3,-0.7,88,NA
2021-01-11 06:00:00,984.6,987.6,-1.6,99,NA
2021-01-11 09:00:00,982.9,985.9,-2.4,98,NA
2021-01-11 12:00:00,981,984.1,-1.9,96,NA
2021-01-11 15:00:00,979.8,982.8,-1.4,94,NA
2021-01-11 18:00:00,979.3,982.3,-1,95,NA
2021-01-11 21:00:00,980.2,983.2,-0.9,97,NA
2021-01-12 00:00:00,NA,983.8,-1.6,94,NA
2021-01-13 00:00:00,988.4,NA,NA,NA,NA
2021-01-13 03:00:00,989.4,992.4,-0.3,94,NA
2021-01-13 06:00:00,989.8,992.8,-1.4,94,NA
2021-01-13 09:00:00,990.6,993.6,-0.4,96,NA
2021-01-13 10:00:00,990.6,993.7,1.2,79,NA
2021-01-13 11:00:00,990.4,993.4,1.2,83,NA
2021-01-13 12:00:00,990.2,993.2,2.9,74,NA
2021-01-13 13:00:00,989.7,992.7,2.5,62,NA
2021-01-13 14:00:00,989,992,2.9,61,NA
2021-01-13 15:00:00,987.8,990.9,2.9,66,NA
2021-01-13 18:00:00,983.7,986.6,3.8,53,NA
2021-01-13 21:00:00,980.6,983.7,0.9,84,NA
2021-01-14 00:00:00,NA,976.7,1,95,NA
2021-01-15 00:00:00,983.4,NA,NA,NA,NA
2021-01-15 03:00:00,987.7,990.7,-1.5,92,NA
2021-01-15 06:00:00,991.4,994.5,-1.6,90,NA
2021-01-15 09:00:00,994.1,997.1,-0.7,90,NA
2021-01-15 12:00:00,998,1001,1,88,NA
2021-01-15 15:00:00,1000.1,1003.1,1.9,71,NA
2021-01-15 18:00:00,1000.2,1003.2,2.2,68,NA
2021-01-15 21:00:00,998.5,1001.5,3.9,55,NA
2021-01-16 00:00:00,NA,999.9,2.7,66,NA
2021-01-17 00:00:00,985.7,NA,NA,NA,NA
2021-01-17 01:00:00,985.4,NA,NA,NA,NA
2021-01-17 02:00:00,986.2,NA,NA,NA,NA
2021-01-17 03:00:00,986,988.9,4.9,66,NA
2021-01-17 06:00:00,985.8,988.7,6.3,44,NA
2021-01-17 07:00:00,986.4,989.3,6.8,59,NA
2021-01-17 08:00:00,986.5,989.4,6.7,60,NA
2021-01-17 09:00:00,986.8,989.7,6.8,60,NA
2021-01-17 10:00:00,986.2,989.2,6.5,61,NA
2021-01-17 11:00:00,986.5,989.4,8.2,53,NA
2021-01-17 12:00:00,986.2,989.2,8.7,53,NA
2021-01-17 13:00:00,986.1,989,8.2,56,NA
2021-01-17 14:00:00,986.2,989.1,8.5,58,NA
2021-01-17 15:00:00,986,988.9,6.7,67,NA
2021-01-17 16:00:00,986.1,989,8.2,60,NA
2021-01-17 17:00:00,NA,988.6,9.1,54,NA
2021-01-17 18:00:00,NA,988.3,8,61,NA
2021-01-17 21:00:00,NA,987.9,5.3,74,NA
2021-01-18 00:00:00,NA,987.3,4.4,74,NA
2021-01-19 03:00:00,NA,995.5,0.7,85,NA
2021-01-19 06:00:00,NA,996.2,0.9,81,NA
2021-01-19 09:00:00,NA,997.3,0.1,94,NA
2021-01-19 12:00:00,NA,997.7,1.3,92,NA
2021-01-19 15:00:00,NA,998.3,2.6,77,NA
2021-01-19 18:00:00,NA,999,1.9,83,NA
2021-01-19 19:00:00,NA,999.2,1.9,81,NA
2021-01-19 20:00:00,NA,999.3,1.6,86,NA
2021-01-19 21:00:00,NA,999.2,2.7,79,NA
2021-01-19 22:00:00,NA,999.5,1.5,89,NA
2021-01-19 23:00:00,NA,998.8,2.9,76,NA
2021-01-20 00:00:00,NA,998.5,3.4,72,NA
2021-01-20 01:00:00,NA,998.5,2.9,71,NA
2021-01-20 02:00:00,NA,998.4,2.4,76,NA
2021-01-21 03:00:00,NA,982.6,2.8,84,NA
2021-01-21 06:00:00,NA,982.2,3.3,82,NA
2021-01-21 09:00:00,NA,981.5,3,80,NA
2021-01-21 12:00:00,NA,982.3,2.8,79,NA
2021-01-21 15:00:00,NA,980.1,4.3,65,NA
2021-01-21 18:00:00,NA,980.5,4.2,62,NA
2021-01-21 21:00:00,NA,981.5,3.9,60,NA
2021-01-22 00:00:00,NA,982.5,2.8,64,NA
2021-01-23 03:00:00,NA,984,-1.4,98,NA
2021-01-23 06:00:00,NA,983.8,-0.6,96,NA
2021-01-23 09:00:00,NA,984.5,-0.9,95,NA
2021-01-23 12:00:00,NA,984.7,2.6,59,NA
2021-01-23 15:00:00,NA,984.5,4.2,78,NA
2021-01-23 18:00:00,NA,983.9,1.6,91,NA
2021-01-23 21:00:00,NA,982.7,1.5,94,NA
2021-01-24 00:00:00,NA,982.9,1.7,81,NA
2021-01-25 03:00:00,NA,992.8,-0.6,88,NA
2021-01-25 06:00:00,NA,992.2,-0.5,88,NA
2021-01-25 09:00:00,NA,991.1,-0.5,88,NA
2021-01-25 12:00:00,NA,989.7,0.5,89,NA
2021-01-25 15:00:00,NA,988.5,-0.9,97,NA
2021-01-25 18:00:00,NA,986.8,-1.8,99,NA
2021-01-25 21:00:00,NA,985.6,-1.7,96,NA
2021-01-26 00:00:00,NA,984.9,-1.6,96,NA
2021-01-26 15:00:00,985.8,NA,-1.2,95,NA
2021-01-26 18:00:00,987,NA,-0.8,91,NA
2021-01-27 03:00:00,NA,992,-1.3,96,NA
2021-01-27 06:00:00,NA,991.4,-1.3,95,NA
2021-01-27 09:00:00,NA,990.9,-0.4,94,NA
2021-01-27 11:00:00,NA,990.6,0.3,92,NA
2021-01-27 12:00:00,NA,990.6,0.8,95,NA
2021-01-27 15:00:00,NA,990.4,1.8,77,NA
2021-01-27 18:00:00,NA,989.7,0.9,86,NA
2021-01-27 21:00:00,NA,989.1,0.7,90,NA
2021-01-28 00:00:00,NA,988.7,0.8,88,NA
2021-01-29 03:00:00,NA,989.2,-0.3,96,NA
2021-01-29 06:00:00,NA,989,-0.7,92,NA
2021-01-29 09:00:00,NA,989.3,-0.6,90,NA
2021-01-29 12:00:00,NA,989.9,0.5,85,NA
2021-01-29 15:00:00,NA,989.9,3.3,73,NA
2021-01-29 18:00:00,NA,989.7,1.9,83,NA
2021-01-29 21:00:00,NA,989,2.1,72,NA
2021-01-30 00:00:00,NA,988.3,1.6,72,NA
2021-01-31 03:00:00,976.4,979.3,3.6,59,NA
2021-01-31 06:00:00,975.4,978.3,1.7,75,NA
2021-01-31 09:00:00,975.4,978.4,1.1,81,NA
2021-01-31 12:00:00,975.3,978.2,2.3,77,NA
2021-01-31 15:00:00,974.8,977.7,1,85,NA
2021-01-31 16:00:00,974.2,977.1,1,87,NA
2021-01-31 17:00:00,973.8,976.8,1,83,NA
2021-01-31 18:00:00,973,976,1.1,81,NA
2021-01-31 21:00:00,970.4,973.3,2.4,72,NA
2021-02-01 00:00:00,966.1,969,0.3,94,NA
2021-02-02 00:00:00,967.4,NA,NA,NA,NA
2021-02-02 03:00:00,970,972.9,0.1,90,NA
2021-02-02 06:00:00,972,974.9,-0.4,92,NA
2021-02-02 09:00:00,974.2,977.2,-0.4,94,NA
2021-02-02 12:00:00,976.4,979.3,0.2,92,NA
2021-02-02 15:00:00,978.4,981.3,0.3,92,NA
2021-02-02 18:00:00,979.8,982.8,2,71,NA
2021-02-02 21:00:00,982.2,985.3,1.2,76,NA
2021-02-03 00:00:00,NA,985.8,-0.2,64,NA
2021-02-04 00:00:00,991.4,NA,NA,NA,NA
2021-02-04 03:00:00,991.8,994.8,-1.7,80,NA
2021-02-04 06:00:00,991,994,-2.2,77,NA
2021-02-04 09:00:00,990.2,993.2,-2.2,85,NA
2021-02-04 12:00:00,988.4,991.4,-1.3,86,NA
2021-02-04 15:00:00,987.3,990.3,1.4,71,NA
2021-02-04 18:00:00,986.2,989.2,1.9,74,NA
2021-02-04 21:00:00,984.8,987.8,2.8,69,NA
2021-02-05 00:00:00,NA,986.6,0.8,79,NA
2021-02-05 03:00:00,NA,984.9,0.9,77,NA
2021-02-05 06:00:00,NA,984.1,2.1,66,NA
2021-02-05 09:00:00,NA,985.1,1.7,72,NA
2021-02-05 12:00:00,NA,987.5,2.6,64,NA
2021-02-05 15:00:00,NA,990.1,4.1,59,NA
2021-02-05 18:00:00,NA,992.6,4.7,55,NA
2021-02-05 21:00:00,NA,995.8,2.5,76,NA
2021-02-06 00:00:00,994.5,997.5,0.6,81,NA
2021-02-06 03:00:00,995.4,NA,NA,NA,NA
2021-02-06 06:00:00,994.5,NA,NA,NA,NA
2021-02-06 09:00:00,994.2,NA,NA,NA,NA
2021-02-06 12:00:00,993.7,NA,NA,NA,NA
2021-02-06 15:00:00,992.2,NA,NA,NA,NA
2021-02-06 18:00:00,990.2,NA,NA,NA,NA
2021-02-06 21:00:00,988.1,NA,NA,NA,NA
2021-02-08 00:00:00,989.7,NA,NA,NA,NA
2021-02-08 03:00:00,991.2,994.1,1.4,78,NA
2021-02-08 06:00:00,991.6,994.5,0.8,74,NA
2021-02-08 09:00:00,NA,994.6,0.9,63,NA
2021-02-08 12:00:00,NA,995.6,3.8,66,NA
2021-02-08 15:00:00,NA,996.1,4.5,68,NA
2021-02-08 18:00:00,NA,996.4,4.3,73,NA
2021-02-08 21:00:00,NA,996.3,1.9,84,NA
2021-02-09 00:00:00,NA,995.3,1.3,83,NA
2021-02-10 03:00:00,NA,1000.1,5.7,62,NA
2021-02-10 06:00:00,NA,995.2,7.7,49,NA
2021-02-10 09:00:00,NA,994.5,4.5,76,NA
2021-02-10 12:00:00,NA,999.9,5.4,80,NA
2021-02-10 15:00:00,NA,998.1,10.2,55,NA
2021-02-10 18:00:00,NA,998.5,11.2,49,NA
2021-02-10 21:00:00,NA,1001.2,7.8,66,NA
2021-02-11 00:00:00,998,NA,1.6,97,NA
2021-02-11 03:00:00,995.7,NA,4.6,88,NA
2021-02-11 06:00:00,993.7,NA,2.3,91,NA
2021-02-11 09:00:00,990.6,NA,3.5,93,NA
2021-02-11 12:00:00,988,NA,2.6,96,NA
2021-02-11 15:00:00,986.6,NA,3.3,93,NA
2021-02-11 18:00:00,983.4,NA,6.6,75,NA
2021-02-11 21:00:00,981.4,NA,3.8,88,NA
2021-02-12 03:00:00,NA,983.1,5.3,76,NA
2021-02-12 06:00:00,NA,983.6,4.3,74,NA
2021-02-12 09:00:00,NA,984.1,3.9,77,NA
2021-02-12 12:00:00,NA,987.3,5.7,60,NA
2021-02-12 15:00:00,NA,988.4,3.8,72,NA
2021-02-12 18:00:00,NA,987.2,4.7,79,NA
2021-02-12 21:00:00,NA,985.1,3.7,87,NA
2021-02-13 00:00:00,979.8,NA,4,83,NA
2021-02-13 03:00:00,978.6,NA,3.9,88,NA
2021-02-13 06:00:00,980.2,NA,3.2,83,NA
2021-02-13 09:00:00,982.8,NA,3,73,NA
2021-02-13 12:00:00,983.6,NA,3.8,73,NA
2021-02-13 15:00:00,984.6,NA,4.3,69,NA
2021-02-13 18:00:00,984.9,NA,4.9,64,NA
2021-02-13 21:00:00,985.2,NA,3.4,74,NA
2021-02-14 03:00:00,NA,986.6,1.8,83,NA
2021-02-14 06:00:00,NA,985.1,1.9,74,NA
2021-02-14 09:00:00,NA,984.7,3.4,48,NA
2021-02-14 12:00:00,NA,985.3,4.6,40,NA
2021-02-14 15:00:00,NA,986.7,4.1,54,NA
2021-02-14 18:00:00,NA,988.1,4.4,56,NA
2021-02-14 21:00:00,NA,989.4,3.8,48,NA
2021-02-15 00:00:00,987.8,NA,1.9,68,NA
2021-02-15 03:00:00,987.8,NA,1.9,74,NA
2021-02-15 06:00:00,988.4,NA,1.6,90,NA
2021-02-15 09:00:00,985,NA,2.1,96,NA
2021-02-15 12:00:00,983.7,NA,2.6,94,NA
2021-02-15 15:00:00,984,NA,3.3,93,NA
2021-02-15 18:00:00,983.8,NA,4.5,85,NA
2021-02-15 21:00:00,982.5,NA,4.2,86,NA
2021-02-16 03:00:00,NA,979.3,4,89,NA
2021-02-16 06:00:00,NA,984.4,3.7,82,NA
2021-02-16 09:00:00,NA,983.9,3.6,87,NA
2021-02-16 12:00:00,NA,983.7,4.2,82,NA
2021-02-16 15:00:00,NA,986.6,5.6,67,NA
2021-02-16 18:00:00,NA,985.2,4.6,75,NA
2021-02-16 21:00:00,NA,989.1,4.7,77,NA
2021-02-17 00:00:00,987.4,NA,3.5,78,NA
2021-02-17 03:00:00,990.6,NA,4.9,58,NA
2021-02-17 06:00:00,991.2,NA,2.9,72,NA
2021-02-17 09:00:00,992.9,NA,3.8,59,NA
2021-02-17 12:00:00,993.8,NA,3.7,65,NA
2021-02-17 15:00:00,993.6,NA,3.2,78,NA
2021-02-17 18:00:00,994,NA,4.6,71,NA
2021-02-17 21:00:00,993.2,NA,5.5,53,NA
2021-02-18 03:00:00,NA,998.4,2.1,78,NA
2021-02-18 06:00:00,NA,997.8,3.5,85,NA
2021-02-18 09:00:00,NA,997.4,1.8,93,NA
2021-02-18 12:00:00,NA,995.9,0.9,99,NA
2021-02-18 15:00:00,NA,992.6,2.2,98,NA
2021-02-18 18:00:00,NA,989.3,2.3,98,NA
2021-02-18 21:00:00,NA,985.9,2.6,97,NA
2021-02-19 00:00:00,979,NA,3.4,85,NA
2021-02-19 03:00:00,982,NA,3.2,85,NA
2021-02-19 06:00:00,978.6,NA,2.7,79,NA
2021-02-19 09:00:00,981,NA,2.4,74,NA
2021-02-19 12:00:00,980.6,NA,2.2,70,NA
2021-02-19 15:00:00,980.6,NA,1.7,92,NA
2021-02-19 18:00:00,978.6,NA,3.7,70,NA
2021-02-19 21:00:00,978.4,NA,2.7,65,NA
2021-02-20 03:00:00,NA,982,1.6,75,NA
2021-02-20 06:00:00,NA,983.5,2.4,55,NA
2021-02-20 09:00:00,NA,985.6,1.8,62,NA
2021-02-20 12:00:00,NA,986.1,2.4,64,NA
2021-02-20 15:00:00,NA,986.7,3,60,NA
2021-02-20 18:00:00,NA,986.5,1.9,77,NA
2021-02-20 21:00:00,NA,987,-1.3,86,NA
2021-02-21 00:00:00,984.4,NA,-2,81,NA
2021-02-21 03:00:00,984.1,NA,-3.8,94,NA
2021-02-21 06:00:00,984.4,NA,-3.1,70,NA
2021-02-21 09:00:00,984.9,NA,-3.6,76,NA
2021-02-21 12:00:00,986.8,NA,-3.4,77,NA
2021-02-21 15:00:00,988.1,NA,-1.2,80,NA
2021-02-21 18:00:00,989,NA,1,84,NA
2021-02-21 21:00:00,989.2,NA,0.4,91,NA
2021-02-22 03:00:00,NA,992.3,-3.4,92,NA
2021-02-22 06:00:00,NA,990.7,-2.9,93,NA
2021-02-22 09:00:00,NA,988.9,-2.9,93,NA
2021-02-22 12:00:00,NA,986.3,1.2,94,NA
2021-02-22 15:00:00,NA,984,2.6,59,NA
2021-02-22 18:00:00,NA,983.7,3.1,65,NA
2021-02-22 21:00:00,NA,981.9,2.9,74,NA
2021-02-23 00:00:00,978.8,NA,1.7,89,NA
2021-02-23 03:00:00,976.9,NA,0.7,93,NA
2021-02-23 06:00:00,975.4,NA,0.5,95,NA
2021-02-23 09:00:00,975.4,NA,0,96,NA
2021-02-23 12:00:00,975.3,NA,1.5,92,NA
2021-02-23 15:00:00,973.6,NA,2.6,84,NA
2021-02-23 18:00:00,971,NA,4.5,57,NA
2021-02-23 21:00:00,968.9,NA,1.9,70,NA
2021-02-24 03:00:00,NA,968.2,1,79,NA
2021-02-24 06:00:00,NA,967,0.3,90,NA
2021-02-24 09:00:00,NA,966.8,0.4,83,NA
2021-02-24 12:00:00,NA,967.4,-0.6,88,NA
2021-02-24 15:00:00,NA,967.7,-0.6,92,NA
2021-02-24 18:00:00,NA,968.7,-1,82,NA
2021-02-24 21:00:00,NA,970.8,-1.1,75,NA
2021-02-25 00:00:00,970.2,NA,-2.3,76,NA
2021-02-25 03:00:00,971.8,NA,-2.9,77,NA
2021-02-25 06:00:00,973,NA,-3.6,74,NA
2021-02-25 09:00:00,974.4,NA,-3.7,83,NA
2021-02-25 12:00:00,975.2,NA,-3.2,86,NA
2021-02-25 15:00:00,976.8,NA,-2.4,86,NA
2021-02-25 18:00:00,978.4,NA,-2.6,88,NA
2021-02-25 21:00:00,981.7,NA,-3.4,88,NA
2021-02-26 03:00:00,NA,988.9,-3.7,89,NA
2021-02-26 06:00:00,NA,990.6,-3.5,92,NA
2021-02-26 09:00:00,NA,991.7,-4.2,89,NA
2021-02-26 12:00:00,NA,992.6,-1.4,90,NA
2021-02-26 15:00:00,NA,991.2,-1.5,92,NA
2021-02-26 18:00:00,NA,989.5,-1,95,NA
2021-02-26 21:00:00,NA,986.6,0.7,95,NA
2021-02-27 00:00:00,981,NA,0.1,92,NA
2021-02-27 03:00:00,976.2,NA,-0.6,97,NA
2021-02-27 06:00:00,970,NA,-0.2,97,NA
2021-02-27 09:00:00,967,NA,5.2,74,NA
2021-02-27 12:00:00,973,NA,3.5,73,NA
2021-02-27 15:00:00,977,NA,1.9,80,NA
2021-02-27 18:00:00,977.8,NA,1.7,80,NA
2021-02-27 21:00:00,978.9,NA,1.2,84,NA
2021-02-28 03:00:00,NA,977.2,2.5,87,NA
2021-02-28 06:00:00,NA,973.8,3.7,80,NA
2021-02-28 09:00:00,NA,970.2,3.4,85,NA
2021-02-28 12:00:00,NA,967.5,4.9,78,NA
2021-02-28 15:00:00,NA,968,6.7,63,NA
2021-02-28 18:00:00,NA,971.6,6.5,43,NA
2021-02-28 21:00:00,NA,975.1,4.5,52,NA
2021-03-01 00:00:00,NA,974.4,1.9,83,NA
2021-03-02 03:00:00,NA,990.4,4.1,59,NA
2021-03-02 06:00:00,NA,989.4,2.5,81,NA
2021-03-02 09:00:00,NA,988.9,2.5,81,NA
2021-03-02 12:00:00,NA,985.7,3.5,80,NA
2021-03-02 15:00:00,NA,984.7,4.3,81,NA
2021-03-02 18:00:00,981.2,984.1,4.8,66,NA
2021-03-02 21:00:00,982.9,985.8,4,63,NA
2021-03-03 00:00:00,NA,987.6,3.1,58,NA
2021-03-04 00:00:00,1000.2,NA,NA,NA,NA
2021-03-04 03:00:00,998,1001,2.4,74,NA
2021-03-04 06:00:00,993.7,996.6,2.3,86,NA
2021-03-04 09:00:00,989.6,992.5,2.4,95,NA
2021-03-04 12:00:00,986.2,989.1,3.8,80,NA
2021-03-04 15:00:00,984.9,987.8,3.7,80,NA
2021-03-04 16:00:00,983.8,986.7,4.4,73,NA
2021-03-04 17:00:00,983.7,986.6,7.9,48,NA
2021-03-04 18:00:00,984.6,987.5,7.4,29,NA
2021-03-04 21:00:00,986.8,989.7,3.3,69,NA
2021-03-05 00:00:00,NA,990.6,3.5,51,NA
2021-03-06 00:00:00,972.5,NA,NA,NA,NA
2021-03-06 03:00:00,974.6,977.6,2.7,79,NA
2021-03-06 06:00:00,976.2,979.1,3.1,78,NA
2021-03-06 09:00:00,977.4,980.4,3.1,75,NA
2021-03-06 12:00:00,979,981.9,0.8,86,NA
2021-03-06 15:00:00,979.8,982.7,1.5,86,NA
2021-03-06 18:00:00,978.1,981,1,87,NA
2021-03-06 21:00:00,976.4,979.3,1.4,84,NA
2021-03-07 00:00:00,NA,978.1,0.3,91,NA
2021-03-08 00:00:00,978,NA,NA,NA,NA
2021-03-08 03:00:00,979.2,982.1,1.9,89,NA
2021-03-08 06:00:00,979.4,982.4,2.5,79,NA
2021-03-08 09:00:00,980.4,983.3,-1.4,85,NA
2021-03-08 12:00:00,981,984,-3.1,84,NA
2021-03-08 15:00:00,980.8,983.8,-1.6,74,NA
2021-03-08 18:00:00,980.2,983.1,-2,67,NA
2021-03-08 21:00:00,981.6,984.6,-2.4,71,NA
2021-03-09 00:00:00,NA,984.9,-3.7,74,NA
2021-03-10 00:00:00,980,NA,NA,NA,NA
2021-03-10 03:00:00,978.6,981.7,-2.3,94,NA
2021-03-10 06:00:00,976.5,979.5,-0.6,97,NA
2021-03-10 09:00:00,974.5,977.5,-0.2,96,NA
2021-03-10 12:00:00,971.6,974.5,1.7,89,NA
2021-03-10 15:00:00,969,972,1,87,NA
2021-03-10 18:00:00,965,967.9,0.6,86,NA
2021-03-10 21:00:00,960.6,963.5,-0.8,83,NA
2021-03-11 00:00:00,NA,960.3,-2.6,78,NA
2021-03-12 00:00:00,964.1,NA,NA,NA,NA
2021-03-12 03:00:00,965.4,968.4,-3.5,92,NA
2021-03-12 06:00:00,966.6,969.5,-3.2,90,NA
2021-03-12 09:00:00,966.6,969.6,-1.4,92,NA
2021-03-12 12:00:00,965.7,968.6,-0.7,95,NA
2021-03-12 13:00:00,965.3,968.2,2.2,86,NA
2021-03-12 14:00:00,964.6,967.6,1.5,84,NA
2021-03-12 15:00:00,963.8,966.8,1.5,82,NA
2021-03-12 16:00:00,963,966,1.1,87,NA
2021-03-12 18:00:00,961.6,964.5,-0.3,98,NA
2021-03-12 21:00:00,959.8,962.7,-1.6,85,NA
2021-03-13 00:00:00,NA,962.3,-3.7,83,NA
2021-03-14 03:00:00,NA,983,0,90,NA
2021-03-14 06:00:00,NA,986.3,0.5,93,NA
2021-03-14 09:00:00,NA,988.9,0.5,97,NA
2021-03-14 12:00:00,NA,991.9,2.5,95,NA
2021-03-14 15:00:00,NA,994.4,4,71,NA
2021-03-14 18:00:00,NA,996.9,1.9,47,NA
2021-03-14 21:00:00,NA,999.7,-0.6,74,NA
2021-03-15 00:00:00,NA,1000.7,-2.7,83,NA
2021-03-15 12:00:00,992.5,NA,0.6,87,NA
2021-03-15 15:00:00,990,NA,1.3,83,NA
2021-03-15 18:00:00,985.4,NA,0.1,94,NA
2021-03-16 03:00:00,NA,975.7,0.7,97,NA
2021-03-16 06:00:00,NA,974.6,-0.6,94,NA
2021-03-16 09:00:00,NA,976.1,-1.4,92,NA
2021-03-16 12:00:00,NA,976,-1.8,88,NA
2021-03-16 15:00:00,NA,975.4,-0.3,75,NA
2021-03-16 18:00:00,NA,975.8,0.7,79,NA
2021-03-16 21:00:00,NA,977.4,2.4,57,NA
2021-03-17 00:00:00,975.8,NA,1,73,NA
2021-03-17 03:00:00,976,NA,1.4,83,NA
2021-03-17 06:00:00,974.9,NA,1.7,92,NA
2021-03-17 09:00:00,973,NA,1.4,88,NA
2021-03-17 12:00:00,968.5,NA,3.3,61,NA
2021-03-18 03:00:00,NA,961.6,0.6,71,NA
2021-03-18 06:00:00,NA,961.8,0.1,89,NA
2021-03-18 09:00:00,NA,959.5,-0.3,90,NA
2021-03-18 12:00:00,NA,959.7,0.5,87,NA
2021-03-18 15:00:00,NA,959.9,1.9,49,NA
2021-03-18 18:00:00,NA,961.3,1.9,65,NA
2021-03-18 21:00:00,NA,962.2,0.4,80,NA
2021-03-19 00:00:00,961,NA,-0.2,86,NA
2021-03-19 03:00:00,961.8,NA,-1,89,NA
2021-03-19 06:00:00,960.2,NA,-1.2,93,NA
2021-03-19 09:00:00,956.6,NA,-1.4,94,NA
2021-03-19 12:00:00,955.8,NA,-0.6,93,NA
2021-03-19 15:00:00,956.9,NA,0.7,84,NA
2021-03-19 18:00:00,958.9,NA,0.6,86,NA
2021-03-19 21:00:00,960.4,NA,-0.7,89,NA
2021-03-20 03:00:00,NA,965.5,-1.4,96,NA
2021-03-20 06:00:00,NA,966.5,-1.3,96,NA
2021-03-20 09:00:00,NA,968.6,-2.1,98,NA
2021-03-20 12:00:00,NA,971.7,-2.6,98,NA
2021-03-20 15:00:00,NA,974.4,-0.4,98,NA
2021-03-20 18:00:00,NA,976.4,0.2,87,NA
2021-03-20 21:00:00,NA,977.9,-2.4,94,NA
2021-03-21 00:00:00,974.6,NA,-2.7,92,NA
2021-03-21 03:00:00,974.5,NA,-2.8,92,NA
2021-03-21 06:00:00,975,NA,-3.1,90,NA
2021-03-21 09:00:00,977.8,NA,-3.6,96,NA
2021-03-21 12:00:00,982.2,NA,-3.1,90,NA
2021-03-21 15:00:00,986,NA,-1.3,88,NA
2021-03-21 18:00:00,988,NA,-2.8,95,NA
2021-03-21 21:00:00,990.9,NA,-4.6,86,NA
2021-03-22 03:00:00,NA,998.4,-4,87,NA
2021-03-22 06:00:00,NA,999.9,-3.7,89,NA
2021-03-22 09:00:00,NA,1001.5,-3.6,92,NA
2021-03-22 12:00:00,NA,1002.3,-1.6,88,NA
2021-03-22 15:00:00,NA,1002.7,2.3,53,NA
2021-03-22 18:00:00,NA,1002.4,-0.3,57,NA
2021-03-22 21:00:00,NA,1003.3,-3.9,83,NA
2021-03-23 00:00:00,1000.6,NA,-4.3,84,NA
2021-03-23 03:00:00,1001,NA,-4.4,84,NA
2021-03-23 06:00:00,1001.4,NA,-4,86,NA
2021-03-23 09:00:00,1003,NA,-4.4,88,NA
2021-03-23 12:00:00,1004.6,NA,-4.5,86,NA
2021-03-23 15:00:00,1005.8,NA,-2.7,86,NA
2021-03-23 18:00:00,1006.5,NA,-3.1,90,NA
2021-03-23 21:00:00,1007.3,NA,-4.5,88,NA
2021-03-24 03:00:00,NA,1011.2,-5.4,93,NA
2021-03-24 06:00:00,NA,1011.1,-4.5,89,NA
2021-03-24 09:00:00,NA,1010.8,-3.7,89,NA
2021-03-24 12:00:00,NA,1010.7,-3.3,90,NA
2021-03-24 15:00:00,NA,1010.1,-2.5,92,NA
2021-03-24 18:00:00,NA,1009,-2.3,90,NA
2021-03-24 21:00:00,NA,1008.4,-3.3,92,NA
2021-03-25 00:00:00,1004.8,NA,-3.7,92,NA
2021-03-25 03:00:00,1003.8,NA,-4.1,91,NA
2021-03-25 06:00:00,1002.8,NA,-4,91,NA
2021-03-25 09:00:00,1001.8,NA,-3.4,92,NA
2021-03-25 12:00:00,1001.7,NA,-3.4,92,NA
2021-03-25 15:00:00,1000.2,NA,-2.6,92,NA
2021-03-25 18:00:00,998.9,NA,-2.9,92,NA
2021-03-25 21:00:00,997.8,NA,-3.1,92,NA
2021-03-26 03:00:00,NA,998.2,-2.2,96,NA
2021-03-26 06:00:00,NA,997,-2.5,98,NA
2021-03-26 09:00:00,NA,996.4,-2.3,94,NA
2021-03-26 12:00:00,NA,996.7,-2.5,94,NA
2021-03-26 15:00:00,NA,996.7,-1.6,94,NA
2021-03-26 18:00:00,NA,996.8,-1.7,96,NA
2021-03-26 21:00:00,NA,997.2,-1.6,96,NA
2021-03-27 00:00:00,994.6,NA,-1.3,95,NA
2021-03-27 03:00:00,994.4,NA,-1.6,94,NA
2021-03-27 06:00:00,993.8,NA,-1.3,96,NA
2021-03-27 09:00:00,993.8,NA,-1.6,98,NA
2021-03-27 12:00:00,993,NA,0.2,98,NA
2021-03-27 15:00:00,991.4,NA,0.2,94,NA
2021-03-27 18:00:00,990.4,NA,1.6,92,NA
2021-03-27 21:00:00,989.6,NA,1.4,95,NA
2021-03-28 03:00:00,NA,991.4,0.8,95,NA
2021-03-28 06:00:00,NA,990.1,1.8,97,NA
2021-03-28 09:00:00,NA,990,0.5,99,NA
2021-03-28 12:00:00,NA,989.4,0.8,97,NA
2021-03-28 15:00:00,NA,989.9,0.4,94,NA
2021-03-28 18:00:00,NA,991.2,-2.5,83,NA
2021-03-28 21:00:00,NA,992.6,-2.3,81,NA
2021-03-29 00:00:00,990.5,NA,-2.8,75,NA
2021-03-29 03:00:00,991.3,NA,-3,81,NA
2021-03-29 06:00:00,990.2,NA,-3.6,90,NA
2021-03-29 09:00:00,989.8,NA,0.5,72,NA
2021-03-29 12:00:00,992.8,NA,-3.1,94,NA
2021-03-29 15:00:00,996.8,NA,-1.7,83,NA
2021-03-29 18:00:00,999.4,NA,-2.8,90,NA
2021-03-29 21:00:00,1000.5,NA,-3.5,90,NA
2021-03-30 03:00:00,NA,1002.2,0,90,NA
2021-03-30 06:00:00,NA,1001.2,-0.8,97,NA
2021-03-30 09:00:00,NA,998.8,0.1,96,NA
2021-03-30 12:00:00,NA,994.2,0.5,97,NA
2021-03-30 15:00:00,NA,989.5,1.2,94,NA
2021-03-30 18:00:00,NA,986.7,1.7,93,NA
2021-03-30 21:00:00,NA,988.2,0.8,95,NA
2021-03-31 00:00:00,987,NA,-3.5,85,NA
2021-03-31 03:00:00,990.5,NA,-3.5,81,NA
2021-03-31 06:00:00,994.2,NA,-1.9,87,NA
2021-03-31 09:00:00,998.6,NA,-2.4,86,NA
2021-03-31 15:00:00,999,NA,1.5,76,NA
2021-03-31 18:00:00,994.6,NA,7.6,60,NA
2021-03-31 21:00:00,994.6,NA,5.5,67,NA
2021-04-01 03:00:00,NA,997.5,8.1,37,NA
2021-04-01 06:00:00,NA,996.9,6.6,42,NA
2021-04-01 09:00:00,NA,997.5,6.2,41,NA
2021-04-01 12:00:00,NA,997.6,3.1,70,NA
2021-04-01 15:00:00,NA,996.7,1.9,77,NA
2021-04-01 18:00:00,NA,994.4,2.5,81,NA
2021-04-01 21:00:00,NA,992.4,3.5,80,NA
2021-04-02 00:00:00,987.6,NA,2.3,86,NA
2021-04-02 03:00:00,982.6,NA,3.5,75,NA
2021-04-02 06:00:00,979.3,NA,5.7,67,NA
2021-04-02 09:00:00,984.2,NA,3.3,78,NA
2021-04-02 12:00:00,987,NA,5.1,36,NA
2021-04-02 15:00:00,989.8,NA,1.4,78,NA
2021-04-02 18:00:00,990.1,NA,1.4,69,NA
2021-04-02 21:00:00,990.4,NA,0.3,79,NA
2021-04-03 03:00:00,NA,991.7,1.9,57,NA
2021-04-03 06:00:00,NA,993.4,3.5,48,NA
2021-04-03 09:00:00,NA,994.3,1.7,73,NA
2021-04-03 12:00:00,NA,993.3,3.2,62,NA
2021-04-03 15:00:00,NA,994.7,2.4,74,NA
2021-04-03 18:00:00,NA,993.7,1.8,77,NA
2021-04-03 21:00:00,NA,991.1,1.2,89,NA
2021-04-04 00:00:00,986.8,NA,1.2,86,NA
2021-04-04 03:00:00,984.1,NA,0.6,89,NA
2021-04-04 06:00:00,982.1,NA,0.5,69,NA
2021-04-04 09:00:00,982,NA,1.6,63,NA
2021-04-04 12:00:00,981.8,NA,2.2,59,NA
2021-04-04 15:00:00,982.9,NA,3.5,48,NA
2021-04-04 18:00:00,985.8,NA,0.4,71,NA
2021-04-04 21:00:00,988.8,NA,-3.3,79,NA
2021-04-05 03:00:00,NA,997.6,-4.3,77,NA
2021-04-05 06:00:00,NA,998.6,-4,82,NA
2021-04-05 09:00:00,NA,999.1,-4.9,84,NA
2021-04-05 12:00:00,NA,999.1,-2.9,91,NA
2021-04-05 15:00:00,NA,996.6,-0.7,92,NA
2021-04-05 18:00:00,NA,993.1,1,92,NA
2021-04-05 21:00:00,NA,992.6,1.2,97,NA
2021-04-06 00:00:00,991,NA,2.9,96,NA
2021-04-06 03:00:00,994,NA,3,94,NA
2021-04-06 06:00:00,995.3,NA,0.6,76,NA
2021-04-06 09:00:00,995.8,NA,-0.7,78,NA
2021-04-06 12:00:00,996.2,NA,0.1,76,NA
2021-04-06 15:00:00,994.6,NA,2.1,66,NA
2021-04-06 18:00:00,992.6,NA,4.2,64,NA
2021-04-06 21:00:00,990.9,NA,5.1,60,NA
2021-04-07 03:00:00,NA,993.2,6.4,51,NA
2021-04-07 06:00:00,NA,991.8,4.6,67,NA
2021-04-07 09:00:00,NA,988.3,8.1,44,NA
2021-04-07 12:00:00,NA,987.6,5.7,58,NA
2021-04-07 15:00:00,NA,984.2,4.6,65,NA
2021-04-07 18:00:00,NA,983.9,2.9,81,NA
2021-04-07 21:00:00,NA,980.3,1.8,83,NA
2021-04-08 00:00:00,NA,976.1,5.8,64,NA
2021-04-08 15:00:00,977.6,NA,2.4,71,NA
2021-04-08 18:00:00,978.4,NA,1.6,75,NA
2021-04-08 21:00:00,979.6,NA,1,66,NA
2021-04-09 03:00:00,NA,985.5,-0.2,83,NA
2021-04-09 06:00:00,NA,986.6,-3.4,90,NA
2021-04-09 09:00:00,NA,987.4,-4.6,89,NA
2021-04-09 12:00:00,NA,987,-5.1,88,NA
2021-04-09 15:00:00,NA,985.9,-4.4,87,NA
2021-04-09 18:00:00,NA,982.7,-2.3,81,NA
2021-04-09 21:00:00,NA,981.4,-1.8,80,NA
2021-04-10 00:00:00,NA,980.2,1.6,70,NA
2021-04-11 03:00:00,NA,974.5,-7.9,93,NA
2021-04-11 06:00:00,NA,973.7,-9.2,88,NA
2021-04-11 09:00:00,NA,973.5,-10.1,84,NA
2021-04-11 12:00:00,NA,973.3,-10.6,81,NA
2021-04-11 15:00:00,NA,973.1,-11.4,86,NA
2021-04-11 18:00:00,NA,973.7,-12.8,84,NA
2021-04-11 21:00:00,NA,975.1,-13.6,84,NA
2021-04-12 00:00:00,NA,976.6,-14,84,NA
2021-04-13 03:00:00,NA,979.2,-12.4,81,NA
2021-04-13 06:00:00,NA,980.9,-13.1,80,NA
2021-04-13 09:00:00,NA,982.5,-13.4,84,NA
2021-04-13 12:00:00,981.8,985,-13.5,84,NA
2021-04-13 15:00:00,984.5,987.6,-12.5,81,NA
2021-04-13 18:00:00,987.2,990.3,-9.2,82,NA
2021-04-13 21:00:00,990.2,993.4,-11.2,83,NA
2021-04-14 00:00:00,NA,993.4,-11.2,83,NA
2021-04-15 00:00:00,958.2,NA,NA,NA,NA
2021-04-15 03:00:00,958.2,961.3,-14.4,83,NA
2021-04-15 06:00:00,957.7,960.7,-14.6,83,NA
2021-04-15 09:00:00,957,960.1,-13.8,80,NA
2021-04-15 12:00:00,961.8,964.9,-13.3,80,NA
2021-04-15 15:00:00,970.5,973.6,-13.1,73,NA
2021-04-15 18:00:00,972.6,975.8,-12,71,NA
2021-04-15 21:00:00,976.1,979.2,-11.5,76,NA
2021-04-16 00:00:00,NA,984.1,-10.5,81,NA
2021-04-17 00:00:00,993.2,NA,NA,NA,NA
2021-04-17 03:00:00,993.7,996.8,-13.8,76,NA
2021-04-17 06:00:00,995,998.2,-12.4,71,NA
2021-04-17 09:00:00,996.9,1000,-11.7,76,NA
2021-04-17 10:00:00,997.4,1000.6,-11.4,79,NA
2021-04-17 11:00:00,998.1,1001.3,-11.9,82,NA
2021-04-17 12:00:00,998.6,1001.9,-12.1,78,NA
2021-04-17 13:00:00,999,1002.3,-11.4,83,NA
2021-04-17 14:00:00,999.4,1002.6,-11.2,83,NA
2021-04-17 15:00:00,999.7,1002.9,-10.7,87,NA
2021-04-17 18:00:00,999.6,1002.7,-8.8,80,NA
2021-04-17 21:00:00,1000.2,1003.4,-9.9,85,NA
2021-04-18 00:00:00,NA,1002.2,-5.6,82,NA
2021-04-19 00:00:00,991.4,NA,NA,NA,NA
2021-04-19 03:00:00,989,992.1,0.2,99,NA
2021-04-19 06:00:00,984,987,0.4,96,NA
2021-04-19 09:00:00,980.8,983.7,1.5,98,NA
2021-04-19 12:00:00,977,979.9,2.8,86,NA
2021-04-19 15:00:00,980.4,983.3,2.1,82,NA
2021-04-19 18:00:00,983.3,986.2,2.4,70,NA
2021-04-19 21:00:00,984.1,987,2.4,55,NA
2021-04-20 00:00:00,NA,988.1,3.6,43,NA
2021-04-21 00:00:00,981,NA,NA,NA,NA
2021-04-21 03:00:00,976.8,979.7,1.8,89,NA
2021-04-21 06:00:00,977.6,980.5,3.5,75,NA
2021-04-21 09:00:00,973,976,3.8,79,NA
2021-04-21 12:00:00,974.2,977.2,2.1,74,NA
2021-04-21 15:00:00,975.8,978.8,2.1,66,NA
2021-04-21 18:00:00,979.4,982.3,1.9,59,NA
2021-04-21 21:00:00,979.8,982.7,1.4,71,NA
2021-04-22 00:00:00,NA,986.6,2.2,89,NA
2021-04-23 00:00:00,981.4,NA,NA,NA,NA
2021-04-23 03:00:00,982.6,985.5,2.5,84,NA
2021-04-23 06:00:00,984.9,987.8,1.1,94,NA
2021-04-23 09:00:00,NA,991.2,-4.8,96,NA
2021-04-23 12:00:00,NA,994.4,-7.8,93,NA
2021-04-23 15:00:00,NA,997,-9,92,NA
2021-04-23 18:00:00,NA,999.4,-10,88,NA
2021-04-23 21:00:00,NA,1001.1,-9.2,86,NA
2021-04-24 00:00:00,NA,1001.9,-8.7,86,NA
2021-04-25 03:00:00,NA,991.6,1.1,96,NA
2021-04-25 06:00:00,NA,988.9,4.8,24,NA
2021-04-25 09:00:00,NA,986,5,85,NA
2021-04-25 12:00:00,NA,985.3,6.2,84,NA
2021-04-25 15:00:00,NA,983.2,4.6,58,NA
2021-04-25 18:00:00,NA,982,4.9,50,NA
2021-04-25 21:00:00,NA,982.6,4.2,52,NA
2021-04-26 00:00:00,NA,981.7,3.5,58,NA
2021-04-27 03:00:00,NA,986.3,1.2,79,NA
2021-04-27 06:00:00,NA,986.7,0.3,89,NA
2021-04-27 09:00:00,NA,986.9,0.1,74,NA
2021-04-27 12:00:00,NA,986.8,-0.4,92,NA
2021-04-27 15:00:00,NA,985,0.4,89,NA
2021-04-27 18:00:00,NA,982.9,0.1,94,NA
2021-04-27 21:00:00,NA,981.1,0.5,95,NA
2021-04-28 00:00:00,976.5,NA,0.1,97,NA
2021-04-28 03:00:00,975.2,NA,0.3,96,NA
2021-04-28 06:00:00,975.6,NA,-0.7,99,NA
2021-04-28 09:00:00,977.6,NA,-7.4,82,NA
2021-04-28 12:00:00,978.6,NA,-8.4,77,NA
2021-04-28 15:00:00,979.2,NA,-9.3,76,NA
2021-04-28 18:00:00,978.6,NA,-9.8,75,NA
2021-04-28 21:00:00,978.5,NA,-10.8,73,NA
2021-04-29 03:00:00,NA,981.1,-13.3,80,NA
2021-04-29 06:00:00,NA,980.2,-14.3,79,NA
2021-04-29 09:00:00,NA,979.5,-14.6,83,NA
2021-04-29 11:00:00,NA,979.9,-13.9,80,NA
2021-04-29 12:00:00,NA,980.6,-14.2,79,NA
2021-04-29 13:00:00,NA,980.7,-14.6,78,NA
2021-04-29 14:00:00,NA,980.4,-13,73,NA
2021-04-29 15:00:00,NA,980.2,-12.3,71,NA
2021-04-29 18:00:00,NA,978.4,-10.9,77,NA
2021-04-29 21:00:00,NA,978,-7.8,76,NA
2021-04-30 00:00:00,978.2,NA,-12.5,85,NA
2021-04-30 03:00:00,981.4,NA,-14.6,87,NA
2021-04-30 06:00:00,981.4,NA,-15.3,86,NA
2021-04-30 09:00:00,980.1,NA,-15.7,81,NA
2021-04-30 12:00:00,983.8,NA,-13.4,64,NA
2021-04-30 13:00:00,984.8,NA,-11.9,57,NA
2021-04-30 14:00:00,984.2,NA,-10.3,52,NA
2021-04-30 15:00:00,984,NA,-9.1,58,NA
2021-04-30 16:00:00,983.7,NA,-10.1,68,NA
2021-04-30 17:00:00,983.2,NA,-8.9,71,NA
2021-04-30 18:00:00,983,NA,-8.5,66,NA
2021-04-30 21:00:00,981.6,NA,-10.2,77,NA
2021-05-01 03:00:00,NA,981.9,-9.6,76,NA
2021-05-01 06:00:00,NA,980.6,-5.5,70,NA
2021-05-01 09:00:00,NA,979.8,-4.4,75,NA
2021-05-01 12:00:00,NA,977.9,0.4,71,NA
2021-05-01 15:00:00,NA,973.2,0.9,88,NA
2021-05-01 18:00:00,NA,969.9,0.7,99,NA
2021-05-01 21:00:00,NA,971.7,1.2,89,NA
2021-05-02 00:00:00,970.2,NA,-8.3,89,NA
2021-05-02 06:00:00,973.3,NA,-15.9,81,NA
2021-05-02 12:00:00,973.4,NA,-16.4,80,NA
2021-05-02 15:00:00,974.2,NA,-15.7,72,NA
2021-05-02 18:00:00,976.1,NA,-14.6,70,NA
2021-05-02 21:00:00,976.6,NA,-12.4,81,NA
2021-05-03 03:00:00,NA,982.2,-10.1,84,NA
2021-05-03 06:00:00,NA,984.3,-9.6,85,NA
2021-05-03 09:00:00,NA,984.8,-9.8,85,NA
2021-05-03 12:00:00,NA,986.1,-9.7,88,NA
2021-05-03 15:00:00,NA,988.2,-9.1,88,NA
2021-05-03 18:00:00,NA,988.9,-9.2,88,NA
2021-05-03 21:00:00,NA,990.3,-8.7,86,NA
2021-05-04 00:00:00,987.3,NA,-8.3,83,NA
2021-05-04 03:00:00,988.2,NA,-9.1,88,NA
2021-05-04 06:00:00,988.5,NA,-9.4,82,NA
2021-05-04 09:00:00,989,NA,-10,84,NA
2021-05-04 12:00:00,988.2,NA,-9.9,81,NA
2021-05-04 15:00:00,987,NA,-7.2,87,NA
2021-05-04 18:00:00,986.6,NA,-8.4,92,NA
2021-05-04 21:00:00,988,NA,-9.4,88,NA
2021-05-05 03:00:00,NA,995,-10.8,87,NA
2021-05-05 06:00:00,NA,996.4,-11.9,86,NA
2021-05-05 09:00:00,NA,998.2,-12.5,89,NA
2021-05-05 12:00:00,NA,1000.6,-12.7,84,NA
2021-05-05 15:00:00,NA,1002,-10.5,81,NA
2021-05-05 18:00:00,NA,1003.4,-10.6,90,NA
2021-05-05 21:00:00,NA,1004.6,-12.6,89,NA
2021-05-06 00:00:00,1001.4,NA,-13.2,84,NA
2021-05-06 03:00:00,1000.4,NA,-12.5,85,NA
2021-05-06 06:00:00,998.9,NA,-10.6,86,NA
2021-05-06 09:00:00,997.3,NA,-9.5,88,NA
2021-05-06 12:00:00,996.8,NA,-7.3,87,NA
2021-05-06 15:00:00,996,NA,-4.4,86,NA
2021-05-06 18:00:00,994.1,NA,-4.1,93,NA
2021-05-06 21:00:00,991.4,NA,-4.6,93,NA
2021-05-07 03:00:00,NA,991.6,0.7,90,NA
2021-05-07 06:00:00,NA,991.2,2.8,74,NA
2021-05-07 09:00:00,NA,990.4,6.3,58,NA
2021-05-07 12:00:00,NA,989.3,6.2,59,NA
2021-05-07 15:00:00,NA,988.4,8.4,50,NA
2021-05-07 18:00:00,NA,988.3,8.1,57,NA
2021-05-07 21:00:00,NA,988.7,7.5,60,NA
2021-05-08 00:00:00,985.4,NA,3.3,61,NA
2021-05-08 03:00:00,981.8,NA,5.2,70,NA
2021-05-08 06:00:00,983.4,NA,5.2,66,NA
2021-05-08 09:00:00,980.6,NA,3.4,74,NA
2021-05-08 12:00:00,982,NA,5.1,54,NA
2021-05-08 15:00:00,983.2,NA,2.4,80,NA
2021-05-08 18:00:00,982.8,NA,5.5,56,NA
2021-05-08 21:00:00,984.6,NA,0.8,93,NA
2021-05-09 03:00:00,NA,981.4,2.1,87,NA
2021-05-09 06:00:00,NA,983.2,2,93,NA
2021-05-09 09:00:00,NA,982.1,1.6,93,NA
2021-05-09 10:00:00,NA,NA,NA,NA,NA
2021-05-09 12:00:00,NA,981.4,1.2,81,NA
2021-05-09 13:00:00,NA,NA,NA,NA,NA
2021-05-09 15:00:00,NA,978.1,0.9,82,NA
2021-05-09 18:00:00,NA,978.1,2.3,65,NA
2021-05-09 21:00:00,NA,978.7,3,53,NA
2021-05-10 00:00:00,977.8,NA,2.1,76,NA
2021-05-10 03:00:00,979.8,NA,2.4,75,NA
2021-05-10 06:00:00,982.2,NA,1.8,70,NA
2021-05-10 09:00:00,984.9,NA,1.4,69,NA
2021-05-10 12:00:00,986.5,NA,-1.6,66,NA
2021-05-10 15:00:00,986.4,NA,2.1,54,NA
2021-05-10 18:00:00,985.2,NA,4.8,57,NA
2021-05-10 21:00:00,982.6,NA,3.6,70,NA
2021-05-11 03:00:00,NA,986.2,1.6,89,NA
2021-05-11 06:00:00,NA,983.9,2.4,86,NA
2021-05-11 09:00:00,NA,981.8,2.7,84,NA
2021-05-11 12:00:00,NA,984.6,2.3,81,NA
2021-05-11 15:00:00,NA,987.2,4.4,71,NA
2021-05-11 18:00:00,NA,990.6,0.7,91,NA
2021-05-11 21:00:00,NA,989.9,1.4,87,NA
2021-05-12 00:00:00,983.4,NA,4.9,90,NA
2021-05-12 03:00:00,982.2,NA,1,93,NA
2021-05-12 06:00:00,979.8,NA,2.1,87,NA
2021-05-12 09:00:00,980.4,NA,1.9,94,NA
2021-05-12 12:00:00,981.6,NA,2.5,89,NA
2021-05-12 15:00:00,981.6,NA,2.2,91,NA
2021-05-12 18:00:00,981.4,NA,2.5,89,NA
2021-05-12 21:00:00,982.6,NA,2.3,91,NA
2021-05-13 03:00:00,NA,986.9,1.1,92,NA
2021-05-13 06:00:00,NA,985.5,2.3,86,NA
2021-05-13 09:00:00,NA,986.5,1.8,93,NA
2021-05-13 12:00:00,NA,988.5,2,86,NA
2021-05-13 15:00:00,NA,990.1,1.7,91,NA
2021-05-13 18:00:00,NA,991.1,0.6,91,NA
2021-05-13 21:00:00,NA,993.3,0.9,70,NA
2021-05-14 00:00:00,994.6,NA,0.2,79,NA
2021-05-14 03:00:00,995,NA,0.6,84,NA
2021-05-14 06:00:00,994.4,NA,1,86,NA
2021-05-14 09:00:00,993,NA,3.4,78,NA
2021-05-14 12:00:00,995,NA,6.5,59,NA
2021-05-14 15:00:00,997.4,NA,5.9,66,NA
2021-05-14 18:00:00,999.7,NA,3.1,79,NA
2021-05-14 21:00:00,1003.3,NA,3.9,75,NA
2021-05-15 03:00:00,NA,1008,4,75,NA
2021-05-15 06:00:00,NA,1008.8,6.9,66,NA
2021-05-15 09:00:00,NA,1012.7,4.3,71,NA
2021-05-15 12:00:00,NA,1012.2,6.6,61,NA
2021-05-15 15:00:00,NA,1013.4,6.5,70,NA
2021-05-15 18:00:00,NA,1016,6.7,74,NA
2021-05-15 21:00:00,NA,1017.2,7.7,68,NA
2021-05-16 00:00:00,1015.2,NA,9.2,54,NA
2021-05-16 03:00:00,1015.7,NA,9.1,51,NA
2021-05-16 06:00:00,1016.5,NA,8.2,55,NA
2021-05-16 09:00:00,1018,NA,7.5,57,NA
2021-05-16 12:00:00,1018.8,NA,5.4,59,NA
2021-05-16 15:00:00,1019.6,NA,5.5,56,NA
2021-05-16 18:00:00,1019.6,NA,3.1,76,NA
2021-05-16 21:00:00,1019.3,NA,5.7,54,NA
2021-05-17 03:00:00,NA,1019.3,6.3,58,NA
2021-05-17 06:00:00,NA,1020,6.8,63,NA
2021-05-17 09:00:00,NA,1020.3,5.3,69,NA
2021-05-17 12:00:00,NA,1019.4,8.7,57,NA
2021-05-17 15:00:00,NA,1019.1,7.7,60,NA
2021-05-17 18:00:00,NA,1018.1,9,46,NA
2021-05-17 21:00:00,NA,1017.6,6.3,65,NA
2021-05-18 00:00:00,1014.5,NA,4.3,71,NA
2021-05-18 03:00:00,1016.1,NA,3,76,NA
2021-05-18 06:00:00,1014.5,NA,0.7,82,NA
2021-05-18 09:00:00,1014.1,NA,0.9,82,NA
2021-05-18 12:00:00,1014.6,NA,1.1,84,NA
2021-05-18 15:00:00,1015,NA,0.8,91,NA
2021-05-18 18:00:00,1014.6,NA,0.9,93,NA
2021-05-18 21:00:00,1013.2,NA,1.6,87,NA
2021-05-19 03:00:00,NA,1012.9,1.1,94,NA
2021-05-19 06:00:00,NA,1010.8,0.3,96,NA
2021-05-19 09:00:00,NA,1006.6,1.7,89,NA
2021-05-19 12:00:00,NA,1003.2,1.8,83,NA
2021-05-19 15:00:00,NA,1002.6,4.8,75,NA
2021-05-19 18:00:00,NA,1001.2,5.3,56,NA
2021-05-19 21:00:00,NA,999.2,2.1,66,NA
2021-05-20 00:00:00,996.2,NA,5.3,56,NA
2021-05-20 03:00:00,994.6,NA,4.9,46,NA
2021-05-20 06:00:00,993.3,NA,5.3,34,NA
2021-05-20 09:00:00,995,NA,4.4,50,NA
2021-05-20 12:00:00,993.3,NA,5.4,56,NA
2021-05-20 15:00:00,993,NA,8.7,45,NA
2021-05-20 18:00:00,992.6,NA,9.8,42,NA
2021-05-20 21:00:00,991.3,NA,9.6,41,NA
2021-05-21 03:00:00,NA,992.6,6.3,54,NA
2021-05-21 06:00:00,NA,992.8,0.8,81,NA
2021-05-21 09:00:00,NA,985.7,2.6,69,NA
2021-05-21 12:00:00,NA,983.8,1.5,61,NA
2021-05-21 15:00:00,NA,989.2,0.8,65,NA
2021-05-21 18:00:00,NA,992.1,0.4,67,NA
2021-05-21 21:00:00,NA,995.4,-0.8,83,NA
2021-05-22 00:00:00,995.6,NA,-2.4,89,NA
2021-05-22 03:00:00,996.2,NA,-2.8,88,NA
2021-05-22 06:00:00,997,NA,-3.8,89,NA
2021-05-22 09:00:00,997.3,NA,-3.9,89,NA
2021-05-22 12:00:00,996.2,NA,-4.1,91,NA
2021-05-22 15:00:00,995.8,NA,-2.6,92,NA
2021-05-22 18:00:00,994.8,NA,-2,91,NA
2021-05-22 21:00:00,993.6,NA,-2.8,92,NA
2021-05-23 03:00:00,NA,990.3,6.6,18,NA
2021-05-23 06:00:00,NA,987.5,5.3,26,NA
2021-05-23 09:00:00,NA,986.8,3.3,51,NA
2021-05-23 12:00:00,NA,983.7,0.7,77,NA
2021-05-23 15:00:00,NA,978.8,0.9,86,NA
2021-05-23 18:00:00,NA,980.6,1.7,86,NA
2021-05-23 21:00:00,NA,976.1,1.3,78,NA
2021-05-24 00:00:00,NA,974.6,0.8,84,NA
2021-05-25 03:00:00,NA,980.2,-12.6,89,NA
2021-05-25 06:00:00,NA,981.2,-13.3,88,NA
2021-05-25 09:00:00,NA,982.4,-13.4,88,NA
2021-05-25 12:00:00,NA,982.2,-13.4,88,NA
2021-05-25 15:00:00,NA,982.1,-13.3,84,NA
2021-05-25 18:00:00,NA,982.7,-13.8,88,NA
2021-05-25 21:00:00,NA,981.5,-14.6,87,NA
2021-05-26 00:00:00,NA,983.1,-13.7,80,NA
2021-05-27 03:00:00,NA,985.2,-15.5,77,NA
2021-05-27 06:00:00,NA,984.3,-15.4,77,NA
2021-05-27 09:00:00,NA,982.5,-15.5,77,NA
2021-05-27 12:00:00,NA,981.3,-15.4,82,NA
2021-05-27 15:00:00,977.7,980.8,-14.9,82,NA
2021-05-27 18:00:00,977.8,981,-14.4,83,NA
2021-05-27 21:00:00,978.6,981.8,-13.9,80,NA
2021-05-28 00:00:00,NA,984.8,-14.2,71,NA
2021-05-29 00:00:00,995.4,NA,NA,NA,NA
2021-05-29 03:00:00,996,999.2,-14.3,79,NA
2021-05-29 06:00:00,994.7,997.9,-14.4,83,NA
2021-05-29 09:00:00,996.2,999.4,-14.8,86,NA
2021-05-29 12:00:00,996.1,999.3,-15.3,73,NA
2021-05-29 15:00:00,994.6,997.9,-14.8,78,NA
2021-05-29 18:00:00,995.4,998.7,-15.2,82,NA
2021-05-29 21:00:00,995.8,999,-15.4,77,NA
2021-05-30 00:00:00,NA,999.7,-15.2,82,NA
2021-05-31 00:00:00,1000.8,NA,NA,NA,NA
2021-05-31 03:00:00,1002.5,1005.7,-13.5,76,NA
2021-05-31 06:00:00,1002.2,1005.5,-12.8,77,NA
2021-05-31 09:00:00,1004.8,1008,-13.1,77,NA
2021-05-31 10:00:00,1005.7,1008.9,-13.5,84,NA
2021-05-31 11:00:00,1005.6,1008.8,-14.1,84,NA
2021-05-31 12:00:00,1005.8,1009.1,-14,80,NA
2021-05-31 13:00:00,1005.4,1008.6,-13.2,77,NA
2021-05-31 14:00:00,NA,1008.8,-13.1,80,NA
2021-05-31 15:00:00,1005.7,1008.9,-13.3,76,NA
2021-05-31 16:00:00,1005.8,1009.1,-14.6,83,NA
2021-05-31 18:00:00,1005.8,1009,-12.2,78,NA
2021-05-31 21:00:00,1006.4,1009.6,-11.8,83,NA
2021-06-01 00:00:00,NA,1009.3,-11.7,83,NA
2021-06-02 00:00:00,999,NA,NA,NA,NA
2021-06-02 03:00:00,999.8,1003,-9.1,80,NA
2021-06-02 06:00:00,1001,1004.1,-11.2,83,NA
2021-06-02 09:00:00,1001,1004.2,-11.2,87,NA
2021-06-02 10:00:00,1001.2,1004.3,-12.3,82,NA
2021-06-02 11:00:00,1001.3,1004.4,-12.4,81,NA
2021-06-02 12:00:00,1001,1004.3,-13,84,NA
2021-06-02 13:00:00,1000.4,1003.5,-13.1,88,NA
2021-06-02 14:00:00,999.8,1002.9,-10.1,88,NA
2021-06-02 15:00:00,999.3,1002.4,-6.9,89,NA
2021-06-02 18:00:00,996.6,999.7,-4.4,94,NA
2021-06-02 21:00:00,995.2,998.3,-3.6,92,NA
2021-06-03 00:00:00,NA,997.6,-4.2,94,NA
2021-06-04 00:00:00,990.6,NA,NA,NA,NA
2021-06-04 03:00:00,988.6,991.7,-9.3,86,NA
2021-06-04 06:00:00,987,990.2,-9.5,85,NA
2021-06-04 09:00:00,988.2,991.4,-9.7,91,NA
2021-06-04 12:00:00,989.4,992.6,-9.1,88,NA
2021-06-04 13:00:00,990.4,993.5,-8.9,89,NA
2021-06-04 14:00:00,992.2,995.4,-7.2,91,NA
2021-06-04 15:00:00,993.2,996.3,-6.6,89,NA
2021-06-04 16:00:00,993.7,996.8,-5.3,90,NA
2021-06-04 17:00:00,994,997.1,-6.1,92,NA
2021-06-04 18:00:00,995.3,998.4,-9.4,88,NA
2021-06-04 21:00:00,995.8,999,-11.8,83,NA
2021-06-05 00:00:00,NA,998.5,-7.4,88,NA
2021-06-06 00:00:00,995.3,NA,NA,NA,NA
2021-06-06 03:00:00,994.5,997.6,-5.8,95,NA
2021-06-06 06:00:00,995.2,998.3,-8.3,86,NA
2021-06-06 09:00:00,996.6,999.8,-12.2,89,NA
2021-06-06 12:00:00,998.2,1001.4,-15.6,77,NA
2021-06-06 15:00:00,1000.4,1003.5,-17.6,79,NA
2021-06-06 18:00:00,1002.1,1005.3,-18.5,72,NA
2021-06-06 21:00:00,1003,1006.3,-17.7,79,NA
2021-06-07 00:00:00,NA,1007.6,-18,79,NA
2021-06-08 00:00:00,1001.2,NA,NA,NA,NA
2021-06-08 03:00:00,999.8,1003.1,-15.5,86,NA
2021-06-08 06:00:00,997.8,1001.1,-13.8,88,NA
2021-06-08 09:00:00,996.1,999.3,-10.4,90,NA
2021-06-08 12:00:00,NA,997.7,-9.7,91,NA
2021-06-08 15:00:00,NA,995.8,-4.8,96,NA
2021-06-08 18:00:00,NA,994.6,-4.4,96,NA
2021-06-08 21:00:00,NA,992.3,-3,97,NA
2021-06-09 00:00:00,NA,988.2,-2.4,94,NA
2021-06-10 00:00:00,975.4,NA,NA,NA,NA
2021-06-10 03:00:00,976.5,979.6,-12.4,89,NA
2021-06-10 06:00:00,977.4,980.6,-12.4,85,NA
2021-06-10 09:00:00,977.3,980.4,-12,85,NA
2021-06-10 12:00:00,978,981.1,-11.8,83,NA
2021-06-10 15:00:00,978.9,982,-12,82,NA
2021-06-10 18:00:00,980.4,983.5,-10.6,87,NA
2021-06-10 21:00:00,981.8,985,-10.4,84,NA
2021-06-11 00:00:00,NA,985.3,-10.4,88,NA
2021-06-12 00:00:00,993.3,NA,NA,NA,NA
2021-06-12 03:00:00,994.8,998,-14.9,74,NA
2021-06-12 06:00:00,996.1,999.3,-13.9,75,NA
2021-06-12 09:00:00,996.8,1000,-14.4,79,NA
2021-06-12 12:00:00,998,1001.2,-13.7,84,NA
2021-06-12 15:00:00,999.6,1002.8,-13,80,NA
2021-06-12 18:00:00,1000.2,1003.4,-12.9,81,NA
2021-06-12 21:00:00,1001,1004.2,-14,84,NA
2021-06-13 00:00:00,NA,1004.9,-13.5,88,NA
2021-06-14 00:00:00,997.6,NA,NA,NA,NA
2021-06-14 03:00:00,997,1000.1,-3.8,94,NA
2021-06-14 06:00:00,996.8,999.8,-2.5,96,NA
2021-06-14 09:00:00,995.8,998.9,-2.3,94,NA
2021-06-14 12:00:00,994.2,997.3,-1.6,96,NA
2021-06-14 15:00:00,995.2,998.2,-5.2,93,NA
2021-06-14 18:00:00,998.8,1001.9,-11,90,NA
2021-06-14 21:00:00,1000.6,1003.8,-15.4,82,NA
2021-06-15 00:00:00,NA,1007.1,-13.3,84,NA
2021-06-16 03:00:00,NA,1007.2,-2.8,95,NA
2021-06-16 06:00:00,NA,1006,-2.6,93,NA
2021-06-16 09:00:00,NA,1003.8,-2.4,98,NA
2021-06-16 10:00:00,NA,1001.2,2.4,87,NA
2021-06-16 11:00:00,NA,1000.3,4.4,71,NA
2021-06-16 12:00:00,NA,999.4,5.3,61,NA
2021-06-16 13:00:00,NA,999.3,5.1,62,NA
2021-06-16 15:00:00,997.6,1000.6,2.9,68,NA
2021-06-16 18:00:00,993.4,996.5,5.5,62,NA
2021-06-16 21:00:00,992.2,995.2,3.2,73,NA
2021-06-17 00:00:00,NA,992.2,2.8,73,NA
2021-06-18 00:00:00,990.5,NA,NA,NA,NA
2021-06-18 03:00:00,992.6,995.7,-10.3,88,NA
2021-06-18 06:00:00,996.1,999.2,-14,80,NA
2021-06-18 09:00:00,996.2,999.4,-14.8,83,NA
2021-06-18 11:00:00,996.8,999.9,-14.9,74,NA
2021-06-18 12:00:00,998,1001.1,-14.8,83,NA
2021-06-18 13:00:00,999.4,1002.6,-14.6,78,NA
2021-06-18 14:00:00,1000.5,1003.7,-15.1,82,NA
2021-06-18 15:00:00,1001,1004.2,-15.4,82,NA
2021-06-18 16:00:00,1001.8,1005.1,-15.7,77,NA
2021-06-18 17:00:00,1002,1005.2,-15.5,73,NA
2021-06-18 18:00:00,1002.2,1005.4,-15.4,77,NA
2021-06-18 21:00:00,1003,1006.2,-16.1,72,NA
2021-06-19 00:00:00,NA,1006,-15.4,77,NA
2021-06-19 21:00:00,989.4,NA,NA,NA,NA
2021-06-20 00:00:00,987,NA,NA,NA,NA
2021-06-20 03:00:00,985.4,988.4,-3.7,96,NA
2021-06-20 06:00:00,984.8,987.8,-8.3,86,NA
2021-06-20 08:00:00,NA,988.2,-9.4,79,NA
2021-06-20 09:00:00,985.2,988.2,-9.4,79,NA
2021-06-20 12:00:00,986.9,989.9,-9.4,86,NA
2021-06-20 15:00:00,987.7,990.7,-5.9,85,NA
2021-06-20 18:00:00,990.2,993.4,-4.8,84,NA
2021-06-20 21:00:00,993.6,996.7,-7.2,85,NA
2021-06-21 00:00:00,NA,999.5,-10.2,88,NA
2021-06-22 00:00:00,981.3,NA,NA,NA,NA
2021-06-22 03:00:00,976.8,979.8,-2.8,96,NA
2021-06-22 06:00:00,979.4,982.4,-7.1,83,NA
2021-06-22 09:00:00,984.9,987.9,-9.5,76,NA
2021-06-22 12:00:00,989,992,-11.7,83,NA
2021-06-22 15:00:00,NA,993.1,-9.1,77,NA
2021-06-22 18:00:00,NA,992,1.8,63,NA
2021-06-22 21:00:00,NA,992,2.6,79,NA
2021-06-23 00:00:00,NA,991.1,0.6,91,NA
2021-06-24 00:00:00,991.8,NA,NA,NA,NA
2021-06-24 03:00:00,992.2,995.3,-2.7,47,NA
2021-06-24 06:00:00,993,996.2,-2.2,65,NA
2021-06-24 09:00:00,993.2,996.2,2.1,55,NA
2021-06-24 12:00:00,994.2,997.2,0.6,78,NA
2021-06-24 15:00:00,995.2,998.2,-2.4,90,NA
2021-06-24 18:00:00,995.4,998.4,1.5,93,NA
2021-06-24 21:00:00,997.4,1000.4,1,95,NA
2021-06-25 00:00:00,NA,1000,0.1,94,NA
2021-06-26 00:00:00,986.9,NA,NA,NA,NA
2021-06-26 03:00:00,982.6,985.6,-0.4,96,NA
2021-06-26 06:00:00,982,985,1.5,93,NA
2021-06-26 09:00:00,983.4,986.5,1.1,97,NA
2021-06-26 12:00:00,NA,990.6,1.6,95,NA
2021-06-26 15:00:00,NA,993.8,-0.9,95,NA
2021-06-26 18:00:00,NA,996,-0.3,94,NA
2021-06-26 21:00:00,NA,998.7,-4.5,91,NA
2021-06-27 00:00:00,NA,999.2,-4.4,89,NA
2021-06-28 03:00:00,NA,990.4,-5.9,85,NA
2021-06-28 06:00:00,NA,989.7,1.5,89,NA
2021-06-28 09:00:00,NA,989.1,1.6,86,NA
2021-06-28 12:00:00,NA,989.3,2.6,70,NA
2021-06-28 15:00:00,NA,991.3,2.8,61,NA
2021-06-28 18:00:00,NA,991.9,1.7,68,NA
2021-06-28 21:00:00,NA,990.6,2,71,NA
2021-06-29 00:00:00,NA,990.4,-0.6,96,NA
2021-06-30 00:00:00,996,NA,NA,NA,NA
2021-06-30 03:00:00,993.6,996.6,1.6,56,NA
2021-06-30 06:00:00,992.2,995.3,1.1,78,NA
2021-06-30 09:00:00,990.6,993.6,-2.1,96,NA
2021-06-30 12:00:00,985,988,0.2,89,NA
2021-06-30 15:00:00,982.6,985.6,0.5,87,NA
2021-06-30 18:00:00,979.6,982.5,0.4,93,NA
2021-06-30 21:00:00,978.9,981.8,3.8,69,NA
2021-07-01 00:00:00,NA,983.8,-1.4,94,NA
