2021-01-07 00:00:00,983.4,NA,NA,NA,NA
2021-01-07 03:00:00,981.6,982.5,0.9,87,NA
2021-01-07 06:00:00,980.8,981.7,4.3,60,NA
2021-01-07 09:00:00,979.4,980.3,4.4,61,NA
2021-01-07 12:00:00,978.4,979.3,5.4,46,NA
2021-01-07 15:00:00,977,977.8,7.1,48,NA
2021-01-07 18:00:00,976.4,977.2,5,53,NA
2021-01-07 21:00:00,976.2,977.1,4,68,NA
2021-01-08 00:00:00,NA,977.4,1,85,NA
2021-01-09 00:00:00,978.4,NA,NA,NA,NA
2021-01-09 03:00:00,979.7,980.5,2,82,NA
2021-01-09 06:00:00,980.9,981.7,1.4,67,NA
2021-01-09 09:00:00,982.4,983.3,1.9,59,NA
2021-01-09 12:00:00,983.7,984.5,3,61,NA
2021-01-09 15:00:00,985,986,2.8,76,NA
2021-01-09 18:00:00,985.8,986.7,4.1,63,NA
2021-01-09 21:00:00,986,986.9,4.4,61,NA
2021-01-10 00:00:00,NA,987.2,2.8,45,NA
2021-01-11 00:00:00,990,NA,NA,NA,NA
2021-01-11 03:00:00,989.4,990.4,1.7,50,NA
2021-01-11 06:00:00,988.8,989.7,0.2,54,NA
2021-01-11 09:00:00,988.2,989,0.4,56,NA
2021-01-11 12:00:00,988,988.9,3.2,47,NA
2021-01-11 15:00:00,987.7,988.5,4.4,48,NA
2021-01-11 18:00:00,988.1,989,3.5,53,NA
2021-01-11 21:00:00,988.6,989.6,4.2,63,NA
2021-01-12 00:00:00,NA,990.1,3.7,48,NA
2021-01-13 00:00:00,992.4,NA,NA,NA,NA
2021-01-13 03:00:00,991.8,992.7,0.7,79,NA
2021-01-13 06:00:00,990.8,991.7,0,96,NA
2021-01-13 09:00:00,NA,988.8,0.4,79,NA
2021-01-13 12:00:00,983.7,984.5,0.6,81,NA
2021-01-13 15:00:00,978.1,979,1.5,67,NA
2021-01-13 18:00:00,973.8,974.7,-0.1,82,NA
2021-01-13 21:00:00,973,973.8,-0.5,84,NA
2021-01-14 00:00:00,NA,973.4,-1,62,NA
2021-01-15 00:00:00,995,NA,NA,NA,NA
2021-01-15 03:00:00,997.4,998.4,-0.8,87,NA
2021-01-15 06:00:00,999.4,1000.3,-0.6,88,NA
2021-01-15 09:00:00,1001,1002,-0.2,79,NA
2021-01-15 12:00:00,1001.2,1002.1,0.2,78,NA
2021-01-15 15:00:00,1000.9,1001.8,0.4,80,NA
2021-01-15 18:00:00,1000,1000.9,1.4,70,NA
2021-01-15 21:00:00,998.9,999.8,1.7,69,NA
2021-01-16 00:00:00,NA,997.5,2.2,65,NA
2021-01-17 00:00:00,985.4,NA,NA,NA,NA
2021-01-17 03:00:00,985.8,986.8,1.8,86,NA
2021-01-17 06:00:00,985.6,986.5,2.6,86,NA
2021-01-17 09:00:00,985.4,986.3,2.5,84,NA
2021-01-17 12:00:00,985.4,986.3,2.9,83,NA
2021-01-17 15:00:00,984.6,985.5,2.4,83,NA
2021-01-17 18:00:00,NA,985.6,3.2,83,NA
2021-01-17 21:00:00,NA,987,1.5,91,NA
2021-01-18 00:00:00,NA,988.9,1.6,89,NA
2021-01-19 03:00:00,NA,989.7,2.8,53,NA
2021-01-19 06:00:00,NA,990,2.6,57,NA
2021-01-19 09:00:00,NA,990.5,2.4,60,NA
2021-01-19 12:00:00,NA,990.8,3.3,54,NA
2021-01-19 15:00:00,NA,992.1,3.2,62,NA
2021-01-19 18:00:00,NA,992.9,3.2,86,NA
2021-01-19 21:00:00,NA,993.2,3.1,70,NA
2021-01-20 00:00:00,NA,991.9,2.2,74,NA
2021-01-21 03:00:00,NA,966.3,2.6,49,NA
2021-01-21 06:00:00,NA,966.5,2.8,49,NA
2021-01-21 09:00:00,NA,969.6,3,61,NA
2021-01-21 12:00:00,NA,971.7,1.8,82,NA
2021-01-21 15:00:00,NA,975.5,0.8,89,NA
2021-01-21 18:00:00,NA,978.6,1.1,85,NA
2021-01-21 21:00:00,NA,981,1.2,81,NA
2021-01-22 00:00:00,NA,981.6,1.2,79,NA
2021-01-23 03:00:00,NA,983,-0.2,74,NA
2021-01-23 06:00:00,NA,983.1,-0.3,78,NA
2021-01-23 09:00:00,NA,983.2,-0.2,73,NA
2021-01-23 12:00:00,NA,982.9,1.7,57,NA
2021-01-23 15:00:00,NA,982.8,2.9,58,NA
2021-01-23 18:00:00,NA,982.4,6.5,39,NA
2021-01-23 21:00:00,NA,983,5.9,42,NA
2021-01-24 00:00:00,NA,983.6,3.4,44,NA
2021-01-25 03:00:00,NA,989.3,1.6,46,NA
2021-01-25 06:00:00,NA,988.2,1.2,45,NA
2021-01-25 09:00:00,NA,987,2.3,50,NA
2021-01-25 12:00:00,NA,984.9,2.9,48,NA
2021-01-25 15:00:00,NA,984.2,2.2,63,NA
2021-01-25 18:00:00,NA,984.6,3.5,41,NA
2021-01-25 21:00:00,NA,985.8,3,58,NA
2021-01-26 00:00:00,NA,985.9,3.6,42,NA
2021-01-26 15:00:00,985.3,NA,4.3,54,NA
2021-01-26 18:00:00,986.1,NA,3.9,59,NA
2021-01-27 03:00:00,NA,989.9,0.7,81,NA
2021-01-27 06:00:00,NA,990.5,-0.4,82,NA
2021-01-27 09:00:00,NA,990.6,-0.8,82,NA
2021-01-27 12:00:00,NA,990.3,-0.6,80,NA
2021-01-27 15:00:00,NA,989.9,0.2,79,NA
2021-01-27 18:00:00,NA,989,-0.2,88,NA
2021-01-27 21:00:00,NA,989.2,-0.4,92,NA
2021-01-28 00:00:00,NA,988.2,-0.7,90,NA
2021-01-29 03:00:00,NA,989.8,-0.2,85,NA
2021-01-29 06:00:00,NA,989.5,-0.3,87,NA
2021-01-29 09:00:00,NA,989.8,-0.5,92,NA
2021-01-29 12:00:00,NA,990.5,-0.5,78,NA
2021-01-29 15:00:00,NA,990.3,-0.2,79,NA
2021-01-29 18:00:00,NA,989.8,0,78,NA
2021-01-29 21:00:00,NA,989.6,0.6,75,NA
2021-01-30 00:00:00,NA,988.9,0.4,89,NA
2021-01-31 03:00:00,977.2,978.1,0.6,96,NA
2021-01-31 06:00:00,976,976.9,0,96,NA
2021-01-31 09:00:00,974.4,975.3,0.3,98,NA
2021-01-31 12:00:00,971.8,972.6,3.2,57,NA
2021-01-31 15:00:00,968.1,968.9,3.6,56,NA
2021-01-31 18:00:00,963.8,964.7,3,57,NA
2021-01-31 21:00:00,960.9,961.8,0.1,84,NA
2021-02-01 00:00:00,957.8,958.6,-1.9,86,NA
2021-02-02 00:00:00,970.2,NA,NA,NA,NA
2021-02-02 03:00:00,972.9,973.7,0.8,89,NA
2021-02-02 06:00:00,975.6,976.5,0.6,61,NA
2021-02-02 09:00:00,978.5,979.4,0.6,71,NA
2021-02-02 12:00:00,980.2,981.2,1.5,54,NA
2021-02-02 15:00:00,981.8,982.7,2,65,NA
2021-02-02 18:00:00,982.6,983.6,2.9,51,NA
2021-02-02 21:00:00,984.1,985,3.8,48,NA
2021-02-03 00:00:00,NA,985.7,2.1,65,NA
2021-02-04 00:00:00,994.8,NA,NA,NA,NA
2021-02-04 03:00:00,993.7,994.6,0,80,NA
2021-02-04 06:00:00,992,992.9,0.2,82,NA
2021-02-04 09:00:00,991,991.9,0,74,NA
2021-02-04 12:00:00,989.8,990.7,0.4,74,NA
2021-02-04 15:00:00,988.8,989.7,0.1,83,NA
2021-02-04 18:00:00,987.4,988.3,0.6,82,NA
2021-02-04 21:00:00,986.4,987.2,0.8,85,NA
2021-02-05 00:00:00,NA,986.3,-0.1,98,NA
2021-02-05 03:00:00,NA,985.9,-0.5,98,NA
2021-02-05 06:00:00,NA,986.3,-1.7,94,NA
2021-02-05 09:00:00,NA,987.7,-2.2,90,NA
2021-02-05 12:00:00,NA,989.5,-0.7,90,NA
2021-02-05 15:00:00,NA,990.9,0.4,87,NA
2021-02-05 18:00:00,NA,992.5,1.6,78,NA
2021-02-05 21:00:00,NA,993.7,1.6,78,NA
2021-02-06 00:00:00,993,993.9,1.7,80,NA
2021-02-06 03:00:00,992.4,NA,NA,NA,NA
2021-02-06 06:00:00,990.8,NA,NA,NA,NA
2021-02-06 09:00:00,989.4,NA,NA,NA,NA
2021-02-06 12:00:00,987.6,NA,NA,NA,NA
2021-02-06 15:00:00,985,NA,NA,NA,NA
2021-02-06 18:00:00,983,NA,NA,NA,NA
2021-02-06 21:00:00,981.2,NA,NA,NA,NA
2021-02-08 00:00:00,995.4,NA,NA,NA,NA
2021-02-08 03:00:00,995,996,0.4,89,NA
2021-02-08 06:00:00,994.8,995.7,-0.3,86,NA
2021-02-08 09:00:00,NA,994.6,-1.5,72,NA
2021-02-08 12:00:00,NA,994,0.7,63,NA
2021-02-08 15:00:00,NA,991.7,0.4,77,NA
2021-02-08 18:00:00,NA,988.9,1.1,72,NA
2021-02-08 21:00:00,NA,987.1,1.7,66,NA
2021-02-09 00:00:00,NA,986.3,1,89,NA
2021-02-10 03:00:00,NA,982.9,6.8,58,NA
2021-02-10 06:00:00,NA,983.2,5.2,67,NA
2021-02-10 09:00:00,NA,985,3.9,77,NA
2021-02-10 12:00:00,NA,986.9,2.9,80,NA
2021-02-10 15:00:00,NA,988.7,3.1,78,NA
2021-02-10 18:00:00,NA,990.5,3.6,72,NA
2021-02-10 21:00:00,NA,991.6,5.4,62,NA
2021-02-11 00:00:00,988.8,NA,5.9,56,NA
2021-02-11 03:00:00,987.4,NA,4.5,60,NA
2021-02-11 06:00:00,983.6,NA,2.9,74,NA
2021-02-11 09:00:00,978,NA,2.3,77,NA
2021-02-11 12:00:00,970.2,NA,5.9,66,NA
2021-02-11 15:00:00,965.7,NA,9,53,NA
2021-02-11 18:00:00,964.2,NA,9.5,51,NA
2021-02-11 21:00:00,967,NA,7.3,54,NA
2021-02-12 03:00:00,NA,972.6,4.7,58,NA
2021-02-12 06:00:00,NA,972.8,4.5,58,NA
2021-02-12 09:00:00,NA,973.4,4.2,63,NA
2021-02-12 12:00:00,NA,975.8,1,92,NA
2021-02-12 15:00:00,NA,975.2,1.7,82,NA
2021-02-12 18:00:00,NA,972.2,4.8,60,NA
2021-02-12 21:00:00,NA,967.1,4.1,62,NA
2021-02-13 00:00:00,960.6,NA,5,67,NA
2021-02-13 03:00:00,958.2,NA,4,55,NA
2021-02-13 06:00:00,962.9,NA,3.6,60,NA
2021-02-13 09:00:00,964.2,NA,2.4,62,NA
2021-02-13 12:00:00,964.1,NA,4.3,48,NA
2021-02-13 15:00:00,965.6,NA,3.6,44,NA
2021-02-13 18:00:00,967.7,NA,5,48,NA
2021-02-13 21:00:00,970.4,NA,2.9,57,NA
2021-02-14 03:00:00,NA,975.4,1.4,71,NA
2021-02-14 06:00:00,NA,978.5,1.2,85,NA
2021-02-14 09:00:00,NA,981.8,0.5,89,NA
2021-02-14 12:00:00,NA,983,1.1,79,NA
2021-02-14 15:00:00,NA,983.3,1.5,73,NA
2021-02-14 18:00:00,NA,983.1,2.4,55,NA
2021-02-14 21:00:00,NA,982,2.4,57,NA
2021-02-15 00:00:00,979.2,NA,1.8,78,NA
2021-02-15 03:00:00,976,NA,2.6,68,NA
2021-02-15 06:00:00,973,NA,3.7,59,NA
2021-02-15 09:00:00,970.2,NA,4.7,61,NA
2021-02-15 12:00:00,968.8,NA,5.2,60,NA
2021-02-15 15:00:00,967.7,NA,5,61,NA
2021-02-15 18:00:00,968.5,NA,3.4,74,NA
2021-02-15 21:00:00,968.8,NA,5.2,61,NA
2021-02-16 03:00:00,NA,968.5,2.2,89,NA
2021-02-16 06:00:00,NA,969.3,0.4,96,NA
2021-02-16 09:00:00,NA,970.9,0.9,94,NA
2021-02-16 12:00:00,NA,973.6,2.5,81,NA
2021-02-16 15:00:00,NA,975.5,1.3,91,NA
2021-02-16 18:00:00,NA,976.7,1.6,89,NA
2021-02-16 21:00:00,NA,978.7,1,92,NA
2021-02-17 00:00:00,979.3,NA,1.7,76,NA
2021-02-17 03:00:00,981.4,NA,2.6,70,NA
2021-02-17 06:00:00,984.5,NA,2.6,68,NA
2021-02-17 09:00:00,986.4,NA,3.3,55,NA
2021-02-17 12:00:00,987.8,NA,3.2,58,NA
2021-02-17 15:00:00,989.3,NA,3.1,76,NA
2021-02-17 18:00:00,990.6,NA,2,87,NA
2021-02-17 21:00:00,990.5,NA,2.2,82,NA
2021-02-18 03:00:00,NA,989.5,1,87,NA
2021-02-18 06:00:00,NA,987.3,0.9,83,NA
2021-02-18 09:00:00,NA,985.9,0.6,92,NA
2021-02-18 12:00:00,NA,983.3,1,89,NA
2021-02-18 15:00:00,NA,981.3,3.7,75,NA
2021-02-18 18:00:00,NA,980.4,4,75,NA
2021-02-18 21:00:00,NA,978.9,2.5,83,NA
2021-02-19 00:00:00,978.1,NA,1,90,NA
2021-02-19 03:00:00,977.7,NA,0,90,NA
2021-02-19 06:00:00,977,NA,-0.1,97,NA
2021-02-19 09:00:00,976.9,NA,-0.8,95,NA
2021-02-19 12:00:00,976.6,NA,-0.5,89,NA
2021-02-19 15:00:00,976.6,NA,-0.4,91,NA
2021-02-19 18:00:00,977.8,NA,-0.2,91,NA
2021-02-19 21:00:00,979,NA,-0.2,91,NA
2021-02-20 03:00:00,NA,982.3,0.3,92,NA
2021-02-20 06:00:00,NA,983.7,0.6,85,NA
2021-02-20 09:00:00,NA,984.5,0.4,94,NA
2021-02-20 12:00:00,NA,985.7,0.6,89,NA
2021-02-20 15:00:00,NA,986.6,1.6,97,NA
2021-02-20 18:00:00,NA,987.6,1.1,89,NA
2021-02-20 21:00:00,NA,988.8,0.9,85,NA
2021-02-21 00:00:00,989.2,NA,0.3,82,NA
2021-02-21 03:00:00,990.1,NA,-1.3,97,NA
2021-02-21 06:00:00,990.4,NA,-1,85,NA
2021-02-21 09:00:00,990.9,NA,-0.6,84,NA
2021-02-21 12:00:00,990.9,NA,-0.3,82,NA
2021-02-21 15:00:00,991.3,NA,0.2,77,NA
2021-02-21 18:00:00,991.3,NA,-0.3,82,NA
2021-02-21 21:00:00,991.8,NA,-0.3,86,NA
2021-02-22 03:00:00,NA,990.9,-1.4,86,NA
2021-02-22 06:00:00,NA,988.8,-1.2,87,NA
2021-02-22 09:00:00,NA,986.1,-1.1,77,NA
2021-02-22 12:00:00,NA,983.7,-0.5,72,NA
2021-02-22 15:00:00,NA,980.1,1.3,60,NA
2021-02-22 18:00:00,NA,978.1,1.8,60,NA
2021-02-22 21:00:00,NA,976.7,0.7,79,NA
2021-02-23 00:00:00,976.1,NA,0.2,70,NA
2021-02-23 03:00:00,976.5,NA,0,90,NA
2021-02-23 06:00:00,976.6,NA,-0.1,95,NA
2021-02-23 09:00:00,975.7,NA,0.6,74,NA
2021-02-23 12:00:00,973.4,NA,0.2,83,NA
2021-02-23 15:00:00,969.7,NA,2,64,NA
2021-02-23 18:00:00,966.6,NA,-0.2,73,NA
2021-02-23 21:00:00,965,NA,-3.2,90,NA
2021-02-24 03:00:00,NA,966,-3.2,91,NA
2021-02-24 06:00:00,NA,966.5,-2.6,93,NA
2021-02-24 09:00:00,NA,968,-2.5,92,NA
2021-02-24 12:00:00,NA,969.7,-2.5,89,NA
2021-02-24 15:00:00,NA,970.9,-0.9,74,NA
2021-02-24 18:00:00,NA,973.1,0.2,74,NA
2021-02-24 21:00:00,NA,973.1,0.4,60,NA
2021-02-25 00:00:00,972.9,NA,-1.4,60,NA
2021-02-25 03:00:00,973,NA,-1.4,57,NA
2021-02-25 06:00:00,973.7,NA,-1.4,66,NA
2021-02-25 09:00:00,975.4,NA,-1.6,55,NA
2021-02-25 12:00:00,978.1,NA,-1.7,68,NA
2021-02-25 15:00:00,980.4,NA,-0.8,74,NA
2021-02-25 18:00:00,982.1,NA,-0.3,84,NA
2021-02-25 21:00:00,984.2,NA,0.4,78,NA
2021-02-26 03:00:00,NA,988,-0.4,73,NA
2021-02-26 06:00:00,NA,988,-0.8,85,NA
2021-02-26 09:00:00,NA,987.4,-1,77,NA
2021-02-26 12:00:00,NA,985.9,0.5,87,NA
2021-02-26 15:00:00,NA,983.4,3.5,43,NA
2021-02-26 18:00:00,NA,980.2,2.5,52,NA
2021-02-26 21:00:00,NA,976.5,0.2,71,NA
2021-02-27 00:00:00,972,NA,-2.3,71,NA
2021-02-27 03:00:00,968.6,NA,-5.1,87,NA
2021-02-27 06:00:00,967.2,NA,-4,82,NA
2021-02-27 09:00:00,968.8,NA,-4.3,82,NA
2021-02-27 12:00:00,970.1,NA,-1.4,70,NA
2021-02-27 15:00:00,971.4,NA,0.4,74,NA
2021-02-27 18:00:00,971.3,NA,1.6,69,NA
2021-02-27 21:00:00,970.6,NA,4.6,56,NA
2021-02-28 03:00:00,NA,967.5,1.4,73,NA
2021-02-28 06:00:00,NA,964.8,0.9,63,NA
2021-02-28 09:00:00,NA,964.3,-0.5,84,NA
2021-02-28 12:00:00,NA,964.2,0.5,78,NA
2021-02-28 15:00:00,NA,964.7,0,88,NA
2021-02-28 18:00:00,NA,965.5,1.2,78,NA
2021-02-28 21:00:00,NA,968.9,0.3,94,NA
2021-03-01 00:00:00,NA,972.7,-0.6,90,NA
2021-03-02 03:00:00,NA,975.3,4,52,NA
2021-03-02 06:00:00,NA,974.1,3.6,61,NA
2021-03-02 09:00:00,NA,975.9,2.3,81,NA
2021-03-02 12:00:00,NA,976.5,1.8,75,NA
2021-03-02 15:00:00,NA,977.6,0.5,94,NA
2021-03-02 18:00:00,978.2,979.1,0.3,92,NA
2021-03-02 21:00:00,981.2,982.1,-0.2,96,NA
2021-03-03 00:00:00,NA,986.1,-1.8,94,NA
2021-03-04 00:00:00,984.8,NA,NA,NA,NA
2021-03-04 03:00:00,982.6,983.6,4.2,65,NA
2021-03-04 06:00:00,981.4,982.3,4.6,60,NA
2021-03-04 09:00:00,980.8,981.6,3.5,67,NA
2021-03-04 12:00:00,980.2,981,3.4,59,NA
2021-03-04 15:00:00,982.5,983.4,0,96,NA
2021-03-04 18:00:00,983.8,984.7,0.9,75,NA
2021-03-04 21:00:00,984.5,985.3,0.6,72,NA
2021-03-05 00:00:00,NA,985.9,-0.2,85,NA
2021-03-06 00:00:00,971.2,NA,NA,NA,NA
2021-03-06 03:00:00,971.6,972.5,-0.4,96,NA
2021-03-06 06:00:00,NA,973.5,-0.7,95,NA
2021-03-06 07:00:00,NA,974.1,-1.6,94,NA
2021-03-06 09:00:00,973.4,974.3,-1.6,94,NA
2021-03-06 10:00:00,973.6,974.5,-1.3,95,NA
2021-03-06 11:00:00,973.8,974.7,-0.8,97,NA
2021-03-06 12:00:00,NA,975.2,-1,99,NA
2021-03-06 13:00:00,974.2,975.1,-0.6,97,NA
2021-03-06 14:00:00,974.4,975.3,-0.5,98,NA
2021-03-06 15:00:00,974.6,975.6,-0.9,99,NA
2021-03-06 16:00:00,974.8,975.7,0.1,98,NA
2021-03-06 17:00:00,974.8,975.7,0.2,96,NA
2021-03-06 18:00:00,974.9,975.8,0,98,NA
2021-03-06 20:00:00,974.8,975.7,-1.6,66,NA
2021-03-06 21:00:00,974.6,975.6,-1.8,68,NA
2021-03-06 22:00:00,974.4,975.3,-2.8,73,NA
2021-03-06 23:00:00,974.2,975.1,-4,78,NA
2021-03-07 00:00:00,NA,974.8,-4.2,80,NA
2021-03-08 00:00:00,972.6,NA,NA,NA,NA
2021-03-08 03:00:00,973.3,974.2,-7.2,76,NA
2021-03-08 06:00:00,975,976,-6.2,78,NA
2021-03-08 09:00:00,976.9,977.8,-6.5,86,NA
2021-03-08 12:00:00,979,979.9,-3,82,NA
2021-03-08 15:00:00,980.2,981.2,-2.1,59,NA
2021-03-08 18:00:00,980.9,981.8,0,55,NA
2021-03-08 21:00:00,980.8,981.7,-1.1,81,NA
2021-03-09 00:00:00,NA,981.5,-3.2,74,NA
2021-03-10 00:00:00,973.8,NA,NA,NA,NA
2021-03-10 03:00:00,972.2,973.2,-4.2,56,NA
2021-03-10 06:00:00,971,971.9,-5.4,68,NA
2021-03-10 09:00:00,NA,970,-0.4,73,NA
2021-03-10 12:00:00,968.2,969.2,-1.2,77,NA
2021-03-10 15:00:00,965.7,966.6,0,62,NA
2021-03-10 18:00:00,962.6,963.5,-4.2,78,NA
2021-03-10 21:00:00,961.4,962.3,-6.2,94,NA
2021-03-11 00:00:00,NA,960.1,-6.9,94,NA
2021-03-12 00:00:00,962.9,NA,NA,NA,NA
2021-03-12 03:00:00,962.2,963.1,0.2,67,NA
2021-03-12 06:00:00,962.2,963,0.4,62,NA
2021-03-12 09:00:00,961.4,962.2,0.7,54,NA
2021-03-12 12:00:00,961.3,962.1,0.6,75,NA
2021-03-12 15:00:00,960.6,961.5,0.6,73,NA
2021-03-12 18:00:00,959.6,960.4,0.4,74,NA
2021-03-12 21:00:00,958.9,959.7,0,78,NA
2021-03-13 00:00:00,NA,960.1,0.4,56,NA
2021-03-14 03:00:00,NA,990.1,-2.9,73,NA
2021-03-14 06:00:00,NA,992.6,-2.7,73,NA
2021-03-14 09:00:00,NA,995.3,-2.2,69,NA
2021-03-14 12:00:00,NA,997.1,-2.6,98,NA
2021-03-14 15:00:00,NA,998.6,-1.2,75,NA
2021-03-14 18:00:00,NA,998.2,0,75,NA
2021-03-14 21:00:00,NA,997.2,0.6,71,NA
2021-03-15 00:00:00,NA,995.5,0.1,81,NA
2021-03-15 12:00:00,986.2,NA,1.9,75,NA
2021-03-15 15:00:00,984.1,NA,0.9,82,NA
2021-03-15 18:00:00,981.8,NA,1,81,NA
2021-03-16 03:00:00,NA,978.5,0.8,82,NA
2021-03-16 06:00:00,NA,978,0.1,83,NA
2021-03-16 09:00:00,NA,978.1,0.6,75,NA
2021-03-16 12:00:00,NA,979.7,0,88,NA
2021-03-16 15:00:00,NA,980.3,-1.9,92,NA
2021-03-16 18:00:00,NA,981.8,-2.1,98,NA
2021-03-16 21:00:00,NA,981.6,-1.4,88,NA
2021-03-17 00:00:00,981.3,NA,-0.9,99,NA
2021-03-17 03:00:00,978.2,NA,-0.4,84,NA
2021-03-17 06:00:00,973.8,NA,-1.1,80,NA
2021-03-17 09:00:00,967.4,NA,0,77,NA
2021-03-17 12:00:00,961.8,NA,1.6,74,NA
2021-03-18 03:00:00,NA,952.4,-0.7,78,NA
2021-03-18 06:00:00,NA,951.5,0.2,79,NA
2021-03-18 09:00:00,NA,952,-0.2,80,NA
2021-03-18 12:00:00,NA,954.7,-2,86,NA
2021-03-18 15:00:00,NA,957.9,-2,80,NA
2021-03-18 18:00:00,NA,960.4,-2.4,90,NA
2021-03-18 21:00:00,NA,961.2,-2.8,91,NA
2021-03-19 00:00:00,960.8,NA,-3.4,90,NA
2021-03-19 03:00:00,960.5,NA,-2.9,83,NA
2021-03-19 06:00:00,960,NA,-3.1,88,NA
2021-03-19 09:00:00,959.8,NA,-4,82,NA
2021-03-19 12:00:00,960.6,NA,-4,73,NA
2021-03-19 15:00:00,961.4,NA,-1.9,54,NA
2021-03-19 18:00:00,962.6,NA,-3.6,69,NA
2021-03-19 21:00:00,964.2,NA,-3.3,76,NA
2021-03-20 03:00:00,NA,969.7,-4.4,80,NA
2021-03-20 06:00:00,NA,971.3,-3.9,83,NA
2021-03-20 09:00:00,NA,973.1,-5.2,79,NA
2021-03-20 12:00:00,NA,974.2,-4.6,85,NA
2021-03-20 15:00:00,NA,975.1,-3.2,77,NA
2021-03-20 18:00:00,NA,976.3,-1.6,74,NA
2021-03-20 21:00:00,NA,976.8,-3.1,73,NA
2021-03-21 00:00:00,977,NA,-6,70,NA
2021-03-21 03:00:00,978.4,NA,-7,74,NA
2021-03-21 06:00:00,980.6,NA,-7,77,NA
2021-03-21 09:00:00,984,NA,-5.4,76,NA
2021-03-21 12:00:00,987.4,NA,-3.7,85,NA
2021-03-21 15:00:00,990.8,NA,-2.3,71,NA
2021-03-21 21:00:00,993.2,NA,-2.2,73,NA
2021-03-22 03:00:00,NA,998.9,-5.9,73,NA
2021-03-22 06:00:00,NA,999,-6.8,77,NA
2021-03-22 09:00:00,NA,999.6,-7.4,76,NA
2021-03-22 12:00:00,NA,999.9,-6.4,66,NA
2021-03-22 15:00:00,NA,998.8,-4,76,NA
2021-03-22 18:00:00,NA,998.5,-1.2,75,NA
2021-03-22 21:00:00,NA,998.3,-1.9,84,NA
2021-03-23 00:00:00,996.9,NA,-4.4,70,NA
2021-03-23 03:00:00,996.8,NA,-4.6,84,NA
2021-03-23 06:00:00,997.2,NA,-5.5,81,NA
2021-03-23 09:00:00,997.4,NA,-4.9,76,NA
2021-03-23 12:00:00,998.5,NA,-3.2,78,NA
2021-03-23 15:00:00,999.8,NA,-0.8,77,NA
2021-03-23 18:00:00,1000.8,NA,0.1,62,NA
2021-03-23 21:00:00,1002.2,NA,0.6,66,NA
2021-03-24 03:00:00,NA,1005.4,1,43,NA
2021-03-24 06:00:00,NA,1005.8,-1.9,78,NA
2021-03-24 09:00:00,NA,1006.9,-0.2,77,NA
2021-03-24 12:00:00,NA,1006.9,-1.2,83,NA
2021-03-24 15:00:00,NA,1006.8,-1.6,90,NA
2021-03-24 18:00:00,NA,1006.8,-1.2,87,NA
2021-03-24 21:00:00,NA,1005.9,-1.2,91,NA
2021-03-25 00:00:00,1004.2,NA,-1.6,86,NA
2021-03-25 06:00:00,999.8,NA,-1.5,88,NA
2021-03-25 09:00:00,999.6,NA,-2,85,NA
2021-03-25 15:00:00,996.1,NA,-1,87,NA
2021-03-25 18:00:00,994.6,NA,-1.9,83,NA
2021-03-25 21:00:00,993,NA,-1.9,77,NA
2021-03-26 03:00:00,NA,992.1,-2.8,73,NA
2021-03-26 06:00:00,NA,991.6,-3.6,71,NA
2021-03-26 09:00:00,NA,991.6,-4.1,69,NA
2021-03-26 12:00:00,NA,991.3,-4.6,70,NA
2021-03-26 15:00:00,NA,991,-0.4,71,NA
2021-03-26 18:00:00,NA,990.7,-0.2,69,NA
2021-03-26 21:00:00,NA,990.1,-0.6,76,NA
2021-03-27 00:00:00,988.5,NA,-0.1,79,NA
2021-03-27 03:00:00,986.2,NA,-0.6,87,NA
2021-03-27 06:00:00,982.5,NA,1.2,65,NA
2021-03-27 09:00:00,978.6,NA,0.2,74,NA
2021-03-27 12:00:00,980.4,NA,2.2,64,NA
2021-03-27 15:00:00,983.8,NA,2.8,67,NA
2021-03-27 18:00:00,987.4,NA,-1.2,82,NA
2021-03-27 21:00:00,988.1,NA,-0.8,83,NA
2021-03-28 03:00:00,NA,988.9,-0.3,84,NA
2021-03-28 06:00:00,NA,988.4,-1,77,NA
2021-03-28 09:00:00,NA,989.2,-2.8,75,NA
2021-03-28 12:00:00,NA,989.9,-2.2,80,NA
2021-03-28 15:00:00,NA,990.7,-0.4,82,NA
2021-03-28 18:00:00,NA,990.5,0.2,85,NA
2021-03-28 21:00:00,NA,989.8,-1.5,85,NA
2021-03-29 00:00:00,988.1,NA,-2.4,81,NA
2021-03-29 03:00:00,986.6,NA,-1.8,82,NA
2021-03-29 06:00:00,987.6,NA,-0.4,76,NA
2021-03-29 09:00:00,988.2,NA,-0.9,81,NA
2021-03-29 12:00:00,989.7,NA,1.6,71,NA
2021-03-29 15:00:00,990.6,NA,2.8,66,NA
2021-03-29 18:00:00,992.1,NA,4.4,52,NA
2021-03-29 21:00:00,991.6,NA,4.3,54,NA
2021-03-30 03:00:00,NA,990.8,4.2,49,NA
2021-03-30 06:00:00,NA,985.4,3.6,56,NA
2021-03-30 09:00:00,NA,985.6,3.7,56,NA
2021-03-30 12:00:00,NA,988.2,2,82,NA
2021-03-30 15:00:00,NA,991.6,-0.2,96,NA
2021-03-30 18:00:00,NA,994.3,0.8,85,NA
2021-03-30 21:00:00,NA,997.6,0,79,NA
2021-03-31 00:00:00,998.1,NA,-1.6,66,NA
2021-03-31 03:00:00,996.9,NA,0,64,NA
2021-03-31 09:00:00,990.2,NA,4.6,59,NA
2021-03-31 15:00:00,987,NA,4.3,64,NA
2021-03-31 18:00:00,989.7,NA,2.4,84,NA
2021-03-31 21:00:00,994.2,NA,-0.5,85,NA
2021-04-01 03:00:00,NA,995.7,0.7,77,NA
2021-04-01 06:00:00,NA,995.9,0.4,87,NA
2021-04-01 09:00:00,NA,996.2,0.1,84,NA
2021-04-01 12:00:00,NA,996.1,0.4,82,NA
2021-04-01 15:00:00,NA,993.9,0.6,71,NA
2021-04-01 18:00:00,NA,990,0.4,73,NA
2021-04-01 21:00:00,NA,986,0.6,73,NA
2021-04-02 00:00:00,982.8,NA,0.4,77,NA
2021-04-02 03:00:00,983.3,NA,-1.3,84,NA
2021-04-02 06:00:00,985,NA,-1.8,90,NA
2021-04-02 09:00:00,986.4,NA,-0.2,76,NA
2021-04-02 12:00:00,985.4,NA,-0.3,74,NA
2021-04-02 15:00:00,984.1,NA,-1.6,82,NA
2021-04-02 18:00:00,983.3,NA,-1.1,79,NA
2021-04-02 21:00:00,983.6,NA,-1.6,86,NA
2021-04-03 03:00:00,NA,981.5,1.4,66,NA
2021-04-03 06:00:00,NA,982.2,0.6,82,NA
2021-04-03 09:00:00,NA,981.7,0.1,81,NA
2021-04-03 12:00:00,NA,982.3,-1.8,90,NA
2021-04-03 15:00:00,NA,982.9,-0.9,82,NA
2021-04-03 18:00:00,NA,982.8,-1.6,74,NA
2021-04-03 21:00:00,NA,982.4,-1.2,75,NA
2021-04-04 00:00:00,982,NA,-1.6,90,NA
2021-04-04 03:00:00,982.6,NA,-1.9,92,NA
2021-04-04 06:00:00,984,NA,-2.2,89,NA
2021-04-04 09:00:00,985.8,NA,-3,79,NA
2021-04-04 12:00:00,987.8,NA,-5.8,84,NA
2021-04-04 15:00:00,990.2,NA,-1.5,74,NA
2021-04-04 18:00:00,991.8,NA,-1.7,80,NA
2021-04-04 21:00:00,993.2,NA,-2.7,70,NA
2021-04-05 03:00:00,NA,995.6,-2,74,NA
2021-04-05 06:00:00,NA,995.5,-2.2,83,NA
2021-04-05 09:00:00,NA,993.7,-2.8,82,NA
2021-04-05 12:00:00,NA,992.6,-1,82,NA
2021-04-05 15:00:00,NA,993.1,0.8,68,NA
2021-04-05 18:00:00,NA,994.7,2,64,NA
2021-04-05 21:00:00,NA,997.7,-0.4,79,NA
2021-04-06 00:00:00,998.6,NA,-0.6,84,NA
2021-04-06 03:00:00,999,NA,-0.9,85,NA
2021-04-06 06:00:00,998.8,NA,-1.6,73,NA
2021-04-06 09:00:00,997.8,NA,-0.8,83,NA
2021-04-06 12:00:00,996.6,NA,-0.8,75,NA
2021-04-06 15:00:00,994.8,NA,-0.3,74,NA
2021-04-06 18:00:00,993.4,NA,-0.1,84,NA
2021-04-06 21:00:00,991,NA,-0.7,78,NA
2021-04-07 03:00:00,NA,986.9,-0.6,90,NA
2021-04-07 06:00:00,NA,984.8,5.1,56,NA
2021-04-07 09:00:00,NA,981.5,5.4,61,NA
2021-04-07 12:00:00,NA,978.6,5.6,50,NA
2021-04-07 15:00:00,NA,976.1,4.2,59,NA
2021-04-07 18:00:00,NA,977.6,-0.4,96,NA
2021-04-07 21:00:00,NA,978.6,0,81,NA
2021-04-08 00:00:00,NA,978.5,-0.2,87,NA
2021-04-08 15:00:00,981.8,NA,-0.8,87,NA
2021-04-08 18:00:00,982.8,NA,-1.2,84,NA
2021-04-08 21:00:00,984.2,NA,-2.2,85,NA
2021-04-09 09:00:00,NA,983.5,-2.9,77,NA
2021-04-09 12:00:00,NA,981.8,-1.6,78,NA
2021-04-09 15:00:00,NA,979.8,-1,77,NA
2021-04-09 18:00:00,NA,979.9,-1.6,90,NA
2021-04-09 21:00:00,NA,980.3,-1.2,87,NA
2021-04-10 00:00:00,NA,982,-1.6,94,NA
2021-04-11 03:00:00,NA,970.4,-5.9,70,NA
2021-04-11 06:00:00,NA,968.4,-6.6,78,NA
2021-04-11 09:00:00,NA,967.3,-8,88,NA
2021-04-11 12:00:00,NA,967.2,-10.4,93,NA
2021-04-11 15:00:00,NA,967.6,-10,86,NA
2021-04-11 18:00:00,NA,969.5,-10.2,86,NA
2021-04-11 21:00:00,NA,971.7,-9.8,86,NA
2021-04-12 00:00:00,NA,973.4,-10.2,72,NA
2021-04-13 03:00:00,NA,976.4,-9.8,66,NA
2021-04-13 06:00:00,NA,977.9,-10.4,61,NA
2021-04-13 09:00:00,NA,980.3,-8.8,74,NA
2021-04-13 12:00:00,981.6,982.5,-9.4,53,NA
2021-04-13 15:00:00,983.8,984.7,-8.2,75,NA
2021-04-13 18:00:00,986.2,987.1,-6.2,75,NA
2021-04-13 21:00:00,987,987.9,-6.4,61,NA
2021-04-14 00:00:00,NA,988.9,-5.3,72,NA
2021-04-15 00:00:00,966.2,NA,NA,NA,NA
2021-04-15 03:00:00,964.6,965.5,-9.6,73,NA
2021-04-15 06:00:00,965.6,966.5,-9.8,72,NA
2021-04-15 09:00:00,967.2,968.1,-10.8,74,NA
2021-04-15 12:00:00,970.2,971.2,-10.4,85,NA
2021-04-15 15:00:00,972.8,973.7,-8.9,74,NA
2021-04-15 18:00:00,975,975.9,-7.3,73,NA
2021-04-15 21:00:00,977.4,978.4,-8.4,71,NA
2021-04-16 00:00:00,NA,980.8,-8.4,65,NA
2021-04-17 00:00:00,994.2,NA,NA,NA,NA
2021-04-17 03:00:00,995,995.9,-6.8,74,NA
2021-04-17 06:00:00,995.6,996.5,-5.9,75,NA
2021-04-17 09:00:00,996.1,997,-4.8,77,NA
2021-04-17 12:00:00,996,996.9,-3.8,81,NA
2021-04-17 15:00:00,994.6,995.5,-5,69,NA
2021-04-17 18:00:00,991.4,992.4,-6,78,NA
2021-04-17 21:00:00,987.3,988.2,-4.6,67,NA
2021-04-18 00:00:00,NA,983.6,-2.4,69,NA
2021-04-19 00:00:00,973,NA,NA,NA,NA
2021-04-19 03:00:00,970.2,971,-1.5,90,NA
2021-04-19 06:00:00,969.6,970.5,-1.2,89,NA
2021-04-19 09:00:00,969,969.8,-0.2,90,NA
2021-04-19 12:00:00,971,972,-1.2,92,NA
2021-04-19 15:00:00,974.1,975,-2.9,97,NA
2021-04-19 18:00:00,977.8,978.7,-3.2,86,NA
2021-04-19 21:00:00,981.7,982.6,-2.4,80,NA
2021-04-20 00:00:00,NA,985.7,-2.8,86,NA
2021-04-21 00:00:00,960,NA,NA,NA,NA
2021-04-21 03:00:00,959.8,960.7,2.5,67,NA
2021-04-21 06:00:00,964,964.8,-1,83,NA
2021-04-21 09:00:00,971.4,972.3,-3.4,79,NA
2021-04-21 12:00:00,975.6,976.5,-3.6,69,NA
2021-04-21 15:00:00,977.4,978.3,-3.2,79,NA
2021-04-21 18:00:00,982.6,983.5,-4.2,83,NA
2021-04-21 21:00:00,984.8,985.7,-3.5,88,NA
2021-04-22 00:00:00,NA,985,-3.2,84,NA
2021-04-23 00:00:00,990.5,NA,NA,NA,NA
2021-04-23 03:00:00,992.2,993.2,-6.4,61,NA
2021-04-23 06:00:00,NA,995.5,-6.8,83,NA
2021-04-23 09:00:00,NA,995.5,-6.8,83,NA
2021-04-23 12:00:00,NA,1000.8,-8,82,NA
2021-04-23 15:00:00,NA,1003,-7.8,70,NA
2021-04-23 18:00:00,NA,1005.8,-7,68,NA
2021-04-23 21:00:00,NA,1005.6,-8.6,71,NA
2021-04-24 00:00:00,NA,1006.2,-8.4,75,NA
2021-04-25 03:00:00,NA,994,-3.2,74,NA
2021-04-25 06:00:00,NA,991.9,-4.6,70,NA
2021-04-25 09:00:00,NA,989.2,-6.6,78,NA
2021-04-25 12:00:00,NA,987.4,-5.4,79,NA
2021-04-25 15:00:00,NA,984.8,-6.1,75,NA
2021-04-25 18:00:00,NA,981.8,-3.2,68,NA
2021-04-25 21:00:00,NA,979.6,-3.8,95,NA
2021-04-26 00:00:00,NA,977.3,-1.9,90,NA
2021-04-27 03:00:00,NA,983.2,-1.5,76,NA
2021-04-27 06:00:00,NA,982.4,-2.8,82,NA
2021-04-27 09:00:00,NA,980.5,-1.7,80,NA
2021-04-27 12:00:00,NA,978.4,-2.8,66,NA
2021-04-27 15:00:00,NA,974.7,-1.4,86,NA
2021-04-27 18:00:00,NA,970.7,-1.1,73,NA
2021-04-27 21:00:00,NA,968.4,-3.2,79,NA
2021-04-28 00:00:00,967.7,NA,-5.2,94,NA
2021-04-28 03:00:00,968.2,NA,-4.4,84,NA
2021-04-28 06:00:00,967.8,NA,-5.8,89,NA
2021-04-28 09:00:00,969.2,NA,-4.4,87,NA
2021-04-28 12:00:00,972.5,NA,-5.7,78,NA
2021-04-28 15:00:00,973.7,NA,-4.6,79,NA
2021-04-28 18:00:00,974.8,NA,-3.8,80,NA
2021-04-28 21:00:00,975.2,NA,-4.4,72,NA
2021-04-29 03:00:00,NA,976.3,-4.6,85,NA
2021-04-29 06:00:00,NA,975.6,-3.8,83,NA
2021-04-29 09:00:00,NA,976.7,-4.4,77,NA
2021-04-29 12:00:00,NA,976.2,-4.1,78,NA
2021-04-29 15:00:00,NA,976.5,-5.4,87,NA
2021-04-29 18:00:00,NA,978,-6.8,83,NA
2021-04-29 21:00:00,NA,981,-8.4,81,NA
2021-04-30 00:00:00,983.6,NA,-9.8,93,NA
2021-04-30 03:00:00,985.6,NA,-7.4,82,NA
2021-04-30 06:00:00,986.6,NA,-6.2,77,NA
2021-04-30 09:00:00,987.6,NA,-5.4,66,NA
2021-04-30 12:00:00,987,NA,-6.8,88,NA
2021-04-30 15:00:00,985.4,NA,-6.4,74,NA
2021-04-30 18:00:00,982.2,NA,-4.9,72,NA
2021-04-30 21:00:00,979.3,NA,-2.6,68,NA
2021-05-01 03:00:00,NA,978.9,-4.8,69,NA
2021-05-01 06:00:00,NA,976.3,-5.8,68,NA
2021-05-01 09:00:00,NA,972.6,-4.6,70,NA
2021-05-01 12:00:00,NA,973.5,-8.9,58,NA
2021-05-01 15:00:00,NA,974.8,-11,70,NA
2021-05-01 18:00:00,NA,974.6,-11,85,NA
2021-05-01 21:00:00,NA,975,-13.1,78,NA
2021-05-02 00:00:00,977.3,NA,-15.2,89,NA
2021-05-02 03:00:00,980.2,NA,-15,61,NA
2021-05-02 06:00:00,982.4,NA,-12.2,63,NA
2021-05-02 09:00:00,983.7,NA,-13.6,55,NA
2021-05-02 12:00:00,984.2,NA,-13,70,NA
2021-05-02 15:00:00,985.6,NA,-12.7,46,NA
2021-05-02 18:00:00,986.2,NA,-11.2,32,NA
2021-05-02 21:00:00,987.8,NA,-13.6,29,NA
2021-05-03 03:00:00,NA,990.6,-12.6,38,NA
2021-05-03 06:00:00,NA,991.5,-13.8,41,NA
2021-05-03 09:00:00,NA,992.1,-15.1,21,NA
2021-05-03 12:00:00,NA,992.8,-12.1,32,NA
2021-05-03 15:00:00,NA,993.4,-12.3,75,NA
2021-05-03 18:00:00,NA,993.4,-11,78,NA
2021-05-03 21:00:00,NA,993.7,-13,66,NA
2021-05-04 00:00:00,992,NA,-12.6,83,NA
2021-05-04 03:00:00,990.9,NA,-12,68,NA
2021-05-04 06:00:00,989.6,NA,-11.3,73,NA
2021-05-04 09:00:00,988.1,NA,-11.9,68,NA
2021-05-04 12:00:00,987.2,NA,-9.8,86,NA
2021-05-04 15:00:00,986.6,NA,-8.2,62,NA
2021-05-04 18:00:00,987,NA,-7.4,64,NA
2021-05-04 21:00:00,988.4,NA,-6.4,72,NA
2021-05-05 03:00:00,NA,992,-7.4,65,NA
2021-05-05 06:00:00,NA,993.8,-8.8,65,NA
2021-05-05 09:00:00,NA,996.5,-8.2,60,NA
2021-05-05 12:00:00,NA,999.1,-5.3,56,NA
2021-05-05 15:00:00,NA,1000.1,-4.2,86,NA
2021-05-05 18:00:00,NA,1001.6,-3.2,79,NA
2021-05-05 21:00:00,NA,1002.3,-3.4,86,NA
2021-05-06 00:00:00,1000.9,NA,-2.4,86,NA
2021-05-06 03:00:00,1000.2,NA,-2.5,86,NA
2021-05-06 06:00:00,999.6,NA,-1.8,85,NA
2021-05-06 09:00:00,998.9,NA,-1.2,80,NA
2021-05-06 12:00:00,997,NA,-0.6,87,NA
2021-05-06 15:00:00,994.1,NA,4.4,68,NA
2021-05-06 18:00:00,992.2,NA,4.2,68,NA
2021-05-06 21:00:00,991,NA,4.3,76,NA
2021-05-07 03:00:00,NA,989,3.5,77,NA
2021-05-07 06:00:00,NA,985.9,4.8,66,NA
2021-05-07 09:00:00,NA,984.1,4.2,62,NA
2021-05-07 12:00:00,NA,983.8,5,72,NA
2021-05-07 15:00:00,NA,984.4,3.2,100,NA
2021-05-07 18:00:00,NA,984.2,0.2,92,NA
2021-05-07 21:00:00,NA,983.1,0.6,89,NA
2021-05-08 00:00:00,979.8,NA,0.7,86,NA
2021-05-08 03:00:00,977.3,NA,0,92,NA
2021-05-08 06:00:00,974,NA,3.9,67,NA
2021-05-08 09:00:00,973,NA,4.1,62,NA
2021-05-08 12:00:00,971.6,NA,4.2,61,NA
2021-05-08 15:00:00,970.8,NA,3.8,69,NA
2021-05-08 18:00:00,969.8,NA,4.4,56,NA
2021-05-08 21:00:00,968.6,NA,3.1,68,NA
2021-05-09 03:00:00,NA,969.4,0.6,89,NA
2021-05-09 06:00:00,NA,970.3,0.2,84,NA
2021-05-09 09:00:00,NA,972.5,-0.6,84,NA
2021-05-09 12:00:00,NA,977.5,-3.2,72,NA
2021-05-09 15:00:00,NA,980.2,-4,78,NA
2021-05-09 18:00:00,NA,983,-4.9,77,NA
2021-05-09 21:00:00,NA,985.2,-5.3,79,NA
2021-05-10 00:00:00,985.3,NA,-5,71,NA
2021-05-10 03:00:00,985.7,NA,-5.2,84,NA
2021-05-10 06:00:00,984.5,NA,-4.8,79,NA
2021-05-10 09:00:00,981,NA,-4.1,78,NA
2021-05-10 12:00:00,978.2,NA,-1.8,87,NA
2021-05-10 15:00:00,972.5,NA,2.6,52,NA
2021-05-10 18:00:00,969,NA,3.4,54,NA
2021-05-10 21:00:00,964.4,NA,2.7,77,NA
2021-05-11 03:00:00,NA,967.9,1.4,85,NA
2021-05-11 06:00:00,NA,970.5,-0.2,88,NA
2021-05-11 09:00:00,NA,976.8,-2.2,74,NA
2021-05-11 12:00:00,NA,980.5,-2.8,73,NA
2021-05-11 15:00:00,NA,982.2,-1.4,86,NA
2021-05-11 18:00:00,NA,983.3,-2.8,84,NA
2021-05-11 21:00:00,NA,978.8,-1.9,88,NA
2021-05-12 00:00:00,970.6,NA,-0.6,74,NA
2021-05-12 03:00:00,964.4,NA,-0.4,84,NA
2021-05-12 06:00:00,959.6,NA,-2.1,87,NA
2021-05-12 09:00:00,957.8,NA,-1.8,90,NA
2021-05-12 12:00:00,959.4,NA,4.4,50,NA
2021-05-12 15:00:00,961.8,NA,5.6,48,NA
2021-05-12 18:00:00,963.7,NA,5.9,56,NA
2021-05-12 21:00:00,965.8,NA,5.8,58,NA
2021-05-13 03:00:00,NA,973,-0.2,88,NA
2021-05-13 06:00:00,NA,974,-1.9,80,NA
2021-05-13 09:00:00,NA,974.5,-1.6,82,NA
2021-05-13 12:00:00,NA,974.7,-1.5,76,NA
2021-05-13 15:00:00,NA,975,-1.4,83,NA
2021-05-13 18:00:00,NA,977.3,-0.2,73,NA
2021-05-13 21:00:00,NA,977.9,1,51,NA
2021-05-14 00:00:00,971.6,NA,2.2,61,NA
2021-05-14 03:00:00,971.4,NA,3.2,65,NA
2021-05-14 06:00:00,972,NA,2.5,60,NA
2021-05-14 09:00:00,975.8,NA,1.2,72,NA
2021-05-14 12:00:00,979.8,NA,1.8,71,NA
2021-05-14 15:00:00,983.6,NA,2.2,76,NA
2021-05-14 18:00:00,986.4,NA,1.6,74,NA
2021-05-14 21:00:00,989.4,NA,0.6,86,NA
2021-05-15 03:00:00,NA,994.3,-0.6,72,NA
2021-05-15 06:00:00,NA,999.2,-0.2,88,NA
2021-05-15 09:00:00,NA,1002.4,-1.6,70,NA
2021-05-15 12:00:00,NA,1004,0,85,NA
2021-05-15 15:00:00,NA,1005.4,0,88,NA
2021-05-15 18:00:00,NA,1006.1,0.4,89,NA
2021-05-15 21:00:00,NA,1008,5.6,64,NA
2021-05-16 00:00:00,1008.1,NA,6.4,63,NA
2021-05-16 03:00:00,1008.2,NA,8.2,55,NA
2021-05-16 06:00:00,1008.2,NA,7.1,59,NA
2021-05-16 09:00:00,1008.4,NA,5.8,64,NA
2021-05-16 12:00:00,1008.5,NA,7.2,61,NA
2021-05-16 15:00:00,1008,NA,7,60,NA
2021-05-16 18:00:00,1007.6,NA,7.1,67,NA
2021-05-16 21:00:00,1007.8,NA,5.9,64,NA
2021-05-17 03:00:00,NA,1014,3.2,65,NA
2021-05-17 06:00:00,NA,1014.1,1.8,75,NA
2021-05-17 09:00:00,NA,1013.8,4.2,54,NA
2021-05-17 12:00:00,NA,1012.9,6.6,59,NA
2021-05-17 15:00:00,NA,1011.5,8.9,50,NA
2021-05-17 18:00:00,NA,1010.3,6.4,61,NA
2021-05-17 21:00:00,NA,1007.5,3.5,69,NA
2021-05-18 00:00:00,1006.2,NA,0.9,79,NA
2021-05-18 03:00:00,1006.5,NA,7,49,NA
2021-05-18 06:00:00,1008.2,NA,5.7,57,NA
2021-05-18 09:00:00,1009.4,NA,2.8,62,NA
2021-05-18 12:00:00,1009.3,NA,1.6,74,NA
2021-05-18 15:00:00,1008.6,NA,0.9,79,NA
2021-05-18 18:00:00,1006.9,NA,-0.9,83,NA
2021-05-18 21:00:00,1004.5,NA,-1.2,83,NA
2021-05-19 03:00:00,NA,999.4,2.1,68,NA
2021-05-19 06:00:00,NA,995.5,1.1,81,NA
2021-05-19 09:00:00,NA,992.1,1.2,79,NA
2021-05-19 12:00:00,NA,988.2,4.1,60,NA
2021-05-19 15:00:00,NA,990.8,0.5,83,NA
2021-05-19 18:00:00,NA,994.9,-1.2,87,NA
2021-05-19 21:00:00,NA,996.8,-0.8,77,NA
2021-05-20 00:00:00,995.7,NA,0.6,73,NA
2021-05-20 03:00:00,994,NA,1.8,71,NA
2021-05-20 06:00:00,991.3,NA,2.5,72,NA
2021-05-20 09:00:00,990.9,NA,2.2,70,NA
2021-05-20 12:00:00,990.1,NA,1.2,84,NA
2021-05-20 15:00:00,989.2,NA,0.3,86,NA
2021-05-20 18:00:00,986,NA,2.6,75,NA
2021-05-20 21:00:00,982.6,NA,0.8,84,NA
2021-05-21 03:00:00,NA,981.2,-2.9,77,NA
2021-05-21 06:00:00,NA,983.8,-3.7,67,NA
2021-05-21 09:00:00,NA,986.3,-2.6,71,NA
2021-05-21 12:00:00,NA,991.2,-2.7,73,NA
2021-05-21 15:00:00,NA,995.3,-2.6,89,NA
2021-05-21 18:00:00,NA,998.3,-2.8,82,NA
2021-05-21 21:00:00,NA,1001.2,-2.4,78,NA
2021-05-22 00:00:00,1002.5,NA,-2,85,NA
2021-05-22 06:00:00,1003.4,NA,-1.8,87,NA
2021-05-22 09:00:00,1002.2,NA,-2,81,NA
2021-05-22 12:00:00,1005.4,NA,-2.8,90,NA
2021-05-22 15:00:00,998.5,NA,-1.9,81,NA
2021-05-22 18:00:00,993.7,NA,-2,79,NA
2021-05-22 21:00:00,988.2,NA,0.8,84,NA
2021-05-23 03:00:00,NA,977.2,2,77,NA
2021-05-23 06:00:00,NA,974,0.2,81,NA
2021-05-23 09:00:00,NA,978.3,-5,44,NA
2021-05-23 12:00:00,NA,977.1,-7.5,49,NA
2021-05-23 15:00:00,NA,978.2,-8,88,NA
2021-05-23 18:00:00,NA,976.9,-8.2,88,NA
2021-05-23 21:00:00,NA,975.7,-8.4,84,NA
2021-05-24 00:00:00,NA,974.8,-8,76,NA
2021-05-25 03:00:00,NA,983.9,-13.6,73,NA
2021-05-25 06:00:00,NA,986.8,-12.4,72,NA
2021-05-25 09:00:00,NA,988.3,-14.6,38,NA
2021-05-25 12:00:00,NA,989.3,-13.6,51,NA
2021-05-25 15:00:00,NA,990.3,-14.9,76,NA
2021-05-25 18:00:00,NA,990,-14.4,72,NA
2021-05-25 21:00:00,NA,991.1,-14.2,59,NA
2021-05-26 00:00:00,NA,992.4,-13.9,73,NA
2021-05-27 03:00:00,NA,996.2,-10.2,72,NA
2021-05-27 06:00:00,NA,996.3,-9.1,64,NA
2021-05-27 09:00:00,NA,995.8,-8.5,75,NA
2021-05-27 12:00:00,NA,995.8,-9.4,73,NA
2021-05-27 15:00:00,994.5,995.4,-8.9,77,NA
2021-05-27 18:00:00,993.3,994.2,-9.4,77,NA
2021-05-27 21:00:00,992.9,993.8,-10.1,61,NA
2021-05-28 00:00:00,NA,994.6,-11.9,81,NA
2021-05-29 00:00:00,1005.4,NA,NA,NA,NA
2021-05-29 03:00:00,1005.3,1006.2,-10.2,61,NA
2021-05-29 06:00:00,1005.4,1006.4,-11.5,61,NA
2021-05-29 09:00:00,1004.1,1005,-11.8,72,NA
2021-05-29 12:00:00,1003.8,1004.7,-11.7,69,NA
2021-05-29 15:00:00,1002.8,1003.7,-10,79,NA
2021-05-29 18:00:00,1002.1,1003,-11.2,66,NA
2021-05-29 21:00:00,1001.8,1002.7,-11.4,70,NA
2021-05-30 00:00:00,NA,1002,-12,65,NA
2021-05-31 00:00:00,1006.2,NA,NA,NA,NA
2021-05-31 03:00:00,1006.9,1007.8,-14.5,67,NA
2021-05-31 06:00:00,1007.4,1008.3,-14.5,67,NA
2021-05-31 09:00:00,1008.2,1009.2,-15,66,NA
2021-05-31 12:00:00,1009,1010,-14.6,71,NA
2021-05-31 15:00:00,1009.4,1010.3,-14.4,67,NA
2021-05-31 18:00:00,1009.6,1010.5,-14.8,62,NA
2021-05-31 21:00:00,1009.8,1010.7,-14,59,NA
2021-06-01 00:00:00,NA,1011.1,-14.3,67,NA
2021-06-02 00:00:00,1006.5,NA,NA,NA,NA
2021-06-02 03:00:00,1005.8,1006.8,-14,59,NA
2021-06-02 06:00:00,1005,1006,-14.8,62,NA
2021-06-02 09:00:00,1004.6,1005.5,-14.2,54,NA
2021-06-02 12:00:00,1004.8,1005.7,-14,59,NA
2021-06-02 15:00:00,1004.1,1005,-14.6,62,NA
2021-06-02 18:00:00,1004.2,1005.2,-14.2,63,NA
2021-06-02 21:00:00,1004.1,1005,-14.4,44,NA
2021-06-03 00:00:00,NA,1004.8,-15.2,60,NA
2021-06-04 00:00:00,999.6,NA,NA,NA,NA
2021-06-04 03:00:00,999.6,1000.5,-11.2,74,NA
2021-06-04 06:00:00,999.6,1000.5,-10.5,75,NA
2021-06-04 09:00:00,999.6,1000.5,-11.4,54,NA
2021-06-04 12:00:00,999.6,1000.5,-12.8,75,NA
2021-06-04 15:00:00,999.6,1000.5,-12.5,67,NA
2021-06-04 18:00:00,999.6,1000.5,-13.2,70,NA
2021-06-04 21:00:00,999.6,1000.5,-13.6,86,NA
2021-06-05 00:00:00,NA,1000.5,-13.8,73,NA
2021-06-05 21:00:00,1001,NA,NA,NA,NA
2021-06-06 00:00:00,1001.4,NA,NA,NA,NA
2021-06-06 03:00:00,1000.6,1001.5,-19.6,45,NA
2021-06-06 06:00:00,1000.4,1001.3,-20.2,50,NA
2021-06-06 09:00:00,NA,1000.1,-20.6,33,NA
2021-06-06 12:00:00,999.4,1000.4,-19.8,44,NA
2021-06-06 15:00:00,998.9,999.8,-19.3,46,NA
2021-06-06 18:00:00,998.9,999.8,-19.1,54,NA
2021-06-06 21:00:00,998.9,999.8,-19.2,53,NA
2021-06-07 00:00:00,NA,1000.5,-18.9,54,NA
2021-06-08 00:00:00,996,NA,NA,NA,NA
2021-06-08 03:00:00,994.2,995.2,-13.8,51,NA
2021-06-08 06:00:00,993,994,-14.5,43,NA
2021-06-08 09:00:00,989.8,990.7,-13.6,65,NA
2021-06-08 12:00:00,NA,988.2,-12.4,51,NA
2021-06-08 15:00:00,NA,985.2,-10.4,79,NA
2021-06-08 18:00:00,NA,984,-9.4,84,NA
2021-06-08 21:00:00,NA,982.1,-5.2,79,NA
2021-06-09 00:00:00,NA,979.9,-3.2,77,NA
2021-06-10 00:00:00,970.2,NA,NA,NA,NA
2021-06-10 03:00:00,972.6,973.6,-0.2,96,NA
2021-06-10 06:00:00,974.2,975.1,-1.2,83,NA
2021-06-10 09:00:00,975.8,976.8,-2.4,80,NA
2021-06-10 12:00:00,977.3,978.2,-3.6,71,NA
2021-06-10 15:00:00,978.6,979.5,-3.4,84,NA
2021-06-10 18:00:00,980.2,981.1,-4.3,83,NA
2021-06-10 21:00:00,983.6,984.5,-6.4,86,NA
2021-06-11 00:00:00,NA,986.4,-7.8,88,NA
2021-06-12 00:00:00,993,NA,NA,NA,NA
2021-06-12 03:00:00,992.4,993.3,-17.3,54,NA
2021-06-12 06:00:00,991.8,992.8,-13.9,69,NA
2021-06-12 09:00:00,991.2,992.1,-15.2,10,NA
2021-06-12 12:00:00,989.8,990.7,-5.8,70,NA
2021-06-12 15:00:00,988.8,989.7,-3.8,90,NA
2021-06-12 18:00:00,988,988.9,-3.4,86,NA
2021-06-12 21:00:00,985.6,986.5,-1.9,72,NA
2021-06-13 00:00:00,NA,985.6,3.2,63,NA
2021-06-14 00:00:00,988.6,NA,NA,NA,NA
2021-06-14 03:00:00,991,991.9,0.6,82,NA
2021-06-14 06:00:00,992.8,993.7,-0.4,84,NA
2021-06-14 09:00:00,995.3,996.2,-2.3,82,NA
2021-06-14 12:00:00,998.8,999.7,-4.3,78,NA
2021-06-14 15:00:00,1002.1,1003,-6.1,64,NA
2021-06-14 18:00:00,1005.2,1006.1,-7.3,76,NA
2021-06-14 21:00:00,1008.8,1009.7,-6.5,83,NA
2021-06-15 00:00:00,NA,1011.1,-10.4,79,NA
2021-06-16 03:00:00,NA,988.8,3.8,72,NA
2021-06-16 06:00:00,NA,986.6,2.8,77,NA
2021-06-16 09:00:00,NA,986.9,2.6,81,NA
2021-06-16 12:00:00,NA,987.8,1,79,NA
2021-06-16 15:00:00,986.1,987,1.2,78,NA
2021-06-16 18:00:00,982.6,983.5,0,88,NA
2021-06-16 21:00:00,977.8,978.8,0.9,81,NA
2021-06-17 00:00:00,NA,974.8,0.9,77,NA
2021-06-18 00:00:00,994.1,NA,NA,NA,NA
2021-06-18 03:00:00,995.6,996.5,-7,74,NA
2021-06-18 06:00:00,997.4,998.4,-7.7,76,NA
2021-06-18 09:00:00,999.4,1000.4,-8,73,NA
2021-06-18 12:00:00,999.8,1000.8,-8.4,62,NA
2021-06-18 15:00:00,1000.1,1001,-8.6,52,NA
2021-06-18 18:00:00,1000.2,1001.2,-8.4,56,NA
2021-06-18 21:00:00,1000.4,1001.3,-7,74,NA
2021-06-19 00:00:00,NA,1000.7,-7.4,85,NA
2021-06-19 21:00:00,993.8,NA,NA,NA,NA
2021-06-20 00:00:00,993.8,NA,NA,NA,NA
2021-06-20 03:00:00,993.8,994.8,-10.6,71,NA
2021-06-20 06:00:00,994.1,995,-9.6,70,NA
2021-06-20 08:00:00,NA,996,-11.1,48,NA
2021-06-20 09:00:00,995,996,-11.1,48,NA
2021-06-20 12:00:00,995.7,996.6,-15.8,59,NA
2021-06-20 15:00:00,995.6,996.5,-19.2,19,NA
2021-06-20 18:00:00,994.6,995.5,-18.6,17,NA
2021-06-20 21:00:00,993.7,994.6,-19.5,10,NA
2021-06-21 00:00:00,NA,993.5,-21,69,NA
2021-06-22 00:00:00,980.2,NA,NA,NA,NA
2021-06-22 03:00:00,979.2,980.1,-6.7,75,NA
2021-06-22 06:00:00,971.3,980.2,-6.1,75,NA
2021-06-22 09:00:00,980.8,981.7,-7.4,76,NA
2021-06-22 12:00:00,980.4,981.3,-5.6,68,NA
2021-06-22 15:00:00,NA,980.5,-3.8,81,NA
2021-06-22 18:00:00,NA,979.1,-1.6,82,NA
2021-06-22 21:00:00,NA,981.7,-1.2,77,NA
2021-06-23 00:00:00,NA,984.5,-3.1,79,NA
2021-06-24 00:00:00,987,NA,NA,NA,NA
2021-06-24 03:00:00,988.4,989.3,1.1,85,NA
2021-06-24 06:00:00,989.3,990.2,-1.6,85,NA
2021-06-24 09:00:00,990.1,991,-0.9,85,NA
2021-06-24 12:00:00,989.6,990.5,1.7,84,NA
2021-06-24 15:00:00,990.4,991.3,3.2,78,NA
2021-06-24 18:00:00,991.2,992.1,2.8,73,NA
2021-06-24 21:00:00,991,992,2.4,76,NA
2021-06-25 00:00:00,NA,990.7,2.2,83,NA
2021-06-26 00:00:00,982.4,NA,NA,NA,NA
2021-06-26 03:00:00,982.9,983.8,-1.7,74,NA
2021-06-26 06:00:00,985.6,986.5,-2,80,NA
2021-06-26 09:00:00,987.7,988.6,-2.4,75,NA
2021-06-26 12:00:00,NA,991.6,-2,76,NA
2021-06-26 15:00:00,NA,994.7,-2.8,75,NA
2021-06-26 18:00:00,NA,996,-2.2,83,NA
2021-06-26 21:00:00,NA,997.1,-3.5,79,NA
2021-06-27 00:00:00,NA,996.3,-4.6,70,NA
2021-06-28 03:00:00,NA,971.5,-4.8,77,NA
2021-06-28 06:00:00,NA,974.2,-3.3,81,NA
2021-06-28 09:00:00,NA,977.8,-1.8,82,NA
2021-06-28 12:00:00,NA,980.2,-0.8,85,NA
2021-06-28 15:00:00,NA,980.9,-0.4,79,NA
2021-06-28 18:00:00,NA,981.4,2,65,NA
2021-06-28 21:00:00,NA,984,1.2,64,NA
2021-06-29 00:00:00,NA,988.1,-0.6,82,NA
2021-06-30 00:00:00,993,NA,NA,NA,NA
2021-06-30 03:00:00,990.8,991.7,0.4,83,NA
2021-06-30 06:00:00,985.4,986.3,-1.1,81,NA
2021-06-30 09:00:00,980.9,981.8,-1.3,85,NA
2021-06-30 12:00:00,977.3,978.2,2.9,80,NA
2021-06-30 15:00:00,976.5,977.4,0.6,73,NA
2021-06-30 18:00:00,976.6,977.6,1.4,69,NA
2021-06-30 21:00:00,974.8,975.7,2.1,80,NA
2021-07-01 00:00:00,NA,976.1,1.9,59,NA
