2021-01-29 16:00:00,974.9,NA,NA,NA,NA
2021-02-01 16:00:00,973.4,NA,NA,NA,NA
2021-02-02 12:00:00,978,NA,NA,NA,NA
2021-02-02 13:00:00,977.7,NA,NA,NA,NA
2021-02-02 14:00:00,976.6,NA,NA,NA,NA
2021-02-02 15:00:00,976.2,NA,NA,NA,NA
2021-02-02 16:00:00,976.1,NA,NA,NA,NA
2021-02-03 16:00:00,983,NA,NA,NA,NA
2021-02-04 12:00:00,977.3,NA,NA,NA,NA
2021-02-04 13:00:00,977.2,NA,NA,NA,NA
2021-02-04 14:00:00,977.6,NA,NA,NA,NA
2021-02-04 15:00:00,977.9,NA,NA,NA,NA
2021-02-04 16:00:00,977.8,NA,NA,NA,NA
2021-02-05 16:00:00,986.4,NA,NA,NA,NA
2021-02-10 16:00:00,975.2,NA,NA,NA,NA
2021-02-11 12:00:00,967,NA,NA,NA,NA
2021-02-11 13:00:00,967.1,NA,NA,NA,NA
2021-02-11 14:00:00,968.8,NA,NA,NA,NA
2021-02-11 15:00:00,968.6,NA,NA,NA,NA
2021-02-11 16:00:00,968.9,NA,NA,NA,NA
2021-02-12 16:00:00,976,NA,NA,NA,NA
2021-02-17 12:00:00,967.8,NA,NA,NA,NA
2021-02-17 13:00:00,967.3,NA,NA,NA,NA
2021-02-17 14:00:00,966.5,NA,NA,NA,NA
2021-02-17 15:00:00,966.3,NA,NA,NA,NA
2021-02-17 16:00:00,964.2,NA,NA,NA,NA
2021-02-18 17:00:00,972.6,NA,NA,NA,NA
2021-02-19 12:00:00,979.3,NA,NA,NA,NA
2021-02-19 13:00:00,979.3,NA,NA,NA,NA
2021-02-19 14:00:00,979.3,NA,NA,NA,NA
2021-02-19 15:00:00,979.1,NA,NA,NA,NA
2021-02-19 16:00:00,979.2,NA,NA,NA,NA
2021-02-19 17:00:00,978.3,NA,NA,NA,NA
2021-02-22 17:00:00,970.4,NA,NA,NA,NA
2021-02-23 12:00:00,978.8,NA,NA,NA,NA
2021-02-23 13:00:00,977.7,NA,NA,NA,NA
2021-02-23 14:00:00,976.9,NA,NA,NA,NA
2021-02-23 15:00:00,975.3,NA,NA,NA,NA
2021-02-23 16:00:00,974.5,NA,NA,NA,NA
2021-02-23 17:00:00,974.1,NA,NA,NA,NA
2021-02-24 17:00:00,971.7,NA,NA,NA,NA
2021-02-25 12:00:00,974.8,NA,NA,NA,NA
2021-02-25 13:00:00,974.6,NA,NA,NA,NA
2021-02-25 14:00:00,975.2,NA,NA,NA,NA
2021-02-25 15:00:00,975.4,NA,NA,NA,NA
2021-02-25 16:00:00,975.3,NA,NA,NA,NA
2021-02-25 17:00:00,975.6,NA,NA,NA,NA
2021-02-26 17:00:00,980.8,NA,NA,NA,NA
2021-03-02 17:00:00,985.2,NA,NA,NA,NA
2021-03-03 17:00:00,986.6,NA,NA,NA,NA
2021-03-04 12:00:00,987.6,NA,NA,NA,NA
2021-03-04 13:00:00,987.2,NA,NA,NA,NA
2021-03-04 14:00:00,987.2,NA,NA,NA,NA
2021-03-04 15:00:00,986.7,NA,NA,NA,NA
2021-03-04 16:00:00,986,NA,NA,NA,NA
2021-03-04 17:00:00,984.7,NA,NA,NA,NA
2021-03-05 17:00:00,967.2,NA,NA,NA,NA
2021-03-08 12:00:00,969.3,NA,NA,NA,NA
2021-03-08 13:00:00,969.8,NA,NA,NA,NA
2021-03-08 14:00:00,969.7,NA,NA,NA,NA
2021-03-08 15:00:00,969.4,NA,NA,NA,NA
2021-03-08 16:00:00,968.9,NA,NA,NA,NA
2021-03-08 17:00:00,968.8,NA,NA,NA,NA
2021-03-09 17:00:00,947.7,NA,NA,NA,NA
2021-03-10 12:00:00,951.4,NA,NA,NA,NA
2021-03-10 13:00:00,951.6,NA,NA,NA,NA
2021-03-10 14:00:00,951.6,NA,NA,NA,NA
2021-03-10 15:00:00,952,NA,NA,NA,NA
2021-03-11 17:00:00,962,NA,NA,NA,NA
2021-03-12 12:00:00,967,NA,NA,NA,NA
2021-03-12 13:00:00,967,NA,NA,NA,NA
2021-03-12 14:00:00,967.4,NA,NA,NA,NA
2021-03-12 15:00:00,967.6,NA,NA,NA,NA
2021-03-12 16:00:00,967.5,NA,NA,NA,NA
2021-03-12 17:00:00,968.3,NA,NA,NA,NA
2021-03-15 12:00:00,968.5,NA,NA,NA,NA
2021-03-15 13:00:00,970.1,NA,NA,NA,NA
2021-03-15 14:00:00,972.2,NA,NA,NA,NA
2021-03-15 15:00:00,976.4,NA,NA,NA,NA
2021-03-15 16:00:00,974.3,NA,NA,NA,NA
2021-03-15 17:00:00,973.8,NA,NA,NA,NA
2021-03-16 17:00:00,991.3,NA,NA,NA,NA
2021-03-17 12:00:00,991.4,NA,NA,NA,NA
2021-03-18 17:00:00,972.2,NA,NA,NA,NA
2021-03-19 12:00:00,958.9,NA,NA,NA,NA
2021-03-19 13:00:00,958.2,NA,NA,NA,NA
2021-03-19 14:00:00,957.1,NA,NA,NA,NA
2021-03-19 15:00:00,956.8,NA,NA,NA,NA
2021-03-19 16:00:00,956.7,NA,NA,NA,NA
2021-03-19 17:00:00,956.8,NA,NA,NA,NA
2021-03-22 17:00:00,972.6,NA,NA,NA,NA
2021-03-23 13:00:00,963.6,NA,NA,NA,NA
2021-03-23 14:00:00,963.3,NA,NA,NA,NA
2021-03-23 15:00:00,963.1,NA,NA,NA,NA
2021-03-23 16:00:00,962.5,NA,NA,NA,NA
2021-03-23 17:00:00,962.3,NA,NA,NA,NA
2021-03-25 12:00:00,975.3,NA,NA,NA,NA
2021-03-25 13:00:00,974.6,NA,NA,NA,NA
2021-03-25 14:00:00,973.8,NA,NA,NA,NA
2021-03-25 15:00:00,973.5,NA,NA,NA,NA
2021-03-25 16:00:00,973.5,NA,NA,NA,NA
2021-03-26 17:00:00,981.4,NA,NA,NA,NA
2021-03-29 12:00:00,974.6,NA,NA,NA,NA
2021-03-29 13:00:00,974.2,NA,NA,NA,NA
2021-03-29 14:00:00,973.9,NA,NA,NA,NA
2021-03-29 15:00:00,973.3,NA,NA,NA,NA
2021-03-29 16:00:00,973.3,NA,NA,NA,NA
2021-03-29 17:00:00,972.9,NA,NA,NA,NA
2021-03-29 21:00:00,1003.3,NA,18.9,59,NA
2021-03-30 17:00:00,987.5,NA,NA,NA,NA
2021-03-31 17:00:00,991.5,NA,NA,NA,NA
2021-04-14 17:00:00,961.8,NA,NA,NA,NA
2021-04-15 12:00:00,964.4,NA,NA,NA,NA
2021-04-15 13:00:00,964,NA,NA,NA,NA
2021-04-15 14:00:00,962.5,NA,NA,NA,NA
2021-04-15 15:00:00,962.3,NA,NA,NA,NA
2021-04-15 16:00:00,961.6,NA,NA,NA,NA
2021-04-15 17:00:00,960.9,NA,NA,NA,NA
2021-04-16 17:00:00,972.4,NA,NA,NA,NA
2021-04-19 12:00:00,958.4,NA,NA,NA,NA
2021-04-19 13:00:00,958.4,NA,NA,NA,NA
2021-04-19 14:00:00,959,NA,NA,NA,NA
2021-04-19 15:00:00,959.5,NA,NA,NA,NA
2021-04-19 16:00:00,960.4,NA,NA,NA,NA
2021-04-19 17:00:00,960.7,NA,NA,NA,NA
2021-04-20 17:00:00,983,NA,NA,NA,NA
2021-04-21 12:00:00,978.5,NA,NA,NA,NA
2021-04-21 13:00:00,978.1,NA,NA,NA,NA
2021-04-21 14:00:00,977.5,NA,NA,NA,NA
2021-04-22 17:00:00,976.1,NA,NA,NA,NA
2021-04-27 17:00:00,953.9,NA,NA,NA,NA
2021-04-28 12:00:00,968.1,NA,NA,NA,NA
2021-04-28 13:00:00,967.7,NA,NA,NA,NA
2021-04-29 13:00:00,972.8,NA,NA,NA,NA
2021-04-30 12:00:00,961.8,NA,NA,NA,NA
2021-04-30 13:00:00,962.8,NA,NA,NA,NA
2021-05-03 13:00:00,983.2,NA,NA,NA,NA
2021-05-04 12:00:00,988.6,NA,NA,NA,NA
2021-05-04 13:00:00,988.7,NA,NA,NA,NA
2021-05-05 13:00:00,991.6,NA,NA,NA,NA
2021-05-06 12:00:00,988.9,NA,NA,NA,NA
2021-05-06 13:00:00,989.2,NA,NA,NA,NA
2021-05-07 13:00:00,977.2,NA,NA,NA,NA
2021-05-10 12:00:00,985.2,NA,NA,NA,NA
2021-05-10 13:00:00,984.8,NA,NA,NA,NA
2021-05-11 13:00:00,964.6,NA,NA,NA,NA
2021-05-12 12:00:00,963.8,NA,NA,NA,NA
2021-05-12 13:00:00,964.4,NA,NA,NA,NA
2021-05-12 14:00:00,963.7,NA,NA,NA,NA
2021-05-13 13:00:00,975.8,NA,NA,NA,NA
2021-05-14 12:00:00,980.8,NA,NA,NA,NA
2021-05-14 13:00:00,980.2,NA,NA,NA,NA
2021-05-17 13:00:00,974.6,NA,NA,NA,NA
2021-05-18 12:00:00,973.2,NA,NA,NA,NA
2021-05-18 13:00:00,973.1,NA,NA,NA,NA
2021-05-19 13:00:00,980.7,NA,NA,NA,NA
2021-05-20 12:00:00,982.8,NA,NA,NA,NA
2021-05-20 13:00:00,983.1,NA,NA,NA,NA
2021-05-21 13:00:00,983.2,NA,NA,NA,NA
2021-05-30 17:00:00,978,NA,19.3,48,NA
2021-06-22 12:00:00,971.8,NA,NA,NA,NA
2021-06-22 13:00:00,971.9,NA,NA,NA,NA
2021-06-22 14:00:00,972.2,NA,NA,NA,NA
2021-06-23 17:00:00,968,NA,NA,NA,NA
2021-06-24 12:00:00,948.3,NA,NA,NA,NA
2021-06-24 13:00:00,948.2,NA,NA,NA,NA
2021-06-24 14:00:00,948.3,NA,NA,NA,NA
2021-06-24 15:00:00,948.6,NA,NA,NA,NA
2021-06-24 16:00:00,949.5,NA,NA,NA,NA
2021-06-24 17:00:00,950,NA,NA,NA,NA
2021-06-25 17:00:00,969.8,NA,NA,NA,NA
2021-06-29 17:00:00,972.6,NA,NA,NA,NA
2021-06-30 12:00:00,967.7,NA,NA,NA,NA
2021-06-30 13:00:00,967.7,NA,NA,NA,NA
2021-06-30 14:00:00,967.8,NA,NA,NA,NA
2021-06-30 15:00:00,967.7,NA,NA,NA,NA
2021-06-30 16:00:00,967.4,NA,NA,NA,NA
2021-06-30 17:00:00,967.1,NA,NA,NA,NA
