2021-01-07 00:00:00,1007.7,NA,21.9,69,NA
2021-01-07 01:00:00,1008.5,NA,18.8,70,NA
2021-01-07 02:00:00,1008.8,NA,18.5,74,NA
2021-01-07 03:00:00,1009,NA,17,82,NA
2021-01-07 04:00:00,1009.2,NA,17.8,80,NA
2021-01-07 05:00:00,1008.8,NA,16,79,NA
2021-01-07 06:00:00,1008.6,NA,15.1,78,NA
2021-01-07 07:00:00,1008.6,NA,14.3,84,NA
2021-01-07 08:00:00,1008.6,NA,14,84,NA
2021-01-07 09:00:00,1009.2,NA,11.5,86,NA
2021-01-07 10:00:00,1009.2,NA,13.7,84,NA
2021-01-07 11:00:00,1009.8,NA,17.7,71,NA
2021-01-07 12:00:00,1010,NA,22.3,49,NA
2021-01-07 13:00:00,1009.8,NA,26.6,35,NA
2021-01-07 14:00:00,1009.7,NA,29.3,29,NA
2021-01-07 15:00:00,1009.3,NA,31.1,24,NA
2021-01-07 16:00:00,1008.8,NA,32.1,23,NA
2021-01-07 17:00:00,1008.2,NA,32.3,23,NA
2021-01-07 18:00:00,1007.4,NA,33.8,23,NA
2021-01-07 19:00:00,1006.9,NA,33.7,23,NA
2021-01-07 20:00:00,1006.2,NA,33.7,23,NA
2021-01-07 21:00:00,1006.1,NA,33,25,NA
2021-01-07 22:00:00,1006.2,NA,31.5,30,NA
2021-01-07 23:00:00,1006.4,NA,29.5,34,NA
2021-01-09 00:00:00,1004.8,NA,27.7,41,NA
2021-01-09 01:00:00,1005.4,NA,26.9,43,NA
2021-01-09 02:00:00,1005.7,NA,27.4,40,NA
2021-01-09 03:00:00,1006.1,NA,26.6,41,NA
2021-01-09 04:00:00,1006.6,NA,26.2,43,NA
2021-01-09 05:00:00,1007.3,NA,25.1,45,NA
2021-01-09 07:00:00,1008.2,NA,22.1,66,NA
2021-01-09 09:00:00,1008.6,NA,20.2,55,NA
2021-01-09 10:00:00,1008.9,NA,20.8,55,NA
2021-01-09 11:00:00,1008.6,NA,20.9,62,NA
2021-01-09 12:00:00,1008.6,NA,21.7,69,NA
2021-01-09 13:00:00,1009.3,NA,22.8,63,NA
2021-01-09 14:00:00,1009,NA,24.4,61,NA
2021-01-09 15:00:00,1008.5,NA,26.8,55,NA
2021-01-09 16:00:00,1007.8,NA,29.2,48,NA
2021-01-09 17:00:00,1006.9,NA,31.2,42,NA
2021-01-09 18:00:00,1006.2,NA,31.4,41,NA
2021-01-09 19:00:00,1005.3,NA,32.3,39,NA
2021-01-09 20:00:00,1004.6,NA,31.8,40,NA
2021-01-09 21:00:00,1004.4,NA,30.9,41,NA
2021-01-09 22:00:00,1004.6,NA,30.3,48,NA
2021-01-09 23:00:00,1005.2,NA,29.2,51,NA
2021-01-11 00:00:00,1001.3,NA,31.3,47,NA
2021-01-11 01:00:00,1001,NA,24.3,80,NA
2021-01-11 02:00:00,1001.4,NA,23.1,90,NA
2021-01-11 03:00:00,1001.3,NA,24.1,88,NA
2021-01-11 04:00:00,1001,NA,23.9,90,NA
2021-01-11 05:00:00,1000,NA,24,90,NA
2021-01-11 06:00:00,999.2,NA,24.8,86,NA
2021-01-11 07:00:00,999.7,NA,24,89,NA
2021-01-11 08:00:00,999.6,NA,24.1,88,NA
2021-01-11 09:00:00,1001.6,NA,24.9,69,NA
2021-01-11 10:00:00,1003.3,NA,21.2,83,NA
2021-01-11 11:00:00,1002.2,NA,20.4,92,NA
2021-01-11 12:00:00,1001.7,NA,20.2,94,NA
2021-01-11 13:00:00,1004.2,NA,21.5,86,NA
2021-01-11 14:00:00,1004,NA,20.1,88,NA
2021-01-11 15:00:00,1005.2,NA,20.2,87,NA
2021-01-11 16:00:00,1006,NA,19.7,89,NA
2021-01-11 17:00:00,1006.5,NA,19.3,93,NA
2021-01-11 18:00:00,1003.3,NA,20.4,90,NA
2021-01-11 19:00:00,1004.5,NA,21.6,83,NA
2021-01-11 20:00:00,1005,NA,22.1,84,NA
2021-01-11 21:00:00,1006.1,NA,22.8,79,NA
2021-01-11 22:00:00,1006.6,NA,22.1,79,NA
2021-01-11 23:00:00,1007.7,NA,21.8,80,NA
2021-01-13 00:00:00,1013,NA,23.5,64,NA
2021-01-13 01:00:00,1014,NA,22,72,NA
2021-01-13 02:00:00,1014.6,NA,21.2,77,NA
2021-01-13 03:00:00,1015.4,NA,19.5,86,NA
2021-01-13 06:00:00,1015.6,NA,18.4,87,NA
2021-01-13 07:00:00,1015.4,NA,18.1,87,NA
2021-01-13 08:00:00,1015.4,NA,17.3,84,NA
2021-01-13 09:00:00,1016.1,NA,17,84,NA
2021-01-13 10:00:00,1016.8,NA,18.1,79,NA
2021-01-13 11:00:00,1017.2,NA,19.7,71,NA
2021-01-13 12:00:00,1017.3,NA,22.6,62,NA
2021-01-13 13:00:00,1017.2,NA,24.7,58,NA
2021-01-13 14:00:00,1017.2,NA,26.4,52,NA
2021-01-13 15:00:00,1016.6,NA,27.7,48,NA
2021-01-13 16:00:00,1016.2,NA,28.7,39,NA
2021-01-13 17:00:00,1015.7,NA,29.8,36,NA
2021-01-13 18:00:00,1015.2,NA,30.9,33,NA
2021-01-13 19:00:00,1013.8,NA,31.6,32,NA
2021-01-13 21:00:00,1012.5,NA,30.9,30,NA
2021-01-13 22:00:00,1012.4,NA,30.2,36,NA
2021-01-13 23:00:00,1012.9,NA,27.1,45,NA
2021-01-15 00:00:00,1007.6,NA,27.7,58,NA
2021-01-15 01:00:00,1007.7,NA,26.8,60,NA
2021-01-15 02:00:00,1007.3,NA,26.5,63,NA
2021-01-15 03:00:00,1007,NA,25.7,67,NA
2021-01-15 04:00:00,1007,NA,24.8,67,NA
2021-01-15 05:00:00,1006.9,NA,25.4,69,NA
2021-01-15 07:00:00,1006.1,NA,24.9,73,NA
2021-01-15 08:00:00,1006,NA,24.2,75,NA
2021-01-15 09:00:00,1005.8,NA,22.8,83,NA
2021-01-15 10:00:00,1005.8,NA,22.6,80,NA
2021-01-15 11:00:00,1005.4,NA,23.3,77,NA
2021-01-15 12:00:00,1005.2,NA,23.8,74,NA
2021-01-15 13:00:00,1006.8,NA,23.6,82,NA
2021-01-15 14:00:00,1005,NA,19.4,96,NA
2021-01-15 15:00:00,1006.2,NA,20.3,92,NA
2021-01-15 16:00:00,1005.7,NA,19.9,90,NA
2021-01-15 17:00:00,1006.2,NA,20.6,88,NA
2021-01-15 18:00:00,1003.4,NA,20.1,96,NA
2021-01-15 19:00:00,999.2,NA,20,91,NA
2021-01-15 20:00:00,1002.2,NA,22.3,80,NA
2021-01-15 21:00:00,1001,NA,23.1,77,NA
2021-01-15 22:00:00,1000.6,NA,23.4,79,NA
2021-01-15 23:00:00,1001.3,NA,22.6,82,NA
2021-01-17 00:00:00,1005,NA,22.5,75,NA
2021-01-17 02:00:00,1006.6,NA,20.7,75,NA
2021-01-17 04:00:00,1008.5,NA,17.8,88,NA
2021-01-17 05:00:00,1008.4,NA,16.4,91,NA
2021-01-17 06:00:00,1009,NA,15.6,89,NA
2021-01-17 07:00:00,1009,NA,14.8,92,NA
2021-01-17 08:00:00,1009.4,NA,13.7,93,NA
2021-01-17 09:00:00,1010.2,NA,12.9,94,NA
2021-01-17 10:00:00,1010.6,NA,13.6,89,NA
2021-01-17 11:00:00,1011.3,NA,15.1,84,NA
2021-01-17 12:00:00,1011.4,NA,18,72,NA
2021-01-17 13:00:00,1011.4,NA,21.2,60,NA
2021-01-17 14:00:00,1011.6,NA,22.8,54,NA
2021-01-17 15:00:00,1011.4,NA,23.9,44,NA
2021-01-17 16:00:00,1011,NA,24.8,39,NA
2021-01-26 15:00:00,1001.6,NA,26,76,NA
2021-01-26 16:00:00,1000.8,NA,26.1,77,NA
2021-01-26 17:00:00,1000.5,NA,26,77,NA
2021-01-26 18:00:00,1000,NA,26.2,77,NA
2021-01-26 19:00:00,999.7,NA,27,74,NA
2021-01-26 20:00:00,999.4,NA,27.8,67,NA
2021-01-31 03:00:00,1011,NA,19.4,81,NA
2021-01-31 04:00:00,1011.8,NA,18.7,84,NA
2021-01-31 05:00:00,1011.4,NA,18.5,88,NA
2021-01-31 06:00:00,1011.3,NA,18.1,89,NA
2021-01-31 07:00:00,1011,NA,17.9,85,NA
2021-01-31 08:00:00,1010.9,NA,17.5,85,NA
2021-01-31 09:00:00,1010.5,NA,17.2,81,NA
2021-01-31 10:00:00,1010.6,NA,16.8,87,NA
2021-01-31 11:00:00,1012.2,NA,17.2,84,NA
2021-01-31 12:00:00,1011.3,NA,17.1,85,NA
2021-01-31 13:00:00,1012.2,NA,17.6,89,NA
2021-01-31 14:00:00,1012,NA,18.3,86,NA
2021-01-31 15:00:00,1011.7,NA,18.5,86,NA
2021-01-31 16:00:00,1012,NA,19.1,85,NA
2021-01-31 17:00:00,1010.9,NA,20.7,77,NA
2021-01-31 18:00:00,1010.2,NA,21.2,76,NA
2021-01-31 19:00:00,1009.8,NA,21,78,NA
2021-01-31 20:00:00,1009.3,NA,20.6,84,NA
2021-01-31 21:00:00,1009.2,NA,20,90,NA
2021-01-31 22:00:00,1008.8,NA,20,87,NA
2021-01-31 23:00:00,1009.7,NA,19.4,93,NA
2021-02-01 00:00:00,1009.7,NA,19.2,95,NA
2021-02-01 01:00:00,1011.2,NA,19.3,96,NA
2021-02-01 02:00:00,1011.7,NA,19.1,93,NA
2021-02-02 00:00:00,1008.5,NA,23.3,78,NA
2021-02-02 01:00:00,1009.7,NA,21.9,84,NA
2021-02-02 02:00:00,1010.6,NA,21.8,85,NA
2021-02-02 03:00:00,1010.6,NA,21.8,85,NA
2021-02-02 04:00:00,1010,NA,21.1,83,NA
2021-02-02 05:00:00,1009.3,NA,20.4,85,NA
2021-02-02 06:00:00,1009.3,NA,19.2,91,NA
2021-02-02 07:00:00,1009.4,NA,19.6,92,NA
2021-02-02 08:00:00,1008.9,NA,19.9,92,NA
2021-02-02 09:00:00,1008.9,NA,19.7,93,NA
2021-02-02 11:00:00,1010.4,NA,20.1,92,NA
2021-02-02 12:00:00,1010.2,NA,20.2,91,NA
2021-02-02 13:00:00,1012,NA,20.4,90,NA
2021-02-02 14:00:00,1012.5,NA,20,93,NA
2021-02-02 15:00:00,1011.8,NA,20.2,92,NA
2021-02-02 18:00:00,1011.6,NA,19.9,92,NA
2021-02-02 19:00:00,1011,NA,20.6,94,NA
2021-02-02 20:00:00,1010.2,NA,21,88,NA
2021-02-02 21:00:00,1010,NA,21.6,89,NA
2021-02-03 23:00:00,1011,NA,23.7,74,NA
2021-02-04 01:00:00,1013,NA,20.1,90,NA
2021-02-04 02:00:00,1013.6,NA,19.7,90,NA
2021-02-04 05:00:00,1014.2,NA,17.7,95,NA
2021-02-04 06:00:00,1014.4,NA,18.1,95,NA
2021-02-04 07:00:00,1014.5,NA,17,95,NA
2021-02-04 08:00:00,1014.4,NA,16.5,95,NA
2021-02-04 09:00:00,1014.8,NA,16.3,95,NA
2021-02-04 10:00:00,1015.4,NA,15.8,95,NA
2021-02-04 11:00:00,1016,NA,17.7,92,NA
2021-02-04 12:00:00,1016.4,NA,20.6,77,NA
2021-02-04 13:00:00,1016.5,NA,23.2,64,NA
2021-02-04 14:00:00,1016.9,NA,24.4,59,NA
2021-02-04 15:00:00,1017,NA,25.3,58,NA
2021-02-04 16:00:00,1016.8,NA,26.7,56,NA
2021-02-04 17:00:00,1016.1,NA,27.2,54,NA
2021-02-04 18:00:00,1015.4,NA,28.3,52,NA
2021-02-04 19:00:00,1014.8,NA,28.5,52,NA
2021-02-04 20:00:00,1014.4,NA,28.7,52,NA
2021-02-04 21:00:00,1014,NA,28.2,53,NA
2021-02-04 22:00:00,1013.6,NA,27.4,54,NA
2021-02-04 23:00:00,1014,NA,25.2,62,NA
2021-02-06 00:00:00,1010.8,NA,23.1,64,NA
2021-02-06 02:00:00,1011.7,NA,19.7,85,NA
2021-02-06 03:00:00,1012,NA,18.8,92,NA
2021-02-06 04:00:00,1012.5,NA,17.4,100,NA
2021-02-06 06:00:00,1011.4,NA,16.4,95,NA
2021-02-06 07:00:00,1011.2,NA,16.2,95,NA
2021-02-06 08:00:00,1011.2,NA,16.6,95,NA
2021-02-06 09:00:00,1011.4,NA,16.1,94,NA
2021-02-06 10:00:00,1012,NA,16.3,87,NA
2021-02-06 11:00:00,1012.4,NA,20.1,71,NA
2021-02-06 12:00:00,1012.8,NA,23.7,59,NA
2021-02-06 13:00:00,1013,NA,26.1,49,NA
2021-02-06 14:00:00,1013.2,NA,27.8,43,NA
2021-02-06 15:00:00,1012.9,NA,28.5,42,NA
2021-02-06 16:00:00,1012.4,NA,29.2,42,NA
2021-02-06 17:00:00,1011.7,NA,29.4,42,NA
2021-02-06 18:00:00,NA,NA,30,39,NA
2021-02-06 19:00:00,1010.4,NA,30.2,40,NA
2021-02-06 20:00:00,1009.8,NA,30.3,45,NA
2021-02-06 21:00:00,1009.6,NA,30.4,44,NA
2021-02-06 22:00:00,1009.4,NA,29.4,49,NA
2021-02-06 23:00:00,1009.8,NA,26.4,55,NA
2021-02-08 00:00:00,1010,NA,26.3,67,NA
2021-02-08 01:00:00,1010.9,NA,23.7,78,NA
2021-02-08 02:00:00,1011,NA,23.6,79,NA
2021-02-08 03:00:00,1011.2,NA,21.2,85,NA
2021-02-08 04:00:00,1011,NA,21.1,85,NA
2021-02-08 05:00:00,1010.6,NA,20.4,90,NA
2021-02-08 06:00:00,1010.2,NA,19.7,91,NA
2021-02-08 07:00:00,1010.2,NA,19.1,92,NA
2021-02-11 02:00:00,1012,NA,20.6,90,NA
2021-02-11 03:00:00,1012,NA,19.8,88,NA
2021-02-11 04:00:00,1011.4,NA,20,90,NA
2021-02-11 06:00:00,1011,NA,18.2,95,NA
2021-02-11 09:00:00,1010.6,NA,19.7,93,NA
2021-02-11 10:00:00,1010.6,NA,18.8,95,NA
2021-02-11 11:00:00,1010.9,NA,19.5,92,NA
2021-02-11 12:00:00,1011.3,NA,22.4,80,NA
2021-02-11 13:00:00,1011.4,NA,24.9,71,NA
2021-02-11 14:00:00,1011.4,NA,25.2,70,NA
2021-02-11 15:00:00,1011.2,NA,26,67,NA
2021-02-11 16:00:00,1010.6,NA,26.9,64,NA
2021-02-11 17:00:00,1010.2,NA,27.6,62,NA
2021-02-11 18:00:00,1009.6,NA,27.8,59,NA
2021-02-11 19:00:00,1008.9,NA,28.1,59,NA
2021-02-11 20:00:00,1008.2,NA,27.6,57,NA
2021-02-11 21:00:00,1007.7,NA,27.7,59,NA
2021-02-11 22:00:00,1007.8,NA,26.8,61,NA
2021-02-11 23:00:00,1008.2,NA,25.6,64,NA
2021-02-13 00:00:00,1007.4,NA,25.3,74,NA
2021-02-13 01:00:00,1008.6,NA,24.4,78,NA
2021-02-13 03:00:00,1008.5,NA,22.3,88,NA
2021-02-13 04:00:00,1008.4,NA,22,88,NA
2021-02-13 06:00:00,1007.6,NA,19.6,91,NA
2021-02-13 08:00:00,1007.4,NA,17.9,93,NA
2021-02-13 09:00:00,1007.8,NA,17,93,NA
2021-02-13 10:00:00,1008,NA,16.8,95,NA
2021-02-13 11:00:00,1008.4,NA,20.4,93,NA
2021-02-13 12:00:00,1008.4,NA,23.5,82,NA
2021-02-13 13:00:00,1008.1,NA,26.6,67,NA
2021-02-13 14:00:00,1007.8,NA,28.1,59,NA
2021-02-13 15:00:00,1007.4,NA,29.5,53,NA
2021-02-13 16:00:00,1006.8,NA,28.6,54,NA
2021-02-13 17:00:00,1005.8,NA,31.2,47,NA
2021-02-13 18:00:00,1005.2,NA,29.1,56,NA
2021-02-13 19:00:00,1003.8,NA,27.7,55,NA
2021-02-13 20:00:00,1003.3,NA,27.6,55,NA
2021-02-13 21:00:00,1003.2,NA,26.5,63,NA
2021-02-13 22:00:00,1003.4,NA,25.7,70,NA
2021-02-13 23:00:00,1003.8,NA,23.1,84,NA
2021-02-15 00:00:00,1003.8,NA,24.4,77,NA
2021-02-15 01:00:00,1004.5,NA,23.2,80,NA
2021-02-15 02:00:00,1004.9,NA,22.1,85,NA
2021-02-15 03:00:00,1005.4,NA,20.4,92,NA
2021-02-15 04:00:00,1005.8,NA,19.4,89,NA
2021-02-15 06:00:00,1005.7,NA,18.7,93,NA
2021-02-15 07:00:00,1005.8,NA,18.2,91,NA
2021-02-15 09:00:00,1006.2,NA,17.3,95,NA
2021-02-15 10:00:00,1006.6,NA,17.8,92,NA
2021-02-15 11:00:00,1007.3,NA,20.6,87,NA
2021-02-15 12:00:00,1008,NA,24.1,80,NA
2021-02-15 13:00:00,1008.1,NA,26.7,68,NA
2021-02-15 14:00:00,1008.4,NA,28.1,65,NA
2021-02-15 15:00:00,1008.6,NA,28.8,63,NA
2021-02-15 16:00:00,1008.6,NA,29.1,60,NA
2021-02-15 17:00:00,1008.2,NA,29.4,59,NA
2021-02-15 18:00:00,1007.8,NA,29.1,60,NA
2021-02-15 19:00:00,1007,NA,28.6,61,NA
2021-02-15 20:00:00,1006.6,NA,28.1,62,NA
2021-02-15 21:00:00,1007,NA,27.4,64,NA
2021-02-15 22:00:00,1007.4,NA,26.9,67,NA
2021-02-15 23:00:00,1009,NA,24.8,78,NA
2021-02-17 00:00:00,1008.4,NA,20,66,NA
2021-02-17 01:00:00,1008.6,NA,19.1,74,NA
2021-02-17 02:00:00,1008.8,NA,17.2,85,NA
2021-02-17 03:00:00,1009,NA,16.3,89,NA
2021-02-17 04:00:00,1009,NA,15.7,90,NA
2021-02-17 05:00:00,1009.2,NA,14.6,92,NA
2021-02-17 06:00:00,1008.9,NA,15,93,NA
2021-02-17 07:00:00,1008.8,NA,14.1,90,NA
2021-02-17 09:00:00,1008.4,NA,13.1,94,NA
2021-02-17 10:00:00,1009.1,NA,11.9,96,NA
2021-02-17 11:00:00,1009.8,NA,15.4,88,NA
2021-02-17 12:00:00,1009.8,NA,19.2,73,NA
2021-02-17 13:00:00,1010,NA,24,52,NA
2021-02-17 14:00:00,1009.8,NA,27,44,NA
2021-02-17 15:00:00,1009.4,NA,27.4,39,NA
2021-02-17 17:00:00,1008.5,NA,28.4,39,NA
2021-02-17 18:00:00,1007.8,NA,29.1,38,NA
2021-02-17 19:00:00,1007.4,NA,29.4,38,NA
2021-02-17 20:00:00,1006.8,NA,29.5,35,NA
2021-02-17 21:00:00,1006.6,NA,29.2,34,NA
2021-02-17 22:00:00,1006.6,NA,28.2,44,NA
2021-02-17 23:00:00,1006.8,NA,24.4,58,NA
2021-02-19 00:00:00,1006.4,NA,22.6,59,NA
2021-02-19 03:00:00,1006.9,NA,21.8,74,NA
2021-02-19 07:00:00,1008.1,NA,17.6,84,NA
2021-02-19 09:00:00,1009,NA,17.8,83,NA
2021-02-19 10:00:00,1009.4,NA,19,79,NA
2021-02-19 11:00:00,1011,NA,22,75,NA
2021-02-19 12:00:00,1012.4,NA,23.1,68,NA
2021-02-19 13:00:00,1014,NA,23.4,72,NA
2021-02-19 14:00:00,1015,NA,22.7,69,NA
2021-02-19 15:00:00,1014.4,NA,22.3,75,NA
2021-02-19 16:00:00,1013,NA,22.8,72,NA
2021-02-19 17:00:00,1012.2,NA,23.6,69,NA
2021-02-19 18:00:00,1012,NA,26.7,59,NA
2021-02-19 19:00:00,1011.7,NA,27.6,60,NA
2021-02-19 20:00:00,1011.2,NA,28.5,57,NA
2021-02-19 21:00:00,1011.2,NA,28.1,57,NA
2021-02-19 22:00:00,1011.4,NA,28,45,NA
2021-02-19 23:00:00,1012,NA,24.6,61,NA
2021-02-21 00:00:00,1010.4,NA,24.7,62,NA
2021-02-21 01:00:00,1011,NA,24.2,64,NA
2021-02-21 02:00:00,1011.3,NA,22.6,67,NA
2021-02-21 03:00:00,1011.6,NA,20.4,74,NA
2021-02-21 04:00:00,1011.4,NA,21.2,72,NA
2021-02-21 05:00:00,1011.7,NA,20.1,75,NA
2021-02-21 06:00:00,1011.3,NA,19.3,78,NA
2021-02-21 07:00:00,1011,NA,19.1,76,NA
2021-02-21 09:00:00,1011.2,NA,19.1,77,NA
2021-02-21 10:00:00,1011.6,NA,19.5,77,NA
2021-02-21 11:00:00,1012,NA,21.4,72,NA
2021-02-21 12:00:00,1012.2,NA,23.3,68,NA
2021-02-21 13:00:00,1012.4,NA,26.8,55,NA
2021-02-21 14:00:00,1012.2,NA,28,53,NA
2021-02-21 15:00:00,1012,NA,29.5,49,NA
2021-02-21 16:00:00,1011.2,NA,31.2,45,NA
2021-02-21 17:00:00,1010.5,NA,31.5,45,NA
2021-02-21 18:00:00,1009.8,NA,32.6,42,NA
2021-02-21 19:00:00,1008.9,NA,32.4,40,NA
2021-02-21 20:00:00,1008.4,NA,31.1,45,NA
2021-02-21 21:00:00,1007.8,NA,31.6,44,NA
2021-02-21 22:00:00,1007.6,NA,30.4,47,NA
2021-02-21 23:00:00,1007.8,NA,26.7,62,NA
2021-02-23 00:00:00,1006.2,NA,29.5,73,NA
2021-02-23 01:00:00,1007,NA,26.6,80,NA
2021-02-23 02:00:00,1007.6,NA,25,89,NA
2021-02-23 03:00:00,1007.8,NA,24.3,86,NA
2021-02-23 04:00:00,1008.1,NA,24.1,88,NA
2021-02-23 05:00:00,1007.8,NA,26,81,NA
2021-02-23 06:00:00,1007.4,NA,26.1,78,NA
2021-02-23 07:00:00,1008,NA,25.1,84,NA
2021-02-23 08:00:00,1008.4,NA,23.9,88,NA
2021-02-23 09:00:00,1008.6,NA,23.4,84,NA
2021-02-23 10:00:00,1009.6,NA,23.4,90,NA
2021-02-23 11:00:00,1010.9,NA,23.8,87,NA
2021-02-23 12:00:00,1012,NA,24,87,NA
2021-02-23 13:00:00,1012,NA,24.5,80,NA
2021-02-23 14:00:00,1012,NA,25.4,77,NA
2021-02-23 15:00:00,1011.2,NA,26.7,71,NA
2021-02-23 16:00:00,1011.2,NA,27.7,67,NA
2021-02-23 17:00:00,1011.7,NA,27.3,68,NA
2021-02-23 18:00:00,1011.4,NA,28.1,65,NA
2021-02-23 19:00:00,1010.9,NA,28.1,63,NA
2021-02-23 20:00:00,1010.6,NA,28.9,50,NA
2021-02-23 21:00:00,1010.9,NA,28.7,43,NA
2021-02-23 22:00:00,1011,NA,27.4,45,NA
2021-02-23 23:00:00,1011.8,NA,24.3,59,NA
2021-02-25 00:00:00,1010.5,NA,25,72,NA
2021-02-25 01:00:00,1011.3,NA,23.6,71,NA
2021-02-25 02:00:00,1012,NA,19.1,85,NA
2021-02-25 03:00:00,1012.1,NA,17.4,90,NA
2021-02-25 04:00:00,1012.2,NA,17,95,NA
2021-02-25 06:00:00,1011.8,NA,17,92,NA
2021-02-25 08:00:00,1011.7,NA,15.1,95,NA
2021-02-25 10:00:00,1012.6,NA,16,90,NA
2021-02-25 11:00:00,1012.9,NA,16.8,82,NA
2021-02-25 12:00:00,1013.3,NA,23.1,64,NA
2021-02-25 13:00:00,1013.3,NA,27.1,53,NA
2021-02-25 14:00:00,1013.6,NA,29.2,45,NA
2021-02-25 15:00:00,1013,NA,31,34,NA
2021-02-25 16:00:00,1012.4,NA,31.1,32,NA
2021-02-25 17:00:00,1012,NA,31.7,31,NA
2021-02-25 18:00:00,1011,NA,32,29,NA
2021-02-25 20:00:00,1009.4,NA,32.1,32,NA
2021-02-25 22:00:00,1009,NA,29.8,39,NA
2021-02-25 23:00:00,1008.9,NA,25.4,52,NA
2021-02-27 00:00:00,1009.8,NA,25.5,66,NA
2021-02-27 01:00:00,1011,NA,25,67,NA
2021-02-27 02:00:00,1011.7,NA,24.2,65,NA
2021-02-27 03:00:00,1012.1,NA,22.8,66,NA
2021-02-27 04:00:00,1012.2,NA,20.8,74,NA
2021-02-27 05:00:00,1012.4,NA,22,70,NA
2021-02-27 06:00:00,1012.2,NA,22.1,68,NA
2021-02-27 08:00:00,1012.1,NA,20.6,75,NA
2021-02-27 09:00:00,1012.2,NA,20.4,75,NA
2021-02-27 10:00:00,1012.8,NA,20.6,83,NA
2021-02-27 11:00:00,1013.6,NA,21.7,77,NA
2021-02-27 12:00:00,1013.7,NA,23.3,71,NA
2021-02-27 13:00:00,1014.2,NA,26.5,61,NA
2021-02-27 14:00:00,1014.2,NA,28.2,60,NA
2021-02-27 15:00:00,1013.6,NA,30.4,57,NA
2021-02-27 16:00:00,1013.3,NA,31.7,54,NA
2021-02-27 17:00:00,1013,NA,32.1,48,NA
2021-02-27 18:00:00,1012.2,NA,32.2,44,NA
2021-02-27 19:00:00,1011.4,NA,33,40,NA
2021-02-27 20:00:00,1011,NA,32.1,43,NA
2021-02-27 21:00:00,1010.6,NA,32.6,42,NA
2021-02-27 22:00:00,1010.5,NA,30.8,46,NA
2021-02-27 23:00:00,1010.6,NA,28.5,69,NA
2021-03-02 17:00:00,1009.4,NA,31,56,NA
2021-03-02 19:00:00,1008.6,NA,31.5,51,NA
2021-03-02 21:00:00,1007.8,NA,30.8,51,NA
2021-03-02 22:00:00,1008.2,NA,29.5,58,NA
2021-03-02 23:00:00,1008.6,NA,27.4,65,NA
2021-03-04 00:00:00,1010.6,NA,22,94,NA
2021-03-04 01:00:00,1010.2,NA,21.4,94,NA
2021-03-04 02:00:00,1010.2,NA,21.1,93,NA
2021-03-04 03:00:00,1010.5,NA,21.6,94,NA
2021-03-04 05:00:00,1009.8,NA,22.1,91,NA
2021-03-04 06:00:00,1009.6,NA,22,95,NA
2021-03-04 08:00:00,1008.6,NA,21.2,95,NA
2021-03-04 09:00:00,1008.9,NA,21.1,93,NA
2021-03-04 10:00:00,1009.4,NA,21.5,89,NA
2021-03-04 12:00:00,1010.2,NA,23.7,87,NA
2021-03-04 13:00:00,1011.2,NA,20.6,95,NA
2021-03-04 14:00:00,1010.2,NA,20.8,93,NA
2021-03-04 15:00:00,1010.1,NA,24.2,80,NA
2021-03-04 16:00:00,1009.6,NA,26.2,73,NA
2021-03-04 17:00:00,1008.8,NA,28.8,63,NA
2021-03-04 18:00:00,1008.1,NA,29.7,62,NA
2021-03-04 20:00:00,1007.4,NA,27.3,72,NA
2021-03-04 21:00:00,1007.4,NA,26.8,76,NA
2021-03-04 22:00:00,1007.2,NA,25.9,81,NA
2021-03-04 23:00:00,1007.6,NA,25.1,84,NA
2021-03-05 20:00:00,1008.9,NA,28.4,57,NA
2021-03-06 03:00:00,1010.1,NA,21.6,71,NA
2021-03-06 04:00:00,1010.2,NA,20.3,73,NA
2021-03-06 05:00:00,1010.1,NA,18.8,77,NA
2021-03-06 06:00:00,1010,NA,17.9,82,NA
2021-03-06 07:00:00,1010,NA,17,85,NA
2021-03-06 08:00:00,1010.2,NA,16.5,85,NA
2021-03-06 09:00:00,1010.2,NA,15.4,89,NA
2021-03-06 10:00:00,1010.8,NA,15.6,92,NA
2021-03-06 11:00:00,1011.4,NA,17.9,83,NA
2021-03-06 12:00:00,1012,NA,20.4,73,NA
2021-03-06 13:00:00,1012,NA,21.9,65,NA
2021-03-06 14:00:00,1012,NA,23.6,56,NA
2021-03-06 15:00:00,1011.8,NA,24.9,50,NA
2021-03-06 16:00:00,1011,NA,25.8,48,NA
2021-03-06 17:00:00,1010.6,NA,26.8,47,NA
2021-03-06 18:00:00,1009.8,NA,28,39,NA
2021-03-06 19:00:00,1009.3,NA,27.8,39,NA
2021-03-06 21:00:00,1009,NA,27.5,42,NA
2021-03-06 22:00:00,1009,NA,26.7,47,NA
2021-03-06 23:00:00,1009.4,NA,22.1,66,NA
2021-03-08 00:00:00,1007.4,NA,22.4,68,NA
2021-03-08 01:00:00,1007.6,NA,21.2,72,NA
2021-03-08 02:00:00,1008.2,NA,18.4,84,NA
2021-03-08 03:00:00,1008.5,NA,16.8,89,NA
2021-03-08 04:00:00,1008.8,NA,15.8,90,NA
2021-03-08 05:00:00,1008.6,NA,16.2,90,NA
2021-03-08 07:00:00,1009.2,NA,17.3,88,NA
2021-03-08 08:00:00,1010.4,NA,15.9,89,NA
2021-03-08 09:00:00,1010.9,NA,14.4,90,NA
2021-03-08 10:00:00,1011.4,NA,15.1,94,NA
2021-03-08 11:00:00,1012.8,NA,15.9,93,NA
2021-03-08 12:00:00,1013.6,NA,19.6,86,NA
2021-03-08 13:00:00,1014.2,NA,25.5,60,NA
2021-03-08 14:00:00,1014.5,NA,26.6,56,NA
2021-03-08 15:00:00,1013.8,NA,29.1,42,NA
2021-03-08 16:00:00,1012.5,NA,30.6,38,NA
2021-03-08 17:00:00,1012.2,NA,31.5,34,NA
2021-03-08 18:00:00,1012,NA,31.5,34,NA
2021-03-08 20:00:00,1012,NA,29.7,41,NA
2021-03-08 21:00:00,1012,NA,29,46,NA
2021-03-08 23:00:00,1011.8,NA,25.8,66,NA
2021-03-10 00:00:00,1010.5,NA,24.2,71,NA
2021-03-10 01:00:00,1011,NA,24.6,69,NA
2021-03-10 02:00:00,1011,NA,23.6,73,NA
2021-03-10 03:00:00,1010.6,NA,23,74,NA
2021-03-10 04:00:00,1010.6,NA,21.6,76,NA
2021-03-10 05:00:00,1010.6,NA,22.1,75,NA
2021-03-10 06:00:00,1010.2,NA,21.7,79,NA
2021-03-10 07:00:00,1009.8,NA,20.5,82,NA
2021-03-10 08:00:00,1009.8,NA,20.4,82,NA
2021-03-10 09:00:00,1009.7,NA,20.2,83,NA
2021-03-10 10:00:00,1010.1,NA,19.8,87,NA
2021-03-10 11:00:00,1010.3,NA,21.4,78,NA
2021-03-10 12:00:00,1010.1,NA,24.9,68,NA
2021-03-10 13:00:00,1010.1,NA,27.8,56,NA
2021-03-10 14:00:00,1010,NA,29.6,49,NA
2021-03-10 15:00:00,1009.4,NA,31.6,42,NA
2021-03-10 16:00:00,1008.6,NA,32.1,39,NA
2021-03-10 17:00:00,1007.8,NA,32.8,37,NA
2021-03-10 18:00:00,1007,NA,33.3,35,NA
2021-03-10 19:00:00,1005.8,NA,33.1,35,NA
2021-03-10 20:00:00,1005.2,NA,32.9,38,NA
2021-03-10 21:00:00,1005.2,NA,31.8,43,NA
2021-03-10 22:00:00,1005.3,NA,29.4,47,NA
2021-03-10 23:00:00,1005.6,NA,27.4,56,NA
2021-03-12 00:00:00,1010.6,NA,24.1,75,NA
2021-03-12 01:00:00,1010.8,NA,24.3,71,NA
2021-03-12 02:00:00,1010.8,NA,21.6,81,NA
2021-03-12 03:00:00,1011.3,NA,20.7,82,NA
2021-03-12 04:00:00,1011.8,NA,22.1,76,NA
2021-03-12 05:00:00,1011.6,NA,21.5,79,NA
2021-03-12 06:00:00,1011.3,NA,19.4,85,NA
2021-03-12 07:00:00,1011.3,NA,18.8,83,NA
2021-03-12 08:00:00,1011,NA,17.6,90,NA
2021-03-12 09:00:00,1011.2,NA,20.3,86,NA
2021-03-12 10:00:00,1011.4,NA,20.1,87,NA
2021-03-12 11:00:00,1012.6,NA,21.2,83,NA
2021-03-12 12:00:00,1013.2,NA,22.9,72,NA
2021-03-12 13:00:00,1013.8,NA,24.7,65,NA
2021-03-12 14:00:00,1014.1,NA,26.3,62,NA
2021-03-12 15:00:00,1013.8,NA,27.8,59,NA
2021-03-12 16:00:00,1013,NA,28.9,56,NA
2021-03-12 17:00:00,1012.6,NA,30.1,52,NA
2021-03-12 18:00:00,1012.1,NA,31.3,47,NA
2021-03-12 19:00:00,1011.4,NA,30.8,46,NA
2021-03-12 20:00:00,1011.3,NA,29.7,52,NA
2021-03-12 21:00:00,1011.2,NA,28.7,57,NA
2021-03-12 22:00:00,1011.3,NA,26.8,65,NA
2021-03-12 23:00:00,1011.4,NA,25.2,70,NA
2021-03-15 12:00:00,1013.6,NA,19.3,82,NA
2021-03-15 13:00:00,1012.9,NA,21.7,66,NA
2021-03-15 14:00:00,1012.5,NA,22.3,68,NA
2021-03-15 15:00:00,1012.5,NA,23.2,64,NA
2021-03-15 16:00:00,1012.1,NA,22.8,69,NA
2021-03-15 17:00:00,1011.3,NA,23.5,69,NA
2021-03-15 18:00:00,1010.9,NA,23.8,71,NA
2021-03-17 00:00:00,1004.5,NA,20.7,84,NA
2021-03-17 01:00:00,1005.4,NA,20.7,87,NA
2021-03-17 02:00:00,1006.6,NA,19.9,86,NA
2021-03-17 03:00:00,1007.2,NA,19.6,86,NA
2021-03-17 04:00:00,1007.8,NA,19,91,NA
2021-03-17 05:00:00,1008.2,NA,19.3,86,NA
2021-03-17 06:00:00,1008.5,NA,19,90,NA
2021-03-17 07:00:00,1009,NA,18.8,88,NA
2021-03-17 08:00:00,1009.4,NA,18.4,87,NA
2021-03-17 09:00:00,1009.7,NA,16.9,92,NA
2021-03-17 10:00:00,1010.6,NA,17.3,92,NA
2021-03-17 11:00:00,1011.7,NA,17.8,89,NA
2021-03-17 12:00:00,1012.2,NA,19.6,82,NA
2021-03-19 00:00:00,1014.9,NA,17.5,69,NA
2021-03-19 01:00:00,1015.4,NA,16.4,72,NA
2021-03-19 02:00:00,1015.6,NA,15.9,71,NA
2021-03-19 03:00:00,1015.4,NA,15.4,73,NA
2021-03-19 04:00:00,1015.4,NA,15.4,71,NA
2021-03-19 05:00:00,1015.6,NA,13.8,81,NA
2021-03-19 06:00:00,1015.3,NA,12.4,88,NA
2021-03-19 07:00:00,1014.4,NA,14.3,80,NA
2021-03-19 08:00:00,1014,NA,15,79,NA
2021-03-19 09:00:00,1014,NA,14.4,83,NA
2021-03-19 10:00:00,1013.9,NA,14.4,84,NA
2021-03-19 11:00:00,1013.8,NA,15.5,83,NA
2021-03-19 12:00:00,1014,NA,16.8,73,NA
2021-03-19 13:00:00,1013.8,NA,18.9,66,NA
2021-03-19 14:00:00,1013.6,NA,21.2,58,NA
2021-03-19 15:00:00,1013.3,NA,22.2,55,NA
2021-03-19 16:00:00,1012.1,NA,22.5,56,NA
2021-03-19 17:00:00,1010.9,NA,23.3,55,NA
2021-03-19 18:00:00,1010.2,NA,23,58,NA
2021-03-19 20:00:00,1008.5,NA,22.8,59,NA
2021-03-19 21:00:00,1009,NA,22.5,62,NA
2021-03-19 22:00:00,1008.6,NA,21.8,68,NA
2021-03-19 23:00:00,1008.6,NA,20.9,70,NA
2021-03-21 00:00:00,1013.4,NA,20.9,88,NA
2021-03-21 01:00:00,1014.9,NA,19.6,94,NA
2021-03-21 02:00:00,1015.3,NA,18.6,93,NA
2021-03-21 03:00:00,1015.7,NA,17.4,95,NA
2021-03-21 04:00:00,1016.8,NA,15.8,95,NA
2021-03-21 05:00:00,1016.9,NA,15.6,95,NA
2021-03-21 06:00:00,1016.8,NA,14.8,96,NA
2021-03-21 07:00:00,1016.5,NA,13.8,97,NA
2021-03-21 08:00:00,1016.5,NA,14,96,NA
2021-03-21 09:00:00,1016.4,NA,14.3,97,NA
2021-03-21 10:00:00,1017.3,NA,13.9,96,NA
2021-03-21 11:00:00,1017.8,NA,14.8,95,NA
2021-03-21 12:00:00,1018.5,NA,17,90,NA
2021-03-21 13:00:00,1019,NA,20.4,78,NA
2021-03-21 14:00:00,1019.2,NA,23.4,69,NA
2021-03-21 15:00:00,1019,NA,24,67,NA
2021-03-21 16:00:00,1018.6,NA,24.8,63,NA
2021-03-21 17:00:00,1018.2,NA,26,54,NA
2021-03-21 18:00:00,1017.6,NA,26.9,46,NA
2021-03-21 19:00:00,1017.2,NA,26.8,43,NA
2021-03-21 20:00:00,1016.9,NA,26.4,41,NA
2021-03-21 21:00:00,1016.8,NA,25.8,47,NA
2021-03-21 22:00:00,1017,NA,23.8,57,NA
2021-03-21 23:00:00,1017,NA,22.1,63,NA
2021-03-23 00:00:00,1016.8,NA,19.4,89,NA
2021-03-23 01:00:00,1017.2,NA,18.8,91,NA
2021-03-23 02:00:00,1017.3,NA,17,93,NA
2021-03-23 03:00:00,1017.2,NA,15.7,95,NA
2021-03-23 04:00:00,1017,NA,15.2,96,NA
2021-03-23 05:00:00,1016.6,NA,14.7,96,NA
2021-03-23 06:00:00,1016,NA,13.3,96,NA
2021-03-23 07:00:00,1015.6,NA,13.1,96,NA
2021-03-23 08:00:00,1015.2,NA,12.9,97,NA
2021-03-23 09:00:00,1015.3,NA,11.8,97,NA
2021-03-23 10:00:00,1015.6,NA,11.9,96,NA
2021-03-23 11:00:00,1015.8,NA,12.7,96,NA
2021-03-23 12:00:00,1016,NA,16.4,93,NA
2021-03-23 13:00:00,1015.8,NA,21.3,82,NA
2021-03-23 14:00:00,1015.6,NA,23.6,66,NA
2021-03-23 15:00:00,1015.2,NA,25.3,62,NA
2021-03-23 16:00:00,1014.4,NA,26.4,57,NA
2021-03-23 17:00:00,1013.7,NA,27.1,55,NA
2021-03-23 18:00:00,1012.9,NA,27.4,52,NA
2021-03-23 19:00:00,1012.2,NA,27.7,53,NA
2021-03-23 20:00:00,1011.6,NA,27.4,56,NA
2021-03-23 21:00:00,1011.4,NA,26.8,55,NA
2021-03-23 22:00:00,1011.4,NA,24.9,62,NA
2021-03-23 23:00:00,1011.4,NA,22.7,72,NA
2021-03-25 00:00:00,1009.6,NA,24.7,90,NA
2021-03-25 01:00:00,1010.2,NA,23.9,92,NA
2021-03-25 02:00:00,1010.1,NA,23.4,90,NA
2021-03-25 03:00:00,1009.6,NA,23.6,90,NA
2021-03-25 04:00:00,1009,NA,23.1,90,NA
2021-03-25 05:00:00,1008.6,NA,22.8,91,NA
2021-03-25 06:00:00,1007,NA,22.7,91,NA
2021-03-25 07:00:00,1006.5,NA,23.1,92,NA
2021-03-25 09:00:00,1005.4,NA,23.5,92,NA
2021-03-25 10:00:00,1007,NA,22.4,96,NA
2021-03-25 11:00:00,1005.8,NA,22.5,96,NA
2021-03-25 12:00:00,1006.2,NA,22.3,96,NA
2021-03-25 13:00:00,1006.9,NA,23.4,94,NA
2021-03-25 14:00:00,1005.8,NA,24.4,88,NA
2021-03-25 15:00:00,1006.4,NA,24.8,90,NA
2021-03-25 16:00:00,1007.2,NA,22.9,92,NA
2021-03-25 17:00:00,1007.3,NA,21.7,96,NA
2021-03-25 18:00:00,1007.3,NA,21.7,98,NA
2021-03-25 19:00:00,1007,NA,21.9,96,NA
2021-03-25 20:00:00,1006.6,NA,21.8,98,NA
2021-03-25 21:00:00,1005.2,NA,21.9,95,NA
2021-03-25 22:00:00,1006.6,NA,21.9,95,NA
2021-03-25 23:00:00,1006.1,NA,22.3,91,NA
2021-03-27 00:00:00,1011.8,NA,20.1,81,NA
2021-03-27 01:00:00,1012.2,NA,19.4,76,NA
2021-03-27 02:00:00,1013.3,NA,18.6,85,NA
2021-03-27 03:00:00,1013,NA,18.1,88,NA
2021-03-27 05:00:00,1013.2,NA,16.7,83,NA
2021-03-27 06:00:00,1013,NA,16.6,82,NA
2021-03-27 09:00:00,1012.4,NA,15.8,86,NA
2021-03-27 10:00:00,1012.8,NA,15.4,88,NA
2021-03-27 11:00:00,1013,NA,15.7,87,NA
2021-03-27 12:00:00,1014.4,NA,16,85,NA
2021-03-27 13:00:00,1014,NA,16.4,84,NA
2021-03-27 14:00:00,1014.6,NA,17.2,78,NA
2021-03-27 15:00:00,1014.4,NA,18.7,71,NA
2021-03-27 16:00:00,1014,NA,20.9,65,NA
2021-03-27 17:00:00,1016.3,NA,20.9,62,NA
2021-03-27 18:00:00,1012.6,NA,23.1,55,NA
2021-03-27 19:00:00,1012.2,NA,22.1,58,NA
2021-03-27 20:00:00,1012,NA,22.1,58,NA
2021-03-27 21:00:00,1012,NA,21,62,NA
2021-03-27 22:00:00,1012.2,NA,19.4,67,NA
2021-03-27 23:00:00,1012.2,NA,17.5,78,NA
2021-03-29 00:00:00,1012.9,NA,18.6,80,NA
2021-03-29 01:00:00,1013.4,NA,18.3,80,NA
2021-03-29 02:00:00,1013.8,NA,17.2,83,NA
2021-03-29 03:00:00,1013.8,NA,17.2,83,NA
2021-03-29 04:00:00,1014.2,NA,14.7,91,NA
2021-03-29 06:00:00,1014.2,NA,13.3,91,NA
2021-03-29 07:00:00,1014.1,NA,13.1,93,NA
2021-03-29 08:00:00,1014.2,NA,12.7,96,NA
2021-03-29 09:00:00,1014.4,NA,12.5,95,NA
2021-03-29 10:00:00,1014.6,NA,12.2,96,NA
2021-03-29 11:00:00,1015.4,NA,13.3,96,NA
2021-03-29 12:00:00,1016,NA,15.4,96,NA
2021-03-29 13:00:00,1016.4,NA,18.3,91,NA
2021-03-29 14:00:00,1016,NA,21,80,NA
2021-03-29 15:00:00,1015.8,NA,23.4,71,NA
2021-03-29 16:00:00,1015.3,NA,23.9,70,NA
2021-03-29 17:00:00,1014.5,NA,25.2,64,NA
2021-03-29 18:00:00,1014.2,NA,25.9,60,NA
2021-03-29 19:00:00,1013.8,NA,26.4,56,NA
2021-03-29 20:00:00,1013.7,NA,25.9,56,NA
2021-03-29 21:00:00,1013.7,NA,25.5,56,NA
2021-03-29 22:00:00,1013.7,NA,23.5,65,NA
2021-03-29 23:00:00,1014.2,NA,19.3,85,NA
2021-03-31 00:00:00,1014.1,NA,17.3,85,NA
2021-03-31 01:00:00,1014.5,NA,17.6,85,NA
2021-03-31 02:00:00,1014.6,NA,17,86,NA
2021-03-31 03:00:00,1014.6,NA,16.1,91,NA
2021-03-31 04:00:00,1014.8,NA,16.5,85,NA
2021-03-31 05:00:00,1014.9,NA,15.9,91,NA
2021-03-31 06:00:00,1014.8,NA,15.3,93,NA
2021-03-31 07:00:00,1014.6,NA,13.4,94,NA
2021-03-31 08:00:00,1014.4,NA,14.3,95,NA
2021-03-31 09:00:00,1014.5,NA,14.2,94,NA
2021-03-31 10:00:00,1014.9,NA,14.6,93,NA
2021-03-31 11:00:00,1015.2,NA,16.8,91,NA
2021-03-31 17:00:00,1014.4,NA,25.2,46,NA
2021-03-31 18:00:00,1013.6,NA,26,45,NA
2021-03-31 19:00:00,1013,NA,25.3,46,NA
2021-03-31 20:00:00,1012.5,NA,25.4,46,NA
2021-03-31 21:00:00,1012.4,NA,25.1,48,NA
2021-03-31 22:00:00,1012.8,NA,22,60,NA
2021-03-31 23:00:00,1013,NA,20.6,69,NA
2021-04-02 00:00:00,1013.8,NA,18.2,78,NA
2021-04-02 01:00:00,1014.2,NA,18.5,77,NA
2021-04-02 02:00:00,1014.6,NA,17.8,79,NA
2021-04-02 03:00:00,1014.9,NA,17.9,77,NA
2021-04-02 04:00:00,1015.2,NA,17.9,78,NA
2021-04-02 05:00:00,1015.3,NA,17.7,78,NA
2021-04-02 06:00:00,1015.2,NA,16.1,83,NA
2021-04-02 07:00:00,1015.2,NA,16.3,82,NA
2021-04-02 08:00:00,1015.2,NA,16,83,NA
2021-04-02 09:00:00,1015.2,NA,15.7,84,NA
2021-04-02 10:00:00,1015.6,NA,14.6,85,NA
2021-04-02 11:00:00,1016.1,NA,15.7,84,NA
2021-04-02 12:00:00,1016.6,NA,18.2,81,NA
2021-04-02 13:00:00,1016.9,NA,21.8,64,NA
2021-04-02 14:00:00,1017.2,NA,23.6,53,NA
2021-04-02 15:00:00,1016.8,NA,24.8,49,NA
2021-04-02 16:00:00,1016,NA,25.7,46,NA
2021-04-02 17:00:00,1015.4,NA,26.3,48,NA
2021-04-02 18:00:00,1014.6,NA,25.4,45,NA
2021-04-02 19:00:00,1014.4,NA,25.3,46,NA
2021-04-02 20:00:00,1014,NA,25.8,43,NA
2021-04-02 21:00:00,1014,NA,24.7,47,NA
2021-04-02 22:00:00,1014.1,NA,22.2,57,NA
2021-04-02 23:00:00,1014.4,NA,18.4,76,NA
2021-04-04 00:00:00,1014.5,NA,20.6,76,NA
2021-04-04 01:00:00,1014.9,NA,20.7,73,NA
2021-04-04 02:00:00,1015.3,NA,18.1,86,NA
2021-04-04 03:00:00,1015.2,NA,19,79,NA
2021-04-04 04:00:00,1014.6,NA,18.6,82,NA
2021-04-04 06:00:00,1014.4,NA,14.8,90,NA
2021-04-04 07:00:00,1013.8,NA,14.6,93,NA
2021-04-04 08:00:00,1013.7,NA,14.4,94,NA
2021-04-04 09:00:00,1013.6,NA,14.5,95,NA
2021-04-04 10:00:00,1014.2,NA,16.4,90,NA
2021-04-04 11:00:00,1014.8,NA,18.4,86,NA
2021-04-04 12:00:00,1015,NA,20.8,80,NA
2021-04-04 13:00:00,1014.8,NA,22.1,75,NA
2021-04-04 14:00:00,1014.6,NA,25.2,65,NA
2021-04-04 15:00:00,1014,NA,27.4,58,NA
2021-04-04 17:00:00,1012,NA,28.6,45,NA
2021-04-04 18:00:00,1011.3,NA,28.1,48,NA
2021-04-04 19:00:00,1010.6,NA,28.6,46,NA
2021-04-04 20:00:00,1010.4,NA,28.3,46,NA
2021-04-04 21:00:00,1010.2,NA,27.6,51,NA
2021-04-04 22:00:00,1010.2,NA,23.9,61,NA
2021-04-04 23:00:00,1010.6,NA,20.9,77,NA
2021-04-06 00:00:00,1012,NA,20.9,92,NA
2021-04-06 01:00:00,1012.8,NA,20.5,91,NA
2021-04-06 02:00:00,1012.8,NA,21.3,91,NA
2021-04-06 03:00:00,1013.3,NA,20,93,NA
2021-04-06 04:00:00,1013.7,NA,18.3,96,NA
2021-04-06 05:00:00,1013.8,NA,18,95,NA
2021-04-06 06:00:00,1013.4,NA,17.2,95,NA
2021-04-06 07:00:00,1013.2,NA,16,96,NA
2021-04-06 08:00:00,1013.2,NA,15.4,96,NA
2021-04-06 09:00:00,1013.6,NA,15.6,96,NA
2021-04-06 10:00:00,1013.8,NA,14.7,98,NA
2021-04-06 11:00:00,1014.5,NA,14.9,98,NA
2021-04-06 12:00:00,1015,NA,17.6,95,NA
2021-04-06 13:00:00,1015.2,NA,20.4,92,NA
2021-04-06 14:00:00,1015.2,NA,25.1,70,NA
2021-04-06 15:00:00,1014.8,NA,26.6,65,NA
2021-04-06 16:00:00,1014,NA,27.5,61,NA
2021-04-06 17:00:00,1013.2,NA,27.8,60,NA
2021-04-06 18:00:00,1012.4,NA,28,59,NA
2021-04-06 19:00:00,1012.1,NA,27.8,61,NA
2021-04-06 20:00:00,1011.7,NA,28.6,57,NA
2021-04-06 21:00:00,1011.4,NA,27.9,59,NA
2021-04-06 22:00:00,1011.4,NA,26.1,66,NA
2021-04-06 23:00:00,1011.6,NA,23.4,77,NA
2021-04-08 15:00:00,1007.4,NA,30.4,57,NA
2021-04-08 16:00:00,1006.6,NA,31.2,21,NA
2021-04-08 17:00:00,1005.6,NA,32.6,54,NA
2021-04-08 18:00:00,1004.9,NA,32.6,53,NA
2021-04-08 19:00:00,1004.8,NA,32.7,52,NA
2021-04-08 20:00:00,1004.6,NA,31.7,57,NA
2021-04-08 21:00:00,1004.6,NA,30.7,62,NA
2021-04-08 23:00:00,1005.2,NA,28.2,73,NA
2021-04-13 13:00:00,1020.6,NA,20.4,61,NA
2021-04-13 14:00:00,1020.5,NA,21.2,55,NA
2021-04-13 15:00:00,1020.4,NA,23.1,52,NA
2021-04-13 16:00:00,1019.6,NA,23.3,51,NA
2021-04-13 17:00:00,1018.8,NA,24.1,51,NA
2021-04-13 18:00:00,1017.8,NA,24.1,50,NA
2021-04-13 19:00:00,1017.4,NA,24.1,46,NA
2021-04-13 20:00:00,1017,NA,24.2,49,NA
2021-04-13 21:00:00,1016.8,NA,23.4,54,NA
2021-04-13 22:00:00,1016.5,NA,19.7,75,NA
2021-04-13 23:00:00,1019.6,NA,19.7,74,NA
2021-04-15 00:00:00,1011.2,NA,20.5,74,NA
2021-04-15 01:00:00,1011.4,NA,19.4,82,NA
2021-04-15 02:00:00,1011.4,NA,17.6,89,NA
2021-04-15 03:00:00,1011.6,NA,18,89,NA
2021-04-15 04:00:00,1011.4,NA,17.8,88,NA
2021-04-15 05:00:00,1011.4,NA,16.4,91,NA
2021-04-15 06:00:00,1011,NA,15.9,91,NA
2021-04-15 07:00:00,1010.6,NA,15.5,96,NA
2021-04-15 08:00:00,1010.4,NA,15.8,94,NA
2021-04-15 09:00:00,1010.6,NA,16.4,96,NA
2021-04-15 10:00:00,1011.2,NA,16.6,92,NA
2021-04-15 11:00:00,1011.4,NA,16.1,96,NA
2021-04-15 12:00:00,1012,NA,19.2,95,NA
2021-04-15 13:00:00,1012.6,NA,22.5,76,NA
2021-04-15 14:00:00,1012.8,NA,23.7,75,NA
2021-04-15 15:00:00,1012.2,NA,26.3,51,NA
2021-04-15 16:00:00,1012,NA,27.4,51,NA
2021-04-15 18:00:00,1010.1,NA,28.1,45,NA
2021-04-15 19:00:00,1009.8,NA,27.6,46,NA
2021-04-15 20:00:00,1009.4,NA,27.3,46,NA
2021-04-15 21:00:00,1009.2,NA,26.6,54,NA
2021-04-15 22:00:00,1009.7,NA,24.1,66,NA
2021-04-15 23:00:00,1010.2,NA,23.5,70,NA
2021-04-17 00:00:00,1011.6,NA,21.3,91,NA
2021-04-17 01:00:00,1012.1,NA,19.5,93,NA
2021-04-17 02:00:00,1012.5,NA,18.9,95,NA
2021-04-17 03:00:00,1012.8,NA,19,93,NA
2021-04-17 04:00:00,1013,NA,18.2,96,NA
2021-04-17 05:00:00,1013.2,NA,17.3,95,NA
2021-04-17 06:00:00,1012.9,NA,17.8,95,NA
2021-04-17 07:00:00,1013.2,NA,17.6,98,NA
2021-04-17 08:00:00,1013.3,NA,15.4,98,NA
2021-04-17 09:00:00,1013.4,NA,15.1,98,NA
2021-04-17 10:00:00,1014.4,NA,15.2,96,NA
2021-04-17 11:00:00,1014.8,NA,16.4,95,NA
2021-04-17 12:00:00,1015.3,NA,19.6,94,NA
2021-04-17 13:00:00,1015.8,NA,22.8,82,NA
2021-04-17 14:00:00,1015.7,NA,24.7,74,NA
2021-04-17 15:00:00,1015.2,NA,25.8,69,NA
2021-04-17 16:00:00,1014.5,NA,26.5,63,NA
2021-04-17 17:00:00,1013.6,NA,27.2,51,NA
2021-04-17 18:00:00,1012.8,NA,27.6,56,NA
2021-04-17 19:00:00,1012.1,NA,27.2,61,NA
2021-04-17 20:00:00,1012,NA,26.9,61,NA
2021-04-17 21:00:00,1012,NA,26.4,65,NA
2021-04-17 22:00:00,1012.2,NA,23.6,75,NA
2021-04-17 23:00:00,1012.6,NA,21.3,88,NA
2021-04-19 00:00:00,1013.7,NA,22.7,80,NA
2021-04-19 01:00:00,1014.2,NA,21.9,80,NA
2021-04-19 02:00:00,1014.4,NA,21.6,80,NA
2021-04-19 03:00:00,1014.4,NA,21.5,77,NA
2021-04-19 04:00:00,1014.6,NA,20.6,79,NA
2021-04-19 05:00:00,1014.6,NA,19.7,83,NA
2021-04-19 06:00:00,1014.6,NA,19.5,83,NA
2021-04-19 07:00:00,1014.6,NA,18.6,88,NA
2021-04-19 08:00:00,1014.6,NA,17.7,91,NA
2021-04-19 09:00:00,1014.9,NA,18.1,88,NA
2021-04-19 10:00:00,1015.3,NA,17.7,87,NA
2021-04-19 11:00:00,1015.8,NA,18.2,84,NA
2021-04-19 12:00:00,1016.4,NA,20.3,75,NA
2021-04-19 13:00:00,1016.4,NA,22.3,69,NA
2021-04-19 14:00:00,1016.1,NA,23.8,67,NA
2021-04-19 15:00:00,1015.6,NA,24.8,65,NA
2021-04-19 16:00:00,1014.9,NA,26.4,56,NA
2021-04-19 17:00:00,1014.4,NA,27,55,NA
2021-04-19 18:00:00,1013.7,NA,26.4,52,NA
2021-04-19 20:00:00,1013,NA,27.1,50,NA
2021-04-19 21:00:00,1012.9,NA,26.3,54,NA
2021-04-19 22:00:00,1012.6,NA,24.2,63,NA
2021-04-19 23:00:00,1013.4,NA,22.6,69,NA
2021-04-21 00:00:00,1011.7,NA,21.5,77,NA
2021-04-21 01:00:00,1011.8,NA,20.4,76,NA
2021-04-21 02:00:00,1012,NA,19.9,78,NA
2021-04-21 03:00:00,1011.8,NA,19.6,78,NA
2021-04-21 04:00:00,1011.4,NA,19.1,80,NA
2021-04-21 05:00:00,1011,NA,19.6,78,NA
2021-04-21 06:00:00,1010.6,NA,19.4,79,NA
2021-04-21 07:00:00,1010.2,NA,19.3,81,NA
2021-04-21 08:00:00,1010,NA,18.8,82,NA
2021-04-21 09:00:00,1010.1,NA,18.6,83,NA
2021-04-21 10:00:00,1010.6,NA,18.9,81,NA
2021-04-21 11:00:00,1011.2,NA,18.9,81,NA
2021-04-21 12:00:00,1011.3,NA,20.4,73,NA
2021-04-21 13:00:00,1011,NA,22.6,69,NA
2021-04-21 14:00:00,1011.3,NA,22.5,69,NA
2021-04-21 15:00:00,1012.2,NA,22.8,71,NA
2021-04-21 16:00:00,1010,NA,22.4,73,NA
2021-04-21 17:00:00,1009,NA,23,74,NA
2021-04-21 18:00:00,1008.9,NA,22.6,78,NA
2021-04-21 19:00:00,1010.2,NA,21.4,91,NA
2021-04-21 20:00:00,1005,NA,21.7,88,NA
2021-04-21 21:00:00,1005.6,NA,22.8,81,NA
2021-04-21 22:00:00,1009.4,NA,22,85,NA
2021-04-21 23:00:00,1013,NA,20.7,92,NA
2021-04-23 00:00:00,1010.2,NA,21,85,NA
2021-04-23 01:00:00,1010.6,NA,21.3,80,NA
2021-04-23 02:00:00,1010.6,NA,20.4,87,NA
2021-04-23 03:00:00,1010.6,NA,19.8,88,NA
2021-04-23 04:00:00,1011.2,NA,18.3,93,NA
2021-04-23 05:00:00,1011.6,NA,17.4,95,NA
2021-04-23 06:00:00,1011,NA,16.3,95,NA
2021-04-23 07:00:00,1010.1,NA,16,95,NA
2021-04-28 00:00:00,1016.9,NA,13.8,87,NA
2021-04-28 01:00:00,1017.4,NA,12.9,90,NA
2021-04-28 02:00:00,1017.2,NA,13.1,89,NA
2021-04-28 03:00:00,1017.6,NA,11.9,93,NA
2021-04-28 04:00:00,1017.6,NA,11.2,93,NA
2021-04-28 05:00:00,1017.6,NA,10.5,94,NA
2021-04-28 06:00:00,1017.6,NA,9.7,94,NA
2021-04-28 08:00:00,1017.6,NA,9.4,96,NA
2021-04-28 09:00:00,1018.8,NA,9.5,94,NA
2021-04-28 11:00:00,1019.6,NA,10.4,96,NA
2021-04-28 12:00:00,1020.4,NA,14.2,93,NA
2021-04-28 13:00:00,1020.8,NA,18,75,NA
2021-04-28 14:00:00,1021,NA,20.3,65,NA
2021-04-28 15:00:00,1021.2,NA,21.7,55,NA
2021-04-28 16:00:00,1020.8,NA,22.9,50,NA
2021-04-28 17:00:00,1020.2,NA,23,45,NA
2021-04-28 18:00:00,1019.6,NA,23.8,44,NA
2021-04-28 19:00:00,1019,NA,24,44,NA
2021-04-28 20:00:00,1019.2,NA,23.4,43,NA
2021-04-28 21:00:00,1019.2,NA,21.8,49,NA
2021-04-28 22:00:00,1019.2,NA,18.6,67,NA
2021-04-28 23:00:00,1019.6,NA,16.6,74,NA
2021-04-30 00:00:00,1019,NA,15.8,82,NA
2021-04-30 01:00:00,1019.3,NA,14.5,79,NA
2021-04-30 02:00:00,1019.3,NA,13.4,81,NA
2021-04-30 03:00:00,1019.3,NA,13,88,NA
2021-04-30 04:00:00,1019,NA,12.4,90,NA
2021-04-30 05:00:00,1018.8,NA,10.6,92,NA
2021-04-30 06:00:00,1018.5,NA,10.7,94,NA
2021-04-30 07:00:00,1018,NA,10.3,96,NA
2021-04-30 08:00:00,1017.6,NA,10.1,96,NA
2021-04-30 09:00:00,1017.8,NA,9.7,96,NA
2021-04-30 10:00:00,1018,NA,7.9,96,NA
2021-04-30 11:00:00,1018.1,NA,9.9,93,NA
2021-04-30 12:00:00,1018.2,NA,12.7,93,NA
2021-04-30 13:00:00,1018.4,NA,16.4,79,NA
2021-04-30 14:00:00,1018.2,NA,19.3,66,NA
2021-04-30 15:00:00,1017.6,NA,21.4,55,NA
2021-04-30 16:00:00,1016.8,NA,22.7,52,NA
2021-04-30 17:00:00,1015.7,NA,23.4,50,NA
2021-04-30 18:00:00,1014.4,NA,24.3,41,NA
2021-04-30 19:00:00,1013.2,NA,24.5,41,NA
2021-04-30 20:00:00,1012.6,NA,23.3,46,NA
2021-04-30 21:00:00,1012.5,NA,22.2,49,NA
2021-04-30 22:00:00,1012.8,NA,20.4,59,NA
2021-04-30 23:00:00,1013,NA,17.9,63,NA
2021-05-02 00:00:00,1010.9,NA,21.1,73,NA
2021-05-02 01:00:00,1011.4,NA,20.5,75,NA
2021-05-02 02:00:00,1011.4,NA,20.1,73,NA
2021-05-02 03:00:00,1011.4,NA,19.8,78,NA
2021-05-02 04:00:00,1011.6,NA,18.8,83,NA
2021-05-02 05:00:00,1011.4,NA,19,79,NA
2021-05-02 06:00:00,1011.3,NA,18.9,81,NA
2021-05-02 08:00:00,1011,NA,18,83,NA
2021-05-02 09:00:00,1011,NA,18.3,83,NA
2021-05-02 10:00:00,1011.2,NA,17.7,84,NA
2021-05-02 11:00:00,1011.4,NA,18.3,84,NA
2021-05-02 12:00:00,1011.4,NA,19.3,81,NA
2021-05-02 13:00:00,1012,NA,21.9,72,NA
2021-05-02 14:00:00,1012.1,NA,23.8,64,NA
2021-05-02 15:00:00,1011.4,NA,25.9,60,NA
2021-05-02 16:00:00,1010.2,NA,27.5,57,NA
2021-05-02 17:00:00,1009.3,NA,28.2,53,NA
2021-05-02 18:00:00,1007.8,NA,29.7,52,NA
2021-05-02 19:00:00,1007.6,NA,29.1,53,NA
2021-05-02 20:00:00,1007.2,NA,28.3,59,NA
2021-05-02 21:00:00,1007.3,NA,27.2,64,NA
2021-05-02 22:00:00,1007.3,NA,25.3,69,NA
2021-05-02 23:00:00,1007.3,NA,23.9,76,NA
2021-05-04 00:00:00,1005.8,NA,22.7,91,NA
2021-05-04 01:00:00,1007,NA,22.3,91,NA
2021-05-04 02:00:00,1008.2,NA,21.2,92,NA
2021-05-04 03:00:00,1009.6,NA,19.4,93,NA
2021-05-04 04:00:00,1010.6,NA,18.5,91,NA
2021-05-04 05:00:00,1011.6,NA,17.7,85,NA
2021-05-04 07:00:00,1013.2,NA,16.8,77,NA
2021-05-04 08:00:00,1014.5,NA,16.2,72,NA
2021-05-04 09:00:00,1015.8,NA,15.8,70,NA
2021-05-04 10:00:00,1017,NA,15.2,69,NA
2021-05-04 11:00:00,1018.1,NA,14.9,66,NA
2021-05-04 12:00:00,1019.8,NA,14.7,71,NA
2021-05-04 13:00:00,1020.6,NA,14.9,63,NA
2021-05-04 14:00:00,1021.6,NA,15.2,54,NA
2021-05-04 15:00:00,1021.7,NA,15.9,45,NA
2021-05-04 16:00:00,1022,NA,16.8,37,NA
2021-05-04 17:00:00,1021.2,NA,17.1,34,NA
2021-05-04 18:00:00,1020.9,NA,16.6,36,NA
2021-05-04 19:00:00,1020.8,NA,16.8,38,NA
2021-05-04 20:00:00,1021.2,NA,16.2,41,NA
2021-05-04 21:00:00,1022.4,NA,15.4,45,NA
2021-05-04 22:00:00,1023,NA,14.6,49,NA
2021-05-04 23:00:00,1024,NA,14.1,57,NA
2021-05-06 00:00:00,1023.8,NA,12.1,76,NA
2021-05-06 01:00:00,1024.8,NA,10.2,84,NA
2021-05-06 02:00:00,1025.2,NA,7.7,88,NA
2021-05-06 03:00:00,1025.6,NA,7.3,91,NA
2021-05-06 04:00:00,1025.6,NA,7,91,NA
2021-05-06 05:00:00,1025.4,NA,6.1,92,NA
2021-05-06 06:00:00,1025.2,NA,5.8,94,NA
2021-05-06 07:00:00,1024.8,NA,5.3,94,NA
2021-05-06 08:00:00,1024.8,NA,4.7,95,NA
2021-05-06 09:00:00,1024.8,NA,4.1,96,NA
2021-05-06 10:00:00,1025.4,NA,3.3,95,NA
2021-05-06 11:00:00,1026.1,NA,2.9,94,NA
2021-05-06 12:00:00,1026.4,NA,5.8,92,NA
2021-05-06 13:00:00,1026.8,NA,11.3,76,NA
2021-05-06 14:00:00,1027,NA,14.2,53,NA
2021-05-06 15:00:00,1026.6,NA,15.4,43,NA
2021-05-06 16:00:00,1025.6,NA,16.4,41,NA
2021-05-06 17:00:00,1024.8,NA,17.3,36,NA
2021-05-06 18:00:00,1024.1,NA,18.2,35,NA
2021-05-06 19:00:00,1023.4,NA,18.1,33,NA
2021-05-06 21:00:00,1023,NA,16,45,NA
2021-05-06 22:00:00,1022.9,NA,12.6,55,NA
2021-05-06 23:00:00,1023.6,NA,8.8,77,NA
2021-05-08 00:00:00,1022.8,NA,8.8,83,NA
2021-05-08 01:00:00,1023.2,NA,7.9,87,NA
2021-05-08 03:00:00,1023.6,NA,8.8,86,NA
2021-05-08 04:00:00,1024,NA,8.1,86,NA
2021-05-08 05:00:00,1023.6,NA,7.2,88,NA
2021-05-08 06:00:00,1022.9,NA,7,89,NA
2021-05-08 07:00:00,1022.6,NA,6.3,88,NA
2021-05-08 08:00:00,1022.4,NA,4.4,92,NA
2021-05-08 09:00:00,1022.2,NA,6.2,95,NA
2021-05-08 10:00:00,1022.4,NA,5.8,94,NA
2021-05-08 11:00:00,1022.4,NA,8.2,92,NA
2021-05-08 12:00:00,1023.2,NA,9.9,86,NA
2021-05-08 13:00:00,1023.8,NA,13.1,72,NA
2021-05-08 14:00:00,1024,NA,15.6,63,NA
2021-05-08 15:00:00,1023.3,NA,17.7,56,NA
2021-05-08 16:00:00,1022.4,NA,19.1,54,NA
2021-05-08 17:00:00,1021.2,NA,19.5,47,NA
2021-05-08 18:00:00,1020,NA,20.2,44,NA
2021-05-08 19:00:00,1019.6,NA,20.6,43,NA
2021-05-08 20:00:00,1019,NA,20,44,NA
2021-05-08 21:00:00,1018.6,NA,18.2,51,NA
2021-05-08 22:00:00,1018.9,NA,13.3,77,NA
2021-05-08 23:00:00,1019.6,NA,14.2,70,NA
2021-05-10 00:00:00,1018,NA,16.5,84,NA
2021-05-10 01:00:00,1018.5,NA,16.1,87,NA
2021-05-10 02:00:00,1018.8,NA,16.3,86,NA
2021-05-10 03:00:00,1019.2,NA,15.9,88,NA
2021-05-10 04:00:00,1019.2,NA,15.6,88,NA
2021-05-10 05:00:00,1018.9,NA,15.3,89,NA
2021-05-10 06:00:00,1018.9,NA,13.6,91,NA
2021-05-10 07:00:00,1018.4,NA,11.5,93,NA
2021-05-10 08:00:00,1018.2,NA,10.1,94,NA
2021-05-10 09:00:00,1018.4,NA,9.8,94,NA
2021-05-10 10:00:00,1019,NA,9.6,94,NA
2021-05-10 11:00:00,1020,NA,8.3,96,NA
2021-05-10 12:00:00,1020.8,NA,11.1,94,NA
2021-05-10 13:00:00,1021,NA,14.2,86,NA
2021-05-10 14:00:00,1021.4,NA,17.4,80,NA
2021-05-10 15:00:00,1021.2,NA,19.3,70,NA
2021-05-10 16:00:00,1020.9,NA,20.7,61,NA
2021-05-10 17:00:00,1020.4,NA,19,67,NA
2021-05-10 18:00:00,1020,NA,19.8,58,NA
2021-05-10 19:00:00,1019.7,NA,18.2,54,NA
2021-05-10 20:00:00,1019.8,NA,17.3,59,NA
2021-05-10 21:00:00,1020.1,NA,16.4,68,NA
2021-05-10 22:00:00,1020.8,NA,15.3,76,NA
2021-05-10 23:00:00,1021.6,NA,14.8,80,NA
2021-05-12 00:00:00,1021.6,NA,7.4,86,NA
2021-05-12 01:00:00,1021.8,NA,5.3,88,NA
2021-05-12 02:00:00,1022,NA,5,90,NA
2021-05-12 03:00:00,1022,NA,4.4,92,NA
2021-05-12 04:00:00,1022.2,NA,3.9,93,NA
2021-05-12 05:00:00,1022.4,NA,3,93,NA
2021-05-12 06:00:00,1022,NA,2.6,94,NA
2021-05-12 08:00:00,1020.4,NA,2.3,97,NA
2021-05-12 10:00:00,1021.3,NA,1.3,96,NA
2021-05-12 11:00:00,1021.4,NA,2.4,94,NA
2021-05-12 12:00:00,1022,NA,5.9,92,NA
2021-05-12 13:00:00,1022.2,NA,11.2,74,NA
2021-05-12 14:00:00,1022.4,NA,14.7,57,NA
2021-05-12 15:00:00,1021.7,NA,16.8,48,NA
2021-05-12 16:00:00,1020.6,NA,18.6,40,NA
2021-05-12 17:00:00,1019.4,NA,19.4,38,NA
2021-05-12 18:00:00,1018.8,NA,20.3,33,NA
2021-05-12 19:00:00,1018.6,NA,20.7,36,NA
2021-05-12 20:00:00,1018.4,NA,19.8,38,NA
2021-05-12 21:00:00,1018.2,NA,17.3,45,NA
2021-05-12 23:00:00,1017.8,NA,12.7,59,NA
2021-05-14 00:00:00,1019.6,NA,8.9,90,NA
2021-05-14 01:00:00,1019.6,NA,7.3,94,NA
2021-05-14 02:00:00,1019.7,NA,6.8,92,NA
2021-05-14 03:00:00,1019.8,NA,7.8,92,NA
2021-05-14 04:00:00,1019.6,NA,6.3,94,NA
2021-05-14 06:00:00,1019.4,NA,4.3,95,NA
2021-05-14 07:00:00,1019.2,NA,3.4,95,NA
2021-05-14 08:00:00,1018.8,NA,2.2,94,NA
2021-05-14 09:00:00,1018.8,NA,1.9,96,NA
2021-05-14 10:00:00,1018.8,NA,1.1,96,NA
2021-05-14 11:00:00,1019.4,NA,0.9,96,NA
2021-05-14 12:00:00,1019.7,NA,2.2,94,NA
2021-05-14 13:00:00,1020.1,NA,10.1,89,NA
2021-05-14 14:00:00,1020,NA,15.4,69,NA
2021-05-14 15:00:00,1019.6,NA,18.1,58,NA
2021-05-14 17:00:00,1017.4,NA,20.6,44,NA
2021-05-14 18:00:00,1016.5,NA,21.3,43,NA
2021-05-14 19:00:00,1016,NA,21.1,39,NA
2021-05-14 20:00:00,1015.8,NA,20.6,36,NA
2021-05-14 21:00:00,1015.6,NA,18.5,48,NA
2021-05-14 22:00:00,1016,NA,13.3,69,NA
2021-05-14 23:00:00,1016.5,NA,11.3,85,NA
2021-05-16 00:00:00,1016,NA,13.3,80,NA
2021-05-16 01:00:00,1016.6,NA,10.7,84,NA
2021-05-16 02:00:00,1016.8,NA,9.4,91,NA
2021-05-16 03:00:00,1017,NA,10.2,87,NA
2021-05-16 04:00:00,1017.2,NA,9.3,89,NA
2021-05-16 05:00:00,1016.8,NA,9.7,89,NA
2021-05-16 06:00:00,1016.4,NA,9.6,91,NA
2021-05-16 07:00:00,1015.8,NA,9.4,92,NA
2021-05-16 08:00:00,1015.4,NA,9.1,90,NA
2021-05-16 09:00:00,1015.6,NA,9.3,91,NA
2021-05-16 10:00:00,1016.4,NA,8.4,92,NA
2021-05-16 11:00:00,1017,NA,7.2,92,NA
2021-05-16 12:00:00,1017.3,NA,10.4,89,NA
2021-05-16 13:00:00,1017.6,NA,16.1,74,NA
2021-05-16 14:00:00,1018,NA,19.9,55,NA
2021-05-16 15:00:00,1018,NA,21.8,54,NA
2021-05-16 16:00:00,1017.2,NA,22.7,53,NA
2021-05-16 17:00:00,1016.4,NA,22.9,53,NA
2021-05-16 18:00:00,1016,NA,23.7,50,NA
2021-05-16 19:00:00,1015.7,NA,23,52,NA
2021-05-16 20:00:00,1015.3,NA,22.8,52,NA
2021-05-16 21:00:00,1015.7,NA,19.6,62,NA
2021-05-16 22:00:00,1016,NA,15.2,79,NA
2021-05-16 23:00:00,1016.8,NA,13.4,87,NA
2021-05-18 00:00:00,1018.4,NA,14.4,79,NA
2021-05-18 01:00:00,1018.9,NA,11.8,83,NA
2021-05-18 02:00:00,1018.6,NA,12.7,79,NA
2021-05-18 03:00:00,1018.5,NA,12.8,75,NA
2021-05-18 04:00:00,1018.8,NA,11.7,80,NA
2021-05-18 06:00:00,1018.1,NA,10.1,82,NA
2021-05-18 07:00:00,1018.5,NA,9.5,88,NA
2021-05-18 09:00:00,1017.6,NA,8.1,91,NA
2021-05-18 11:00:00,1018.4,NA,9,90,NA
2021-05-18 12:00:00,1018.4,NA,11.6,85,NA
2021-05-18 13:00:00,1018.5,NA,14.3,71,NA
2021-05-18 14:00:00,1018.4,NA,16.6,60,NA
2021-05-18 16:00:00,1016.9,NA,19.7,52,NA
2021-05-18 17:00:00,1015.8,NA,20.2,51,NA
2021-05-18 18:00:00,1015.4,NA,21.7,50,NA
2021-05-18 20:00:00,1014.4,NA,20.6,45,NA
2021-05-18 21:00:00,1014,NA,20,48,NA
2021-05-18 22:00:00,1014.4,NA,15.4,70,NA
2021-05-18 23:00:00,1014.5,NA,14.5,75,NA
2021-05-20 00:00:00,1009.4,NA,15.8,76,NA
2021-05-20 01:00:00,1009.4,NA,15,79,NA
2021-05-20 02:00:00,1010,NA,14.6,81,NA
2021-05-20 03:00:00,1010.6,NA,14.5,81,NA
2021-05-20 04:00:00,1010.8,NA,14.3,82,NA
2021-05-20 05:00:00,1010.2,NA,14.6,82,NA
2021-05-20 06:00:00,1009.7,NA,15.1,81,NA
2021-05-20 07:00:00,1009.4,NA,14.9,82,NA
2021-05-20 09:00:00,1009.8,NA,14.4,86,NA
2021-05-20 10:00:00,1010.5,NA,14.3,86,NA
2021-05-20 11:00:00,1010.6,NA,13.4,93,NA
2021-05-20 12:00:00,1010.8,NA,13.1,94,NA
2021-05-20 13:00:00,1010.4,NA,13.3,94,NA
2021-05-20 14:00:00,1010.4,NA,13.6,95,NA
2021-05-20 16:00:00,1008.9,NA,14.9,95,NA
2021-05-20 17:00:00,1008.5,NA,14.5,96,NA
2021-05-20 18:00:00,1007.4,NA,15,93,NA
2021-05-20 19:00:00,1007,NA,15.6,93,NA
2021-05-20 20:00:00,1007,NA,16,92,NA
2021-05-20 21:00:00,1006.6,NA,15.8,92,NA
2021-05-20 22:00:00,1007,NA,15.9,94,NA
2021-05-22 00:00:00,1007,NA,12.8,95,NA
2021-05-22 01:00:00,1007,NA,11.9,93,NA
2021-05-22 02:00:00,1007.6,NA,12.1,90,NA
2021-05-22 03:00:00,1007.8,NA,11.9,91,NA
2021-05-22 04:00:00,1007.6,NA,12.4,91,NA
2021-05-22 05:00:00,1007.3,NA,12.3,88,NA
2021-05-22 06:00:00,1007.4,NA,12,90,NA
2021-05-22 08:00:00,1007.3,NA,11.1,91,NA
2021-05-22 09:00:00,1006.9,NA,11.2,88,NA
2021-05-22 10:00:00,1006.6,NA,10.3,88,NA
2021-05-22 11:00:00,1007.6,NA,10.7,87,NA
2021-05-22 12:00:00,1008,NA,10.3,86,NA
2021-05-22 13:00:00,1007.8,NA,11.4,78,NA
2021-05-22 14:00:00,1007.8,NA,12.8,73,NA
2021-05-22 15:00:00,1007.6,NA,13.5,69,NA
2021-05-22 16:00:00,1006.6,NA,13.8,63,NA
2021-05-22 17:00:00,1006.4,NA,12.7,75,NA
2021-05-22 18:00:00,1006.2,NA,11.4,85,NA
2021-05-22 19:00:00,1006.2,NA,11.9,89,NA
2021-05-22 20:00:00,1006.8,NA,12.7,82,NA
2021-05-22 21:00:00,1007.8,NA,12.4,80,NA
2021-05-22 23:00:00,1009.4,NA,11.9,79,NA
2021-05-27 17:00:00,1007.8,NA,23.2,50,NA
2021-05-27 18:00:00,1006.6,NA,24.1,46,NA
2021-05-27 19:00:00,1005.6,NA,24.5,47,NA
2021-05-27 20:00:00,1004.6,NA,22.8,52,NA
2021-05-27 21:00:00,1004.6,NA,19.7,62,NA
2021-05-27 22:00:00,1004.4,NA,17.4,69,NA
2021-05-27 23:00:00,1004.2,NA,16.2,73,NA
2021-05-29 00:00:00,1005.8,NA,12.4,80,NA
2021-05-29 01:00:00,1006.9,NA,11.3,86,NA
2021-05-29 02:00:00,1008,NA,12.9,74,NA
2021-05-29 03:00:00,1009,NA,12.3,76,NA
2021-05-29 04:00:00,1009.4,NA,10.3,82,NA
2021-05-29 05:00:00,1009.8,NA,8.8,88,NA
2021-05-29 07:00:00,1010.8,NA,6.9,91,NA
2021-05-29 08:00:00,1011,NA,7.2,85,NA
2021-05-29 09:00:00,1011.8,NA,8.4,85,NA
2021-05-29 10:00:00,1012.6,NA,9.6,81,NA
2021-05-29 11:00:00,1013.7,NA,11.8,71,NA
2021-05-29 12:00:00,1014.6,NA,12.5,68,NA
2021-05-29 13:00:00,1015.8,NA,14.2,61,NA
2021-05-29 14:00:00,1017,NA,15.7,53,NA
2021-05-29 15:00:00,1017.2,NA,16,53,NA
2021-05-29 16:00:00,1017.2,NA,15.7,53,NA
2021-05-29 17:00:00,1017,NA,16.6,50,NA
2021-05-29 18:00:00,1016.2,NA,17.4,47,NA
2021-05-29 19:00:00,1016.4,NA,17.1,46,NA
2021-05-29 20:00:00,1016.5,NA,16.6,44,NA
2021-05-29 21:00:00,1016.8,NA,15.1,49,NA
2021-05-29 22:00:00,1017.2,NA,11.4,63,NA
2021-05-29 23:00:00,1017.6,NA,9.1,80,NA
2021-05-31 00:00:00,1018,NA,11.4,66,NA
2021-05-31 01:00:00,1018.1,NA,10.3,72,NA
2021-05-31 02:00:00,1018,NA,9.8,74,NA
2021-05-31 03:00:00,1018,NA,9.3,77,NA
2021-05-31 04:00:00,1018,NA,8.8,82,NA
2021-05-31 05:00:00,1017.6,NA,7.2,88,NA
2021-05-31 06:00:00,1017.2,NA,7.7,87,NA
2021-05-31 07:00:00,1016.8,NA,6.8,89,NA
2021-05-31 08:00:00,1016.5,NA,6.2,90,NA
2021-05-31 09:00:00,1017.2,NA,5.4,92,NA
2021-05-31 10:00:00,1016.8,NA,5.8,89,NA
2021-05-31 11:00:00,1017.2,NA,6.3,88,NA
2021-05-31 12:00:00,1017.2,NA,8.8,77,NA
2021-05-31 13:00:00,1017.6,NA,13.9,59,NA
2021-05-31 15:00:00,1017.4,NA,19.2,43,NA
2021-05-31 16:00:00,1016.4,NA,21,38,NA
2021-05-31 17:00:00,1015.2,NA,22.2,36,NA
2021-05-31 18:00:00,1014.6,NA,22.9,32,NA
2021-05-31 19:00:00,1013.8,NA,22.7,30,NA
2021-05-31 20:00:00,1013.6,NA,21.8,38,NA
2021-05-31 21:00:00,1013,NA,18.2,47,NA
2021-05-31 22:00:00,1013,NA,17.6,53,NA
2021-05-31 23:00:00,1013,NA,14.8,63,NA
2021-06-02 00:00:00,1007.4,NA,16,70,NA
2021-06-02 01:00:00,1007.8,NA,14.3,80,NA
2021-06-02 02:00:00,1008.2,NA,12.8,83,NA
2021-06-02 03:00:00,1009,NA,11.3,88,NA
2021-06-02 04:00:00,1009.3,NA,10.9,91,NA
2021-06-02 05:00:00,1009.8,NA,10.1,92,NA
2021-06-02 06:00:00,1010,NA,9.6,93,NA
2021-06-02 07:00:00,1010,NA,8.5,93,NA
2021-06-02 08:00:00,1010.2,NA,8.1,94,NA
2021-06-02 09:00:00,1011,NA,7.9,94,NA
2021-06-02 10:00:00,1012,NA,7.7,94,NA
2021-06-02 11:00:00,1012.9,NA,7.2,94,NA
2021-06-02 12:00:00,1013.8,NA,8.9,91,NA
2021-06-02 13:00:00,1014.9,NA,11.9,87,NA
2021-06-02 14:00:00,1015.3,NA,14.7,77,NA
2021-06-02 15:00:00,1015.2,NA,18.7,64,NA
2021-06-02 16:00:00,1015,NA,20.9,55,NA
2021-06-02 17:00:00,1014.2,NA,22.8,48,NA
2021-06-02 18:00:00,1013.7,NA,23.3,47,NA
2021-06-02 19:00:00,1013.6,NA,23.6,46,NA
2021-06-02 20:00:00,1013.3,NA,22.4,51,NA
2021-06-02 21:00:00,1013.8,NA,20.2,60,NA
2021-06-02 22:00:00,1014.4,NA,16.4,78,NA
2021-06-02 23:00:00,1014.6,NA,17,71,NA
2021-06-04 00:00:00,1008.8,NA,17.7,67,NA
2021-06-04 01:00:00,1009,NA,17.4,66,NA
2021-06-04 02:00:00,1009.2,NA,16.8,70,NA
2021-06-04 03:00:00,1009.3,NA,16.7,73,NA
2021-06-04 04:00:00,1008.9,NA,15.7,78,NA
2021-06-04 05:00:00,1008.2,NA,15.9,74,NA
2021-06-04 06:00:00,1007.4,NA,15.5,80,NA
2021-06-04 07:00:00,1007.2,NA,15.8,80,NA
2021-06-04 08:00:00,1006.5,NA,15.9,82,NA
2021-06-04 09:00:00,1006.5,NA,16.1,87,NA
2021-06-04 11:00:00,1007,NA,16.6,86,NA
2021-06-04 12:00:00,1007.6,NA,17.4,85,NA
2021-06-04 13:00:00,1007.8,NA,19.3,77,NA
2021-06-04 14:00:00,1007.8,NA,20.8,79,NA
2021-06-04 16:00:00,1006.4,NA,23.4,74,NA
2021-06-04 17:00:00,1004.1,NA,25.1,65,NA
2021-06-04 18:00:00,1003.4,NA,26.5,61,NA
2021-06-04 20:00:00,1002.6,NA,27.2,68,NA
2021-06-04 21:00:00,1002.6,NA,25.2,76,NA
2021-06-04 22:00:00,1003.2,NA,23.6,78,NA
2021-06-04 23:00:00,1003.4,NA,22.9,80,NA
2021-06-06 00:00:00,1017.7,NA,11.4,96,NA
2021-06-06 01:00:00,1018.2,NA,10.3,93,NA
2021-06-06 02:00:00,1019,NA,10.1,92,NA
2021-06-06 03:00:00,1019.7,NA,9.2,93,NA
2021-06-06 04:00:00,1020,NA,7.4,96,NA
2021-06-06 05:00:00,1020.1,NA,7,94,NA
2021-06-06 06:00:00,1019.7,NA,6.6,92,NA
2021-06-06 07:00:00,1019.2,NA,9.2,89,NA
2021-06-06 08:00:00,1018.5,NA,9,88,NA
2021-06-06 09:00:00,1018.5,NA,8.6,77,NA
2021-06-06 10:00:00,1018.4,NA,8.4,74,NA
2021-06-06 11:00:00,1019,NA,8.1,75,NA
2021-06-06 12:00:00,1019.2,NA,9.2,67,NA
2021-06-06 13:00:00,1019.6,NA,11.2,61,NA
2021-06-06 14:00:00,1019.8,NA,13.3,52,NA
2021-06-06 15:00:00,1019.2,NA,14.8,46,NA
2021-06-06 16:00:00,1018.5,NA,16,44,NA
2021-06-06 17:00:00,1018.1,NA,16.7,40,NA
2021-06-06 18:00:00,1017.2,NA,17.4,39,NA
2021-06-06 19:00:00,1016.8,NA,17.3,37,NA
2021-06-06 20:00:00,1016.5,NA,17.1,37,NA
2021-06-06 21:00:00,1016.4,NA,14.6,53,NA
2021-06-06 22:00:00,1016.5,NA,13.1,59,NA
2021-06-06 23:00:00,1017,NA,12.7,64,NA
2021-06-08 00:00:00,1017.4,NA,15.5,85,NA
2021-06-08 01:00:00,1017.2,NA,14.3,89,NA
2021-06-08 02:00:00,1017.3,NA,14.6,89,NA
2021-06-08 03:00:00,1017.6,NA,14.3,90,NA
2021-06-08 04:00:00,1017.6,NA,13.3,91,NA
2021-06-08 05:00:00,1017.2,NA,13.4,94,NA
2021-06-08 07:00:00,1016.8,NA,13.2,96,NA
2021-06-08 09:00:00,1016.2,NA,11.4,96,NA
2021-06-08 10:00:00,1016.2,NA,10.4,96,NA
2021-06-10 00:00:00,1013.4,NA,17.5,81,NA
2021-06-10 01:00:00,1014.1,NA,17.3,81,NA
2021-06-10 02:00:00,1014,NA,16.5,83,NA
2021-06-10 03:00:00,1014,NA,16.2,87,NA
2021-06-10 04:00:00,1014.2,NA,15.9,87,NA
2021-06-10 05:00:00,1014.4,NA,15.1,90,NA
2021-06-10 07:00:00,1014.1,NA,14.7,91,NA
2021-06-10 09:00:00,1015.3,NA,14.1,94,NA
2021-06-10 11:00:00,1016.4,NA,13.2,96,NA
2021-06-10 12:00:00,1017.7,NA,14.6,95,NA
2021-06-10 13:00:00,1018.4,NA,16.1,95,NA
2021-06-10 14:00:00,1019.2,NA,19.6,78,NA
2021-06-10 15:00:00,1019.3,NA,20.7,74,NA
2021-06-10 16:00:00,1018.9,NA,21.4,71,NA
2021-06-10 17:00:00,1018.8,NA,22.2,64,NA
2021-06-10 18:00:00,1018.6,NA,22.1,63,NA
2021-06-10 19:00:00,1018.8,NA,21.6,67,NA
2021-06-10 20:00:00,1019.2,NA,20.9,66,NA
2021-06-10 21:00:00,1019.8,NA,19,77,NA
2021-06-10 22:00:00,1020,NA,17.4,75,NA
2021-06-10 23:00:00,1020.4,NA,16.8,73,NA
2021-06-12 00:00:00,1018,NA,10.4,81,NA
2021-06-12 01:00:00,1018.1,NA,9.7,83,NA
2021-06-12 02:00:00,1018.4,NA,10.8,80,NA
2021-06-12 03:00:00,1018,NA,10,85,NA
2021-06-12 04:00:00,1017.3,NA,9.1,88,NA
2021-06-12 05:00:00,1016.9,NA,8.8,90,NA
2021-06-12 06:00:00,1016.4,NA,9.2,89,NA
2021-06-12 07:00:00,1015.6,NA,8.9,91,NA
2021-06-12 08:00:00,1015.6,NA,9,90,NA
2021-06-12 09:00:00,1015.2,NA,9.7,93,NA
2021-06-12 10:00:00,1015.6,NA,9.9,93,NA
2021-06-12 11:00:00,1016,NA,10.2,93,NA
2021-06-12 12:00:00,1015.7,NA,11.3,92,NA
2021-06-12 13:00:00,1016.4,NA,13.9,89,NA
2021-06-12 14:00:00,1016.6,NA,17.7,77,NA
2021-06-12 16:00:00,1015.6,NA,21.2,66,NA
2021-06-12 17:00:00,1014.4,NA,22.2,61,NA
2021-06-12 18:00:00,1013.8,NA,22.8,59,NA
2021-06-12 19:00:00,1013.6,NA,22.9,62,NA
2021-06-12 20:00:00,1013.4,NA,21.8,63,NA
2021-06-12 21:00:00,1013.6,NA,18.7,74,NA
2021-06-12 22:00:00,1014,NA,17.1,79,NA
2021-06-12 23:00:00,1014.1,NA,16.9,82,NA
2021-06-14 00:00:00,1012.4,NA,16.2,78,NA
2021-06-14 01:00:00,1012.8,NA,15.4,81,NA
2021-06-14 02:00:00,1012.9,NA,15.2,82,NA
2021-06-14 03:00:00,1014.1,NA,12.7,88,NA
2021-06-14 04:00:00,1014.9,NA,10.5,92,NA
2021-06-14 05:00:00,1014.8,NA,9.4,93,NA
2021-06-14 06:00:00,1014.6,NA,9.8,93,NA
2021-06-14 07:00:00,1014.4,NA,10.3,93,NA
2021-06-14 08:00:00,1014.6,NA,11.4,92,NA
2021-06-14 09:00:00,1014.6,NA,11.1,92,NA
2021-06-14 10:00:00,1015.2,NA,10.8,91,NA
2021-06-14 11:00:00,1015.8,NA,10.2,89,NA
2021-06-14 12:00:00,1016.6,NA,11.4,88,NA
2021-06-14 13:00:00,1018,NA,14.1,84,NA
2021-06-14 14:00:00,1018.1,NA,15.8,77,NA
2021-06-14 15:00:00,1017.4,NA,17.4,69,NA
2021-06-14 17:00:00,1016.4,NA,21.1,55,NA
2021-06-14 18:00:00,1016.4,NA,21.3,55,NA
2021-06-14 20:00:00,1017.2,NA,19.9,61,NA
2021-06-14 21:00:00,1018.4,NA,16.6,73,NA
2021-06-14 22:00:00,1019.8,NA,14.2,82,NA
2021-06-14 23:00:00,1020.8,NA,13.9,81,NA
2021-06-16 15:00:00,1029.2,NA,8.3,70,NA
2021-06-16 16:00:00,1028.8,NA,9.1,65,NA
2021-06-16 17:00:00,1027.7,NA,9.9,63,NA
2021-06-16 18:00:00,1027.4,NA,10.1,66,NA
2021-06-16 19:00:00,1027.2,NA,10.3,66,NA
2021-06-16 20:00:00,1027,NA,9.9,68,NA
2021-06-16 21:00:00,1027.6,NA,8.1,82,NA
2021-06-16 22:00:00,1028,NA,7.3,87,NA
2021-06-16 23:00:00,1027.8,NA,8.5,83,NA
2021-06-18 00:00:00,1026.5,NA,7.9,79,NA
2021-06-18 01:00:00,1026.8,NA,6,83,NA
2021-06-18 02:00:00,1026.8,NA,5.3,85,NA
2021-06-18 03:00:00,1026.8,NA,6.3,85,NA
2021-06-18 04:00:00,1027.2,NA,4,88,NA
2021-06-18 05:00:00,1027,NA,4.8,92,NA
2021-06-18 06:00:00,1026.8,NA,4.7,90,NA
2021-06-18 08:00:00,1026,NA,3.3,91,NA
2021-06-18 09:00:00,1026,NA,3.2,93,NA
2021-06-18 10:00:00,1026,NA,2.1,94,NA
2021-06-18 11:00:00,1026.4,NA,0.6,94,NA
2021-06-18 12:00:00,1026.8,NA,2.6,94,NA
2021-06-18 13:00:00,1027.2,NA,7.4,87,NA
2021-06-18 14:00:00,1027.3,NA,9.6,76,NA
2021-06-18 15:00:00,1026.4,NA,11.4,64,NA
2021-06-18 16:00:00,1025.3,NA,12.5,56,NA
2021-06-18 17:00:00,1024.4,NA,12,55,NA
2021-06-18 18:00:00,1023.6,NA,12.8,50,NA
2021-06-18 19:00:00,1023.3,NA,12.5,50,NA
2021-06-18 20:00:00,1023.4,NA,12.6,51,NA
2021-06-18 21:00:00,1023.6,NA,11.4,59,NA
2021-06-18 23:00:00,1024.4,NA,9.7,73,NA
2021-06-20 00:00:00,1022.8,NA,8.6,82,NA
2021-06-20 01:00:00,1022.8,NA,7,84,NA
2021-06-20 02:00:00,1022.8,NA,7.4,87,NA
2021-06-20 03:00:00,1023,NA,6.6,89,NA
2021-06-20 05:00:00,1022.4,NA,2.8,93,NA
2021-06-20 06:00:00,1022.8,NA,2,94,NA
2021-06-20 08:00:00,1021.6,NA,3.3,95,NA
2021-06-20 09:00:00,1020.8,NA,4.1,93,NA
2021-06-20 10:00:00,1020.8,NA,3.7,96,NA
2021-06-20 11:00:00,1020.9,NA,2.5,97,NA
2021-06-20 12:00:00,1020.5,NA,5.7,98,NA
2021-06-20 13:00:00,1020.8,NA,8.8,94,NA
2021-06-20 14:00:00,1021.2,NA,12.3,81,NA
2021-06-20 15:00:00,1021.2,NA,14.2,73,NA
2021-06-20 16:00:00,1020.4,NA,15,68,NA
2021-06-20 17:00:00,1018.9,NA,15.1,66,NA
2021-06-20 18:00:00,1018.4,NA,15.9,60,NA
2021-06-20 19:00:00,1018.1,NA,15.5,65,NA
2021-06-20 20:00:00,1017.6,NA,14.8,72,NA
2021-06-20 21:00:00,1017.6,NA,12.9,78,NA
2021-06-20 22:00:00,1018,NA,10.9,94,NA
2021-06-20 23:00:00,1018,NA,9.7,92,NA
2021-06-22 00:00:00,1019.8,NA,11.1,92,NA
2021-06-22 01:00:00,1019.6,NA,11,92,NA
2021-06-22 02:00:00,1019.8,NA,10.9,92,NA
2021-06-22 03:00:00,1020,NA,10.7,92,NA
2021-06-22 04:00:00,1020.1,NA,10.3,92,NA
2021-06-22 06:00:00,1020.4,NA,10.2,94,NA
2021-06-22 07:00:00,1020.1,NA,10.2,96,NA
2021-06-22 08:00:00,1019.8,NA,10,96,NA
2021-06-22 09:00:00,1019.6,NA,9.6,97,NA
2021-06-22 10:00:00,1019.4,NA,9.5,96,NA
2021-06-22 11:00:00,1020,NA,9.1,97,NA
2021-06-22 12:00:00,1020.4,NA,9.2,96,NA
2021-06-22 13:00:00,1020.9,NA,9.5,94,NA
2021-06-22 14:00:00,1021.2,NA,10.3,93,NA
2021-06-24 00:00:00,1008.2,NA,12.4,94,NA
2021-06-24 01:00:00,1008.6,NA,11.8,96,NA
2021-06-24 02:00:00,1008.2,NA,12.2,95,NA
2021-06-24 04:00:00,1007.8,NA,12.9,93,NA
2021-06-24 06:00:00,1008.1,NA,13.1,94,NA
2021-06-24 07:00:00,1008.6,NA,12.5,95,NA
2021-06-24 08:00:00,1008.1,NA,12.1,94,NA
2021-06-24 09:00:00,1008.9,NA,11.4,96,NA
2021-06-24 10:00:00,1010,NA,10.5,93,NA
2021-06-24 11:00:00,1011.2,NA,9.9,96,NA
2021-06-24 12:00:00,1011.7,NA,10.3,94,NA
2021-06-24 13:00:00,1012.5,NA,12.2,90,NA
2021-06-24 14:00:00,1013.3,NA,11.7,90,NA
2021-06-24 15:00:00,1013.6,NA,11.6,91,NA
2021-06-24 16:00:00,1012.8,NA,12.4,84,NA
2021-06-24 17:00:00,1012.2,NA,15,75,NA
2021-06-24 18:00:00,1011.7,NA,16.3,69,NA
2021-06-24 20:00:00,1011.4,NA,16.9,59,NA
2021-06-24 21:00:00,1011.8,NA,14,77,NA
2021-06-24 22:00:00,1012,NA,11.4,83,NA
2021-06-24 23:00:00,1012.8,NA,10.7,86,NA
2021-06-26 00:00:00,1010.2,NA,11.4,90,NA
2021-06-26 01:00:00,1010.4,NA,10.2,89,NA
2021-06-26 02:00:00,1010.8,NA,9.3,93,NA
2021-06-26 03:00:00,1011,NA,8.4,96,NA
2021-06-26 04:00:00,1011.2,NA,10.1,97,NA
2021-06-26 05:00:00,1010.9,NA,11.1,96,NA
2021-06-26 06:00:00,1010.9,NA,11.2,96,NA
2021-06-26 07:00:00,1010.4,NA,10.9,94,NA
2021-06-26 08:00:00,1010.2,NA,10.3,96,NA
2021-06-26 09:00:00,1009.8,NA,10.2,94,NA
2021-06-30 00:00:00,1026.5,NA,3.4,86,NA
2021-06-30 01:00:00,1026.2,NA,2.5,89,NA
2021-06-30 02:00:00,1026.4,NA,1.8,91,NA
2021-06-30 03:00:00,1026.2,NA,0.6,92,NA
2021-06-30 04:00:00,1026,NA,0.9,92,NA
2021-06-30 07:00:00,1025,NA,0.3,95,NA
2021-06-30 09:00:00,1024.6,NA,0.6,94,NA
2021-06-30 10:00:00,1024.4,NA,2.3,93,NA
2021-06-30 11:00:00,1024.6,NA,2.1,92,NA
2021-06-30 12:00:00,1025.2,NA,3.4,90,NA
2021-06-30 13:00:00,1025.6,NA,5.9,84,NA
2021-06-30 14:00:00,1025.6,NA,7.8,77,NA
2021-06-30 15:00:00,1024.8,NA,10.5,65,NA
2021-06-30 16:00:00,1024,NA,12.6,54,NA
2021-06-30 17:00:00,1022.2,NA,13.2,46,NA
2021-06-30 18:00:00,1021.2,NA,12.3,46,NA
2021-06-30 19:00:00,1020.8,NA,12.7,47,NA
2021-06-30 20:00:00,1020.1,NA,12.7,52,NA
2021-06-30 21:00:00,1020.2,NA,11.6,59,NA
2021-06-30 22:00:00,1020,NA,10.5,58,NA
2021-06-30 23:00:00,1020.2,NA,9.8,61,NA
